133.8086 29.6407
135.0847 28.3822
135.1137 27.5921
139.0098 33.5646
136.9231 34.2750
132.8987 32.2041
132.3941 31.9687
135.0905 28.7549
137.1746 30.4456
127.6048 27.9323
137.6173 28.5112
136.7842 32.3044
136.2621 30.5883
133.2052 28.5995
137.3092 28.9767
134.5961 29.0980
135.8624 30.2287
133.4544 31.2688
133.3110 32.3519
137.7168 29.0357
132.8811 32.1795
135.4060 30.1281
135.8130 30.9303
138.5066 29.9929
137.4396 30.0094
136.9032 28.5185
133.0929 30.9080
136.6487 32.6365
136.5367 33.0946
135.9645 28.6508
137.3625 29.6176
138.8548 29.2314
136.9277 28.6340
138.5017 29.0634
137.8451 30.1682
133.0907 28.2715
136.8613 30.3592
137.7674 29.1748
134.6844 29.1504
137.2162 30.1021
136.9344 30.3748
135.7649 31.0291
136.1443 29.3945
134.4904 29.2605
137.6990 29.1920
135.2381 28.5647
136.6356 33.2558
136.8710 30.3920
137.0388 29.1205
136.5268 28.2144
136.0401 32.5751
132.5103 32.1612
133.5445 32.2129
137.6976 28.5850
131.6312 27.3832
137.5135 28.9230
133.5048 28.7700
136.6239 33.1036
137.4321 30.5746
133.6089 26.8334
135.5569 32.7641
132.5842 32.0373
131.8022 30.4895
135.3253 30.0991
132.9180 28.0094
137.3649 30.0371
137.4052 28.6351
138.2325 30.1870
133.4711 31.4212
136.4016 32.6454
136.8405 28.8192
132.7408 30.7215
135.6127 28.0809
137.3627 28.5980
134.3751 29.1501
135.9885 27.9641
137.8942 29.5651
135.7211 29.8766
134.0756 27.5627
138.0176 29.8444
133.5262 31.8025
132.9950 28.4894
136.0095 27.7111
135.5886 30.8149
135.2348 28.2161
138.9771 29.2316
135.9026 28.1133
136.0917 28.1445
132.5070 31.9991
136.4372 29.4547
132.3989 32.1053
127.9046 27.9839
137.0129 28.4486
138.2311 30.0284
128.8848 29.7227
137.5085 28.8379
135.4283 28.4365
138.6489 29.3392
135.6600 30.3465
137.3030 28.5259
134.7931 27.1163
135.1792 28.6771
136.6481 30.2557
132.5192 31.8056
138.8230 29.4524
135.1139 27.7223
135.1772 33.0272
133.4893 28.6979
135.1363 27.4515
137.3011 30.3609
134.1163 30.3431
133.6127 32.0510
135.4304 28.7205
136.7400 30.6313
141.1832 34.8576
135.3167 29.4926
137.5079 34.3465
136.6138 33.0491
136.5933 28.4249
136.2078 28.1953
133.5218 32.2698
133.2008 31.0176
137.3655 30.5095
135.7452 32.5624
137.1965 30.1446
136.4279 28.3365
134.0874 29.4235
138.6491 29.2156
132.0338 30.5466
133.5689 32.2329
132.9367 30.9139
136.3754 29.5604
128.8498 27.5580
136.5696 32.9099
136.2817 29.2734
135.9028 28.4399
135.3433 30.8616
138.0380 30.2958
135.8347 29.8822
137.0697 30.6087
134.8311 28.8982
136.7148 28.0204
135.0013 28.6249
132.9094 31.1640
136.2820 31.7301
136.9912 28.6626
135.5030 30.0338
133.4558 31.3522
138.3185 29.0251
138.5589 28.6114
133.7429 26.4212
135.0961 28.0484
135.8103 32.5539
137.1527 28.8136
132.4481 31.9558
132.4554 31.8860
133.4789 32.3605
136.7241 29.4398
133.5488 31.9894
138.1277 30.3840
133.5871 31.8662
132.1837 30.5001
132.4227 32.1010
132.6574 28.3342
133.1296 32.3206
137.4017 28.8110
134.8120 27.4220
133.5670 31.8209
137.9687 29.9508
138.4944 30.2134
140.4570 33.5978
135.1890 30.1375
133.0175 30.9028
133.4823 31.4010
138.7498 29.2032
138.2057 29.8792
133.0401 28.4096
136.3647 32.3516
133.4236 31.1109
137.9982 30.1280
134.5144 31.3389
133.3227 31.0715
130.4618 28.5345
136.6556 32.8175
135.7144 30.0774
135.5512 30.0351
135.0149 28.7269
136.7085 28.5678
138.4629 28.4560
136.6978 32.7978
133.6925 31.9471
134.6416 28.9015
136.8614 30.5483
133.5691 31.6815
131.2487 30.1557
137.5578 30.2917
135.2843 28.5248
138.1208 29.4593
136.6108 32.0420
138.2683 28.7226
138.1262 28.7583
135.5065 30.2090
136.2704 33.0996
131.7316 30.4332
132.4688 31.9631
138.4233 29.8401
137.2547 30.7181
132.4300 31.9485
138.0892 28.8461
138.6608 29.2310
134.9359 28.7466
134.6725 29.7644
138.3006 29.8747
136.0689 31.4247
136.2510 28.2993
131.3795 27.1540
137.2336 30.4516
137.6598 30.3061
133.2981 31.2095
136.4968 32.6140
137.8282 28.7831
137.5552 28.5953
132.4767 31.3113
136.2370 32.4506
137.4416 30.0428
135.2374 28.5495
137.2331 28.3981
130.1421 26.5297
136.8564 30.3462
135.1237 29.8721
138.0972 29.0601
134.7862 29.8264
136.5580 32.5757
135.2816 28.5708
130.9242 26.8301
137.5509 30.4783
136.8182 29.1438
136.2869 28.4556
134.7568 29.2501
138.0111 28.7224
137.1749 30.2265
133.4726 32.3811
132.9120 32.2804
136.8603 30.6621
127.4613 28.1239
139.6499 34.8579
137.6888 29.3944
135.4083 32.8231
135.1725 27.6464
132.4449 31.9727
131.2207 26.9425
133.7642 32.1978
132.5918 31.6169
135.4650 28.7736
136.1483 28.5464
133.1298 32.0718
136.0165 28.5041
135.1006 27.6392
137.5209 28.6245
138.7838 29.2502
132.5664 31.3602
133.0212 32.2689
136.0686 29.5210
137.2800 30.6237
138.6703 29.5385
137.1816 30.4143
136.4609 32.5848
136.3020 32.3710
138.4232 29.5946
135.6534 29.6645
136.3661 28.2727
135.8820 30.0753
133.5251 31.4290
136.2948 28.1718
133.5255 31.7419
134.5842 29.2294
138.2183 29.9798
138.3299 28.5959
136.9114 28.7499
135.5749 28.2105
132.6324 32.0963
138.3574 29.0191
133.6840 28.7202
136.9102 29.1491
135.3504 27.6020
135.2342 28.7900
135.2778 27.9800
131.5866 27.3387
136.1261 31.5722
137.3002 28.8545
138.0990 29.0603
140.5649 33.0949
138.3863 29.3071
138.6147 28.8068
135.8910 28.3743
138.7982 29.2380
133.4732 28.5288
137.7135 30.4571
131.3907 27.1034
133.9236 29.8898
132.4010 31.8012
133.6458 32.1548
137.7750 28.5816
132.1468 30.5847
136.4275 32.5077
138.0460 30.1862
132.6031 32.2094
136.4180 28.6875
133.9637 28.8996
138.1637 28.9781
138.1875 30.3652
131.1520 27.3409
137.9172 29.9930
136.5358 32.7595
132.5475 32.1432
137.2938 30.3586
135.3233 27.5971
131.4950 27.0092
133.8827 29.9419
134.7496 28.4709
128.9321 27.3795
138.6179 29.7025
133.1351 31.1382
136.6843 33.0168
137.9315 29.4997
138.1785 29.7236
137.5492 30.1100
132.8122 30.8381
138.1710 30.0013
135.5193 28.5698
138.3784 29.1265
138.0122 30.2936
138.1243 30.1407
136.3858 28.3309
132.1990 30.6169
134.1395 30.7047
137.4006 28.7864
135.2789 30.0463
135.1403 28.6122
135.8933 32.5158
134.3809 29.0414
132.3661 31.6192
138.3510 30.2678
135.5477 30.0589
135.5722 28.0703
128.3168 27.1818
134.5467 27.2572
136.6111 33.0644
135.7278 27.8581
133.9936 29.6567
136.8214 32.7807
137.4156 30.5003
137.3329 30.1952
136.8484 28.3821
136.3182 32.5578
137.1743 30.5215
138.8136 29.3839
138.5794 29.7266
135.6925 30.0081
137.4260 30.7818
137.3756 30.0769
137.1898 28.8817
133.8351 32.4430
136.3854 32.8853
127.2645 27.6346
131.1093 29.9131
133.4685 31.6589
138.1104 28.7444
133.1285 30.9290
137.6528 30.3590
133.7088 32.0478
133.1258 32.3580
136.3547 32.7149
137.2372 30.4576
137.8913 28.9386
137.1352 30.4090
136.8284 30.3120
137.3421 28.4716
134.8502 32.0176
129.4761 27.6204
138.3610 32.7236
136.5004 33.3510
133.6330 32.2654
136.6682 30.3824
138.7439 29.0395
136.0136 32.4658
134.4917 28.7831
136.1439 28.5975
134.0232 28.8014
134.2041 29.3330
136.9351 28.3861
133.7409 29.3212
135.4904 28.0455
137.9667 30.3133
136.5676 33.2347
134.0462 29.3468
137.9724 29.9595
134.1283 26.6690
135.8627 27.9102
133.2760 31.1233
133.8875 29.3803
132.1736 27.6905
137.6380 30.1391
137.4210 29.8907
138.2468 29.0073
134.8679 28.8445
134.5350 28.6432
137.3598 30.4267
132.5897 32.1644
136.5099 32.7685
138.5159 29.6464
133.4115 31.2252
138.0277 30.4056
136.0279 28.0311
135.7591 31.2806
136.4139 32.0947
132.6708 31.7132
135.0968 28.4325
135.2433 32.9691
136.5963 28.1207
138.0950 29.3334
132.0981 30.6686
138.1483 28.6298
138.8276 29.2214
131.2294 30.1443
132.6928 31.6579
136.2775 32.8542
132.3262 31.9206
136.3875 32.5645
134.6018 32.9500
137.8327 30.1853
134.6066 29.7171
132.6242 32.2602
132.9796 28.2225
138.6990 28.8561
134.8319 28.9233
137.9312 28.5755
137.2552 28.7892
140.3053 32.9422
138.7456 29.3145
138.3675 29.7110
133.7469 32.2584
133.3150 31.7258
133.6143 32.0709
137.5567 28.6108
137.0784 30.2632
136.9676 30.0729
133.1357 28.1817
135.6313 30.8450
131.9244 28.0826
137.6788 29.0022
135.2612 30.5587
135.9836 28.0517
132.6335 31.9625
137.7657 29.6487
134.4124 29.7630
135.1520 28.1094
137.3848 30.6394
137.0652 28.3184
130.7731 27.6457
136.5761 32.9669
128.3153 29.3087
136.7379 28.9275
134.5159 29.0558
140.9956 33.4775
133.6106 26.4939
138.3102 29.4537
137.2795 28.5466
135.7979 27.8491
134.0420 29.4198
135.5448 28.0828
139.7604 33.7071
131.6240 30.0841
136.6104 28.3268
134.5300 27.3439
132.2549 30.4664
138.4136 34.3960
135.5589 28.8065
133.0850 28.2456
138.0907 29.3958
135.0441 33.2326
139.4600 33.4519
136.3757 32.9046
139.7150 33.1758
134.2233 29.0430
138.4244 29.6183
127.4270 28.0068
132.3708 31.9867
138.4054 30.1916
138.1283 29.5610
135.2235 28.5473
136.7667 30.4299
136.1333 28.3225
137.3652 30.2711
138.8546 29.4240
138.7222 29.5038
137.7385 28.6968
136.3540 27.8460
133.8438 32.4614
134.8821 28.8603
137.8003 29.8570
134.3288 28.6984
135.3789 28.5758
137.1552 28.6569
135.4415 28.6141
137.3862 30.4131
131.9661 26.8712
138.3174 29.7842
127.6143 29.0566
136.8750 28.4019
136.7074 29.2043
132.4420 32.0686
132.4227 32.1045
138.1195 28.5879
135.5835 29.6549
136.9943 30.1836
138.4576 29.1156
138.1148 30.2999
128.0220 28.8658
137.8721 29.7917
138.2259 30.2215
137.5818 30.5956
136.9059 30.6738
135.5217 29.8509
138.0852 30.3844
137.8422 28.9401
138.7167 29.1520
132.5058 32.0902
136.4962 28.0821
133.3413 32.3152
133.5073 31.6717
132.2208 27.6071
138.1825 29.7191
132.7035 32.2548
128.7225 27.5433
135.4121 28.4512
138.6799 29.0396
138.5722 28.7478
139.0331 29.2163
138.7775 32.7031
135.3821 28.4833
135.9923 28.3413
135.4362 28.5296
137.9272 28.5844
134.4047 28.8229
138.4435 29.8763
138.7430 29.3948
138.6001 29.9394
133.3766 31.3179
133.8540 33.0370
135.9612 28.2497
135.8437 28.3254
135.6779 29.6877
138.8105 29.5653
136.3398 29.3438
138.7615 29.6665
133.5430 31.9034
138.6004 29.5052
133.4416 31.3394
131.8075 27.5247
135.1875 27.7670
133.4360 31.5160
133.3573 31.1956
135.1028 30.4248
135.5317 30.1412
137.4839 30.1442
133.1413 32.3247
131.2158 30.4939
138.0279 29.5777
133.3271 31.1134
133.5339 32.0854
132.3553 31.9825
138.2027 30.2348
137.3454 30.3362
135.7045 30.3326
132.8451 32.2145
127.9544 27.6573
138.7936 29.1883
132.7275 32.1794
135.4449 27.4353
138.7705 28.9175
137.4811 30.1910
138.1314 29.8514
133.5724 31.4393
133.4396 29.0118
138.7676 29.0004
137.3829 29.0468
138.2799 30.0221
136.7200 30.3642
133.9174 29.4038
133.4989 31.4136
131.4228 27.2125
136.3342 31.8073
138.6761 30.1460
136.6879 32.6281
137.9922 30.4840
138.7668 28.8858
135.7987 32.5093
138.6572 29.6594
138.4323 29.0893
135.7564 30.6927
135.2809 32.8513
136.2907 30.4963
131.2520 29.7326
135.4865 32.7424
138.1900 28.6146
135.4600 32.8979
139.3808 33.2812
138.4042 30.2382
136.4107 30.5367
136.7263 32.5595
136.6656 33.0569
139.1777 29.3798
138.5020 29.0848
136.5832 29.4581
135.4489 31.1559
136.7997 30.1641
136.1576 32.3632
130.7323 29.6028
136.0774 32.5325
136.4917 32.4581
136.5556 32.6828
128.7929 29.7984
136.6239 30.0546
128.5068 28.3425
138.9817 29.7259
135.2401 32.9420
138.2296 28.8750
136.1904 29.6315
136.3678 30.7645
136.8004 30.9009
136.3376 33.1284
137.8656 30.5990
138.3918 29.3540
138.5212 29.8324
135.7723 31.2049
136.1366 32.3985
136.5002 30.3083
137.8423 30.2598
129.0434 29.5066
138.0478 29.5364
140.6708 33.7860
137.1553 30.8858
128.7294 29.1196
136.5126 30.1549
135.7459 30.5354
136.3367 31.7068
136.8400 29.8032
131.7966 30.2186
137.7843 29.2097
136.4163 29.5735
138.0360 30.0189
136.6554 33.0150
128.6532 29.0305
137.3086 30.7112
135.7740 30.0106
138.5687 30.2763
136.4718 28.1464
139.4330 33.0470
136.3297 32.6161
131.6971 30.3020
137.0533 28.6679
136.7861 32.4128
137.9960 30.0288
127.8145 28.7782
137.1013 28.6242
135.3031 33.2659
137.4730 29.3391
141.4313 34.3863
136.8570 29.7800
140.8160 33.1097
138.0975 29.9786
141.1649 33.5378
136.6889 30.0290
138.3238 29.0653
136.8782 29.9397
139.2847 33.5526
139.1032 29.1751
138.2657 29.2271
136.0529 29.7137
138.8041 28.8770
135.9875 31.4792
136.4694 32.3836
137.6936 29.4878
138.0949 28.5891
135.7003 30.5401
136.1875 33.0823
139.5204 34.9338
136.5408 28.2909
137.7995 30.5252
138.4721 29.3494
134.9760 33.1603
135.7839 31.0795
140.0865 33.0466
137.9392 29.8750
138.6102 30.2126
138.4488 28.7745
135.4338 32.8103
136.2561 29.6240
135.9733 31.2700
135.8259 32.5426
136.7061 29.4639
135.7888 30.1211
137.0020 34.2713
135.7241 30.5021
132.4241 30.5826
136.6547 32.5477
136.1973 32.4630
135.9396 32.4624
135.8524 29.9342
139.1781 33.5486
139.2209 33.5661
136.6811 29.5168
138.9927 29.5505
136.7934 33.0774
136.2085 32.3459
136.3163 32.3591
135.8852 30.1900
135.0746 32.9793
135.9609 31.3790
131.8992 30.4077
136.5875 32.5474
137.1229 30.4146
136.6918 32.7611
139.8006 34.6729
136.6896 30.1638
136.7733 32.7813
138.6785 34.3804
141.3298 33.9674
136.1377 29.6691
128.8279 29.3211
135.0509 33.2940
138.9858 34.5017
135.4671 32.7649
140.7073 33.6870
138.7001 29.8004
136.0775 29.7274
137.1000 30.0096
134.9927 33.1174
136.7167 32.8093
136.5309 29.5193
139.0921 34.5988
136.3362 32.3915
135.8416 32.4801
138.4864 30.1609
137.3874 30.2847
135.1916 33.1676
139.0011 29.1605
135.7158 32.6282
136.4653 31.8917
136.6726 29.4513
138.1517 34.3586
138.8974 29.4511
136.2594 29.5715
131.6228 30.1508
136.2270 32.4120
135.0438 33.0365
138.6953 29.2962
136.2080 32.3950
136.1445 32.4334
134.6506 29.0461
136.2468 30.3534
132.2603 30.5267
135.8464 29.8633
139.7151 34.7905
138.3696 30.2878
135.8618 30.2565
137.4915 30.0203
136.5843 32.4718
135.2821 33.1226
136.3931 30.3339
138.6037 29.4106
136.5651 33.1584
135.9750 32.3986
136.5706 32.4357
136.0621 31.4631
135.8548 32.4967
137.9007 29.2739
135.7964 32.5420
138.1728 29.2864
138.9321 29.8477
136.7740 33.0596
137.1820 30.0006
128.5457 28.2811
127.7886 27.9062
137.0594 30.0285
136.8191 30.1421
128.8822 28.2886
136.7005 32.7259
136.4385 29.5677
136.4723 32.4191
139.0864 29.4341
138.2809 34.3800
136.7470 33.0065
136.8738 32.9679
139.0156 29.6109
140.6367 33.7933
130.9467 29.5131
138.6674 29.6510
140.1387 34.4019
138.3350 30.0645
135.9707 32.4476
138.5798 30.0164
136.6632 33.1167
127.9326 28.8293
138.4745 29.3602
131.7881 30.3990
138.0857 29.2185
136.2348 32.3597
136.7015 32.6554
138.3607 29.9782
136.5018 32.4034
136.7402 32.7887
136.5676 32.3985
136.0265 32.4476
136.7416 29.4541
137.1067 29.6657
138.6193 29.4238
134.8834 29.1966
135.4112 33.2784
136.0210 32.7157
135.0198 33.1380
132.2594 30.4611
136.0752 32.4805
136.2927 28.8009
138.5452 29.9755
141.3646 33.7994
135.9526 28.3056
138.5476 34.8702
136.3915 33.1068
134.7080 27.1732
132.1605 28.2167
136.7480 28.8914
128.8942 30.0287
137.3542 28.7650
135.5823 28.6855
127.7713 28.9561
128.9550 28.1619
129.0890 28.6578
135.8894 33.1969
135.5046 27.6784
137.3232 30.1130
135.4486 29.5394
136.5444 32.6149
133.2073 32.3237
135.2978 29.1742
139.7306 32.8536
136.7362 30.6638
138.0447 29.1851
135.5201 33.3799
133.8031 30.4464
135.8616 29.8567
136.0520 30.0336
136.7018 30.7426
136.6701 33.2913
139.0394 29.6350
138.3435 29.2993
137.5984 30.5329
131.9476 31.7269
137.5757 34.4556
139.1985 34.6043
136.2611 28.1268
133.1924 32.8499
138.7254 29.1959
126.1057 31.8411
129.5015 27.5750
135.5013 28.0430
128.0235 28.0907
138.4584 29.2811
136.7196 30.1560
139.4506 33.5086
138.6762 29.2003
136.7702 28.2018
135.9901 32.5766
138.9797 28.7525
137.0917 34.3585
139.1385 32.7349
135.6993 28.2340
139.6069 35.1436
136.4915 32.6678
134.1919 32.3885
136.1472 29.6910
134.5747 29.2656
138.4750 34.4124
137.7593 29.2448
134.9583 33.1858
132.1479 30.5790
137.1144 30.0304
135.2689 33.2160
137.9953 28.3592
136.9568 30.6967
136.7391 34.2352
136.0127 28.8832
135.5653 33.4733
136.5388 28.5934
136.3453 32.9081
136.7102 32.8247
134.6927 31.8321
139.6157 33.7016
136.5368 28.3766
138.6758 29.5351
134.9664 28.8832
135.7350 28.9661
135.7770 30.5743
135.2817 28.6755
138.8073 29.0143
135.5253 28.0427
138.4796 29.6230
128.6781 28.1612
138.8634 29.4105
137.2527 30.7903
137.7170 30.2489
138.8319 29.3000
136.5399 28.6870
136.0485 29.8219
138.4798 28.8183
128.8840 28.6982
135.2468 28.9576
134.8401 27.5286
136.5037 32.5730
138.6541 29.2489
131.0227 29.6995
138.6808 29.4382
138.4178 29.8520
139.2320 33.4271
136.1523 27.9379
138.9155 29.4723
135.1651 30.3221
137.1917 30.5099
128.3866 28.2723
135.1712 33.1483
139.0504 32.7545
135.9169 31.2514
137.7013 29.8612
133.9633 29.9898
132.7367 27.6875
137.0766 30.7474
135.1286 33.1204
138.2836 29.7819
135.2464 27.5185
136.9656 28.9468
135.7926 30.6815
136.8739 33.0268
132.3518 31.6971
135.4029 28.5564
137.9208 30.1467
135.2168 29.5433
136.7538 33.0229
131.4998 29.7771
131.0405 29.7333
135.2786 28.3867
135.7101 32.6171
132.5351 31.8832
136.4248 34.0646
137.6178 28.8700
138.8791 29.1714
137.7140 28.9227
138.8213 29.4386
127.8330 28.0552
136.6712 28.2785
136.3982 30.5166
133.2071 28.3589
137.6630 29.9746
133.0131 28.1095
138.2409 29.5590
135.9072 29.6672
138.6525 32.7242
135.9605 30.1662
136.8362 30.4657
137.7480 30.4232
138.2816 30.0016
132.7672 32.2830
135.3713 32.8051
137.2416 30.7054
136.7448 32.9679
139.6434 33.2820
136.1827 32.4435
135.3966 27.6027
137.1952 28.3460
137.3536 29.8326
134.0078 29.2640
136.2774 28.1551
135.6824 30.4103
138.0970 28.9804
133.4476 31.3333
138.2156 29.0203
127.7033 28.0805
134.2218 31.1260
135.7460 27.9950
134.9856 28.3869
133.6156 31.8079
136.9441 30.1110
136.7225 28.2748
135.6055 33.3058
138.7401 29.0721
138.9203 29.6604
136.7145 33.2135
138.7653 34.3892
137.8977 28.8657
128.0465 28.7894
136.5381 33.2223
137.8128 30.4248
135.9463 28.9142
137.5527 30.4182
137.5618 30.4817
138.1084 29.7134
133.3876 28.7817
133.3613 28.4601
137.3357 29.9448
138.3692 30.2494
133.4864 31.4083
132.1260 30.4677
137.5819 30.0343
137.7913 30.1643
138.7724 29.3343
136.9681 33.4559
136.4935 32.5705
137.0383 30.2742
132.7162 27.8622
135.6958 31.0818
128.0233 28.9615
138.1258 30.5621
130.9571 29.9247
133.4614 32.3783
138.8062 29.3010
136.0131 29.6873
133.2001 28.3353
135.4477 27.9813
136.0926 32.5029
137.1293 28.3832
137.6393 30.5328
133.8212 29.5336
138.3621 29.7234
136.7272 32.9491
135.4416 32.7271
135.4515 30.1347
134.8399 27.6044
138.0293 28.9699
135.0609 28.5252
132.4367 31.9200
136.7072 32.8287
135.3750 28.1640
138.0148 29.5158
136.7699 30.3382
137.4499 30.4372
137.5390 30.0372
137.1664 28.8791
134.8452 29.9999
139.0008 33.5291
132.5071 32.1393
137.7458 34.4510
129.7544 27.8585
137.0961 30.3680
137.4583 28.9913
138.3113 32.8079
136.6117 33.1677
134.1634 28.7388
134.6287 28.8861
135.7206 27.7771
133.0578 32.3020
133.6724 29.4090
138.3206 29.8701
137.6300 30.0095
133.5896 32.1518
137.6483 30.2364
137.0310 29.0330
135.7534 30.7979
138.4763 29.6237
132.4816 31.7175
137.2205 28.9340
136.9256 30.2885
136.4250 28.2425
138.4789 29.1289
137.9195 29.6852
135.2930 27.9944
137.6109 29.6955
137.6180 30.4592
133.6426 31.9474
136.9718 30.4706
139.8156 34.5663
135.7338 27.9416
133.4893 31.6032
133.4174 31.2248
136.5699 29.3184
137.6610 30.5091
137.1040 30.4643
137.0561 30.5563
138.4956 29.7916
134.8523 27.3780
132.5318 32.1064
135.2020 27.6470
137.5449 28.9471
138.3691 34.4193
135.6298 31.0457
132.5063 32.1297
138.1629 29.7829
135.2979 28.0339
132.8698 32.1707
136.8136 33.1407
133.7697 28.8378
138.2596 29.7479
137.6793 28.9683
134.5768 28.9504
135.9697 28.4864
134.3910 31.2803
138.5462 28.8241
137.3422 30.5563
133.4549 29.3748
138.4029 29.7298
127.6423 27.8384
132.4260 31.9593
127.8479 27.7768
137.8971 30.4154
138.4428 29.6819
137.4939 28.7391
138.5499 29.1533
133.8549 29.4215
136.9041 29.3025
137.1044 28.3609
137.2390 28.8766
134.7495 27.0146
137.6743 28.9761
133.4588 28.5607
137.8174 28.9248
133.5548 31.9601
136.3483 32.7719
138.2945 30.0251
138.2137 30.2714
138.2121 28.8370
136.8767 30.4454
129.0613 27.2968
138.7281 29.1897
137.8435 29.9351
136.3664 33.0737
137.3894 30.0777
135.6803 28.0918
137.6832 29.9913
136.1492 29.8182
137.1461 30.3671
134.3514 29.3207
132.1120 30.4961
137.5381 30.5473
138.2211 30.3321
137.4613 30.2152
136.9626 28.5750
134.0560 30.2006
137.5213 30.1081
127.7735 28.7089
134.2453 28.8574
138.1783 29.0418
136.3571 32.8953
136.8802 28.9265
131.3215 27.0421
131.3200 26.7935
137.1378 28.7022
133.5485 31.8890
128.2491 29.1550
135.3126 27.6956
135.9222 28.4775
133.1383 28.2502
137.1961 30.3713
133.9888 32.4747
138.5994 29.2363
133.0348 30.9777
137.2797 30.0221
127.9809 27.3839
136.0636 28.0228
134.0355 30.3312
135.4770 33.2419
136.5290 30.4224
138.8466 29.4072
135.6797 28.1413
138.8988 29.3762
133.6823 32.0709
136.8752 32.9469
127.8853 28.8503
134.1956 29.5175
135.6018 28.5410
133.8064 31.9505
136.5967 30.4322
135.6891 31.0733
137.6608 28.9980
135.7209 30.0948
136.5964 32.5640
136.6083 33.0385
136.3415 32.6803
135.7430 30.1480
135.4083 28.7568
136.6367 33.1638
137.5060 29.6377
133.8314 28.8239
134.0044 28.8137
135.0024 28.4093
135.1918 29.8669
136.8190 33.0390
127.7699 28.1395
135.7545 30.0894
132.8479 30.8039
127.8697 27.7010
131.2967 29.9987
135.6998 30.8143
136.8319 30.1657
135.7945 28.6129
132.3480 28.0142
133.6385 32.0643
135.6282 28.2740
137.7675 29.3131
131.5215 29.9417
135.7325 30.4382
136.5369 32.6078
136.8643 33.1152
137.2696 29.1912
128.1501 28.3616
131.2997 29.8789
136.3937 32.7527
127.8831 28.7072
136.8893 33.0162
139.0142 29.3104
135.7633 29.9652
136.6920 33.2336
137.4157 29.9076
135.3869 30.5784
138.0013 34.3231
133.4720 32.3506
135.9980 28.9570
138.0209 30.1985
137.3816 30.7416
133.3257 31.3549
134.3233 30.8866
127.7931 27.9999
135.2003 33.2181
133.1685 31.0990
139.1800 33.5022
127.8948 28.6261
134.1669 31.1805
136.0798 28.6542
138.6908 29.4265
135.3051 28.6915
136.6074 33.2560
137.3557 29.9433
136.1940 28.6064
135.7648 30.9627
131.8175 30.0912
132.6621 30.6385
138.9942 29.5055
135.7412 30.3403
136.8725 28.7195
137.8895 28.7190
139.3502 33.2607
138.8643 29.8290
135.7456 30.0660
136.9113 28.3811
131.4138 29.8695
137.0460 30.3546
133.6155 28.6785
132.4210 30.6452
137.3710 30.5535
135.8526 28.4810
137.3413 30.8164
137.6819 29.6053
136.5983 32.5322
135.3451 30.5584
137.3339 28.4436
135.8582 31.1223
135.2441 32.8967
138.9896 29.3945
138.2012 29.8618
138.9324 29.4862
131.1760 29.5895
136.1527 28.5992
136.9529 29.3138
135.7140 30.3683
132.8713 32.2903
136.4536 32.4664
136.1210 31.7608
133.6272 31.7532
132.3301 31.7997
134.5379 29.3828
132.1826 27.8504
136.3057 28.8338
132.4628 30.6466
136.6903 32.9888
136.6411 32.9707
132.5069 32.1631
136.5284 30.0730
136.3424 33.0675
136.8530 29.8413
136.0488 30.6659
138.5043 29.6244
136.8282 33.1960
138.4984 29.9863
136.6255 30.9617
135.0702 33.1646
137.4984 30.1302
136.6559 32.5949
136.1981 30.3129
134.9491 33.1803
137.1273 31.0158
137.7263 30.8442
136.2276 32.8757
138.6774 30.3002
136.2594 32.8116
140.3208 33.0956
137.1984 30.9919
138.7747 30.0691
136.2589 30.8598
135.2768 33.1769
135.9999 30.6331
135.0062 33.0782
137.3433 30.2189
136.5235 32.9574
137.1445 30.5391
136.8764 31.0257
135.8165 30.8946
137.0039 31.0172
136.9143 32.9274
137.1745 34.4077
138.7345 30.2217
136.5457 29.6485
135.2509 33.0137
137.7789 30.8469
136.1712 32.4219
137.2199 30.4322
136.5089 30.0413
136.8136 33.2827
136.4682 33.2516
137.4143 29.4937
137.2793 30.1147
137.3445 30.4176
137.0566 34.3763
137.3381 30.1168
136.1291 32.8813
136.4197 30.2251
137.2092 30.0881
136.3491 30.8193
138.5917 30.3961
137.1218 31.0208
135.1775 33.4254
137.2664 30.0038
137.0609 30.6341
136.3530 31.7364
135.6109 32.6674
137.5414 30.1537
136.9716 30.0568
137.3557 30.2793
141.3198 35.1355
137.8316 29.4859
138.8010 30.0471
136.8396 33.3283
136.4185 30.0811
136.0023 33.0633
136.9720 30.2859
136.8080 30.3338
138.5285 29.5142
138.9284 29.5526
136.9866 29.9774
136.3754 30.8246
137.5112 30.7587
136.3866 30.8767
135.4646 33.1413
137.2312 30.5868
138.9024 29.5679
137.3036 30.9738
136.1111 33.0516
136.9046 33.1865
137.2903 29.9055
136.0039 32.9846
136.4794 32.9214
137.3356 30.3560
135.0805 33.1902
138.9328 29.6607
136.2401 29.8746
136.0184 32.9357
137.9663 34.4389
138.7792 30.2329
136.0035 31.3823
136.4176 30.9594
139.5601 34.8920
135.1579 32.9139
136.9427 30.6090
137.2846 30.1739
136.1375 32.8967
136.0614 32.9751
136.7033 31.0744
137.5138 30.9246
137.5953 30.7232
136.3396 30.3686
136.8851 33.4839
136.3159 32.3532
135.3585 32.7715
141.8561 35.2851
137.8080 30.6667
138.9265 29.6983
138.9480 29.5370
136.4152 30.2561
137.5252 30.6801
140.8067 33.7405
136.5295 33.3142
137.2937 30.2171
136.8982 34.1949
138.1051 30.6983
135.1024 33.1541
136.5677 30.9660
137.2440 30.9736
137.2734 30.5626
136.7959 29.8432
138.3180 30.5756
137.0646 30.4959
137.3785 30.0388
136.9243 29.8312
135.5983 32.6078
136.8651 33.3492
138.4082 30.4137
137.9037 29.3333
136.7568 31.0566
136.6781 33.3986
135.1035 33.2343
136.9164 31.0054
136.9581 33.1596
136.8995 29.9939
137.6604 30.7827
138.0569 30.2985
136.8248 33.2857
137.0017 29.6892
136.8797 32.5744
136.5222 29.9966
136.4479 33.0400
138.9043 29.5952
141.4068 34.5438
136.4113 30.0526
137.3410 30.1233
137.5203 30.1423
136.3127 30.8226
133.7092 31.7368
137.3331 30.9375
136.1628 32.9291
135.2748 32.8580
135.2894 33.2153
136.2387 30.7755
136.9365 29.9903
136.0281 30.6278
135.2565 33.5025
135.3563 32.9561
138.0500 30.5585
137.8169 30.0580
136.2740 30.2979
137.6198 34.5292
137.6993 30.8311
135.9885 30.2503
138.3780 29.4688
136.3421 30.1351
138.6243 30.2465
137.4126 30.7903
136.0368 32.9174
137.4971 30.3073
138.9130 29.4067
138.9866 29.4728
136.1570 30.3469
137.5224 30.4904
139.5909 34.8931
136.1028 32.4211
138.3538 29.3603
136.0603 32.9311
135.4999 33.1614
136.6812 33.4723
136.8837 33.1927
138.1490 30.5467
136.4517 30.9527
136.3928 30.0741
135.0476 33.0442
139.7341 34.6134
138.9543 29.7181
136.1702 30.3661
136.0409 29.9211
137.7507 30.7135
136.8532 33.4843
135.2437 32.8643
136.7212 32.7325
136.9391 32.7163
137.3002 30.0458
135.0300 33.2465
139.0400 29.5822
137.3733 30.9445
135.3641 33.2038
138.4376 30.1038
135.1268 33.2207
137.5341 30.0748
138.5219 29.8399
135.2152 32.9194
137.7751 30.8566
138.2199 30.2980
137.6488 34.4779
136.0454 30.5239
137.0347 30.6384
137.2428 30.6186
138.8856 29.7486
136.1373 33.1777
138.5298 30.4434
136.1392 31.4946
137.2957 30.3958
141.2185 34.3257
135.1944 33.0084
136.0430 32.4640
136.4454 33.4363
138.9733 29.5864
138.9623 29.6859
138.9169 29.2159
137.2763 29.9975
137.1291 30.0088
138.4162 29.6928
137.4171 30.2039
137.9253 30.7586
135.1833 32.9045
138.4115 30.5106
138.3528 29.9537
136.9264 30.1882
135.8949 32.4639
137.6025 30.8749
137.4406 29.9836
135.3707 32.7526
136.2880 29.7855
137.3843 30.1375
137.3803 30.2705
137.0194 30.4219
138.1548 29.4107
135.2043 33.2303
137.4937 29.9927
137.4427 30.0825
138.6843 30.3053
135.2519 32.8392
136.4990 33.0676
137.6051 30.7273
136.8330 31.0325
138.3488 29.6583
136.8250 33.2790
135.7280 32.6222
137.0246 31.0055
137.3237 29.7040
138.0576 30.5783
138.3283 30.4680
137.0613 30.2090
137.4958 30.0686
136.7946 33.2989
136.0855 30.1624
137.4796 30.8963
137.7996 30.4726
136.0113 32.5044
136.8973 29.7914
137.2776 30.0660
141.3019 34.9041
137.7942 30.8007
136.9980 29.5706
136.1310 32.9240
136.1997 32.8338
138.3841 29.6415
141.3911 34.7297
138.2739 30.1478
137.7822 30.8185
135.9422 30.0652
136.6594 29.6387
136.2406 30.3380
137.9880 30.7263
141.1337 34.6949
137.0063 30.1636
137.4117 29.9932
136.7904 29.8649
137.0000 30.1968
136.0143 30.6619
138.8829 29.9292
135.9930 31.3016
136.2028 32.8098
136.0640 32.9172
138.9437 29.8133
138.0084 30.7431
137.9283 30.4232
136.9632 30.1270
137.0804 30.2096
135.8552 30.6505
136.4753 32.9751
137.6781 30.5382
138.1460 30.6702
136.6633 29.8969
135.5166 33.3000
136.9137 29.8109
137.1743 30.2683
137.6361 30.8574
136.0538 32.9711
135.0567 33.3287
136.2498 30.8438
138.4865 30.3212
138.9802 29.1444
138.0527 30.5932
136.3367 29.7591
137.4180 30.0915
138.3110 30.4284
135.8248 30.6112
135.8669 30.4805
137.2840 30.0377
137.0439 31.0141
137.7230 30.2125
137.7647 29.3486
138.4056 29.8767
138.2345 30.5717
137.3956 30.0159
136.8085 30.2991
137.0211 29.7878
138.6042 29.8525
138.3121 29.6339
136.0043 31.2587
137.2285 30.4042
136.9655 29.8115
127.6645 28.6912
135.6735 28.5486
135.4205 32.8587
135.3009 32.4829
133.8626 27.7777
137.6935 34.3055
130.1291 29.7048
136.4324 30.6582
141.8370 34.9841
136.5380 32.7287
135.2515 32.0984
136.8194 28.4336
127.8398 28.4578
136.8176 33.4135
136.7051 32.6697
136.5700 33.0987
133.9684 30.4116
134.8835 28.5981
133.2379 32.0720
138.4102 30.1224
137.4689 34.0373
137.0582 28.8645
132.8309 30.8359
133.3917 31.6607
131.8569 31.1197
135.9869 28.8755
131.1036 26.6730
132.7949 32.0510
133.6150 31.8722
132.8468 31.3937
133.9310 30.2113
141.4915 33.9913
134.9322 28.1929
136.3477 28.3529
135.5943 27.2013
135.9659 33.0376
138.2400 30.0176
134.6398 29.9022
136.9596 30.5470
138.8038 29.1714
138.0651 29.7547
136.3549 29.4046
139.3739 35.1282
127.4498 28.0890
140.8268 33.3288
137.4495 30.0618
137.3634 28.1196
138.9014 32.6710
136.2449 28.1705
137.4589 28.9134
131.9078 30.1386
136.9590 30.1915
136.6257 30.3659
126.0154 29.6253
138.7756 32.3502
134.7403 27.0291
136.7740 27.8523
127.7855 28.6508
135.7799 27.9971
137.8691 28.4462
136.7172 28.4777
137.7099 33.9173
137.1225 30.0670
136.0427 33.4762
138.5388 34.3822
137.3517 30.9034
136.8754 30.6257
136.1667 32.4448
131.5320 30.0717
136.3979 30.7325
136.4825 28.5330
130.3523 27.2959
138.2283 29.9176
131.9663 31.8480
134.7324 27.6409
140.8776 33.7143
136.5248 33.2550
133.4833 32.0194
139.1193 32.6017
137.2587 28.6313
135.0419 28.7813
136.9209 33.4890
135.0893 27.8890
138.3470 29.8716
136.7516 30.2256
133.0383 28.2251
140.1904 34.2767
128.5258 28.7832
137.5301 30.7375
135.2899 28.3335
138.8126 30.2529
136.7929 30.7344
131.9492 30.2775
136.7943 32.8192
128.4585 28.3771
135.9155 27.7344
131.5097 29.6810
136.2824 33.3735
139.4859 34.9213
131.3139 29.5544
127.8514 28.6155
136.6667 32.6507
133.8306 32.1963
133.3492 31.0271
138.7963 29.4537
138.0812 29.7113
138.5423 29.2957
137.5573 28.5138
134.0465 31.8848
134.2377 28.6921
136.8663 28.1355
131.2066 29.7937
136.5655 29.4421
133.1402 30.9520
136.6053 32.9785
136.8143 34.2272
136.3548 32.7939
136.0239 31.4606
137.1944 30.2216
135.2829 28.6762
133.6897 32.1090
135.9480 32.6253
136.7199 29.3135
137.8210 29.8795
138.5715 29.7765
133.6713 30.6527
134.8219 28.7410
135.8356 32.5653
135.4890 31.0463
135.3356 28.9673
137.6507 30.3934
138.7379 28.9455
127.6001 27.5436
133.9865 30.3569
136.3781 32.3226
135.6661 30.1544
134.4012 29.3210
127.9270 28.8584
138.7013 29.7512
135.7422 30.2236
135.1492 28.7978
131.8607 30.3344
131.9788 32.5027
138.2902 28.3805
138.2526 29.2275
132.3486 31.8747
129.1730 29.6851
137.4638 29.4711
137.9350 30.1508
133.0946 32.3280
135.0459 29.4659
135.1800 28.6840
137.6519 30.1387
133.4840 31.6146
127.7979 28.8459
136.3499 28.4340
138.0867 29.3706
127.9988 28.9278
137.8223 29.5876
135.8137 28.2566
133.4443 31.1630
136.9217 30.6793
138.3702 29.9357
136.4765 29.6331
135.7709 30.3623
136.4186 28.3731
137.3186 29.8232
136.0355 28.0893
135.6127 27.9831
138.8749 29.2341
135.9119 31.4407
135.3981 31.8424
135.3405 28.4481
139.0884 34.5571
135.4832 28.3710
135.7886 28.3905
135.1549 28.6164
137.2375 29.1524
138.4209 29.6602
136.9344 30.3559
138.2256 29.9347
136.0150 28.1615
134.2735 29.1751
127.5349 27.9011
138.8666 29.2362
135.5497 32.8095
133.4262 32.3444
138.6868 29.9656
127.8297 28.7941
135.2410 29.0898
135.1665 28.1002
139.5097 34.8890
136.5411 28.4771
136.6443 28.2099
135.0851 28.8228
135.7517 31.1025
135.2946 28.2428
136.8733 30.1028
129.0869 30.0218
138.6870 28.8506
135.1943 27.7431
135.6493 30.8716
128.6815 27.6681
133.2094 30.5242
135.6732 29.8016
132.8495 30.8379
136.6676 33.2441
136.7338 30.3212
135.4828 32.7206
136.6004 28.2051
131.4286 30.2971
136.5198 30.2607
136.9826 29.9661
137.0634 28.4201
137.3079 30.3093
132.3757 30.5501
135.3470 33.3573
138.2449 29.1535
136.8444 30.7078
137.8285 30.6067
137.9899 30.3893
136.7577 28.1054
130.1400 30.0179
128.1932 28.3001
134.8181 29.8136
138.5289 29.1260
139.6726 34.7420
135.7617 30.8278
135.7185 28.6477
136.4669 28.6418
135.2724 27.8254
137.7616 29.3708
139.1445 33.3203
136.5702 30.4089
135.7449 28.4374
138.8685 29.1478
138.9594 29.1072
135.3893 29.7678
141.2301 34.2950
135.2986 29.5664
135.3354 28.5682
134.5266 27.7954
135.7951 32.6381
136.4622 30.7450
136.4168 28.0521
138.6105 29.7292
130.6364 29.9810
136.1219 31.5653
132.0880 30.3625
136.3355 31.7106
135.4336 33.1072
138.3998 30.3974
136.4212 32.5114
135.8371 32.5758
136.4948 28.2182
136.5672 28.4386
138.5823 28.8083
135.5110 29.5667
132.6861 31.4940
136.1818 30.3576
136.5237 29.9672
137.4899 30.7749
138.4777 30.2239
137.2050 34.2983
133.0589 32.2862
138.4425 28.8750
135.4594 29.0540
137.0549 30.1602
133.3513 31.4145
137.6234 29.9739
138.0823 30.1909
128.1874 29.3879
129.1929 27.3416
128.0224 29.0188
138.8873 29.4682
135.7570 28.6732
136.3119 32.5563
138.2324 28.5642
138.1998 29.0350
129.6222 28.8889
128.3743 29.2994
136.6718 32.4821
129.4247 27.7996
138.7411 28.6482
136.0804 27.9021
138.7027 29.7002
137.5916 30.1766
141.2549 34.6847
135.3100 29.7310
133.2936 31.1052
136.6982 33.4799
134.4540 27.2277
135.1905 32.4424
138.5615 29.3607
136.8049 33.3060
136.9538 28.4933
139.1350 33.5739
136.3363 28.6034
138.4168 29.1458
136.0889 30.2333
135.9751 28.2811
135.4675 28.5388
136.5213 30.7678
129.4376 28.9487
133.1431 31.0855
136.0344 31.5186
129.2552 27.6312
132.6532 32.1036
129.3188 27.1383
138.9015 30.0522
137.6894 29.9880
127.8107 28.5982
136.0182 32.4752
137.3878 34.3488
135.2957 28.7725
136.6887 32.8087
139.0349 29.5745
136.0159 29.7219
136.3400 29.5982
136.5434 30.3283
136.8625 32.5769
138.2136 30.3728
138.3918 30.2221
139.0025 29.2224
136.6624 30.2132
136.5342 30.5083
136.8336 33.2868
140.4289 32.8080
141.2306 34.4114
136.8264 33.1338
136.7712 30.0383
135.3138 32.8003
138.1600 30.2163
141.2337 34.4575
134.9564 33.1849
136.4535 30.5704
137.7650 29.3167
138.1622 30.1870
136.5447 32.4579
136.5541 32.4175
140.9017 33.2825
137.8188 29.2451
136.4962 32.3535
136.8196 30.1751
136.0876 32.3893
135.5467 33.2288
138.9961 29.6515
139.4060 33.5549
136.6848 32.9244
136.7456 32.6632
137.3246 29.4344
136.1149 32.4072
135.8913 32.4669
141.2253 34.4795
135.1772 33.0016
127.5946 28.2251
136.2205 32.3949
135.0907 33.3943
136.7233 32.6574
136.5804 29.5431
136.7046 33.2404
136.7527 30.3567
136.6825 32.8086
135.8734 30.6341
135.0066 33.0818
138.6967 29.1882
135.2995 32.8273
136.4413 32.3835
135.9846 32.4339
136.4419 32.7844
138.5725 29.4806
135.2092 32.9205
136.6959 33.0791
135.9140 32.4559
136.1443 32.3877
137.0838 30.0694
135.5695 32.7936
136.3919 32.4103
138.5385 29.6233
135.8838 30.2078
138.9091 29.7174
135.7470 32.5564
136.8798 29.4684
135.6925 32.6051
135.7586 32.5393
140.9741 33.4385
137.2356 30.0016
136.6782 32.9139
136.4870 29.5294
136.5181 29.6238
136.8068 32.3699
139.0152 29.6065
135.5493 32.6599
135.7449 30.6915
135.3448 33.2790
138.9373 29.4661
136.6223 32.5079
135.3171 29.6860
136.8407 32.9897
136.4008 33.0253
135.2938 32.8251
136.6552 33.0796
135.8440 29.9039
136.7947 32.8289
137.9094 34.3405
135.4643 32.8539
137.3239 34.3575
136.6000 31.9774
138.2926 30.3286
136.3750 30.0551
136.7045 32.7864
135.0489 33.1667
136.8610 29.7979
135.9590 29.7683
135.0899 33.0143
138.6283 29.7502
135.1517 32.9626
135.8625 31.2314
137.3863 30.5569
135.9630 30.1191
137.3999 30.8980
136.0129 29.8001
136.5024 32.4120
139.0837 29.2774
136.7498 30.9707
137.2496 30.9381
135.5408 30.5922
138.6038 29.9705
136.2646 30.3181
136.3744 32.3671
136.6587 30.2989
141.2135 34.8146
138.0524 29.3279
136.7925 32.3274
128.9867 26.3056
132.8917 28.5066
135.9695 32.8684
133.2224 28.8223
134.0695 29.3575
127.4104 28.8448
128.5258 26.9220
131.7311 30.3167
135.7172 32.5672
137.5049 29.7076
136.9326 30.7955
133.3166 28.7412
137.8960 30.0758
138.7347 29.2104
137.3079 30.4660
133.5485 28.5688
139.9281 34.5973
133.7727 28.9207
136.1525 28.7927
136.2688 32.5911
132.2633 27.9220
138.2514 29.9892
132.6008 30.6969
137.6026 30.4146
133.0823 30.9750
136.5606 30.3330
136.7421 33.0922
138.0874 30.0703
136.7143 30.3285
135.4434 28.4063
133.0036 30.8256
137.9304 29.3356
133.4711 31.6565
136.0522 27.7010
136.9978 30.3035
134.5197 26.1388
134.2384 30.6853
127.4482 27.8749
131.9626 30.4708
136.8374 33.0779
133.7667 32.9199
141.2420 34.4806
138.6212 29.7090
133.3513 28.7599
135.7681 32.7910
137.6363 29.1557
138.7646 29.4991
134.5630 29.5270
136.8979 28.4823
136.2092 32.5646
137.3691 29.7723
136.4525 28.2324
137.7400 30.4244
137.8738 30.1303
141.2404 33.9707
136.5659 28.0853
135.8396 31.1825
132.8573 28.4216
137.6592 30.4655
133.9435 29.7377
137.5648 30.4448
137.4811 29.7811
134.7589 29.6016
137.0125 30.2518
136.2461 32.8308
137.8982 30.2487
132.8892 30.8495
137.5439 30.4865
136.6467 28.4972
132.9762 30.8661
137.2116 34.3913
137.5137 30.4804
137.6468 30.2599
135.6696 32.7435
138.4744 29.6846
138.5535 29.4178
137.6914 30.4425
138.1538 29.9603
138.7436 29.2887
136.6774 32.5357
136.6411 28.4303
138.7480 29.8877
136.8632 32.9527
135.9200 32.5153
139.4503 34.9487
137.6906 30.4192
137.6585 30.4482
134.7605 29.0812
136.8114 28.0677
133.5678 31.9233
137.3010 28.9029
135.6516 27.9740
133.0736 28.3876
139.5933 33.3348
136.9836 34.3046
137.9414 30.6199
137.7000 30.4350
132.1082 29.1034
137.9679 30.2136
131.1481 27.4014
134.3548 29.3593
133.3489 31.2371
131.6481 30.2401
130.8797 27.4269
138.9704 29.6739
137.5663 30.2890
137.9933 34.3442
136.9259 30.3795
137.0829 30.1385
136.7329 29.6013
136.8244 30.6412
136.5900 30.3587
137.9454 29.5971
138.0185 29.2263
136.8270 30.3879
136.5154 32.9555
136.0905 31.0572
137.2358 30.7017
137.4317 30.2688
138.0001 30.3692
137.1586 29.7187
136.0369 30.8079
135.6615 33.3019
138.9418 29.7901
136.5120 29.9309
135.3591 32.7861
137.3993 30.1754
136.7048 30.9447
136.5693 30.1623
136.5900 32.5681
136.1401 32.4522
136.8966 30.0798
136.4859 30.7498
137.1905 30.1736
136.8842 30.1975
136.7276 32.7168
136.8030 30.3610
136.7872 33.2123
137.0459 30.0739
136.9774 33.3641
137.3875 30.2498
136.5577 33.2253
137.0801 29.7339
136.6851 32.5473
137.3439 30.1847
136.1976 32.4205
136.6657 29.8791
137.6814 30.7270
136.6956 30.3674
138.0726 30.3063
135.1108 32.9591
136.7410 32.9870
137.0394 30.1829
136.2689 33.6628
137.3430 30.3646
140.9041 33.1277
136.6567 30.3529
136.8519 33.4244
135.8755 31.1969
137.4910 30.5742
135.7555 32.8733
137.1504 30.6690
137.3470 30.2773
138.0129 29.7053
137.3832 30.2488
135.8235 32.6125
137.9924 29.6792
138.0062 30.0645
136.5402 33.2190
137.0216 30.2018
137.9582 30.0109
136.2451 30.2842
135.2172 32.8889
136.6362 30.5835
137.9993 29.9042
136.6940 33.0032
136.8662 30.2486
137.8853 30.4535
137.4935 30.0550
136.3098 30.1051
136.6870 29.6079
137.1501 30.1332
136.8748 30.3993
136.9451 29.7865
137.2250 30.0257
136.4456 32.4079
137.3863 30.1883
136.8514 33.5209
136.7995 30.2548
136.9060 30.1903
137.3513 30.1512
137.9684 30.2183
136.0762 32.3701
136.6488 30.3181
136.9184 29.6307
136.3736 30.2868
136.2220 29.6752
136.7988 30.6137
137.1803 30.2107
136.3110 32.3617
137.1539 30.1962
137.4424 30.7709
136.9893 30.2137
135.5045 32.6653
136.6197 29.8645
136.3463 33.1643
137.0639 30.1525
137.0319 30.2304
137.5676 30.6697
137.0906 30.1135
136.2045 31.6219
137.2699 30.0185
136.8383 30.2168
141.0845 33.0831
136.6905 30.2514
136.3914 33.1316
137.4177 30.1091
140.6248 33.6958
137.3152 30.0364
137.3565 29.9814
137.4508 30.1748
137.7517 34.3069
137.6722 29.2896
137.1010 29.7305
140.8899 33.3167
136.7482 30.2734
135.3889 32.7279
136.0989 32.4897
135.9047 32.4494
136.7606 30.3715
135.5433 33.2784
136.8320 30.3421
137.2460 30.3816
136.8524 30.1881
140.9493 33.1771
137.0630 30.1501
136.6989 32.9698
137.6207 30.4619
136.9274 33.5008
136.9319 30.2009
138.6014 29.6712
136.9220 30.1822
137.3298 30.4359
136.8228 33.1284
137.1710 28.8509
126.9849 28.0000
137.3381 29.0015
138.5207 34.5360
137.7505 29.4276
138.8193 29.7170
137.6234 29.9522
135.3907 28.3739
137.3891 34.1972
134.7236 30.9265
138.5908 29.1658
135.4183 27.3102
133.2361 32.0006
132.0446 32.5692
133.5236 32.0411
137.2814 30.4497
137.0232 30.7416
136.2257 32.7078
134.5836 26.6603
132.7113 32.2025
137.6825 28.7115
137.6043 28.8557
133.5612 31.7115
137.3625 34.2303
133.5146 28.6761
132.8638 32.0576
130.5390 29.8345
137.0428 28.2207
129.5215 30.2006
133.5042 28.6671
133.9135 26.7659
136.7052 32.7684
130.0493 31.3613
135.3982 28.0993
136.9300 28.2825
127.7124 28.0367
136.0199 32.4837
127.4399 28.8129
133.5017 29.6078
127.3528 30.0996
133.5998 26.2429
138.6115 29.6068
132.4609 28.0609
135.7660 30.9026
133.1960 31.3405
134.8443 26.8696
132.4418 30.9729
138.9993 29.1846
135.8537 29.4760
135.7883 27.8005
138.5298 29.5610
128.0024 27.8269
137.9023 29.2331
133.0136 31.8749
137.6310 30.3819
133.2934 31.1604
138.1700 33.9853
136.8148 33.2408
133.1995 31.7914
135.0643 28.4569
136.8089 33.8256
138.2117 29.2058
135.5338 28.3514
134.9045 29.3105
133.0703 32.3031
136.3936 33.1463
131.5688 26.7735
128.7594 28.9414
135.5830 29.0374
135.6496 31.3010
138.3273 29.0547
130.6447 26.7631
128.7321 28.8533
133.0143 31.2445
132.6985 30.2012
132.5495 30.7592
136.9075 30.3844
135.4629 32.8025
132.4145 31.6431
134.9159 31.4040
139.0433 33.5483
138.8868 29.4024
134.3358 27.8865
134.3975 28.1311
133.2446 30.0257
135.0796 28.6507
137.6238 30.2029
135.3718 32.6395
132.2753 30.7646
132.9916 31.5485
134.8001 27.4999
129.9785 26.1874
129.9333 27.8511
134.8420 27.4386
130.5149 29.7784
133.6677 31.5939
132.5880 31.0351
138.3564 29.7045
135.5828 31.2522
136.8735 28.3966
134.1659 26.0900
131.0212 29.7435
130.6620 27.8198
136.1174 31.4088
133.5271 26.5344
131.4240 29.9163
131.0158 28.1150
129.0431 31.2250
135.5216 27.6168
134.8449 28.7708
133.4349 26.1517
135.8497 31.5152
130.6880 29.6417
137.6677 29.2624
132.2240 26.7892
135.6068 28.6378
134.1338 26.4091
130.5841 26.1112
130.9523 29.5217
136.1297 28.0759
130.8941 26.5623
134.8160 26.1286
136.6431 28.1382
134.2412 26.7763
135.1977 28.4420
135.8598 27.9295
134.1766 27.5932
133.9715 30.6546
138.3640 28.5400
137.9491 28.5328
135.1077 33.2840
131.5172 28.4260
130.2507 26.3359
132.9034 31.0847
134.4157 27.7675
135.6487 28.5531
135.9635 28.3522
132.8080 26.4382
132.1092 27.7612
132.5928 28.0663
133.9956 25.6789
134.2579 26.6191
134.0913 30.9829
134.3476 26.3388
135.3644 27.2006
134.0523 26.5305
134.0447 24.9220
135.5681 28.4621
133.2818 31.2755
128.6136 26.9162
138.0449 29.5849
135.4622 27.6157
132.2326 30.5603
135.0742 29.4072
139.0031 29.6569
134.5178 29.3670
127.9624 29.3383
128.3446 28.3667
132.2468 30.4839
135.7233 30.2488
138.0986 32.4780
136.2251 32.3156
137.4276 30.3094
139.7502 33.3554
136.2309 33.1060
134.9937 27.6493
136.3958 32.7301
130.5232 27.1722
133.0168 28.2763
135.4705 30.6439
137.1224 29.8270
127.9035 29.0928
137.0789 28.4998
138.1759 29.0395
134.8300 27.2869
135.8338 31.2108
135.5513 28.6382
136.6528 33.1260
128.0610 28.9488
138.2380 34.2524
135.5503 31.8860
136.7482 30.2988
137.5016 30.6169
127.6647 28.1431
136.3764 32.3053
133.4952 31.8110
137.6169 29.8255
133.5734 32.3605
136.4805 33.0592
134.4468 32.0313
138.4142 28.6263
137.9286 30.2603
130.5975 29.7363
136.3253 32.8923
136.2998 28.3089
133.3674 31.2493
137.1314 30.6350
138.7306 29.9825
135.4725 30.2284
137.6945 29.2603
138.0497 30.1356
135.5422 28.3137
136.5314 28.3783
133.3490 31.1097
134.5883 29.0089
138.6177 28.5824
138.3137 29.2387
135.9420 32.7885
135.6136 27.7053
132.0665 31.8404
132.5944 30.5186
136.7358 30.3800
138.2202 29.0648
133.3879 31.5812
137.6394 30.5501
138.7744 29.1041
136.5609 32.6550
138.6313 28.9862
134.5987 30.0163
136.5951 30.3443
138.2213 30.3247
137.6416 29.7980
138.6675 30.0176
139.3426 33.6291
133.2314 32.3968
136.6057 30.7168
136.5764 28.4547
136.2441 27.8990
136.4439 27.9907
137.8960 29.8716
135.4206 33.0246
137.6636 29.6592
126.2181 31.4913
135.5816 30.0236
140.8434 33.6919
136.5923 32.9386
135.7755 32.5824
133.7074 28.9420
138.8323 29.2240
129.4988 30.0937
135.8873 31.5644
135.4184 28.7496
136.2789 32.4849
132.5870 31.8624
137.0069 28.4454
135.2774 28.2842
129.4909 30.3865
134.1418 30.6966
133.9381 29.8664
128.0892 27.6113
135.1196 27.3449
129.6327 29.9020
138.4720 28.6329
131.8304 30.4660
136.6465 33.2886
138.2602 28.8338
136.7961 28.5655
129.5465 30.1523
135.3069 31.0828
134.0706 28.9459
134.1903 30.8001
132.4283 31.1486
138.3756 29.1147
137.9212 28.8204
133.0073 32.2644
131.4413 29.9344
138.1922 30.4236
132.4982 31.5751
127.3462 28.2818
133.9503 30.1937
137.4532 30.4232
138.7993 29.2179
134.5352 32.9971
137.1730 30.4370
134.4415 28.8236
135.2177 28.6803
137.3495 28.4595
137.7877 30.3548
135.3543 27.6124
129.4253 29.1269
138.0577 29.0146
137.9808 30.3477
131.5116 27.6773
131.3096 30.1302
134.9513 27.5018
134.0148 29.1256
127.4500 28.7087
131.6842 30.4491
135.4611 31.8994
130.7840 29.3272
136.5057 32.5980
127.6536 29.1846
132.4160 31.7910
138.0179 29.9555
138.7487 29.1884
137.8575 30.3240
134.7334 26.9632
137.7898 30.2635
132.6201 31.9176
137.9360 29.7781
138.4173 29.0947
136.7414 33.3460
134.5699 29.1053
137.8657 30.0631
137.8040 30.4190
133.3114 32.4262
138.4906 28.4633
133.4013 31.3053
135.3550 27.8972
135.5895 27.4505
135.1710 27.9421
129.3184 27.5974
133.6023 32.2408
138.0387 30.1268
133.8732 29.2689
138.1399 28.9604
133.8509 29.7619
138.0745 30.1980
128.6643 27.5256
136.7319 32.7909
135.5020 28.1743
132.8049 32.1975
134.4771 27.2114
135.1760 28.9965
139.0689 33.4517
136.8823 30.4431
137.3429 30.2364
139.5403 32.8765
141.1778 34.1668
136.7681 32.4606
131.3535 29.6679
136.1780 32.5315
141.5850 34.0602
136.4087 33.1962
136.3745 30.0763
134.5113 30.2822
141.7429 35.3214
137.6763 30.4064
137.8543 34.3855
136.0909 30.0774
136.8837 32.5145
132.6376 30.8217
140.1631 32.9967
136.6804 33.0460
138.1854 29.0202
140.1517 33.3152
137.0035 30.0366
138.0266 30.2899
138.7059 34.3668
136.4275 30.6745
135.4883 28.8414
138.4926 29.9480
137.8202 34.2654
138.1538 33.8179
135.6149 28.6702
139.2664 34.8499
137.6362 30.5118
137.6863 28.7678
138.1855 30.3945
133.3688 31.0762
140.8042 32.9655
140.4259 34.0340
135.8007 33.2737
136.1605 30.3500
136.4100 30.6202
138.8540 29.0879
138.1711 32.2201
131.4564 29.9314
136.7269 33.0420
136.7570 33.0532
135.5458 33.2491
126.9875 33.0223
137.9498 30.1326
136.2603 29.3504
131.3496 26.9537
140.2724 33.9964
134.0345 29.9800
136.1468 32.9339
137.1800 33.4092
136.3679 30.7079
142.2622 34.1692
141.5396 33.5579
125.1813 32.4801
142.6707 35.5135
136.4665 30.2139
135.9934 30.7553
136.5033 30.0337
136.9087 30.9152
136.6298 33.0838
139.6051 34.0964
136.6687 29.8855
136.3556 32.3460
132.2345 30.9058
132.8061 30.8127
138.9966 29.3130
142.6181 35.2874
130.6135 29.6717
137.2706 34.2113
136.7977 29.7177
136.1201 32.4517
138.2626 28.9761
138.9908 28.9166
137.8496 30.7891
137.1301 29.7108
137.3527 30.6804
136.6064 32.9941
136.9995 33.6049
137.4740 30.1324
136.5702 33.3701
139.7472 34.6176
137.2727 29.4696
130.8122 28.5443
139.7269 34.6112
136.4099 32.4763
143.1322 34.1601
137.3719 30.8903
137.2929 29.8460
138.8352 34.5434
135.2013 30.2135
144.4619 36.0115
136.3486 30.5617
135.6134 33.2660
136.8636 33.5968
137.2277 29.1760
137.9706 30.2299
137.1982 30.4052
131.7865 30.3510
136.6838 28.9080
137.7173 28.9968
143.2697 36.0091
128.6616 29.3874
136.8402 32.5978
133.3937 30.6324
134.4685 29.0644
131.5774 30.1606
132.3098 30.4719
133.1542 30.8782
136.8338 32.9526
128.4143 29.3293
135.1316 28.9333
133.3440 31.1635
133.4871 31.5112
133.6656 32.4200
133.3046 31.1712
137.4837 30.4087
133.6565 31.9092
136.9812 30.2442
135.7281 30.9352
139.2765 33.2904
132.0419 30.4937
133.4756 31.7142
135.0123 31.9157
133.3948 32.2953
135.0776 33.1994
133.6723 32.2184
136.6467 32.5423
132.3685 30.5899
131.5298 29.9461
141.4481 33.7520
135.3523 31.5224
136.6994 32.7261
138.7919 29.8992
133.1044 30.8977
134.8378 27.7187
135.7865 32.5651
138.8457 29.2077
135.4310 28.6084
135.7476 31.0158
136.7511 33.0750
131.9037 30.2009
131.3450 27.3693
135.5263 28.8702
132.4185 32.1158
131.5263 29.9494
136.1495 31.7114
135.4669 28.5686
131.0923 29.7169
129.8716 28.0197
135.4375 29.0490
136.7850 30.6865
132.4840 30.6050
133.0901 30.8165
136.7982 29.4993
136.8659 32.9745
136.8300 33.0849
136.7014 33.1008
132.4147 30.4913
138.6480 29.6532
128.6769 28.8668
133.0933 30.9159
135.6716 28.3261
135.3683 28.9199
138.8561 29.1536
132.8858 30.7929
132.4271 30.6089
135.4199 28.9542
136.0584 32.4214
136.7942 33.4149
136.4829 33.2561
133.6011 31.7514
135.5213 28.3138
136.8384 32.9646
133.0162 30.8978
137.1122 30.2561
137.7960 30.6160
133.5566 32.0177
136.5717 33.2227
135.4364 32.7454
133.8864 29.8903
132.4006 32.0314
136.6879 32.1534
136.1906 28.9047
135.7070 28.9079
139.8206 32.7340
138.8917 29.2867
138.8345 29.5253
135.7506 28.7121
133.6874 32.4150
134.0415 30.2343
133.5102 28.5600
134.4303 29.1232
135.7850 29.8443
135.0159 33.0844
135.7801 30.0129
135.6973 29.4220
135.4794 28.4721
135.6673 30.1018
135.9774 28.5572
135.5975 28.7794
136.9921 30.6148
136.0943 33.8151
132.8937 30.7983
138.0202 29.2088
132.1630 30.4621
135.3780 28.1607
139.0275 32.7488
135.7367 30.8894
135.6275 28.4877
134.6936 29.0554
140.7090 33.6614
131.9957 30.4255
133.5350 31.5046
133.4391 31.2738
133.4833 31.5169
135.5613 27.9514
133.4502 28.4142
135.2042 28.5934
128.9536 27.4509
137.2478 30.2922
137.3342 30.0100
138.2417 30.0657
138.6783 29.3878
135.7589 28.2413
135.0636 28.8234
135.3833 31.8028
127.3459 28.4738
138.6768 29.2682
135.6561 30.0285
132.8701 30.7288
135.3838 28.1391
133.9269 30.0642
135.2562 32.6808
137.5293 28.4160
133.9261 27.8789
135.1181 28.8034
133.2868 32.6261
134.8795 29.9867
135.8941 28.4042
139.8088 34.4695
137.3425 28.6573
138.8084 29.3727
135.9000 31.6971
133.1107 32.3203
128.8722 30.0184
135.9234 32.6799
127.4956 27.3146
135.9790 28.6510
134.0899 30.0294
138.3516 28.3991
133.1581 32.1781
127.4134 28.5847
132.4822 31.8571
133.9355 28.6660
137.2127 30.5625
129.6104 28.0408
137.8406 30.3537
135.7491 27.4966
127.2767 28.0242
133.3312 28.3253
138.7322 29.6526
136.2061 27.9849
134.1751 29.4582
135.4432 28.5988
133.6251 28.7574
138.5807 29.2383
134.7504 29.0441
134.0831 29.1685
133.8962 29.8800
133.5587 31.6293
133.9454 29.0701
132.3663 31.3491
138.9984 29.3435
135.5275 27.5038
133.8760 29.2368
129.5981 30.3694
128.7096 26.7659
137.7890 28.7292
134.7388 27.1095
127.4278 27.5640
130.3980 27.7273
132.4854 28.3493
135.6450 31.3586
135.0745 29.4429
137.8921 30.2249
134.3320 29.3137
134.9509 28.4672
137.8300 30.3916
138.4456 28.7202
133.4156 30.6577
134.1133 30.0855
133.5995 31.8298
138.6840 29.3672
136.5224 29.7529
137.9959 28.8774
135.2026 27.5995
136.5030 33.1104
137.1548 30.1180
135.8679 32.5266
136.5687 32.6803
136.7254 32.9354
138.8713 29.3148
138.5280 30.1865
135.9178 31.6555
131.9621 32.4953
133.3526 31.6053
133.4253 31.2306
136.7667 28.7254
137.9409 28.6035
136.6473 30.6167
136.2716 32.4668
131.8337 31.5959
134.1069 29.2597
136.7289 28.2004
136.0013 28.3214
135.7691 28.4119
135.2487 32.8255
136.2820 29.4464
128.6449 28.3867
138.2670 28.6490
132.5566 30.7152
139.1098 33.5209
133.2756 28.6628
135.7606 31.1827
135.4192 28.1466
136.1762 32.4096
134.8105 28.8795
137.9801 29.4886
133.4477 31.1882
133.8831 32.4022
135.1612 29.9643
134.8440 27.3457
138.7100 29.6552
138.9510 32.8783
141.2748 34.0180
135.3815 28.5373
131.5674 30.3223
132.8475 30.7605
136.7326 33.2162
133.8929 29.7489
134.0814 28.8747
136.6402 33.2412
133.5702 31.4942
133.5010 32.0628
131.0505 29.6518
136.1525 32.4226
136.5617 32.5705
132.3716 32.1168
134.9232 29.6542
131.3091 29.8812
137.7658 30.4674
135.8686 29.8932
134.4237 28.9300
137.7770 29.9033
137.6042 34.4274
136.2948 31.7401
131.6626 30.1602
138.0710 29.8261
132.7418 32.1830
132.3120 31.8886
134.1110 29.0493
138.7071 28.9088
132.6189 32.0916
136.7370 29.4048
136.0790 32.4983
135.1036 28.9362
138.7850 29.3648
138.3272 29.8351
133.8186 30.7771
136.1755 31.6631
135.4671 28.1419
138.2652 29.0047
127.7137 27.9738
133.1975 31.1200
138.9291 29.2915
132.7601 30.6818
130.7402 29.9470
135.6842 28.0277
133.3539 32.3951
132.6339 28.1702
137.0925 30.3187
134.2099 27.3124
135.5941 31.0564
138.5010 29.2535
135.2699 30.4233
132.2470 30.5363
138.1956 30.3723
138.6431 29.8384
135.0674 28.8321
136.8428 30.4882
135.9951 29.8619
136.0200 31.5037
138.1328 29.2479
135.4451 27.6810
133.5529 32.2946
135.7181 32.5507
134.7613 29.0170
135.5048 30.0736
136.3503 32.4971
137.8026 34.4243
137.7431 29.1541
133.1997 32.3522
133.7436 32.3897
129.3054 28.0142
132.9085 30.7218
130.6732 29.9610
135.2214 28.7474
134.9762 27.3885
131.9079 30.4483
137.9354 30.2605
133.3609 31.4340
133.5273 31.3335
133.8113 32.0031
136.2703 29.4694
136.4914 28.6027
134.1745 26.5173
132.4570 31.2710
137.5276 29.3139
135.2210 27.8981
138.9903 29.2704
137.6153 28.9504
137.8493 29.5891
136.4896 31.9695
129.9011 27.9511
132.2628 31.9267
138.0071 29.8916
126.5364 30.8199
127.4101 28.3069
129.0616 30.1384
131.2068 27.0818
138.0701 29.8312
128.7725 27.1484
134.1413 29.1705
136.9256 30.3262
128.2812 29.0178
136.7706 30.1724
134.0083 28.4562
135.4816 30.9400
134.8784 28.5173
137.2561 30.3514
134.2438 30.1431
127.2930 28.4536
127.5916 28.7419
133.2062 32.2205
135.0083 27.7990
136.7972 29.2563
133.7917 32.0591
136.1026 31.8548
127.4946 27.7214
134.8455 30.9918
137.0031 30.1804
132.6381 30.0409
137.0325 30.1908
134.8202 28.9066
134.2237 28.9600
138.3988 28.4249
138.4342 29.0976
138.7445 29.1041
135.6196 30.6688
137.6257 30.4317
134.5876 31.6771
131.8425 31.2142
133.6790 31.5629
138.4251 29.2875
135.4775 28.0315
133.7738 29.8492
136.7461 33.1079
127.9393 28.2599
136.1435 28.1586
134.1966 26.7683
133.3586 31.8308
138.9143 29.3629
136.6116 33.1500
133.6535 29.2057
136.4494 32.5415
136.5568 32.6943
129.7207 27.6890
136.3487 28.1751
138.6634 29.9489
137.6281 29.0260
132.3988 32.6635
133.8038 29.4714
137.5898 30.1073
133.8353 29.4355
128.3706 29.1819
137.6280 30.3661
129.3361 27.9712
133.6086 32.3006
136.8363 28.2140
133.2001 28.2911
135.8886 31.7283
138.2658 29.2781
135.1461 28.1514
132.2523 31.7166
135.0078 28.9449
137.1767 28.4234
133.4846 31.8539
133.5272 32.3489
138.7675 29.1871
137.4225 30.1131
136.1269 28.5865
137.5696 30.5035
135.3025 28.2824
134.4106 30.7138
130.3526 28.5829
138.6916 29.5265
135.4759 31.6420
137.9650 29.8853
135.1905 28.3190
138.5808 29.0877
136.5697 32.7999
133.6281 28.0958
137.9682 28.8204
130.5190 29.9533
133.2969 32.1345
127.1327 27.8620
132.7405 31.3774
134.1604 30.9266
133.6616 32.2712
137.6729 29.9448
136.8994 28.7467
136.4294 32.7823
136.5531 27.7738
134.6256 26.9861
132.5882 28.0340
134.9020 28.6421
137.4600 30.3321
136.1571 32.5889
132.8384 32.2462
130.3481 27.3912
134.6652 27.5664
135.0343 28.5079
137.3807 30.7317
133.6867 25.8589
133.4212 28.2911
138.3459 29.5139
133.1072 32.0406
137.7859 29.5929
138.2519 29.9933
136.5265 33.2575
135.7207 32.5873
135.1914 27.7001
138.5419 29.4592
135.5595 28.7548
136.5339 32.6418
138.3016 29.0671
135.1888 28.1598
133.1858 28.8881
135.2605 28.1391
134.0515 30.1591
136.5640 33.0272
128.9365 29.0044
133.6357 31.9510
136.0024 28.4568
134.6484 30.9189
138.3459 30.1716
135.5536 32.0987
135.0320 27.1695
136.3703 32.4905
132.7498 32.1033
133.1520 28.2525
135.2203 32.9178
138.5676 29.0776
136.2614 29.4379
131.4623 30.4856
136.6677 30.2521
139.0659 29.0224
135.2930 30.1663
138.0525 28.4470
138.0494 28.9732
132.2198 31.0068
138.7529 29.3471
134.2359 30.8056
132.7171 31.9519
134.2591 30.8228
137.2184 28.4168
137.7757 28.5457
136.0740 32.3756
137.1038 29.6045
136.5718 32.5705
135.8415 32.5417
136.9140 28.7836
135.3278 27.8364
135.4436 28.1019
134.0531 30.1099
136.5386 32.7245
137.5665 28.8237
134.0674 27.4509
133.6292 29.4080
133.0960 30.5666
135.4752 30.4354
137.4321 30.4290
138.1511 30.3378
131.9550 30.3980
134.1273 27.7890
135.4043 29.7447
136.7181 32.6344
137.3803 30.4545
138.6340 29.9885
134.7307 33.0041
137.4366 28.6254
132.3833 31.8683
136.1088 28.0937
135.7107 32.5687
132.7903 32.2394
132.3139 32.0023
138.5351 29.9688
132.4644 31.7916
139.6229 34.7778
138.0953 28.9548
138.3806 29.0931
133.5508 31.6481
135.7348 27.9185
133.1398 30.8584
137.3552 30.3772
137.0275 28.5020
138.4662 29.8769
132.9312 31.8103
138.2675 29.7614
138.4799 29.6219
132.8949 32.2703
138.0363 28.6320
132.7129 28.0678
137.9211 29.8394
137.7700 28.6600
138.8843 34.5238
137.5051 28.5191
133.2080 31.0537
137.3054 30.4301
136.5915 32.5000
132.6300 32.0155
132.4118 32.0322
136.3908 32.3851
138.7511 29.5739
137.2202 28.4877
138.0809 28.6558
132.3881 32.0897
136.5868 28.5929
137.7764 30.0218
131.1821 26.9927
133.3452 32.1119
138.7450 29.2514
137.5826 29.9887
137.1769 28.4562
135.2336 30.4650
138.8004 29.0838
132.5815 32.2132
138.7650 29.1328
137.8582 28.6514
133.6414 29.0749
137.9056 28.8935
131.5135 27.1203
138.1957 29.0636
136.8247 28.4864
136.4564 32.7491
138.6420 30.0230
139.5214 33.3460
138.4727 28.9069
138.4202 29.4663
136.2720 28.6547
136.9749 30.4118
136.5641 32.8497
136.9231 28.9452
138.5895 28.9082
134.2632 30.9590
134.2694 30.9473
137.8330 28.6518
136.6006 32.5647
133.4839 31.5578
133.4850 28.5358
128.3783 27.3742
132.8859 32.7622
137.5726 30.0172
138.5418 28.9275
136.9130 28.4017
137.4865 30.2925
138.3045 30.0032
136.3662 28.3069
132.4690 32.0993
132.2752 30.6028
133.6912 32.3034
133.4081 32.2304
136.6271 32.8502
138.3882 29.7664
138.1379 28.8222
133.3127 31.0790
132.4623 31.9833
136.8511 28.4877
138.6172 29.4394
134.0382 30.4043
137.1656 30.5159
138.6949 29.1322
138.6772 29.9210
133.3900 31.3783
138.0905 30.3388
136.7807 28.4788
137.2090 28.5084
138.5839 29.3687
137.0128 30.4013
137.0303 29.0128
138.7961 29.3479
136.2193 32.6682
138.4077 29.5414
136.5642 32.9582
137.1847 30.5137
136.5177 28.2867
133.5114 32.3863
133.5861 32.2277
137.3703 30.4623
133.6039 32.0930
132.4227 31.9089
134.6932 31.9388
130.8784 27.2802
133.5328 32.4084
137.0704 30.2910
137.2929 30.5268
137.9257 30.0127
137.1754 28.4486
138.4925 28.9414
135.0877 28.7008
138.1917 29.8999
134.2288 30.8356
137.1171 30.4485
125.7561 30.2523
134.6612 27.3245
136.2011 28.4666
135.6291 29.7653
133.8168 30.6881
135.9985 28.3823
137.9607 29.1418
131.5471 30.6769
134.5712 28.3787
139.7138 34.7452
136.2610 32.6165
134.9777 27.8465
135.8759 27.2991
138.2425 29.0507
134.5740 31.4804
135.7089 30.4280
135.1484 28.3112
136.6738 33.0816
135.5832 27.5272
135.1579 30.6866
136.7305 28.0538
127.7119 28.3622
134.6723 31.8201
133.9175 29.0221
134.1436 28.9172
127.1196 28.6007
135.2190 24.9105
132.5670 31.2286
135.9740 32.5607
136.3548 28.8348
133.7784 26.8156
138.0300 29.7853
131.4892 27.8915
135.8973 32.5229
134.5809 28.9805
134.2006 27.3144
133.9114 26.3986
136.7109 32.4263
135.3178 27.9995
131.0622 27.0709
134.8590 32.4831
131.5380 27.8604
127.1050 27.3001
129.0064 31.3250
140.1977 32.4563
135.9911 27.7540
133.8228 30.1540
133.7988 28.6928
134.7096 27.3967
135.5933 30.8463
128.8181 26.7799
130.6734 29.7727
134.5939 26.8069
132.1236 27.9613
135.4472 28.6046
137.4154 29.5619
137.7519 30.0887
134.0060 28.6610
137.2015 28.9792
138.9796 29.5167
131.2311 28.2445
134.5825 32.2563
133.8178 28.9154
133.1184 30.8803
132.7766 31.2340
131.3056 29.6339
128.5489 28.6724
135.2454 26.9868
134.2268 28.7346
134.1153 29.5192
129.2664 27.7208
130.3316 25.9026
138.3674 30.0351
139.5349 34.8975
138.5604 30.0451
137.5249 30.6582
135.7816 30.4270
137.4370 30.0714
141.0604 34.9752
136.3460 32.3848
136.9616 29.4441
135.9039 32.4562
138.9147 29.5878
137.0778 30.0104
136.8949 30.0864
136.6700 33.0487
135.8155 30.5419
136.4426 33.1997
135.8104 32.4939
135.0773 32.9700
138.2811 29.3125
135.4506 32.8188
135.8640 31.1303
136.9799 29.4487
136.4325 29.5394
136.4456 33.2278
136.5224 29.5164
135.5026 32.6995
136.7529 32.9248
136.5968 33.3671
135.5252 32.6693
137.8250 30.5925
135.9043 32.4739
135.3132 33.2167
135.9047 30.2534
138.5341 30.1281
137.6599 29.3579
139.3728 34.9399
135.4787 32.6657
136.1555 29.8065
136.9029 33.0416
136.7374 32.7519
135.3080 32.8387
135.7667 32.6030
138.5254 34.3801
136.0521 32.4398
138.6083 29.5934
136.4461 32.4138
138.4918 29.3980
136.7162 32.7573
135.8232 30.2426
135.4148 32.8584
140.9489 33.4069
138.4387 29.8619
136.1289 30.0794
136.8969 32.9754
139.3681 34.7471
136.1725 31.5612
135.4392 32.7630
141.2722 34.1130
135.5370 32.7169
136.6387 33.2708
141.1368 34.9741
135.9527 30.2468
135.3395 32.8292
135.9611 30.2948
136.3943 32.3792
138.0684 29.3418
137.0157 29.4358
136.3049 32.3481
135.8162 31.1255
135.8357 30.3708
138.9583 29.7477
135.5504 32.7164
138.9638 29.5859
139.2504 34.9341
138.5621 30.0200
140.8493 33.1558
135.8493 30.3227
135.8257 30.6240
135.3775 32.7626
136.4843 31.8758
139.3275 34.9641
136.6886 32.9037
141.2533 34.3080
136.7364 33.0653
136.3932 32.3900
136.6182 32.5015
135.7143 32.6023
136.6850 32.8635
135.8175 30.0585
137.9035 30.5055
138.1998 29.3583
136.6230 32.4609
137.9016 30.6202
136.0779 32.3959
139.7155 34.8370
135.7558 32.5326
138.6413 30.2126
136.1102 29.6995
135.8778 30.2943
138.6696 29.7456
136.7776 32.8500
136.7368 33.2469
138.8112 29.9889
136.5621 31.9740
139.4805 34.9462
135.7724 31.2376
136.7701 33.0160
136.7016 32.6443
138.1023 29.2830
141.2115 34.4930
137.8310 30.5610
138.7863 34.4473
138.4742 34.3598
139.3189 34.9049
138.9632 29.3494
136.6768 33.4837
135.0316 33.0584
136.5219 32.3878
135.1018 32.9813
136.4122 32.3341
136.1709 32.3605
135.0437 33.0554
137.5257 30.1784
135.8885 30.4078
138.9342 29.6472
138.8707 29.4593
138.6125 29.6284
137.1927 29.3870
136.3640 32.3655
139.3577 34.9541
135.4015 32.7518
138.1140 29.2739
135.2911 32.8528
135.1099 32.9566
136.8908 33.2067
138.7261 30.0794
135.5004 32.6850
136.7374 33.2266
136.6583 32.6711
137.1069 30.0151
136.4789 29.6635
138.9401 29.6381
135.3455 32.8242
136.8983 33.0571
136.7272 32.2437
135.9844 31.4150
135.6343 33.2786
138.8762 29.5764
136.6893 32.6236
136.1523 32.3999
135.8329 30.5585
139.7205 34.5679
135.6708 32.5712
139.7246 34.7207
137.7032 29.3349
138.9226 29.7797
136.9218 33.1577
137.2759 29.3827
138.8863 29.5731
136.9101 33.0859
138.7744 30.0855
138.6735 29.7852
135.0546 33.2363
137.4468 30.1086
137.4387 30.3468
137.1571 29.4029
136.6942 32.8461
138.3652 29.8575
136.6888 32.9403
135.3602 32.8298
138.9632 29.5725
138.4622 34.3594
136.4630 31.8647
137.8762 30.5751
138.9037 29.7085
137.0003 30.0486
138.3638 29.3982
139.1372 34.6208
138.9304 29.5901
136.4358 32.3785
135.9171 30.3912
139.7131 34.7639
136.7855 33.4841
136.7231 33.2681
138.2647 30.2427
136.6152 33.0775
136.2333 29.6263
135.3908 32.7836
136.6741 32.8188
136.7220 32.1505
135.8278 30.3070
136.5167 33.3043
135.0319 33.1221
139.6590 34.7237
135.8670 30.3425
138.4884 29.5122
135.7558 32.5625
136.9406 29.5166
137.1138 30.1409
139.6960 34.7258
136.6065 33.1971
137.8452 30.5930
136.6868 29.4745
135.5617 32.6631
138.7754 30.0583
138.4398 29.4121
136.0046 30.2358
136.5393 29.5280
136.7486 32.8927
138.3817 29.3780
135.0473 33.0268
136.6888 33.4072
138.6564 29.6414
137.8002 30.5760
135.7922 32.5624
138.6472 29.7795
138.4034 29.7882
136.7140 29.4942
136.1643 31.5086
135.2058 32.8694
136.8782 33.3124
136.7339 32.8880
137.0454 30.0231
138.9220 29.4836
137.4152 30.3519
136.6766 32.6054
137.4908 30.0836
139.5045 34.8230
138.8964 29.8770
137.4961 30.0431
137.5781 29.3290
135.0926 33.1052
138.2710 29.3435
136.6323 32.5447
136.2222 32.3549
138.2286 29.3098
135.2314 32.8536
135.5295 32.7320
136.7715 33.2681
136.0214 30.2079
136.1591 32.3556
136.6696 32.8395
136.0368 32.4176
136.5358 32.4391
135.3495 32.8139
138.8946 29.7194
138.9331 29.4008
139.3564 34.9436
138.5462 30.0654
137.2190 30.3937
135.8431 30.1423
137.4365 30.0671
136.7616 33.0344
138.2880 30.4360
137.4748 30.7474
135.0169 33.0951
138.4477 34.3789
138.9373 29.6936
135.7592 30.8091
136.0936 31.3942
135.0786 33.0316
135.6687 32.6079
136.4812 33.2849
134.9255 33.2677
138.6177 30.0273
138.7558 30.0849
136.3221 32.3703
136.0596 32.4071
136.7441 33.4011
135.8413 30.3451
136.0819 31.5529
135.7288 30.8790
138.6105 30.0166
137.2060 29.4692
136.7018 32.1514
139.1003 34.6239
138.5679 30.0396
138.0061 29.2762
136.4749 33.2710
136.7348 32.8609
136.8957 33.2675
136.6519 29.5265
138.4869 30.1348
135.8498 30.5229
136.9098 29.4542
136.1679 29.6675
136.7424 29.5108
136.1693 32.3913
136.7774 33.4137
138.6223 29.5392
135.8240 31.2090
135.0732 33.0023
136.2068 32.3627
142.1863 35.2891
141.7979 35.2989
136.8429 33.3449
135.5370 32.6625
135.7443 32.5490
136.2470 29.6378
136.6795 32.8672
137.4537 30.1387
138.4696 30.1636
135.0267 33.0322
136.5188 33.3192
139.4221 34.8431
136.0881 32.4001
137.8083 30.6491
137.6654 29.3328
136.6009 29.5524
138.9082 29.5766
137.9940 29.2773
136.8307 30.0834
136.0584 29.7304
135.2542 32.9068
136.8044 33.4309
139.7195 34.5784
135.3630 32.7659
136.5225 32.4364
135.7913 30.1834
135.1106 33.4077
138.8877 29.3696
136.8291 33.0765
137.9679 29.3323
138.6073 29.5673
138.8722 29.8259
135.0293 33.3739
137.2468 29.3574
136.7473 33.2167
136.8988 29.4520
138.8826 29.3820
138.8452 29.8796
137.7309 29.3097
136.4232 33.3604
138.0390 29.3210
138.9092 29.7126
136.4788 33.2749
135.0541 33.2819
139.5565 34.8944
138.4514 30.2228
135.3010 32.8424
135.7393 30.6023
135.1815 33.3438
137.6757 30.6184
135.0973 32.9567
135.7839 30.8327
135.3346 32.8140
135.4053 32.7738
135.7732 30.6236
136.5417 32.4843
136.0711 29.7836
135.8359 32.5165
137.0424 29.4671
136.8225 33.3968
135.7410 32.5317
136.9440 29.5730
