134.9403 31.6049
136.0060 30.1024
135.9096 31.4620
137.4008 32.9099
137.1955 31.5920
131.9926 30.8757
131.6157 30.6514
135.3376 31.5565
137.6033 29.8841
128.7085 28.2142
137.4443 30.9059
136.3003 32.5143
136.6149 30.3930
135.2807 30.4411
138.3493 30.4730
135.2175 31.3278
136.0511 32.9198
131.3785 30.6154
131.3935 30.4226
138.5412 30.1293
131.9089 30.7178
133.1279 32.6207
136.0703 32.9565
137.7422 30.7797
137.3461 30.3673
138.0950 30.2746
132.6846 32.5228
131.5364 31.0042
136.5392 32.4351
137.5558 31.1136
136.1009 31.4496
129.1875 29.0033
137.1368 29.3598
137.7959 29.8826
136.0571 31.5919
136.1479 31.8260
137.1734 29.9974
135.7469 29.7998
136.7314 31.0609
136.5483 31.6108
136.9353 33.0409
135.2746 31.4421
137.5208 30.4086
137.6071 30.0079
136.5647 31.7472
138.0739 30.7545
132.8335 32.5603
135.0698 31.0604
129.5345 27.7033
136.4609 31.9331
135.7977 31.5494
136.5843 32.2882
137.3426 28.9921
136.5257 31.7394
136.7686 29.7662
138.0578 30.9726
131.4429 30.3608
131.0857 30.0867
137.7378 30.6040
135.2343 29.9336
136.0882 32.3831
135.1490 30.6278
137.5623 31.1050
137.1761 29.8523
136.5469 28.8464
137.3720 31.2813
131.6919 30.6272
132.1185 31.6296
137.6596 30.9856
135.3552 30.3712
137.3920 30.5372
138.0585 29.8332
138.1362 29.9693
131.5141 30.7912
137.9362 30.9170
135.8916 32.4175
131.5964 31.1124
135.9926 31.4674
137.9752 30.0183
135.1152 31.3961
136.4215 31.1058
136.8563 30.8394
135.9224 32.7390
135.8470 29.1321
136.8012 30.6924
131.9989 31.3011
135.8705 29.9815
137.1623 28.8872
136.7382 31.6299
135.7477 31.5552
137.9444 30.0160
136.6988 29.8375
136.4132 31.2099
131.4241 30.1705
135.7861 32.6960
131.5304 30.7277
128.7867 28.1198
138.1365 30.1039
136.9270 30.0724
128.9259 29.1418
136.0123 32.3512
135.6623 31.4928
137.4407 29.4713
136.2194 32.8403
138.0540 29.8286
136.2334 30.9599
135.3223 31.5192
137.5540 30.5180
131.4739 30.1863
137.9573 30.0495
136.0409 29.7838
137.2773 31.5149
135.3219 30.6060
136.2279 31.1498
137.4888 30.0187
135.0096 31.1436
131.3551 30.4272
135.3307 31.6042
137.7645 29.9356
137.0350 33.2481
133.6565 32.4587
137.7985 31.8131
137.8716 31.5171
136.7354 31.8036
136.2191 31.4561
136.6035 31.3554
131.9776 31.1067
131.4348 30.9224
137.6131 29.7075
137.0591 31.6439
137.3581 28.9923
136.8068 31.1272
135.0311 31.4533
137.3109 29.4977
132.3943 32.0960
131.1940 30.3049
131.2763 30.1930
135.7327 32.8684
129.7110 27.5498
137.1362 31.2970
138.1674 30.7504
135.7037 31.5869
133.4334 32.3454
137.5860 29.3084
136.6656 31.5471
137.6989 29.7971
135.0550 31.6595
136.8251 29.6069
135.5631 31.5165
132.1126 30.1934
136.3103 32.7701
136.0596 32.2188
137.0911 31.2316
131.4263 30.6046
137.2598 31.0559
136.4238 31.2970
136.4141 28.8598
136.0468 31.0165
137.2900 31.5044
136.3569 32.0036
131.6134 30.5093
131.4649 30.3334
131.5262 30.6218
138.2797 29.7878
131.2890 30.2359
136.1119 32.1959
131.6756 31.0577
131.9719 31.4098
128.9647 28.0705
131.5829 30.7882
135.3614 30.0287
131.4829 30.5373
136.4370 31.6543
136.2184 30.6080
131.2361 30.2878
130.8278 30.7889
137.0278 30.2299
137.5492 29.4360
137.3869 32.2538
136.3243 32.4403
131.4936 30.9317
136.9701 31.7534
131.3751 30.6530
137.6642 29.6127
136.7725 30.3576
135.8096 29.9811
136.4080 32.6427
131.4161 30.8229
137.0342 30.1656
134.7187 31.2416
131.4975 30.8537
130.2298 28.1421
137.4041 31.2131
136.1105 32.6325
136.0966 32.9429
135.2970 31.6670
137.9771 30.5166
136.4546 30.8164
137.1907 31.4305
132.0265 31.5341
133.0606 32.4934
135.3477 30.8129
137.6695 30.0511
131.2714 30.3138
132.5610 31.3246
137.5926 29.8046
135.5964 31.2931
136.8904 32.1451
137.7812 31.5694
129.6553 28.7123
136.7929 30.6078
136.6225 31.9369
136.4944 30.6010
137.8917 30.0296
136.2425 32.5232
138.0898 30.7835
132.2272 31.8518
131.4078 30.3154
137.0838 29.6005
137.7239 30.4313
131.3667 30.1403
137.8791 29.9476
137.2537 29.5530
135.5790 31.5266
133.5681 32.4520
136.8763 30.1214
129.0582 28.1643
138.6028 29.7917
136.4109 31.3797
135.1320 29.8800
137.7291 30.0739
137.3761 29.8268
131.9992 31.6988
137.7277 30.9892
137.7629 30.7502
137.9203 30.1297
131.5537 30.2248
137.1950 31.3812
137.3403 30.4385
135.3274 31.6529
137.9410 30.0692
133.3747 28.9483
137.6369 30.1531
133.5016 32.3160
136.0103 32.4404
133.6509 32.3523
137.7085 31.0449
135.3925 31.4804
137.4310 31.9668
134.8239 29.4470
137.1717 29.9316
136.5962 31.7211
137.1526 31.8139
137.4334 30.9173
134.4075 32.4619
138.0762 30.1930
137.4920 30.1464
131.6273 30.6828
131.7734 30.9973
137.5643 29.7096
128.6862 28.0535
137.6704 32.0215
137.4088 29.1815
137.0720 31.5046
135.9342 31.4584
131.4579 30.2850
134.8952 29.3202
131.5636 30.9686
137.3127 32.2205
131.5901 30.2924
135.1899 31.6133
136.2871 31.3669
132.1669 31.0052
136.7418 31.2479
137.3108 32.2143
136.2393 30.7065
137.5809 30.7055
137.8480 29.9832
131.5667 30.1889
131.7108 30.8846
138.2110 30.6746
137.4657 29.6290
138.0030 30.5541
137.7329 29.9657
137.2504 31.3177
137.5318 31.1850
136.7719 30.2707
136.1224 32.5177
137.7923 30.6862
138.7348 30.0398
131.3066 30.6566
137.0941 31.0481
131.1958 30.4674
135.1784 31.4381
137.5024 29.2626
136.7626 31.1495
136.3670 31.7510
136.3001 31.2580
131.8827 30.8049
137.4614 30.9112
135.8336 30.1291
138.5667 30.4254
136.3002 31.0355
135.3378 31.6249
135.8179 31.4689
135.3599 29.2645
136.1573 32.8072
136.2516 32.1853
138.2946 30.4843
137.2749 32.3427
138.5745 30.0287
137.8597 29.9451
136.3453 31.0304
137.7475 29.7073
135.3903 30.5358
137.4213 30.6309
135.0568 29.6441
134.7888 31.3582
131.9280 31.9622
131.6440 30.7297
137.1583 32.0467
131.4468 30.6598
137.6557 30.7015
132.1985 31.5989
137.8868 30.9679
136.9277 30.1997
131.5188 30.5910
136.5653 31.4850
135.3783 30.7413
135.9569 32.4259
137.7694 29.9160
135.1427 29.5715
137.1313 30.1784
137.4347 32.5063
137.2141 31.1668
131.4326 30.3092
137.4756 30.0197
136.2818 31.1564
135.1861 29.1987
134.8234 31.3084
136.0141 30.7630
129.6781 27.5192
137.9800 30.5070
132.3471 31.6230
137.3960 31.2737
136.6735 30.8353
136.9700 30.5822
137.4125 30.1167
132.3451 32.0093
136.9457 30.1729
135.1734 31.7994
138.0844 30.6012
137.0762 29.8910
136.9768 29.9549
137.9016 30.4404
132.2801 31.8967
134.6236 31.9739
138.0582 30.0191
136.1491 32.5203
135.3501 31.6560
137.4824 31.2622
128.8507 28.0947
134.9690 31.9136
131.4870 30.3156
137.4251 29.6509
136.4593 32.2915
136.3036 31.3196
129.2412 27.6839
136.9122 28.8292
137.2228 31.2924
136.2280 31.3452
135.0741 31.5087
137.1223 31.2235
136.7246 31.0297
137.6134 30.0721
137.3684 30.9390
137.6566 31.0648
137.5688 29.7369
137.7506 29.7745
137.3330 29.3412
136.0103 32.8448
136.4917 30.8289
137.5108 30.2764
136.1943 32.1959
131.5501 30.8214
137.5452 31.0272
128.3723 27.8456
132.6061 31.5942
132.3068 31.9634
137.9753 30.4572
131.8994 31.4519
137.0894 29.9829
130.9917 30.3776
131.3461 30.3421
138.0991 30.8037
137.5471 29.7280
136.4481 31.6762
137.6935 29.8332
136.6500 31.0920
137.8190 30.5661
134.3777 31.1720
130.0764 27.8622
137.1169 32.9564
137.5344 31.0344
131.2620 30.2867
137.3941 30.6330
137.8882 29.7820
136.9162 31.5507
135.8720 29.9896
136.3342 31.3547
135.6946 30.4108
134.6767 32.1553
137.7966 30.6261
134.9819 31.5354
136.9703 29.3759
137.4900 29.5886
137.0402 31.3650
135.0472 31.8019
137.1572 30.2068
136.4823 29.9386
136.2535 31.5318
131.7195 31.3160
135.0976 30.8424
135.4568 29.9177
137.2844 30.0837
136.7749 30.9574
138.0079 30.0038
135.1945 31.7163
135.7756 30.2197
136.8712 32.6472
137.4702 29.8998
131.4413 30.2854
137.0287 31.3006
136.7654 30.4551
132.0731 31.8871
129.1133 27.8415
137.2265 29.7279
136.3272 31.2223
137.6852 30.9992
132.8910 32.6150
131.5569 30.1328
135.8678 31.5167
137.2391 31.3446
136.3958 31.1797
137.6340 29.0353
132.5161 30.3592
137.9311 29.8881
137.6046 29.5489
131.9468 30.7405
131.6783 30.2305
137.9057 30.8440
128.7730 27.8575
131.4498 30.3773
136.6179 32.1855
133.5798 30.7380
137.2635 30.0692
133.6817 32.6570
131.4607 30.4999
135.7297 29.7574
137.4792 30.8618
135.2374 31.7233
137.2787 30.8740
135.9822 32.2380
137.0930 33.1920
137.6748 29.6194
137.5319 29.2714
131.6038 30.9909
131.2883 30.1147
131.3756 30.4579
137.8924 30.2611
137.6276 30.1324
136.8409 29.9772
131.6933 31.5690
135.3730 30.2065
136.3874 32.5074
137.0491 33.4034
135.1798 29.8041
138.4318 29.9708
133.4200 32.4225
136.3781 31.2594
131.4433 30.1316
136.6715 30.9136
134.2118 32.5567
137.4693 32.3494
135.9593 29.9197
137.7039 30.1603
137.7880 30.5134
134.9226 29.6087
136.7016 32.5256
128.8600 28.8599
136.3811 31.9412
135.1387 31.7830
136.9883 32.9988
136.4637 28.8776
136.7677 30.5970
138.0283 30.2421
136.5259 30.1263
134.9286 31.9007
136.7794 29.7576
137.3686 32.9899
132.3898 32.2965
137.5749 30.8081
136.4626 30.3148
131.9506 31.9043
136.8591 33.1669
135.4680 31.6821
135.7265 29.8922
137.0930 29.5870
136.9335 31.7788
137.4490 32.7924
137.5842 30.9525
137.1319 33.1922
135.0305 31.5404
136.7617 30.3882
128.6039 28.1636
131.4403 30.4776
137.7349 29.8537
136.6925 30.7194
135.2419 31.7473
136.6474 31.0462
136.1737 31.4311
137.2297 30.3222
137.1764 29.1336
137.2584 29.5242
137.8302 30.5118
136.9258 29.4361
131.4980 30.7923
135.2379 31.6012
137.1140 30.5162
135.7993 30.2464
135.2679 31.7770
136.2117 31.9249
135.3010 31.6104
137.4735 29.8448
135.0093 29.3568
136.7776 30.4546
128.5532 28.6026
137.1948 31.0228
136.4163 32.0772
131.3561 30.2594
131.5756 30.5930
136.6198 31.2698
136.2905 32.3700
137.1686 30.6576
136.3628 31.9610
137.0778 29.8711
129.2262 29.0036
136.9493 30.6872
137.8069 29.3944
137.7193 30.0003
137.6565 30.3342
136.3423 32.2468
137.5070 29.6725
136.4610 31.7114
137.7704 29.5892
131.6660 30.6494
136.4062 31.2508
131.9604 31.0315
132.3116 32.0390
135.4674 29.2977
136.7544 30.7388
131.4923 30.5819
129.7567 27.5755
135.3550 31.7118
137.9122 29.8233
137.7836 30.2771
136.4587 31.1545
137.0651 32.9327
135.3556 31.6060
136.3658 30.9596
135.4213 31.6149
136.6210 31.2604
135.6033 30.5585
137.4826 29.3268
137.2983 29.5368
137.2107 29.5415
129.3072 27.2916
131.2729 30.4374
133.0013 32.3608
136.2161 31.3907
136.2402 30.9038
136.6536 31.6437
137.7758 30.1989
136.3165 32.2165
137.5495 29.5818
131.2687 30.3554
138.1384 29.8952
131.4536 30.7494
135.3506 29.9002
135.6165 31.5770
131.3644 30.3805
131.6053 30.9147
133.3453 32.4249
136.3586 32.3133
137.3465 30.2342
131.5458 30.7151
132.7740 32.3497
136.8500 30.7919
131.4271 30.7654
132.2066 31.4921
131.3907 30.3485
137.0672 29.7161
137.2841 30.1552
136.0808 32.5396
132.0206 31.0671
129.0434 27.9201
138.0004 29.9807
131.9055 30.9052
136.6116 29.9548
137.8217 30.3160
137.2064 30.3573
136.9915 30.4184
131.3470 30.5265
134.8201 30.7434
137.8252 30.1950
136.5557 31.5873
136.9375 29.9005
137.2491 30.6541
137.4430 32.2825
134.7120 31.8993
131.3536 30.6715
135.2368 29.3769
136.1849 32.4983
136.4662 31.2667
136.4010 32.7529
137.3482 29.5909
136.8527 29.7432
136.5322 32.7969
135.4419 32.6967
135.7570 32.3945
136.1937 32.9537
136.6432 32.7726
136.4903 30.9857
132.5113 32.3163
136.7481 32.4771
136.4419 30.7703
137.1492 31.4736
137.4812 33.5329
129.0631 29.1888
135.3212 32.8491
136.8159 32.9205
137.2896 30.8579
136.9287 33.0971
136.3834 32.8941
136.6456 32.0171
129.2151 28.2572
136.3674 31.4792
135.7137 31.9549
135.8798 32.8914
133.9769 31.4560
137.5849 30.4693
136.5978 32.8125
132.6313 32.3872
137.2999 31.2109
136.6744 32.3174
136.9546 33.3731
136.7699 31.5002
128.6324 28.8686
136.5079 30.8506
129.3958 29.0815
136.4228 31.3486
137.0928 31.4219
136.5558 30.3249
136.0323 33.0802
136.7950 29.9326
136.3954 31.2378
136.4346 31.9395
137.4946 29.7084
135.6390 32.7317
137.0130 31.1934
137.2063 31.4904
136.1895 32.7680
136.6947 32.4977
136.5343 30.9725
137.0408 30.1015
129.2006 29.3779
137.1580 29.4616
137.6321 32.0352
137.1622 30.9650
129.5115 29.4894
136.5067 30.9854
136.1060 33.1528
136.2948 32.3484
136.7298 30.9179
132.1917 32.0824
135.6791 32.9759
135.7717 32.9787
137.1684 29.5575
136.5918 32.4386
129.0881 29.2087
137.3818 29.6823
137.3027 33.7504
135.9031 32.9020
136.4541 30.8631
136.7050 29.9079
137.4339 33.7179
137.1844 31.1608
132.0469 32.0178
136.1454 31.4818
136.2982 32.8614
136.9076 30.4679
136.8109 33.0455
128.8805 28.2776
136.0618 31.6072
137.5686 32.4454
136.7022 32.8763
137.0694 33.4476
135.7481 32.8250
137.2650 33.6948
136.9220 29.6736
137.0529 33.3160
136.9822 30.2765
137.2140 33.7028
136.5359 31.0671
135.6680 32.2874
136.5159 30.9675
137.4536 33.2357
136.4001 31.4208
136.2573 32.1373
136.8829 32.6928
136.0769 33.0566
137.0115 32.5285
136.3070 31.3612
136.0642 32.6068
136.3438 33.1294
136.9550 29.7503
136.8868 33.0275
136.2473 31.4359
136.1328 33.1317
137.3424 31.0370
136.8070 32.6601
136.4036 30.6571
135.8735 32.0188
135.5146 33.0177
136.4561 32.9524
135.9431 32.5455
137.5354 32.7760
136.8630 30.5400
136.4906 31.2187
136.6330 30.1607
137.1505 33.6166
136.7621 32.7297
135.9915 33.0813
136.2501 32.5753
136.7088 32.5274
135.8934 33.0658
136.0531 33.1106
136.8194 32.2024
136.0329 33.1715
131.7417 31.3455
136.5298 32.6253
136.7878 31.8743
136.3913 33.0562
136.0563 32.9839
137.4955 33.3282
137.5433 33.1777
135.6488 32.8352
136.4071 31.5353
136.2113 33.1321
136.4378 32.7808
136.3607 32.9240
136.0788 33.0546
136.3067 33.2012
136.2072 32.9646
131.9110 31.6905
136.5442 32.5612
137.0694 33.1516
137.1526 30.3140
136.5335 32.5178
136.8546 32.5615
136.9142 32.3048
137.4979 30.6483
136.2906 33.0373
136.8085 32.4399
137.5716 32.4991
135.6980 32.8238
129.0809 29.2899
136.5435 33.0376
136.8015 32.5531
136.7303 32.2804
136.8768 32.6706
136.1553 32.2218
135.8091 32.9032
137.2757 30.7253
136.4984 32.9799
136.5115 32.6959
135.9846 33.0551
136.8373 32.9861
136.5787 32.4019
136.4068 32.8642
135.3507 32.9990
137.1405 30.4203
136.7056 32.9078
136.9228 32.9625
136.2490 31.5421
136.7424 32.5570
136.2705 32.9657
135.9290 33.0120
136.8244 32.3446
135.4706 32.4000
135.9663 33.0209
132.3403 32.0900
136.7025 32.5159
136.9792 33.3082
136.4449 33.0494
135.9962 32.2990
136.3835 32.5578
136.7604 32.0290
135.2230 31.5967
136.5412 30.9441
131.7824 31.4194
135.9956 32.9104
136.8720 32.7816
135.3965 32.8800
136.1028 33.0282
137.2118 30.6495
136.7017 32.4164
136.7810 32.9427
136.5177 30.6628
135.3204 32.9015
136.6705 31.9294
136.4211 32.9113
136.4753 32.7519
136.1946 33.0303
136.6635 32.6904
135.7188 33.0491
136.7181 32.5376
135.6438 32.9675
136.3942 31.4796
136.3054 32.8770
137.2867 30.6940
129.5911 28.7418
128.7940 28.1789
137.3565 30.6915
137.3749 30.7709
129.5768 28.7976
136.4670 32.6269
135.9627 33.1000
136.3427 33.1040
136.3805 31.4999
136.8690 33.1391
136.3453 32.9700
136.2219 33.0822
136.3482 31.5574
136.8940 33.0368
132.6668 32.3652
135.5109 32.8555
136.8469 32.6543
136.9921 32.7945
135.6010 32.1692
136.6052 32.5643
135.5275 32.9334
136.3912 32.2830
129.2240 28.9770
135.5838 32.9533
132.0682 31.8264
135.6646 33.0002
136.4976 32.6666
136.2868 33.0401
135.6803 32.1709
136.3782 32.8482
136.3652 32.9461
136.4172 32.8055
136.7425 32.2023
135.8405 32.9755
137.0216 29.4815
135.6559 32.1845
135.0488 31.3091
137.3081 31.4809
137.8401 30.9543
136.7030 32.3679
131.9400 31.6560
136.8008 32.1991
135.5574 31.8247
137.0896 31.1645
137.2958 33.6277
136.3299 30.4404
137.1047 31.7369
136.5445 31.8955
135.8261 29.4755
135.3243 29.4812
133.8089 32.6124
128.4400 28.5454
135.5121 32.2114
135.3343 31.2733
128.7182 28.3803
129.4514 29.1392
129.4114 29.6580
138.5432 29.9695
136.2907 29.8765
137.2725 30.7468
133.5961 32.5966
137.0745 32.3663
137.1074 31.3415
131.7692 31.4281
134.8815 31.9245
136.9242 32.3917
137.6137 29.8467
129.2187 28.4158
135.6500 32.9631
136.6423 33.0716
130.9001 28.4189
135.7852 32.6623
136.2279 32.4530
137.7601 30.0581
136.4907 32.1079
136.2670 31.2023
135.9686 32.2743
137.1090 29.9706
131.1178 29.8060
137.2751 31.5370
136.7879 32.6283
135.9596 31.4859
133.3015 31.3474
136.1229 31.9854
126.9548 31.7354
129.7454 27.9320
136.5561 30.0285
129.0619 28.6139
136.1749 32.2877
136.9964 29.4976
137.4376 33.4263
137.6032 30.7296
135.7195 31.5537
137.1485 31.4076
137.9288 30.1223
137.5675 31.2521
137.3971 33.5149
135.9468 30.6708
137.0871 32.8243
136.7505 31.5442
131.6604 31.4648
136.0656 32.9132
134.9863 31.3321
137.7509 31.2360
134.9179 33.0415
136.5315 32.7520
132.5739 30.4094
137.3681 30.5701
137.0804 31.6886
136.9809 32.4611
136.4797 30.2909
137.8639 30.2858
136.8068 32.0415
135.3046 31.9035
136.6409 32.8156
136.2319 30.7853
137.2068 31.1380
136.3745 33.0314
131.9148 29.1593
137.4619 33.5068
131.8356 31.7076
135.8854 31.4163
135.3006 32.9592
135.1023 30.9777
131.1958 30.8307
135.2609 31.7963
136.1695 32.8048
129.9413 28.5929
135.5045 31.1035
137.8639 30.5421
135.7114 30.9662
135.6458 32.6797
129.3733 29.2435
135.7765 32.3400
136.4232 31.3937
137.1139 30.1218
137.3041 30.8990
135.1865 31.8137
138.4242 29.7148
136.2227 31.5153
129.8008 28.7217
135.8488 31.5597
135.8017 29.4945
136.3795 32.7782
136.5384 30.7841
132.3461 32.4984
135.4992 32.8015
135.9096 32.0699
137.2820 32.2910
136.8650 29.5280
137.1676 31.0606
133.4507 32.3307
137.4979 29.7340
129.4309 29.0770
136.7932 32.6015
137.1012 33.0605
135.9285 32.6618
137.2634 30.4107
134.7812 32.0237
135.4764 29.2564
137.7162 29.7175
136.6471 32.6831
136.8396 30.2208
136.2112 31.2091
138.1343 30.7255
138.6935 30.0620
136.2431 32.7194
131.4071 30.1951
135.3823 31.5804
137.0706 30.0784
133.7588 32.3193
136.2896 32.7250
132.4489 32.4255
132.6470 32.3395
135.5002 31.6165
137.7243 31.3321
131.4674 30.2637
137.1454 31.5331
136.0758 32.3292
137.8100 29.8610
136.4951 31.6394
137.6591 29.4391
128.8262 28.1103
136.6058 31.4221
137.2460 30.9045
135.3616 30.4426
137.2186 30.3824
135.7040 30.0565
136.7033 30.7711
136.0263 32.4626
137.4487 33.5526
135.9680 32.9978
137.6940 30.0565
137.3792 32.2672
137.2155 29.8005
137.0261 29.7372
131.4066 30.5373
136.7058 32.5024
137.7792 30.1683
136.3356 32.7987
137.2852 32.4672
136.7153 32.4147
136.9834 32.6558
136.2587 30.5047
136.4298 31.3953
136.6551 30.9577
134.8869 31.6646
136.4057 30.8521
137.1528 33.6565
136.1811 32.6194
136.1900 31.7141
131.5629 31.0128
136.1290 32.2840
128.7972 28.2394
134.7268 30.9627
136.3115 31.2852
135.8007 29.7622
131.4698 30.6392
137.1535 29.2230
137.0419 31.1223
136.7443 32.8593
138.0237 29.8599
137.7384 30.5822
136.5099 32.3778
137.7946 31.7073
136.1845 32.0089
129.1478 28.9915
136.6680 32.0978
137.4648 30.5022
134.9113 32.0822
137.2124 29.9651
137.4362 29.7316
136.9923 30.5981
135.2848 30.4844
135.3088 30.4875
136.7021 30.9689
137.3878 29.6406
131.4302 30.6090
132.0238 31.9204
137.2766 30.3785
137.2511 29.9634
136.6366 31.0477
138.6338 29.7867
137.6140 31.0563
137.6207 30.1875
135.4041 30.1416
136.5898 32.2545
129.0350 29.1308
136.9230 33.0459
137.3142 30.9029
132.6991 32.3630
131.3772 30.4630
137.8418 29.6229
135.8342 32.8525
135.6530 30.2323
135.9060 31.5126
137.4508 31.2260
136.4240 31.4631
137.5536 29.7110
134.9219 31.6932
136.8017 30.3061
136.4335 32.5676
136.5162 32.6450
136.2369 32.5896
135.9106 29.7172
136.3528 31.8654
135.4804 31.6020
131.4543 30.3123
136.3405 32.7805
135.4007 31.6184
136.7065 30.7791
137.0223 30.9184
137.4831 29.7301
137.4353 30.1324
136.2790 32.1379
133.5962 32.3906
137.3366 32.8604
131.5389 30.5101
136.8651 32.6158
130.2516 27.9062
137.5993 30.0545
136.3064 32.1714
137.2060 33.1573
136.9129 32.6504
136.6914 32.3896
135.5953 30.5057
135.3868 30.7730
136.8036 29.6545
131.7487 30.8056
134.9029 30.8669
136.8608 30.0191
137.2897 30.3129
131.3780 30.4056
137.3196 29.9041
136.5897 31.6389
136.4108 32.2156
137.4873 29.2058
131.6596 30.5199
136.2992 32.1801
137.2436 30.6424
137.7010 30.6471
137.8843 30.6783
137.1232 30.5476
135.6727 31.5837
128.8693 28.0145
136.6704 30.8162
137.1817 29.8239
132.3540 31.9678
137.0782 33.1411
137.5670 29.8913
137.5273 32.1334
136.2975 31.3188
131.3981 30.4441
131.4196 30.8387
136.3202 32.1633
136.6358 31.1034
137.6266 29.7998
137.6124 29.7901
137.1930 29.4682
136.2136 30.6643
131.6845 30.7067
136.0113 31.4396
136.4491 32.0010
137.1443 31.8289
136.3269 32.5732
131.3999 30.3148
136.9268 30.5858
135.5445 31.5572
132.0351 31.0896
136.2870 32.8152
129.5896 28.7741
135.2931 30.7254
136.7439 30.5258
136.3309 32.1181
135.0295 31.5310
136.2191 31.3685
134.4960 31.3920
137.2413 33.4980
137.8947 29.9450
136.6591 31.0410
134.7986 30.8662
136.8450 30.2500
128.7801 28.0602
131.6730 30.7067
128.8421 28.1827
137.3345 29.7074
136.8049 30.4388
137.9865 29.9858
136.5608 31.4683
134.9347 31.8105
136.7792 31.4417
136.4297 31.0143
136.2296 32.2426
136.0475 30.7225
136.5007 31.8678
135.5333 30.5357
136.2533 32.1450
132.2951 31.7946
138.0232 30.8513
136.9556 29.8815
137.1505 29.7717
128.8958 28.0034
137.9011 30.1126
137.6904 29.9524
129.8007 27.6233
137.7967 29.6145
137.0953 30.2783
137.5249 31.0486
137.4309 30.4104
135.7147 31.5723
137.3132 30.1643
138.6886 29.7954
137.5063 30.0391
134.5535 32.2247
132.0834 31.9050
137.3177 29.7403
137.7430 30.0528
137.3586 30.1281
137.4339 30.9157
134.9288 31.4791
137.3466 30.2914
128.9385 28.9325
135.2009 30.8123
136.5534 31.5551
138.1355 30.9109
136.5220 31.8903
135.0969 29.3432
134.9238 29.2594
136.0489 32.1974
131.8654 31.0039
128.7468 28.8665
136.0219 31.4380
136.2579 31.3536
135.6746 30.2985
137.6457 29.9563
131.1938 30.1630
138.0009 29.4885
132.2682 31.9523
137.3067 30.6231
129.0924 27.8302
136.3796 31.2908
134.6532 31.9381
129.0471 28.0655
136.9203 32.5875
136.7938 32.8072
136.5185 30.9806
129.0126 28.1938
137.6446 29.4964
135.7654 31.4805
137.8504 29.7190
131.9825 31.5615
136.5749 32.1631
128.8566 28.8877
137.5206 32.5214
135.1476 31.0782
135.6957 31.4348
131.6900 31.2490
136.5102 31.1738
136.3815 32.5361
136.1814 32.2938
136.1008 32.5721
136.8294 31.6586
136.6734 31.9524
137.0992 31.2270
136.0656 32.5575
135.4210 31.4975
136.6560 32.2541
136.6927 30.8910
135.0216 30.8856
135.8154 29.9204
135.8917 30.2381
133.1325 32.6350
136.3000 32.8753
128.7745 28.3809
136.0112 32.7362
131.5594 30.9745
128.8079 28.3199
132.4711 32.1225
136.2390 32.4736
136.4892 31.1018
135.9529 31.4007
137.1284 33.4181
132.5736 29.1946
131.5223 30.7162
135.8335 31.4739
135.6443 32.8308
132.5130 32.2667
136.1069 32.8761
136.9207 32.4292
137.1394 31.2466
136.5286 32.4194
136.4675 31.7799
129.4404 29.1115
132.5490 32.3761
136.7992 31.4440
128.9009 28.8996
136.4944 32.3851
136.4738 31.3098
136.0211 32.8202
136.2944 32.5910
129.1633 27.9437
137.2404 30.6303
133.1602 32.4447
136.8098 32.3674
131.4864 30.6483
134.7413 32.2343
136.9865 29.9650
137.6265 29.6595
131.8965 31.3109
134.7552 31.2177
128.8427 28.2359
136.7364 32.6721
131.6907 30.9807
137.3383 32.6721
129.1985 28.9590
133.5452 29.6521
135.5918 31.6321
137.3251 29.4885
135.5222 31.5529
136.6731 32.2391
137.3857 30.5532
135.8562 31.4849
136.5114 32.2410
132.0448 32.1004
131.7684 31.3989
136.4535 31.2684
136.0417 32.9765
135.0382 32.0483
136.4155 31.4059
137.5072 33.3580
136.5223 30.7752
135.9868 32.7189
136.4320 31.3965
132.4994 32.3210
137.2971 30.1330
135.8637 29.7915
131.7448 31.0227
137.5662 29.7510
135.6987 31.5743
136.4956 31.3526
136.6640 30.9513
136.4095 32.8093
133.2895 32.3006
136.4162 31.3688
136.1398 33.0188
136.7374 32.5904
136.7976 31.1418
136.8604 30.3694
137.7139 30.6191
132.2573 32.4029
135.9397 31.4551
135.7534 32.7530
135.9529 32.6481
131.3898 30.4089
136.5898 32.5680
133.0453 32.3373
131.4177 30.6379
131.4362 30.3937
135.3071 30.9437
135.5141 29.8234
134.9649 32.0595
131.6384 31.1309
136.6137 32.4167
136.5156 32.5583
129.1484 28.0837
131.6059 30.8816
136.5668 31.0952
135.9081 32.4740
136.6646 30.5988
136.5720 31.1965
135.3876 32.8527
135.8970 33.3505
135.4095 32.7867
136.4224 31.4074
136.5308 32.6420
137.1745 30.5862
136.1675 33.2537
136.5914 31.2278
136.1582 33.3375
136.3183 31.5636
136.2325 31.5845
136.3816 31.7031
136.7712 32.4703
136.4105 31.5370
136.8117 33.0342
136.3814 31.6521
137.5791 32.8776
136.4252 31.4875
135.4556 32.4995
136.5267 31.4277
136.6607 32.8421
136.6012 30.9775
136.3884 32.8147
137.2118 30.4389
135.7528 32.6561
136.9334 30.5131
136.2833 31.5703
135.4030 33.2161
136.3513 31.5595
136.0083 33.2065
136.3638 33.2874
136.3569 31.5695
135.6264 32.6819
136.7096 32.5165
136.0884 31.6531
136.7169 32.2930
137.0092 30.5620
136.5814 30.7452
136.1934 32.9845
136.1875 32.2967
137.6826 31.9493
135.9400 32.3921
137.3204 30.4841
136.8786 30.6648
136.5326 33.4027
137.2799 30.4942
136.2941 31.6514
136.5145 31.3170
137.3757 30.5124
136.4617 31.4367
136.1282 31.6131
136.2289 31.6103
136.4668 33.0180
137.2610 30.6786
137.0933 30.2305
136.1856 32.9691
136.6962 32.5159
136.9444 30.7630
137.2297 30.7900
137.1645 30.3987
137.1035 33.3933
136.2755 31.6157
135.2349 32.5927
136.1742 32.9956
136.6754 30.6273
136.9035 32.7234
136.0731 31.7123
137.3264 30.2833
137.4849 30.2328
135.3407 33.1059
135.3516 32.4860
136.7924 31.0464
136.3878 31.4614
135.5037 32.5010
136.4783 31.4536
136.7354 32.9110
137.1516 30.1036
135.3307 32.5141
136.2293 31.5779
136.3387 31.6212
136.1797 33.0399
136.8276 31.0126
136.1578 31.6735
136.5342 31.8163
137.0354 30.6631
136.4676 32.7153
135.9306 32.2648
135.9652 33.0145
136.2055 31.6658
136.4022 33.3845
136.1092 31.6282
136.1051 33.1552
136.7948 33.1049
136.5148 31.4545
136.9245 33.1815
136.3815 32.8628
137.0795 30.2528
136.8518 32.6320
137.2608 30.4166
137.0523 33.3025
136.4070 31.5989
137.0767 33.2120
136.3296 31.6174
135.9649 31.7208
136.5417 31.4787
135.4370 32.5320
136.5188 31.3649
135.9849 32.6342
136.2995 32.9432
136.3358 32.6610
137.0693 33.3482
135.7708 32.3097
135.3089 32.5111
136.7640 32.5070
135.4296 32.4482
136.8965 33.1848
136.5056 31.3471
135.6123 32.2692
136.9574 33.2161
135.9195 32.5780
137.2298 30.3455
136.7811 32.4453
137.0703 33.1293
136.1286 31.6659
136.5764 32.5627
136.2068 31.6091
136.3748 31.4816
137.1361 30.1626
136.8837 30.0873
136.2110 31.5946
137.0371 30.4978
137.2200 30.6465
136.8810 30.0714
136.3885 32.7608
136.1551 33.0862
135.4328 32.5009
135.5511 33.1710
136.0079 31.6906
136.8986 32.7357
136.1894 32.3336
136.5270 32.8545
136.4638 31.4704
136.1019 32.8000
136.8098 31.0574
137.5120 33.6825
136.2190 31.6387
135.4383 32.5819
136.3034 32.3517
135.5284 32.5868
135.7271 33.3054
136.8207 30.2682
135.9871 32.4417
136.4826 33.0653
135.4403 32.4616
137.0511 33.3302
136.6536 30.6317
137.2737 30.5146
137.1132 30.6454
136.5240 31.3980
130.8606 30.1406
136.8219 32.6356
136.4769 31.4988
136.3665 31.6571
136.5884 32.5386
136.6742 32.8321
136.5211 31.4390
136.8771 31.0248
136.6236 30.5583
137.0022 33.1494
136.2117 33.5574
136.7321 32.8746
135.2984 32.7217
136.9593 30.1511
136.5635 31.2298
136.5630 33.5969
136.4228 31.4660
136.7822 32.5805
135.9868 32.9325
136.8101 32.8367
135.5220 32.6933
136.5962 30.8209
135.4433 32.5073
135.2046 32.6971
136.3983 31.5710
136.8868 30.7649
135.4044 32.3851
135.4347 32.4075
136.5984 30.7174
137.1055 30.0957
136.8491 32.6025
136.5525 32.4658
135.5192 33.1235
136.2893 31.6385
136.7365 32.8240
135.7903 32.7816
136.2140 32.9817
135.5002 32.4871
136.2275 31.5803
136.9970 32.8761
136.6765 30.6617
136.4998 32.8066
136.8574 32.9813
135.5588 32.3682
136.5611 30.8426
135.7095 33.2399
135.7157 32.3573
135.9524 32.6735
136.3928 32.5815
136.2561 32.9828
136.0506 32.6799
137.3138 30.6245
136.4462 32.7309
136.1929 31.5739
137.0222 32.9996
136.3320 31.5590
136.7682 32.7241
135.4326 32.7153
136.5536 32.8365
137.1016 30.6344
135.5184 32.5844
136.6219 32.4588
136.0249 31.6936
135.5535 32.6235
136.5690 33.6252
136.5988 30.9737
137.1542 30.1316
137.2711 29.9530
135.4182 32.6015
136.4137 31.5485
136.0929 31.6286
135.6815 33.2783
137.0329 30.6128
136.9404 32.7979
136.5984 32.8773
136.5381 32.1684
136.2761 31.6168
135.3748 32.4419
135.5013 32.3367
135.9984 31.6707
137.2247 30.7261
137.1900 30.8066
136.3692 31.5663
137.1792 30.5024
136.3605 31.5121
136.4151 32.7601
136.1501 31.5940
135.5907 32.2164
137.5548 30.4918
136.5233 32.5310
136.2181 31.5893
137.1817 30.6882
136.2926 33.1357
135.6408 32.6904
137.2635 30.4674
137.1631 30.4733
137.1045 30.3156
136.9046 32.8444
135.5598 33.1189
136.4635 33.0369
137.1552 30.6431
137.2392 30.5257
136.2639 31.5607
136.3094 33.1094
136.5482 31.8498
135.4359 32.5172
136.2940 31.5597
136.3244 31.5977
136.2698 32.4600
137.0377 33.1283
136.7583 32.4293
136.3926 31.5046
136.9334 33.1269
136.9929 29.8661
135.7460 32.3022
135.2196 32.6554
137.3934 30.3195
137.1650 30.6368
136.2260 32.5608
135.9285 32.9361
136.3630 31.4812
137.0574 33.0616
135.7745 32.4290
136.8244 32.5286
136.7319 32.3532
136.9370 29.9084
137.3347 30.5860
137.0128 33.0297
136.4245 31.5009
135.7130 33.1128
136.3244 31.6384
136.4031 31.6018
136.3356 31.5881
136.9009 32.7588
135.5357 32.5561
136.2342 31.6100
136.0592 33.1658
135.7582 33.1424
136.5804 31.2676
136.3715 31.5488
137.0125 33.1563
137.4998 30.5045
137.2127 30.6749
136.8711 30.1122
137.4712 30.3695
136.5982 30.9210
135.4246 32.4895
135.9282 32.7832
136.4560 31.5794
136.2995 31.6375
135.5433 32.3782
136.0957 31.6589
136.0070 32.3041
137.4122 30.6951
137.3338 30.3254
135.8958 32.9253
136.7646 32.5043
136.4859 31.9084
135.5684 32.2703
136.1958 31.6465
136.8354 30.1648
136.5572 32.9691
136.8930 30.0686
137.2175 30.2798
136.4020 31.4594
136.3736 31.5928
136.3394 33.1782
136.5223 31.4442
135.9452 32.3044
136.0501 31.6157
135.5041 32.4751
135.6775 33.2030
137.2253 30.5451
135.9029 32.3153
136.0505 32.9408
135.9883 32.9565
136.8590 32.6959
137.2732 30.6868
136.2803 31.5746
136.9481 30.2036
135.7190 33.0453
135.6860 32.2378
136.3332 31.5809
137.2561 30.6488
137.4399 30.2615
136.8161 30.1640
135.5963 32.6300
136.3429 31.5810
135.8457 32.8237
137.4093 29.9792
136.8445 30.8377
128.5496 28.6066
136.4698 33.4648
136.1702 31.1996
137.6024 31.1860
132.3186 30.2156
136.6111 28.9416
136.8427 32.0634
129.0179 29.2484
136.5820 30.1482
137.1619 33.6238
137.9612 30.9363
134.1420 32.1648
136.0996 31.5300
128.8885 28.2587
136.0058 32.6450
137.4061 31.2150
136.6535 32.3391
134.9773 31.7918
135.4535 32.0344
131.9519 31.0444
136.1176 32.2520
138.1586 30.0915
137.3915 31.2929
135.3884 31.8900
131.3736 30.3586
132.4166 31.3638
131.0281 29.5511
135.5839 31.5236
133.3644 29.0669
131.9232 30.9073
131.1567 30.5640
131.6409 30.0116
134.7908 31.8901
136.9205 32.9303
135.7965 29.8517
135.7624 31.4256
136.2501 31.1409
136.0153 31.8029
137.9628 29.8871
133.6515 32.5360
137.4703 29.9771
131.4020 31.2288
137.6035 29.3260
136.7116 30.6226
136.4800 31.7823
137.1903 32.2184
128.5712 28.1665
137.2677 32.1590
137.2976 30.2990
137.8157 30.3340
137.0303 32.9535
136.8960 29.5962
135.4162 32.6218
132.1822 32.4112
137.5928 30.4628
136.7696 31.0940
128.4969 30.8061
136.9752 33.2738
137.4455 33.2487
136.2749 29.5452
137.9650 29.9245
129.2061 28.9694
135.4672 31.2458
137.6847 30.5838
136.7403 29.9852
137.9666 29.9752
136.4300 30.7927
138.4911 29.9271
137.8676 31.1225
136.6049 30.2882
136.3907 31.0876
136.2666 32.7593
132.2266 31.5305
136.9444 33.4216
136.5620 30.4981
137.1001 28.9236
134.7165 29.4249
137.3065 29.5335
130.7586 29.7433
135.6894 30.4462
136.8034 32.8208
135.7126 32.6883
131.4914 30.6275
137.2268 33.5184
136.8879 29.7754
135.7436 30.7630
136.0960 32.4855
135.4917 31.5240
137.4830 29.5194
136.6854 31.0253
135.6927 30.0758
137.5983 31.3776
129.4751 29.3045
128.8794 28.1311
137.6791 29.8314
135.6284 31.1039
137.3300 29.1685
131.8403 31.6861
137.6974 30.4309
132.1738 32.0665
135.2376 33.2730
129.1769 29.2682
136.3351 30.9823
131.3633 31.2552
135.5854 32.0334
136.7880 32.4952
132.6603 32.3559
128.9294 28.5186
137.3223 31.2242
131.8778 31.1355
131.4209 30.9282
137.6567 29.5147
137.0660 30.5732
128.9663 27.9435
137.9085 30.5253
136.3447 31.4212
130.9502 28.5881
135.6740 30.3718
136.8690 29.6765
132.5195 32.2803
138.0370 30.6023
131.3671 30.7301
136.8389 31.4593
137.4767 31.4208
137.5433 31.0345
136.2588 32.2441
137.3375 30.3408
135.1222 31.7953
131.8439 31.1892
137.7045 31.1159
136.8092 31.3684
137.0929 30.6189
137.7933 30.7360
130.7949 28.3206
135.5024 30.8394
137.3297 31.3208
132.9496 32.5680
135.2851 31.6755
136.9479 30.1527
138.0017 30.2015
128.6344 28.2022
134.9008 31.2719
137.0934 31.4236
136.1673 32.5818
135.0915 31.4354
129.2711 28.8490
137.7379 29.5026
136.2044 32.3812
135.4368 31.7086
131.8608 31.7598
133.0709 32.1361
136.5079 31.2200
138.1211 30.4284
131.3663 30.0919
129.0062 29.5162
136.9393 29.7509
136.9202 30.2012
131.8145 30.8415
133.4253 32.6333
135.6474 31.4755
137.1625 30.3354
132.1222 31.4408
128.6982 28.8882
136.3014 31.3735
133.4533 31.5562
137.4044 29.2673
129.3114 28.9496
136.6986 30.9443
136.3382 30.3810
131.3926 30.6563
136.4370 31.3225
137.7405 29.4820
138.1564 29.4165
137.7936 30.8105
136.2725 31.2675
137.1616 30.6852
135.8996 31.4939
136.6247 30.0186
136.4163 31.2300
136.3185 32.6386
133.6647 31.0780
135.4993 31.5870
137.4652 31.4308
135.4682 31.7066
136.1780 31.2691
131.8318 31.7276
135.5692 31.4901
136.4367 31.9031
136.9017 30.3242
137.2894 30.7551
136.8870 30.5429
136.2973 31.1852
135.2013 31.2499
128.5700 28.3425
137.2907 30.8718
137.4947 31.3707
131.3539 30.6212
137.7775 30.3697
128.8813 28.9026
134.3231 32.5165
135.6662 30.5615
137.2094 31.6362
136.3538 31.4827
135.5328 31.9637
135.1721 31.7263
136.4405 32.4465
135.4436 31.3497
136.6470 30.9836
128.6946 28.9000
136.4465 30.9894
136.1452 30.9187
136.3447 32.3779
129.5779 27.6768
131.2707 30.8175
135.9357 32.8018
131.7189 31.0281
136.6310 31.8794
137.6789 30.3266
136.6682 32.4565
136.8318 31.1861
132.3405 32.0861
129.2775 29.4767
137.2224 30.7915
137.7155 31.4864
136.8033 31.1063
136.3497 31.4409
137.1270 30.3756
131.7860 31.0883
136.7687 33.0181
136.8567 32.9231
137.7952 30.7320
128.9798 28.0454
137.5537 30.7043
136.4467 30.7336
135.5867 32.2366
136.7301 29.8653
128.9052 29.3370
129.3215 29.1201
133.8901 32.2819
136.2452 32.1675
136.7816 32.8035
137.6745 30.8498
136.0904 31.5010
135.9471 31.3926
135.6987 31.4499
135.7228 33.0558
137.4202 33.2715
136.9964 29.5139
137.3698 33.5455
136.1246 31.4289
137.8886 30.2690
135.4972 32.3203
133.1363 32.5963
136.7753 32.3630
136.9096 32.4239
133.4974 32.6426
135.4761 31.5215
136.0910 29.6001
136.6994 32.4730
136.4487 30.9140
136.7834 29.7792
135.6850 33.0055
132.6544 32.4305
136.3106 32.7794
132.0992 31.9632
136.1642 32.3415
137.0917 31.6043
137.8160 30.3998
136.9242 31.4652
137.0896 31.5382
136.1855 31.2856
136.3887 30.6303
136.3656 31.2914
133.3223 32.5128
131.9859 30.3466
136.6088 30.6392
136.8646 29.7715
137.7734 30.4173
137.6055 29.5510
137.3723 31.3068
131.7904 31.0432
136.4840 31.3575
128.9478 28.0936
134.9134 32.0714
137.4732 30.6886
132.1802 31.8359
137.1006 30.6031
136.9864 30.1335
128.5440 28.3808
129.8457 27.7759
128.3259 28.5226
136.4841 30.7260
135.6965 31.4331
136.9098 31.3815
136.7200 29.8183
135.3607 32.7763
129.4964 30.7943
128.9390 28.8620
136.4671 32.6704
129.7533 27.7006
137.8692 30.2965
136.3845 30.7071
135.7355 32.6038
136.9036 30.7295
136.9563 33.1879
133.4861 32.3889
131.5897 30.8944
135.7151 32.6393
136.2423 29.7423
132.0418 29.2179
138.0448 30.2090
136.4906 31.9937
135.9484 31.5910
137.2951 32.7692
136.3024 30.7081
136.0659 31.8118
135.7710 32.6535
136.5548 30.1772
135.5503 31.5358
137.3437 30.8064
129.4861 30.7589
131.5072 30.9410
136.5142 32.4053
129.6038 27.7749
131.4231 30.3128
129.8950 27.8998
136.3345 31.2594
136.8876 30.7946
129.3168 28.8627
136.7871 32.7961
136.9877 33.1927
136.7206 33.1273
134.9999 31.7259
136.4444 32.4500
136.3135 31.5110
137.0094 33.2452
136.0559 33.0367
135.9016 33.0188
137.2083 30.8772
136.2355 33.0366
135.3941 32.9194
136.2313 32.0986
136.1937 31.5960
137.1699 30.9017
137.6935 30.2597
136.9041 33.1993
136.5285 32.2717
136.9825 32.7572
136.9007 32.6852
136.1128 33.2459
136.6908 31.2187
136.4089 32.8585
135.6656 32.1165
136.8649 32.7152
136.9229 32.7728
136.4112 33.0735
137.6585 30.3698
135.7189 33.0442
135.6705 32.1023
136.6896 32.3776
136.3852 32.9482
137.0181 32.9971
135.6469 32.8114
136.4071 32.9249
137.4248 30.7054
136.6054 32.6715
136.7678 32.6039
136.4603 31.4488
137.5618 33.0449
136.6412 32.3862
136.8876 32.5803
136.3313 33.0038
135.6919 32.9592
136.6925 32.6009
136.6868 32.6863
136.9364 32.7498
136.7264 32.8801
128.6174 28.3483
136.5886 32.5581
136.4091 33.0039
136.3688 32.8464
137.1445 33.6805
135.6660 32.8373
136.6230 32.3150
137.5408 30.2156
136.6375 32.4072
136.4567 31.5503
136.4543 33.0281
135.8979 32.3153
136.7675 32.6372
136.6361 32.8243
136.4496 32.7117
136.3909 33.0668
136.5890 31.6134
135.5883 32.9210
136.7081 32.6242
137.0525 33.3330
136.4039 32.4341
136.4227 32.6524
136.5863 32.5447
137.4135 33.7372
137.4534 30.6006
136.7763 32.1829
136.6845 32.2200
135.4695 33.0171
136.0920 33.0548
135.5624 32.2793
136.7016 32.3828
135.9393 33.0893
136.7677 32.4560
136.5795 32.6146
136.8785 32.6980
136.9671 33.2812
137.1581 30.8279
136.5374 32.2933
135.7360 32.8039
135.7963 33.1152
136.2248 33.0823
136.4383 31.4916
136.6779 32.7427
136.1757 33.0383
136.4058 33.2191
135.6192 32.2759
136.5248 32.6347
133.6631 32.1859
136.2506 33.1110
136.4719 31.8742
136.5319 32.8248
136.6038 32.3481
135.9998 33.0997
136.3550 32.9715
136.7913 32.7695
136.7558 32.7049
136.8137 32.4623
136.2090 32.7555
137.3759 33.7631
135.3973 32.8441
136.6924 30.3816
136.3546 32.8542
136.5591 32.9824
136.8609 30.0078
136.0439 33.0299
136.5752 32.9206
135.6052 32.6718
136.5953 32.8983
136.2157 32.9563
137.2673 29.9035
135.9715 33.1671
136.3622 31.5324
135.9820 33.0610
136.3894 32.8051
136.2627 31.5475
136.4101 31.4296
136.4870 31.3981
133.0341 32.4785
136.9214 32.8321
135.5105 32.8856
136.6577 30.3669
136.6665 32.5510
137.6317 30.5259
136.9090 32.6506
135.6093 32.9519
136.1815 33.1268
130.1626 27.4892
135.7167 30.0053
138.4591 30.5526
135.6713 30.3316
134.5456 32.2373
128.3280 27.9654
129.3897 27.7281
132.0845 31.6371
136.7419 32.2128
136.6897 30.8492
136.4672 31.1728
135.5851 30.4730
137.1319 30.1248
138.0195 29.9309
137.4621 29.8061
135.4941 30.6136
137.7093 31.9194
135.3722 30.6787
134.4077 32.5101
137.5178 32.5935
137.4878 31.0334
135.4630 29.9419
136.8342 30.3056
131.6411 31.0251
137.1931 29.8983
131.4697 30.7106
137.5512 32.6481
136.6525 31.1138
136.3976 32.6439
137.6996 31.6975
136.9312 30.1290
137.3284 30.7072
135.4928 31.5698
131.6021 31.2817
137.2758 29.3594
131.3555 30.4009
136.7962 29.5809
137.5945 30.1086
135.8141 29.6509
134.9289 31.4333
128.5134 28.0483
131.6987 31.1338
136.6672 31.7124
132.3873 30.1933
137.2733 32.2978
137.9782 30.4279
135.6204 30.4942
137.7003 30.9963
136.4374 31.8661
137.2646 29.5390
134.4638 32.3882
137.0625 31.1236
137.5403 31.1032
136.6782 30.8863
136.6111 31.3871
137.1168 29.9025
137.0559 30.2031
137.5290 32.4583
137.7813 31.7599
136.2026 31.3865
137.3182 33.6572
136.1418 32.8983
135.4796 30.2016
137.2039 29.8122
135.0809 31.3645
137.1810 29.8927
136.6550 30.9703
133.5901 32.6797
137.6419 30.1725
137.9286 30.6815
137.0077 30.0155
131.5205 30.7693
137.1814 29.8498
138.0056 30.4393
131.6221 31.1758
136.9666 31.8974
137.2897 29.7708
137.3195 29.9643
138.0606 30.9441
137.0653 31.1508
137.5831 29.3858
137.1284 29.8997
136.9359 30.1163
137.8629 29.9992
136.8565 31.6877
136.6243 31.3636
137.7522 30.3856
136.4989 32.4556
136.6102 32.6212
137.5408 32.0738
137.1035 29.9220
137.1376 29.8951
135.2700 31.6005
136.8498 29.5127
131.3478 30.4476
136.4751 31.9457
136.0805 30.9489
135.7188 30.3414
137.2558 32.6453
137.7580 31.2724
137.7660 30.0799
137.1259 29.8666
130.1488 27.9484
136.9738 30.0346
135.2060 29.3190
135.2746 30.8944
131.3793 30.6333
132.1492 31.7001
135.1290 29.2835
135.7411 32.3304
136.9663 30.2405
136.2627 33.4573
137.2953 30.1031
137.4882 30.5049
135.7742 33.0746
137.3721 30.0006
137.7060 30.2907
137.0616 29.6940
135.6418 32.8832
137.1137 33.0952
137.3519 30.1025
135.8889 32.4869
136.5817 31.0056
137.0488 33.3380
137.2518 29.7677
137.1571 30.5202
135.6558 32.4734
136.9172 29.8918
136.5873 31.1479
136.7781 32.4089
135.5509 32.3502
136.7906 30.1353
136.4735 32.6380
137.2466 30.4382
137.0677 31.0255
136.8388 32.3036
137.0858 30.9541
137.1409 33.5102
136.5179 32.3393
136.7444 32.1656
137.3561 30.7424
137.2128 28.9355
137.3496 30.3379
136.7435 32.6971
137.5860 30.3938
136.2331 32.5679
137.4098 30.1875
136.2048 32.9011
137.4120 30.6760
136.0744 32.5016
137.2007 30.4435
135.8872 32.5642
136.9196 29.8930
136.2722 32.8822
137.2659 30.3764
137.1665 33.5911
136.6540 32.8596
136.8356 30.0104
135.6202 32.3761
137.5919 30.1402
135.8461 32.1941
136.3728 33.1321
136.5621 32.3451
137.4463 30.3647
136.7997 31.5245
137.0932 30.4859
137.0978 33.5416
137.6709 30.2410
136.1264 32.4302
136.0700 32.7847
136.7268 32.9437
137.1852 29.8311
136.5726 32.8336
137.3593 29.8550
137.2101 30.3852
137.0809 29.7249
137.2154 30.4199
136.7226 32.6618
137.1040 29.7135
136.8474 33.0037
137.1545 29.6954
136.2596 32.2164
137.4686 30.3586
137.1572 29.7038
136.6759 30.3100
136.5232 32.9202
137.5196 30.0475
137.1560 29.6681
136.6299 32.1865
137.5095 30.2623
135.4082 32.5481
137.0471 30.6993
136.7592 30.2127
135.8380 33.1119
137.4302 30.4268
137.2743 30.0884
136.9351 29.8784
137.3456 30.6905
136.6328 32.7731
137.2426 30.4538
135.8088 32.7568
137.5932 30.2443
137.2039 33.5119
137.5639 30.3717
137.2792 30.3994
137.1707 29.7150
136.2769 32.6189
137.6742 30.2394
135.4721 32.7160
136.5248 31.2860
135.8177 32.9499
137.3166 30.0173
137.3287 30.2937
136.6491 32.7593
137.3474 30.3060
135.5997 32.4228
137.4719 30.3360
136.4949 32.7227
136.8388 29.9634
136.7885 32.6884
135.7346 32.6572
137.4529 30.3883
137.3772 30.2827
135.9230 32.3031
137.4989 30.5024
136.1227 32.6703
137.3412 30.6531
136.9875 33.1701
137.5924 30.3442
136.9862 33.1613
137.6596 30.3615
135.7496 32.6784
137.2611 30.5568
136.8120 32.7045
136.5446 33.3690
137.3067 30.5743
137.1128 30.7198
137.1050 33.4982
137.2038 30.5087
136.7788 32.2880
135.6524 32.8719
136.9682 29.8111
136.9185 32.5658
137.6191 30.2331
136.4087 33.0105
136.2162 32.6962
136.5736 32.8595
137.1702 33.6446
137.4344 30.1669
136.2485 33.2653
137.3911 30.1566
137.1904 33.5324
137.1374 30.3861
137.6131 30.4591
137.0888 33.5347
137.4737 30.3934
136.6297 32.2037
137.1290 29.9798
136.0106 32.7786
137.5242 30.3291
135.5821 32.6019
137.5681 30.3781
137.5859 31.6883
136.8287 30.5746
136.5000 31.9329
136.2248 32.2051
127.8146 27.6757
136.4227 31.6190
137.3681 31.8120
137.5120 29.2426
137.1411 29.8556
136.9034 30.8945
134.8784 31.6153
138.4426 30.4721
133.8660 31.6232
137.9932 29.7833
137.1113 30.9579
131.8879 30.5056
133.0123 32.3251
130.9965 30.0807
137.4856 29.9321
137.0093 30.8801
138.0748 30.7262
135.8869 31.2702
131.8914 31.1735
138.4156 30.7190
137.1725 30.9893
132.4307 31.8520
137.7886 31.1385
135.8769 31.4126
131.8829 30.7001
129.4747 27.5954
133.1745 30.9548
136.5287 31.4933
128.0869 28.2924
134.7745 31.0840
136.6627 29.4706
136.3752 32.7754
129.0822 30.6042
136.0583 30.7086
136.6102 31.4012
128.9034 28.1853
136.9349 31.5228
128.8080 28.4687
137.3253 32.9739
134.9058 31.1330
128.6497 31.0759
136.2322 30.6194
137.8070 29.6121
135.4287 29.9963
135.9606 32.7436
132.3884 31.0432
135.8475 31.3491
131.6203 30.1097
137.3392 29.5350
138.0581 30.6689
138.2423 30.2882
136.2900 31.8900
128.8890 28.3608
134.7561 33.1098
132.3360 31.7361
137.1946 29.9923
132.4508 31.2158
138.3980 29.9053
136.6348 32.3953
132.3605 31.0523
135.1058 31.1263
138.3244 29.4484
136.3798 32.0767
137.4203 31.0323
135.3471 31.2067
131.6857 30.8010
136.6022 31.5993
134.7264 29.4065
130.0734 29.6873
135.4192 31.3008
137.7096 31.0449
138.1297 30.1980
133.7893 29.4923
131.2612 30.4539
131.8929 29.8495
131.1566 30.8208
132.4025 30.9729
136.8045 31.0326
137.3618 31.2500
131.9789 31.0040
134.2946 31.7458
137.4223 33.0463
137.8532 29.4493
136.4955 28.9828
137.1888 33.0122
135.5597 29.6950
130.7767 28.3045
135.3734 31.5190
137.4189 29.8449
134.1396 32.0724
132.3425 30.3270
131.6845 30.2051
138.4647 30.3755
134.5226 29.3782
132.4744 28.3456
137.5583 30.9918
132.3907 30.0240
134.5114 31.6995
131.5323 30.3492
137.1723 29.5937
137.4757 31.2437
138.4901 30.2220
136.7140 30.3642
132.8336 31.7111
135.5257 29.7910
138.5768 33.2945
136.5725 30.4292
132.7692 32.2719
135.0593 30.3971
128.4079 29.8215
137.8361 30.2745
137.8839 31.2577
136.1742 30.7412
137.2531 31.3824
133.0052 31.2309
137.6322 29.1926
134.5927 29.2185
137.7155 30.9946
130.0527 28.4687
136.6737 30.1730
134.5692 29.1808
129.1143 28.3867
132.5950 31.0924
138.1769 29.8123
135.5313 30.9567
136.4817 30.7438
137.6767 30.9714
137.6574 30.8535
137.6112 30.9186
136.1570 31.6624
137.7790 30.1945
134.1986 31.9295
138.2171 29.5065
138.4774 30.5842
137.3608 31.7883
132.1456 28.5172
134.8643 29.7015
131.7605 29.9339
135.5377 29.4855
138.6088 30.1885
137.9185 29.5347
132.2823 30.2311
134.7254 29.1018
134.7981 30.8587
135.3110 30.4972
136.2767 30.3713
137.9710 30.2719
134.1694 31.9923
136.4699 30.5368
138.3096 30.0465
135.7537 31.6845
137.1359 28.9102
135.8772 31.1472
132.2191 31.3960
129.7470 27.5086
136.8096 30.5467
136.2180 31.0346
131.3931 30.8937
133.6004 32.3615
129.2845 28.9767
136.4443 30.6091
135.0941 31.6326
128.6593 28.2706
129.2811 28.9681
132.4676 32.0998
133.6143 32.0828
137.2775 33.2530
136.7451 32.5597
137.2400 30.1030
137.5153 32.9370
137.5868 30.9366
136.0570 29.7646
137.6721 30.9602
133.3297 29.0053
135.7022 29.8125
133.4098 32.1906
136.7468 29.9315
128.3076 28.2702
137.3693 30.8258
137.2589 30.9900
135.9315 29.6409
136.2188 32.7549
137.1321 33.0382
136.1597 30.6557
136.3642 32.5488
128.8036 28.7405
137.5117 31.3051
137.0433 33.0845
134.0174 31.1069
137.5526 30.2842
137.2539 29.8484
128.6973 28.4624
136.7314 32.0464
132.1216 31.4736
137.2908 30.5885
132.1563 31.1824
136.6909 31.7216
133.3429 29.5349
137.8991 30.3809
136.9340 30.1997
132.5093 32.5150
138.2627 30.6811
137.6306 31.8907
136.0701 31.4589
131.4924 30.9862
137.5101 32.6092
137.4488 29.7228
136.7850 29.7352
133.0902 32.3991
135.9687 32.5091
137.1857 30.1114
135.6895 31.1978
136.2348 31.1888
131.2922 31.0323
135.4034 30.8337
137.9638 30.3510
138.1081 30.1643
138.0615 30.8409
136.1060 31.1018
131.1749 30.1287
131.9704 31.4001
137.7898 30.2630
136.4092 31.7665
131.2140 30.3874
136.9744 30.0590
137.7227 30.7040
136.6394 32.6345
135.4332 32.2060
133.8274 31.6823
137.0671 30.7402
135.9567 31.9040
137.0370 30.7892
137.9930 29.7095
137.4503 32.8057
130.5710 28.9171
137.8565 29.9662
135.8682 31.6420
136.2225 31.2681
136.4364 31.2391
137.0323 30.5151
137.9299 31.6026
136.5642 31.1875
127.3417 31.5184
136.0776 32.4631
137.2658 31.9473
136.6790 31.8620
137.2558 31.4405
135.5952 30.6546
136.4287 31.3406
128.9418 28.9798
133.4996 31.8016
135.4537 31.7114
137.7841 30.8798
131.9709 30.9206
135.4679 31.8766
135.5470 31.4046
128.4497 28.6811
134.7631 31.8068
135.0659 31.3607
128.8261 28.0073
136.1388 30.8839
129.2425 29.7656
138.0708 30.2118
132.1646 31.8595
136.6727 32.1515
129.0983 28.1405
136.4528 31.1082
136.5317 31.4754
128.8952 29.3297
134.0412 31.1823
135.4248 30.8852
134.5213 31.5682
131.6296 30.3763
137.9982 30.4700
137.9124 29.7844
131.9673 30.9561
132.6541 32.1596
136.4717 31.2910
131.3385 29.9429
128.4970 28.0393
130.0528 29.4194
134.8031 31.6872
137.5144 29.8077
137.7945 29.8169
133.4975 31.8895
137.5167 29.7788
135.0635 30.8842
135.3378 31.6005
137.2476 30.9106
137.0505 29.9109
135.8740 31.2665
129.3696 30.6814
135.8580 31.8730
137.1810 29.8718
135.1530 29.9096
131.9729 30.9912
135.8933 31.2348
135.0177 31.2015
128.1991 28.1380
132.3399 31.3765
133.6773 30.5873
132.8502 32.1145
138.0853 30.8876
128.4300 28.5300
131.4381 30.1482
137.3566 29.9309
137.9913 29.6976
137.1423 30.0649
136.2292 30.4887
137.0871 29.9964
128.8270 28.0915
131.5699 30.1731
136.9077 30.6500
137.9076 30.3213
137.7287 30.7806
134.8784 31.9107
137.3867 29.9856
137.2031 29.8221
130.6876 29.8909
137.8914 30.1426
131.5367 30.6961
135.4954 31.6559
136.4568 30.3796
136.1379 30.9630
129.5789 27.8815
131.3343 30.2125
137.0765 30.0050
134.9033 31.6973
136.9631 32.9027
136.0652 31.9779
134.4726 31.9634
137.0296 29.7765
129.8343 27.6862
137.7028 31.0975
135.9503 31.5081
131.8163 31.2636
136.0486 29.9911
134.9986 31.9478
137.2610 32.7466
137.5949 30.1700
137.4796 30.1158
137.1458 33.9630
137.1722 32.9779
136.9227 32.7878
136.8477 33.0298
136.2402 32.4671
132.6965 32.2751
136.8797 31.4486
137.0136 32.4289
136.1057 32.3801
135.3000 32.9610
134.0122 31.5412
137.0814 33.1179
137.1873 29.9193
136.8462 31.8950
135.3141 33.1473
135.5001 32.8568
130.7680 30.1946
137.6351 31.3522
137.5091 32.7044
136.4643 32.4403
136.0984 31.5235
137.6497 31.6263
131.5208 31.8045
137.2155 30.8865
137.6391 30.8331
136.9158 33.6873
137.5696 30.5793
136.5123 33.3650
135.2895 31.6520
135.6675 32.3180
138.1278 31.5043
137.3871 29.5693
135.4522 31.5252
136.7542 33.9241
137.1643 33.6271
137.1554 29.8463
136.3578 31.4943
137.9694 30.3050
131.3883 31.0515
137.1084 33.5687
137.4116 31.8331
136.4390 33.2788
137.7042 31.8106
137.1685 33.7774
136.5632 30.6481
137.7021 30.4677
137.9056 30.3924
137.2157 32.8271
132.4462 32.3522
136.9904 32.6288
135.7035 33.2921
137.0813 33.8262
136.2362 33.1592
136.4877 33.4582
127.5787 32.2792
135.6973 32.4940
129.4467 28.8021
137.3416 32.2522
137.9468 31.7451
133.7941 32.5192
134.9734 29.3043
136.5467 33.4176
136.7675 33.1021
135.2814 31.3855
136.8401 33.2772
136.2981 31.6837
135.6837 33.0017
135.9665 31.7139
136.3582 33.6148
137.4649 33.9238
137.6018 32.3989
136.8906 32.7335
126.3016 32.1614
137.2041 34.0533
136.5620 30.6772
137.7556 31.7360
136.8346 30.0053
136.5738 30.6441
137.6412 29.8749
137.0080 32.7307
135.8521 32.5820
137.8323 31.8288
136.6600 30.7136
136.6415 32.4985
137.1769 33.9562
131.3365 29.8827
135.9090 33.5164
132.4372 30.2282
137.8977 29.9568
137.0990 33.4241
132.8144 31.5212
136.2236 33.3406
137.0909 29.5647
136.7559 32.4302
127.5657 33.1692
136.4125 31.4605
137.3803 30.8828
136.4307 30.7837
137.1050 29.4403
137.2406 31.7907
137.3492 29.6928
136.3916 33.4735
135.9893 32.9038
135.5197 32.7984
137.2070 30.6013
135.9411 32.6215
136.7851 33.0310
135.7855 33.1447
129.8231 29.4902
136.4496 33.9895
135.9508 33.4243
137.9303 34.3245
136.4737 31.4828
136.6812 31.1488
128.9804 28.0354
136.3788 33.8291
136.4290 32.8585
133.4455 32.4222
138.6912 34.3536
136.4222 31.4306
136.9588 31.4291
135.5715 32.8531
135.1548 32.8733
135.8050 32.0738
137.1230 30.2289
131.9326 31.2819
134.3235 32.5071
135.4675 32.7230
137.3060 34.1142
128.9555 29.1607
136.4500 32.5788
130.5977 28.3504
135.2163 30.9350
136.8243 32.2360
132.3187 32.0868
131.8147 31.6176
131.6008 31.1211
136.2282 33.0804
128.8513 28.9446
135.4258 31.5705
131.5046 30.9211
131.5195 30.8854
131.5645 30.8787
131.4186 30.7443
137.2716 29.9575
131.8023 31.3956
137.5397 30.4700
136.0618 33.1393
137.3590 33.0764
131.7324 31.2764
131.1663 30.1994
133.6007 29.9778
131.5325 30.6302
136.4945 32.9595
131.8449 31.2122
136.4162 32.8127
131.8819 31.6701
132.4811 32.2769
137.1528 33.4993
133.7406 30.5957
136.4388 32.6865
135.8646 31.9653
131.5240 31.1253
136.0071 29.9563
136.7050 32.8003
135.7234 32.2500
135.4505 31.4469
136.5507 32.2468
136.3938 32.6168
132.1487 32.1696
135.2370 29.4546
134.9314 32.0156
131.5658 30.7728
132.4247 32.2389
132.9095 32.4660
135.3390 31.5924
132.5786 32.3680
130.1419 28.0730
134.8294 32.1176
137.3895 30.7125
131.7296 31.2113
131.7921 31.4396
135.7602 33.0156
136.5514 32.3400
136.6074 32.3505
136.5721 32.5456
131.8060 31.6558
135.5191 32.7999
129.0673 29.1601
131.6023 31.0745
135.7934 31.4939
129.0957 28.0610
134.9559 32.0077
137.6788 29.5014
131.6605 31.2574
131.7593 31.2955
135.1961 31.8079
136.7231 32.4018
136.2336 32.2746
136.6437 31.6206
131.6930 31.1970
135.4578 31.6239
136.2954 32.8272
131.4700 30.7746
129.0339 28.0200
137.4207 30.1907
136.7767 31.1885
131.4568 30.6098
136.5841 32.1007
136.6981 32.6398
134.8936 31.2466
131.4470 30.4764
136.2765 32.7540
134.4319 32.4602
135.3927 31.6842
136.8909 32.7043
135.5855 32.2951
135.8896 31.9699
135.6635 31.5623
131.6022 30.8869
134.9322 31.3417
135.8447 29.9117
135.1520 31.3802
135.9875 32.8581
136.5092 32.9714
128.9501 28.0785
136.0972 33.0475
133.3743 32.5813
135.5221 31.5154
136.1343 32.7428
135.8568 31.5061
134.9848 31.9924
137.6967 30.0965
136.7896 32.4611
131.6441 31.0923
136.1176 32.3161
131.9794 31.7769
135.4582 31.5861
137.4449 33.6262
136.5259 32.3228
135.7588 31.5358
135.1929 31.5945
136.8644 32.9198
131.9362 31.6570
131.4748 30.8365
131.4271 30.6548
131.4799 30.6122
135.9908 31.2974
135.5577 30.5255
135.4717 31.6288
129.7843 27.6543
129.7115 27.7902
137.4564 30.3546
136.9621 30.7946
136.9697 30.1401
137.4889 29.4800
136.3848 30.4203
135.0502 31.8466
133.5530 31.3873
128.6013 28.0758
137.3977 30.9755
137.7557 30.7897
131.9743 31.5084
135.4471 31.6780
134.8093 31.5532
132.8907 32.6071
137.6103 30.5511
136.0564 29.0553
135.1399 31.8255
131.9383 29.1707
133.2663 32.5982
136.4383 31.0478
137.2820 31.6621
137.9483 30.2895
137.0132 29.8312
132.8672 32.6122
129.4936 30.1067
131.7542 30.8761
128.7557 28.9231
137.8029 31.0692
128.5417 28.1440
136.1937 31.6180
134.5745 31.8417
137.7680 30.1108
131.9611 31.0183
128.1983 28.2690
131.7935 30.6688
135.9236 29.4599
137.2372 29.8302
130.1198 28.0780
137.1129 29.9923
129.3851 30.8986
136.1739 31.3476
128.4717 28.0885
135.7039 30.3654
137.9616 30.5348
136.9047 31.1369
134.9890 31.8489
135.2598 31.6871
135.2311 30.7884
138.0820 30.0665
135.0267 31.9433
135.0108 30.9561
134.8474 31.6861
131.9057 30.9472
135.2644 30.8868
131.1448 29.9656
136.8921 31.1556
136.9333 29.4774
135.0983 30.8771
128.4085 28.8217
129.7325 27.4922
136.3477 31.8048
135.9563 30.4287
128.6801 28.0501
133.2056 28.9514
133.2873 29.4055
133.1551 32.3893
133.4663 32.6161
137.0526 29.8142
135.2105 31.3264
135.9025 31.1892
137.2031 29.6142
138.0004 29.9117
130.6750 28.3657
134.3908 32.1836
131.1591 30.5616
137.7033 29.6251
137.9225 29.1391
136.1347 32.3024
136.1900 30.9238
136.6437 31.7065
137.3831 28.9383
137.6906 31.0970
136.7619 31.5336
136.5659 32.4816
137.6062 29.4646
137.5096 29.3980
133.5469 31.4897
132.5939 32.5092
132.1484 31.5205
131.3546 30.6597
134.2956 32.5807
136.3669 31.3529
136.4394 31.2704
137.3251 31.1705
130.8602 29.6403
135.1192 31.1761
136.0860 31.5104
136.3774 30.5673
135.5494 31.6034
136.4092 33.0681
136.0078 32.8592
129.5954 28.7482
136.8925 29.5567
131.7515 31.4528
137.3703 32.6722
135.3820 30.4768
136.5177 32.2124
135.9121 31.3306
131.8999 31.7101
137.5948 31.1495
135.0515 31.5691
136.7178 30.7536
131.4518 30.6955
131.5284 30.8983
133.1653 32.6426
136.2206 30.0308
135.9229 31.8356
137.3364 33.1064
136.9674 32.8654
135.6168 31.5688
132.0612 31.8889
131.5411 31.0553
136.2531 32.9522
135.1566 31.0717
135.4192 30.7412
136.6061 32.1084
132.0897 31.8347
131.6255 30.7899
132.6334 32.3535
137.3743 31.2600
136.4483 32.5690
131.3907 30.5219
133.8303 32.4040
132.6196 32.2165
136.9707 30.0307
135.8332 32.6449
135.1990 31.1660
136.7339 30.8043
136.8578 33.1023
136.5280 32.1254
132.2213 32.2118
136.8791 30.6572
131.8339 30.7865
131.3951 30.4222
134.9265 31.7953
136.3431 31.4819
131.4889 30.4347
135.9131 32.8928
137.5791 31.1014
135.3570 31.3426
135.9933 32.3388
136.8107 30.2577
133.4924 29.5550
136.2372 32.9443
135.7154 31.3091
136.2242 31.9393
128.8406 28.2837
131.3915 30.6511
136.9436 31.0006
131.7151 31.3332
132.5015 32.4828
136.3307 30.6195
131.6610 30.8720
135.6149 29.8498
137.4623 30.1601
135.8186 29.1868
133.0249 32.4527
136.0289 32.0165
133.4906 32.3042
131.7816 31.5108
137.7841 30.2071
129.2986 29.0802
137.2206 31.0413
135.4825 31.0053
137.4757 30.5547
135.9760 32.8900
136.4215 32.6516
137.5168 30.8942
136.3319 30.8490
131.5565 30.6794
136.5522 32.5871
135.2838 31.0419
136.3357 32.3618
137.8705 30.9323
137.1595 31.6555
137.6158 30.8851
131.6884 30.8044
131.2541 30.3874
129.7552 28.7693
131.6865 31.1691
132.6492 32.4202
135.3812 31.6172
136.2346 30.7839
132.0940 31.9345
137.0301 30.0017
132.0418 31.7047
131.3980 30.7641
131.1368 30.4473
136.9990 32.8425
138.4249 30.3359
136.1531 31.2320
136.8633 29.1346
131.4773 30.2293
137.5004 29.1787
136.0010 31.3254
136.9122 29.5433
138.4994 30.1371
136.6510 30.8460
136.5966 32.1733
130.3239 28.0550
131.3483 30.2610
137.1456 30.1332
127.7271 31.1370
128.6561 28.5220
128.6185 28.7163
135.1356 29.5015
137.0352 30.4299
129.8200 27.5441
135.1646 31.4625
137.6075 30.1839
129.0557 29.2577
137.2988 30.6259
135.7014 29.6721
133.4333 32.1834
135.5140 31.4959
137.5164 30.2033
133.8356 32.5253
136.8015 32.0051
128.3009 28.0799
128.5914 28.6042
131.6546 30.7315
136.2134 30.4159
138.4130 30.4334
131.2145 30.0878
133.1796 32.3126
129.5171 30.2674
128.6514 28.0500
133.8199 31.5429
136.7030 31.0858
131.6075 31.2077
137.5517 30.0144
135.4228 31.5433
135.1308 31.2782
137.8633 30.0573
138.1549 30.0291
137.8406 30.0524
137.5695 30.9653
137.5886 29.7823
134.5725 31.1861
130.7251 29.2919
130.8238 28.4004
138.4449 30.1582
136.3082 31.0418
135.0837 31.3413
129.6855 27.6815
136.7013 32.3535
129.3668 28.9200
135.3373 32.0956
136.4723 29.9453
132.2253 31.2967
137.2798 28.9307
136.7254 32.0302
135.0457 31.1714
137.7126 31.0825
137.1509 31.2568
130.2486 27.9776
136.3931 31.1263
137.9436 29.5341
136.5939 31.8198
133.2126 32.1261
134.9351 31.5435
137.1683 30.3778
134.4735 31.8778
129.0085 29.2395
137.5152 29.7332
129.9736 27.9125
132.0032 31.2456
137.1516 31.0326
134.9211 30.5847
133.0902 32.4080
137.4986 29.0765
135.6600 31.5003
131.4906 30.6026
135.2009 31.6491
137.4831 30.8685
132.4266 31.8850
131.5610 31.1661
137.7632 29.6099
137.5827 30.2869
136.3468 31.3044
137.1825 29.8609
135.3705 31.6035
134.5484 32.2799
130.7378 30.3589
137.3354 32.3507
137.4036 29.4903
133.5317 32.0991
137.1756 30.2454
135.4154 31.5579
138.0968 29.7487
137.3870 31.2568
136.1261 28.9197
137.2906 31.0215
132.1370 30.1052
132.1213 30.9466
128.3749 27.9231
131.7179 30.1103
134.8546 31.2832
132.0468 31.5976
137.2168 30.3612
135.5862 32.4820
137.4877 31.1046
136.5166 30.0586
136.7544 29.1893
135.3797 30.4270
135.2850 30.9991
137.3123 29.9064
137.9687 30.9098
131.1996 29.9495
133.2260 28.9762
135.6622 30.6424
135.8398 31.2581
136.4007 31.2728
136.6594 28.8916
135.5467 30.3411
138.1951 29.4992
132.1851 31.2103
136.9778 29.6903
137.2706 29.4415
136.6678 32.3484
137.2628 31.5493
136.2039 31.2031
138.1829 30.2610
137.8904 30.5786
137.6508 31.0952
138.1723 30.0295
135.2735 31.5688
135.1138 30.5367
135.5340 31.4118
134.3773 32.2431
137.6461 31.0961
129.3004 30.7441
131.0434 30.0582
136.3874 31.3006
133.7166 31.4285
135.9740 31.8163
133.5314 30.7249
136.1144 30.5719
137.7690 31.4544
131.4135 30.0980
135.4769 30.2187
137.1275 31.5411
137.7537 29.4768
136.8058 31.4115
132.0603 30.1221
136.8669 30.9551
137.0604 30.9869
136.6297 31.7047
136.4642 31.2839
136.5440 31.5410
131.3191 29.8117
137.8824 29.5392
134.7649 31.7598
131.4370 30.1807
134.5719 31.6185
136.4481 31.1053
137.9854 30.3536
137.3374 31.3888
138.3615 29.5496
137.7661 31.1630
137.5542 31.1778
137.5892 30.9532
136.0271 31.4639
135.8035 31.3064
134.5438 31.8864
137.5361 31.0242
137.6420 30.8031
135.9234 29.3062
134.9944 30.7890
131.7178 31.3258
136.5421 32.2013
137.4431 29.7071
137.1086 29.9165
131.8100 31.6916
135.7926 29.1028
137.4824 31.1148
137.7995 31.0408
137.2747 29.8739
137.5284 30.4647
132.8636 32.5595
138.1882 30.2687
131.3636 30.1699
137.5440 30.6553
137.0382 31.5992
131.5361 30.5108
131.3096 30.2991
137.0654 29.8166
131.4899 30.2285
137.5295 31.7785
136.5690 31.5199
138.2715 30.4211
131.2775 30.6147
136.2973 31.1194
131.6132 31.1181
137.4572 29.9296
137.9573 30.0681
137.2654 29.3940
131.9693 30.4093
136.8499 30.6231
136.8177 30.3020
131.6333 30.7032
137.9055 30.1010
135.3973 30.1978
137.1512 30.3226
137.6756 30.6254
137.4861 31.7066
138.0027 30.1603
131.6942 31.1012
137.4410 29.9065
137.4513 31.2326
131.4953 30.2411
131.4240 30.3706
137.4010 31.3168
137.4838 29.5885
138.0152 30.0237
137.8676 30.1918
137.3699 32.5413
131.3356 30.2958
137.2236 31.0667
137.1795 30.2341
135.0563 29.3555
132.0256 31.1962
137.4398 29.5351
137.3517 30.3151
137.6142 30.6404
133.2284 32.4444
137.6704 29.5251
131.3575 30.2604
137.8203 30.3291
137.9921 30.0359
135.0493 30.6663
138.3009 30.5792
135.2583 29.1733
138.1007 30.5658
137.9844 30.4996
137.9724 30.8911
137.6062 29.6596
137.2973 32.4744
137.8976 30.0662
137.0943 29.5364
138.0639 30.4124
137.6704 30.0742
137.7605 31.0527
137.3928 31.0524
137.8312 29.7011
134.6979 31.6027
134.6221 31.3233
137.8697 30.3304
137.4550 31.2653
131.3136 30.4443
135.4523 30.5682
129.2946 27.3801
132.9900 32.3361
137.3824 30.2561
137.1143 31.7963
137.8613 30.0312
138.0216 30.3628
137.4219 29.8367
137.1589 29.5236
137.9866 30.2770
131.4180 30.2493
132.4340 31.8115
131.4933 30.7322
131.4622 30.4883
137.4597 31.1513
136.8273 30.3440
137.8955 29.9223
131.5665 31.0519
131.4205 30.2360
138.0779 30.3638
138.2169 30.2377
134.6721 31.7970
137.5281 29.7898
137.8502 29.8406
137.2441 29.6200
131.3474 30.5029
137.7796 29.8613
138.0565 30.2155
137.9375 30.3180
137.1334 29.7375
137.6699 29.9778
137.6037 30.9240
137.8186 29.8999
138.2141 30.8319
136.7610 30.3942
137.6566 31.1258
137.5446 29.7551
138.0114 30.3678
131.3838 30.4442
131.3887 30.5890
137.4699 29.7464
131.3714 30.4383
131.3966 30.1642
134.6025 31.0605
134.9785 29.6416
131.3121 30.3478
137.6349 30.1373
137.5335 29.7051
137.0755 30.1749
137.9148 30.2218
137.8790 29.8910
135.4515 31.6317
136.9033 30.4771
134.5378 32.0351
137.5521 29.8991
126.1151 31.0544
135.7399 31.4826
136.9448 32.8012
136.3539 31.5093
138.6659 30.3040
133.6208 29.8619
136.3439 31.2376
138.4142 29.6222
133.5150 31.8784
134.8967 31.4087
137.4641 32.5012
137.8750 31.0440
135.8704 30.3369
136.2562 31.0834
138.6995 30.4032
134.4629 31.2176
137.7615 30.8216
135.1349 31.6439
136.6923 32.4430
137.0177 29.2175
133.4244 32.6510
137.2145 31.0039
129.3559 28.7154
134.5003 31.6570
134.9000 31.6568
135.8097 31.1311
128.1225 27.8592
136.5550 28.8085
131.7566 30.2633
137.8950 31.2071
136.6797 31.3989
135.9838 29.5791
136.9121 30.6532
135.5161 29.9989
137.5041 31.4569
135.2796 31.3087
135.9625 30.5512
135.8732 29.9183
136.9461 31.5566
135.7106 31.4526
134.8364 29.1704
130.5230 29.0028
135.2812 29.1341
128.1557 27.8445
128.8301 29.2854
137.1322 33.0940
137.1395 30.9712
134.8014 30.8419
135.4061 31.5708
135.8809 30.4889
137.3087 31.4817
130.0499 27.7111
132.4833 31.0933
137.0823 28.7956
131.3981 28.7393
136.9297 33.3981
137.2539 31.6600
137.2381 30.9935
137.0355 29.5543
137.5445 30.3485
135.6892 30.2898
136.2740 32.2535
137.4357 30.7774
132.1639 28.8779
134.7478 31.4203
134.8726 31.5792
131.4072 30.7466
131.7870 30.3794
132.2605 31.4265
129.9727 29.2866
136.2764 31.1631
135.3264 31.3288
135.3947 31.5102
130.3077 27.6406
132.9791 28.7316
135.6534 32.2097
136.8423 32.6075
135.4885 32.9675
135.7338 32.2833
136.1279 33.0796
137.2518 30.5808
136.9987 33.0188
136.7160 32.2522
135.9067 33.1325
136.4038 32.9442
135.3924 32.5063
137.1789 30.8155
137.2319 30.8167
136.6287 32.2300
135.9950 32.8039
136.1639 32.3200
136.4730 32.7814
136.3665 33.2026
135.6513 33.0338
136.7688 32.6528
135.9515 32.7074
135.7979 33.0130
136.0222 33.1115
136.2480 32.2429
136.0122 33.0959
136.5964 32.4421
136.3084 32.8292
136.1871 32.3287
136.6367 32.6227
135.4131 32.6746
136.4387 32.6142
136.9790 32.9218
136.5843 32.9220
136.1081 32.9200
135.3960 33.0052
135.6998 33.0078
136.8368 32.7038
136.4040 33.1151
135.7908 32.6273
136.1124 33.2084
136.4020 32.6017
136.6536 32.6219
136.7674 32.3661
136.8110 32.4865
136.7411 32.2739
135.5774 32.9537
136.6865 32.2713
135.6101 32.9891
136.3398 32.9667
136.0772 33.1841
136.7828 32.5112
136.9616 32.8536
135.6959 32.2310
135.9087 32.9267
136.1754 32.4422
136.8119 32.5610
136.2167 33.1233
136.7431 32.5659
136.9164 32.7630
136.7711 32.5036
136.5176 32.1196
136.9916 32.9774
135.9977 32.8383
136.7136 32.6271
135.9597 32.8388
136.5281 32.6517
136.8486 32.5471
135.5539 33.1658
135.9062 33.0786
136.6647 32.6073
136.1807 33.1138
136.0872 32.8755
135.5013 32.4252
136.7543 32.6569
135.4623 32.4367
136.8354 32.6474
135.5186 32.9360
137.0450 33.5086
136.0744 33.0988
135.9560 32.8599
136.4661 32.8217
136.1583 33.2125
136.8480 32.5773
136.5874 32.3586
136.9272 32.8177
136.2988 32.5146
136.6961 32.2831
136.3859 32.6994
136.7451 32.6058
136.5958 32.3252
136.0206 33.1902
135.4469 32.6673
136.8943 32.7608
135.6315 32.9776
136.4381 32.5915
135.2475 32.7389
136.6196 32.6176
136.8632 32.5875
136.6785 32.8738
135.7304 32.3410
135.9860 33.0665
136.0785 33.1094
135.4533 33.0746
136.3098 33.0553
136.3025 32.4567
135.8846 32.2695
136.1929 33.1007
136.8410 32.4859
136.1960 33.1340
136.2864 33.0414
136.3449 32.7631
135.6871 33.0348
136.9277 32.7365
136.8731 33.0356
135.4429 32.6592
136.8098 32.7083
136.8057 32.3693
136.9362 32.8338
136.8381 32.7208
135.5431 32.3382
136.1173 32.2909
136.4298 32.7692
136.4173 32.6221
136.4644 32.8507
136.4532 32.6125
136.3849 32.9563
136.4730 32.8500
137.0813 30.6320
136.0464 32.9676
135.5880 32.3317
135.4637 32.5363
135.5741 32.9412
135.8674 33.0644
136.3589 32.9908
136.8418 32.6413
136.5843 32.6963
135.6707 32.9943
136.9020 32.7631
136.6448 32.6500
136.3876 32.8398
136.1768 32.5293
135.3418 32.6556
136.5241 32.5551
136.3076 32.4626
136.6697 32.2483
137.2029 30.8134
135.6225 32.6709
135.4318 32.4867
136.7184 32.4114
136.2054 32.4538
136.1165 33.2699
136.1797 33.0777
136.7745 32.6752
135.3645 32.5926
136.2388 33.2573
136.7219 32.2803
136.0619 32.9608
136.8381 32.5890
136.4692 32.7722
136.8356 32.4839
135.7700 33.0830
135.3763 32.4723
136.1262 32.5133
135.7415 32.9890
135.3380 32.6047
136.3329 33.3685
136.1581 32.5467
135.3665 32.5218
135.5511 33.0036
136.5090 32.8454
137.2385 30.5429
136.9283 30.6863
135.8717 33.1271
136.5013 32.4195
135.8271 32.2178
136.5589 32.3522
136.6999 32.4323
135.4762 32.3817
136.8023 32.7463
136.1404 33.1524
135.4338 32.6598
135.6071 32.2824
137.2620 30.7791
135.5617 33.1124
136.8211 32.6376
135.4341 32.5102
136.8578 32.7152
136.4626 32.5474
135.9385 32.8947
136.8400 32.5008
135.8329 32.7742
136.3133 32.4231
136.0669 32.2716
136.6446 31.8535
136.0164 33.1202
136.7112 32.5940
136.6513 32.2354
136.1543 33.0110
136.0236 33.2088
136.2462 32.2536
136.6432 32.9482
136.8272 32.5056
136.0557 32.8681
135.5533 32.6660
136.7538 32.4009
135.7625 33.0481
136.8864 32.6607
137.4396 30.5018
136.8304 32.5146
136.5773 32.0233
135.9161 32.1902
135.9790 33.0788
136.6237 32.4149
135.7695 32.3330
135.5238 33.1390
135.9551 32.9402
135.9832 33.0895
136.2978 32.8628
135.4994 33.1429
136.4545 32.9169
136.2060 32.3180
135.4582 33.0942
135.3554 32.7118
136.7611 32.3441
135.5258 32.9648
135.7027 32.2446
136.8676 32.6403
135.8824 33.0310
136.1828 32.9682
136.3573 32.8994
136.1698 32.4066
136.2788 32.9335
137.1862 30.8147
135.4364 32.4316
136.9481 30.6510
136.3185 33.0427
137.2063 30.6011
136.8259 32.6994
135.3876 32.5041
136.3588 33.3968
137.1514 30.6702
135.7901 33.1528
136.6786 32.9682
135.6011 32.9508
136.3795 32.9243
136.4211 32.8848
135.6180 32.8835
136.3595 33.2052
136.7471 32.6722
136.2579 32.5252
136.0088 32.9958
136.5609 32.8545
136.5619 32.3259
136.9560 32.9623
136.3446 32.8830
136.6888 32.5379
136.7133 32.4019
135.3622 32.5109
135.4820 32.3170
136.8847 32.8626
135.4911 32.9534
137.0901 30.4986
136.8639 32.7095
136.1068 33.0710
137.2483 30.6307
136.2618 33.0916
135.8763 32.2840
135.3958 32.5721
136.5473 33.0043
136.8174 32.5924
135.4823 32.4274
136.1165 33.1099
135.6365 32.7342
136.4840 32.6481
136.7426 32.3509
136.1493 32.3512
136.2828 33.3250
135.3804 33.0192
135.6594 32.3310
136.3835 32.9345
136.6389 32.5736
136.1722 32.3705
136.0778 33.1156
136.9134 32.7429
136.1034 33.2573
136.1654 33.0755
135.3967 33.0331
135.7312 33.0478
136.2045 32.9219
136.8300 32.6085
135.5164 32.8867
135.7063 33.1057
136.2009 32.2945
136.2698 32.9665
136.1518 32.4211
135.8735 33.0260
135.4609 32.9883
135.9297 32.9077
136.8537 32.6040
136.8363 32.5416
135.8949 33.1547
135.9388 33.1975
136.8484 32.6773
135.7946 32.9959
136.6953 32.2768
136.1451 32.3840
135.5764 32.9686
136.1751 33.0854
136.4658 32.8608
136.5592 32.6378
137.2475 33.7776
137.1189 33.6518
136.4384 33.3388
136.1741 32.3886
136.5860 32.6722
136.6763 32.5643
135.9952 33.0846
136.5478 32.3573
137.2286 30.5329
135.4295 33.0131
136.3708 33.0709
136.1304 32.3742
136.8333 32.6257
136.6105 32.6174
135.7540 32.3000
135.7185 32.9880
135.9071 33.0647
135.3651 32.5781
135.6902 33.0127
137.1586 30.8785
135.9607 33.1886
136.6974 32.4129
136.0513 32.5049
136.7841 32.5650
136.8355 32.6206
136.4364 32.8955
136.5644 32.5943
136.0605 33.1871
136.4376 33.2511
135.4227 32.4090
136.2904 32.8098
135.6334 32.9428
136.4332 33.4476
135.5586 32.9318
135.2204 32.6547
136.3501 33.1562
135.8250 33.0428
136.2414 32.9309
135.9008 33.1398
135.4680 32.3472
136.9019 32.7444
135.6587 32.2944
135.7191 32.9936
136.1335 32.2885
135.7687 32.6180
136.7923 32.6109
135.6235 32.3159
136.1926 32.2998
136.5502 32.8186
136.8455 32.6160
135.3946 32.9369
136.6066 32.4908
136.1221 33.0716
136.5073 32.9602
135.9410 32.3512
136.2959 33.2750
136.0811 32.9653
136.6560 32.6270
136.7169 32.3948
136.1035 33.1146
136.2199 33.2034
135.9997 33.1121
136.6722 32.5993
135.7000 32.9545
136.1211 32.4237
136.3825 32.9851
136.0166 32.3591
