134.5876 29.9293
135.3962 28.7408
135.9178 28.6851
138.5684 33.5457
136.2191 33.5963
132.9675 30.9386
132.9662 31.3351
135.8103 29.2635
138.3576 30.0396
127.9205 27.7322
137.6626 28.8185
135.9276 32.1100
138.4123 30.3525
134.3799 29.2959
136.9891 29.8335
135.4533 29.6075
136.0256 31.5098
132.1334 29.9303
133.1163 31.0824
137.2523 29.7701
132.9213 30.9215
135.6775 31.1660
136.0600 31.8202
137.7609 29.6236
137.7060 30.4666
137.3257 28.8546
132.8718 32.6781
131.6661 29.7984
135.2072 32.7063
136.0001 32.2230
136.6606 28.5966
136.7861 30.9091
138.5444 29.0608
137.1214 28.6651
137.7134 29.2154
138.1324 29.9110
134.3077 29.0503
138.4454 30.1940
137.0675 29.8120
137.5127 34.3963
135.5238 29.6579
137.8154 30.5436
138.0452 30.2707
136.1493 31.7997
136.1924 30.6373
132.9245 32.7059
135.2236 29.7255
129.0722 27.6712
136.8092 30.0662
135.8446 28.9396
135.8615 32.3002
138.4871 30.0770
136.4814 30.3187
137.5223 28.4343
135.5809 32.8389
133.0833 31.2261
132.8920 30.5333
137.8819 28.7300
133.2375 28.2784
137.1654 29.5871
134.6239 29.4099
135.8967 32.2344
138.2926 29.6794
134.5382 27.1583
135.5713 33.0662
132.8883 31.0482
131.6088 30.0278
135.9492 31.2879
134.2482 29.0878
137.4841 30.6398
137.6348 28.8702
137.9020 29.6228
132.0482 30.0598
135.7653 32.5683
137.1008 29.1842
131.5685 29.7216
136.3768 28.6071
137.6661 28.7629
135.2230 29.7211
137.2310 28.4256
137.2244 30.5586
136.0255 31.1176
134.9422 27.5313
137.6117 30.1637
132.2986 30.2787
134.2741 29.0872
137.1557 28.1228
136.0329 31.6729
135.7636 28.8571
138.4395 29.0325
136.9468 28.3030
137.1647 28.4845
132.8975 31.2336
136.1943 30.6661
133.1728 31.3892
128.2236 27.7713
137.4665 28.8473
137.7731 29.8875
128.4076 29.1608
137.2937 29.2429
135.9847 28.9586
138.3020 29.1968
135.9418 31.5194
137.6210 28.8535
136.0563 28.3342
135.8107 29.2636
138.3605 30.2466
132.7497 31.2777
138.4243 29.0956
135.5371 28.5579
135.4109 33.1380
134.7387 29.3704
136.2151 28.4216
138.2009 30.1252
134.3647 30.0870
132.6791 30.3700
136.0772 29.2045
138.4603 29.9170
140.4859 33.6605
135.6740 30.2651
137.8444 34.1156
136.7588 33.7009
135.7744 32.4332
137.1862 28.5645
137.2296 28.5323
132.8867 30.6609
131.7620 29.8017
138.5892 29.7070
135.5180 33.0347
138.2189 30.3440
137.5195 28.5244
134.9376 29.8559
138.2632 29.0917
131.6978 30.1042
132.8904 30.5958
131.7706 29.9736
136.1444 30.8640
129.2517 27.6066
135.7895 32.4354
136.2974 30.4889
136.4688 28.7046
135.3887 31.6445
137.9982 29.6290
136.0932 31.3200
138.5343 29.8620
135.5969 29.4786
137.4798 28.3741
135.6103 29.1163
132.0828 30.9105
135.8192 32.1398
137.1477 29.0993
136.0282 31.3136
132.1034 29.9850
137.7264 29.3635
138.3729 28.8381
134.6194 26.9950
135.5830 28.6876
135.5164 33.0100
137.1748 29.4061
132.9262 31.2947
132.8540 31.3505
133.1190 30.9368
136.3021 30.7216
132.5246 30.3187
137.8765 29.6118
132.3002 30.2370
131.3737 29.6020
133.1111 31.4014
133.6865 28.9708
133.0945 31.0591
137.3269 29.3578
135.9574 28.4075
132.3886 30.1992
137.9855 29.9319
138.2041 29.3551
139.0393 34.4976
135.8295 31.1116
131.7019 29.8270
136.0329 33.5144
132.0309 29.9950
138.3555 29.0686
137.8188 29.9314
134.2384 29.1130
134.9350 32.8911
132.0719 29.8696
138.1135 29.7915
134.2009 30.5936
131.9993 29.7454
130.3972 28.3829
135.5354 32.5591
135.9855 31.3430
135.9566 31.1045
135.7472 29.1909
137.1489 28.8842
138.2274 28.7643
135.5845 32.4386
132.3824 30.2909
133.0773 32.6435
135.3747 29.3575
138.4986 29.9703
132.3541 30.1184
131.6326 30.1941
138.4067 29.9021
135.7460 29.0679
139.3959 34.4028
137.8846 34.2337
137.1309 30.4383
136.1951 32.0130
138.0544 28.7254
138.0659 28.8375
135.9136 31.3761
136.2424 32.2583
131.5276 29.8318
132.8962 31.2966
137.6610 29.8721
138.6794 29.6726
132.9437 31.2723
137.9764 28.8071
138.2815 29.2033
135.6507 29.1284
135.2923 30.4385
137.7937 29.8273
136.4133 31.7864
137.3498 28.5172
132.9766 27.9034
138.4941 29.9492
138.2180 29.8896
131.8987 30.0767
135.7110 32.5759
137.6262 29.1209
137.7267 28.7975
132.6479 31.5108
135.3127 32.8236
137.7127 30.4516
135.8386 29.1136
137.8412 28.7117
131.1667 27.0794
138.2788 30.2463
135.5501 30.8242
137.4872 29.4787
135.3998 30.5527
135.6370 32.6501
135.8512 29.1449
138.3486 34.3817
132.3261 27.3454
138.2083 29.7233
136.5261 30.2036
137.4306 34.3450
136.9733 28.7097
135.5767 29.8020
137.7901 28.8508
137.8610 30.4257
133.1407 31.0336
133.1240 31.1858
138.5341 29.8236
127.7845 27.7411
137.7777 34.2922
136.7661 30.6586
135.3417 33.0183
136.0604 28.6332
132.9448 31.3367
132.5801 27.3881
132.7720 30.4487
132.6161 31.2010
136.0996 29.2586
136.7765 28.5500
132.7015 30.6605
136.7183 28.5800
135.9581 28.5642
137.8900 28.6771
138.4918 29.0936
132.5610 31.3118
133.0367 30.9561
136.2158 30.6857
138.5237 29.6244
137.6628 29.6512
138.3806 30.0572
135.5002 32.6188
135.2493 32.8071
137.6103 29.9979
136.0815 30.6278
137.1662 28.7710
136.2854 31.3997
132.2969 30.0081
137.1442 28.6293
132.4391 30.1225
135.3169 29.7995
137.7729 29.7914
138.3035 28.7522
137.0629 29.4200
136.4572 28.5324
132.8949 31.0796
137.8198 28.9317
134.7060 29.0716
136.5165 30.3484
136.2490 28.4764
135.9630 29.2822
135.9012 28.7657
133.2921 28.1976
135.9221 31.9956
137.1957 29.4677
137.3866 29.6620
139.1540 33.9142
137.6753 29.6253
138.4020 28.9237
136.6009 28.4640
138.4708 29.1088
134.6921 29.2566
138.6025 29.5070
132.8822 27.6754
134.4205 29.9995
132.8937 31.3974
138.1731 34.3779
132.8009 30.4501
137.8851 28.7040
131.6849 30.0073
135.6228 32.6767
138.0425 29.7452
133.0990 31.2765
136.9954 28.8981
135.1160 29.2996
137.5060 29.3424
138.6559 29.4106
132.7874 27.7621
138.1278 29.8878
135.7488 32.5476
133.0222 31.2421
138.1089 30.1986
136.2454 28.4664
132.9452 27.5858
134.3141 29.9857
135.3935 28.7231
129.2969 27.4352
137.5750 29.7757
131.9560 30.2753
135.8696 32.2121
137.3562 30.4805
137.6466 30.1210
137.8239 30.2748
131.7826 30.1590
137.9762 29.8171
136.1101 29.1900
137.7173 29.4741
138.4001 29.4739
138.0445 29.7467
137.2927 28.7046
131.6816 30.0108
134.2984 30.2960
137.5734 28.8731
135.8877 31.0825
135.7719 29.1905
135.3977 32.9428
135.5028 29.5178
132.8722 31.6049
138.5589 29.4437
135.9601 31.2865
136.4869 28.4190
128.4632 27.1159
135.9903 28.0916
135.8338 32.3110
136.6980 28.3684
134.8668 29.9717
136.1841 32.0437
138.6900 29.7430
137.9697 30.3351
137.4700 28.7091
135.5588 32.6726
138.4777 29.8253
138.5058 29.1862
137.8573 29.6657
135.9840 31.2137
138.7949 29.6618
137.8300 30.4299
137.1983 29.3746
133.1371 30.9543
136.1084 32.4001
127.6276 27.3816
131.3949 30.1280
132.1640 30.2509
137.7475 28.9822
131.7923 29.8910
138.2341 29.6696
132.7039 30.3007
133.2404 31.2795
135.9178 32.5757
138.4621 29.8489
137.4763 29.3752
138.3750 30.0299
138.3254 30.2701
137.6320 28.7531
134.3988 31.5344
129.7875 27.7608
139.0294 32.9760
136.2696 32.1358
132.9238 30.6062
138.3955 30.1798
138.3073 28.9553
135.1420 32.8585
134.9814 28.9912
136.7336 28.5882
134.8433 29.0451
135.1842 29.7852
137.5200 28.7058
134.6640 29.7897
136.4249 28.3659
138.4624 29.4568
136.0029 32.1868
135.0686 29.7665
138.2711 29.8422
135.7512 27.7941
136.9300 28.4686
131.8149 30.0413
134.7679 29.7757
133.5269 28.6685
138.0363 30.0583
137.7729 30.5848
137.7911 28.9557
135.7171 29.3390
135.0195 28.9535
138.2678 29.9681
133.0143 31.1123
135.7439 32.4922
137.6322 30.0025
131.9724 30.0294
138.4320 29.4296
137.1309 28.4377
136.1464 31.8779
134.8285 32.5021
132.6034 31.1192
135.6997 28.8450
135.1991 33.0735
137.5371 28.4805
137.0989 30.2533
131.8639 30.6518
138.1095 28.8049
138.4500 29.0993
131.5051 29.8856
132.5591 31.1213
136.0477 32.5131
133.0385 31.4105
135.2171 32.6666
134.1216 32.5396
138.2233 29.6431
135.3019 30.2809
133.1955 31.3907
134.1730 29.0516
138.1579 28.8693
135.7418 29.3067
138.0345 28.7008
137.3194 29.0657
139.5820 33.5619
138.4874 29.1305
137.4101 30.0119
132.8702 30.5991
132.1848 30.1949
132.6936 30.3560
137.9745 28.7402
138.1565 30.2696
138.3229 30.2988
134.3434 28.9960
135.9095 31.8391
133.0361 28.5141
136.9797 29.9897
135.4504 31.5098
137.2715 28.3944
132.7909 31.1774
137.2959 30.5245
135.1840 30.2230
135.4036 28.6636
138.6861 29.6014
137.7210 28.6834
132.3351 27.7070
135.5656 32.4441
127.9713 28.7050
136.9818 29.4993
135.5193 29.5907
139.4046 33.8587
134.5355 27.0526
137.4369 30.2225
137.5100 28.8404
136.7990 28.2861
135.0392 29.8116
136.3525 28.4185
138.5316 33.6783
131.1644 29.7979
137.3275 28.7137
135.8918 28.2792
131.3410 29.5607
136.7891 33.8682
136.2463 29.1086
134.2967 28.9987
137.0645 30.3444
134.9128 33.1445
138.9859 33.5656
136.1013 32.4448
139.4401 33.2153
135.1519 29.6839
137.4933 30.1114
127.7208 27.7168
133.0031 31.4128
138.6099 29.3800
137.2432 30.3727
135.8114 29.1551
138.5260 30.1000
137.0388 28.5185
137.8036 30.3255
138.7254 29.1858
138.2489 29.2948
137.6866 28.7767
137.3837 28.2286
133.2593 31.0459
135.6880 29.3948
137.6331 30.3240
134.9285 28.9573
135.9629 29.1868
137.2368 29.1141
136.0243 29.2003
138.4063 29.8600
133.0776 27.4927
137.6035 30.0591
127.6980 28.1961
137.4284 28.7047
136.3674 30.4094
133.0179 31.2678
133.1128 31.3595
138.2041 28.6845
136.0170 30.7854
138.3214 30.3008
137.6411 29.4296
138.2859 29.4583
128.2320 28.6204
137.4285 30.3616
138.0999 29.4933
138.6781 29.6423
138.6298 29.8498
135.9929 31.1211
138.5210 29.4179
137.3725 29.5017
138.3195 29.0141
132.9848 31.1972
137.4887 28.4622
133.0636 30.8955
132.1902 30.2329
133.6906 28.6169
137.5595 30.1596
133.1769 31.2828
129.1973 27.5511
135.9596 29.0279
138.1685 28.9261
138.3742 28.8949
138.6915 29.0758
139.0556 33.1715
135.9309 29.1038
136.7415 28.4408
135.9954 29.0966
138.0781 28.6842
134.9733 29.0398
137.6429 29.8951
138.3319 29.2349
138.2469 29.3788
128.8486 27.1949
131.9715 30.0069
133.5652 32.7710
136.8516 28.4623
136.4483 28.4912
136.0603 30.9748
138.6140 29.2329
136.2605 30.4590
138.4989 29.2769
132.4658 30.2611
137.5497 29.8038
132.0039 30.0658
133.3230 28.4332
135.7357 28.8030
132.1150 30.1184
131.9315 30.0092
135.3633 31.3633
135.9384 31.3619
137.8439 30.3157
133.1410 31.1453
131.3944 30.9510
137.2267 30.4727
131.8889 29.8669
132.6448 30.4937
133.0574 31.4603
138.2910 29.4575
137.9551 30.1919
136.0100 31.5396
132.9693 30.9650
128.2876 27.5742
138.1785 29.0156
132.9509 31.0804
136.7076 28.1534
138.4593 28.9310
137.7482 30.3287
137.9619 29.9672
132.2101 30.0496
134.3236 29.5468
138.3736 28.8991
136.8615 29.9700
137.8612 29.7897
138.4735 30.0973
139.2867 34.5657
134.8579 29.8710
132.1769 29.9850
133.0177 27.8217
135.9530 32.0167
138.6979 29.2124
135.1184 32.6867
138.2605 29.3431
138.2917 28.8443
134.9757 32.9897
137.7886 29.3026
137.6812 29.0738
135.9738 31.7559
134.9635 33.0630
138.4731 30.2235
130.8515 29.7850
135.3610 33.0645
137.9639 28.6880
135.8263 33.2018
138.9754 33.3425
129.2357 29.1084
137.8439 29.4239
135.8973 33.4084
138.5716 30.0411
135.1622 32.7028
135.5008 32.4999
138.7264 29.1396
137.7623 28.9886
136.1977 30.6670
135.2779 31.6313
138.0063 30.4406
134.9739 32.9307
130.9786 30.2997
135.5229 32.8159
135.3304 32.7889
135.6508 32.6079
128.1436 29.0010
137.7387 30.7464
128.8270 28.4296
138.7117 29.2618
135.2383 33.0970
137.9591 28.6391
136.0742 30.9046
138.6566 30.1239
138.7633 29.8993
136.0797 32.3571
138.5102 29.4119
137.3029 29.6824
137.2657 29.9085
136.1255 33.5153
135.9715 31.7971
135.2498 32.9033
138.4304 30.2483
137.9674 29.8654
128.9915 29.2798
136.8127 30.5335
139.0174 34.5021
138.7314 29.6365
128.8770 28.9958
137.9474 30.6246
135.9704 31.6341
136.0119 32.0429
136.8630 31.0473
131.1040 29.5998
136.8463 29.9843
136.1467 30.8760
137.6520 29.9526
135.6178 32.4832
128.8835 28.9179
138.4659 29.5489
136.0276 31.2753
138.7294 29.3168
137.3333 28.3572
139.4284 33.0982
135.6067 32.6443
131.4459 29.8629
137.2628 28.5936
135.7170 32.2321
137.8455 30.0512
137.7530 34.4244
128.1010 28.2305
137.1274 28.6888
139.3399 34.1374
135.4540 33.3003
136.4710 30.4445
140.2285 33.5794
136.7949 31.1269
139.3107 33.7981
137.7177 29.9853
139.6162 33.7396
137.5494 30.8122
137.6967 28.9465
137.4766 30.8359
138.8875 33.4347
138.5844 28.9843
136.9595 30.0446
136.0516 31.0203
139.3393 33.2918
138.4084 28.8820
136.0301 31.9289
134.9079 32.8297
136.7073 30.7588
137.9734 28.6488
135.9493 31.5922
136.2332 32.3592
138.1338 34.3563
137.1195 28.5355
138.1544 29.4959
137.5012 29.5081
134.8094 33.2140
136.1642 31.7686
139.2396 33.6190
137.4112 30.2622
138.7362 29.3003
138.0004 28.6943
135.4662 33.0811
136.0892 30.9601
135.9862 32.0079
135.2977 32.9742
136.2063 30.6860
135.9736 31.3133
136.4344 33.6507
135.9754 31.5540
131.5246 29.7630
135.1828 32.7464
135.5800 32.8725
134.7983 32.9469
136.0054 31.2286
138.6916 33.4718
138.5933 33.5898
136.2043 30.8079
138.4822 29.0154
135.4677 32.4504
134.9386 32.9219
134.8718 32.8900
136.0052 31.4755
134.7587 33.1733
135.9135 31.9851
131.3750 29.6908
135.1126 32.7327
137.6245 30.4013
135.2807 32.6379
138.4833 34.4195
138.0371 30.4889
135.2083 32.6300
137.1252 34.0184
139.7339 33.8909
136.1017 31.0447
128.8948 29.1731
135.0209 33.2671
137.1973 34.0779
135.3168 33.0556
139.1543 34.6493
137.6818 29.5694
136.0903 31.0777
137.4762 30.7648
134.8609 33.1979
135.3275 32.6050
136.1490 30.8044
137.1698 34.0787
135.1221 32.8604
134.8549 32.9940
137.6917 29.5564
137.4424 30.5458
135.3392 33.2352
138.3654 28.8715
135.4577 33.0110
135.7647 32.1685
136.1926 30.7172
136.8670 33.8543
138.1977 29.0422
136.1027 30.8144
131.2382 29.7551
135.3631 32.8716
134.8264 33.1732
137.8849 29.2139
134.9381 32.9098
135.3567 32.8895
135.5728 29.5531
137.4442 30.9589
131.3558 29.5484
136.0255 31.1779
138.3184 34.3720
137.8752 29.4849
136.0034 31.5084
137.1363 30.7505
135.3723 32.7568
135.5323 33.2147
138.0993 30.6289
137.6874 29.3517
135.8357 32.3607
134.9355 32.9858
135.0886 32.7903
135.9120 32.0219
135.0824 32.9672
136.6657 30.2289
135.2892 32.9990
136.8181 30.1299
138.7077 29.2174
135.5289 32.4063
137.4078 30.7686
128.9945 28.3151
128.1472 27.7811
137.6226 30.7092
138.0340 30.5133
129.1587 28.3105
135.2569 32.6632
136.1033 30.9528
134.8917 32.8112
138.5532 28.9917
136.7981 33.8646
135.3833 32.4602
135.7182 32.2596
138.5977 29.1022
139.1391 34.6505
130.9058 30.1329
137.3897 29.7281
138.6544 34.4543
137.5276 29.9097
135.0228 32.9492
137.6035 29.6055
135.5811 32.4771
128.2247 28.5493
137.2356 29.7671
131.4891 29.8369
137.0745 29.8094
134.9947 32.8994
135.0793 32.7044
137.4533 29.9991
134.9568 32.8186
135.2301 32.6035
135.0392 32.7928
135.2651 32.9207
136.2241 30.6763
136.8310 31.0234
138.0557 28.9881
135.5209 29.7144
135.6055 33.2539
135.6368 32.8277
134.9058 33.1318
131.0222 29.3529
135.0435 32.8316
136.6289 28.9350
137.5477 29.7761
139.8104 33.6982
136.6879 28.4172
138.0333 34.4240
135.9607 32.3004
135.5722 28.2256
133.2049 28.5652
136.5498 29.6216
127.9594 28.8922
137.2530 28.9222
136.0563 29.2491
127.9520 28.3000
129.1252 28.2937
129.3054 28.9268
136.3616 32.7359
136.2053 28.2706
137.4541 30.6793
135.7292 30.3166
135.4566 32.6566
133.1566 31.2637
135.8987 29.6880
139.4913 33.3883
138.4751 29.9561
137.2027 29.6633
135.6100 33.3511
133.3576 29.8760
136.0460 31.0198
136.1459 31.6320
138.5936 29.8651
135.8530 32.2603
138.8564 29.2049
137.7157 29.1883
138.2551 29.6642
133.1573 32.1784
136.5019 33.7746
137.3613 34.2166
137.0071 28.5232
133.1806 32.7097
137.9362 29.1251
126.2837 31.6535
129.8688 27.8448
136.1230 28.4881
128.3997 28.0089
137.2383 29.7941
138.1837 30.5785
138.9298 33.4805
138.0067 28.8600
137.1027 28.6208
135.2121 32.8118
138.4295 29.0351
136.2437 33.6426
139.2858 33.0950
136.0699 28.7432
139.3852 34.9460
135.4111 32.6599
133.1606 30.8694
136.1171 30.8423
135.1537 29.8444
136.8766 33.8621
136.9838 29.7335
134.8498 33.2067
131.7396 30.7999
137.7775 30.6078
135.4318 33.1790
137.5173 34.3641
137.9593 28.4947
138.4918 29.8342
136.1254 33.5274
136.3948 29.1894
135.5391 33.4279
136.7820 28.5566
136.0589 32.4838
135.1697 32.5958
134.0365 31.0329
138.6549 33.6036
137.0888 28.5939
137.6533 29.4455
135.4677 29.5537
136.2113 29.4217
136.0114 31.7349
135.7624 29.0752
138.2044 28.9131
135.7071 28.9789
137.2982 29.6947
128.9731 28.1327
138.1216 29.0880
138.6490 29.6179
137.9599 30.0475
138.1942 28.8219
136.5317 29.1447
136.1798 31.3114
138.1890 28.6955
129.1819 28.5730
136.0606 29.0663
135.5125 28.3983
135.0430 32.7378
138.0781 28.8150
130.9599 30.0671
137.8086 29.3740
137.4695 29.9844
138.6183 33.6617
137.1992 28.2540
138.4009 29.0789
135.4344 31.2864
138.4786 29.8468
128.7864 28.3188
135.2632 33.2253
139.3183 33.0931
136.1579 31.8661
137.5300 30.4275
134.6717 30.0589
133.9737 28.6923
138.5540 29.6464
135.1080 33.2119
137.6085 30.0539
136.2857 28.4078
136.8175 29.9505
136.3365 31.7213
135.8230 32.2167
132.8874 31.4798
135.9783 29.1002
138.2189 29.7891
135.5593 30.3095
135.4274 32.5111
130.8285 29.7424
130.9706 29.9561
135.7930 28.9994
135.4901 32.9838
132.8047 31.2619
136.1156 33.4635
137.3403 29.3454
138.5273 29.0794
137.3319 29.5097
138.2858 29.2269
128.2389 27.8402
137.3894 28.6486
138.5033 30.1582
134.5080 29.2259
137.6241 30.3096
134.2594 29.0173
137.4393 30.2533
136.0871 30.9106
139.0914 33.0064
136.0733 31.4540
138.3951 30.1225
138.4467 29.5547
137.8640 29.7596
133.1861 31.3808
135.0199 33.0448
138.6803 29.6577
135.3571 32.5258
139.2410 33.4200
135.0732 32.8448
139.5367 33.2337
136.1416 28.4841
137.8105 28.5582
137.5559 30.6669
134.8717 29.8114
137.3593 28.4237
135.9732 31.5845
137.6064 29.2789
131.9256 30.0262
137.5645 29.3670
128.0036 27.8566
134.0298 30.3249
136.7578 28.3969
135.2033 28.7923
132.2754 30.2139
138.2125 30.4740
137.3692 28.7422
135.7346 33.3192
138.0748 29.1399
138.5907 29.2067
135.7360 32.3595
137.2019 33.9407
137.5283 29.0635
128.2636 28.5418
136.0784 32.2133
138.6634 29.5185
136.4272 29.2541
138.0396 29.9769
138.5591 29.6340
137.6389 30.2085
134.4786 29.3617
134.6425 29.2465
137.7782 30.5527
138.5013 29.3887
132.0654 30.0580
131.4403 29.7353
137.6331 30.3904
138.2568 29.8757
138.6315 29.1331
136.5187 31.9022
135.5622 32.6589
138.0508 30.3761
134.0777 28.9013
136.0026 31.8319
128.2324 28.7233
138.7132 29.4624
131.3055 30.5076
133.1413 31.0500
138.3200 29.0725
136.0835 30.9066
134.4592 29.0737
136.1029 28.7478
135.5004 32.8561
137.6814 28.6076
138.5872 29.6001
134.7059 29.9006
137.5928 30.0069
135.4211 32.5684
135.0033 33.0775
135.8825 31.2914
135.5320 28.4602
137.5330 29.2924
135.6325 29.0193
132.9295 31.4317
135.2483 32.6036
135.8385 28.9807
137.3200 30.4035
138.4905 30.1789
138.5139 29.7539
137.8741 30.3521
137.1796 29.4431
135.4090 30.9113
138.6189 33.4840
133.0529 31.2548
136.6168 33.7755
130.1369 28.0262
138.1665 30.2331
137.0653 29.7301
139.0136 32.8806
135.7671 32.3166
134.8148 29.0365
135.3390 29.2022
136.9218 28.2242
133.0793 31.0459
134.3489 29.7775
137.7693 29.8686
137.7204 30.3979
132.7372 30.4768
138.3470 29.9074
136.8557 29.8544
136.0864 31.8188
137.4580 30.0028
132.7524 31.3963
137.0773 29.6243
138.3830 30.1843
137.3262 28.6637
137.7089 29.4929
137.4574 30.4186
135.9286 28.7832
137.3648 30.6749
138.3678 29.5820
132.5380 30.3537
138.3017 30.0668
137.8883 34.2874
136.8725 28.3723
132.1436 30.1581
132.0805 29.9034
136.2979 30.4851
138.7066 29.5270
138.3444 30.0144
138.5292 29.8563
137.7319 29.8196
135.9374 28.4762
132.9977 31.2427
136.0255 28.6459
137.1327 29.6748
136.9146 33.9189
135.8840 31.8342
133.0542 31.1703
137.8065 30.0915
135.7968 28.8989
132.9303 30.9704
135.7527 32.2505
134.9407 29.4428
137.6614 30.0739
137.3211 29.5155
135.4803 29.4805
136.6851 28.4856
134.1736 30.6136
138.3911 28.9034
138.6948 29.7005
134.1333 29.6676
137.6376 29.9262
128.0053 27.6809
132.9299 31.3071
128.1724 27.6444
138.5532 29.5233
137.5979 30.0507
137.6133 28.8249
137.9185 29.2993
134.8583 29.8265
136.4348 30.3810
137.7789 28.5520
137.1859 29.4747
135.8625 28.4213
137.2702 29.5787
134.6719 29.2538
137.4311 29.3478
132.4914 30.3905
136.0062 32.5034
137.8984 29.7556
138.3697 29.4272
138.0469 28.8023
138.2899 30.1396
129.4349 27.4930
138.3306 29.0219
137.9246 30.0481
136.1930 32.2329
137.8639 30.4255
136.2738 28.7612
137.9476 30.1436
136.5962 31.2629
138.0299 30.2426
135.2087 29.8658
131.4851 29.6913
138.5072 29.5594
138.6931 29.4776
137.9275 30.2346
137.3531 28.7528
134.3624 30.0936
137.6924 30.3668
128.0860 28.3561
135.0634 29.3205
137.5821 29.4431
136.1211 32.3728
136.9512 29.6620
132.8095 27.5379
132.6150 27.3742
137.2688 29.0532
132.4160 30.2688
128.0814 28.7875
136.1630 28.6105
136.6387 28.5128
134.3708 29.0499
138.1661 30.1992
133.2514 30.9437
138.0576 29.2928
131.7817 30.0683
137.7788 30.5328
128.3048 27.3260
137.3182 28.4305
134.3776 30.1437
135.6829 33.2896
138.5653 30.1544
138.3222 29.2098
136.2416 28.7681
138.4384 29.1067
132.5808 30.3704
136.0388 32.1009
128.1112 28.5669
135.0480 29.8575
136.2016 28.9314
132.4992 30.2660
138.5502 30.1449
135.9215 31.8723
137.1062 29.7129
136.0107 31.3781
135.4427 32.7029
135.6917 32.4475
135.7724 32.6689
136.0223 31.4425
136.0666 29.1643
135.7695 32.3849
137.0165 30.8393
134.8720 29.5513
134.7838 28.9957
135.2804 28.8115
135.6193 30.8413
135.6859 32.2574
128.0475 27.9151
136.0164 31.3745
131.6783 29.8572
128.1392 27.6862
131.3358 29.9713
136.0122 31.7444
138.2600 30.4732
136.3796 28.8337
133.1302 28.8920
132.5765 30.3589
136.2048 28.8067
136.5719 30.3414
131.0981 29.8111
135.9933 31.5847
135.5371 32.6701
135.9910 32.1556
136.5004 30.3721
128.5832 28.3383
131.1439 29.9684
135.9212 32.6111
128.1373 28.4898
135.9534 32.1589
138.6223 29.0223
135.9949 31.2370
135.7399 32.2826
137.3270 30.6858
135.5021 31.6189
136.8411 33.8279
133.0573 30.9309
136.4400 29.2952
138.0777 29.6934
138.5506 29.5340
131.9212 30.1428
134.2442 30.3884
128.1118 27.8080
135.2754 33.2712
131.8075 30.0220
138.7492 33.5085
128.2045 28.3523
133.6915 30.1882
136.5294 28.8594
138.2626 29.2614
135.9445 29.1120
135.9865 32.2163
137.5390 30.6436
136.5702 28.6911
136.0733 31.8427
130.8961 29.5856
131.4307 29.4867
138.7852 29.1874
135.9883 31.5039
136.8813 29.0037
137.8907 28.6569
138.8249 33.3551
138.7226 29.1900
136.0084 31.3224
137.5839 28.5758
131.0243 29.7888
137.8093 30.4132
134.6812 29.0597
131.6110 29.8513
138.5799 29.6653
136.4341 28.7942
138.7615 29.6651
136.9559 30.8004
135.0080 32.7495
135.4406 31.5931
137.8127 28.5888
136.0033 31.9020
135.1277 33.1097
138.6629 29.1266
137.5968 30.0557
138.5577 29.1453
130.7196 30.0791
136.5721 28.6620
136.3867 30.4224
136.0466 31.5622
133.1756 31.2933
135.1104 32.7851
135.1159 32.3424
132.3308 30.1591
132.9304 31.4681
135.3090 29.7273
133.4155 28.6638
136.5667 29.1598
131.5400 29.7524
135.6008 32.5258
135.4700 32.5130
133.1621 31.4129
137.0119 31.0939
136.1467 32.4520
136.7110 31.1306
137.0416 31.1330
136.8195 30.2906
135.5614 32.3189
137.2532 29.9830
138.7223 29.9744
135.1001 33.2331
137.1508 30.7430
135.0020 32.7445
137.0852 31.0511
134.8019 33.3211
138.7422 29.8561
138.7701 29.6260
135.9789 32.7218
136.0263 33.3987
138.6512 29.3930
137.4274 34.2186
135.8892 32.7402
139.1083 33.6965
138.7715 29.8320
138.1976 29.2787
138.3763 30.4105
135.4152 33.2669
136.8837 31.2147
134.8603 33.1998
137.4057 30.6469
135.9033 32.5198
137.4474 30.3729
138.7246 29.8348
136.0302 31.7301
138.7015 29.8130
135.9353 32.0904
136.3471 34.0203
138.6218 29.3249
136.1741 31.1993
135.3390 33.1596
138.7773 29.6596
135.3542 32.8787
137.4524 30.4999
137.0908 31.0415
135.7289 32.2754
136.0106 32.2833
138.8161 34.3671
136.3024 30.8617
137.5784 30.6712
137.2854 30.4916
136.2736 33.9187
137.4433 30.7078
136.0190 32.7963
137.7419 30.7817
137.5612 30.6853
138.5543 30.2275
138.7472 29.3989
138.7251 29.8106
135.0537 33.3671
137.3705 30.7797
137.7410 30.2151
135.9368 32.0449
135.3108 33.0249
137.0739 30.7372
137.6613 30.7254
137.3999 30.6341
140.6737 33.7290
136.4168 30.7890
138.2210 29.2514
135.7953 32.2341
136.6748 31.2532
136.2916 32.7463
137.8956 30.4390
138.1742 30.2798
136.9634 30.0215
138.2256 29.0880
136.8342 31.0402
138.6001 30.1649
138.2224 29.5179
138.5717 30.1861
135.8341 33.2821
137.9278 30.1440
138.1618 29.1108
138.7654 29.7613
136.2203 32.5722
135.7961 32.2399
136.9394 30.9539
136.2275 32.8066
135.9371 32.4574
137.2742 30.5687
135.1313 33.2619
138.2303 29.2278
136.1202 31.4288
136.1509 32.8203
136.5234 33.9874
138.7665 29.3855
135.9721 31.9435
137.5211 34.2601
138.5919 30.1451
137.6596 34.3968
134.8578 33.1376
137.7168 30.2813
138.3515 34.3694
137.4701 30.6645
136.0689 32.7477
136.1970 32.7454
138.6750 30.0322
138.6889 29.6162
138.2275 29.4839
137.9543 30.7018
136.1091 32.1313
134.8800 32.8993
134.8054 33.0882
141.1477 33.9018
138.2747 29.4488
138.2564 29.1530
137.4837 34.1576
138.2472 29.1080
138.2266 34.3730
137.8055 30.7673
138.2249 29.5516
139.3026 34.8327
136.0231 32.2838
137.4760 30.6402
136.3416 33.6078
138.6754 29.4579
135.1415 33.2279
138.6608 30.0343
138.7764 29.7935
137.8765 30.1457
136.5353 31.2379
138.7518 29.4903
137.4861 30.4244
137.3466 30.7618
136.5498 31.1896
134.8102 33.0345
135.8066 32.2399
138.2505 29.3522
136.6094 30.2596
138.6961 29.9665
136.0308 32.1767
135.1897 33.2738
138.7404 29.8850
136.0282 32.0942
136.9001 31.0381
139.7471 33.1697
138.3486 29.4652
137.6987 29.8649
135.8779 32.2027
136.2426 31.1887
135.8598 32.1033
136.5746 31.2991
136.0034 32.4207
138.1998 29.1040
140.0521 33.7681
136.7497 31.2127
137.4189 30.7186
137.1640 30.6976
138.5569 30.1942
132.1100 30.1059
137.4651 34.1940
138.7184 29.7334
136.0808 32.7103
135.0694 33.1163
135.4076 33.2709
138.3121 30.4614
137.0097 31.0049
136.9355 31.2282
135.1529 33.4683
135.5376 33.1624
138.1235 29.4489
137.2018 30.4084
137.1683 31.0523
136.5228 33.9970
138.7942 29.6416
136.0122 33.4423
136.1010 31.5995
137.4938 34.2956
136.7319 30.3180
136.9761 31.1031
138.2351 29.3470
138.1889 29.5172
136.1475 32.8357
137.3188 30.4905
138.1526 28.9848
138.2894 29.0583
136.9762 31.1574
137.9127 30.0323
138.0479 34.3820
134.9839 32.9165
136.9262 30.0017
136.1439 32.7932
135.8983 33.3047
136.2195 32.1534
135.7685 32.2495
138.2426 29.4054
138.6068 30.1626
136.6795 31.2497
134.9215 33.1660
137.6856 34.3924
138.3536 29.1832
137.0138 31.1440
136.0429 31.2966
138.3214 29.4546
136.0917 32.1580
134.9379 33.1240
135.1194 32.6976
136.1090 32.0351
137.4119 30.7476
134.9613 33.2530
138.5210 29.0145
138.7490 29.7429
135.6054 33.2594
137.4379 29.8913
135.2115 33.2809
137.1166 30.7715
137.0488 30.1591
135.0520 33.1142
138.7742 29.6606
137.6838 29.7046
136.4203 33.8900
136.8999 31.1938
137.8457 30.2060
138.1576 29.9860
138.0773 29.3080
136.3641 32.5828
138.7811 29.4691
135.9767 31.9578
137.2708 30.5679
140.0465 34.0754
135.2661 33.1796
135.0175 32.9224
136.4097 32.4138
138.3031 29.1024
138.3593 29.1778
138.0982 28.7974
137.3612 30.7927
137.5793 30.7458
136.8877 30.3170
137.2480 30.6947
138.7898 29.5890
134.8902 33.1250
138.7850 29.4835
137.3731 30.0146
138.0686 30.4370
134.9956 32.9846
138.7863 29.6974
137.1723 30.8017
134.7442 33.0818
136.1595 31.3832
137.3258 30.6943
137.3069 30.6478
137.6108 30.4582
138.0762 34.4052
136.5631 30.4192
135.2809 33.3257
137.1805 30.8064
137.2930 30.7330
138.7577 29.3939
134.7174 33.1172
135.9106 32.3894
138.2430 29.5212
138.7203 29.9264
136.8405 30.3554
135.8318 32.2359
135.4412 33.0039
138.7550 29.8992
136.5387 31.0794
138.2944 29.4196
138.2239 29.3663
137.8421 30.5053
137.1476 30.7423
135.7581 32.2937
136.1338 31.5911
138.7996 29.7395
137.9169 29.7607
137.5887 34.3204
135.4948 32.9407
136.5389 31.2019
137.4926 30.7228
140.2796 33.7553
138.7694 29.6056
136.2088 30.8826
136.0946 32.7521
135.9718 32.7944
136.8131 30.3838
140.0958 33.8052
137.4917 29.9481
138.7368 29.6061
135.9999 31.4112
136.1392 31.0574
137.2390 30.9996
138.7259 29.5180
140.5391 33.9197
137.9245 30.5155
137.2749 30.7826
136.5426 31.2214
137.9425 30.4890
136.9180 31.2182
138.2769 29.2647
136.1589 31.8916
135.9140 32.7829
136.1117 32.7941
138.3639 29.2316
138.7533 29.5321
137.8738 29.6807
137.9312 30.5584
137.7643 30.5343
136.1499 31.7225
136.0744 33.4448
135.9113 32.4331
138.0636 29.6828
138.5792 29.4512
136.5676 31.2580
135.6491 33.3455
136.5297 31.1817
137.6245 30.5406
138.7859 29.6460
136.1852 32.7322
135.0160 33.3205
138.3755 30.3919
138.2111 29.3652
138.2533 28.8264
138.2648 29.4158
136.1031 31.2465
137.2678 30.7428
138.2138 29.3814
136.0758 31.6914
136.0946 31.6348
138.3705 34.3923
137.4142 30.7543
138.7364 29.8441
137.3336 30.3350
136.4781 30.4697
137.2540 30.0896
138.4382 29.3811
137.3419 30.7534
138.0448 30.3362
136.5892 31.1482
137.2477 29.9272
136.7927 30.4449
136.2019 31.8877
138.1041 30.1698
136.8197 30.9445
127.9664 28.1924
136.4892 28.6042
135.5024 33.0763
134.2712 32.5345
134.5289 27.5875
136.5954 33.7598
129.6609 29.8531
138.5894 30.2251
140.9451 33.5947
135.8665 32.5045
134.7169 31.9248
137.1115 28.6078
128.1446 28.0169
136.0290 32.1444
135.5196 32.6199
135.7668 32.3816
134.4639 30.0512
135.6754 28.9117
132.6773 30.4431
137.8131 29.4312
137.0361 33.5966
138.7000 34.1637
136.9082 29.0640
131.8048 29.8262
132.2828 30.3901
132.3990 32.1443
136.4069 29.0541
132.0026 27.3992
132.8895 30.8463
132.4961 30.1328
132.2697 31.0957
134.2897 30.1292
140.0004 33.6102
135.1799 28.5986
136.6963 28.6214
136.7669 28.1737
136.2540 32.8527
137.6038 29.8742
135.3692 30.4621
138.3665 30.1185
138.1414 29.2682
137.4364 30.2467
136.2858 30.4406
139.0145 34.6368
127.7931 27.7700
139.2844 33.9650
137.6578 30.5219
137.7794 28.6532
139.3688 33.0160
137.3070 28.4136
137.2507 29.2205
131.1593 29.8282
137.7957 30.5323
138.4341 30.4204
126.1693 29.3119
137.8608 34.2917
139.1981 32.9161
135.7494 28.1891
137.6475 28.6280
128.1432 28.3601
136.2073 28.6839
137.9215 28.6956
137.5184 28.5061
136.7313 32.9080
138.0760 30.6150
136.4889 33.2815
136.9531 33.8747
138.8217 29.5608
138.7008 29.9731
134.6715 32.8945
131.3327 29.7457
137.8807 34.4749
138.6811 30.1065
137.1944 28.4442
131.6777 27.5113
137.6279 29.9922
133.2459 32.0946
135.4545 28.4421
139.2798 34.8017
135.9561 32.3559
132.5799 30.3664
139.5016 32.9154
137.6701 28.5675
135.4083 29.1029
136.1777 32.1433
135.6182 28.7639
137.3884 30.0950
138.4037 30.2729
134.2802 29.0376
138.2825 34.3407
128.6785 28.7078
138.6530 29.6322
135.6331 28.9426
139.1159 29.9941
138.6456 29.8011
131.2511 29.7971
134.9995 32.6563
128.7242 28.5719
136.9750 28.2763
130.4531 30.0315
136.3938 32.9029
137.6405 34.3958
130.5344 30.0337
128.0981 28.2153
135.4147 32.6569
132.8206 30.4567
131.9861 29.8598
138.3699 29.1776
137.4867 30.2576
137.3043 29.9527
137.9197 28.5714
133.2744 30.4229
134.7905 29.0121
137.6242 28.4612
130.9300 29.7851
136.2630 30.7433
131.7632 29.8738
135.7120 32.4934
136.2775 33.5619
135.9696 32.5105
136.1180 31.9422
137.7661 30.4348
135.8902 29.3383
132.7129 30.3477
135.6964 32.8903
136.2732 30.5918
137.6115 30.2727
137.5679 29.6577
133.0539 29.8279
135.3487 29.1988
135.4969 32.9756
135.3482 31.8877
136.0719 29.4032
138.3129 29.6232
138.2507 28.9099
127.9207 27.4387
134.2159 30.0247
135.3075 32.8503
135.9278 31.3907
135.3019 29.6752
128.2174 28.5161
138.1975 29.2351
136.0560 31.4706
135.9358 29.1171
131.1880 29.5010
132.1416 32.4176
138.2719 28.6975
137.2382 29.8472
132.9401 31.4078
129.0161 29.4407
136.6829 30.8161
138.2410 29.6765
133.1898 31.3008
135.5530 30.3202
135.7583 29.1016
137.7014 30.2709
132.1518 30.3058
128.0645 28.5159
137.0907 28.5195
132.9854 32.6679
136.9543 30.4756
128.2309 28.6078
137.1355 30.6917
136.4806 28.3629
132.0254 29.9677
138.6803 29.8501
137.5472 29.8876
136.5199 31.1069
136.2095 31.6206
136.8662 28.5883
137.4600 30.7116
136.7431 28.4952
136.3547 28.3654
138.3998 28.9091
135.9001 31.9503
134.8372 31.9206
135.8217 29.0892
137.2498 34.0869
136.0597 28.9648
136.5408 28.5637
135.7302 29.0299
136.6089 30.1362
137.4639 30.1104
138.3533 30.2614
137.7433 29.9854
136.8661 28.5061
135.0692 29.7926
127.8411 27.6704
138.4164 28.9568
135.8401 33.1907
133.0447 30.8882
138.6537 29.2618
128.0892 28.5337
136.1064 29.4685
135.3707 28.8222
137.5115 34.3217
137.0180 28.5793
137.2498 28.6451
135.8147 29.3608
135.8811 32.0033
135.6690 29.0007
138.1457 30.4519
128.1659 29.2259
138.3087 28.8573
135.7861 28.7062
135.9590 31.7611
129.0797 27.6593
132.2360 29.6607
135.9805 31.0776
131.7398 29.9761
135.9160 32.2570
138.3893 30.1959
135.2772 33.0850
137.5172 28.5221
131.5349 29.9810
138.2675 30.3922
137.4239 34.1240
137.7056 30.6499
137.6351 28.5579
137.6773 30.3614
131.5660 29.8108
135.3218 33.3700
137.3560 34.2063
137.3187 29.7229
138.6116 29.8863
138.7158 29.4212
138.0346 29.6087
137.4962 28.4309
129.2403 29.7280
128.6453 28.2670
135.3314 30.4109
137.6275 29.4324
137.5004 34.3277
136.2289 31.8385
136.4900 28.7305
136.5663 28.7884
135.8707 28.7655
136.5812 30.3095
138.6283 33.3722
138.5325 30.1842
139.5480 33.1896
136.4635 28.6469
138.1661 28.9651
138.1705 28.9852
135.6987 30.7105
139.9631 34.0212
135.6834 30.2378
135.9581 28.9706
135.5015 27.9902
135.6763 33.0467
138.6601 30.1021
137.2493 28.3795
137.3579 29.7305
131.3282 30.5884
135.7872 32.1230
131.0379 29.4921
136.1188 32.0184
135.8648 33.2820
138.6853 29.4065
135.6460 32.7213
135.3107 32.9340
137.1987 28.5031
137.2811 28.4865
138.2511 28.7606
135.7726 30.3883
132.4055 31.1489
137.3638 30.9508
137.0373 31.0099
138.7389 29.5880
138.2797 29.3679
136.6357 33.6934
133.0860 31.0392
138.0602 28.7277
136.1259 29.4620
137.9036 30.5387
131.9232 30.1601
137.3708 30.5296
138.0805 29.7654
127.7745 28.5013
129.5688 27.5315
127.9919 28.6746
138.4710 28.9506
136.3839 28.8515
135.7737 32.7635
138.1227 28.6323
137.4786 29.2467
129.8983 29.0919
128.0784 28.8410
135.1710 32.7383
129.5838 27.8013
138.3160 28.9202
136.9585 28.3840
137.8473 29.3959
137.4108 30.4355
140.2294 33.9386
135.7030 30.4406
131.8798 29.8709
136.3165 32.2355
135.7030 28.1116
134.0094 31.8253
137.1938 30.0062
136.2589 32.0559
137.2211 28.6335
138.6772 33.5147
136.6494 28.4916
137.6431 29.4282
136.2499 31.7284
136.8768 28.3368
136.0769 28.9530
138.6265 29.9161
129.8517 29.1650
131.7990 29.9723
135.9758 31.9738
129.4008 27.7093
132.9265 31.1221
129.8755 27.6465
138.8455 29.3773
137.2926 30.4465
128.2237 28.3036
135.4136 32.9534
136.4288 33.7234
135.9529 29.2758
135.2704 32.6290
138.5836 29.0395
136.0398 31.0981
136.1083 30.9385
138.3925 30.3151
135.8145 32.1741
137.8133 29.5553
137.8337 29.5528
138.3323 28.8641
138.1256 30.5197
138.5017 30.0384
138.3359 34.3826
135.9518 32.1906
140.0266 33.3534
140.0310 34.0213
135.5978 32.3241
137.6708 30.7533
134.8038 33.0805
137.7486 29.7807
140.0685 34.0214
134.9043 33.2479
138.5171 30.0760
136.5338 30.3738
137.7358 29.8039
135.2225 32.7748
135.0159 32.7994
139.2010 33.9366
136.7286 30.1474
134.9912 32.8343
138.1170 30.4633
135.1506 32.9444
135.9181 33.3273
138.6227 29.0892
138.5758 33.6971
135.4714 32.5436
135.1520 32.6634
136.3252 30.6396
135.2664 32.9133
135.1663 32.9713
140.1379 34.0080
135.2670 33.1589
127.9024 27.9111
135.0155 32.8958
134.9509 33.3602
135.1656 32.6698
136.1692 30.8577
135.8262 32.2704
138.2507 30.2205
135.3428 32.6142
136.2756 31.7078
134.8160 33.1866
137.8995 29.0784
136.1168 33.4561
134.9838 33.0742
135.0097 32.8317
134.8200 32.9462
135.9075 32.5578
137.3504 29.6880
135.0902 33.1120
135.5027 32.4787
134.9018 32.9770
134.9899 32.9064
137.6572 30.6531
135.7693 33.1574
135.2005 32.8300
136.9452 30.1039
136.0162 31.4557
138.2728 29.2261
135.0934 32.9817
136.2090 30.7482
135.3459 33.0135
134.9532 32.9946
139.4120 33.8614
137.3503 30.7972
135.3839 32.5758
136.1624 30.8387
136.1288 31.0333
135.7490 32.2118
138.6356 29.1305
135.0991 33.0410
135.9764 31.7070
135.4020 33.3682
138.2947 29.1032
135.1291 32.7543
135.6205 30.5319
135.5631 32.3577
136.0771 32.3891
135.0619 33.1215
135.5746 32.4595
136.0039 31.1949
135.3851 32.4675
136.7921 33.8111
135.6208 33.1314
136.5589 33.7151
135.8825 32.1287
137.8582 29.4829
136.8258 31.1684
135.1924 32.6193
135.1017 33.2152
136.5641 31.2125
136.0379 31.1232
134.9452 33.1379
137.4704 29.6460
135.0610 33.1350
135.9250 31.9562
138.0787 29.9659
136.0209 31.4249
138.7528 29.7046
136.0537 31.1566
134.9977 32.8078
138.4496 28.9121
138.7440 29.8978
138.7892 29.7389
135.6363 31.6566
137.5286 29.6738
137.7095 30.8130
135.1835 32.8590
138.3591 30.2459
140.2884 33.8634
136.6516 30.3021
135.8002 32.1586
129.4705 26.8419
133.8727 29.0952
135.9370 32.7763
134.1923 29.2540
134.9733 29.8998
127.3925 27.7972
128.9670 27.2726
131.2007 29.5113
135.1804 33.0045
137.0670 30.7893
138.7906 29.9622
134.4418 29.2832
138.2325 29.8303
138.1045 29.1829
138.4001 29.8544
134.7288 29.1907
138.1089 34.2960
134.9209 29.4263
136.4902 29.2728
135.8410 32.8004
133.4807 28.7375
137.8524 29.9679
131.6108 29.8104
138.3062 29.6722
131.7473 29.9150
138.4790 30.1476
135.5572 32.4602
137.6535 34.2057
137.9212 29.8098
138.4388 30.1404
135.9847 28.9996
131.6469 29.6262
136.7583 30.6345
132.2145 30.1579
137.1007 28.1318
137.9716 30.3386
135.5556 27.5791
134.3325 30.2606
127.7464 27.6312
131.4618 29.7950
136.1993 32.0389
133.6404 32.6615
140.0745 33.9102
137.4823 29.8704
134.4910 29.2799
136.0950 33.1698
136.7007 30.2175
138.3303 29.3063
135.3824 29.9867
137.3336 28.7412
135.8669 32.8394
137.2151 30.7835
137.1931 28.6345
138.3358 29.5345
138.1938 29.7861
139.7503 34.2254
137.5464 34.1228
137.4573 28.4200
136.0004 31.8856
133.8823 29.1119
138.4042 29.5477
134.6589 29.9740
138.3293 29.6535
137.4926 30.6808
135.3869 30.2944
138.0205 30.3494
136.2334 32.6435
138.0938 29.6769
131.7206 30.0276
138.3485 29.6360
137.1916 28.8111
131.6505 29.6651
136.2622 33.6877
138.4296 29.6035
138.1931 29.9374
135.5503 32.9916
137.1273 30.0973
137.2615 30.1523
138.3216 29.5403
137.7479 29.8711
138.4289 29.0329
135.4264 32.7246
137.2112 28.6190
138.6017 29.2678
135.9176 32.1437
134.9367 32.9267
137.6639 34.3424
138.3188 29.5719
138.3317 29.5605
135.6761 29.5595
137.5461 28.3955
132.4831 30.2651
137.0622 29.6629
136.2043 28.6391
134.3619 29.1509
139.2110 33.4212
136.1573 33.5979
138.6907 29.5400
138.3281 29.5470
131.0879 28.4308
138.0762 29.7042
132.7906 27.7881
135.1783 29.7169
131.8990 29.9681
131.1513 29.5220
132.4900 27.6453
138.3522 29.2605
137.1456 30.4780
136.5389 33.9407
137.7883 30.4096
137.8200 30.5812
136.1653 31.0409
137.9675 30.2074
138.3416 30.1914
136.7371 30.6526
136.8578 30.0391
137.8931 30.3581
135.9715 32.5174
137.1578 31.1223
138.2384 29.7618
137.2089 30.6451
137.8584 29.8135
136.5681 31.0704
137.2259 31.0583
135.9347 33.3550
138.3916 29.2364
136.6654 31.2278
135.1342 33.1464
137.2550 30.6977
138.6995 29.7585
137.8597 30.6390
135.1825 32.7375
135.4322 32.9058
137.8165 30.6255
138.6918 30.1639
137.5627 30.6334
137.6697 34.2427
137.9734 30.4620
135.2219 32.7139
138.0240 30.3230
135.5923 32.4086
137.7191 30.6515
136.0974 32.1408
137.2273 30.6689
135.9382 32.3872
136.5509 31.1105
135.0683 32.7779
137.3592 30.6798
135.4384 32.9141
136.6291 31.2312
138.3307 29.4783
138.2325 30.2109
137.9271 29.8040
134.7588 33.1404
135.5026 32.5684
137.7808 30.5491
136.7168 33.6098
137.2991 30.5818
139.3335 33.8061
138.3296 30.1952
135.9906 32.2271
136.0562 31.8613
138.0200 34.2958
138.0996 29.8430
136.0488 33.1945
138.2004 29.9401
137.3108 30.6379
136.9002 30.5271
137.2535 30.6652
135.6910 33.0612
136.8271 30.5911
139.4326 34.3090
137.6084 30.0604
135.9109 32.3550
137.8030 30.5266
137.4500 30.1754
137.2855 31.0080
135.0936 33.1565
138.2418 30.0890
137.2982 30.2479
135.5374 32.5485
137.9861 30.4069
137.9040 29.7637
136.9505 30.7922
136.7397 31.2430
136.1467 31.0825
137.5604 30.6561
137.8180 30.3883
136.5395 31.1690
137.3945 30.7434
135.4206 32.8382
137.2219 30.7017
136.2421 32.1421
138.0822 30.3582
137.9302 30.4856
137.3499 30.7043
137.7975 29.9178
135.0166 33.0051
138.2858 30.2333
136.2297 31.1783
137.8562 30.7277
136.1083 31.0730
137.9287 30.2503
137.6834 30.5880
135.2915 32.8878
137.6503 30.6025
138.2844 29.5407
137.8916 30.4871
134.9871 33.0557
136.6731 31.2092
138.3693 34.3405
136.1871 32.3655
137.7269 30.5902
137.8311 30.5005
138.1680 29.5651
137.6039 30.6437
136.0115 31.9785
137.3331 30.7679
138.0347 30.4209
140.3626 33.2890
138.1640 30.3491
136.1237 32.3846
137.1386 30.7518
138.7438 34.4307
137.3535 30.7652
136.9512 30.8754
137.1634 30.7122
136.8659 33.8129
136.5502 30.3479
136.5375 31.1287
139.2366 33.9735
138.1330 30.3284
134.9154 33.0941
134.8335 32.8906
135.1276 33.0054
138.0542 30.2935
135.5911 33.3844
137.9825 30.3501
137.3747 30.5659
138.0434 30.4465
139.3212 33.8188
137.7364 30.5874
135.5319 32.5606
137.9655 29.9671
136.0191 32.2015
137.8832 30.4898
137.0590 30.0939
137.9194 30.4951
138.9056 34.3780
138.0361 30.0369
136.1634 31.9988
137.0554 29.5927
127.1820 27.2931
137.1436 29.6127
137.5287 34.4682
138.0434 30.1781
138.3476 29.4584
137.6599 30.4945
135.6971 29.3287
136.7990 33.6433
134.6507 30.8956
138.1432 29.0209
136.8267 28.3021
132.7123 30.4714
132.2661 32.4687
132.7514 30.4229
138.2875 30.0401
138.8276 29.7296
136.0410 32.6957
135.8461 28.3625
133.0476 30.9301
137.5733 29.3242
137.7277 28.7099
132.4672 30.3124
136.6868 33.7052
134.9066 29.0266
132.8083 30.8077
131.4464 30.6171
137.5463 28.6950
128.2368 29.4701
134.4554 29.6056
134.9918 27.2537
135.3377 32.6447
129.7236 31.4819
135.7262 28.8527
137.4918 28.6584
128.1329 27.7014
135.1372 32.8253
127.6729 27.8592
134.2244 29.6901
127.1921 30.0710
135.0472 27.3128
138.4426 29.2717
133.7471 28.8360
136.1522 31.6959
132.0512 30.3597
136.0147 28.4038
132.3830 31.5991
138.4308 29.1747
136.0670 31.0134
137.4379 28.5596
136.9511 30.1070
128.3026 27.8596
136.9169 29.8104
132.6173 30.5496
138.4677 29.7324
132.1303 30.3588
136.9201 32.9812
135.9433 32.2302
132.3481 30.3175
135.3992 29.1065
136.6487 33.0495
137.4550 29.5608
136.6197 29.0419
135.6160 29.6785
133.2075 31.2203
136.1277 32.2499
132.7689 27.2919
129.1126 28.6384
136.1137 29.4507
135.9117 32.0210
137.9487 28.8717
132.1180 27.3605
129.3217 28.7175
132.2372 31.0635
131.6295 29.3160
131.8975 30.4809
138.4864 30.1630
135.2956 32.9941
132.8109 31.4411
134.7257 31.2452
138.6261 33.4613
138.3495 29.4307
134.7030 27.9684
134.8306 28.6517
132.7521 29.4967
135.6897 29.3329
138.2374 30.0357
134.3533 32.5224
131.8436 31.1849
132.3704 31.1116
136.5119 28.6285
131.5091 26.9806
130.6417 27.8954
136.2237 28.9086
131.4658 30.6934
133.5313 30.2432
132.6009 31.4518
138.1750 29.6018
135.8979 31.9707
137.4630 29.0515
136.4330 27.6544
131.1909 29.5330
132.3635 28.0125
137.1210 31.8013
135.5547 27.4532
131.4005 29.6616
132.6811 28.2505
128.8072 30.1890
137.0821 28.4226
136.1421 29.7859
135.5150 27.2989
135.4658 32.4690
131.2325 30.3266
137.5658 30.1045
133.7747 27.4021
136.7233 29.3126
136.2077 27.9982
131.9027 27.0606
131.2823 30.0302
137.8473 28.6825
132.9239 27.9018
136.7524 27.9273
137.1024 29.4112
135.8107 28.4612
136.3612 29.1886
136.9167 28.9747
135.6183 28.4517
134.0229 30.3106
138.0760 29.2099
137.7579 29.3556
135.4377 33.2124
131.6900 28.5207
131.8483 27.1851
132.1188 30.6067
135.1388 28.2236
136.8427 29.0791
137.4738 28.6671
131.3018 30.8750
133.7410 27.3878
133.6226 28.8601
134.0868 29.0332
135.5238 27.2280
135.9926 28.5142
134.2235 30.4608
136.2744 27.8191
136.9063 28.6023
135.8731 27.9378
134.8264 26.2549
136.2186 28.8006
131.9399 30.2895
129.2760 27.1601
137.1817 30.4189
136.6182 28.2843
131.5772 29.7848
135.5292 30.2052
138.7998 29.2649
135.4450 29.6579
127.7213 28.3868
128.7375 28.2582
131.4957 29.8157
135.7818 31.4383
139.0125 32.6196
135.2271 32.9474
137.8550 30.1634
139.2483 33.4651
136.2484 32.2528
135.4617 28.5905
135.7859 32.5061
131.4281 27.5116
134.2065 29.0505
135.5608 31.5489
137.2544 30.8214
127.8763 28.4844
137.7074 28.6062
137.7722 28.8096
135.7336 28.3405
135.9382 31.9203
136.1337 28.8567
135.6438 32.3678
128.1268 28.7167
137.2447 33.9464
134.8318 31.9534
138.2925 30.1891
138.4226 29.6009
127.8798 27.9606
135.2833 32.8651
132.3537 30.4361
137.4603 30.6768
133.0859 30.8901
136.0592 32.3478
133.7680 30.8106
137.9453 28.8274
138.0973 29.8346
131.0835 30.4163
136.1690 32.5263
138.3260 34.1843
137.0083 28.5627
132.0084 29.9867
138.4958 29.7186
138.8242 29.3181
135.5713 31.5156
136.8876 29.9696
138.2526 29.8222
136.0279 28.9058
136.8712 28.6258
131.9502 29.7997
135.4400 29.3644
138.4674 28.9126
137.0939 30.0042
136.0791 32.8680
136.1242 28.6487
133.2475 31.9123
131.2952 29.6389
138.3476 30.1188
137.5163 29.4361
132.0954 30.0077
138.3586 29.5748
138.0396 29.0043
135.2728 32.6774
137.9125 28.9403
134.9882 30.6486
138.5010 30.1369
137.9790 29.6296
137.1729 30.7423
138.2587 29.3308
138.5542 33.7190
133.2859 31.3724
138.4967 29.7575
136.9403 28.6144
136.9375 28.5259
137.2812 28.4299
137.8422 30.2028
135.9105 33.1426
137.1776 30.8625
126.3020 31.2110
136.0098 31.0219
139.4628 34.8649
135.6308 32.5120
135.5315 32.9826
134.8092 29.4111
138.6260 28.9647
128.3471 29.4043
135.3966 32.0980
136.1479 29.1472
135.6134 32.7182
132.6827 31.1519
137.1050 28.7781
135.8259 28.8890
127.8978 29.3580
134.3231 30.1843
134.3853 30.0671
128.4263 27.5777
135.8571 28.6025
129.4912 29.6351
137.9910 28.9359
131.7119 30.1682
136.0782 32.1861
138.1887 28.7199
137.2109 28.6893
128.4929 29.4194
135.0342 31.5610
135.2080 29.3112
134.2541 30.3100
132.6186 31.6586
137.8906 29.1216
137.8159 28.8253
133.0170 30.9770
131.2313 29.9249
138.7934 29.4014
132.6669 31.3945
127.5407 27.8714
129.5832 28.3324
134.4419 30.0044
138.5582 29.8857
138.2433 29.0300
134.0924 32.6974
138.2513 30.0859
135.1117 29.3692
135.8137 29.3341
137.8131 28.6781
138.2722 29.5715
135.8696 28.7780
129.9767 29.7033
137.6712 29.1733
138.5212 29.5860
133.0109 28.2967
131.3824 29.7801
135.7780 28.5966
134.9508 29.6141
127.6369 27.9934
131.5875 30.0426
134.6646 32.0439
130.8801 30.2239
135.7444 32.6101
127.6355 28.1361
132.8255 31.3500
138.0192 29.9473
138.2148 29.0448
138.3466 29.6747
135.9257 28.2658
138.2772 29.6400
132.7161 31.0770
137.6308 30.1537
137.9850 28.8738
136.2854 32.0523
135.4956 29.6549
138.0604 30.0021
138.4881 29.4408
133.3191 31.2690
138.3632 28.8850
132.0040 30.0594
135.9977 28.8520
136.7020 28.2070
135.5426 28.7402
129.5034 27.6444
132.8471 30.5548
138.0879 29.8051
134.7392 29.8019
139.5655 33.3014
137.7644 28.9796
134.5479 30.0826
138.2397 29.5614
129.1536 27.5317
135.5258 32.5784
136.1052 28.7930
132.9916 31.1014
135.6360 28.1747
136.0012 29.4550
138.6328 33.4236
138.5240 30.0298
137.8726 30.2419
139.8239 33.1904
140.0748 34.1099
137.7079 34.3068
135.9162 32.0599
130.7940 29.7573
135.4113 32.7601
140.1577 33.5559
135.9665 32.2990
136.2733 31.5861
134.7441 30.5560
141.2290 33.9747
138.0252 30.0944
136.8386 33.8066
136.0682 31.4151
136.2457 31.8743
131.4216 29.7920
138.0186 34.3546
139.4614 33.4705
135.4859 32.5054
137.6756 28.6985
138.5034 33.8052
137.3792 30.7672
137.8849 29.5996
137.0623 33.9850
138.5175 30.1936
135.9481 33.5570
136.0822 29.3668
137.3959 30.1358
137.1546 33.7450
136.7269 32.4152
136.1220 29.1186
137.1342 34.1461
138.1394 29.7949
137.5137 28.6679
138.2094 29.3878
131.8800 29.9655
139.5816 33.6702
139.0622 34.5607
136.2040 33.3818
138.8658 34.0679
136.7593 31.2832
138.5025 30.0364
138.2510 28.9213
138.9231 32.7430
131.2374 29.9214
135.1616 32.5393
135.4306 32.4540
135.7935 33.3465
127.1327 33.0937
137.4357 29.9922
137.7274 34.0053
136.0655 30.1253
132.8075 27.3581
138.0198 34.2292
134.8289 30.0145
137.6274 34.1992
136.0678 32.6939
136.3618 31.9995
138.5268 30.1885
141.5085 33.5960
140.4235 33.3640
125.2748 32.4047
141.4205 34.2337
137.8788 30.7165
138.5193 34.3054
137.0308 31.1979
136.7342 31.2439
138.5511 29.7909
135.6516 32.5282
137.8273 33.8607
136.6956 31.1466
135.1864 32.8271
132.3759 31.8475
131.9430 31.1674
138.4383 29.1253
141.4149 34.1041
131.0498 30.1799
136.3283 33.7925
136.5342 31.2005
135.1065 32.8526
128.8636 34.1430
137.7286 28.6930
138.5089 28.9956
138.8970 29.7656
137.0868 31.0006
138.2853 29.7835
135.3867 32.5584
136.3148 32.1022
137.1131 30.6152
136.1233 32.2491
137.7873 34.4036
136.2533 30.8290
130.3163 28.4295
137.5721 34.3846
134.8405 32.8079
143.0785 34.2868
138.7080 29.5520
137.2783 30.7982
137.0375 34.2050
135.8542 33.4350
135.5480 31.0888
142.2455 35.7049
138.5455 30.1752
135.8306 33.2643
136.3571 32.3285
136.8541 29.6421
137.6934 29.7985
137.6342 30.4996
131.2136 29.5118
136.7034 29.3590
137.2780 29.3617
142.0613 34.8531
128.5858 29.1212
135.7990 32.2262
132.5347 29.7222
135.3390 29.5460
137.5837 34.3067
131.3469 29.8306
131.1547 29.4003
131.8362 29.7190
135.6145 32.2836
128.1112 28.8391
135.9638 29.3116
131.9343 29.9035
132.0622 30.1243
133.1772 31.0029
131.8597 30.0311
138.2391 29.9680
132.3871 30.2609
138.2764 30.3030
135.9737 31.7698
138.8127 33.3834
131.4416 29.6794
132.3255 30.1604
134.3713 31.6063
132.9786 30.7885
135.1237 33.2648
132.8152 30.5226
135.0246 32.7231
131.5685 29.8325
131.0013 29.6968
140.1030 33.5089
134.8622 31.7961
135.2480 32.6447
138.1654 29.3500
131.7325 29.7524
135.5131 28.4122
135.3962 33.0174
138.0880 29.0049
135.9828 29.1350
136.0601 31.8687
135.6090 32.3702
131.0451 29.5609
132.9501 27.8516
136.1414 29.3873
133.1778 31.4327
130.9966 29.6999
135.2561 32.3044
136.0414 29.0646
130.9489 29.9451
130.0617 28.0821
136.0588 29.5775
138.6535 29.9782
131.4941 29.7149
131.7236 29.8163
136.1924 30.8242
135.9416 32.1435
135.8915 32.2126
135.6093 32.4645
131.2025 29.4188
137.4355 29.6871
128.9367 28.8954
131.7488 29.8758
136.2367 28.8102
136.0912 29.3809
138.2188 29.0902
131.6743 29.8980
131.5075 29.6100
136.1247 29.3634
135.2216 32.9317
136.2224 32.1005
136.1785 32.1689
132.2796 30.1669
136.0482 28.9372
135.6620 32.2826
131.6932 29.8577
137.9803 30.3810
138.7594 29.5223
132.5647 30.3481
135.8685 32.3097
135.1319 33.0487
134.3787 29.9657
133.0198 31.3497
135.8039 32.1655
136.4945 29.3358
136.2938 29.1590
139.7503 33.3640
138.1310 28.9826
138.1072 29.2653
136.3551 28.9255
133.1469 31.0078
134.3632 30.0871
134.5958 29.0118
135.2862 29.6881
136.0161 31.1433
134.8593 33.1826
135.9798 31.2676
135.8807 30.2416
135.9739 29.0427
135.9490 31.3427
136.5004 28.7081
136.2296 29.2023
138.5701 29.9254
136.0637 33.4127
131.7164 29.8243
136.8960 30.0462
131.3920 29.6608
135.8657 28.9201
139.3250 33.0636
136.0253 31.8554
136.2338 28.8684
135.5847 29.5768
139.2159 34.7508
131.2516 29.5351
132.2034 30.0673
132.0815 29.9820
132.1639 30.1141
135.9967 28.8128
134.4666 29.0757
135.8270 29.0397
129.2688 27.6018
129.2158 27.7364
138.2436 30.3053
137.9213 30.5266
137.9023 29.8790
138.4237 28.9932
136.5095 28.4091
135.8612 29.2935
134.7241 32.0858
127.5656 27.8056
138.0563 29.3056
136.0560 31.3408
131.6280 29.5557
135.8895 28.9153
134.2927 29.9429
134.3258 32.7076
137.9006 28.6093
134.5899 27.5537
135.9235 29.1053
133.5852 32.3121
135.4996 30.8365
136.6296 28.4842
137.8795 34.3461
137.4668 28.8791
138.2628 29.3312
135.0188 32.3877
133.1834 31.1017
127.9738 29.0097
135.8106 32.9658
127.8256 27.3240
136.7045 28.7563
134.4582 30.2679
138.3284 28.8067
132.8354 30.7569
127.5813 28.0825
132.8023 31.3465
134.7572 28.8639
138.4549 29.7199
129.8634 28.0554
138.3083 29.4992
136.8146 28.3783
127.5652 27.6338
134.4447 29.1121
137.9612 29.4957
137.0753 28.5499
135.1175 29.8563
135.9882 29.2753
134.8692 29.3601
138.2388 28.8870
135.6196 29.6185
134.9385 29.6805
134.3734 30.1126
132.2677 30.1392
135.0656 29.4944
132.9048 31.8466
138.6590 29.1793
136.7441 28.2150
134.6571 29.7981
128.0492 29.4185
129.3444 27.1251
137.4057 29.2498
135.5949 28.5112
127.7871 27.5675
131.2817 27.6569
133.1309 28.9502
135.4141 32.0108
135.6032 30.1714
138.1476 29.6184
135.1871 29.7237
135.3313 28.9871
138.3139 29.4333
138.1425 28.8640
132.6833 29.6771
134.7915 30.2445
132.4675 30.1510
138.4002 29.0274
137.0171 30.9708
137.3562 29.4382
136.0247 28.5534
135.9442 32.2681
138.2019 30.4305
135.3781 32.9358
135.6171 32.6117
135.4660 32.5360
138.3039 29.1197
138.2898 29.3994
135.1748 32.2243
132.0412 32.4495
132.0809 30.2469
132.0012 29.9126
136.7800 29.1725
137.9355 28.5959
138.6386 30.0456
135.5967 32.8125
132.8902 32.1689
134.9108 29.8081
137.3885 28.5532
136.8153 28.3543
136.3344 28.8340
134.7618 33.1273
136.1291 30.6561
128.9526 28.4711
138.2030 28.7033
131.6687 29.9834
138.6980 33.4959
134.4465 29.3401
136.0126 31.8640
136.0089 28.7780
135.6039 32.8582
135.5261 29.4721
137.0428 30.5943
131.9440 29.9432
133.1178 30.8076
135.6029 30.9239
135.8301 28.3981
137.9350 29.3950
139.0485 33.1157
139.8298 34.1686
135.8931 29.0521
131.4707 29.8801
131.6264 29.7520
135.6179 32.3791
134.6130 29.9354
135.0543 29.3152
135.8453 32.2348
132.1128 30.1243
132.5945 30.3959
130.9547 29.9809
135.3603 32.8233
135.1382 32.7171
133.2161 31.4845
135.4235 30.2606
131.1317 29.9373
138.2824 29.5817
136.0669 31.2790
135.2661 29.4391
137.3054 30.3969
136.5229 33.7672
136.0858 32.0034
131.2584 29.8037
137.6146 30.1897
132.9541 31.0820
133.0269 31.4513
135.1561 29.6543
138.2041 28.7906
132.9240 31.1979
136.2808 30.5539
135.6417 32.8731
135.7940 29.4688
137.9856 29.2991
137.5914 30.0006
133.4741 29.8889
135.8228 32.0880
135.8680 28.9023
137.5954 29.1872
128.0789 27.7802
131.8244 29.9204
138.6067 29.0134
131.4803 29.5345
131.2187 30.3368
136.3298 28.4437
133.2362 31.2795
133.6406 28.9296
137.9353 30.3387
135.1521 27.5967
135.5713 31.8296
137.9179 29.0718
135.5212 31.3702
131.4502 29.6013
138.6255 29.4112
137.6477 29.6876
135.7149 29.2772
138.4833 30.1355
136.0627 31.2851
135.8406 32.0783
136.9967 30.0179
136.2387 28.4163
133.0070 30.7005
135.0345 33.0248
135.4361 29.6353
135.9477 31.2409
135.6089 32.7047
136.7711 33.7890
136.8227 30.0838
133.1808 31.1531
133.1278 30.8082
129.4314 28.0885
131.5673 29.5800
131.1956 30.4356
135.9376 29.1820
136.0102 28.4241
131.4518 29.7906
138.0735 29.7819
131.9788 30.1188
132.3963 29.9831
132.7887 30.3129
139.5212 33.3137
136.2037 30.8872
136.7752 28.5869
135.7610 27.6798
132.6801 31.6149
136.8280 30.6694
135.9374 28.6835
138.8532 29.1929
136.9498 30.0337
137.1628 30.6354
135.9903 32.0646
130.1567 28.1967
133.0902 31.4974
137.8802 30.0710
126.7726 30.7381
127.7506 27.9003
127.9643 29.0791
132.6936 27.6427
137.8601 30.1495
129.2686 27.3102
135.1470 29.6214
138.2569 30.1934
128.4926 28.8178
138.4276 30.1942
134.7364 28.8080
135.3728 31.7514
135.4228 29.0508
138.1563 30.2360
134.8897 30.3449
135.9574 33.4186
127.4566 27.8657
127.8766 28.2696
132.9437 30.8125
135.7357 28.5447
136.4263 30.4972
132.8697 30.3485
134.9017 32.3858
127.9158 27.4516
134.8148 31.0572
138.3108 30.2999
131.6174 29.2789
138.0919 30.3122
135.6706 29.3245
135.2690 29.4595
138.2189 28.8361
137.4297 29.7952
138.4657 28.9108
136.1228 31.6985
138.6419 29.6314
134.1396 30.7801
132.4724 32.1088
132.8583 29.9943
137.5583 29.7000
136.3965 28.4050
134.2806 29.8659
129.1773 27.6889
135.9906 32.0923
128.4302 28.2163
137.1189 28.6265
135.6575 27.7710
132.3348 30.4706
138.6596 29.2869
135.8287 32.2488
134.5779 29.7036
135.5144 32.6493
135.7408 32.5805
130.0542 27.9770
137.4672 28.5283
138.0320 29.4973
137.2773 29.5897
132.5540 32.5617
134.7518 29.8970
137.9773 30.1744
134.7565 29.9087
128.4207 29.0271
138.5909 29.6118
129.6685 27.9152
132.9998 30.8056
137.4214 28.6884
134.3611 29.3032
134.9286 32.3625
137.2194 30.2578
135.5537 28.9037
132.9988 31.5994
135.9428 29.2662
137.4586 28.8198
132.3905 30.4456
133.0990 30.8424
138.3946 28.9523
137.9634 30.4030
136.7420 28.5595
138.4653 29.5600
135.8580 28.9415
134.6986 30.4786
130.2436 28.6611
138.3261 29.1941
135.0502 31.9753
138.0535 30.0393
135.6325 29.0298
138.2448 28.9222
135.5891 32.5328
134.6574 28.1942
137.6367 29.0500
131.3951 30.4157
132.8262 30.8242
127.4162 27.4977
132.3949 31.1780
134.0783 30.1670
132.9866 30.5969
137.5171 30.3694
137.0431 29.1276
135.7914 32.4634
137.2637 28.2625
136.2146 28.0114
134.0250 29.0970
135.4289 29.2295
138.0752 30.0467
135.9414 32.8356
133.1034 30.9541
131.1526 27.6087
135.6645 28.3157
135.5780 28.8754
138.8076 29.8446
134.6170 26.6931
134.4191 28.9825
137.2755 29.9613
132.7133 30.6443
137.3858 30.5452
137.9597 29.5975
136.0708 32.2624
135.5896 33.0813
136.1465 28.5153
137.6796 29.6588
136.6742 28.9714
135.6521 32.5873
137.9099 29.1112
135.6680 28.8303
134.0448 29.4080
135.6388 28.9995
134.4630 30.2687
135.8974 32.3271
129.6405 29.2511
132.5529 30.2938
136.7942 28.4513
134.6596 30.9832
137.7414 29.6556
134.5308 32.0136
135.9880 28.4157
135.6865 32.6233
132.8226 30.9816
134.4408 28.8661
135.0192 33.0606
138.0499 29.0151
136.2336 30.5865
131.8279 30.8173
138.5216 30.2179
138.7272 29.0941
135.9084 31.2518
138.1384 28.7397
137.5784 29.3375
132.5558 31.7671
138.1597 29.2979
134.3864 30.3480
132.7635 31.0315
134.3390 30.4088
137.7075 28.6017
137.7792 28.7902
135.3524 32.9894
137.0915 30.8888
135.4408 32.5811
135.1745 32.9038
136.9538 29.7149
135.9639 28.7449
135.9533 28.8067
134.5213 30.2088
135.6896 32.5386
137.4951 29.0055
134.9127 27.8315
134.4592 29.7314
131.9801 29.7356
135.9600 31.5074
138.4689 29.7268
138.5301 29.4572
131.3989 29.3793
134.6818 27.8801
136.0168 30.9455
136.0442 32.1120
138.4748 29.7418
138.7067 29.4104
134.0909 32.8423
137.5756 28.9597
132.9189 31.3605
137.3316 28.5553
135.0906 32.9617
133.0656 31.0630
133.1450 31.4708
138.2528 29.3650
132.8084 31.3942
137.4418 34.2370
137.6049 29.3307
137.6293 29.5316
132.3618 30.0728
136.7472 28.3516
131.9547 29.7138
138.2664 30.0504
137.5446 28.7515
137.8254 29.7309
132.4895 30.8506
137.7314 30.0247
137.5937 29.9566
133.0655 31.0805
138.0695 28.7771
133.9718 29.0591
137.8800 30.1205
137.8588 28.7179
137.0838 34.0251
137.7249 28.7759
131.8482 29.9540
138.3139 29.9756
135.5302 32.6912
132.8280 31.0787
133.0176 31.3068
135.4470 32.7870
138.4888 29.2740
137.6216 28.7876
138.1397 28.7850
133.1425 31.4069
137.0787 28.9614
138.0464 30.0577
132.6695 27.5101
132.6668 30.5232
138.3855 29.1512
137.6786 30.4169
137.8043 28.6615
135.4036 31.5108
138.4253 29.0356
133.1550 31.3130
138.3600 28.9241
137.8025 28.8123
134.5948 29.5869
137.3988 29.5631
133.1613 27.8752
137.5305 29.5535
137.3043 28.8690
135.9546 32.4583
138.5642 29.3767
139.1329 33.4691
138.1802 28.8467
137.4622 30.0362
136.9882 28.8934
138.3004 30.1714
135.7655 32.4611
136.9514 29.7257
138.3087 28.9210
134.2575 30.3916
134.1799 30.4208
137.9369 28.7466
135.3860 32.6737
132.2465 30.0819
134.6904 29.1861
128.6793 27.2768
132.9073 32.6605
137.8154 30.3496
136.2637 33.6754
138.2538 28.8730
137.4099 28.8132
138.3893 29.9281
137.9269 29.6992
137.2771 28.6943
133.0253 31.2629
131.7671 30.1692
132.9781 30.6707
132.8994 30.6380
135.6969 32.5053
137.6264 29.9686
137.9688 28.8080
131.9637 29.8496
132.9362 31.2618
137.3282 28.8736
137.8019 29.5568
134.3039 30.1511
138.4544 29.9030
138.3270 28.9423
138.3603 29.3169
132.0456 30.0287
138.5902 29.4159
137.3233 28.7956
137.5678 28.7496
138.2665 29.2521
138.2730 30.1539
136.7818 29.9641
138.5462 29.1380
135.8359 32.6948
137.4920 30.1092
135.7523 32.3865
138.4553 29.8650
137.3096 28.7347
133.1510 30.9888
132.8758 30.5765
138.4836 29.7905
132.6599 30.3817
132.9344 31.3271
134.2188 31.0869
132.4617 27.6534
133.2105 31.0512
138.1727 30.2703
138.5208 29.7231
138.1509 29.8215
137.7321 28.7220
138.1873 28.8619
135.7739 29.1432
137.9507 29.8424
134.3583 30.3779
138.2904 30.0749
125.6728 30.1045
135.8642 28.5707
137.0312 28.5160
136.1263 30.8717
133.4750 29.8928
137.0445 28.4094
136.8258 30.4685
131.9393 31.5085
135.0967 29.0448
137.7585 34.3386
135.7411 32.5412
135.5380 28.5349
137.0900 28.1507
137.4809 29.7265
134.2350 30.9667
136.0701 31.5944
135.6278 29.1418
135.6363 32.3247
136.8443 28.1021
135.4222 31.3493
137.4220 28.6460
128.1711 28.2356
134.3218 31.1757
135.1109 29.5332
135.1611 29.0952
127.1564 27.4312
134.9440 26.5032
132.4084 31.2522
135.8299 32.9910
137.1905 28.6787
135.0491 27.3885
137.9581 30.2727
133.1817 28.1845
135.8342 33.0243
135.6928 29.2333
135.4098 28.1219
135.1316 27.3750
135.8020 32.0958
136.0979 28.6472
132.6772 27.3419
133.6178 31.3711
133.1122 28.3444
127.4478 27.2420
128.8454 30.0876
140.6086 33.1658
136.7265 28.5833
133.9060 30.0294
134.9846 29.2887
135.8322 28.4018
136.0097 32.0118
129.6104 27.2220
131.3038 30.2060
136.3269 27.9144
133.0838 28.8166
138.4147 34.4686
136.2652 33.7157
136.7257 28.6680
137.0033 30.7544
137.9565 30.2883
134.7157 28.9393
137.1903 29.5267
138.8031 29.4004
132.1326 27.9947
134.0718 30.9042
134.9371 29.5450
131.8476 29.8306
132.1802 31.0646
130.8861 29.8208
129.0104 28.5182
136.5869 28.1708
135.0790 29.2941
135.3355 29.6036
129.8865 27.8574
131.1931 26.7885
137.5089 29.9382
137.6152 34.3782
137.5431 29.6715
138.1778 29.5723
135.9906 31.5758
137.3173 30.7087
140.6261 33.7707
135.2748 32.8438
136.2494 30.6520
134.8122 32.9643
138.1815 29.1505
137.5379 30.7699
137.8280 30.6583
135.5085 32.5052
136.0850 31.6880
136.0058 32.3052
134.8622 32.9796
134.8468 33.1548
136.9480 29.9878
135.5047 33.0895
136.1241 31.8712
136.2592 30.6885
136.1045 30.8519
136.0061 32.2833
136.1291 30.8173
134.9888 33.0286
135.3211 32.5556
136.0280 32.2029
135.0345 33.0347
138.0269 29.5072
134.8511 32.9607
135.4518 33.2986
136.0333 31.5437
137.6919 29.5537
136.4837 30.4300
137.5806 34.3912
134.8639 33.0549
136.1510 31.3888
135.8141 32.1865
135.2627 32.6342
135.0122 33.0710
135.5261 33.0152
137.0138 33.9463
135.2999 32.9170
137.2024 29.8446
135.2126 32.8097
137.1643 29.8211
135.1558 32.6342
135.9651 31.4616
135.5503 33.1134
139.3823 33.8914
137.2752 30.0797
136.1290 31.5642
136.0184 32.0802
137.3625 34.1616
135.8245 32.1001
135.2252 33.0502
139.8571 34.2126
135.3894 33.0342
135.7773 32.3329
140.4876 33.7629
136.0767 31.5915
135.1787 33.0840
136.1106 31.6523
134.9977 32.8372
137.9272 34.4043
136.6632 30.2424
136.2546 30.6733
135.1432 32.8751
135.9329 31.9116
136.0291 31.5759
138.3326 29.2090
135.4461 33.0485
138.2872 29.1357
137.4955 34.3689
137.4879 29.7075
139.3215 33.8140
136.0062 31.5237
136.1103 31.7053
134.8595 33.0606
135.7803 32.1524
137.6591 34.4108
135.4156 32.5835
139.9366 34.0757
135.4398 32.5185
135.2027 32.8291
135.0524 32.7623
135.4087 33.0015
135.3802 32.6019
135.9721 31.2896
137.9062 29.5937
136.7217 30.2342
135.0964 32.7857
138.1229 29.4449
135.0185 32.9291
138.5653 34.4260
135.2136 32.9961
138.2731 29.2817
136.0652 31.0384
136.0103 31.5284
137.3255 29.7600
135.3191 32.5433
135.6690 32.3560
138.2590 29.3053
135.8272 32.1153
137.9450 34.3892
135.8468 31.9257
135.3824 32.4778
135.1371 32.6997
136.7908 30.1190
140.1711 33.9967
137.6746 34.4634
137.9901 29.5514
137.1071 34.0199
137.0295 33.9469
137.4174 34.3046
138.2210 28.9999
136.3051 32.1268
134.8932 33.1775
135.0117 32.8212
134.8760 33.1343
135.0294 32.8745
134.8535 32.9141
134.9233 33.1606
137.2196 30.6550
136.0720 31.6191
138.3146 29.1573
138.0382 29.1875
137.1698 29.8912
136.3315 30.5628
134.8874 32.8610
137.6284 34.3975
135.0010 33.0629
136.8247 30.0892
135.0488 33.0881
134.8447 33.1566
135.9580 32.1289
138.0888 29.3253
134.9622 33.0392
135.6566 32.3684
135.3295 32.6784
137.6010 30.7263
136.1628 31.2040
138.2291 29.1700
135.0775 33.0610
135.9747 32.1165
135.7168 32.1900
135.9019 31.9857
135.9586 33.3636
138.0511 29.2020
135.0497 32.6885
135.2291 32.8988
136.0637 31.6718
137.6474 34.3648
134.8853 33.0059
137.7073 34.3861
136.4987 30.4064
138.2887 29.1722
136.0208 32.1008
136.3690 30.5322
138.0565 29.2067
135.9706 32.1159
138.2388 29.2633
137.4246 29.6980
135.1077 33.2575
137.3389 30.6770
137.4447 30.4167
136.3160 30.5616
135.3079 32.6110
137.2721 30.1192
135.4196 32.5644
135.1991 33.0855
138.3218 29.1086
136.9889 33.9293
135.8924 32.0694
138.0221 29.5013
138.2807 29.1667
137.7094 30.7003
136.8681 30.0757
137.2356 34.1147
138.1881 29.1853
137.9972 34.3993
135.0159 32.8374
136.1249 31.6531
137.7770 34.3952
136.2056 32.1009
135.7126 32.3327
137.6391 29.7567
135.6774 32.4710
136.0718 30.9876
135.1273 33.0658
135.3853 32.6192
135.9559 32.0671
135.9844 31.5048
136.0389 32.2474
135.0550 33.1775
137.4832 34.3094
136.0489 31.5938
136.8792 30.1732
135.2467 32.9736
136.2206 30.8168
137.7824 30.5804
137.5815 34.3576
135.7418 32.3933
138.2276 29.4508
136.1787 30.7354
135.0142 33.0219
138.2625 29.2784
136.9729 29.9790
136.1045 31.5856
136.1359 30.8281
135.2800 32.5840
136.9285 30.0058
134.8783 33.1651
136.0379 32.1794
137.2916 29.7573
137.9988 29.5835
135.3927 32.9768
137.2824 29.8268
137.1594 30.1688
138.3127 34.3690
136.1914 30.7760
135.9558 32.0209
134.8187 33.1326
136.0281 32.1130
135.2330 32.6077
137.5965 30.7464
138.2030 29.0556
137.4694 30.4214
135.0673 32.7122
137.2776 30.7035
137.3832 34.2449
138.2642 29.2303
137.1297 30.7554
136.5071 30.3413
135.2185 33.1871
136.8301 30.1208
135.0217 32.7287
134.8739 32.8904
136.9208 30.0061
134.7702 33.1033
135.4092 33.0452
135.7160 32.3105
136.0888 31.5590
134.9494 32.8965
135.3236 32.6101
134.8254 32.9405
135.1633 32.7657
135.0486 33.0487
138.1965 29.1568
138.1772 28.9906
137.5618 34.3723
137.5685 29.6583
137.5034 30.4768
138.1598 34.3709
135.9828 31.3957
137.3427 30.6996
135.3807 32.4829
138.2258 29.3562
138.1747 29.5371
134.9099 33.1494
136.9640 33.9165
138.2787 29.1529
135.9963 31.7284
136.2533 31.8720
134.9500 33.1578
135.2063 32.9891
136.0142 32.2599
134.8490 33.3120
137.6494 29.5547
138.2766 29.2628
134.8761 32.8604
135.0328 32.9210
136.0686 32.1361
136.0036 31.5286
135.8092 32.0398
135.9594 31.7645
137.5787 29.6063
136.2820 30.7234
135.8897 32.0924
137.2034 34.1021
137.5800 29.6413
136.7989 30.0601
136.0425 32.2535
135.2052 32.6257
136.0517 32.1012
136.1759 30.8016
137.5831 29.6567
136.1116 31.6556
137.7681 34.4191
137.4722 34.3530
136.2397 30.6548
136.0710 30.9344
137.5953 34.4151
136.2020 30.7703
135.1271 32.8800
136.0701 32.1376
137.2848 29.7607
135.9322 31.8933
134.8590 33.1454
134.9693 32.8931
141.4554 33.9695
141.2378 33.8708
136.0461 32.1145
134.9453 33.0196
135.0245 32.9788
136.0828 30.9812
135.3282 32.5981
137.3728 30.6499
137.6202 29.6312
134.7948 33.1973
136.0183 32.2369
137.3604 34.2360
135.0044 32.9185
138.2465 29.4197
136.5050 30.3992
136.1525 30.8527
138.0986 29.1950
136.7113 30.1934
137.7980 30.6751
136.0447 31.0751
135.1569 33.1003
136.0397 32.1469
136.0522 33.4581
137.6283 34.3528
134.8194 33.0704
135.0673 32.7812
135.9515 31.3857
135.1033 33.3188
138.0766 28.9855
135.6689 32.2968
136.6199 30.3007
136.3347 34.0135
137.1836 29.8580
138.1195 29.2227
134.9568 33.3491
136.3658 30.5118
135.5520 32.3908
136.2363 30.6630
138.0944 28.9877
138.2401 29.2022
136.5420 30.3544
136.2874 32.2198
136.6349 30.3317
136.1080 33.5047
138.2863 29.1617
136.0245 32.2579
135.0737 33.2631
137.6725 34.3928
137.7994 29.4906
135.0146 33.0808
135.9776 31.6291
135.1758 33.3342
138.0624 29.5520
134.7628 33.1478
136.0428 31.7285
135.0182 33.0662
135.0367 33.0324
136.0103 31.6567
134.9330 32.7844
136.0567 31.1647
134.9256 32.9366
136.2634 30.7089
136.0599 32.1282
134.7987 32.9966
136.2258 30.9522
