131.2775 25.5980
132.7081 29.9849
131.6080 24.3937
140.1936 33.7284
133.1457 30.7274
132.8168 28.3334
130.7835 26.4624
137.0118 29.4922
139.0597 27.7731
139.4275 27.7250
136.3010 27.9958
130.0559 26.5231
138.0326 29.5105
133.7339 32.0062
132.0623 31.1306
139.0496 27.7078
133.5160 30.1044
137.1580 32.8313
138.7373 27.4889
137.1875 30.7920
139.1408 27.2968
133.3376 24.8109
135.9106 29.3292
141.4651 35.6403
135.3784 32.4963
131.0567 26.2959
139.7182 27.6573
136.4424 28.0765
138.8738 28.6717
140.0503 29.1489
136.6351 28.6632
136.2153 27.9238
139.0448 27.8576
129.8138 26.1173
136.6651 30.1428
137.5193 28.6895
131.5853 28.5900
133.1765 27.6236
132.9509 26.4365
138.8161 27.2966
131.6072 28.9229
138.0901 33.7674
136.1004 27.7152
136.9147 27.6090
134.3500 23.6619
141.7227 35.2703
133.5970 30.6277
133.9332 32.6265
133.6750 28.3413
125.4836 22.6347
134.5166 27.9094
132.5648 25.4391
136.5870 32.4072
134.6900 27.9925
131.5502 24.7083
141.2605 33.4592
131.7603 28.6847
134.0211 28.5402
131.0344 26.8849
126.4153 23.4615
133.6788 28.0852
137.1071 26.3197
136.5832 30.7674
135.0145 28.7124
141.5332 35.5647
138.2532 27.3194
134.7702 30.6962
133.0499 24.2766
137.9449 27.8454
132.2637 26.4577
134.5655 23.2744
140.3501 28.3716
132.0745 28.7507
131.3918 28.5107
136.0331 27.9440
130.6736 28.2394
126.5138 25.5107
135.6107 22.9911
137.7943 32.8349
132.8986 24.6456
137.6409 28.7863
134.2593 24.2380
131.6042 26.7068
133.5839 29.9741
136.8069 28.9529
132.3869 30.6614
133.6389 24.3777
136.0878 31.3458
127.0466 27.3890
135.8886 31.2460
133.8020 24.6592
137.0555 29.7565
131.0878 27.1738
136.8530 27.1041
132.1900 21.6568
130.8338 26.4530
139.3607 27.6149
131.9912 31.2592
137.8124 29.3275
133.9569 24.3077
134.3760 31.8024
132.8650 26.1300
135.0934 22.4976
136.6302 29.8610
134.9751 31.4956
136.5950 29.4328
134.3911 25.2717
136.0466 27.7963
141.4877 35.7216
131.8746 27.9683
143.4264 36.1392
139.3039 33.6456
131.3110 27.2572
133.7815 24.4824
130.1738 27.7028
130.7636 28.5109
137.4995 28.6270
137.2236 31.7502
136.6205 29.9307
133.8376 24.3745
133.9197 25.6651
139.0923 27.5035
135.8680 29.3946
130.0433 27.7742
137.2221 30.3085
131.0012 26.1733
134.4661 25.2135
137.5095 32.8746
136.7224 27.9728
132.2634 28.7406
136.8441 28.6811
131.0147 26.8032
134.1340 23.6576
130.8146 27.1937
131.4729 30.8295
131.4399 27.2635
138.0224 30.1390
131.2158 26.6810
134.9106 28.7494
140.2887 28.6505
137.8384 26.7239
135.0640 22.1554
133.4846 24.0768
141.3425 34.7091
139.0012 27.7087
134.1654 28.2899
136.9991 32.9243
134.0447 30.6802
137.5543 28.4027
130.1927 27.7108
137.8934 28.7047
131.0403 28.3862
134.9332 28.6560
137.3395 32.8990
126.3125 25.0154
135.3683 29.3213
136.9561 30.8209
132.0850 25.2473
133.2694 30.8541
135.8452 27.8367
136.9202 31.0270
144.5173 37.0485
131.8193 28.9463
135.6772 29.3476
129.8107 27.9825
139.0951 27.9480
136.0428 28.0973
129.0641 25.6914
141.2646 34.4118
135.9053 29.3244
135.9364 27.7836
134.7788 32.1328
130.4719 28.0128
129.9886 27.5212
140.8361 33.6871
131.9751 28.4522
132.1914 28.7553
132.0011 28.6292
133.3286 24.9310
140.2268 27.6941
132.6198 27.8590
135.2487 28.8352
132.5341 29.9776
136.4289 27.6482
131.0593 28.8765
129.1200 25.3252
136.4855 28.4752
131.4414 26.5403
140.2280 28.6326
137.9433 26.4248
139.2689 27.2095
131.5405 28.1203
134.7416 33.1531
133.1898 29.7363
136.9616 32.8892
136.4374 28.2672
136.6775 28.2678
132.0664 28.5546
139.9410 27.8147
139.5571 27.4276
133.0669 30.0964
132.2931 29.6254
137.6383 28.7024
137.4706 29.1733
133.6772 24.6904
125.5768 20.9060
138.8980 28.4220
137.7938 30.2941
135.2730 28.8787
140.8918 34.2653
139.0275 27.9920
139.0352 28.6420
132.6078 27.9179
137.7978 32.0701
139.1316 27.5733
130.7706 27.4733
133.9522 24.0428
123.8375 20.9223
136.4634 27.8117
131.6478 28.2517
140.3375 28.1892
133.6429 30.1079
130.7227 27.3120
124.5846 21.5613
137.9250 28.6362
136.9091 30.6420
133.0619 24.7902
130.2833 25.7955
138.8473 27.0362
137.2016 28.4484
134.6059 29.6837
133.2096 30.2743
135.4066 27.8299
128.6247 29.6358
142.1247 34.2399
139.2445 27.2678
139.0969 33.1630
132.2088 24.2693
131.8641 31.9928
124.4485 23.2457
134.7237 31.7435
131.9505 28.7382
131.5654 26.8207
130.8429 26.7212
135.1529 29.5850
130.7565 25.9455
132.5871 24.8562
135.8918 30.9598
136.9221 28.0408
132.6035 29.1768
133.6444 29.1267
131.0366 27.4507
136.6465 28.8197
136.6352 28.4262
137.6282 29.0005
132.1006 31.3277
138.2699 32.4443
135.8757 27.7614
132.0535 28.7140
131.9206 26.5825
137.4851 26.8695
135.0559 28.5263
130.6313 26.1895
135.8685 29.4345
130.6524 25.8294
137.5404 28.3690
138.1473 26.8422
137.3660 27.7278
134.4480 23.2003
133.0607 29.8594
140.2269 28.5498
131.6968 26.4873
138.9695 28.1932
134.4494 21.6481
130.6847 26.5922
132.2062 24.6243
125.1099 22.8635
132.7614 29.1381
136.9934 29.6838
140.4557 28.0948
132.7876 31.3149
140.1072 28.1159
138.5742 26.8105
133.7597 24.3822
134.2268 28.1993
132.5552 25.2626
137.9606 30.1545
125.9791 22.1810
132.1966 28.9590
131.6534 28.0930
130.6613 28.1080
139.1385 28.1107
135.7041 29.4310
140.4227 34.2516
137.9189 28.4954
133.2797 30.3523
133.7790 24.8577
131.5848 26.7108
139.2144 27.2169
133.5577 28.2701
124.7726 23.2725
136.9728 28.0868
133.0251 32.3911
132.7157 28.8038
135.8114 30.8081
135.1713 22.4543
125.2060 21.2777
132.4215 28.3915
131.6071 28.9929
126.1115 25.0910
136.0627 30.2804
136.3575 29.7698
134.4007 28.7142
138.9354 27.1439
137.4409 30.1867
135.9434 30.7032
137.0938 32.5811
135.9298 27.9642
130.8157 26.4571
140.1535 28.2350
134.1494 27.6872
136.9607 31.4903
131.1819 25.7946
131.8987 32.0485
134.2053 29.0846
136.1935 30.8091
131.8978 28.7649
130.6570 27.0360
133.9616 31.5021
130.8887 25.5276
132.4165 31.5536
138.1549 28.5319
131.9264 27.0701
132.8106 24.3397
131.5993 25.3540
134.9482 30.8386
134.9494 22.0499
138.9207 32.5992
137.0570 29.6687
135.9371 27.6777
134.1905 23.7603
131.7735 31.4988
136.9145 28.8420
137.9898 28.7945
136.7690 28.4952
132.3744 28.7058
136.9872 30.0295
139.1099 27.7771
137.2024 30.9929
134.7280 31.4342
137.6897 31.9277
127.9885 29.2538
130.2143 26.7712
137.2090 32.3111
140.4654 28.1622
137.4941 32.6038
138.1358 28.4362
130.9081 28.1042
137.2658 32.4861
133.9337 28.1285
137.4721 28.7691
139.5552 27.5189
136.8889 29.5973
137.9148 28.8737
138.6719 28.4008
134.4328 32.3317
125.7176 24.4516
139.1695 33.6482
132.4319 30.3970
137.8978 29.0460
140.0168 28.3710
134.3420 30.8328
131.8599 26.0268
134.1508 25.4474
132.3194 26.5297
130.5036 25.7618
134.1092 24.9180
131.9121 25.5437
138.3897 29.7099
133.8447 28.4981
132.1263 26.5816
136.2791 28.3435
132.3976 22.4972
134.5962 23.0590
134.2473 31.5605
133.3445 25.4131
125.0468 23.7907
136.2972 27.7582
139.9829 27.8439
140.7395 28.0578
130.8501 26.3390
129.8313 26.6706
136.7614 28.7660
129.0361 27.3682
136.8494 28.2981
133.7211 31.7893
136.6394 27.6684
134.0945 23.7230
133.0021 30.1883
132.8818 30.0407
132.5787 28.5053
133.5199 24.8248
138.8365 27.3148
132.9559 28.5313
139.7462 27.5458
138.0115 28.2517
132.5397 30.7399
131.6812 28.1064
132.0130 31.8203
137.2651 30.5436
130.0082 26.6218
133.7155 30.3811
130.0288 25.6257
140.1501 29.3541
129.4088 26.9307
138.7922 27.2214
136.3754 28.5127
135.8760 28.1146
136.3635 28.4878
135.4054 28.4964
133.5571 29.2854
138.8737 28.2561
136.1368 27.8719
138.1245 29.6844
132.3015 25.2746
132.4724 28.6094
136.0927 30.4803
132.3793 31.8028
133.6907 23.8884
132.3319 27.9685
139.7119 27.7798
130.6639 25.5697
134.0336 23.8204
137.4504 28.5015
134.5761 24.1270
126.0279 24.7887
139.2110 33.2938
128.0955 28.4755
138.4904 29.1515
129.4963 26.4537
145.4911 35.1244
133.7510 23.2684
140.1460 28.5176
133.3730 24.7955
134.4816 23.2579
132.9927 26.3812
132.5897 24.8949
134.6050 30.0978
133.5255 24.5351
131.4857 25.1834
134.3950 28.6902
131.2751 26.3381
128.8363 25.4905
139.0111 27.3923
132.1225 32.0955
137.6969 32.0453
138.2402 33.2086
130.4208 26.2778
136.4546 28.4304
125.0456 24.9519
132.9156 29.2207
136.3760 30.7693
136.7794 31.4537
131.3351 26.0382
137.7672 28.4449
131.2629 26.3387
136.1095 30.2713
137.4597 28.1749
136.1340 28.1563
138.9872 28.3447
134.5343 22.6668
134.7831 28.4828
132.0072 28.8412
136.5043 31.4112
131.3464 28.4274
133.2057 24.8698
137.5770 27.0625
133.5000 25.1293
136.5021 29.9209
126.5889 21.6439
136.5839 28.4782
134.1166 24.6877
137.3605 29.1092
133.4256 30.2113
137.7216 32.8095
140.1146 27.9202
131.5636 26.5865
136.2286 30.4110
140.1013 28.8189
137.8678 30.2924
128.1530 28.6169
137.6364 28.3375
136.6447 30.5664
135.8011 27.7520
136.2467 28.3283
131.1788 26.8839
137.4643 30.3525
139.7411 27.5625
137.2731 28.7721
132.8928 28.4596
134.7037 23.3125
134.0836 32.7436
124.8020 23.6906
137.3727 28.3552
132.4057 30.6029
133.9601 24.0052
139.4719 27.4605
137.9732 26.6485
134.6997 27.9616
133.9916 24.1192
131.4534 26.2714
132.5413 26.7702
138.8312 27.6342
132.5247 26.2368
136.3988 31.5090
133.5090 28.2691
133.6993 28.0025
132.4777 30.4420
134.5267 28.6408
134.0144 23.9818
134.1554 24.6909
132.3583 26.8220
137.6859 30.0191
138.8605 29.1807
137.6251 28.9700
136.2741 29.7274
136.4713 27.7009
134.8925 28.5516
124.5211 23.5629
132.0399 24.1365
133.7100 30.6783
137.1608 32.3445
131.3642 27.9619
131.3425 26.8676
136.1661 27.8251
132.0713 31.2287
129.0803 26.1200
140.0828 28.8425
135.3515 28.5659
135.3896 28.9959
136.9682 32.9564
137.0995 27.9985
136.2415 28.0839
131.3313 26.8259
133.7393 30.5511
137.4748 31.4275
133.6934 29.9389
135.6515 23.3227
140.2374 29.0019
136.4923 27.7462
135.9313 27.8850
135.4492 28.8738
131.8732 25.4285
140.1129 28.7166
137.7127 28.1407
136.8951 29.6152
137.3921 29.0762
132.2971 26.1868
134.6969 28.6855
125.4162 22.5951
132.5331 27.4838
136.8406 30.2719
137.9893 28.9111
139.6806 28.3933
136.2808 33.4490
137.2025 30.3841
140.1955 29.1553
137.7245 26.4105
137.8245 33.5505
139.8793 28.0925
137.4596 32.6318
138.0083 26.8476
139.4858 33.5198
140.7318 33.6288
136.6266 30.9998
135.5792 31.2056
139.4729 28.3047
140.2772 28.5363
137.6535 28.3548
132.5511 29.4818
139.1619 28.7690
141.2813 34.3765
134.9818 32.7552
137.1919 33.1626
138.5288 33.9879
129.0024 29.3237
137.5720 31.1797
127.5706 27.0609
137.0282 28.2457
138.9626 33.1996
140.2009 28.4828
137.7050 26.8482
138.0984 31.2855
137.6298 28.1950
137.8336 33.2657
135.6786 27.8409
140.0283 28.5869
137.0910 30.5682
136.6049 29.6517
139.8010 27.9841
137.2633 30.7145
127.4093 27.7629
139.7144 28.0029
143.3206 36.9000
137.4525 28.1027
127.5928 28.0148
139.4315 27.5698
138.6959 27.6345
137.5583 31.0172
137.6881 31.2967
133.7231 29.1059
139.6044 27.4864
136.8022 28.5324
136.5868 29.0493
138.0817 33.7124
127.6763 28.4594
135.5277 27.8414
138.8890 28.0863
136.8295 31.0772
135.0000 23.6835
140.0339 32.8222
133.4429 29.3325
138.8280 26.9833
144.7942 35.7682
136.3033 28.0347
131.4208 30.3339
137.9282 27.2514
142.7848 35.8380
139.0256 27.6224
139.4855 27.6536
137.1068 31.6376
137.6423 28.8259
139.2690 27.3522
140.1418 28.1416
139.8663 27.8742
139.4570 28.2633
139.5953 27.4751
139.6517 27.4310
139.8338 28.6471
136.0665 30.1178
138.1543 32.3522
138.8583 27.2819
137.9444 26.8727
136.8694 29.5166
137.8630 33.5634
144.9131 37.8027
134.6207 25.7004
137.2982 30.8660
139.9103 28.3714
140.3423 33.9362
132.3070 28.7012
136.2163 29.1410
136.5086 28.5531
136.3209 30.9404
140.1464 27.6152
137.5895 31.8529
135.5416 27.9092
138.6626 27.4159
138.2790 32.5056
134.9202 27.8965
139.3535 27.1956
138.6375 27.9700
135.2363 28.7355
138.6079 34.5238
137.4196 29.0842
135.1387 27.9190
137.0614 29.4268
137.2271 29.9198
135.7444 30.9164
137.4252 32.5944
141.6772 35.5967
136.9108 30.7522
145.7669 38.7564
140.1432 28.7918
138.7110 27.2099
126.8853 26.9736
137.6314 32.1572
146.2626 37.2283
138.2431 29.7502
137.9893 27.1710
140.2060 28.9610
137.8562 32.2465
134.4854 27.8619
141.9932 35.3201
136.4275 30.3869
136.5880 30.8562
141.7437 33.7557
140.0181 29.1167
138.6701 33.9765
136.9066 29.5915
136.7694 28.7781
137.1138 29.4100
137.6823 31.4828
134.5191 30.1237
140.1756 29.1275
141.9952 35.9597
129.8912 26.5290
139.9277 27.9683
135.1854 28.5658
132.5675 27.2901
144.9775 34.2295
137.7827 30.2609
136.9460 29.9851
137.5547 28.9441
139.0917 33.6996
140.0463 28.4286
137.3531 27.9951
138.1520 33.7139
138.1592 32.5981
139.0030 29.0382
139.3073 27.2095
137.8841 34.3669
140.1223 28.2016
135.4493 27.8377
138.8849 32.2724
139.4169 27.9374
125.9920 26.2912
140.0740 28.8903
139.4891 27.8211
136.1571 28.3582
138.3508 29.0505
139.9587 33.9106
137.2364 28.2818
143.3012 37.2578
133.3665 31.8223
136.8224 28.7751
143.0580 37.0774
136.3615 30.7240
141.5686 34.5229
136.7842 30.4004
138.2870 33.7539
139.9272 28.2459
133.2366 28.9047
139.6628 27.5354
136.4657 30.9893
141.5503 34.9948
140.8913 33.1624
136.5110 28.8726
139.9303 27.8358
136.9944 29.9725
131.8040 28.7056
138.2222 33.0325
138.2324 33.9188
138.0271 32.0541
134.8486 31.8113
138.0441 33.5856
131.4030 27.3398
137.0050 30.4682
135.9283 23.8953
138.3662 32.5475
135.1739 21.7395
132.2293 30.7569
137.0728 27.7965
136.5729 31.3720
134.4615 24.9937
131.7027 30.7412
134.7965 26.1616
135.7033 27.8553
132.1046 29.1576
137.0148 32.8443
131.7867 27.8554
136.8771 29.1644
136.3012 28.1038
138.7847 27.3637
133.4005 32.3922
132.2276 28.6645
138.1720 28.4358
133.9128 27.8940
139.5735 33.6985
137.2495 28.0688
139.8017 29.6655
135.0797 27.8347
137.7563 32.6349
134.3423 23.9347
134.4317 28.9875
140.2349 28.9075
123.4436 29.7807
126.8218 25.1691
134.4243 23.7948
127.1238 26.0453
140.0956 28.3085
139.9392 27.9020
141.5275 35.1691
137.6278 30.9471
138.0147 27.1710
140.6140 28.3593
135.5786 22.5155
137.8837 32.0756
137.2747 29.8383
132.2851 29.0676
131.9610 27.5616
138.8346 27.5447
133.6972 28.5543
133.8862 31.8348
140.0614 28.1680
136.9602 33.1453
140.0286 27.6994
136.3634 29.6636
131.8983 29.4394
143.7144 36.0342
137.4925 26.1644
141.9469 34.3326
132.9361 27.9342
136.7433 27.3520
137.1819 29.6371
134.5284 23.9933
133.4163 25.1335
136.9774 30.4828
134.9759 24.3266
139.9767 28.1018
135.1311 23.5001
136.7949 30.0822
133.3587 28.1708
136.7409 28.7440
136.7068 30.3469
133.6935 28.9562
137.6046 26.2441
131.8566 29.3304
140.8887 27.5465
129.8430 30.0878
131.3804 28.6318
134.7215 23.6527
139.8482 28.0900
137.2296 33.2580
136.2036 30.5771
137.8900 29.0795
134.7016 23.0343
137.6890 28.7229
131.7073 28.0181
137.0344 29.3924
132.6695 28.5783
138.0519 28.4201
139.9487 27.9792
132.1531 29.1075
126.4355 23.9155
136.1383 28.3721
141.2988 34.4438
136.4174 28.2975
133.3659 21.3961
137.1825 26.4700
138.5074 27.2128
139.9775 33.8361
132.5136 27.5872
133.5549 24.7799
136.3270 28.3174
131.9611 27.5722
143.6254 35.6707
132.6145 28.4617
133.6923 24.4491
131.8818 28.2510
135.8330 30.9759
135.0677 27.9075
138.8802 27.3387
136.6386 28.0496
134.0936 23.8141
139.9530 28.6455
129.4630 25.1827
136.0532 31.1421
130.9485 25.1538
138.0785 28.6846
131.9057 28.9439
139.0969 33.7533
137.4818 29.9349
135.9036 27.8823
138.1479 28.7342
136.6533 28.4595
134.4755 30.2783
139.0493 33.6550
136.9701 28.3373
140.9591 34.1297
137.7139 32.0545
135.0975 21.8823
137.3022 31.1222
139.0948 27.2896
134.3801 24.5753
131.7988 27.1540
140.3850 28.3955
133.5716 32.2729
140.6907 28.2069
126.0066 26.4259
134.7744 31.9802
134.0155 23.2909
130.9553 27.1120
133.6317 30.7913
139.7650 27.6564
134.1010 23.9364
140.3588 34.0628
140.0075 28.1983
136.7323 28.2956
136.7629 33.9171
139.9817 27.8481
127.7465 28.2685
139.3105 33.6997
133.6848 28.3889
131.2869 27.9835
137.1430 28.1289
136.7302 28.5684
135.5608 27.7328
128.1071 25.2350
133.6038 25.1880
139.0406 28.6690
136.9683 27.8835
134.8259 28.7715
135.2798 28.4144
139.2699 27.4533
136.5468 28.4381
133.2595 28.0266
135.0778 28.1038
136.1854 28.2784
126.4734 23.4407
132.3836 28.4795
127.2195 27.0871
136.2985 27.8734
132.3896 28.0768
134.9127 32.4950
139.2376 27.8742
136.9303 29.5240
132.1542 25.7147
132.3013 24.7624
137.9224 32.3340
136.2675 30.2964
134.7355 27.7699
133.7446 25.7361
137.4513 28.3427
140.5969 35.0494
133.5282 25.0561
140.1254 28.1924
130.7611 27.2746
132.0866 31.8187
134.1734 23.2291
140.3991 28.2883
136.4651 28.7576
134.0632 27.7165
139.6021 27.4742
138.4559 27.6052
130.8969 27.1920
132.8279 29.7205
143.6558 36.0944
124.5380 24.0693
136.8116 28.5594
136.5076 27.5549
138.6458 33.7205
137.7447 31.8284
130.9160 25.6978
133.2353 30.0976
132.4187 24.6529
132.9842 25.1430
136.5618 28.5320
139.2485 27.6150
130.3026 27.7134
137.2970 28.2921
136.4527 28.1115
137.2767 31.2304
136.6721 28.4622
134.1563 31.7927
136.5608 28.0143
137.8451 28.4455
133.8872 25.3510
140.1412 28.7621
140.1180 28.5983
133.6602 23.6978
136.8291 31.2624
137.2436 30.5014
136.1935 32.9871
137.6214 28.8850
136.3425 29.2746
133.8829 23.4228
135.7332 29.3697
134.5890 28.8737
137.3052 30.5709
136.3710 28.5539
137.2203 28.6922
136.6454 28.4926
137.1923 28.1847
132.1647 24.2769
132.3109 28.0756
132.0304 24.2842
135.9342 31.0371
128.9032 26.9706
135.9817 27.8370
132.6691 24.4250
133.7536 30.5311
140.1132 33.6507
131.7227 26.0014
136.3809 28.0505
139.0306 28.2745
132.9532 29.8999
131.2806 26.0649
134.1779 32.3463
138.2091 26.8355
137.7016 28.9467
133.6456 25.8102
137.7886 28.7712
132.0200 27.9404
124.2598 24.0336
137.7611 30.5370
137.1203 28.4431
136.4821 27.5785
139.4522 28.0919
133.3749 26.1206
137.1280 30.6114
137.1606 29.8274
136.8352 28.8386
135.3405 24.6984
139.0899 27.3897
132.7986 25.8777
139.3104 27.1861
133.9011 32.5769
138.2797 33.6658
136.6759 28.6115
137.2739 27.9449
140.5021 28.0447
136.7231 28.4410
126.2403 25.1407
135.8710 30.9228
137.8330 28.5438
140.4117 34.1523
139.0246 27.3848
135.2632 22.9368
136.3036 30.1523
138.3070 27.7508
136.9362 28.6853
132.3047 26.5164
136.8824 28.7451
136.9832 27.5551
135.7939 27.9161
131.6013 27.3739
133.8044 33.2237
137.9846 28.6846
126.9160 26.9253
132.5942 26.1570
140.7055 27.8534
140.3135 34.0984
137.6616 27.0190
125.0612 22.0415
124.9523 21.3865
137.4465 26.8856
131.1980 29.1339
128.2416 28.2971
134.9809 22.6818
131.2002 26.0431
129.8789 25.3400
137.5582 28.9470
135.2941 30.9611
139.4770 27.4085
137.6317 32.3722
139.1718 27.2604
135.0215 23.0305
131.8539 31.4065
139.8476 27.9860
137.5125 28.2642
135.1797 23.0778
138.0476 29.0379
135.2952 28.4645
128.1227 28.0925
131.7076 26.8577
134.4012 24.4188
137.4547 32.5705
137.5756 31.3998
131.5503 27.0950
138.9235 27.4568
131.6165 27.1575
138.3719 33.7103
141.6466 34.5335
131.0764 26.9435
133.7249 25.9306
139.1693 33.6676
138.9053 27.1233
130.6156 27.2008
132.2506 26.4094
130.7925 27.4017
131.5943 28.0968
139.7045 33.9175
126.2780 26.8200
131.4359 27.6580
135.1006 28.6163
130.0703 26.9632
131.2623 26.7514
140.0305 28.9748
134.6852 24.6682
126.8565 24.4686
134.7497 28.6536
134.7089 23.3532
138.9541 27.5106
137.3032 32.8635
137.3257 29.2525
139.7529 34.1811
137.5139 29.0564
126.1081 26.0745
136.6214 33.1838
127.5437 27.6781
139.5043 34.1231
136.8262 27.6536
132.0535 28.4380
138.5287 33.7502
140.1431 28.7299
132.5172 27.7397
130.4575 27.9073
131.2621 26.7578
134.1463 27.9015
135.5566 27.8976
133.4689 30.6197
134.0761 32.3100
133.4178 28.9363
133.0725 30.9608
127.1721 27.7460
134.5634 29.1046
133.9606 25.9264
133.4009 28.3588
130.9935 26.2120
139.2055 33.5805
140.2834 28.6118
132.0470 27.2435
136.2277 31.2323
134.8829 31.7181
134.3191 32.6948
136.4367 27.9223
138.8585 27.0481
137.8526 26.4264
138.7345 27.1369
137.5234 29.9103
132.0330 27.1821
136.9497 27.4149
136.6194 33.1409
136.7467 30.8467
131.5633 26.4689
135.1366 32.7927
135.8282 30.8393
133.9262 24.8183
136.8273 27.8843
140.1005 28.4059
138.0550 32.3525
134.1138 28.1579
137.6172 27.0207
136.9589 29.6003
140.8846 33.7679
137.1687 28.1382
136.6173 28.5086
137.7024 28.7445
134.5612 31.8073
134.6335 25.5888
137.8856 28.3122
131.4558 27.9238
132.4924 27.9796
137.8225 33.1083
136.6101 29.7908
135.3445 28.5289
136.9608 32.8448
130.3629 26.0780
126.2406 25.0165
137.8640 26.5607
138.3210 33.7013
132.9932 28.3901
139.9344 28.0086
138.3428 33.7112
139.7934 27.9668
138.5498 30.9184
136.7195 27.9717
147.7556 35.7818
136.5582 30.4095
138.0220 28.4696
137.3369 30.2630
139.8790 28.1026
137.8015 28.6173
137.4998 30.6107
137.9451 29.6986
138.0199 33.9153
138.9810 34.1122
138.2642 29.2261
137.6841 30.2214
138.3492 30.3349
141.6597 36.0398
133.4823 32.6829
141.3915 36.2669
136.3775 30.6662
139.0237 33.8160
137.3398 30.1781
137.2778 29.3487
138.2998 30.8644
137.7336 28.9171
139.9715 32.9807
137.8632 29.8012
138.0537 30.5073
138.7059 33.1234
136.3123 31.1342
141.6326 34.1253
136.7849 30.7314
139.8701 28.2351
145.9442 36.0775
138.4602 33.8013
139.6042 27.7466
138.1257 28.6972
137.0925 30.4396
138.2382 29.6374
137.2095 33.6475
139.7729 27.6626
138.0340 28.7546
139.9689 28.6680
137.8927 29.5197
137.6463 28.7558
137.5621 33.3703
135.8296 27.8551
137.2282 29.7618
138.1285 31.2053
138.9453 33.4956
136.4889 30.9561
140.2058 29.0431
136.5358 30.7356
148.4067 35.6688
140.3491 28.7437
137.7563 29.8833
146.5304 35.3760
139.8680 27.9808
138.2242 33.7721
137.2483 30.6027
136.2252 28.0379
136.7269 28.1623
137.6584 28.8814
139.4666 28.2433
140.0155 28.7142
137.5939 29.7621
139.5039 28.1066
138.9567 33.4424
136.8891 31.0456
136.9557 28.1942
138.2443 29.0729
138.4848 33.7515
139.7694 29.6702
137.5977 33.4036
141.2857 33.5817
136.8314 30.7122
137.3968 28.5244
138.1629 30.7437
137.9864 33.5008
145.7897 38.7336
136.2651 31.0567
139.0909 27.8838
135.4699 31.4448
144.4678 39.1814
138.8818 33.5357
137.3611 30.1168
137.1860 30.5843
140.9845 34.8353
138.4660 33.7973
136.5217 29.8993
138.1452 29.6235
136.2914 30.3376
140.0462 28.2105
138.9046 33.6323
153.3278 33.8101
136.3496 30.2803
136.9333 28.3290
137.6252 28.2986
139.5295 27.4965
136.4796 30.1555
140.3648 35.0066
138.2573 33.7910
136.5070 30.4963
146.6388 35.0974
137.9198 29.2551
138.7381 30.5480
137.3582 30.7767
136.5855 30.1804
139.8735 28.1819
137.8737 29.9794
137.0197 30.6320
138.0638 28.8010
139.6449 27.9045
138.2685 33.5274
137.4254 30.5715
139.3746 27.2811
136.5204 27.8660
138.1897 33.6991
137.5223 29.3506
146.0235 35.0497
140.1184 29.2723
136.7390 31.1055
137.2082 30.2007
139.4272 28.0113
146.4385 35.4006
139.7998 28.1737
136.9435 28.2536
145.9541 38.4001
139.6711 28.1767
137.6170 29.6621
137.0967 30.5800
138.7833 29.4797
136.6870 33.6165
136.9601 31.1024
138.3485 33.8565
138.8431 33.5188
138.9516 33.6843
140.0740 28.9974
140.2493 28.9158
138.0942 31.6828
137.7915 33.6543
138.0838 33.9168
137.7683 29.6815
138.0764 29.5201
139.8089 27.7639
137.8604 28.3794
136.6950 29.6056
137.5743 28.4866
139.8366 28.0522
136.3939 30.5371
136.1509 30.5065
137.3545 33.7958
136.6513 30.8158
137.5912 30.5937
137.4661 29.2109
139.9677 28.2960
136.4323 30.3254
145.8836 39.0545
141.6755 35.8221
140.2079 29.0061
138.5627 33.7681
138.9317 33.6999
138.1723 33.6528
145.2487 34.5947
137.6469 29.7775
138.1459 30.6088
139.7325 27.8113
143.5922 35.7902
143.6944 37.0023
136.6098 28.2998
139.9823 28.3056
137.4640 29.4959
136.2121 30.4479
145.8521 35.8367
138.5540 32.2301
137.7202 28.8013
141.8878 36.1520
137.4856 28.5707
137.0368 31.0257
139.1360 33.6693
136.8020 30.5095
142.6043 35.6253
137.7396 29.3960
137.6129 30.1679
138.4562 32.8254
136.8077 29.8702
137.0545 30.1012
140.8762 35.5671
138.1327 31.3710
136.4076 30.3108
138.0783 29.1218
137.1985 28.3836
138.4944 33.7935
137.3486 30.6071
138.0425 31.1604
136.9754 30.5752
140.9823 35.2181
138.4697 32.8433
137.5287 33.5486
137.5226 28.2717
137.1460 28.3696
140.1385 28.9653
137.2325 28.7563
140.1670 29.1896
138.0996 29.2147
136.7197 30.3175
136.7903 29.9352
137.3665 33.6097
137.0319 30.8903
137.4295 30.4683
137.7504 28.9592
141.2985 34.9284
136.6619 31.1760
137.2668 29.5345
138.4303 32.7764
136.4212 29.7807
138.0369 28.9349
136.4923 30.7072
136.4218 30.7525
139.8256 29.6272
138.1891 28.8866
137.0295 28.0092
137.7296 29.8728
137.9338 32.3283
137.2809 29.6952
136.9335 29.6943
136.0840 27.9782
138.5838 33.0751
138.1811 29.0705
139.2088 27.2219
137.6406 29.7525
137.9630 29.7882
138.0485 28.9789
136.3423 27.9886
137.6766 31.7623
138.3139 29.0935
136.6836 31.0441
141.3827 34.9287
139.8706 28.1790
137.9697 28.5933
143.2234 37.2722
136.8187 31.1312
139.6156 28.0097
138.2666 33.7529
138.1866 33.9892
137.8312 30.2569
150.0191 36.4614
136.9999 30.2693
137.0835 29.7593
137.9776 28.4959
138.9015 29.2954
139.9102 27.9915
137.5554 29.7176
144.6937 38.8652
137.6893 28.6777
137.5764 29.2035
139.7867 28.2547
136.7607 27.9429
136.3759 29.3105
137.3590 29.6231
138.7806 27.5854
138.8272 33.8292
138.5856 33.8106
136.4956 28.4050
137.6710 29.7261
136.2590 30.6353
136.6516 28.8206
137.0779 29.8689
137.4589 29.2319
138.1512 29.3502
137.9793 29.3660
139.8848 28.2337
138.8723 33.6868
139.7517 28.1372
136.6329 30.3981
137.7214 28.2609
138.5591 33.7964
138.4053 30.4057
136.7653 31.0789
139.8750 28.8544
137.7523 29.7418
138.2288 30.6591
138.2793 29.1460
138.1231 29.5177
138.0911 28.7416
138.0937 28.8296
136.0535 30.8197
137.8276 28.6438
136.9085 30.2272
138.8529 27.0689
137.2425 30.5298
138.0123 29.4724
137.4591 29.6001
137.9104 28.8587
139.7605 27.9219
137.3247 30.6057
136.0669 28.0684
138.8393 27.5705
133.3386 28.5078
139.6445 27.7426
129.4639 27.7325
131.1470 26.1095
143.6961 35.9353
136.5130 30.0907
131.1102 24.9992
140.8814 35.3616
135.3586 29.9419
139.4761 28.2224
148.2624 35.0833
132.3646 27.2697
135.1127 29.1980
138.4069 27.0783
129.5589 29.4250
139.6724 33.2887
133.5862 32.0637
130.2569 26.8773
137.0599 30.2921
144.6471 37.9176
137.4163 31.3478
135.2518 29.9798
132.8640 28.6452
131.5411 28.5237
126.5428 21.4144
130.3274 26.1967
130.0770 27.0864
144.7542 39.1138
134.3465 23.5906
135.3561 23.2590
135.8047 26.8350
137.8324 33.7891
135.6892 31.0879
131.8512 29.2770
136.3382 28.0591
135.8796 30.9743
136.7930 28.0128
138.0846 27.8319
145.9544 35.8790
135.3341 27.8812
135.1192 24.5801
139.8417 34.1349
134.1567 23.8869
139.0495 28.0497
134.3579 32.5268
136.8688 30.0234
139.4197 28.5844
136.1227 31.2529
135.0969 23.3746
133.2953 21.1915
128.1278 29.1987
134.2310 21.1889
140.3124 28.2459
138.6196 27.1246
140.4923 31.1224
134.8982 32.6932
136.7719 28.6334
138.5106 29.0431
137.8438 33.2837
130.5518 27.4573
137.7070 30.9127
138.6567 27.6496
123.2790 22.9824
138.2382 30.9927
133.0028 30.8131
134.3370 23.7761
146.1122 35.1391
138.0376 33.7517
137.3877 32.4781
137.9731 31.9851
137.3751 26.6726
133.4422 30.1844
138.3315 31.9632
134.5889 21.9703
136.8555 28.5721
136.3475 31.3672
133.3915 26.0185
141.5829 36.2820
127.9327 27.7429
137.0695 28.1425
134.0835 23.7801
137.4631 30.9118
136.0382 27.9679
134.0239 31.8193
134.4486 22.7742
134.8944 31.6015
138.8498 33.8113
144.4734 36.8589
134.6736 28.5699
126.1121 29.0782
132.1285 31.1169
135.9534 29.4351
136.7676 27.7448
137.8667 28.8176
140.2909 29.3543
138.5368 27.2612
137.5839 32.3972
132.6777 26.2267
134.5559 23.4230
134.1499 28.3574
139.4275 27.4181
135.3110 28.8183
140.8301 33.0640
132.0278 28.3463
134.7508 27.7215
131.7374 26.5580
135.2540 31.5788
137.8698 33.5509
137.1710 28.0127
137.4217 28.1934
136.8560 28.7650
134.8952 28.6594
130.5201 25.9473
132.0879 28.4052
131.3861 26.9471
138.1308 28.5611
140.1546 28.4849
134.4148 32.4800
137.8187 33.4886
132.1948 28.5359
132.0371 26.1951
137.5885 28.5127
134.3647 25.3883
130.5053 26.8879
134.5988 28.8655
139.2664 27.1214
139.6286 27.2487
137.2876 32.6400
140.0929 28.7619
136.9183 28.6252
137.4218 32.3822
132.4017 29.1054
131.1342 28.1964
135.3928 27.8497
135.6844 29.1390
134.7937 30.6729
131.4452 26.3189
139.2161 27.1370
140.1594 28.5037
134.4657 23.6033
135.3960 30.9201
136.5431 28.5233
137.4156 28.9735
137.9119 30.0264
137.3740 26.5649
134.1694 23.7318
140.1053 28.5602
134.4635 23.5926
134.4319 23.4391
137.0349 28.5993
132.0724 28.6591
137.0368 32.6989
131.4164 26.1443
134.0378 24.1610
130.6288 26.6281
130.9232 26.5275
137.9044 28.7755
136.4729 28.8294
137.9760 29.4070
136.6034 28.4035
133.9967 23.6791
134.3168 25.2645
133.7264 28.0655
141.0339 33.5678
134.9115 28.6201
136.7529 30.4429
131.3479 27.9901
134.8802 23.0702
143.7396 35.0152
134.4512 24.5701
133.5007 24.7890
130.7776 27.2090
131.1767 26.7772
133.3631 24.8177
136.0550 31.1923
140.8531 27.5787
131.6954 25.3429
138.5419 27.8998
135.3915 31.7527
131.1918 26.8869
139.0869 33.4782
137.7237 29.0519
138.1073 32.3501
135.7341 22.7086
134.4393 30.0605
139.9147 28.0242
139.4623 27.6964
139.7175 27.3403
136.2671 28.8179
134.8663 28.5522
139.9318 27.7464
136.7637 28.1267
135.3742 27.8013
136.4179 31.0618
135.2323 23.2627
132.2174 30.6676
132.5240 28.3854
140.1830 28.7058
144.0404 35.3453
138.6564 27.9161
133.4771 25.0144
137.6590 26.4549
133.4761 23.7544
139.4191 27.5713
140.1693 29.2732
133.6768 24.4908
139.6799 28.1017
139.7472 28.5546
132.8640 29.8029
140.5797 35.2899
132.0312 27.9669
133.3368 24.8224
133.6030 30.2119
139.7790 28.6249
135.2686 23.2873
136.5615 28.6931
132.4410 28.8585
131.8832 27.4152
135.7120 29.1529
131.9718 28.1482
140.1304 34.0564
135.4347 27.9571
138.9011 33.4270
136.1976 30.5032
137.3781 31.2835
139.4648 27.1559
132.2661 29.1187
137.6635 32.8362
139.9270 28.3676
137.8698 31.6824
136.0811 28.2868
136.9073 30.3471
134.4024 31.9970
139.9263 27.6829
131.2302 26.4957
136.5960 28.0003
132.8654 30.6469
139.1565 28.2438
136.5254 30.6034
126.4450 25.5647
137.7975 29.6361
134.9043 24.0870
140.2635 27.6614
139.1841 28.9982
139.3798 33.2391
126.6083 25.7441
136.7658 25.7591
134.5364 23.2682
135.1745 32.2856
134.4885 27.7833
132.4371 28.4680
134.4180 29.4650
133.1543 24.7561
131.8960 27.7116
138.7502 29.6721
135.6757 32.2967
138.4399 27.1901
136.4681 31.5186
140.3128 28.6763
135.7194 31.5420
135.3151 23.2980
134.1113 24.2691
137.5077 29.9772
127.7033 27.8849
133.7603 29.5758
138.7213 27.6221
126.3679 24.9039
134.0921 30.4622
125.4069 23.2671
137.4814 29.3433
137.6057 29.1994
128.3670 29.0274
133.5260 24.8702
137.0941 28.2691
138.5723 27.3432
134.6734 27.8639
140.2133 29.1458
137.9732 29.9346
136.5970 30.3456
140.1528 29.1090
140.1346 29.2997
139.2376 28.5048
146.9574 35.3277
139.5911 27.5551
138.6453 33.8919
136.5517 30.6660
145.5909 34.8174
141.1403 33.3527
139.2449 28.4928
138.9733 27.1007
136.6207 30.5816
137.8923 32.1319
144.7124 37.6154
138.7556 27.0553
137.7820 32.2099
137.8915 30.8102
141.9864 34.5177
136.8710 28.1901
137.2114 31.7753
138.3014 33.7762
139.5983 27.8437
141.6713 33.9954
141.6632 34.8831
146.4667 35.4726
138.9013 33.7531
126.9717 27.6369
138.3370 33.9266
137.8509 29.3632
138.3418 33.7060
136.2124 28.1408
137.9360 28.6895
141.8789 33.9440
140.2183 28.9219
137.7651 33.8316
141.9045 35.9190
141.1649 33.4963
137.6444 28.8097
137.7425 33.5431
138.0870 33.7385
141.6110 35.2300
141.9360 35.9478
136.4558 28.8971
137.7493 33.8924
141.2828 34.4761
136.4471 28.6151
136.2487 30.5775
136.5941 28.4309
137.9133 32.0628
139.2375 28.2710
138.3447 33.9612
139.2433 33.4886
145.5155 36.0819
138.6841 30.6412
138.8770 33.6027
137.6703 28.4557
138.3211 30.7380
136.9124 28.1669
139.4311 33.6273
138.1355 27.0039
142.0821 34.8692
137.1446 28.0584
137.9539 32.1340
132.4403 28.7496
138.9888 33.6295
138.6436 33.8164
137.7111 28.1575
137.8451 33.9170
146.9776 35.4063
142.0127 34.5456
137.0531 30.9198
138.2559 30.7679
138.7724 33.2786
141.3917 33.5337
139.8824 28.1263
138.8670 27.9055
141.4758 33.4841
137.6538 28.2088
139.0652 33.3271
137.3632 30.8905
136.5824 31.0925
137.0558 30.9817
137.7887 30.3322
139.1138 27.8581
140.1121 29.1070
137.7654 28.9617
136.5846 27.9381
131.9449 28.2257
136.6063 30.4439
139.9325 28.1483
137.8141 30.8984
144.4352 36.0687
140.0820 28.4460
124.1779 20.7376
126.5140 25.4118
138.9085 33.4926
127.4600 25.3630
132.0269 26.6357
130.4549 27.8835
124.4690 23.2765
133.3754 29.6248
139.1622 27.2442
137.8418 28.2438
128.8174 25.8199
135.5953 27.7305
139.9207 27.9216
135.0544 27.9794
131.8647 26.1732
142.9478 36.5356
132.5295 26.7115
134.3118 25.0764
140.5831 34.2566
126.1616 25.1025
137.8970 31.6373
135.2995 28.9787
137.1262 28.0913
135.0264 28.5485
138.9567 29.0146
136.7542 28.6550
135.8828 28.5665
134.4744 23.4324
135.0026 28.4817
140.4538 28.3402
135.8364 29.4095
135.4775 25.2926
137.0042 28.2801
135.1683 21.3256
134.6930 31.9561
127.6156 29.0531
137.3546 32.5204
140.3745 33.7722
135.5315 28.8035
140.9994 35.2156
137.1315 31.5301
128.6994 25.9153
140.3090 34.0096
140.1015 28.0091
136.1601 27.8062
130.5409 25.7958
133.4348 24.7698
138.5823 33.3691
138.9883 27.3011
134.2626 23.7849
138.1208 29.2044
135.4672 27.8176
145.7396 35.2281
134.3072 24.3262
131.2427 27.4018
126.3294 24.8192
136.1867 27.6274
131.5547 25.7764
138.0010 29.6022
139.3809 27.3170
133.7418 29.9969
137.5907 28.4631
137.5720 33.8274
136.7567 30.7304
135.2757 28.8797
134.5531 27.7512
132.7487 24.9998
132.8283 30.6810
134.5140 28.0248
133.4975 28.0990
143.6402 36.0109
136.3106 28.5602
139.3789 28.5943
138.0376 28.7777
137.8880 29.3837
135.8182 30.8831
131.3150 26.6992
136.9141 30.8096
140.5364 33.6009
145.7132 34.6152
138.0976 28.9821
138.0641 28.9382
130.2162 27.0139
135.7494 22.8191
133.9198 29.1452
135.1536 27.9329
133.8304 23.8296
128.6935 25.6569
141.5939 34.8472
136.3040 27.8413
137.6062 28.2638
133.9665 24.6577
136.9145 30.5316
124.4622 23.8316
133.4683 26.0855
135.4921 31.3592
134.5547 29.9156
125.6407 24.8440
137.0524 28.0881
136.7252 30.6314
136.4268 30.8537
137.7134 28.5194
139.4630 28.0381
137.9048 28.8419
136.3468 29.0379
134.4608 27.8837
139.4448 27.3395
137.0465 30.6792
136.6422 28.7850
135.7581 27.8961
136.5642 30.7449
136.8273 30.1514
139.5217 27.6255
137.5340 28.6952
136.6173 28.2761
138.3806 30.9105
136.5164 30.9204
137.6063 29.3895
139.9299 28.1044
142.0511 35.5318
141.5723 33.9987
140.2342 29.0314
139.9955 28.5265
136.5114 30.1908
137.2214 29.2388
137.1273 29.8589
135.7418 31.5258
139.7149 32.3800
136.5561 30.5904
138.0302 33.8026
139.7752 27.8874
136.9442 30.8201
139.4850 27.9282
137.4632 29.7680
136.2713 28.3906
136.8654 30.4871
139.1812 33.4187
138.1859 32.5953
136.0716 28.0378
137.0043 30.5284
137.4697 29.1487
136.8428 29.5103
138.0505 29.0698
136.1105 27.8734
136.5962 30.7725
136.6345 28.0903
136.5853 30.5374
138.0874 32.3016
137.0071 28.1015
137.0198 29.9117
138.2012 33.8046
137.8129 29.1596
135.8305 28.0129
139.8663 28.4010
137.7328 33.7341
136.5449 28.6822
136.3810 28.4301
138.0395 33.7770
135.9747 28.1974
136.5350 31.1500
136.8208 27.9784
138.5572 30.6451
139.5044 28.0059
136.2420 28.3169
136.3936 30.7803
139.8310 28.0697
136.4307 28.9433
137.7744 34.3684
136.4530 30.5055
136.2199 28.1666
137.4048 28.2693
137.3635 30.1484
136.7175 30.4176
137.8754 33.4326
136.2095 27.7899
139.9344 28.5979
139.8591 27.8166
136.9822 28.6212
138.1974 29.3044
137.0697 30.7130
137.1077 30.5217
137.4726 29.7842
136.2238 27.9572
138.9389 33.8182
138.1319 30.9167
138.1892 33.8378
136.2336 28.0742
137.3257 30.2167
137.5543 29.8166
137.3171 29.3734
137.4498 28.9331
135.5247 28.0097
136.9560 29.4234
138.1577 31.4972
134.5797 27.8812
138.0034 33.6921
137.7364 28.8075
145.1355 37.4464
137.4642 29.2128
136.0352 30.7631
136.4029 30.8562
138.9215 27.5457
139.8076 27.9053
145.5384 39.0824
137.3049 28.2412
138.8350 33.8947
141.4301 34.2202
138.1350 28.9993
143.5942 35.7237
137.3391 29.8334
136.9272 30.6186
136.5811 27.8241
138.3249 31.5661
136.3271 28.0278
136.3579 30.4104
145.2604 34.6554
136.2589 28.4452
136.3551 27.8850
137.5244 28.6562
135.9917 28.5592
137.9118 32.2252
138.8851 28.0587
127.9304 28.2550
137.8236 29.7494
133.0620 26.8689
136.8834 28.0261
136.7458 29.1516
133.8713 24.3543
135.6924 32.8592
140.2128 30.7968
135.5901 23.8804
129.9780 26.8715
132.4738 28.1773
137.5701 28.9403
137.1113 30.9285
141.1333 34.0900
135.0115 24.3505
128.7063 25.8246
133.3167 28.0760
135.2715 33.0506
134.3964 30.9101
145.7599 35.8938
133.9000 24.6670
126.2440 23.9906
134.6712 23.7070
133.3463 25.2843
131.7386 24.6231
139.4248 32.9512
133.9198 26.6496
134.0650 24.9073
129.4753 28.9921
137.4576 33.2882
123.3081 26.0316
132.7930 26.2691
124.0343 27.7243
128.4829 23.9671
137.7650 28.2901
126.9660 24.2453
138.9863 28.0575
135.9697 29.2701
134.4218 24.9906
131.4586 30.6914
136.8673 30.5803
134.4328 24.8900
135.2694 23.7898
135.5736 31.2811
139.6573 27.5952
132.1754 29.4670
136.8075 30.6760
132.9809 28.3851
139.7340 33.3391
133.8661 29.7475
131.8741 27.3863
140.6025 27.9877
134.2689 22.3785
133.9056 25.3535
132.5506 29.1569
134.7674 28.2007
125.4849 22.5600
130.0050 29.0185
132.1234 28.1563
139.6055 28.5166
123.8496 19.9531
129.5765 29.7216
131.6177 27.7529
134.9203 31.5054
134.9456 32.0049
137.0990 29.4430
138.5999 34.0143
134.2512 26.2631
138.1656 29.2389
130.3876 26.4937
131.5556 26.1280
130.8328 26.1562
132.5726 26.6421
136.7169 27.9514
134.4126 32.2525
131.2150 26.7453
131.2038 22.5132
118.2288 18.6800
123.9857 20.9889
132.5596 23.2809
125.6539 23.9204
132.8747 25.5233
129.9764 25.9325
132.9603 27.0705
136.0801 27.3040
131.7763 25.2588
132.1088 23.1554
131.9583 24.7874
134.1120 25.3247
128.1584 24.2198
131.6200 23.9689
121.6604 22.1642
135.7534 23.7769
128.9873 24.5895
127.9465 22.7546
131.2712 25.0229
134.2957 27.3076
127.1202 23.0166
134.7890 21.9734
132.0483 22.0028
124.3161 19.5856
127.0123 23.5810
132.9162 22.8680
116.2054 19.8970
135.3512 24.9594
132.5006 24.2764
131.2963 22.3991
130.7578 24.2704
133.4709 21.1875
125.8534 23.1299
138.7524 28.4706
138.4529 29.4821
136.3326 27.4125
136.5362 29.7554
123.4434 20.6001
120.3411 20.3917
131.1199 27.5073
134.5652 23.0823
130.4784 24.6413
132.3619 23.4720
129.9597 21.6855
127.3424 21.8000
125.8289 21.5404
129.7751 21.1941
129.8196 21.4644
134.2889 25.6946
131.1058 22.4512
134.1343 24.0636
133.0002 22.1004
128.1270 23.7493
134.2686 23.5931
135.5348 31.1768
138.2259 29.7262
135.6038 24.1390
137.5221 32.5873
132.6808 27.0252
137.1973 29.8971
131.8601 26.5493
134.5713 28.9824
132.3438 28.6456
136.2088 31.7431
138.3045 28.9374
140.5779 33.6822
134.3326 28.0201
134.3667 24.7009
125.5329 22.3457
131.4790 27.2949
132.0182 27.4959
139.4120 27.9773
134.6379 24.7427
140.6609 28.2444
135.8403 22.9181
137.6263 30.9703
134.4596 24.4430
127.4843 27.8961
131.5542 30.8069
136.2693 30.5503
136.4226 28.1953
132.3304 31.1639
139.4249 27.3521
130.7977 28.9597
135.2637 31.0553
139.9798 29.5113
137.1484 30.9300
134.1319 30.7197
140.6007 34.3116
135.1152 23.5551
134.3946 31.6628
137.1543 28.3366
136.8824 30.4024
132.2421 27.0223
137.3401 30.9687
136.0326 28.0501
134.7815 23.7254
136.4698 27.6198
134.8747 31.4468
132.5548 30.0459
137.4590 26.0937
138.8754 27.2762
139.9742 33.3590
135.6207 25.0452
131.0203 28.3467
133.3890 32.1730
139.6427 28.1425
138.6627 27.8095
136.4550 31.7766
136.5058 28.6127
139.5928 28.1029
137.6736 33.0330
140.1326 28.8520
131.8169 27.4022
136.4212 27.8574
138.3068 29.1443
140.0175 28.5713
136.4134 30.5294
138.5437 34.2674
135.4752 29.2449
135.7487 27.8896
134.2364 24.6448
135.0599 21.9148
133.0950 24.6121
138.1005 28.6549
132.7500 28.7869
140.1715 29.1595
123.4337 29.7046
131.5380 28.6721
145.0677 34.7677
141.2847 33.8596
135.8098 32.0458
131.6181 26.5050
136.2544 28.7534
131.5243 27.4417
131.9332 27.1592
138.0069 32.2876
137.1886 32.9566
136.3415 29.9708
133.3043 30.5453
136.1613 30.0758
130.6969 27.0023
135.8303 26.0302
127.0889 26.4097
140.6655 27.9392
132.5724 29.8357
137.9837 26.3365
138.0235 27.2281
131.3837 27.2354
130.0439 25.9547
134.4431 28.6133
133.2129 29.2227
140.6119 28.0730
138.8447 27.4008
131.8781 27.9812
137.2330 30.8766
137.4748 32.4245
128.3575 29.2682
134.5770 28.9022
136.4084 30.7903
139.1489 29.1223
133.4944 30.9398
137.0888 28.8958
131.4125 28.4851
130.7300 27.0484
137.9102 27.6380
136.8458 28.3745
135.0486 25.9618
140.4740 28.2062
136.4447 30.6148
125.4011 22.2413
129.0779 27.2023
133.9380 23.0845
130.2676 27.0549
133.9374 28.6685
129.1902 26.4822
134.7924 33.3715
135.8028 27.9089
136.3084 28.5189
136.3707 27.8213
134.5467 21.6665
137.1207 29.6459
131.7098 31.0977
135.0082 27.8894
140.6995 28.1260
134.8059 31.2476
131.0276 25.3714
136.6686 28.5750
137.0287 30.6234
139.5666 27.4770
133.8488 32.7199
133.7335 23.4344
135.4049 24.9892
132.2785 25.0826
125.7662 24.5688
131.1212 28.2977
136.4155 28.2630
132.1179 26.3629
140.0877 28.0783
129.8886 26.0189
137.5892 29.4329
132.8221 24.4690
132.5569 28.3770
134.9588 22.5332
131.2820 28.1012
136.5669 28.1462
134.8703 27.8312
140.4645 33.8074
147.0956 38.5050
137.6084 32.6902
143.9541 36.9108
138.0539 33.3861
140.0500 28.7906
134.8421 27.9565
148.8092 35.5783
136.8641 30.4041
138.4066 30.4236
139.3179 33.3878
137.9706 33.9205
140.2377 28.5028
139.9355 32.1128
138.4219 30.7005
137.2084 30.2242
137.4082 28.0481
134.5377 24.7376
136.4573 30.6227
135.1551 23.3767
146.5976 37.5282
136.2607 31.0873
140.3245 28.0751
137.2894 30.1588
133.7529 33.0762
138.8744 29.6205
143.8552 36.8963
143.2727 35.1658
140.1748 29.0147
135.8063 33.0792
139.4473 28.6114
137.6400 30.0172
134.6571 32.1921
136.6540 33.3690
141.5983 35.0901
142.8519 35.7164
137.9660 29.7211
138.1490 27.2085
123.4714 23.0113
145.8524 37.7063
131.2021 30.4731
138.6207 33.7925
139.9124 28.6866
144.2473 32.3696
151.9423 36.0965
121.7062 32.2418
146.8372 34.4648
139.9331 28.0980
136.4316 28.1556
139.9010 28.2358
136.1866 30.3288
138.0852 33.7309
143.4295 38.2747
138.0291 30.8412
134.7230 31.9084
136.5689 28.8913
137.3055 31.3882
148.9760 36.0483
139.7917 27.8848
137.7252 31.9232
140.6909 28.1675
139.6851 28.0810
137.2615 31.1731
139.5509 27.3698
136.5537 31.1994
139.1079 33.4793
136.5000 28.9669
138.3458 33.8277
144.5611 36.4235
139.5585 27.6479
137.4280 32.7761
144.1795 36.4694
138.0437 34.5642
152.8125 36.4914
136.3334 27.8497
138.8668 27.5337
137.3629 32.7213
156.6502 34.0026
139.2379 27.2190
137.6937 33.7059
133.1072 31.5450
136.7451 30.2226
136.8239 29.9564
131.3079 30.2302
139.0457 28.5592
139.1152 27.4569
149.0694 36.0563
127.4004 27.7668
140.1490 33.6567
134.4590 31.4980
134.7165 30.3553
135.1876 28.5970
133.5443 31.6362
130.8906 27.6165
135.2978 28.4862
134.3805 29.3032
133.6716 32.3873
135.3610 28.8453
137.9481 28.4912
135.3703 28.9230
137.8568 28.4738
131.1193 27.5274
139.3965 34.3241
134.8183 31.8645
133.9117 30.6262
135.2961 30.8821
130.7857 29.0110
135.1538 28.4958
134.9050 28.4767
132.2547 31.2149
146.2822 35.3029
131.4902 27.9611
137.0931 30.6199
135.4161 29.0073
131.2196 26.0621
138.5606 33.9478
139.8259 28.2120
134.1103 23.8831
138.4359 29.6525
139.8362 32.7050
134.7841 32.0142
124.5562 23.9022
132.3278 26.9816
137.2010 32.8822
134.5974 30.0767
135.9227 31.3408
134.2446 23.6854
134.5565 33.1483
126.2782 24.9814
130.8304 26.6040
136.5297 27.7757
134.5840 32.6799
134.5891 31.0404
137.6268 31.2788
139.9485 34.1507
139.5956 33.9761
135.3001 28.6191
134.9674 27.8609
127.4650 26.7945
135.9138 29.2605
134.3144 23.4473
131.4512 26.3639
138.9327 29.3107
134.2966 31.0877
135.5531 29.1942
130.7025 27.0379
139.7307 33.9285
138.3255 33.7931
135.2906 28.4721
134.5383 23.2101
139.9525 33.8976
135.7428 29.4062
136.2980 27.8299
136.1798 28.3201
130.5325 27.9225
138.4963 33.7733
139.5945 34.7452
132.3776 28.2198
136.9672 32.7833
134.6340 25.5259
130.9219 26.5301
139.4626 34.1546
139.2998 28.2034
137.4588 28.0948
133.4485 25.0606
135.3657 28.7798
134.0585 32.2660
132.7710 25.3739
131.4660 25.6911
131.1450 26.9549
141.4805 33.4862
136.1749 30.6221
132.0273 28.9308
134.0809 23.8202
131.9078 28.8773
134.5583 24.7140
134.3397 24.6045
137.3817 29.3914
135.1824 28.6490
140.2128 28.1635
134.4644 31.8017
134.7142 22.7727
137.6459 30.9608
134.0973 23.6797
130.6965 27.6791
145.9669 38.2076
134.5892 32.2091
135.0263 28.5810
135.3760 28.8095
132.8735 24.4312
131.1603 25.9680
131.2431 26.1657
136.5198 27.7161
140.2594 28.8432
136.3043 31.4403
138.9946 27.6988
134.0738 23.5958
131.9370 28.5088
132.6766 31.0747
128.7283 29.7369
137.0534 29.6685
131.9602 28.3434
134.0631 31.5337
133.5367 24.5869
133.2401 28.2561
131.8453 28.0967
138.0680 27.4426
130.2715 25.7285
131.2802 28.0529
130.9042 28.3595
132.0583 28.7857
130.6567 26.5269
136.2356 28.9382
135.7229 31.4320
139.1512 27.4663
133.0409 26.5321
133.5611 27.8320
131.8435 26.7898
131.7798 28.9060
140.0695 28.4003
127.1089 27.1775
131.9768 31.5910
129.9405 26.1920
138.9088 27.8856
126.2549 25.2201
138.3900 29.0740
135.7126 26.3981
127.8030 28.6684
126.9022 24.7154
135.7290 31.2133
133.5863 24.1274
130.4572 25.9405
133.9953 24.0860
131.0100 27.7720
139.9501 28.4125
130.9138 25.7077
131.9664 26.5096
130.7435 27.6613
134.6913 31.0882
132.0700 25.6167
136.1812 32.9638
138.2291 28.4752
135.1563 25.7788
128.9605 27.3728
124.4897 22.7596
139.0160 27.2173
132.4253 21.5674
127.1080 25.4000
129.3752 25.5980
135.9789 33.0153
133.1076 30.3639
136.9522 28.9248
130.7516 25.4352
134.3735 25.1105
137.3424 28.0045
139.8800 27.2603
134.9845 31.4234
131.6734 28.6339
137.0762 31.4345
138.0952 29.8091
140.3256 28.1595
131.9722 24.7942
141.4839 34.1878
139.0859 28.5550
136.0150 28.2236
136.5018 30.4124
131.3199 27.3961
136.3978 29.6341
135.7943 29.2580
138.0433 27.2074
140.6792 28.0891
137.5744 30.6948
131.7204 29.1987
130.5025 26.9877
137.1738 27.6514
134.7064 24.1556
134.2487 23.7569
138.4923 33.7967
138.7418 27.6868
138.9667 26.9448
134.6237 33.1061
127.3512 24.6396
131.6382 27.3379
133.4582 24.0413
134.9233 31.2144
131.3000 28.0386
139.9963 28.2067
134.2487 29.0536
132.2506 31.2770
131.7216 28.1398
132.6217 24.5779
136.6492 29.7293
139.1472 32.3451
144.5189 35.1883
130.6345 26.6747
134.9330 30.3553
135.1919 28.7726
129.6332 27.4147
133.3657 26.2469
139.1746 33.5382
134.9295 32.1979
130.6469 28.0129
138.0125 33.4997
138.3405 33.3614
136.7676 33.0312
132.5282 29.4037
135.1247 29.9279
138.1115 29.4754
131.3049 27.2760
132.3977 26.0739
137.8623 29.2785
148.1127 35.7579
138.2786 29.8062
132.9508 28.7790
136.2127 28.3448
137.4229 32.7761
135.2774 28.3346
130.5841 26.0675
140.4211 28.6821
132.7428 28.4501
136.3786 28.8745
141.2703 34.3714
130.7934 26.9897
139.3677 27.5554
136.3695 28.2942
134.5601 32.0589
136.7744 29.7114
134.0921 23.4044
140.3241 29.1500
130.6689 28.4314
134.8896 28.0074
133.9131 31.5058
133.1316 29.0479
134.2413 23.5336
135.3774 31.2445
126.3021 24.9053
137.2041 28.9195
133.6940 24.3846
131.9072 27.2326
139.9960 29.2915
136.8714 32.9417
134.7186 28.6905
137.5783 28.0928
138.3116 29.0352
131.4129 27.0524
136.2429 27.7991
138.9964 27.0769
133.9801 25.7139
139.8631 27.7459
134.6384 22.8949
136.2437 29.8490
138.8503 33.0350
132.1590 29.2062
131.2285 26.7211
133.1631 31.3615
140.0043 27.8269
137.4711 32.4921
134.7769 29.3524
126.0599 24.1421
134.8424 30.9321
133.1534 29.3837
131.5860 26.7705
134.7025 22.7805
137.5642 32.5109
136.4503 30.8281
130.5717 27.9707
134.2677 32.8212
134.8627 28.3022
134.2645 24.8719
134.5246 25.7669
132.3116 21.9391
137.6545 32.5829
139.7930 27.9473
134.5437 23.0068
136.4393 30.6294
138.7718 27.3117
139.2546 30.4899
131.3364 27.6407
137.6484 28.7251
124.4006 27.3245
126.7351 27.6928
125.0779 22.4017
137.7701 29.4943
131.5638 25.7023
140.0673 29.1882
127.2705 27.4176
136.4891 31.3243
133.7657 23.9300
137.4069 29.8624
130.8175 26.1116
136.7474 28.4626
131.7438 28.6549
128.5802 29.5402
127.2864 27.1546
131.9411 26.5802
135.1880 28.0190
135.0768 28.5362
132.5876 27.6195
134.3876 28.3465
139.8986 28.7080
134.7051 28.8304
139.4394 27.4654
132.4427 29.1068
132.8702 25.1951
140.0807 28.2181
139.5729 27.2687
139.8488 27.8252
131.7676 28.6324
135.9784 31.3031
134.5674 29.3109
132.7961 28.8751
134.6120 32.5661
140.2314 28.7107
133.8018 23.6777
129.5006 26.5384
134.7434 33.2180
128.4381 29.6108
134.2839 23.4494
135.0710 25.9807
132.7314 28.3152
136.6201 28.1572
140.7354 34.3824
134.5558 30.8493
124.4781 23.7484
133.6161 24.2205
134.0630 27.8500
137.1517 28.9267
131.7505 29.2687
132.6868 25.1299
137.5410 28.6320
132.7867 26.4722
130.2427 27.5586
136.9706 29.7086
126.2027 25.3826
134.8393 23.3000
126.4369 24.7185
137.0487 28.1373
140.8748 27.7657
130.8711 25.6498
136.9907 32.7194
131.1133 26.3634
133.6270 24.4592
132.9922 28.4626
130.5918 28.0731
136.4349 30.5402
140.1313 28.2229
130.6195 26.4608
136.9895 29.1094
134.9007 23.1766
134.3965 28.8063
127.3449 25.4281
136.3805 28.1371
134.2440 31.9281
136.8816 30.9623
134.6947 23.2596
139.5028 27.4830
137.2741 31.7064
131.3993 25.0384
140.4325 27.9663
133.4671 28.8742
128.1729 29.3910
131.9154 27.7856
134.0352 32.3862
136.5606 32.9616
139.5255 27.7383
138.5135 27.3078
134.8612 32.0430
135.4538 22.6825
133.9563 23.0192
125.4392 24.3841
131.7057 26.2341
137.1466 30.7741
133.7728 27.8854
133.1932 30.2681
124.5658 22.8063
134.7248 22.9624
130.9800 27.8016
137.0833 28.2902
133.4576 23.0560
125.5515 23.3580
137.9106 28.7672
133.3079 29.9458
138.6023 27.3851
136.3549 28.5739
132.1006 24.8026
137.8132 28.6917
130.3353 26.2216
137.9536 34.2541
139.7407 27.5883
132.0916 28.9317
125.6971 24.3756
133.8199 23.9136
131.2356 27.5158
137.1727 31.7296
125.6942 25.4551
131.3805 30.6952
133.9837 24.2090
134.2362 26.3236
136.8875 30.2010
133.7525 31.7261
135.5737 25.4618
132.1447 27.0994
132.9687 30.1985
125.9201 22.8835
131.3541 27.7409
139.8170 27.7489
131.0156 26.7092
129.0608 27.2858
138.5596 29.1184
140.0168 28.6495
130.9444 26.3695
139.2029 27.3258
140.5775 28.0300
136.8386 33.0772
139.1822 28.0509
134.9021 31.8333
133.0284 30.3421
135.2817 32.2933
138.6464 29.1379
139.3537 27.3207
134.5396 31.6473
135.8672 28.3992
131.4350 28.0513
134.5832 25.2035
131.9152 24.7900
135.1383 23.1193
131.7324 28.4416
138.6288 33.6217
137.6272 28.8649
134.3385 22.1597
133.7663 25.3449
134.4292 31.7087
136.2511 29.5330
133.6456 27.9181
138.2381 29.3209
129.9186 27.1339
134.4239 22.8966
132.9599 28.7043
133.8806 30.7813
137.5234 28.5748
136.5352 30.2409
132.7483 31.0811
136.7837 26.3168
132.3143 31.1172
132.9086 24.3619
135.9505 31.6550
129.8140 27.1086
132.0264 27.9832
138.7969 28.2755
132.3756 31.5772
133.1487 31.9884
140.4997 28.1698
140.2710 28.6942
134.5963 22.7142
136.0659 29.4961
136.2437 27.6007
133.3219 24.6328
136.6419 28.4769
133.8199 30.1303
136.0777 28.1198
137.5102 28.4292
133.0375 28.8482
138.7194 27.2956
136.6216 28.0719
136.0402 30.8522
138.6722 26.9927
132.4952 32.0944
135.0136 27.9900
132.8278 27.7120
132.5890 28.7697
132.5164 28.8173
132.9144 28.0618
137.4614 28.3599
133.9129 25.7018
138.7707 27.3676
132.5459 29.3377
133.1736 24.6981
136.9697 28.0674
125.0038 21.7885
136.5668 29.9914
139.9529 27.9198
132.8070 27.4121
131.4477 27.9379
136.3000 30.2512
132.7390 29.5773
136.3123 31.3922
138.9238 29.2869
132.0357 26.4036
139.7191 27.5251
124.8796 21.1760
140.3476 28.4419
133.8263 24.0180
136.9141 30.9256
140.5550 27.9801
133.8598 27.9900
132.8865 24.9217
136.6422 28.5405
138.3854 33.6333
137.1073 26.4485
140.2714 28.4785
135.0854 31.5227
134.8379 32.1586
136.5612 30.0205
133.3274 28.7296
135.5024 29.2058
133.1073 25.3135
140.0905 28.2655
140.6325 27.9264
134.1313 23.8331
137.3037 28.4933
136.3586 28.3646
130.7398 25.8360
129.4873 27.2575
133.8863 28.7925
133.6264 32.0411
132.7741 30.9885
137.0237 31.6949
137.0716 28.1850
139.8917 27.7801
134.5557 28.8941
132.4241 28.4257
133.7427 24.0557
135.8983 30.7674
134.7762 29.1488
137.2274 29.3686
136.4637 30.2293
136.6414 31.1335
135.6912 30.8588
136.6779 27.9988
133.1166 24.6734
137.4112 30.1111
137.1029 31.0784
136.5964 28.5287
138.9495 28.2214
133.9625 27.9695
141.2700 34.0311
137.3267 27.9124
134.0789 30.9210
137.3979 28.8328
131.8424 26.2385
134.0829 28.8562
130.6898 28.0960
136.9556 28.6752
130.3267 27.7802
132.1770 28.1286
135.2645 31.2571
123.9756 23.1480
133.8667 29.0618
135.9453 27.7501
136.7814 28.9677
136.1679 27.7796
133.9972 24.3519
140.4983 28.1489
131.4491 28.5587
136.0191 28.0468
134.9664 31.7091
137.5530 29.0030
122.5797 26.8899
133.2174 22.5460
135.0025 22.8299
134.5485 24.5951
135.4655 29.3546
131.1231 27.8236
140.0264 28.2171
127.6167 25.4463
133.8776 24.0082
145.5921 35.5947
139.4285 33.3304
134.0765 24.6007
135.6992 23.3148
139.3905 27.8260
132.2222 31.1161
133.6766 30.1114
130.5471 26.2324
135.0250 22.3595
134.0402 23.1637
126.6168 28.3614
135.5298 30.4428
130.4630 25.4219
130.4317 26.2926
130.3044 28.4622
132.0410 18.5320
131.7420 29.0771
138.5156 34.2171
136.9748 29.8705
133.8188 22.9938
136.3904 29.9916
125.4251 24.9742
136.3882 31.8470
130.9927 25.3017
133.6502 23.4377
132.1124 22.4609
134.6445 22.9008
125.6798 21.0031
132.9027 27.9697
125.7791 25.1974
136.5011 28.4958
133.5040 23.6251
131.4604 27.1102
125.6101 23.8664
132.6449 24.6389
131.8325 27.8551
124.4104 23.8784
133.7771 29.0097
134.2706 24.6657
126.2662 24.2202
133.7601 23.2064
139.1173 28.5931
136.4405 31.5011
132.3120 29.1422
134.2639 27.8303
136.7331 30.6411
128.7823 25.3330
134.6401 32.0216
132.1764 25.8219
132.6722 28.8296
127.1873 28.7971
133.7298 26.9149
132.4892 25.0995
127.6481 25.2615
123.8247 23.6632
123.3446 20.1494
136.4515 30.9952
145.8989 39.0604
136.8690 30.3586
137.0274 31.0396
135.5372 27.7974
137.0334 28.0169
141.0932 35.5847
139.3064 27.9446
138.3517 32.7560
136.9398 28.1972
139.9136 29.5955
140.1209 29.3500
138.0447 33.5824
136.2387 30.5692
138.5765 33.8127
138.1852 32.4182
139.1562 33.7608
140.2200 28.5564
138.6538 33.9184
138.9497 27.8874
139.3150 27.8606
137.3480 28.9306
138.5982 33.8000
138.3636 30.9977
138.7242 33.1010
141.2551 35.3900
138.4078 33.8137
137.7978 32.1261
137.5746 29.6285
137.9071 30.1915
137.0414 30.3033
138.8523 27.6203
145.3175 38.5924
138.5478 32.7940
137.3733 28.5641
145.2554 34.7438
138.4172 32.6890
139.3224 33.6613
137.0448 28.4572
141.1962 34.7854
136.3306 29.8052
138.0369 28.6255
137.6804 33.8277
145.4090 38.7720
137.2467 30.3344
138.7330 30.6774
139.6207 33.1525
138.6719 27.4033
138.6664 32.9114
141.0054 35.6698
137.7030 33.8196
138.1098 33.7910
145.7310 39.0315
137.9306 28.7620
138.5779 32.8499
136.1368 27.8080
141.0718 34.6951
140.0512 28.2454
139.8040 28.0947
139.0097 28.0040
136.2399 30.5591
137.5265 28.7564
139.0015 33.3014
137.2727 28.1895
145.1373 37.0027
136.8884 30.2248
142.8299 35.6127
136.4317 31.1119
138.0799 28.8083
137.8550 32.1261
136.1131 30.1179
145.4325 37.1433
147.2793 35.3475
144.4043 35.9446
138.5542 33.9631
139.4992 27.2913
138.1005 29.3093
140.2444 29.1670
136.7525 29.9076
141.7985 35.7636
145.4138 36.8620
138.7392 33.9478
136.5221 30.3459
137.3980 31.2866
136.5470 31.1500
137.2628 29.8716
137.4525 30.5415
145.0686 37.2222
132.1556 27.1240
139.7499 27.6064
147.3289 35.5438
137.9402 29.1477
145.2037 37.2308
138.0504 31.6455
138.0531 33.5976
141.4173 36.2396
138.9994 33.6208
138.9256 33.2519
141.8682 35.5523
143.1764 35.8281
136.7498 30.9519
137.7566 28.6649
137.3119 28.4810
137.7748 28.6767
136.2256 28.4022
139.7321 27.8065
141.8313 35.4259
145.0436 37.2548
138.1031 32.4014
139.7735 27.6031
137.9001 32.1788
138.6837 33.0859
136.3167 30.6760
137.9373 32.2896
141.8913 34.1962
140.2210 29.0983
137.9739 30.6892
136.9909 28.2470
137.8008 33.8676
140.2316 33.5554
137.2827 31.4905
139.0857 34.5803
136.8867 28.1860
138.9103 33.4127
138.2315 29.0837
143.6889 37.0142
139.1367 33.7971
145.3935 38.6023
138.7312 27.2164
136.5708 28.6179
139.2386 33.0337
139.5753 27.6599
136.9808 28.1508
140.1712 33.5149
137.7456 29.8938
137.2443 30.4907
142.4011 35.5149
136.2072 28.2444
136.8214 30.6993
139.7750 27.9486
141.5498 34.2196
136.7372 31.1025
138.0880 32.5003
137.4158 28.2290
135.7351 31.2326
137.6503 29.6810
136.7316 28.4262
140.2202 29.0810
135.1993 32.0756
137.1190 28.1695
137.1641 29.6725
145.0640 34.2374
137.7466 33.6851
137.0160 30.3580
137.8613 33.5829
138.3471 30.8589
138.3171 32.5653
141.5784 33.8948
136.3955 30.3495
138.5329 33.8315
141.6261 33.6411
145.6989 39.5200
136.1703 30.7990
136.8521 28.1803
138.8745 33.8450
139.5601 27.8438
137.4192 28.1456
145.9010 39.5438
138.0845 33.7615
137.1823 30.9728
137.6189 31.2802
137.8225 32.1475
137.1205 30.8303
136.2815 31.1310
136.9494 29.4099
135.8643 31.4971
139.8512 28.3983
139.1224 33.6482
138.1411 33.6365
136.6030 28.7366
137.9855 29.2403
138.0768 33.9413
137.2946 30.3722
138.2284 29.3799
137.7362 31.2512
139.0315 27.6463
138.8469 33.5599
141.6972 35.8118
139.9219 29.5816
136.5243 29.7217
136.8161 30.7247
136.3981 28.0177
145.3123 38.5824
136.2824 30.2872
136.5670 28.0048
139.0415 27.3899
141.9985 34.6744
140.3551 28.7937
141.8444 35.5363
140.0660 28.3380
137.7225 33.7968
138.5261 32.8067
141.8226 35.8435
135.8245 30.5006
140.8051 34.7446
138.0999 33.8936
136.7576 28.6507
137.2398 27.9735
143.7482 37.2937
136.8405 30.4417
136.7744 30.8272
135.2863 27.8013
137.3908 28.1180
137.8647 29.4870
136.8485 29.8367
141.7254 33.7262
142.4889 36.8965
137.0212 28.3478
139.6206 27.4121
139.1301 28.3159
138.8850 33.6821
139.0717 33.3807
138.3991 33.8061
136.8904 30.2781
137.1585 30.7775
141.5408 35.1017
141.8204 35.6751
136.2443 31.0053
135.6015 31.2432
137.2809 31.3743
136.9296 30.2311
139.7619 28.0244
147.8970 35.7805
144.0956 38.6391
136.9046 30.2925
139.5240 27.4475
138.5565 33.8023
139.1238 32.0460
137.9999 31.0914
137.0062 30.3511
138.2129 28.9221
139.1861 28.3891
137.8130 31.3707
137.8469 31.1884
137.2174 28.4566
136.0922 30.0993
139.1945 33.5882
141.7719 35.7322
156.0412 34.6097
152.3407 36.7419
137.7937 32.1129
138.3329 33.9465
137.9427 31.7157
141.8805 34.2768
135.8868 27.9159
137.1162 30.2073
138.8940 33.7274
138.4310 33.7767
145.0882 34.2415
141.7944 35.6608
137.8470 28.3393
138.8024 27.5169
137.8882 31.1196
137.0711 28.1488
139.5918 27.4564
140.2398 28.7690
138.8329 27.7234
138.7988 33.2015
141.1847 36.1057
144.8369 36.3409
139.0713 33.4142
137.3926 31.1264
137.9350 33.8056
136.3994 29.1850
139.6882 33.2111
139.5351 27.4502
137.1549 28.5188
137.8920 28.7746
138.6663 33.8167
139.6471 27.7015
141.8485 34.7050
139.1842 28.6131
136.5100 27.7730
137.4134 30.3243
138.7627 27.3243
138.2709 33.7004
139.8263 27.6487
136.7164 28.4430
138.5883 33.7994
145.0024 38.5572
136.7655 30.1679
138.8431 33.4682
138.6807 27.3782
139.1471 33.5698
137.6240 29.6441
139.2929 33.6012
139.1165 28.3121
138.1257 32.3977
137.7481 33.8421
138.0039 31.6503
141.6853 35.4797
138.4100 30.7827
138.8534 33.0522
139.6601 27.9218
138.9092 33.2474
139.7672 28.2219
