132.8496 27.5975
134.5730 29.0449
134.1848 26.3477
138.3865 33.1749
132.2560 29.7481
133.4055 30.0795
134.7501 29.5510
136.0105 30.2259
127.1446 26.9350
137.2517 29.5535
135.8537 33.4637
138.8639 30.5494
131.4874 26.2801
137.6842 30.0716
133.5780 28.6265
137.6812 30.3255
131.6836 31.2987
131.1800 30.3580
138.4719 30.3894
132.0238 29.7929
134.2205 30.9875
135.7433 29.4552
136.7911 30.0285
138.6603 30.5870
135.6293 28.9483
132.1894 32.0566
135.5207 32.9337
136.1488 32.6222
135.0683 28.6952
138.5417 29.9927
138.4390 31.1928
135.9126 29.1383
139.1149 30.5005
136.0231 30.9047
131.1766 26.3164
138.2294 31.0961
138.6680 29.9440
133.3661 28.3383
138.4214 31.0411
137.2561 31.4083
134.7843 30.8235
135.1856 29.7987
133.2114 28.2761
138.5658 29.8513
134.7745 29.2699
136.6993 32.9474
138.2045 31.1740
137.5999 29.8818
135.0282 27.9219
135.8903 32.8719
132.1405 29.7256
131.2752 30.4862
137.9299 30.0739
130.2071 25.7018
138.1848 30.2571
132.2022 26.4350
136.0943 32.7396
136.0816 30.4811
133.7567 26.0049
135.9666 33.2078
133.6307 29.9797
131.6593 29.4919
134.5019 30.5058
132.0752 25.9656
138.6723 31.0650
136.3651 29.3669
136.6166 30.2019
131.7844 31.1746
136.0566 32.8383
136.0137 29.2900
131.5315 30.8631
134.5310 27.0680
135.9647 29.2479
132.6932 27.2817
134.7827 27.6167
138.8425 30.1385
134.7345 29.9602
134.0580 28.4347
137.2718 31.3571
131.3875 30.7998
130.4386 26.6526
135.1522 25.9466
134.2000 31.1009
134.6219 28.4845
138.5995 31.0215
134.5833 28.3869
134.6732 28.9019
132.9393 29.7262
137.2553 29.7068
132.1659 29.6431
127.5048 27.3546
135.5068 28.8360
135.8526 30.4806
128.6893 28.7232
138.0040 30.0019
134.4804 28.7347
139.1068 30.8057
134.8724 30.1082
135.7177 29.0960
134.9118 25.7407
134.5713 29.4988
138.7287 30.6968
133.5738 30.2676
137.6897 31.4131
134.2860 27.8860
135.0703 32.1058
131.5538 26.3135
134.4985 25.9102
135.9557 30.2929
132.9267 31.5059
131.5106 30.6916
134.9264 28.8037
137.1865 31.2183
139.7366 34.6173
134.5194 30.4353
139.7341 34.0611
136.5247 33.0214
135.3224 28.6966
134.9430 28.3641
131.4252 30.7165
131.6747 31.4225
136.0184 30.2705
136.1072 33.0034
138.6279 30.7672
135.2746 28.2777
132.4466 27.1711
138.9913 30.7217
133.4922 30.5940
131.5099 30.6332
131.2817 30.5888
137.6233 30.0282
136.5045 32.9276
134.9443 29.7474
134.9847 28.3766
134.0399 30.9223
136.3829 30.3027
134.6776 30.1651
136.6011 31.2498
134.2245 29.7212
134.9302 28.0758
134.4179 29.8891
131.7071 30.2004
135.0601 30.8743
135.9334 29.2771
134.3004 30.8724
132.0872 30.9954
139.0147 30.1181
139.2248 29.2891
134.3526 25.6062
134.5750 28.4872
136.1033 33.0806
137.0642 29.5458
133.6912 30.3837
133.4943 30.4845
131.2486 30.6161
137.8652 30.2071
131.2997 30.9184
136.8663 30.8599
131.5377 31.3270
132.3169 30.7606
133.5001 30.2614
130.5531 26.6629
131.0015 30.1188
137.4500 29.8983
134.3055 27.1352
131.4119 30.9272
137.4846 31.3651
136.7974 30.5745
141.3977 34.5418
134.2673 30.2351
131.6469 31.1468
131.6197 31.2898
138.9346 30.7899
137.0826 31.3560
130.9937 26.5135
135.4358 33.2011
132.4811 32.2348
137.0457 31.3573
133.5093 31.8397
131.5603 31.2457
130.4028 28.0156
136.1980 32.7176
134.8559 29.9794
134.6882 30.7956
134.5031 30.1502
135.6001 28.9443
138.7762 29.1088
135.2432 32.9030
132.0564 32.0861
133.9692 29.0939
137.8880 31.1907
131.5850 30.8080
132.4865 28.6044
136.5968 31.3394
134.6715 28.8808
139.1169 30.3820
136.5104 32.5416
139.3136 29.2900
138.6820 30.1596
134.3750 30.9956
136.6974 33.0612
131.4979 29.3255
133.3295 30.5434
136.7257 31.3775
136.2797 31.0040
133.7615 30.1506
138.6793 29.9826
138.9707 30.6223
134.2776 29.6959
133.7788 28.9647
136.8909 31.5058
135.1423 30.4012
134.8377 28.7000
130.2936 25.2593
135.8831 30.6402
136.4106 30.0723
131.9229 30.8935
136.1517 32.7496
138.2937 30.2175
137.2174 29.5775
133.1769 30.1065
135.5813 32.8675
138.7563 30.6512
134.5152 29.1420
135.4664 28.7319
128.6107 24.2673
137.9494 31.1826
134.4396 30.5720
138.9267 29.9552
133.8419 29.3041
136.1258 32.6819
134.4120 28.9765
129.2747 24.8027
136.1201 30.3450
137.3266 29.8732
135.1225 29.0865
133.4470 28.5111
138.5795 29.7936
137.0658 31.3604
131.2553 30.5645
132.8113 29.5741
137.0921 31.2012
127.2802 27.7362
140.5759 34.5130
138.6309 30.0732
136.5756 32.6528
134.2133 26.1838
133.4259 30.1127
129.8821 25.2314
132.1187 31.9575
133.2345 29.7879
135.0113 28.6485
135.1713 29.0498
130.8506 30.0041
134.9651 29.1464
134.3408 27.8067
137.4495 29.7474
138.5154 31.1187
132.9658 29.9719
131.9315 29.9013
134.6495 30.4720
136.0598 30.8755
136.1228 31.1340
135.9382 30.7568
135.8326 32.7144
135.9468 32.8424
137.3099 31.4808
134.5009 30.9509
134.6446 29.1844
136.0285 29.4794
131.6586 31.0551
134.6701 29.1425
131.2638 30.4066
133.0385 27.7934
136.3788 31.3118
138.8862 29.2343
135.5348 29.4231
134.7382 27.6170
132.9935 29.6113
139.2399 30.3205
132.0235 26.5410
136.7707 29.4757
134.9350 25.8498
134.8572 29.3036
134.4529 27.2878
130.2168 25.5477
134.7709 31.3660
137.2492 29.6786
138.9197 30.0146
138.7472 32.2566
138.7280 30.4202
138.9312 29.4843
134.7875 28.6405
138.8839 31.0268
132.4269 26.4151
136.2099 30.2161
130.4884 25.4412
133.9211 29.6544
133.4947 30.2364
131.4021 30.9604
138.1164 30.0723
132.9912 30.6346
136.1933 32.8010
136.3924 29.9181
132.8526 29.6392
135.3226 29.4091
132.0755 26.7111
138.8896 29.9096
136.3123 30.5575
129.8782 25.6795
138.3376 31.1723
135.6334 32.7960
133.3145 29.7911
135.9109 30.1144
134.6242 25.8573
130.2508 25.1915
134.1388 30.4233
134.1857 29.1426
128.4037 26.1175
135.7656 30.4938
131.2496 30.3629
135.2434 32.6202
138.6458 30.3461
137.7629 31.4868
138.7258 30.9171
131.9804 30.3828
137.1969 31.3333
134.4576 28.9900
139.0583 30.3796
136.2881 30.0600
135.9223 30.1920
134.8539 29.4454
133.0478 30.4328
133.3971 31.1251
137.1900 29.6688
134.3471 30.5783
134.4469 29.3920
135.8202 32.8480
132.7859 27.1822
133.2562 30.7142
136.3938 30.2598
134.5189 30.8705
134.4130 26.6379
134.2259 27.0559
136.0026 32.6870
134.5690 26.0660
132.8782 27.5586
137.6407 34.2332
135.9884 30.2235
138.1675 31.0660
135.2574 28.3389
135.2618 32.9622
135.9447 30.7540
138.4555 31.2615
136.3405 31.3367
134.5622 30.4191
137.2983 31.0984
138.7608 30.5975
137.3177 29.6419
132.1781 31.9167
135.8789 32.7946
126.5857 26.6841
132.6116 29.1700
131.5352 30.5055
138.6913 29.6262
131.7254 31.0401
136.2463 30.3158
131.3841 30.9758
131.4436 30.1205
135.8020 32.7332
135.9140 30.3669
138.7817 29.9564
135.9217 30.8526
138.2833 31.1303
135.9498 29.1818
133.3519 31.6291
128.9164 26.0904
136.9108 33.3017
136.0484 32.6277
131.4355 31.1192
138.3859 31.1203
139.0084 30.6148
135.4031 32.9570
133.2925 28.1740
135.3183 29.2576
132.7119 27.1283
132.9320 27.1613
135.4877 28.9017
131.4165 26.8661
134.6799 27.8084
136.4486 30.1106
135.8105 32.5034
132.3368 26.8310
138.0440 31.4117
134.8678 25.6274
134.5492 26.5863
132.0232 31.6702
131.9730 27.0123
130.1887 26.1905
138.0643 31.1592
138.7443 30.4016
139.1091 30.1430
134.3516 29.6956
133.6128 28.4918
136.0640 30.3504
132.5696 29.5547
136.0171 32.8015
136.5041 31.3585
132.3281 31.8011
136.3051 30.3462
134.5100 28.4370
134.0402 31.1145
136.3389 33.2815
132.8495 29.7770
134.3742 29.7318
135.8703 32.0666
134.9243 28.3545
138.8499 30.2370
132.8824 30.3923
138.4561 29.6956
138.5594 31.0884
132.2766 28.4320
132.6814 29.7460
136.3617 32.8863
133.8444 30.5437
135.3873 32.8701
134.2741 32.2747
136.9191 31.6349
133.5717 28.7299
132.7928 29.6580
131.0773 26.3747
139.5275 30.0779
133.6764 28.5734
138.2807 29.8081
137.7327 30.0210
138.7894 31.0426
136.4222 31.3551
131.8856 31.7233
130.8932 30.7142
131.5378 30.7378
137.1684 29.6479
138.2595 31.0849
138.3416 30.7538
132.9025 26.4550
134.3630 31.0825
130.0662 27.4914
138.3757 30.2571
134.1004 30.9665
134.6100 28.4345
133.5318 30.0833
138.9621 30.4226
132.8797 27.8041
134.4730 28.1860
136.0870 30.9062
135.3803 28.5482
129.6911 26.4987
136.4321 32.8811
128.5872 29.9604
135.9762 29.4253
133.2400 27.7533
139.8844 34.5896
133.9713 25.6390
138.9803 30.4454
135.5449 29.0618
134.3317 26.4212
132.1694 26.8855
134.4286 27.7111
139.0142 32.8026
132.2642 29.6450
135.0646 28.7819
134.4185 27.3308
132.9122 30.7240
135.0641 28.5640
131.1310 26.2607
139.0899 30.3417
135.3062 32.2321
135.8103 32.8538
137.7914 32.5666
132.8361 27.2261
136.6954 31.4176
127.1698 27.2854
132.9528 29.8794
136.5724 30.1725
138.7450 30.9642
134.5191 29.2785
138.2915 31.0909
135.0743 28.5772
135.8948 30.6365
138.5157 31.2081
137.7913 31.4108
138.1593 30.0518
134.4343 26.7246
131.9496 31.4502
134.4702 30.0843
138.6410 30.8600
133.3305 27.5011
134.5930 28.7488
136.2139 29.2708
134.6402 28.8183
135.9500 30.2898
131.0531 25.2805
136.4791 31.2670
129.1185 29.8394
135.4663 28.7020
137.3147 29.7639
132.9077 29.7091
133.4165 30.1893
138.5273 29.4696
134.5979 30.8484
138.5972 30.5707
139.2275 30.5374
136.4905 30.1783
128.4488 29.4627
138.1557 31.2471
136.4414 30.0086
136.1404 30.4436
136.6744 31.2281
134.5126 30.8154
136.2686 30.3648
138.4903 29.8091
138.7858 31.0024
133.4137 30.0140
134.9039 27.9858
131.4377 30.6552
130.2244 25.9005
137.0136 31.4512
132.3741 29.7441
134.4300 28.5919
139.1462 30.7845
138.8962 29.3506
138.7482 31.0992
136.9159 32.6435
134.4944 28.7144
135.0484 28.7935
134.4709 28.8164
138.2084 29.7346
133.3396 28.2170
135.9008 30.4183
138.7022 31.0351
136.1326 29.9870
131.4812 30.7733
132.1475 31.9497
134.7119 28.6776
134.8610 28.4705
134.5707 30.6423
136.9334 31.5739
135.3863 29.6787
135.9336 31.0712
131.3096 30.7168
137.6290 31.3872
131.8817 31.2020
129.8690 26.0321
134.2295 26.5458
131.1808 30.5800
131.7471 31.0049
134.2718 30.7289
134.4234 30.8945
138.1586 31.1999
131.6666 30.0853
131.9432 28.7094
139.0109 30.4351
131.8605 31.1822
131.5353 30.5703
133.3905 30.3816
136.3418 29.9483
136.3864 29.9852
134.8746 30.1000
132.3217 29.7478
127.4124 26.7697
138.8282 30.9632
132.8445 29.7527
135.2033 25.8623
139.2843 30.1130
138.0408 31.2025
137.4982 31.4162
132.0293 31.5200
131.9990 26.5713
139.1875 30.6424
137.8652 30.1114
135.9337 30.9190
138.6070 30.8104
132.6928 27.1943
131.7582 31.0990
130.1260 25.5564
135.3442 31.0135
137.0191 30.4093
137.2975 34.5300
136.4802 30.6844
139.6144 30.1420
136.2488 33.7962
136.3432 29.8870
139.5372 30.3398
136.0451 29.3083
136.6209 33.5413
138.8409 30.6157
133.3349 30.3604
136.0556 33.4275
139.1543 29.1258
136.5625 33.4210
138.3352 33.2167
136.7416 30.6245
138.6397 30.8664
138.7117 34.0296
135.9762 32.7651
139.3478 30.7216
139.2771 30.1176
137.9446 30.1861
134.9556 30.8919
138.6624 30.8016
135.5824 33.2051
132.9111 30.4273
135.7606 33.4054
136.3166 33.8207
135.5174 33.2267
128.7261 29.5107
138.6577 30.2670
128.2377 27.7348
135.7640 30.4562
136.9905 33.3538
139.1976 29.6980
136.3671 29.2055
138.7069 30.6875
138.1892 30.9621
136.6331 33.2112
136.4501 30.7053
139.1988 30.6434
136.7909 29.7920
135.3537 29.8888
135.7358 33.3310
138.8984 30.5248
136.7799 30.0935
128.7897 28.8548
138.8409 30.7905
140.8511 34.8252
137.7834 31.1025
128.4241 28.7315
138.9313 30.2349
135.9561 29.2073
135.4305 30.1195
138.4816 30.0676
132.4711 30.0643
138.9067 29.6649
137.8434 29.9932
136.1392 30.8003
136.4114 32.8695
128.2194 28.7001
136.5798 30.8961
135.4753 29.5135
136.8484 30.5927
135.0668 27.6730
138.0985 33.1514
135.4808 33.0944
132.9137 29.8682
136.5165 29.1055
137.7941 34.4562
136.9413 31.1128
128.8235 30.5809
137.0046 29.2379
136.4334 32.6041
138.5696 29.6707
142.2496 36.4619
138.4865 29.9576
140.5876 32.9220
136.2667 31.0334
141.0488 35.6946
138.8797 30.1840
139.2112 29.9454
138.7343 30.0714
139.5810 30.4727
138.8117 29.6641
136.0133 29.2357
139.5699 29.9804
135.2966 30.2348
136.4877 34.0051
138.6866 29.7010
139.1002 29.1930
135.4808 29.4532
136.4339 33.2032
141.1117 34.3102
135.5227 28.6019
136.3619 30.5682
139.2303 30.7629
136.4896 32.5140
135.1989 29.6768
138.8860 32.2373
136.9501 31.1897
136.9574 30.4468
139.3157 29.5441
136.2232 33.4590
137.6197 29.8440
135.6823 29.3955
136.3234 33.6768
138.1013 30.1689
136.0374 29.3081
135.8147 29.3953
131.8767 30.9390
138.2428 34.2480
135.6752 33.1322
135.7385 33.3432
135.5347 29.3603
138.5984 32.7767
138.1061 30.1768
136.8814 31.3611
139.2245 34.3722
135.6765 33.3319
135.5731 33.2288
137.8774 30.3709
137.0206 33.1418
135.2958 29.8208
133.4030 30.5477
135.4023 33.0449
136.5343 30.0714
135.4369 33.1377
141.5870 34.1018
139.0923 30.5296
138.8147 34.1518
140.1251 35.0481
136.5382 29.2721
128.4682 28.5332
136.3017 32.5698
136.2122 33.5489
141.0678 34.6931
136.4740 29.7921
136.2859 29.2398
139.0486 30.5702
136.4925 32.4895
136.4326 34.0868
137.9983 30.1096
135.7281 33.3677
136.0865 33.6211
136.9689 30.5410
136.6682 30.2165
136.6079 32.6415
139.4262 30.6151
136.3572 33.6837
135.3233 30.9912
138.0255 30.1139
137.4937 31.3298
137.1017 29.5028
132.3407 29.8049
135.6909 33.0954
136.8644 32.7651
139.1133 30.6595
135.6376 33.3143
135.6351 33.1685
133.7359 28.7612
138.9464 30.0894
131.9503 30.9624
135.3329 29.4321
141.3448 33.9350
136.7618 30.6261
137.8573 30.3578
137.8020 31.1626
137.7213 34.3739
136.7545 32.7538
139.0338 30.1137
138.1743 31.2982
136.4343 32.9921
136.0255 33.4666
136.2660 33.8950
135.5019 29.6494
136.0532 33.5324
138.9210 29.6185
136.2756 33.7352
139.1295 29.7584
136.1876 29.7487
138.1329 34.2726
138.7727 30.8647
127.8315 27.5185
127.3761 27.1648
138.9232 30.7450
138.8728 30.8022
128.6447 27.7554
136.0315 33.6700
137.9258 30.0216
135.3945 33.1454
138.2365 31.2372
138.6922 33.6997
136.5725 31.3000
141.4846 34.5425
133.2708 31.0194
135.9210 30.1015
141.6720 35.0046
136.9105 30.0615
136.0018 33.4525
137.0773 30.3281
136.5188 33.0330
128.5453 30.0548
139.0507 30.7978
131.9719 29.8932
139.0398 29.7063
135.6054 33.2612
137.2603 34.4850
136.8866 29.9600
135.6666 33.3642
137.2880 34.4622
137.0326 34.3646
135.7316 33.3319
138.0979 30.1751
138.3123 29.6768
137.0073 31.5023
134.3929 29.2757
135.9842 32.4609
136.7365 33.2061
136.4259 32.5058
132.3452 31.4544
135.4907 33.3276
135.6248 28.9064
136.7742 30.3061
135.1445 27.8595
136.5191 33.0985
134.4096 25.8774
131.0446 28.5452
137.4369 29.6246
138.0184 29.7133
135.0106 28.4158
129.7644 29.7909
128.7677 27.8334
136.7610 32.8498
135.4205 25.9044
137.0633 31.2292
134.8661 29.7591
132.8838 30.3158
134.3204 29.7199
138.0785 32.3084
136.1955 30.7374
138.7796 29.8553
136.0223 32.4646
132.7818 31.9296
135.1259 29.9420
138.0043 30.2445
138.1315 31.1507
136.6798 32.9629
138.0727 31.2816
139.2978 30.2956
136.3695 30.7214
133.7395 31.1693
134.6644 28.3970
132.2507 32.5417
139.2241 30.7199
124.9777 31.2368
128.5436 26.3716
134.4961 26.0501
127.3846 27.8377
139.2830 30.3435
138.6983 29.9531
138.5594 32.7924
139.5692 30.7223
136.0446 28.8126
136.2200 33.7303
139.0975 28.6565
137.7402 33.2567
134.6915 27.5014
135.4162 33.0758
135.2885 31.4276
135.2874 29.4016
134.1854 30.1173
138.8682 30.0753
136.1313 32.0628
133.1699 31.8905
138.5400 29.9824
136.2561 32.3159
138.2351 29.2363
135.8985 30.5130
135.1151 29.0679
135.7209 32.7794
135.9893 29.1091
136.0108 32.9477
135.0340 31.6984
139.4081 33.0470
135.5008 28.7663
136.7470 31.4755
135.1560 28.0227
135.0777 28.5705
137.6736 30.1081
135.0119 28.3574
139.4370 30.6128
134.6387 27.7082
136.0346 30.3220
137.4761 31.4877
136.3398 30.8483
136.7188 30.1456
138.4395 31.3813
136.5369 29.2206
135.0423 29.5309
139.2924 29.0996
128.0349 28.1009
135.3517 28.6696
134.3581 27.9841
135.3660 33.0640
139.4066 30.6364
133.5134 30.5353
137.0921 31.4853
136.3463 29.9050
134.5409 27.1911
137.7529 31.3303
134.2924 30.8249
135.9116 30.2803
127.7882 27.4684
135.7127 32.0510
137.1673 32.9138
135.0905 30.2852
138.9347 30.3736
134.1054 30.1146
131.4778 25.9914
136.4206 31.0917
136.2193 32.3506
136.6246 31.3567
134.7003 25.8626
136.0043 29.3912
135.7461 29.5549
138.4579 33.5661
133.2976 30.1293
134.7021 28.7746
136.7713 31.3701
134.4209 30.6424
137.7760 34.4798
133.6976 30.8267
133.7549 30.1535
134.4358 28.6593
136.3476 33.0386
133.7292 30.1677
138.7692 34.3583
138.2754 30.2935
138.7466 31.0589
138.3897 30.0273
137.9679 31.3004
127.3198 27.1804
135.1976 28.1945
138.9271 30.5167
132.5074 26.3091
138.8414 30.8737
131.9455 26.1642
138.4443 31.1604
134.6649 30.1256
136.8317 33.5525
137.8639 30.6672
137.1239 31.2480
136.3002 30.2574
136.6098 31.3513
132.5996 29.7980
136.7495 33.2057
136.1422 30.9429
136.3479 34.0361
137.8654 32.8870
135.5996 32.8551
134.5904 25.9269
135.8604 29.0104
138.6116 30.3683
132.6939 27.0078
134.8936 28.3516
134.8413 30.4055
138.7943 29.9506
131.6177 31.1297
139.1397 30.0010
127.2356 27.4218
132.6126 31.5729
134.4831 26.8236
134.3546 29.2093
131.5620 31.1096
138.7390 30.4122
135.0760 28.7607
136.0438 32.5436
138.9839 30.8172
135.8684 30.7615
135.5938 32.8038
138.7303 29.6514
128.3076 28.9124
136.5964 32.8665
136.1789 30.2583
135.0633 29.0183
136.2515 30.3962
136.0744 30.2633
137.5576 31.3338
131.3815 26.4401
132.9089 26.4951
138.6824 30.6532
136.4881 30.3935
131.7648 30.9889
133.0887 30.8245
138.8362 30.7139
137.1948 31.3878
138.6891 31.0481
138.6210 33.4621
135.5151 32.8218
136.7427 31.2137
131.8015 25.9907
134.4711 31.1783
128.4041 29.3176
136.7575 30.8941
133.4556 29.6281
131.3484 30.5930
138.8573 30.9533
135.2901 29.6293
131.9171 26.2756
134.3342 26.8152
135.6868 32.9890
135.7009 28.9380
136.1303 30.3956
132.2407 27.1266
136.8392 31.4564
137.6640 34.4080
136.1524 33.3282
134.2179 30.9527
134.2478 28.3798
138.8622 29.8355
134.4827 29.6800
133.5542 30.6722
134.5439 27.3777
138.9144 30.2885
138.4731 30.8746
136.1680 30.0931
138.7258 30.5171
136.7706 29.4389
134.0587 29.6839
137.9900 33.2619
133.0033 29.6235
139.8241 33.7706
128.9286 25.8574
136.3653 31.1431
138.0936 30.2588
136.9237 33.3860
136.3731 32.7397
133.5051 27.6302
134.0834 29.0422
134.2855 26.6454
131.9283 27.0283
136.7551 31.3722
138.7575 30.7519
131.4004 30.7529
136.1935 31.1192
137.2221 29.7453
135.1877 29.9658
136.6099 31.4101
133.3164 30.1965
137.4822 29.8947
138.4129 31.0809
134.8509 29.0035
139.0715 30.5950
139.0289 30.4931
134.5225 27.5466
138.5990 30.4241
136.1889 30.2899
132.1627 30.7908
135.8485 30.7171
139.8763 33.0465
134.3875 26.6206
131.4960 30.5039
131.8285 31.0954
137.5211 30.0929
136.0815 30.4093
135.9394 30.4533
136.2652 31.2043
136.3522 31.3259
134.0666 26.2020
133.5419 30.0732
134.1976 26.1216
138.1923 30.2052
134.2869 31.3259
132.5965 29.3020
137.2828 31.3819
134.4779 27.2345
132.7005 29.4743
138.4525 33.7342
132.7477 26.7740
136.8017 31.4081
138.4446 30.1822
133.9274 28.8910
134.8516 29.0860
133.2249 31.3331
138.9223 29.5152
135.8902 30.7141
132.1882 26.9447
136.8536 31.5299
127.0611 26.6883
133.7970 30.3339
127.3529 26.8093
136.4455 30.2865
136.3120 31.3058
137.5104 29.8960
139.0451 30.5576
132.3130 26.9705
137.9433 30.4702
135.8554 28.9085
137.1559 29.6691
135.7304 26.1151
138.4820 30.1819
131.6359 26.3377
138.5900 29.7885
131.3434 30.7656
135.8849 32.8249
136.2992 31.2434
136.3989 30.1933
138.8668 29.7930
136.5296 31.3257
128.5278 26.1056
138.9314 30.9727
138.4366 31.1400
136.3017 32.6654
138.6820 30.5783
134.6445 27.6060
138.7070 30.8076
135.2769 29.8620
136.0671 31.0087
132.6076 27.1568
133.3092 30.6378
136.0188 30.6374
136.2421 30.3475
137.3678 31.3703
135.6921 29.0213
133.8422 30.8653
138.4514 31.0309
128.1903 28.8510
133.4296 27.9295
138.9168 29.9621
136.5135 32.9777
135.9708 29.4063
129.9522 25.1774
130.1036 24.9377
136.3647 29.3090
131.2882 30.6813
128.5191 29.7846
134.5305 25.9512
134.8255 29.1400
131.8527 26.1135
135.9134 30.5184
133.4673 32.2166
139.0651 30.6015
131.9554 30.6013
138.8750 30.4491
127.4098 26.3030
134.7179 27.6064
133.7403 30.9393
136.1092 32.3720
138.9022 30.4734
138.4458 31.1457
134.5957 27.4095
138.3432 31.2210
131.8457 31.4403
138.4628 33.5610
128.5468 29.7450
132.7016 27.5723
134.6622 28.5061
134.3493 32.6165
138.7022 30.8157
134.6496 30.7661
138.5349 29.9193
134.9191 30.0917
135.9290 33.6016
136.5517 32.9451
135.5665 33.0694
134.9074 29.9875
134.8787 28.6552
136.5854 33.0020
138.7209 30.1238
132.9246 27.0475
132.7585 27.1629
134.5163 28.9840
134.4088 30.7140
138.5719 34.0818
127.3731 27.7634
135.0818 29.8398
131.8008 30.7568
127.6959 26.9877
132.1957 29.3697
134.8605 30.2413
138.9972 30.1943
135.0485 28.1916
130.6186 26.4644
131.6902 31.0351
134.6134 28.0414
138.7196 29.6686
133.5686 30.3155
135.2954 29.7156
135.4268 32.9186
138.6118 33.5196
138.1760 30.2142
127.6360 27.6951
133.6192 30.5138
135.9006 32.8740
128.1921 28.9818
138.4561 33.6201
138.5011 31.1375
134.9728 29.8464
136.4842 32.8847
139.0466 30.3434
134.2812 31.0412
131.4392 30.9248
135.2316 29.0695
136.1306 30.0482
136.5187 30.9940
131.4362 30.9408
133.4138 31.6294
127.2635 27.2451
135.7683 32.2395
131.6551 30.8507
127.9966 28.5638
133.9253 31.9991
135.3253 29.0658
138.6358 31.0803
134.8053 28.9512
136.5861 33.0182
139.0617 30.3034
135.4367 29.1073
135.2132 29.8406
132.7705 31.1644
131.6852 30.6495
137.6738 31.3559
135.8804 29.4345
136.5426 29.1320
138.6535 29.5161
137.9503 33.0203
136.2619 29.7510
135.1027 29.7613
135.5880 28.8861
133.5551 30.6655
136.6193 30.0378
132.0216 26.6542
131.8012 30.5561
135.9533 30.4131
135.0582 28.3413
137.5269 31.0643
138.7948 29.8988
135.3203 33.3143
134.2840 31.0491
136.5140 29.0689
135.1505 29.8823
136.6644 32.6042
138.1194 31.2708
136.8218 31.3148
137.5477 31.3826
133.2912 31.0491
135.2876 29.1415
138.0287 30.3184
135.1555 29.8691
131.9724 29.9586
135.3189 33.0337
135.1491 30.5525
131.8809 31.5082
133.2532 30.6131
132.9759 27.7085
130.2357 26.6251
135.9968 29.2489
131.5532 30.6774
135.9790 32.7635
136.5070 32.8827
133.2385 29.9568
138.7195 29.7992
136.0511 33.0186
138.7171 29.9452
138.6325 30.4520
135.9574 30.0691
138.7399 34.4498
137.2062 30.2046
138.4778 30.7465
137.0161 33.1285
136.4620 29.8604
136.0403 33.6918
139.0475 30.2501
137.0363 33.1069
138.2488 30.7261
137.7630 30.8544
135.7910 33.2128
137.4445 30.1356
136.3679 33.7065
139.4699 32.7692
138.0546 30.8354
137.3408 30.1201
138.7892 30.4766
137.0081 33.2324
138.4418 30.4653
137.0126 33.3991
136.8861 30.0728
135.9672 33.2516
136.3927 30.1994
138.2778 30.8026
136.5665 29.2560
138.2394 30.7995
139.1515 34.1145
137.3524 30.0520
138.2387 29.9840
136.6592 33.5879
137.8071 30.7999
135.8043 33.3109
136.4760 30.2042
138.8168 30.2110
138.8002 34.4197
136.6136 33.2607
138.7604 29.5369
136.8422 30.9872
136.4955 30.3302
136.4610 30.8192
135.9071 33.1130
138.9225 29.9799
137.8682 31.0726
138.9324 30.4173
137.4992 30.1597
138.2338 30.7298
136.3597 32.8356
138.3262 31.0243
136.3032 30.2703
135.5082 29.8902
136.7478 34.0000
136.8904 29.9820
138.9648 30.5644
136.6660 30.2840
143.7580 36.1628
139.3464 30.1341
137.1672 29.8997
139.4098 34.8252
138.8285 29.8764
136.1869 33.2367
136.6732 29.9619
136.5761 30.9093
136.4435 31.1751
136.8881 31.3229
138.8771 30.8348
138.9288 30.3553
137.0057 30.8972
138.8628 30.4370
136.8738 33.4403
136.2875 30.3722
136.4419 31.1959
137.9670 30.8848
136.1722 33.1079
138.9737 33.8832
139.0439 30.6449
136.1147 33.2075
135.8423 33.0473
136.5568 30.2948
137.0060 33.0735
136.0915 30.8959
138.2880 30.0867
136.0442 33.1433
141.1402 34.4139
136.9368 29.6912
135.8483 29.3869
138.6081 30.6083
141.6788 34.5222
136.9248 33.7894
136.3404 30.0651
136.5802 29.8801
135.9696 33.0752
136.1465 33.1303
138.3370 30.6902
137.9577 30.7685
137.2100 30.9285
139.0370 29.9691
136.0886 33.7414
136.7885 33.9664
144.5622 36.3200
137.0333 30.8982
135.8973 30.6123
136.8480 31.2771
138.9366 29.9023
136.6414 30.7974
140.2082 34.9237
136.6320 33.2745
136.8951 30.1119
139.7365 34.2049
137.6250 30.6874
137.0442 33.2304
138.7055 30.5523
138.0545 30.8659
136.3175 30.3492
138.7464 29.8406
137.4617 30.6306
136.4642 30.0802
137.9006 31.0743
138.9299 29.6735
136.5710 33.9220
137.3631 30.6887
138.9895 29.6252
138.4131 30.6760
136.5363 32.9978
136.8988 32.8784
138.3275 30.7836
139.1013 33.8722
139.1233 30.5851
137.8195 30.9013
137.0244 30.5390
139.2556 34.6027
138.7474 29.6254
139.5154 34.5104
138.8704 29.8405
135.8777 33.1766
136.2057 31.0658
143.0585 36.8208
138.7879 30.1733
136.1579 30.4688
136.4737 29.8728
138.8104 30.5745
134.4929 33.1355
138.0210 30.8363
136.0192 33.0343
136.8565 33.8532
136.8956 33.1339
138.9947 30.2759
139.1918 30.3287
138.5602 30.3845
135.9587 32.8229
136.5679 33.6345
137.2466 30.8472
136.1099 30.1792
138.8500 29.8969
137.7198 30.8863
138.4314 30.3446
137.3739 31.2778
138.9198 30.2064
137.4027 30.3690
137.2032 30.9653
136.0583 33.1730
136.6211 30.2504
138.0962 31.2697
137.6283 31.2806
138.9459 30.2155
136.4673 30.4856
141.5919 34.4155
135.7243 33.3330
139.1211 30.7433
136.0512 33.0930
136.9780 33.4041
136.4958 32.9488
139.2186 33.9016
137.3854 30.8348
138.7621 30.5272
138.9389 30.0190
137.0346 33.3062
141.6833 35.1213
135.9106 30.5598
138.9411 30.1344
138.0616 30.2341
137.4383 30.9419
137.0540 33.9201
137.1754 34.4718
138.8498 33.9183
137.9738 31.0836
136.9165 33.0154
136.7393 31.2992
137.9375 30.8825
136.8900 33.1758
137.0848 30.3463
136.9204 32.8942
136.1834 30.4987
137.0398 29.8616
136.7514 33.7356
137.7734 30.7381
136.8024 30.5198
140.1622 34.3108
138.7043 30.5058
136.2528 30.2877
136.2438 30.4509
135.8428 30.1820
136.4308 33.2978
137.4762 30.3766
135.8792 29.4360
136.5207 30.2753
140.5232 34.8831
136.8967 33.6130
136.0432 33.5992
136.7444 33.2322
136.6883 31.2622
135.9961 30.7767
139.1935 30.8002
138.4462 30.9728
138.9547 30.6642
136.1562 29.8565
136.9093 30.1546
137.5595 30.8492
136.9868 33.7464
137.4265 30.5690
136.7076 29.8687
138.0630 31.0860
136.1143 33.6302
137.7736 30.8658
138.0535 31.1228
136.7010 33.8859
138.0582 30.0602
136.1227 30.1651
136.7534 30.3084
136.7007 30.1500
139.1322 30.7072
136.9509 33.0113
137.6402 31.0718
136.7483 30.9783
137.4200 30.0800
136.6235 33.7584
135.9803 32.9904
137.3434 30.9184
138.3844 30.7390
135.9714 30.2190
136.5788 33.8367
138.2380 30.7774
139.0207 29.6281
137.1854 30.8575
137.4041 30.7104
136.1115 30.1915
136.5807 30.9369
137.4037 34.5318
138.5632 30.3666
137.7785 30.9155
136.8186 30.6957
136.1241 33.6089
138.6853 29.8515
137.8520 31.0810
142.3607 36.4825
137.6789 30.8485
138.5726 29.8348
136.0067 33.0863
136.3949 33.6836
135.9613 30.1495
143.2049 36.8091
137.1814 30.3702
137.6868 30.8336
137.9162 30.1882
138.4337 30.0163
139.1470 30.1366
137.6105 30.8173
139.9855 34.8049
138.0040 31.0709
138.0399 31.0895
138.8253 29.8052
136.8273 30.9995
138.4171 30.4164
136.2822 29.6444
136.0158 29.3197
136.3945 33.7245
136.0717 33.1027
135.8777 30.0916
137.6424 30.7538
136.6576 30.5607
138.4216 30.9808
136.2499 29.9932
137.9526 30.1937
135.8291 32.9938
136.4975 30.5973
137.6222 30.6311
138.7260 29.9504
136.9169 33.1071
138.8183 29.7806
136.8405 30.1633
137.6917 30.9169
136.1385 33.1320
136.7919 32.8708
138.7847 30.5003
137.1282 30.6380
139.5732 30.4958
137.4463 30.8319
138.3231 30.1115
136.5051 30.8487
137.0230 30.7589
137.9212 30.1964
138.1210 30.4364
138.2222 31.0454
138.2038 30.8089
136.9894 30.2245
138.9168 29.5514
136.6046 29.8061
137.5031 30.6922
138.1417 31.0735
136.1179 30.3768
138.7901 29.7113
136.9617 29.9093
135.9595 30.3011
136.1185 29.2722
136.1896 29.9481
138.7326 30.1986
128.7041 30.1210
134.8383 28.9391
136.0278 33.0577
135.3977 31.2083
134.3505 27.8258
140.1660 34.4020
130.4118 28.8699
138.9899 30.4057
144.6108 35.8236
135.7117 32.7093
133.8154 31.6920
136.2936 29.0009
128.1175 29.0077
138.0127 33.8243
136.2290 32.8865
132.6459 31.0920
134.1151 28.9483
130.8460 30.6248
137.1309 30.4163
140.4675 34.0981
137.9646 29.6900
132.1432 30.3300
131.1884 30.4825
133.0947 29.7214
135.3348 28.6847
130.3257 25.1198
132.6659 29.5239
131.4278 31.3153
132.4790 29.7409
133.6339 30.8492
141.3783 35.5479
134.6016 28.5668
135.0280 27.9220
135.9593 27.2135
136.2999 33.2761
135.9482 30.1232
133.6299 29.1944
136.7258 31.1933
138.8501 30.9717
136.8024 31.2759
135.6563 29.5563
127.4196 27.1755
140.0646 34.9109
138.4773 30.8359
135.3995 28.8477
137.2063 32.6250
134.8285 28.3922
138.2788 30.0630
133.2634 31.5376
138.1857 31.0659
139.1203 30.3550
124.4617 28.2743
137.1627 31.8279
134.1434 25.8513
134.7754 27.3126
128.0903 28.6325
134.2750 26.2853
137.8116 29.5012
136.4459 29.1054
138.8057 30.0053
135.0284 33.6200
137.5187 31.0620
137.8848 30.9406
135.6920 33.1276
132.2197 29.6146
138.4862 30.7414
136.0843 29.1431
129.1801 25.6297
135.8024 30.4392
132.2326 29.5720
134.0591 28.6592
139.9254 34.7617
136.7544 33.1413
131.9226 30.4022
137.3833 32.4232
136.7331 29.1438
134.5588 29.1672
139.2089 33.6536
134.3276 26.4771
136.0308 30.5876
138.4153 30.4447
131.6120 26.3015
140.8790 35.0128
128.5048 28.0297
136.3601 30.8346
134.3332 28.1760
136.3774 29.7913
137.3866 31.2702
132.1771 31.2062
128.0135 27.7839
134.3403 26.1891
132.6386 31.3513
136.7567 33.2081
141.0215 33.9228
132.9965 30.6515
127.9516 30.1366
137.7331 34.3972
134.3980 32.5010
132.9416 32.2212
137.5956 31.3095
137.5575 31.4169
139.1952 30.3890
137.0081 29.3094
134.3686 32.2819
133.2091 27.8612
134.9935 28.0215
131.7294 29.7562
137.1681 29.5755
132.0599 32.0734
135.9706 32.6702
136.1660 32.9002
134.7724 31.1452
138.3804 31.0567
134.5276 28.8763
131.9028 31.3591
135.5520 32.9856
137.6078 29.9456
137.6158 31.2993
135.9472 30.9596
132.0092 31.7707
133.6668 28.6614
136.0002 33.2888
134.7311 30.6365
135.1938 28.6381
136.4234 30.2216
139.3103 30.1068
127.4693 26.5228
133.2220 31.5295
135.5131 33.0387
134.6332 30.1300
132.9976 27.7497
128.5869 29.9215
135.8158 30.2878
134.9624 29.8073
134.7845 29.0306
133.3401 30.7824
130.7242 30.6783
138.4405 29.5854
138.8649 30.0288
133.4090 30.4105
138.4875 30.1462
136.4124 31.1629
132.0939 30.2041
134.3250 30.1313
134.4856 28.9548
137.8951 31.0720
131.5777 30.7546
128.9126 30.2910
135.0697 28.7547
138.9236 29.9743
128.6234 29.3073
138.8950 30.0242
134.5461 28.1533
132.4533 32.3913
136.3977 31.1802
135.9542 30.9225
137.8621 30.4107
135.8657 29.3313
135.3038 28.1605
138.8345 30.0660
134.5252 28.5938
134.4185 26.3256
138.6828 31.0856
134.7254 30.5541
134.4919 31.5829
134.3189 28.9088
134.6858 28.6819
134.5387 28.9764
134.9842 29.2181
138.2480 30.3260
136.1042 30.9137
138.3963 31.0935
137.2222 31.2342
134.7823 28.3257
131.8864 26.9772
127.1465 26.9607
138.5128 31.0683
136.0127 33.0670
131.6100 30.5237
136.5348 29.9845
128.4912 29.4983
134.4145 30.3960
134.5865 27.4732
140.4354 33.5325
135.0855 28.3973
135.3191 28.3345
134.6205 29.8867
134.7815 30.4983
134.4517 28.7743
138.7101 30.4754
139.1037 29.9984
134.3161 27.0976
135.3544 29.9560
132.5852 32.0151
134.9046 29.8287
131.4334 30.7262
136.4722 33.0472
138.1870 31.1484
136.8029 33.7355
134.7991 27.1336
131.9870 29.5840
138.9457 30.4458
138.8303 30.2593
136.2198 29.0164
136.0688 30.0123
132.2927 30.7792
136.2969 32.5280
138.6717 29.9189
136.3522 30.9303
136.1629 30.6068
136.3709 30.4239
134.8935 27.6728
130.5664 28.5434
127.5736 27.8851
134.1450 30.1491
139.2401 30.5784
140.8798 33.2502
135.3937 29.5924
135.0310 28.4155
136.4184 29.1158
134.3345 26.4713
138.7359 29.6630
139.0239 30.4421
134.6304 28.5581
139.0051 30.6539
139.4399 30.4620
134.3346 29.9407
140.2007 34.7379
134.3118 30.2828
134.9299 28.6980
134.0867 28.9947
136.0635 33.2675
139.0435 30.4392
134.9657 27.4092
136.1907 29.8454
132.9499 29.6441
134.9828 30.8945
132.4185 30.7652
134.9820 30.6322
136.5989 32.4894
136.8242 30.9130
135.8142 33.3003
135.7049 33.3032
135.5771 28.5812
135.7749 28.8343
139.3791 29.6039
134.3795 29.7165
133.3963 30.4297
138.9113 30.3414
138.5204 30.2742
136.9365 30.9584
136.5933 30.3929
131.2871 30.0818
139.0597 29.6120
134.9059 28.9351
136.8090 31.1259
131.4124 31.2497
138.8988 30.8746
136.7729 30.1022
128.8425 29.9595
128.7272 26.2197
137.7711 31.4286
135.0549 28.1054
135.7596 33.1039
139.1392 29.3037
139.3559 30.1701
128.7444 29.6676
138.4546 33.9812
128.7554 26.7458
138.5722 28.7314
134.6448 27.7827
135.8860 30.2291
136.0493 30.2150
140.4002 35.2570
134.3398 30.4199
131.8531 31.9048
136.5987 32.8029
134.2090 27.5501
135.2798 31.5684
139.2138 30.6102
138.8513 33.5130
136.0738 28.9613
139.3615 33.2144
135.6727 29.1694
139.1447 30.2239
138.5741 30.5048
134.8483 27.7703
134.3924 28.5437
138.2198 31.0536
128.8072 28.2584
131.6198 30.8009
135.6381 29.7613
128.8783 26.3490
132.7730 29.7838
129.1645 25.5211
135.6823 30.1531
138.2276 31.2017
128.0601 29.1512
135.6960 33.2284
134.9239 28.4852
135.4793 33.0583
136.6125 31.2978
135.9725 29.2021
137.6712 29.8777
138.9905 30.3952
138.7781 34.1104
136.7845 30.7049
136.7483 30.4624
139.2261 30.7866
138.9829 30.6138
138.7384 30.6730
138.7953 33.7802
137.9341 32.2382
139.9815 34.6899
139.3103 34.7957
138.9241 29.9873
136.5701 33.7219
136.8600 30.2656
140.0193 34.9026
136.6395 32.6001
138.7955 30.5950
138.8408 29.5439
136.9346 30.2303
136.4065 33.9785
141.7717 35.8824
138.8009 29.6265
136.5534 34.0984
138.7242 30.7868
135.8072 33.3299
136.9007 32.8683
136.1759 31.0619
139.5429 32.7852
136.3056 32.8728
138.9852 34.3433
138.5503 29.6196
135.8125 33.2656
136.1647 33.6250
140.1854 35.0102
136.9697 33.2300
127.5489 28.0975
135.6421 33.2376
136.5444 32.7979
137.8868 34.3967
138.0497 30.2123
136.4994 32.9169
136.8852 31.0688
135.4763 33.0680
137.9308 30.2476
136.8071 32.7381
139.1361 30.7011
136.5092 33.6003
135.5251 33.2737
135.7317 33.2952
135.8243 33.1272
136.8044 31.3484
136.7198 33.5034
136.2653 32.8746
135.9996 33.5475
135.6060 33.2415
138.4027 31.0837
136.4052 33.5409
135.5555 33.2190
135.9097 30.2084
137.9617 30.4549
135.8723 30.3265
136.2174 33.6573
138.2590 29.9677
136.4123 33.6736
136.2936 33.7207
140.9839 35.4683
138.5834 30.9933
136.0489 32.8564
137.9859 30.2429
138.2756 30.1355
138.3296 34.2237
136.3669 31.1796
136.5717 33.7232
136.0215 29.2812
136.7111 32.7079
137.4631 31.2931
136.2943 33.9055
134.4059 29.7483
138.7710 34.0707
136.2108 32.9766
137.0190 33.7183
136.4819 33.0544
135.4029 29.3861
138.8898 34.3301
136.2621 33.4745
140.1253 34.1625
137.0916 33.3056
136.7673 30.6482
138.7015 30.4247
135.4619 33.2887
136.6800 32.6640
138.6495 29.9335
135.8056 29.2131
136.9344 32.8731
136.3682 29.8094
136.9553 33.3604
135.2249 29.7469
136.3399 30.4765
138.0816 30.4624
137.9471 30.8819
136.5303 29.2620
135.8652 33.4925
139.2192 30.8205
138.2659 30.8547
137.7555 30.9770
134.7345 30.0411
137.1062 30.1580
138.9076 30.3047
135.8222 33.4433
138.6965 30.7999
140.7736 35.4537
139.2141 29.8101
137.9182 34.3680
128.1015 24.5560
130.6790 26.6992
136.4895 33.1630
130.9603 26.7799
132.3530 26.9678
128.8756 30.3984
128.1431 25.5585
131.5618 29.3398
135.9103 33.3205
138.8496 30.2388
137.3544 31.0815
131.2114 26.5898
137.8313 31.3001
138.8179 30.8286
136.0437 30.2331
132.4886 26.5867
140.8174 33.5245
132.0289 26.5782
135.1626 29.3196
135.9089 33.1488
130.2127 26.6345
136.0280 30.6778
131.7372 30.6361
136.2397 30.2399
131.7052 30.8829
138.8342 30.7337
135.5965 32.8689
136.2529 31.1455
138.6048 30.9230
134.5739 28.2493
131.7522 31.0444
138.6856 29.6835
131.3225 30.5323
135.4702 26.1826
136.8070 31.3224
135.7953 25.3301
132.9399 31.6035
127.0226 27.0050
133.2926 30.5324
138.3123 33.6711
133.2614 32.2117
139.7440 34.6116
135.8375 30.4876
131.2169 26.6380
136.2867 33.1165
138.6263 29.7399
137.7120 31.3811
133.0472 27.8592
135.4287 28.8012
135.7099 33.0353
138.8186 30.3083
135.0734 28.1146
136.2221 30.2789
137.4676 31.3279
140.0511 34.6267
134.9125 28.1560
134.9827 30.1595
130.7732 26.3750
136.1742 30.2811
133.0530 28.4891
136.1944 30.2562
138.6349 30.3085
133.9364 29.3318
138.1568 31.2012
136.2813 33.0756
136.6011 30.1178
131.7523 30.9323
136.1251 30.3139
135.2663 28.8134
131.5023 30.9202
136.0728 30.2982
136.1538 30.0037
135.9802 33.0447
135.8689 30.3827
138.8890 30.6942
136.2298 30.3057
136.9164 31.4502
138.9402 30.9164
138.0995 34.2031
135.3551 28.6550
136.6721 29.9403
138.3711 33.6812
135.6977 33.2671
140.6793 33.8741
136.2347 30.2589
136.2150 30.2876
133.8865 28.9074
134.8720 27.7630
131.4291 30.6602
137.4249 29.7839
134.3865 27.0186
130.9581 26.3477
137.8965 33.0032
136.5793 30.8827
136.2390 30.2622
132.2579 27.4182
136.5324 29.9541
129.6951 25.9041
132.4641 27.2584
131.6597 30.8697
131.5957 29.2772
129.4710 26.2955
136.4742 31.1366
136.6968 30.4181
136.7342 30.0653
137.9094 31.0777
138.3508 29.9253
136.1179 30.3381
138.4390 30.9921
138.4343 31.1524
138.9098 29.6433
136.5618 29.9427
135.8783 33.2012
137.5223 29.7656
136.3616 30.7696
136.6553 30.2934
136.8004 30.5392
138.7430 29.8892
138.0856 30.4758
136.7191 32.7554
135.8432 30.3946
138.6294 30.3447
136.9747 33.8793
136.8219 30.0164
138.1875 30.9685
139.1591 30.2612
135.4874 33.0962
135.7156 33.2780
139.0900 30.5412
138.8229 30.5009
136.3037 29.9277
137.6781 31.1594
138.8050 34.3722
136.3280 29.9429
137.3728 34.5098
138.5891 30.9526
139.4174 33.6530
136.7254 30.2949
136.5250 33.1691
138.6971 29.8931
139.0705 34.4372
136.7617 29.9699
135.7217 33.2511
138.6124 30.0733
137.4454 30.9513
136.7980 31.0804
136.7568 30.3530
136.9835 33.1259
136.5688 34.0611
136.2094 30.7049
135.6902 33.0544
136.4859 30.2582
140.3043 32.6226
138.0061 31.1035
139.0324 33.9083
135.4453 29.5848
136.4285 30.6286
136.9547 33.7747
136.1939 30.6019
136.6574 30.2904
136.7340 31.2196
136.7520 30.2894
136.3569 33.6341
136.8275 31.2403
136.3853 29.8566
136.5669 33.1566
136.0705 30.3852
136.0907 30.6232
138.8829 30.3039
136.6223 33.5457
136.3869 30.9211
136.6619 31.1160
136.2672 32.8901
136.2221 30.7617
136.8040 30.6579
136.2948 30.7741
138.6931 30.4065
138.2955 29.8771
136.8192 31.1097
136.7278 30.0633
138.7101 29.9206
138.4508 31.0741
136.3729 33.9104
136.8855 30.1086
137.0641 31.1448
137.5178 31.1632
136.4395 29.8818
136.9195 30.2716
136.6530 34.0560
138.3388 31.0374
138.4920 29.6695
138.9919 30.0610
137.5265 29.7533
136.1509 30.1647
136.6127 29.9130
135.7099 33.3322
136.4938 29.8881
137.3400 30.9658
136.1753 30.6601
136.4130 33.6999
138.5612 30.2329
136.4606 33.1783
136.8087 31.0606
136.4268 29.9035
136.7690 30.8584
137.7238 31.2104
135.3239 30.1013
138.4065 31.0686
137.7364 31.1535
139.7468 32.2164
138.3728 31.0461
136.3857 33.0753
136.0664 30.2768
141.0903 34.7418
137.9868 31.1217
137.8538 31.1749
136.8532 30.0350
138.7258 29.5994
138.7001 29.7952
142.0651 35.9883
137.4197 31.1774
136.4189 33.6313
135.9480 33.5374
136.0713 33.5490
136.1571 30.0838
136.9477 33.0125
136.3666 29.9281
136.4997 30.2307
138.3046 31.0562
141.0875 32.9943
137.0154 31.1030
136.0252 32.8731
136.5601 30.5399
139.2596 34.0777
136.5505 31.0073
136.0437 29.9189
137.6059 31.1640
135.8583 30.6044
135.6973 33.1029
136.2495 29.3859
127.8430 29.3492
137.8927 30.7374
136.9628 30.4662
135.8065 31.0484
138.6241 31.0097
134.4449 28.6349
134.1036 31.2473
138.9786 30.2765
135.9169 26.8303
132.7655 29.4692
132.6663 30.1660
136.0479 30.2853
137.2541 31.1429
136.2318 32.8315
135.9039 26.2186
132.2038 28.9578
137.3405 30.7091
138.5188 30.4476
133.9185 31.6636
140.2012 34.1353
131.3283 26.1601
134.0101 30.4142
131.8977 27.6671
135.5514 28.3120
129.2202 28.3828
132.2454 26.5692
133.9962 25.9325
138.6966 33.5589
135.0807 25.9391
135.4567 28.6294
127.4796 28.7759
136.1217 33.3599
126.5040 29.0328
132.6695 27.4864
126.1450 29.0896
133.7474 25.0392
136.9397 31.5373
131.0271 26.6828
136.5134 29.3645
131.9077 30.2529
136.3489 26.3780
131.9726 30.7404
138.6116 30.9893
134.3679 30.6027
135.6496 26.6046
135.7618 30.7825
127.9521 27.1304
138.7136 29.7945
130.7764 30.1377
136.4612 30.1922
132.5710 30.7477
138.5478 33.0945
131.3342 29.9309
134.1555 29.5562
138.9520 29.9445
134.6314 26.5555
133.1393 28.3869
131.1684 29.8641
135.5914 32.7978
130.2912 25.1625
127.8021 28.2889
134.8141 29.4538
133.5168 30.7733
139.0289 30.1338
129.6922 24.4984
127.3480 28.9615
133.3509 30.2384
132.7907 31.3283
133.1704 31.1744
136.1674 30.1620
136.8432 33.1265
133.7232 30.2652
133.7109 31.1327
138.0931 33.0505
138.4877 31.3245
134.5109 29.3192
134.0533 29.2464
134.2862 30.1394
134.7236 30.5027
136.7879 31.3155
134.0838 32.3267
132.5924 31.2519
133.7198 29.9636
134.7928 25.9042
127.7265 23.0256
129.6655 25.2892
135.2287 25.9033
129.6865 27.3527
133.6779 30.2303
133.4683 30.1461
137.8954 31.8392
134.5250 30.7060
134.9896 29.2596
135.4023 25.5856
133.1678 27.7077
128.8607 25.9435
134.2098 31.0098
133.6584 25.0485
133.9480 28.7116
129.0055 25.9951
135.9347 26.8597
134.2840 28.1836
133.9431 25.0314
133.9186 30.6219
133.2672 28.5581
137.3145 31.2295
132.3430 24.8274
135.0925 27.3636
135.4891 26.0508
129.1540 23.4583
132.0900 27.9496
135.1303 26.2515
127.9524 22.8988
136.1386 26.1031
134.6249 29.0020
134.9943 25.6581
134.6813 28.6014
135.2581 26.2000
134.3058 26.0384
134.3980 30.7290
137.7644 30.4293
137.5636 30.1319
134.0730 31.6008
129.9575 26.1482
127.6447 23.1698
131.6380 29.7510
134.3474 29.3888
134.7326 28.7055
135.1478 26.1536
133.9803 25.3970
131.8343 25.8029
130.3114 25.8161
135.0991 25.6136
135.0917 25.5889
134.2131 30.7673
135.2600 25.6632
135.7690 26.3136
134.3293 25.3304
133.9175 24.6425
134.5959 28.2419
131.3591 30.5647
138.2660 31.2584
136.0415 26.5971
132.2397 30.4405
134.2887 30.4837
137.5098 31.4085
132.7264 27.4230
128.9380 30.0039
132.9485 30.7286
134.6250 30.4346
136.9143 32.3360
135.7828 33.2665
136.2498 30.2247
138.2517 32.9262
136.0889 32.4204
134.2027 28.0992
135.7963 32.9568
129.9246 25.7643
131.9711 26.4153
134.5483 30.7348
138.3786 30.0334
129.7312 29.4663
135.1837 28.6852
139.1562 29.9189
134.8615 25.8342
135.5044 29.9431
134.9377 27.8179
135.8655 32.7501
128.6604 29.5003
134.4611 31.8671
138.4754 30.8494
136.1719 30.7991
127.7531 27.4609
132.8202 30.3516
139.0976 30.6045
131.5739 30.8469
136.0188 32.7384
133.6410 32.2595
139.0388 28.9672
136.8875 30.2084
132.5848 29.7294
136.2268 32.8970
134.8941 27.8576
132.6678 31.6236
136.3143 31.1614
136.4891 30.0317
134.3446 30.2295
138.7329 30.0794
138.1686 31.1291
134.3107 28.2127
135.5994 28.7911
133.4919 32.1720
133.9009 28.6294
138.9948 29.1254
139.1222 30.2371
136.5578 33.0223
135.4177 26.2161
130.6360 29.8872
132.5422 31.5532
138.8577 30.3860
138.9231 30.0373
132.0043 30.3689
136.2098 30.6718
139.5927 30.5464
135.3351 33.0168
139.2293 30.5536
134.5104 30.3100
138.3198 30.8289
136.4951 30.4998
139.3590 30.6487
137.0739 30.2593
138.4859 32.9766
131.3786 30.4669
138.5090 30.7719
135.2178 28.3121
134.5614 26.5628
134.5978 27.5756
138.4073 31.0636
136.0433 32.2872
139.2135 30.2331
124.8126 30.7982
134.4474 30.3135
140.4056 34.8948
135.5159 33.2386
135.7707 33.3438
132.4652 26.8032
138.8681 31.1035
134.8312 30.7312
134.7350 28.9683
135.8286 33.0041
133.7562 30.5496
135.5928 28.8648
134.2203 29.3277
133.4702 31.3331
133.9588 29.7116
135.9350 26.2965
128.5899 28.4075
139.0322 29.2161
133.1951 29.3301
136.5493 32.9712
138.9449 29.4390
136.0983 29.2127
129.0538 28.4328
134.8209 30.8475
133.5002 27.8583
132.2287 31.1467
132.9007 30.1918
139.0693 30.2552
138.3371 30.1017
133.1860 29.7211
133.5818 30.5782
136.3416 30.4987
131.8060 30.3528
127.6747 28.2107
133.7469 31.1732
136.5860 30.1962
138.9480 30.8779
134.4011 32.2375
136.1301 30.7937
133.9196 28.6108
134.3220 29.4938
136.0958 29.1469
136.4878 29.9421
135.3115 25.9098
129.1565 27.7751
138.8324 29.8023
136.4469 30.0634
130.2802 26.0484
132.5454 28.9967
134.1475 26.2894
133.0651 27.2221
128.4852 29.8791
131.2468 29.4332
133.9834 31.9049
132.0566 29.0678
136.0717 32.9252
129.3726 29.8171
133.6230 30.6332
137.8061 31.2175
138.7318 31.0324
136.3435 30.3187
134.8046 25.7280
136.1862 29.8460
133.8078 30.6049
137.6619 31.2042
138.9626 29.9298
135.3051 32.9602
133.3100 28.1822
137.1629 31.3867
136.5082 30.1468
138.4426 29.7635
131.6441 30.7472
134.2877 26.6261
135.9823 26.5211
134.4431 27.1489
128.7366 26.2019
131.3870 30.8448
137.5234 31.3095
132.3537 27.0770
139.0166 29.7607
133.4601 28.6549
135.9559 30.8209
134.4691 27.4136
132.0213 29.9173
134.2784 25.9720
134.7233 29.5968
137.1669 31.3168
138.0132 31.1503
138.1971 32.7625
141.4788 34.8801
133.0382 30.4600
135.6386 33.2443
142.9218 36.6987
136.2718 33.1800
138.8408 29.5750
134.3423 31.1486
144.3385 35.8487
136.7943 30.3870
138.5314 30.3469
138.3094 34.3524
139.2417 32.6369
136.3591 32.9380
139.3886 30.0358
140.3689 32.3603
139.0205 31.0020
136.6015 30.3895
138.3805 30.6230
135.2893 28.3807
136.9875 30.0513
134.8888 27.8415
141.8964 34.8421
136.6391 30.5075
138.9954 29.4759
136.5660 30.5602
134.3922 32.5747
139.8891 32.1513
141.3858 34.6634
137.1615 33.4636
138.8006 30.0928
138.4999 31.0640
139.1025 30.5666
136.6073 31.7078
133.1244 31.2342
135.3614 33.3242
135.3496 33.1216
137.0723 33.1020
126.4800 33.2188
137.2195 30.4501
136.8707 29.2899
129.4162 25.0736
143.2478 36.4981
133.8300 31.1836
136.2351 33.0530
138.9281 30.5190
143.1810 34.6931
142.8101 35.8773
123.7168 32.5772
145.0527 36.7478
139.1598 30.1459
137.9934 30.3692
138.6253 29.6299
138.4579 30.5889
136.3255 33.0484
142.2044 35.3691
138.7296 30.2172
135.6319 33.0570
132.2112 31.3409
134.3071 32.5613
138.7309 31.0314
145.3987 36.2280
130.9603 29.9755
138.4352 29.8345
135.4714 33.2239
139.3587 29.8873
139.6101 30.2475
137.2747 30.8374
138.4290 29.6439
137.2339 30.9690
135.2667 33.5682
136.0897 30.6191
136.4494 33.2555
141.9198 35.3020
138.6772 29.5613
133.4176 29.8782
141.5072 35.0607
135.5608 33.2874
142.8903 34.8572
137.6200 30.9778
139.0165 30.1114
134.3582 30.9252
145.7209 35.5656
139.0242 30.1444
136.4560 33.1320
138.4375 30.3380
137.1638 30.3585
136.3477 30.1574
130.8842 29.7834
137.6891 29.6604
138.6355 30.1448
145.6837 36.5551
128.5267 29.0371
138.4155 34.0655
132.5300 32.0627
133.3839 28.5108
132.2137 29.5845
131.8794 30.9472
132.3424 32.0296
139.0560 34.5038
128.5885 29.9692
134.6796 29.4069
131.9594 31.5987
131.6160 31.1689
131.6492 31.2750
131.8265 31.3796
136.2335 30.1621
132.0065 32.0318
138.2802 30.9653
135.1250 30.0350
137.9349 33.1806
132.7543 31.0062
131.3284 30.7602
134.7602 31.7297
131.1942 30.6478
136.4287 32.4309
131.8136 31.4825
131.9815 31.0038
133.2835 30.0732
141.1855 35.7301
134.6935 31.1177
136.2464 33.9086
136.7202 29.7594
132.0906 31.8692
134.2647 28.5834
136.4983 33.6974
139.0162 30.8951
134.7172 28.3794
135.1616 29.8364
137.4552 34.5055
132.7585 31.2006
129.8974 25.9689
134.9794 28.4326
133.5198 30.3697
132.7936 29.8240
135.3143 30.1098
134.6083 28.4106
133.6644 31.0280
129.1887 26.5379
134.7601 29.2371
137.4655 31.0882
131.6282 30.9030
132.7066 32.0996
138.2406 30.0432
138.5211 33.7126
138.6051 33.5925
136.2952 32.8157
132.0069 31.0545
135.9420 30.2245
128.3335 27.9969
132.0043 31.6323
134.5880 28.1418
134.9568 28.9321
138.8073 30.9294
132.0663 31.7509
131.6718 30.7010
134.9300 29.0569
135.6780 33.3176
138.5878 33.7876
136.6751 32.8467
131.8956 31.5922
134.6107 27.9172
138.6738 34.0199
131.7167 31.1262
137.0438 31.1553
136.2342 30.6589
131.4736 30.8854
136.7207 33.0561
136.1511 33.3856
134.1500 30.5701
133.5132 30.5545
136.1425 33.7473
135.2590 29.2268
135.1084 28.8681
137.5853 32.2714
138.7880 30.9654
137.3761 31.3068
135.1401 28.2050
131.8838 31.7393
133.4499 31.4770
132.1724 26.4745
133.1723 27.9544
135.0608 29.6231
136.5309 32.5099
135.2668 29.5590
134.8658 29.4519
134.5485 28.4310
134.7506 29.9200
135.1320 28.4088
135.0487 28.1884
136.2967 30.9767
131.7002 31.0369
138.8994 29.7066
132.5080 30.9396
134.5193 27.4623
137.4087 33.0845
135.2387 29.7752
134.7104 28.2302
133.9020 28.9586
141.2453 34.5714
133.1104 31.0131
131.8026 31.4179
131.9726 31.6146
131.4964 31.1562
134.3640 26.7556
133.7897 27.5468
134.9941 28.4923
128.2407 26.2620
136.5377 31.2775
138.7065 30.2695
135.6983 30.6550
138.7516 30.8434
134.4971 28.2421
134.4720 30.3281
134.3670 31.3987
128.0488 28.6776
138.6298 30.9029
134.4644 30.6078
132.2523 31.4235
134.2213 28.3593
133.8538 30.5749
135.5019 31.9396
136.5313 29.1605
133.7014 27.8561
134.6853 29.5589
131.3566 31.2969
134.4531 30.4157
135.1674 28.6305
139.7692 32.3748
137.2576 29.6185
139.0308 30.6743
134.6970 30.5121
135.5676 32.8717
135.1720 28.9311
133.8773 29.5728
138.5041 29.9635
130.7983 30.6739
128.3008 29.0930
133.3895 30.5116
133.7365 28.2570
135.9440 30.1850
128.8358 26.5899
136.6981 30.1529
135.8203 26.7937
127.3415 28.3537
131.1449 26.1676
135.8027 30.9157
134.5087 28.4063
133.0068 27.4458
134.3860 28.5473
133.0553 27.1595
139.0833 30.5081
133.9266 28.7446
132.5432 26.9351
133.8273 29.4158
133.3223 32.1935
131.7874 26.6932
133.0268 30.5769
138.4875 31.1724
135.4077 25.9401
131.7956 27.2487
130.5055 28.2071
127.5453 25.5597
138.1372 29.9488
134.6618 25.7735
129.7145 26.7487
131.1325 26.5313
134.0748 31.1865
134.1243 29.4226
136.4158 31.2429
133.3403 27.9027
134.9062 29.5207
136.7667 30.2741
138.9946 29.6538
132.5743 31.2487
134.1038 30.1201
131.4497 31.4447
138.7469 30.9166
137.6152 30.2408
138.8348 29.5439
134.1021 26.3844
136.4777 33.0709
138.9792 30.8319
135.7865 32.8663
135.7063 33.2245
135.7271 32.8079
138.6970 31.0118
136.6917 30.3672
135.0046 30.5199
131.3555 30.5502
131.8810 31.4330
135.9308 28.9782
138.9348 29.2724
137.8437 31.1709
135.8778 32.9938
132.1741 29.5370
132.8682 27.2378
135.7371 28.6107
135.3302 28.3176
134.6705 28.4562
136.6897 33.4201
136.5418 29.3613
128.1063 27.6951
139.0589 29.3857
132.0772 30.6447
131.4493 26.3699
135.0458 30.2581
134.4753 27.3261
135.6036 32.8840
134.2791 29.7475
138.7062 30.0540
133.0897 32.4184
134.4456 32.5556
134.3452 30.4852
134.0580 26.1858
135.8406 30.7305
137.3027 33.2328
140.0605 34.6106
134.5338 28.8928
132.6730 29.3077
131.7994 31.2378
136.3303 32.8624
133.3141 28.8243
132.3726 27.0935
136.5960 33.0406
134.1511 32.5096
131.4881 30.8243
133.7115 30.8683
135.6090 32.8918
135.3974 32.9835
133.6843 30.5709
133.9459 29.4538
132.6816 29.6319
136.2586 30.3049
135.1841 29.5869
133.2809 28.1618
138.3392 31.1728
140.4591 34.0960
135.1788 30.9195
133.1008 30.0156
137.0097 31.3445
133.5208 30.2318
132.9810 30.6793
133.1421 27.3194
139.4736 30.0349
133.2091 29.8955
138.0682 30.2083
135.9281 33.3141
134.8294 29.2635
138.7414 30.9190
136.5761 31.2002
132.4398 31.8928
135.2206 30.3484
134.3519 26.5805
139.2347 30.1019
127.1967 27.2214
131.4250 30.7561
138.6450 31.0562
131.9904 31.7079
133.1349 29.6618
134.5871 27.5729
131.5366 30.4881
130.2935 26.7959
136.2726 31.0384
134.2883 28.2067
135.1342 29.9626
139.2666 30.5367
134.1051 30.9421
132.6112 30.6945
136.4518 30.3519
136.2603 29.9500
134.9373 28.8251
137.5315 31.1961
136.3840 29.3001
135.0392 30.4827
138.8758 29.7995
134.3689 26.0094
131.3586 31.0020
136.4340 33.8157
134.2315 29.3845
134.4352 30.7176
135.7179 32.7865
138.8001 29.7908
131.6053 30.2718
131.6278 31.2430
129.1411 26.6330
132.4263 32.0238
132.9866 29.6157
134.9853 28.9617
134.2679 26.0288
133.2317 30.5880
136.7551 30.1489
131.4817 30.8223
132.2548 32.0914
133.9252 32.5290
135.0349 29.6174
135.3644 29.1012
134.6448 25.4095
131.6401 30.3852
138.6090 30.2480
134.5997 27.7435
138.6104 31.1947
138.1421 29.8524
138.9817 30.1376
135.1592 31.3768
128.4892 26.3631
133.5234 30.7847
138.1500 31.2196
126.0678 29.5656
127.8726 28.6390
129.8662 25.1446
137.8584 31.4008
128.5027 25.7999
132.6559 26.9440
138.7368 30.5610
128.5729 29.4097
138.7480 30.7562
134.2140 28.0223
134.9072 30.1691
134.6333 29.6918
135.9775 30.9328
134.1330 30.0410
128.3169 28.9664
128.2578 28.8319
134.1948 28.7266
137.0331 29.5341
131.9625 31.6064
134.5843 31.6210
127.1812 26.4338
133.6973 31.4007
138.9551 30.6872
133.5144 30.8905
138.8085 30.7578
134.3730 30.4070
131.9843 27.1067
138.4472 29.6609
138.9999 30.3800
139.1637 30.7837
134.6459 30.9055
135.8714 30.3574
134.1039 31.8496
133.8298 30.3697
132.1553 30.5155
139.0419 30.2024
134.4217 27.4749
133.2263 28.7790
135.0735 33.5450
127.4796 28.3676
134.9299 28.1800
135.4874 25.8765
132.3223 30.2016
138.3368 31.3514
136.7299 32.8007
131.4835 26.9649
136.1272 32.8307
135.5922 32.8399
129.1602 25.7999
134.5636 28.6812
136.5002 29.8463
138.1396 30.1839
132.3076 29.7204
131.9351 26.8913
138.4129 31.2146
132.4156 26.8968
128.3178 30.1678
135.9330 30.1711
128.7746 26.4844
131.2865 31.2251
135.0557 27.8853
131.1053 26.0926
135.1961 30.9620
139.0951 30.2074
134.2379 28.9617
133.3909 30.2326
134.6005 29.5456
135.4192 28.8226
132.8019 30.2737
131.2823 30.6098
138.3854 31.1109
138.8745 30.6160
134.9683 28.9293
136.1976 30.7982
134.5547 27.6847
133.8062 31.2680
130.1413 27.6253
136.5450 31.2939
134.1699 31.2160
138.3474 31.0479
134.6407 27.5803
139.2415 30.3503
136.0958 32.5381
134.0661 27.6543
138.5163 29.3392
131.3311 28.8768
132.0255 30.2044
126.8757 27.0025
133.3606 30.1764
133.5821 31.9404
132.6724 30.5085
139.0273 30.9221
136.0914 29.2870
135.2789 32.9402
134.4596 26.6192
133.9562 25.7431
130.8707 26.1464
134.1762 28.7775
136.6456 30.0119
135.6480 32.8186
131.8523 29.7605
129.3362 26.1025
134.4060 28.2873
134.7532 29.5568
136.0448 30.4727
134.3060 25.1540
131.6479 25.9945
138.5743 31.3097
132.4520 29.9366
138.5314 30.2595
136.6059 31.3392
136.7924 32.7769
136.6751 33.1028
134.3091 27.2577
138.1265 31.4581
134.7744 30.0226
136.3670 32.8778
138.8156 30.1663
134.1747 29.2251
130.5394 26.8022
134.3523 28.4539
134.2548 30.3440
136.1374 32.6793
127.9496 27.8295
132.0579 30.6886
135.4270 28.7824
134.2083 30.9178
136.7593 30.4722
134.5036 31.5497
135.9941 26.4084
135.1338 32.8504
132.3083 29.9261
131.9005 25.9757
135.5370 32.0155
138.7594 30.8377
134.7041 29.9560
130.3456 28.6202
138.5853 31.1001
139.4798 30.4956
134.4802 30.5203
138.1522 30.3160
138.9144 29.7416
132.2828 30.5322
138.9192 31.0056
132.5506 31.4465
132.8548 29.6256
132.4164 31.5078
136.0372 29.0794
138.0157 29.9718
135.6660 32.8094
138.4211 30.7146
135.8024 32.6830
136.1749 32.8411
135.5601 28.8882
134.3085 26.9578
134.4955 26.4328
134.0667 30.5438
135.6464 32.9004
138.0164 30.2228
134.6388 28.0947
132.2606 27.0542
132.7275 31.6895
133.8202 31.1766
136.2224 30.1773
136.2867 30.2276
132.8647 29.1906
134.4499 28.4698
134.2090 31.0561
135.1441 33.3573
135.9639 30.5269
136.0437 30.0162
134.9243 32.0273
136.2575 29.3209
133.4590 30.1761
134.7993 28.3420
136.0379 32.9630
132.2673 29.6152
133.7593 30.2777
135.8516 30.2899
133.5227 30.5666
139.9551 33.1683
138.7827 29.9515
139.0185 30.1903
131.3776 30.7872
134.3535 26.5102
131.6909 30.7410
136.2148 30.0336
135.5484 28.9200
136.5381 31.4200
132.2025 29.9195
137.1692 31.4434
136.8772 31.5649
131.9195 29.8790
138.3462 29.9094
131.0884 26.1441
138.4213 31.0825
138.1289 30.0374
136.6650 29.3202
131.9161 30.8372
136.0923 30.1539
135.5269 32.8399
133.2770 29.8403
133.3596 29.8062
135.7951 32.7053
136.6578 31.5032
135.5954 28.9615
138.4404 29.8914
132.8812 29.6754
135.3627 28.9999
138.4611 31.0979
129.8165 25.0621
138.8574 30.9112
138.8695 30.5087
135.7298 29.0072
134.2298 30.8607
138.7704 30.9511
132.9724 29.6216
138.8837 30.9764
138.0847 30.0317
132.4370 26.6798
138.4449 29.8899
130.1020 25.1325
138.8848 30.0381
135.2977 28.7533
136.2110 32.8207
136.7459 30.0265
137.8674 32.9963
139.1454 30.1294
138.6577 30.9865
135.1272 29.6186
136.6468 31.3274
136.0768 32.6523
136.2706 29.3862
139.1255 30.1034
132.7584 31.4312
133.3602 31.3929
138.1641 30.1337
135.2149 32.9485
131.4444 30.4780
132.4008 26.4264
138.8344 30.4662
139.1145 30.1604
135.3324 28.5992
136.2038 31.2062
136.8445 31.4035
134.7672 29.3787
132.4908 29.5448
133.0357 30.3783
131.6328 30.9446
131.0816 30.3139
136.1981 32.6748
136.7679 31.4243
138.6940 29.8053
131.8402 31.2490
133.3953 29.9365
135.2486 28.6983
138.7127 30.9575
133.5523 31.0476
135.9056 30.6270
139.0271 30.8645
136.5332 29.8786
131.3841 30.5358
136.3488 30.2451
135.3090 28.8385
135.7244 29.1576
138.9400 30.7971
136.5106 31.3282
136.9040 29.5222
138.7452 31.0513
136.0720 32.9009
138.1457 31.2832
136.0687 32.6740
135.8999 30.5707
134.9235 29.0347
131.3170 30.6065
131.4776 30.8214
136.0560 30.1778
131.4656 30.8867
133.4422 30.0036
133.5245 31.8998
129.4202 25.5088
131.3301 30.6149
137.6051 31.2555
135.9400 30.6130
138.0913 31.2814
135.4622 28.8644
139.0929 30.2481
134.6792 29.6047
137.6191 31.4170
133.0517 31.2940
135.8897 30.6447
125.0669 29.2581
134.7493 25.8359
135.0326 28.1187
135.0967 29.9850
133.6962 31.3865
134.9133 28.8934
138.8257 29.9283
132.2785 28.7956
134.3061 29.1350
140.2382 33.7074
136.0099 32.9634
134.1553 28.3921
135.7426 27.3686
139.2300 30.2261
134.0193 31.3937
134.5295 30.0710
134.2891 29.2633
136.0657 33.7564
134.3388 25.9614
133.8522 30.9624
134.7525 26.9647
127.0551 27.3843
133.9255 31.5514
133.5968 28.5220
132.7595 26.9440
126.5470 28.6494
136.5233 23.6732
133.0617 29.9631
136.3000 33.1524
135.9780 29.4938
134.1087 26.7375
136.9188 31.2893
129.8936 26.5990
136.3106 33.1807
133.1709 28.3732
134.3155 28.2648
134.4116 25.5618
134.7927 33.5717
134.5626 28.4804
130.3064 25.3715
135.4338 31.6944
130.1497 27.0010
126.6101 25.7946
128.2924 30.4264
138.6310 32.2507
134.3874 26.2355
133.7631 30.2893
132.9083 26.2462
134.2134 26.7446
134.0190 31.1726
128.6232 25.5035
131.1490 29.5790
136.3032 26.4166
130.0814 26.8186
134.8356 28.0073
138.1503 30.1310
138.6116 30.7331
132.9157 27.2421
137.3900 29.7487
137.7237 31.3479
131.5974 27.6007
132.7505 32.2245
133.5746 27.7921
131.3429 30.6431
132.8389 30.2562
133.4654 29.2879
127.2476 27.9709
136.6646 27.4424
132.1812 26.6893
131.3389 27.4261
128.5075 26.1663
128.2988 23.7655
136.9099 30.0089
141.5259 34.2964
137.1317 30.3469
136.5481 30.7574
137.5065 29.7827
137.5225 31.1399
140.2593 35.0444
135.8083 33.4094
138.2978 29.8920
135.9937 33.5258
136.3950 31.1322
139.1136 30.4655
139.0161 30.5550
136.4324 32.9601
137.8830 30.2007
136.5083 33.1984
136.1470 33.6753
136.9328 33.4669
139.2843 30.0854
136.5536 33.7230
135.7030 29.3444
138.2940 29.8875
137.8907 29.9701
136.5499 33.2230
137.9705 29.9934
136.6891 33.9188
137.7732 34.4929
136.6489 33.1597
136.6205 33.8521
136.8148 30.8351
136.0345 33.5806
136.9981 33.1574
138.1220 30.4527
137.0292 30.4806
138.8279 29.5679
141.3846 34.2176
136.6909 33.8643
137.7036 29.8301
139.1425 33.9070
138.9548 34.3405
136.6720 33.7515
136.5050 33.8293
135.8762 33.3867
135.9124 30.5100
135.8012 33.4255
138.6763 31.0582
136.2352 33.9227
137.6803 29.9702
136.5079 33.6745
141.8134 35.9436
136.5217 29.7814
138.4650 30.2723
138.8956 34.1663
135.7522 29.4761
136.6324 33.7790
140.2520 34.8261
136.4724 33.7205
136.5697 33.1203
141.5173 35.9489
138.2307 30.4471
136.7064 33.7673
138.3190 30.3779
135.5919 33.3275
139.2793 29.9109
138.3274 29.8236
135.8505 33.4217
135.6314 29.3646
137.9223 30.2816
135.9323 30.6499
136.5875 33.7830
136.7035 31.2388
141.2911 34.3147
137.1521 30.3080
141.2388 33.1778
138.0054 30.3707
137.8799 30.1361
136.6545 33.7999
135.5318 30.9439
140.9238 34.2326
135.7964 32.9389
140.0365 34.7217
135.5865 33.0783
135.8129 33.4361
136.9642 34.3285
136.4938 33.8284
135.7781 32.9308
136.4114 29.2443
136.7636 30.7373
139.2909 30.3729
138.6419 34.2706
137.2958 30.9060
135.7295 33.3361
141.2400 34.4183
136.3498 33.7805
137.3265 30.4574
136.8831 29.3197
138.0501 30.4588
136.5770 29.7277
135.9257 32.9001
137.0930 29.9333
137.1037 33.5788
141.1315 34.4154
135.1610 29.8233
136.9902 34.4075
138.5166 34.2872
139.0876 29.6885
140.1862 35.0096
136.7043 30.7585
141.3413 34.0251
138.6473 31.0564
136.4609 32.9549
137.0217 33.4709
136.8776 34.2204
136.8673 33.5297
137.0079 34.3042
135.7210 33.3605
137.0305 33.2932
136.7829 29.9722
138.1832 30.4492
136.1347 30.9722
137.6951 31.2721
135.9591 30.1021
138.4074 29.7383
135.6560 33.3586
141.3432 34.2724
136.8121 33.8679
139.0414 29.6610
136.7026 33.7379
136.8514 33.6947
137.3199 30.2411
136.7610 33.9624
135.8428 32.9190
135.6839 33.3726
139.0146 30.6274
138.1689 29.9868
136.2824 31.0599
136.5329 33.6875
138.8356 33.9227
137.2532 34.4966
135.5822 29.5542
136.9653 33.0995
136.3630 31.1141
136.8508 34.2327
135.7025 33.3035
137.9532 30.2254
141.5915 35.0484
136.4221 33.8314
141.5873 34.0641
138.8352 29.5396
135.8928 30.1074
138.9324 33.8771
138.4646 29.7398
136.5573 31.2068
138.8755 33.9178
137.3008 29.9907
136.7195 29.7809
136.8782 32.8683
136.8305 31.0493
136.5368 30.2216
138.4046 29.8032
135.5318 33.0612
136.3100 29.8294
136.0417 32.8826
136.6546 33.7841
136.7305 31.2683
135.6552 31.1954
136.7877 30.8214
135.8647 30.3227
138.9910 30.6051
138.6009 31.0850
136.5869 31.2020
135.9072 33.5161
138.3015 30.4217
141.4325 33.8398
136.2681 32.9034
136.8625 30.4609
136.3530 33.0069
137.4567 29.6426
136.6374 33.7457
135.6205 33.0121
138.1754 34.2533
137.8905 30.2350
136.6356 33.2331
136.8735 32.7771
142.1522 35.0892
138.0266 30.4543
136.4466 31.1134
136.3764 33.7890
138.4057 29.8453
137.6922 31.0956
141.9121 34.5212
136.5203 33.1203
136.6263 30.7729
138.1018 30.0059
136.6011 33.9270
137.2872 30.1227
138.1916 31.2085
138.4858 30.4020
138.0410 30.0411
137.2364 34.4880
138.9640 30.8762
136.9857 33.4308
136.4739 32.9616
135.9512 30.0534
136.8003 30.7898
136.3983 33.7911
136.7328 29.7651
136.2016 29.8675
138.1619 30.0405
135.9653 29.3587
136.9099 33.8273
135.5711 33.3416
139.1067 30.4699
137.2826 31.3525
136.5256 30.2206
136.9342 34.3212
137.2092 31.1009
141.5597 34.0516
136.2031 29.7137
137.1517 31.0912
138.7050 29.6258
137.0066 32.9998
139.2855 30.3562
135.6262 33.3177
139.2812 30.0076
136.5904 33.6499
136.5905 33.7936
135.5803 33.3414
138.5083 30.3766
135.6282 33.2609
135.9181 32.8925
135.8849 33.4585
136.5724 33.7417
135.8952 30.1434
138.2938 31.2122
141.6269 34.5112
137.1088 30.3806
136.5573 30.1522
137.5323 29.7942
137.6985 31.1380
136.2353 33.9216
137.0923 30.7906
137.1207 30.9375
136.8935 32.8031
140.9775 33.5169
135.9674 30.7174
136.1862 29.2361
136.1452 29.3103
136.9849 33.5536
136.5189 33.8557
136.6218 33.2278
136.6429 32.6832
137.1676 30.3350
137.3630 30.1844
135.5683 33.2980
135.7436 33.3395
135.6291 32.9756
137.9842 30.3514
135.4690 29.7571
135.6472 29.3259
137.1784 30.3352
138.5634 29.6880
137.5878 34.4526
141.3871 33.7181
137.1136 30.3210
139.0321 29.6550
136.6023 33.2458
135.9572 33.5808
139.0812 33.8989
138.1750 30.0579
137.0033 30.4762
138.0552 30.3674
138.2861 29.9240
137.1606 29.4519
138.2310 30.0537
135.6517 33.2897
136.1770 30.9931
135.4529 29.5146
136.9244 33.4902
135.6461 33.3213
145.0921 35.8162
144.1660 36.1250
139.3708 34.6728
136.6070 33.8823
136.3411 33.7953
137.5846 29.7289
135.9579 32.8817
136.0967 30.5063
136.9883 30.5147
136.9890 33.4943
136.6285 33.2034
141.4397 33.8770
135.7368 33.3402
136.8862 30.8844
138.8050 29.5497
138.1603 30.0311
136.5802 31.1975
138.9810 29.6153
139.1613 30.2851
136.6505 29.2334
136.7677 33.7608
137.0324 34.4275
141.5247 35.0841
136.7553 33.8338
136.6815 29.3204
136.5342 32.7581
138.5182 31.1364
138.9642 34.1178
139.0738 29.6535
135.9788 30.6861
136.3560 29.6742
136.7465 32.8828
138.4136 29.7486
135.6648 32.9729
138.2699 29.9092
138.3239 31.2130
136.8984 29.7746
138.8244 29.5589
136.7164 33.2815
139.0697 29.6687
135.8633 30.2915
136.6090 33.2553
136.8412 32.8984
141.5586 34.3618
136.8957 30.5619
136.8949 33.8678
136.4126 29.2667
136.7472 32.9647
136.6349 30.7673
136.8819 33.4907
136.5197 29.2649
136.6758 33.7738
136.5030 33.7396
137.1512 29.5025
135.5507 33.3129
137.3918 29.5810
136.1180 33.6527
138.4078 29.8564
139.2103 34.6492
136.3132 33.8019
138.5177 29.8757
