135.0848 31.4271
136.0652 29.8797
136.2069 31.0871
137.5226 33.1771
137.0835 31.9044
131.9547 30.6441
131.5722 30.3728
135.5618 31.3010
137.7538 29.9667
128.7118 28.1450
137.2455 31.0281
136.2515 32.6327
136.8063 29.8672
135.3430 30.3765
138.1936 30.6526
135.3343 31.1618
135.9399 32.9527
131.2807 30.3587
131.3598 30.1869
138.5179 30.2461
131.8679 30.5065
133.2834 32.6350
135.9454 32.9958
137.4653 30.9892
137.3867 30.2984
137.9860 30.5266
132.6964 32.5390
131.4691 30.7495
136.5336 32.5293
137.3137 31.3255
136.3781 31.0444
129.1261 28.9206
137.4097 29.1798
137.9317 30.0825
136.4111 31.2522
136.3759 31.7662
137.3850 29.7791
135.7013 29.6635
136.8009 30.7488
136.6350 31.6057
136.9530 33.1950
135.4174 31.2446
137.4655 30.4514
137.6955 30.0668
136.5917 31.8570
137.8047 30.9586
132.8617 32.5830
135.1398 30.9651
129.5914 27.6946
136.4482 32.0610
136.0903 31.1808
136.5595 32.3893
137.5452 28.9366
136.5758 31.8555
137.0038 29.3811
137.7805 31.1522
131.4145 30.1379
131.0051 29.9574
137.5340 30.7702
135.2230 29.8523
136.0504 32.3974
135.1936 30.5730
137.3138 31.3159
137.4342 29.6098
136.5656 28.7198
137.1759 31.5416
131.6533 30.3595
131.9797 31.3356
137.3908 31.1838
135.4342 30.2964
137.3145 30.4926
138.1934 30.0827
138.1642 30.2321
131.4425 30.5049
137.6597 31.1264
135.9055 32.3246
131.5207 30.8577
136.2870 31.0739
138.0176 30.2555
135.2400 31.2247
136.5919 30.6142
136.9215 30.5445
135.8857 32.7254
135.7975 29.0354
136.9133 30.2859
131.9212 31.0031
135.8668 29.7935
137.3072 28.8198
136.7658 31.7249
136.0799 31.2020
137.9834 30.2820
136.9068 29.4457
136.5854 30.7514
131.4465 30.0333
135.7750 32.6398
131.4710 30.4220
128.7908 28.0781
138.1237 30.3597
137.1984 29.6281
128.9195 29.0853
135.9986 32.3020
135.9178 31.1880
137.7982 29.4491
136.1257 32.9277
138.1973 30.0820
136.3875 30.5426
135.5356 31.2788
137.4478 30.5811
131.5479 30.0430
137.9621 30.2910
136.0583 29.6275
137.1372 31.8058
135.3892 30.5150
136.4017 30.7129
137.6136 30.0258
135.0515 31.0431
131.2901 30.1937
135.5648 31.3454
137.8530 30.1052
137.1506 33.5072
133.9574 32.5252
137.7477 31.8328
137.7601 31.5758
136.7337 31.9643
136.4807 31.0820
136.7133 31.1456
131.9218 30.8413
131.3747 30.6626
137.8638 29.8263
136.9921 31.9721
137.5714 28.9432
136.8252 30.9029
135.1640 31.2916
137.7010 29.4159
132.2531 31.8685
131.1166 30.1026
131.2173 30.0460
135.6469 32.8168
129.7592 27.5338
137.0294 31.5034
137.9164 30.9281
136.0650 31.2540
133.6018 32.4588
137.9061 29.3763
136.7024 31.5660
137.8689 29.9406
135.2707 31.4446
137.0536 29.2826
135.8017 31.2085
132.4283 30.3902
136.2534 32.8760
136.0769 32.1838
136.9973 31.3698
131.3355 30.3413
137.1108 31.1734
136.6120 30.9087
136.4339 28.7499
136.1560 30.6723
137.1493 31.8045
136.3763 32.1083
131.5798 30.2731
131.4846 30.1302
131.4713 30.3356
138.3650 30.0130
131.2305 30.0699
136.0822 32.1958
131.5929 30.8047
131.8804 31.1065
129.0120 28.0117
131.5419 30.5026
135.3610 29.9442
131.4301 30.2774
136.6018 31.6087
136.3356 30.2518
131.1737 30.0978
130.8713 30.7854
137.2147 29.9022
137.8779 29.5230
137.4007 32.4999
136.2577 32.5563
131.4223 30.6565
136.9281 32.0713
131.2780 30.4034
137.9548 29.7797
137.0183 29.8368
135.8060 29.8082
136.3859 32.7574
131.3401 30.5557
137.2467 29.8387
134.7496 31.1796
131.3988 30.5838
130.2910 28.1561
137.1937 31.4333
136.0643 32.7082
135.9615 32.9710
135.5367 31.3780
137.7452 30.7342
136.6218 30.3290
137.0802 31.6962
131.9372 31.2511
133.1589 32.5109
135.4341 30.7026
137.7476 30.1679
131.1893 30.1229
132.5956 31.2676
137.7935 29.8818
135.7389 31.0528
136.9091 32.4514
137.6716 31.6757
129.7620 28.6288
136.9289 30.1214
136.6037 32.1037
136.6835 30.1066
137.9487 30.2373
136.1763 32.6315
137.8190 30.9862
132.1003 31.5487
131.4136 30.1155
137.4450 29.3322
137.5981 30.5646
131.3729 29.9868
137.9718 30.1540
137.6401 29.4089
135.8219 31.2146
133.8608 32.5266
137.1660 29.6338
129.0914 28.1291
138.6518 29.8742
136.5955 31.0072
135.1111 29.7974
137.7894 30.2062
137.5938 29.7578
131.9138 31.3792
137.4627 31.2186
137.5228 30.9428
137.9246 30.3552
131.6362 30.0895
137.0604 31.6308
137.3435 30.3570
135.5812 31.3637
137.9757 30.2932
133.3526 28.7489
137.6745 30.2442
133.6880 32.4501
135.9929 32.4264
133.8956 32.4475
137.4488 31.2726
135.6072 31.2380
137.3760 32.2143
134.7388 29.3376
137.4025 29.6692
136.6330 31.8469
137.0891 32.1648
137.2269 31.0077
134.8219 32.2364
138.0198 30.4553
137.5495 30.1579
131.5563 30.4154
131.6715 30.7191
137.8093 29.7878
128.6996 27.9969
137.6128 32.0634
137.6806 29.1439
136.9838 31.7841
136.2255 31.0741
131.4633 30.1042
134.7770 29.2294
131.5089 30.6952
137.2727 32.5296
131.6608 30.1201
135.4151 31.3958
136.5135 30.9525
132.1444 30.7947
136.7768 31.0249
137.2900 32.5300
136.3562 30.3315
137.3845 30.8028
137.9260 30.1922
131.6776 30.0768
131.6235 30.6135
137.9609 30.8589
137.7803 29.6640
137.7750 30.8135
137.8231 30.1081
137.0910 31.5543
137.2968 31.4253
137.0648 29.7404
136.0546 32.5796
137.5508 30.8723
138.7203 30.1069
131.2173 30.3927
136.9948 31.0571
131.1094 30.2338
135.3075 31.2609
137.8272 29.2944
136.8079 30.9358
136.5248 31.7543
136.4953 30.8056
131.8496 30.5784
137.2422 31.0532
135.8744 29.9373
138.4559 30.5401
136.4366 30.5785
135.5615 31.3487
136.0929 31.1219
135.2915 29.2060
136.0587 32.8897
136.2343 32.2501
138.1035 30.6865
137.2888 32.6923
138.5933 30.1211
137.9474 30.1560
136.4858 30.5539
137.9731 29.8984
135.4677 30.4340
137.3175 30.6108
134.9836 29.5680
134.8685 31.2715
131.7758 31.7090
131.5963 30.4339
137.1234 32.4133
131.3813 30.3691
137.4351 30.8480
132.0670 31.3062
137.6084 31.1880
137.1555 29.7528
131.4810 30.3220
136.6835 31.3541
135.4624 30.6273
135.9364 32.3831
137.8606 30.0725
135.0283 29.4969
137.2955 29.9265
137.4590 32.7214
137.0569 31.3197
131.4411 30.1143
137.5882 30.0035
136.4415 30.7016
135.1204 29.1543
134.8945 31.2108
136.1218 30.4602
129.7226 27.5028
137.7747 30.7715
132.3008 31.3981
137.2058 31.5088
136.8270 30.3551
137.0460 30.2727
137.5071 30.0587
132.2437 31.7604
137.1810 29.7373
135.4423 31.5154
137.8332 30.8298
137.3741 29.5475
137.2812 29.5734
137.7412 30.6319
132.1756 31.6197
134.7874 31.8002
138.0857 30.2728
136.0799 32.5924
135.6176 31.3575
137.2586 31.5102
128.9229 28.0544
135.2265 31.6393
131.5124 30.1236
137.7457 29.6805
136.4165 32.4197
136.5149 30.8715
129.3014 27.6430
136.9682 28.7384
137.0859 31.5115
136.4835 30.9244
135.2097 31.3315
137.0122 31.3716
136.8011 30.6787
137.6846 30.1272
137.1906 31.0404
137.3795 31.2958
137.8003 29.8074
137.9327 29.9613
137.6960 29.2657
135.9011 32.8620
136.6561 30.3275
137.5300 30.2826
136.1823 32.2344
131.4996 30.5464
137.2976 31.2331
128.3737 27.7703
132.5881 31.5443
132.2250 31.7113
137.8010 30.7114
131.7894 31.1289
137.3325 29.6425
130.8781 30.2174
131.2950 30.1401
137.8365 31.0010
137.7965 29.7888
136.5881 31.6365
137.8548 29.9693
136.7262 30.6831
137.6148 30.7678
134.3680 31.1929
130.1387 27.8667
137.2980 33.3494
137.2783 31.2326
131.1973 30.1095
137.2838 30.6060
138.0597 30.0325
136.8766 31.7511
135.8961 29.8121
136.5336 30.9344
135.7906 30.2330
134.9713 31.9019
137.5732 30.8235
135.0834 31.3549
137.1228 29.1143
137.8167 29.6202
136.9513 31.5292
135.2682 31.5311
137.3008 29.9549
136.6701 29.5802
136.5408 31.1974
131.6277 31.0414
135.1364 30.7675
135.4293 29.8253
137.4289 29.9531
136.8430 30.6276
138.0245 30.2583
135.4535 31.4388
135.8459 30.0258
136.9169 32.8579
137.6181 29.8710
131.4308 30.0996
136.9375 31.4461
136.9980 29.9466
131.9790 31.5817
129.1575 27.7703
137.5518 29.5620
136.5209 30.7744
137.3966 31.2125
132.9380 32.6316
131.6824 30.0484
136.1617 31.1448
137.0875 31.5890
136.5761 30.7273
137.8330 29.0393
132.7922 30.6795
138.0442 30.1420
137.9359 29.6957
131.8481 30.5311
131.8316 30.1387
137.6276 31.0732
128.8795 27.8681
131.4278 30.1473
136.6294 32.3086
133.6577 30.9623
137.4111 29.8662
134.0686 32.6329
131.4185 30.2511
135.6819 29.6390
137.2672 30.9966
135.4998 31.4361
137.1537 30.8911
136.0175 32.1711
137.2240 33.5110
137.9609 29.7790
137.8701 29.3246
131.5497 30.7209
131.2360 30.0000
131.3120 30.2144
137.8111 30.4462
137.6824 30.2119
137.1523 29.4877
131.5315 31.2775
135.4416 30.1192
136.3321 32.6237
137.1356 33.6043
135.1164 29.7394
138.4411 30.1526
133.6383 32.5148
136.5721 30.8205
131.5187 30.0101
136.7930 30.4524
134.6534 32.3888
137.4630 32.5459
135.9930 29.7361
137.7317 30.2784
137.6426 30.7026
134.8221 29.5065
136.6797 32.6318
128.8289 28.7660
136.4145 32.0061
135.3651 31.5070
137.0741 33.2627
136.4879 28.7551
136.9315 30.0928
137.9538 30.5082
136.7234 29.7159
135.1607 31.6440
137.0063 29.3673
137.4974 33.3014
132.2863 32.1745
137.3521 30.9377
136.6148 29.8618
131.8739 31.6106
136.8895 33.2483
135.7772 31.3635
135.6951 29.7468
137.4128 29.2944
136.9067 32.0664
137.5093 33.0133
137.3269 31.1523
137.2894 33.5329
135.1751 31.3510
137.0124 29.8698
128.5957 28.0842
131.4129 30.2341
137.8825 30.0260
136.8609 30.2324
135.5129 31.4534
136.7478 30.6323
136.4541 31.0412
137.2946 30.1807
137.3774 29.0063
137.6435 29.4043
137.6450 30.7042
137.1547 29.1672
131.4431 30.4855
135.4700 31.3547
137.1532 30.3220
135.8600 30.0364
135.5598 31.4658
136.3119 31.9454
135.5311 31.3528
137.6772 29.8540
134.9141 29.2881
136.9894 29.9620
128.5312 28.4984
137.0652 31.0839
136.3914 32.2182
131.3251 30.0752
131.5316 30.3315
136.7183 30.9914
136.2409 32.4712
137.1481 30.5302
136.3728 32.0650
137.3881 29.5360
129.1753 28.9039
136.9974 30.4175
138.1166 29.5710
137.8002 30.1614
137.6204 30.4334
136.2964 32.3593
137.7941 29.7254
136.5764 31.7558
138.0584 29.8053
131.6236 30.3874
136.5926 30.8176
131.8812 30.7600
132.1852 31.7782
135.4016 29.2431
136.8777 30.3044
131.4325 30.3004
129.8016 27.5521
135.6679 31.4073
138.0480 30.0743
137.7577 30.4404
136.6324 30.7058
137.2151 33.3023
135.5958 31.3318
136.5122 30.4858
135.6984 31.3313
136.7260 30.9756
135.7132 30.4036
137.8443 29.3778
137.6704 29.4439
137.5951 29.3795
129.3665 27.2691
131.1804 30.2218
133.0221 32.4375
136.4741 30.9782
136.3850 30.5140
136.6949 31.7489
137.7737 30.3559
136.2812 32.3282
137.8727 29.6802
131.2031 30.1408
138.2254 30.1717
131.3678 30.4672
135.3145 29.8141
135.9400 31.2420
131.2871 30.1676
131.5224 30.6353
133.5479 32.5161
136.3124 32.4325
137.4232 30.1545
131.4955 30.4224
132.6942 32.3817
136.9147 30.4543
131.3649 30.4818
132.1658 31.2468
131.3656 30.1417
137.4388 29.4261
137.3875 30.0197
136.0487 32.5958
131.9777 30.8099
129.1138 27.8498
138.0377 30.2415
131.8477 30.6671
136.8403 29.5409
137.7453 30.5047
137.2597 30.1898
137.1259 30.0929
131.2701 30.2815
134.8256 30.6924
137.8101 30.3856
136.6535 31.5883
137.2613 29.4762
137.1984 30.5605
137.4438 32.4836
134.9296 31.7179
131.2708 30.4008
135.1617 29.3298
136.1353 32.5875
136.6294 30.8614
136.3570 32.8426
137.6890 29.5355
137.0967 29.3456
136.5092 32.8414
135.4331 32.5584
135.7794 32.2326
136.0700 33.0102
136.6287 32.8057
136.6399 30.4824
132.3722 32.2296
136.7484 32.5949
136.6229 30.2756
137.0451 31.7517
137.7873 33.7459
129.0997 29.1728
135.2695 32.7293
136.8227 33.0104
137.1451 30.8574
136.9847 33.2900
136.3375 32.9758
136.6584 32.1686
136.5914 31.2212
136.1821 31.6065
135.7704 32.8596
134.0302 31.6209
137.4909 30.5350
136.5716 32.8384
132.4823 32.3439
137.1194 31.4099
136.6670 32.4306
137.0194 33.5523
136.7966 31.5530
128.6067 28.8161
136.6904 30.3396
129.4164 28.9365
136.6134 30.9886
136.9955 31.6672
136.7655 29.8298
135.8428 33.0647
137.0537 29.4680
136.5918 30.8206
136.4247 32.0409
137.7452 29.7509
135.6214 32.6266
136.9321 31.2375
137.0897 31.7689
136.1127 32.8576
136.6893 32.5814
136.6714 30.4554
137.2601 29.7689
129.2735 29.2901
137.4959 29.2768
137.5743 32.1040
137.0535 30.9802
129.5400 29.4093
136.6457 30.4829
135.9450 33.1433
136.2409 32.4545
136.7969 30.5103
132.0674 31.8646
135.5388 32.8909
135.6261 32.9193
137.5208 29.3596
136.5633 32.5214
129.1383 29.1804
137.6679 29.6348
137.6008 33.9856
135.8052 32.8769
136.6075 30.3623
136.9517 29.4819
137.8128 33.9327
137.0495 31.2977
131.9814 31.8074
136.4216 31.0905
136.2290 32.9491
137.0578 30.1040
136.8406 33.1274
128.8644 28.2178
136.4107 31.2563
137.5673 32.5342
136.6873 32.8970
137.2027 33.7131
135.6976 32.7693
137.5169 33.9338
137.2286 29.3266
137.1517 33.5946
137.1575 29.9023
137.4295 33.9232
136.6730 30.6035
135.7917 32.1064
136.6704 30.4693
137.6045 33.4637
136.6098 31.1216
136.2399 32.2069
136.9551 32.9134
135.9139 33.0583
137.1075 32.9208
136.5399 30.9649
135.9969 32.6667
136.2433 33.1676
137.2814 29.3774
136.9470 33.2009
136.5111 31.0518
135.9485 33.1218
137.1558 31.1839
136.8371 32.8004
136.5364 30.2072
136.1145 31.8480
135.3377 32.8929
136.3870 33.0041
135.9060 32.5214
137.6092 32.9188
136.9919 30.1313
136.6301 30.7814
136.8809 29.6770
137.3252 33.8556
136.7623 32.8116
135.8089 33.0592
136.2147 32.6812
136.7079 32.6232
135.6940 33.0231
135.8649 33.0906
136.8386 32.4257
135.8301 33.1337
131.6329 31.0828
136.5052 32.6893
136.7835 32.0822
136.2928 33.1088
135.9040 32.9950
137.6987 33.5340
137.6776 33.3432
135.5979 32.7560
136.5969 31.3627
136.0820 33.1587
136.4068 32.8650
136.2840 33.0108
135.9202 33.0594
136.1908 33.2234
136.0956 33.0215
131.7899 31.4140
136.5168 32.6463
137.1881 33.5143
137.2287 30.1136
136.4996 32.5989
136.8935 32.7845
136.9612 32.6139
137.3450 30.6994
136.1856 33.0987
136.8345 32.6135
137.5599 32.5979
135.6516 32.7567
129.1750 29.2293
136.5002 33.0457
136.8201 32.7037
136.7384 32.4233
136.9241 32.8841
136.1448 32.2640
135.7016 32.8623
137.1903 30.6901
136.4522 33.0130
136.4821 32.7568
135.8133 33.0363
136.8461 33.0838
136.5636 32.4835
136.3587 32.9479
135.2216 32.8958
137.1835 30.2489
136.6957 32.9326
136.9918 33.1756
136.5247 31.2703
136.7431 32.6657
136.1736 33.0310
135.7586 32.9844
136.8457 32.5425
135.5849 32.2497
135.7969 32.9965
132.1963 31.8853
136.7060 32.6017
137.0349 33.4979
136.3683 33.0904
136.0085 32.2715
136.3491 32.6757
136.7604 32.2161
135.4152 31.3517
136.6798 30.4617
131.6548 31.1480
135.8877 32.9113
136.9053 32.9719
135.3244 32.7623
135.9521 33.0446
137.1557 30.5561
136.6902 32.5141
136.7704 32.9918
136.7070 30.1549
135.2285 32.7746
136.6562 32.0972
136.3811 32.9792
136.4542 32.8184
136.0578 33.0701
136.6495 32.7407
135.5294 32.9724
136.7177 32.6331
135.5028 32.8859
136.5952 31.2285
136.2371 32.9637
137.2041 30.6494
129.6735 28.6611
128.8217 28.1214
137.2526 30.6878
137.2321 30.7908
129.6596 28.7139
136.4371 32.7052
135.7692 33.0724
136.2326 33.1481
136.5880 31.2589
136.8778 33.2355
136.2457 33.0378
136.0842 33.1194
136.5696 31.3655
136.9384 33.1939
132.5484 32.3410
135.4627 32.7473
136.8845 32.8442
137.0665 33.1227
135.8770 31.9146
136.5907 32.6359
135.4189 32.8244
136.3346 32.4190
129.1840 28.8663
135.4646 32.8558
131.9673 31.5557
135.4954 32.9083
136.4766 32.7390
136.1801 33.1047
135.8757 31.9687
136.3219 32.9403
136.2935 33.0166
136.3848 32.8811
136.7417 32.3582
135.6934 32.9288
137.3540 29.2503
135.8802 31.8710
135.1973 31.1817
137.1507 31.7704
137.5544 31.1836
136.6987 32.5118
131.8521 31.3759
136.8217 32.4047
135.9778 31.4253
136.9726 31.2365
137.5703 33.8980
136.4989 30.0678
137.0353 32.0742
136.5445 32.0166
135.7793 29.3796
135.1909 29.4279
134.2165 32.5841
128.3751 28.4812
135.8244 31.8623
135.4564 31.1041
128.7157 28.3221
129.4658 28.9813
129.4506 29.6195
138.5388 30.1158
136.4458 29.6455
137.1642 30.6984
133.9587 32.6214
137.1328 32.7616
136.9933 31.5455
131.7496 31.1515
135.0983 31.7158
136.9924 32.7193
137.7630 29.9310
129.2420 28.3792
135.4995 32.8694
136.6309 33.0488
131.0677 28.5408
135.7783 32.6012
136.2090 32.5389
137.7905 30.2183
136.4636 32.2291
136.4783 30.7981
135.9610 32.1818
137.3307 29.6486
131.2240 29.7765
137.1327 31.8342
136.8151 32.7528
136.2734 31.1135
133.3748 31.6738
136.1962 31.9436
126.8279 31.7017
129.8417 27.9258
136.7220 29.6323
129.0526 28.5478
136.1252 32.3074
137.2743 29.2266
137.6935 33.6906
137.3777 30.8602
136.1023 31.2494
137.0312 31.6453
137.9155 30.3867
137.3180 31.5010
137.7523 33.8327
136.0810 30.4220
137.1027 33.1762
136.7686 31.5746
131.5530 31.2062
135.9112 32.9347
135.0704 31.2115
137.4789 31.4683
134.7225 32.9757
136.4756 32.8297
132.9230 30.8138
137.3168 30.5419
137.0096 32.0119
137.0133 32.8117
136.6696 29.8632
137.7509 30.4581
136.8186 32.2606
135.6393 31.5392
136.5807 32.8565
136.3856 30.4321
137.0536 31.2575
136.2240 33.0851
132.1935 29.3406
137.7082 33.6887
131.6373 31.4483
136.2112 31.1044
135.2183 32.8360
135.1764 30.8813
131.1230 30.6295
135.5336 31.4907
136.1033 32.8835
129.9944 28.5031
135.6623 30.9251
137.6536 30.7729
135.8613 30.7604
135.6080 32.5656
129.3736 29.0761
135.8118 32.2047
136.5853 31.0245
137.2861 29.8460
137.1252 30.9241
135.4843 31.5449
138.4981 29.8364
136.5166 31.1963
129.8640 28.6192
136.1502 31.1871
135.7623 29.3971
136.2909 32.8911
136.6910 30.2407
132.2934 32.4373
135.4423 32.6618
136.0529 31.9351
137.3440 32.6384
137.0723 29.2276
137.0287 31.1490
133.6311 32.4611
137.7474 29.7568
129.4537 28.9301
136.7893 32.7464
137.2540 33.4349
135.8922 32.6630
137.2853 30.2837
134.9948 31.7847
135.4110 29.2104
137.9048 29.8941
136.6529 32.7541
137.0982 29.7301
136.4140 30.7715
137.9091 30.9216
138.6747 30.1601
136.1998 32.8396
131.4401 30.0359
135.6445 31.3165
137.3000 29.7659
134.0015 32.4059
136.2412 32.8480
132.3519 32.3339
132.5192 32.3107
135.8055 31.3031
137.5005 31.5449
131.5089 30.0819
137.0320 31.8357
136.0601 32.3252
137.9479 30.0728
136.6174 31.6352
137.9853 29.5964
128.8657 28.0635
136.7027 31.2843
137.1129 30.9581
135.4265 30.3646
137.2556 30.2215
135.7165 29.8928
136.8462 30.3020
136.0063 32.4853
137.7609 33.7700
135.8072 33.0088
137.7509 30.1859
137.3849 32.5320
137.5116 29.6173
137.3746 29.4005
131.3577 30.2867
136.7156 32.6169
137.7767 30.3362
136.2748 32.9096
137.3183 32.8150
136.7204 32.5468
137.0711 33.0083
136.3875 30.1554
136.6272 31.0863
136.7638 30.5070
135.0494 31.4886
136.5576 30.3887
137.3103 33.8771
136.1205 32.7223
136.4856 31.5719
131.5079 30.7475
136.1005 32.3026
128.8196 28.1815
134.7112 30.9246
136.5254 30.8411
135.7825 29.6259
131.4002 30.3762
137.3839 29.0837
136.9721 31.1628
136.7332 32.9298
138.1394 30.1487
137.5279 30.7768
136.4876 32.4719
137.7236 31.7468
136.2242 32.0208
129.1028 28.9181
136.6438 32.2447
137.3987 30.4813
135.2567 31.8004
137.3973 29.7685
137.7128 29.7277
137.0520 30.3338
135.3285 30.4276
135.3751 30.4199
136.7930 30.5564
137.7000 29.6029
131.3504 30.3435
131.9445 31.6405
137.3126 30.2679
137.4547 29.7890
136.7449 30.6034
138.6870 29.8825
137.3577 31.2858
137.6277 30.2765
135.4597 30.0429
136.5826 32.3674
129.0653 29.0884
136.9657 33.2293
137.1513 30.9802
132.6162 32.3782
131.3282 30.2210
138.0750 29.8651
135.7418 32.8296
135.7118 30.0691
136.2390 31.1440
137.2362 31.4765
136.6212 31.2341
137.8031 29.8009
135.0771 31.5038
137.0532 29.7932
136.4149 32.6642
136.5220 32.7132
136.1633 32.7023
135.8992 29.5804
136.4179 31.9359
135.7421 31.2896
131.4818 30.1206
136.2898 32.8922
135.6895 31.3325
136.8477 30.2977
136.9805 30.8300
137.7447 29.7607
137.5427 30.1168
136.2671 32.2097
133.8484 32.4857
137.4230 33.1625
131.5015 30.2597
136.8710 32.7989
130.3304 27.9264
137.6886 30.1358
136.2699 32.2710
137.4402 33.5366
136.9873 32.9079
136.6946 32.5144
135.6921 30.3464
135.4887 30.6622
137.0192 29.3035
131.6568 30.5516
134.9261 30.8095
137.1816 29.5480
137.3430 30.2105
131.3282 30.1787
137.5381 29.8103
136.6560 31.6857
136.3520 32.3609
137.7850 29.2092
131.6727 30.2882
136.2692 32.2715
137.1888 30.5288
137.4833 30.7832
137.6476 30.9174
137.1465 30.3678
136.0009 31.2388
128.9525 27.9625
136.8059 30.3154
137.4711 29.5856
132.2719 31.7330
137.2149 33.4651
137.7201 29.9504
137.5230 32.2677
136.5145 30.8883
131.3388 30.2106
131.3454 30.5576
136.2839 32.2763
136.7311 30.7014
137.8042 29.8946
137.8119 29.8944
137.5730 29.3081
136.3511 30.3011
131.6539 30.4412
136.2944 31.0402
136.4293 32.1356
137.0828 32.1808
136.2635 32.6992
131.3508 30.1014
137.0260 30.2567
135.8450 31.2531
132.0109 30.8332
136.2186 32.9228
129.6816 28.6967
135.3741 30.6261
136.9404 30.0260
136.3050 32.2106
135.2035 31.3490
136.4591 30.9496
134.5665 31.3661
137.4910 33.7724
137.9809 30.1804
136.7565 30.6293
134.7950 30.8148
137.1075 29.7422
128.8235 28.0089
131.6386 30.4383
128.8825 28.1314
137.6417 29.6336
137.0110 29.9512
138.0342 30.2298
136.6864 31.3683
135.1153 31.5792
136.7908 31.4491
136.5955 30.5355
136.2008 32.2994
136.1691 30.4171
136.5095 31.9930
135.6140 30.3963
136.2383 32.2121
132.1758 31.5174
137.7424 31.0550
137.2836 29.4686
137.4774 29.5252
128.9691 27.9499
137.9019 30.3211
137.7780 30.0633
129.8438 27.6083
138.0511 29.8215
137.2392 30.0238
137.2897 31.2583
137.4252 30.3853
136.0545 31.2303
137.4165 30.0431
138.7670 29.8601
137.6059 30.0504
134.8644 32.0009
131.9545 31.5857
137.6064 29.6371
137.8177 30.2165
137.4603 30.0365
137.2167 31.0226
135.0527 31.3302
137.3884 30.2106
128.9299 28.8436
135.2857 30.7235
136.6626 31.5175
137.8811 31.0669
136.5302 32.0361
135.0036 29.2836
134.8201 29.1791
136.0703 32.1498
131.7676 30.7347
128.7539 28.7901
136.3110 31.0414
136.4852 30.9241
135.7411 30.1228
137.7452 30.0452
131.1409 30.0131
138.2372 29.6700
132.1201 31.6653
137.2405 30.5519
129.1501 27.7546
136.5918 30.8722
134.8226 31.7695
129.0919 28.0061
136.9875 32.8573
136.7888 32.9047
136.6666 30.4892
129.0383 28.1506
137.9685 29.6651
136.0708 31.1613
138.0360 29.9611
131.8611 31.2592
136.5413 32.2984
128.8668 28.8134
137.5283 32.6764
135.2116 30.9702
135.9436 31.1504
131.6207 30.9961
136.6527 30.7509
136.3314 32.6514
136.1476 32.3445
136.0571 32.6404
136.8189 31.8489
136.6668 32.1013
136.9797 31.3691
136.0246 32.6058
135.6397 31.2530
136.6340 32.3665
136.7884 30.4417
135.0703 30.8030
135.8082 29.7492
135.9633 30.0138
133.3270 32.6440
136.2126 32.9689
128.7694 28.3152
135.9592 32.7675
131.4805 30.7021
128.8406 28.2540
132.3358 31.9738
136.1901 32.5806
136.6563 30.6610
136.2081 31.0535
137.3097 33.7186
132.7505 29.2469
131.4542 30.4384
136.1301 31.1370
135.5653 32.7536
132.3651 32.1562
135.9953 32.9341
136.9861 32.7398
137.0092 31.4278
136.5083 32.5040
136.5258 31.8758
129.4817 28.9520
132.4339 32.3229
136.8039 31.4921
128.9020 28.8189
136.4689 32.4848
136.6452 30.9569
135.9400 32.8512
136.2426 32.7223
129.2234 27.8932
137.1809 30.5304
133.3095 32.5182
136.8459 32.5730
131.4170 30.3820
135.1176 31.9654
137.2726 29.5519
137.8650 29.8008
131.7857 31.0246
134.7931 31.1520
128.8542 28.1833
136.7163 32.7675
131.5930 30.7174
137.4063 32.9857
129.1856 28.8604
133.5711 29.6792
135.9351 31.3109
137.7020 29.4134
135.7833 31.2622
136.6528 32.3587
137.3096 30.5179
136.1851 31.1523
136.4590 32.3713
131.9657 31.8979
131.6237 31.1323
136.6384 30.8873
135.8935 32.9903
135.4235 31.7408
136.6059 31.0838
137.7376 33.5587
136.6769 30.2485
135.9450 32.7365
136.6209 31.0920
132.3593 32.2197
137.3826 30.0228
135.8331 29.6413
131.6367 30.7662
137.7956 29.8246
136.0348 31.2424
136.6476 31.0554
136.7733 30.5367
136.3629 32.9059
133.4310 32.4307
136.6142 31.0248
135.9959 33.0594
136.7368 32.7028
136.8358 30.9618
137.0552 29.8994
137.5011 30.7956
132.1626 32.3047
136.2421 31.0997
135.7198 32.6877
135.9264 32.6472
131.3537 30.1789
136.5765 32.6400
133.0769 32.4414
131.3341 30.3731
131.4237 30.1679
135.3695 30.8310
135.4524 29.7250
135.2917 31.7693
131.5462 30.8773
136.6073 32.4921
136.4905 32.6446
131.5440 30.6006
136.6904 30.6738
135.9158 32.4529
136.8503 30.0693
136.6799 30.8415
135.3433 32.7669
135.6421 33.2634
135.3869 32.6903
136.6124 31.0951
136.5176 32.7147
137.1446 30.4638
136.0245 33.2486
136.6843 30.8910
136.0223 33.3194
136.5540 31.3619
136.5130 31.3326
136.5180 31.6807
136.7761 32.6084
136.5981 31.3784
136.8223 33.1317
136.5420 31.5897
137.6253 32.9904
136.6111 31.2752
135.5325 32.3770
136.6530 31.2366
136.6454 32.8805
136.7117 30.5209
136.3465 32.9128
137.2169 30.3091
135.7583 32.6265
137.0159 30.1690
136.5366 31.3458
135.2071 33.1565
136.5685 31.3816
135.7834 33.1699
136.2879 33.3153
136.5705 31.3971
135.6440 32.6066
136.7043 32.6218
136.4399 31.3823
136.7064 32.4283
137.0494 30.3167
136.7551 30.2152
136.0620 33.0435
136.1474 32.3569
137.6305 31.9992
135.9453 32.3668
137.2909 30.4264
136.9453 30.3264
136.4948 33.3764
137.2564 30.4183
136.5161 31.5198
136.6606 30.9962
137.3221 30.4855
136.6306 31.1934
136.4593 31.3288
136.5059 31.3973
136.3896 33.0720
137.1996 30.6188
137.2082 29.9554
136.0635 33.0259
136.6924 32.6116
136.9680 30.5462
137.1553 30.7524
137.1954 30.2321
137.2056 33.7192
136.5243 31.4387
135.3099 32.4787
136.0375 33.0484
136.8395 30.1178
136.9513 32.9674
136.4193 31.4948
137.3569 30.2134
137.5064 30.2501
135.1687 33.0203
135.4496 32.3407
136.8084 30.7886
136.5962 31.1963
135.5749 32.3961
136.6395 31.2520
136.7282 32.9600
137.3109 29.8938
135.4269 32.3799
136.5128 31.3138
136.5495 31.4722
136.0457 33.0884
136.8594 30.7826
136.4641 31.4835
136.5555 31.9548
137.0307 30.4670
136.4522 32.7971
135.9609 32.2011
135.7970 33.0065
136.4816 31.4926
136.3594 33.4069
136.4496 31.3461
135.9217 33.1438
136.8082 33.1868
136.6497 31.2755
136.9308 33.3538
136.3368 32.9564
137.2010 29.9827
136.8906 32.8330
137.2544 30.3083
137.1295 33.6154
136.5813 31.4974
137.1723 33.5649
136.5437 31.4743
136.3696 31.4361
136.6515 31.3496
135.5040 32.4238
136.6612 31.1047
135.9586 32.6672
136.2169 33.0318
136.2980 32.7876
137.1375 33.6490
135.8279 32.1824
135.4142 32.3782
136.7847 32.6337
135.5395 32.3139
136.9165 33.3519
136.6540 31.0453
135.7514 32.0895
136.9866 33.4285
135.9147 32.5765
137.2586 30.2156
136.7938 32.5975
137.1805 33.5013
136.4568 31.4320
136.5659 32.6335
136.4979 31.3706
136.5884 31.2214
137.2651 29.9205
137.1401 29.6292
136.5012 31.3405
137.0813 30.2412
137.1803 30.5615
137.1378 29.6126
136.3490 32.8597
135.9903 33.1123
135.5151 32.3890
135.3400 33.0880
136.3931 31.3994
136.9512 32.9738
136.1569 32.4028
136.5067 32.8996
136.6357 31.2739
136.0338 32.8746
136.8318 30.8393
137.8549 33.8691
136.4940 31.4440
135.4865 32.4877
136.2543 32.4640
135.5635 32.5039
135.4788 33.2556
137.0360 29.7710
135.9821 32.4491
136.4278 33.0999
135.5205 32.3198
137.1347 33.6314
136.8235 30.1017
137.2428 30.4356
137.0947 30.5111
136.6593 31.1519
130.7940 30.0747
136.8436 32.8029
136.6316 31.3573
136.5381 31.5892
136.5726 32.6108
136.6566 32.8686
136.6525 31.2558
136.8814 30.8562
136.8223 30.0310
137.0950 33.4434
136.1240 33.4928
136.7262 32.9293
135.3083 32.6257
137.1776 29.7605
136.6768 30.8954
136.5277 33.5669
136.6157 31.2273
136.7889 32.7174
135.8676 32.9378
136.8296 32.9514
135.5346 32.5973
136.7365 30.3015
135.5358 32.4002
135.2131 32.6107
136.5833 31.4485
136.9329 30.4740
135.5609 32.2060
135.5618 32.2602
136.7649 30.1923
137.2795 29.8203
136.8833 32.7998
136.5318 32.5573
135.3141 33.0346
136.5192 31.4923
136.7424 32.8898
135.7483 32.7479
136.0968 33.0475
135.5879 32.3816
136.5066 31.3337
137.0843 33.2085
136.8288 30.1541
136.4684 32.8658
136.8831 33.1251
135.6587 32.2250
136.7153 30.3402
135.4645 33.1803
135.7874 32.2409
135.9312 32.6939
136.3666 32.6947
136.1479 33.0618
136.0131 32.7423
137.2474 30.5749
136.4173 32.8272
136.4928 31.2756
137.1041 33.3459
136.5645 31.3593
136.7539 32.8205
135.4496 32.6164
136.5347 32.8809
137.0875 30.4981
135.5698 32.4972
136.6104 32.5450
136.4030 31.4224
135.5905 32.5211
136.5486 33.6079
136.7139 30.5061
137.2891 29.9117
137.4530 29.8136
135.4847 32.4868
136.5972 31.4142
136.4431 31.3399
135.4418 33.2340
137.0349 30.3942
137.0004 33.0767
136.5912 32.9035
136.4978 32.3009
136.5255 31.4468
135.4953 32.2895
135.6488 32.1747
136.3833 31.3494
137.1630 30.6674
137.1188 30.7530
136.5755 31.4061
137.1649 30.3582
136.5807 31.2824
136.3824 32.8562
136.4716 31.2992
135.8042 31.9867
137.4613 30.5527
136.4956 32.6129
136.5098 31.3406
137.1323 30.5963
136.1740 33.1796
135.6548 32.6184
137.2412 30.3613
137.1642 30.3134
137.1943 30.0955
136.9370 33.0513
135.3511 33.0436
136.4057 33.0831
137.1317 30.5318
137.2172 30.4280
136.5265 31.3012
136.1908 33.1605
136.5565 31.9975
135.5223 32.4172
136.5425 31.3320
136.5482 31.4247
136.2260 32.5694
137.1126 33.4578
136.7595 32.5595
136.6010 31.2945
136.9839 33.3412
137.2909 29.5040
135.8200 32.1765
135.2505 32.5562
137.3997 30.2958
137.1288 30.5174
136.1866 32.6711
135.8061 32.9292
136.5867 31.2133
137.1640 33.4269
135.8086 32.3437
136.8504 32.7073
136.7275 32.4773
137.2244 29.4960
137.2729 30.5365
137.0790 33.3596
136.6110 31.2982
135.4885 33.0433
136.5304 31.5256
136.5729 31.5166
136.5532 31.4183
136.9661 33.0087
135.5829 32.4670
136.5143 31.4026
135.8789 33.1413
135.5287 33.0795
136.6801 30.9586
136.5803 31.3651
137.0653 33.4457
137.4173 30.5391
137.1645 30.5910
137.1147 29.6420
137.4418 30.3844
136.7194 30.4426
135.5122 32.3768
135.8776 32.7765
136.6021 31.4954
136.5219 31.5087
135.6588 32.2486
136.4399 31.3899
136.0012 32.2796
137.2911 30.7144
137.3481 30.2606
135.7737 32.9142
136.7720 32.6366
136.4870 32.0409
135.7356 32.0802
136.4823 31.4462
137.0800 29.6800
136.5306 32.9992
137.1469 29.6099
137.2757 30.1358
136.6029 31.1859
136.5713 31.4602
136.2489 33.2197
136.6499 31.2610
135.9599 32.2525
136.4144 31.2927
135.5943 32.3730
135.4475 33.1457
137.1962 30.4431
135.9224 32.2457
135.9185 32.9638
135.8481 32.9584
136.8943 32.8883
137.2042 30.6336
136.5352 31.3491
137.1508 29.8100
135.5405 32.9745
135.8092 32.0474
136.5561 31.4145
137.2009 30.5692
137.4492 30.2501
137.0699 29.6716
135.6316 32.5412
136.5594 31.4170
135.7843 32.8028
137.5453 29.9073
136.8723 30.4889
128.5428 28.5293
136.4135 33.4379
136.3638 30.7998
137.3519 31.4366
132.7740 30.5408
136.6326 28.7832
136.8501 32.3005
129.0713 29.2418
136.8139 29.7264
137.3289 33.8998
137.7056 31.1244
134.2430 32.1152
136.4179 31.1646
128.8544 28.1990
135.9756 32.6958
137.2123 31.4504
136.6468 32.4519
135.1707 31.5412
135.9465 31.5516
131.8092 30.7633
136.0958 32.2644
138.0939 30.4469
137.2166 31.5768
135.7597 31.5296
131.3002 30.1275
132.3587 31.1954
131.2679 29.6055
135.8764 31.2453
133.3779 28.9759
131.8568 30.6038
131.0824 30.3408
131.9022 30.0422
134.9385 31.6761
136.9739 33.1531
135.8275 29.6702
136.0764 31.1393
136.4638 30.6988
136.3452 31.6557
138.0557 30.1660
133.9831 32.5552
137.6207 29.9909
131.2384 31.0268
137.9563 29.4100
136.9004 30.1351
136.5474 31.8840
137.1801 32.5626
128.5771 28.0803
137.2605 32.5082
137.3548 30.2079
137.7773 30.5344
137.1199 33.2767
137.1397 29.2554
135.4864 32.4717
132.1345 32.3238
137.4987 30.5500
136.8056 30.8588
128.0844 30.6245
136.9342 33.4826
137.6975 33.5680
136.2975 29.3992
138.0999 30.1745
129.1870 28.8624
135.6533 31.0455
137.5610 30.7469
136.9594 29.5070
138.0062 30.2977
136.6389 30.3353
138.4763 30.1174
137.5696 31.3480
136.8353 29.7918
136.6030 30.6225
136.1802 32.9048
132.0994 31.2516
136.9598 33.5632
136.7831 29.9754
137.2106 28.8531
134.6075 29.2713
137.6566 29.4554
130.8275 29.6324
135.8326 30.2403
136.8361 32.9447
135.6570 32.6285
131.4132 30.3433
137.5194 33.8673
137.1475 29.3447
135.8499 30.5569
136.0654 32.5628
135.7595 31.2204
137.8040 29.5691
136.7924 30.6522
135.7050 29.9028
137.3878 31.6485
129.4653 29.1834
128.8744 28.0649
137.8322 29.9784
135.7394 30.8880
137.6200 29.1520
131.6344 31.4434
137.5868 30.5304
132.1267 31.8814
135.0773 33.2343
129.2714 29.1790
136.5049 30.5196
131.2323 31.1071
136.0026 31.7144
136.8152 32.6401
132.4927 32.3082
128.8853 28.4483
137.1372 31.4399
131.8458 30.8540
131.3311 30.6670
137.9740 29.6670
137.1019 30.3620
129.0392 27.8490
137.7244 30.7837
136.5865 31.0786
131.1336 28.7143
135.7839 30.1856
137.1244 29.3015
132.3422 32.1562
137.7897 30.8451
131.2702 30.4722
136.8453 31.5563
137.2846 31.6960
137.3063 31.2430
136.2285 32.3371
137.3779 30.2780
135.3976 31.5242
131.8075 30.9003
137.4465 31.3480
136.8327 31.3665
137.0852 30.4251
137.5157 30.9438
130.9400 28.4563
135.5769 30.6852
137.1475 31.5792
133.0672 32.5969
135.5521 31.4125
137.2120 29.7530
137.9574 30.4635
128.6458 28.1232
134.9397 31.1600
137.0043 31.6669
136.1040 32.6730
135.1945 31.2618
129.2507 28.7433
138.0480 29.6928
136.1527 32.4512
135.7408 31.3822
131.7977 31.4677
133.0241 32.2836
136.6615 30.8132
137.9508 30.7004
131.3833 29.9837
129.0854 29.4667
137.2771 29.3802
137.1604 29.7346
131.8047 30.6004
133.7685 32.6639
135.8740 31.1743
137.2452 30.1427
132.0939 31.1872
128.6637 28.8168
136.5529 30.9887
133.5013 31.8366
137.7196 29.2321
129.2816 28.8245
136.8052 30.5335
136.5084 30.0154
131.3320 30.3797
136.6146 30.9234
138.0607 29.6922
138.3427 29.5497
137.5312 31.0444
136.4915 30.8446
137.1255 30.5618
136.2350 31.1263
136.8285 29.5641
136.5857 30.7887
136.2734 32.7458
133.7202 31.3170
135.7862 31.2833
137.2851 31.7131
135.8513 31.3784
136.3693 30.8411
131.6728 31.4391
135.8129 31.1984
136.4557 32.0066
137.1013 29.8651
137.2042 30.7137
137.0187 30.1399
136.4671 30.7312
135.3260 31.0908
128.5315 28.2509
137.1694 30.8882
137.2895 31.6419
131.2950 30.3466
137.6696 30.5134
128.8439 28.8222
134.7501 32.3219
135.7713 30.3820
137.1018 31.9592
136.5867 31.1815
136.0675 31.5672
135.4109 31.4572
136.3914 32.5614
135.6402 31.1298
136.7660 30.5352
128.6594 28.8302
136.6284 30.4958
136.2400 30.5561
136.2994 32.4951
129.6312 27.6555
131.1914 30.5862
135.8851 32.7806
131.6493 30.7545
136.6335 32.0406
137.6381 30.4463
136.6660 32.5486
136.8663 31.0560
132.2224 31.8710
129.3307 29.4466
137.1392 30.7511
137.5612 31.6548
136.8192 30.8585
136.5872 31.1339
137.2189 30.1794
131.6724 30.8305
136.7205 33.0358
136.8497 33.0427
137.5450 30.9445
129.0513 27.9932
137.3758 30.7943
136.6380 30.2413
135.8074 31.9894
136.9721 29.4395
128.9612 29.2831
129.3271 28.9452
134.1038 32.3291
136.2233 32.2256
136.8029 32.8983
137.4231 31.0492
136.4075 31.1084
136.1905 31.0476
135.9808 31.1333
135.5087 32.9818
137.6377 33.5435
137.2539 29.2206
137.6918 33.8334
136.3900 31.0153
137.8297 30.5079
135.6830 32.1457
133.3186 32.6282
136.8158 32.5350
136.9604 32.7094
133.8618 32.6676
135.7363 31.2503
136.0723 29.4456
136.6995 32.5717
136.6134 30.4373
137.0153 29.3702
135.5255 32.9398
132.6161 32.4189
136.2262 32.8820
131.9462 31.7013
136.1389 32.3998
137.0101 31.9174
137.6864 30.5850
136.8890 31.6623
137.0027 31.8205
136.4137 30.8920
136.5452 30.2037
136.5508 30.8643
133.5827 32.5923
132.1753 30.3407
136.7912 30.1084
137.1518 29.3837
137.6569 30.6020
137.9190 29.7035
137.1828 31.5630
131.6775 30.7685
136.6595 31.0639
128.9815 28.0393
135.1938 31.7921
137.3110 30.7354
132.0932 31.5901
137.1130 30.4323
137.2222 29.7441
128.5164 28.2917
129.9164 27.7663
128.2885 28.4627
136.6472 30.2091
135.9369 31.1427
136.8822 31.5134
136.9744 29.4237
135.3255 32.6305
129.5745 30.7997
128.9532 28.7763
136.4381 32.7512
129.8204 27.6967
137.7837 30.5031
136.5311 30.2533
135.7698 32.5127
136.9581 30.4360
137.0432 33.4121
133.6954 32.4998
131.5037 30.6253
135.7457 32.5906
136.3064 29.5396
132.3262 29.4133
137.9816 30.5087
136.4634 32.1546
136.3380 31.2442
137.3484 33.1240
136.4190 30.3082
136.3997 31.6198
135.7698 32.6045
136.7839 29.7264
135.8280 31.2537
137.2045 30.8246
129.5546 30.7716
131.4535 30.6571
136.4807 32.5168
129.6729 27.7559
131.4250 30.1046
129.9839 27.9120
136.5212 30.8487
136.9318 30.5097
129.3213 28.7392
136.7821 32.8906
137.0536 33.4273
136.6980 33.1298
135.2453 31.5173
136.4040 32.5631
136.5564 31.2325
137.1023 33.5092
135.8982 33.0378
135.7292 32.9830
137.1098 30.8647
136.1129 33.0828
135.2929 32.8063
136.2271 32.1619
136.4917 31.3300
137.0777 30.8951
137.6734 30.3885
136.9351 33.3468
136.4872 32.3968
137.0691 33.0910
136.9623 32.9268
135.9404 33.2191
136.7514 30.9740
136.3549 32.9468
135.9672 31.8572
136.9102 32.9120
136.9810 33.0249
136.3395 33.1209
137.5904 30.4871
135.5372 32.9744
135.9888 31.8383
136.6789 32.4846
136.3208 33.0195
137.1087 33.3392
135.6128 32.7227
136.3535 32.9947
137.2942 30.7348
136.5990 32.7128
136.7705 32.7174
136.6316 31.2161
137.6723 33.1888
136.6166 32.4869
136.9373 32.8253
136.2498 33.0725
135.5589 32.8924
136.6866 32.6700
136.6890 32.7365
137.0006 33.0237
136.7196 32.9170
128.6212 28.2640
136.5646 32.6310
136.3290 33.0750
136.3249 32.9314
137.3130 33.9125
135.6125 32.7561
136.5970 32.4295
137.5618 30.2714
136.6167 32.5063
136.6112 31.4266
136.3827 33.0675
135.9352 32.2348
136.7830 32.7491
136.6184 32.8495
136.4185 32.7939
136.3028 33.1110
136.6515 31.6638
135.4829 32.8196
136.6936 32.7078
137.1653 33.6140
136.3629 32.5528
136.3966 32.7547
136.5661 32.6189
137.7496 33.9458
137.3374 30.6190
136.7805 32.3684
136.6775 32.3489
135.3223 32.9305
135.9205 33.0597
135.7223 32.0803
136.6903 32.4974
135.7470 33.0541
136.7692 32.5863
136.5607 32.6849
136.9329 32.9086
137.0342 33.4790
137.0835 30.7779
136.5164 32.4117
135.6840 32.7370
135.5717 33.0602
136.0961 33.1200
136.6246 31.2916
136.6724 32.7885
136.0377 33.0708
136.3390 33.2414
135.7615 32.0976
136.4917 32.7036
133.8167 32.3252
136.1238 33.1421
136.4857 32.0012
136.5277 32.8647
136.5812 32.4529
135.8047 33.0719
136.2704 33.0358
136.7998 32.8845
136.7534 32.7930
136.8311 32.6396
136.1609 32.8499
137.7109 33.9807
135.3341 32.7240
136.9161 29.8423
136.2928 32.9462
136.5211 32.9965
137.1338 29.5477
135.8880 33.0287
136.5421 32.9385
135.6118 32.5619
136.5862 32.9094
136.1018 33.0163
137.4629 29.7569
135.7605 33.1273
136.5829 31.3445
135.8040 33.0444
136.3472 32.8966
136.5322 31.2798
136.6104 31.1443
136.6459 31.1333
133.1395 32.5371
136.9727 33.0590
135.4257 32.7784
136.8810 29.8249
136.6504 32.6190
137.4904 30.6268
136.9755 32.9179
135.4848 32.8640
136.0370 33.1425
130.2027 27.5401
135.6927 29.8412
138.2550 30.7012
135.7183 30.1518
134.8242 32.0166
128.2954 27.8817
129.4692 27.7076
131.9383 31.3217
136.7399 32.3585
136.7939 30.3740
136.6543 30.7611
135.6573 30.3106
137.3297 29.8800
138.1013 30.2153
137.6789 29.7933
135.5961 30.4719
137.6460 31.9599
135.4478 30.5626
134.8879 32.2795
137.5175 32.7483
137.2692 31.2468
135.4231 29.8454
137.0726 29.8597
131.5471 30.7624
137.4391 29.6619
131.3860 30.4390
137.5520 32.7757
136.7231 30.7279
136.3802 32.7427
137.6045 31.8046
137.1802 29.6768
137.2194 30.6571
135.7884 31.2869
131.4798 31.0227
137.6296 29.2856
131.2848 30.1791
137.0239 29.2695
137.6372 30.1584
135.8401 29.5268
135.0045 31.2997
128.5070 27.9782
131.6134 30.8809
136.6854 31.8411
132.8091 30.5336
137.2506 32.6405
137.8103 30.7060
135.6937 30.3281
137.4574 31.2315
136.4610 32.0093
137.6500 29.4259
134.8272 32.1719
136.9699 31.1555
137.3154 31.3380
136.7767 30.4188
136.7130 31.2405
137.3914 29.6015
137.2455 29.8813
137.5180 32.5940
137.7063 31.7921
136.4798 30.9965
137.6296 33.9060
136.0324 32.9652
135.5060 30.0893
137.4888 29.5926
135.1554 31.2175
137.4313 29.6442
136.7691 30.5218
133.9784 32.6735
137.6581 30.2486
137.7101 30.9427
137.2639 29.6043
131.4559 30.4950
137.4559 29.6153
137.8212 30.6710
131.5007 30.9240
136.9459 32.2352
137.5668 29.6296
137.4879 29.8396
137.7659 31.1428
136.9529 31.2173
137.9576 29.5434
137.3970 29.6006
137.1836 29.6447
137.9175 30.1919
136.8374 31.9188
136.7018 31.1608
137.6425 30.5179
136.4727 32.5479
136.6055 32.6991
137.4954 32.2057
137.3738 29.6096
137.4045 29.6110
135.4678 31.3536
137.0739 29.2368
131.2727 30.2144
136.4789 32.0785
136.2243 30.6347
135.7848 30.1491
137.3008 33.0120
137.4920 31.5104
137.8022 30.2743
137.4090 29.5725
130.2365 27.9914
137.2421 29.6151
135.0963 29.2698
135.3268 30.7840
131.2919 30.3765
131.9987 31.3852
135.0111 29.2179
135.8285 32.2319
137.1280 29.8493
136.2199 33.4815
137.3842 29.9904
137.4064 30.5421
135.5722 33.0323
137.4840 29.9297
137.6470 30.4109
137.3766 29.3909
135.5630 32.7972
137.2506 33.5106
137.4268 30.0313
135.9052 32.4788
136.6810 30.5511
137.1664 33.6482
137.5148 29.6051
137.1328 30.3694
135.7285 32.3926
137.2006 29.4642
136.6747 30.7620
136.7908 32.5701
135.6747 32.2093
137.0418 29.6289
136.4722 32.7108
137.2220 30.3246
136.9749 31.0160
136.9113 32.5584
136.9968 30.9238
137.3293 33.8192
136.4956 32.4483
136.7380 32.3268
137.2294 30.7479
137.3780 28.8922
137.3400 30.2816
136.7767 32.7943
137.5108 30.4645
136.2039 32.6879
137.4453 30.1629
136.1208 32.9891
137.2886 30.6934
136.0821 32.5704
137.1856 30.3025
135.8931 32.5675
137.2081 29.4732
136.2101 32.9876
137.2606 30.2672
137.3646 33.8504
136.6718 32.8896
137.1026 29.5399
135.7101 32.2606
137.6117 30.2084
135.9346 32.1106
136.2737 33.1688
136.5315 32.4366
137.4088 30.3628
136.7948 31.6603
137.1051 30.2874
137.2503 33.8139
137.6466 30.3523
136.1224 32.5099
135.9921 32.8447
136.7648 33.0088
137.4445 29.6205
136.6053 32.8899
137.5502 29.7762
137.2142 30.2355
137.3894 29.4293
137.2070 30.2808
136.7385 32.7387
137.4144 29.4435
136.8973 33.1379
137.4730 29.4687
136.2071 32.3137
137.4309 30.3701
137.4706 29.4797
136.9056 29.7838
136.5097 32.9553
137.5789 30.0696
137.4805 29.4470
136.5930 32.3094
137.4996 30.2896
135.4873 32.4546
137.0145 30.5312
136.9955 29.6949
135.6310 33.0754
137.3705 30.4156
137.3781 29.9728
137.2165 29.4700
137.2319 30.6671
136.6521 32.8096
137.2152 30.3325
135.7852 32.7423
137.5705 30.3119
137.4208 33.8522
137.5025 30.4290
137.2659 30.3046
137.4774 29.4890
136.2637 32.7415
137.6454 30.3487
135.4843 32.6311
136.6573 30.9462
135.6739 32.9119
137.4377 29.9165
137.3460 30.2294
136.6631 32.7991
137.3514 30.2492
135.6813 32.3190
137.4436 30.3524
136.4855 32.7855
137.1120 29.5022
136.8299 32.8205
135.7507 32.6118
137.4070 30.3918
137.3859 30.2437
135.9389 32.2554
137.3925 30.5272
136.0595 32.7585
137.2400 30.6225
137.0845 33.4615
137.5380 30.4139
137.0936 33.4450
137.5762 30.4622
135.7554 32.6428
137.1976 30.4621
136.8548 32.8581
136.4857 33.3305
137.2533 30.5282
137.0524 30.6094
137.2612 33.7874
137.1740 30.3830
136.7978 32.4570
135.5753 32.7891
137.2643 29.4366
136.9949 32.8714
137.6007 30.3164
136.3617 33.0692
136.1579 32.8324
136.5797 32.8893
137.3724 33.9141
137.4700 30.1548
136.1659 33.2985
137.4398 30.1176
137.4273 33.8536
137.1682 30.1900
137.5026 30.5471
137.2340 33.8057
137.4255 30.4108
136.5968 32.3233
137.3361 29.7138
135.9633 32.8410
137.4844 30.3663
135.6352 32.5204
137.5030 30.4393
137.4895 31.8759
136.9763 30.1695
136.4810 32.0889
136.2287 32.2921
127.8363 27.6086
136.5985 31.5194
137.2526 32.1061
137.9283 29.2502
137.4644 29.6457
136.9278 30.6623
135.0389 31.4622
138.2701 30.6866
133.9549 31.7929
138.1490 30.0432
137.0517 30.9128
131.8383 30.3196
132.9795 32.3961
130.9033 29.9560
137.6160 29.8922
136.9901 30.7573
137.8700 30.9584
136.1474 30.9366
131.7578 30.8429
138.3048 30.7815
137.0530 31.0140
132.4897 31.7057
137.5227 31.3889
136.1535 31.0229
131.9326 30.4643
129.5374 27.5893
133.3717 31.2681
136.6684 31.3635
128.0483 28.2438
134.7853 31.0178
136.6991 29.2221
136.3743 32.8739
129.1325 30.8282
136.2016 30.4384
136.6934 31.2283
128.8767 28.1025
136.8895 31.7253
128.8233 28.3609
137.3746 33.3135
134.9453 31.0225
128.5199 31.0814
136.4070 30.1733
138.0876 29.7954
135.4281 29.8994
135.9461 32.7667
132.4255 30.9478
136.0909 30.9975
131.8180 30.0877
137.6806 29.4546
137.8927 30.9071
138.2141 30.5298
136.3238 31.9521
128.9380 28.3130
134.5382 33.0736
132.3328 31.4733
137.3919 29.7410
132.6178 31.1289
138.3927 30.1339
136.6341 32.4798
132.3264 30.8966
135.1809 31.0035
138.4311 29.5923
136.3510 32.1633
137.2007 31.1494
135.4991 31.0577
131.6737 30.4745
136.6576 31.6773
134.6540 29.3468
130.1002 29.4891
135.5239 31.1149
137.4439 31.2507
138.0852 30.4974
133.8680 29.4838
131.0704 30.2609
132.3097 30.0542
131.1220 30.5802
132.3913 30.8583
136.8547 30.8051
137.1522 31.4679
132.0587 30.7447
134.3442 31.7377
137.5190 33.3032
138.1613 29.6579
136.5072 28.8379
137.2491 33.3834
135.5504 29.5789
130.9172 28.4561
135.5446 31.2512
137.6371 29.7837
134.2493 32.0650
132.6568 30.6306
131.9530 30.1392
138.4611 30.4583
134.5316 29.2649
132.4661 28.1400
137.3147 31.1273
132.7700 30.2237
134.5701 31.5406
131.4979 30.0921
137.5589 29.3168
137.2709 31.4695
138.4696 30.3266
137.0747 29.7766
132.8615 31.7553
135.3911 29.6322
138.9276 33.1643
136.8478 29.8028
132.6544 32.2177
135.1468 30.2841
128.6979 29.8797
137.8409 30.4609
137.6293 31.3724
136.4113 30.2781
137.1353 31.6366
133.1136 31.5560
137.9331 29.1691
134.5760 29.1113
137.4302 31.1717
130.1824 28.4389
137.0721 29.6084
134.4704 29.0662
132.7899 31.1708
138.3719 30.0234
135.6186 30.6726
136.7408 30.1409
137.4455 31.1585
137.3975 30.9463
137.3765 31.0602
136.5707 31.5433
137.8515 30.2843
134.4071 31.8462
138.4203 29.6145
138.4158 30.6592
137.2848 32.0559
132.1609 28.4081
134.8420 29.5473
132.0151 30.0431
135.5323 29.3476
138.5792 30.2346
138.2310 29.6487
132.6699 30.4499
134.8044 29.0721
134.8278 30.7570
135.3759 30.4104
136.5456 29.9434
137.9463 30.4499
134.3631 31.9240
136.6869 29.9622
138.3666 30.2583
136.1891 31.2467
137.2982 28.7652
136.0502 30.8811
132.2077 31.1886
129.7569 27.4675
136.9433 30.0417
136.3636 30.6316
131.3430 30.6065
133.8753 32.4703
129.2790 28.8839
136.6338 30.1609
135.2297 31.4233
128.6033 28.1933
129.2927 28.8727
132.3710 31.9623
133.6774 32.2594
137.5548 33.6311
136.7691 32.6663
137.3612 29.9146
137.5826 33.0799
137.3243 31.1250
136.0780 29.6039
137.3764 31.1756
133.3364 28.8758
135.6712 29.6866
133.5219 32.3553
137.0418 29.4942
128.2580 28.2117
137.2363 30.8817
137.0982 31.0651
135.9329 29.5249
136.1379 32.8615
137.2558 33.4114
136.2742 30.3590
136.3156 32.6810
128.8248 28.6742
137.3185 31.5745
137.0866 33.3509
134.0457 31.2450
137.5726 30.3559
137.4736 29.6489
128.6861 28.3923
136.7104 32.2253
132.0658 31.1951
137.2372 30.5032
132.0588 30.9568
136.6955 31.8720
133.3696 29.5225
137.7554 30.6081
137.1602 29.8015
132.4315 32.4618
138.0062 30.8633
137.5871 31.9986
136.3967 31.1114
131.4134 30.6955
137.5377 32.7583
137.7056 29.7162
137.0669 29.3683
133.2310 32.4951
135.9327 32.4995
137.3551 29.9045
135.8516 30.9758
136.4191 30.7802
131.2470 30.8455
135.4570 30.7110
137.8232 30.6034
138.0623 30.4674
137.8508 31.0504
136.2342 30.7408
131.1539 29.9946
131.8293 31.1249
137.7338 30.4215
136.5139 31.8339
131.1415 30.1843
137.2617 29.6853
137.4770 30.9089
136.6189 32.7275
135.8313 31.9096
133.9516 31.8500
137.0593 30.6047
136.2501 31.8061
136.9916 30.6312
138.1413 29.9393
137.4919 33.0253
130.7294 28.9399
137.9056 30.1889
136.3207 31.3098
136.4689 30.8644
136.5917 30.7952
137.1127 30.2682
137.8652 31.5881
136.7031 30.8493
127.2341 31.5201
136.0243 32.4965
137.2116 32.3017
136.6569 32.0093
137.1149 31.7234
135.6608 30.4939
136.6090 30.9522
128.9461 28.9136
133.5669 32.0356
135.7347 31.3697
137.5334 31.1196
131.9891 30.7000
135.9190 31.4927
135.7678 31.1505
128.4398 28.5864
134.8943 31.6412
135.1410 31.2036
128.8748 27.9552
136.2324 30.5331
129.2742 29.7170
138.0114 30.5094
132.1325 31.5681
136.6745 32.2904
129.1518 28.0842
136.6200 30.6313
136.6711 31.3261
128.8973 29.2618
134.0860 31.2988
135.5381 30.7464
134.6217 31.5129
131.6488 30.1976
137.8005 30.7210
138.0682 30.0148
131.9267 30.7177
132.4643 32.0772
136.6480 30.9135
131.4637 29.9075
128.4560 27.9581
130.0568 29.2795
134.9582 31.5321
137.7377 29.8678
137.9565 30.0479
133.5771 32.0908
137.7349 29.8026
135.1168 30.8041
135.5732 31.3328
137.1383 30.9236
137.3678 29.5902
136.0553 30.9586
129.4877 30.6800
136.3194 31.6642
137.4614 29.6274
135.1413 29.8357
131.8593 30.7455
136.0569 30.9077
135.0905 31.0683
128.1780 28.0657
132.2247 31.1923
133.7509 30.7704
132.7489 32.1932
137.8089 31.0658
128.4434 28.4233
131.5336 30.0224
137.5327 29.8300
138.1813 29.9355
137.3316 29.7862
136.3288 30.1369
137.3559 29.7201
128.8785 28.0360
131.6505 30.0828
136.9917 30.3250
137.8208 30.5590
137.4932 30.9968
135.1493 31.6734
137.5263 29.9047
137.4929 29.6070
130.6808 29.7513
137.8764 30.3432
131.4367 30.4234
135.8840 31.3385
136.6535 29.9330
136.2287 30.5897
129.6621 27.8720
131.2888 30.0590
137.3315 29.6713
135.0509 31.5104
137.0814 33.1848
136.2026 31.8952
134.6060 31.8714
137.3734 29.4393
129.8800 27.6601
137.4258 31.3231
136.3006 31.1243
131.7460 30.9596
136.1096 29.7794
135.3375 31.6686
137.3906 33.1160
137.6535 30.2492
137.5848 30.1199
137.2728 34.1501
137.2988 33.4029
136.9819 33.0634
136.8230 33.1704
136.1693 32.5744
132.5368 32.2241
136.8560 31.5383
137.0662 32.8152
136.0477 32.4074
135.1701 32.8955
134.1419 31.6358
137.1903 33.4880
137.4131 29.7648
136.8405 32.1578
135.1580 33.0835
135.4081 32.7729
130.6847 30.1288
137.4043 31.6037
137.5424 32.8965
136.4249 32.5585
136.4171 31.1599
137.5504 31.8109
137.0820 30.8653
137.3747 30.9964
136.8738 33.7378
137.4456 30.6913
136.4600 33.3404
135.5458 31.3843
135.7982 32.2210
138.0525 31.4721
137.7051 29.6139
135.6709 31.2606
136.7039 33.8786
137.2498 33.8805
137.4291 29.6173
136.5765 31.2110
137.8626 30.5579
131.3554 30.7923
137.2959 33.8713
137.3216 32.1020
136.4386 33.3347
137.6584 31.9065
137.3035 34.0074
136.7556 30.1469
137.5402 30.5894
137.8009 30.6432
137.4171 33.2658
132.3701 32.2664
137.0474 33.0318
135.4442 33.2491
137.2228 34.0110
136.1254 33.1814
136.4540 33.4429
127.4127 32.3995
135.6964 32.3835
129.5015 28.7572
137.2956 32.6147
137.8939 31.7342
134.1251 32.5283
134.8732 29.1959
136.4536 33.3614
136.7413 33.1767
135.3800 31.1736
136.8038 33.3804
136.5038 31.5997
135.5320 32.9774
136.3792 31.4445
136.2668 33.5872
137.8729 34.1314
137.5495 32.4857
136.9593 32.9861
126.2264 32.1821
137.3387 34.1498
136.7429 30.1387
137.6945 31.7920
137.0793 29.5179
136.7765 30.1384
137.7588 30.0094
137.0912 33.1034
135.8270 32.5545
137.7876 31.8508
136.8209 30.2148
136.6096 32.5779
137.2600 34.0977
131.5018 29.8803
132.8196 30.5800
137.9805 30.1830
137.1790 33.7611
132.7756 31.6679
136.1602 33.3934
137.4298 29.3200
136.7378 32.5523
127.5565 33.2843
136.6015 31.1686
137.2165 30.9498
136.5793 30.3165
137.4352 29.2303
137.1556 32.1450
137.6290 29.6462
136.3070 33.4574
135.8251 32.9336
135.4637 32.7022
137.1461 30.4587
135.9214 32.6320
136.8304 33.1076
135.5618 33.0852
129.7927 29.3069
136.4199 33.9774
135.7345 33.3238
138.4827 34.2643
136.6356 31.2973
136.7505 30.8118
129.0459 27.9898
136.2753 33.7768
136.4095 32.9635
133.6496 32.5097
139.3464 34.5728
136.6191 31.1477
136.8795 31.6059
135.5008 32.7995
135.0161 32.7385
136.0345 31.8458
137.2355 30.0322
131.8442 31.0181
134.8067 32.3266
135.4299 32.5563
137.5090 34.2142
128.9774 29.1174
136.4055 32.6737
130.7169 28.4282
135.2820 30.8235
136.8547 32.4664
132.1822 31.8568
131.6859 31.3428
131.4994 30.8549
136.0668 33.1101
128.8328 28.8657
135.6512 31.2895
131.4260 30.6416
131.4526 30.6027
131.5066 30.5915
131.3392 30.4707
137.4699 29.8287
131.7122 31.1232
137.4755 30.5190
135.8650 33.1172
137.5182 33.3985
131.6201 31.0149
131.0695 30.0394
133.6521 30.0687
131.4674 30.3565
136.4568 33.0048
131.7691 30.9380
136.3664 32.8969
131.7840 31.3874
132.3236 32.1536
137.3432 33.7903
133.8075 30.7624
136.4100 32.7698
136.1900 31.7759
131.4435 30.8660
136.0562 29.7481
136.7139 32.8570
135.8335 32.0698
135.6544 31.2049
136.5161 32.3765
136.3488 32.7202
132.0419 31.9671
135.1314 29.3923
135.2141 31.7434
131.5210 30.4761
132.2718 32.0894
132.9474 32.5241
135.5943 31.3346
132.4743 32.3259
130.2108 28.0805
135.1184 31.8549
137.2843 30.7222
131.6182 30.9615
131.6758 31.1499
135.5822 32.9609
136.5215 32.4502
136.5820 32.4495
136.5501 32.6136
131.6758 31.3784
135.4861 32.6849
129.1179 29.1475
131.5287 30.8087
136.0903 31.1579
129.1342 28.0001
135.2545 31.7247
138.0152 29.6831
131.5784 30.9945
131.6099 31.0273
135.4577 31.5185
136.7265 32.5213
136.2021 32.3620
136.7005 31.7056
131.6127 30.9349
135.7580 31.3195
136.2145 32.9243
131.3923 30.5050
129.0920 27.9520
137.4897 30.1783
136.8187 31.0017
131.3941 30.3334
136.5485 32.2479
136.6905 32.7119
134.9389 31.1419
131.4125 30.2280
136.2196 32.8606
134.8983 32.2421
135.6661 31.3885
136.9778 32.9438
135.7319 32.1141
136.1846 31.8083
135.9811 31.2436
131.5490 30.6132
135.0005 31.2160
135.8444 29.7247
135.2762 31.2048
135.9030 32.8674
136.4587 33.0077
129.0135 28.0182
135.9270 33.0576
133.6898 32.6383
135.7762 31.2400
136.0623 32.8146
136.1960 31.1589
135.2991 31.7090
137.7613 30.2289
136.8084 32.6161
131.5501 30.8170
136.0979 32.3470
131.8640 31.4825
135.7348 31.2894
137.7858 33.8408
136.4875 32.4376
136.0802 31.1975
135.3766 31.3651
136.9137 33.0732
131.8091 31.3635
131.4163 30.5433
131.3439 30.3794
131.3787 30.3457
136.2330 30.9581
135.6513 30.3577
135.7193 31.3080
129.8266 27.6323
129.7620 27.7630
137.4705 30.3578
136.9790 30.5764
137.2101 29.7289
137.8531 29.5203
136.5313 30.0072
135.2384 31.5759
133.6206 31.6562
128.5798 27.9934
137.1953 31.1043
137.5099 31.0084
131.7962 31.1980
135.7112 31.3433
134.9198 31.4277
132.9446 32.6122
137.4900 30.6214
136.0483 28.9506
135.4563 31.5420
132.2278 29.3773
133.5146 32.6324
136.5956 30.5378
137.1606 31.9876
137.8707 30.5395
137.3818 29.5006
132.9386 32.6317
129.6178 30.0342
131.6418 30.6007
128.7159 28.8404
137.5174 31.2903
128.5238 28.0508
136.5214 31.3660
134.6931 31.7342
137.7992 30.2506
131.8488 30.7550
128.2104 28.2023
131.8295 30.4532
135.8702 29.3362
137.5037 29.6418
130.1875 28.0776
137.3492 29.6815
129.4287 30.8782
136.4665 30.9382
128.4929 28.0026
135.8119 30.1717
137.7452 30.7808
136.8952 31.0331
135.1835 31.5961
135.4632 31.4116
135.2905 30.6914
138.0747 30.3262
135.2465 31.6538
135.0405 30.8720
134.9805 31.5092
131.8468 30.7031
135.3445 30.7676
131.1990 29.8624
136.8816 31.0574
137.1349 29.1737
135.1750 30.7877
128.4300 28.7364
129.7731 27.4558
136.4716 31.8435
136.0884 30.1583
128.7160 27.9814
133.1352 28.7501
133.3207 29.3542
133.2612 32.4755
133.8044 32.6517
137.4030 29.5018
135.3201 31.1549
136.0383 30.8791
137.5887 29.4598
138.0896 30.1864
130.8052 28.4684
134.6432 32.0460
131.0605 30.3548
137.9745 29.8204
138.1553 29.2218
136.1148 32.3233
136.3312 30.5527
136.6684 31.8220
137.5553 28.9068
137.4194 31.3298
136.7803 31.6211
136.5431 32.5578
137.9432 29.5910
137.8646 29.4537
133.6010 31.7695
132.5688 32.4972
132.0810 31.2622
131.2836 30.3960
134.8046 32.3943
136.5804 30.9801
136.6296 30.8787
137.1433 31.3824
130.9829 29.5834
135.1964 31.0362
136.3995 31.1342
136.5451 30.1445
135.8548 31.2923
136.3074 33.1161
135.9325 32.8696
129.6539 28.6708
137.1570 29.2414
131.6487 31.1826
137.4259 32.9632
135.4389 30.3738
136.4856 32.3488
136.1410 30.9963
131.7263 31.4325
137.3582 31.3808
135.2212 31.3745
136.8565 30.2844
131.3887 30.4244
131.4883 30.6126
133.3619 32.6462
136.3174 29.7613
136.3477 31.6246
137.5148 33.4465
137.0290 33.1163
135.9110 31.2413
131.9819 31.6229
131.4693 30.7899
136.1672 33.0361
135.2181 30.9480
135.5106 30.6043
136.6078 32.2530
131.9626 31.5524
131.5663 30.5109
132.5153 32.3116
137.1895 31.4980
136.4124 32.6706
131.3319 30.2668
134.1322 32.4299
132.4812 32.1763
137.2649 29.6462
135.8421 32.5952
135.2808 31.0160
136.8326 30.3587
136.8672 33.1970
136.5040 32.2711
132.1549 32.0380
136.9667 30.3029
131.8234 30.5560
131.3727 30.1764
135.1466 31.5626
136.5835 31.2029
131.4858 30.2002
135.8033 32.8692
137.3344 31.3299
135.4778 31.1465
136.0085 32.3275
137.0913 29.7584
133.5299 29.5533
136.1352 33.0083
135.9265 31.0441
136.3012 31.9928
128.8457 28.2146
131.3099 30.3838
136.9278 30.8421
131.6270 31.0697
132.4611 32.4455
136.4720 30.2100
131.6119 30.5950
135.5761 29.7168
137.5367 30.1519
135.7850 29.1031
133.0948 32.5214
136.1458 31.9118
133.6616 32.4268
131.6622 31.2228
137.7881 30.3843
129.2323 28.9302
137.0839 31.1384
135.5730 30.8407
137.4001 30.5765
135.8619 32.9019
136.3726 32.7498
137.2952 31.0564
136.4578 30.3921
131.4820 30.3949
136.5388 32.6563
135.3610 30.9176
136.2830 32.4704
137.5920 31.1554
137.0632 31.9815
137.3581 31.0706
131.6141 30.5343
131.1661 30.1680
129.8912 28.7033
131.5724 30.9187
132.5825 32.4133
135.6383 31.3338
136.3561 30.3891
131.9501 31.6688
137.2980 29.6745
131.9174 31.4044
131.3040 30.4822
131.0490 30.2329
137.0923 33.1534
138.3313 30.5168
136.3580 30.8456
136.9424 28.9630
131.5533 30.0702
137.7938 29.1675
136.2658 30.9636
137.1998 29.2344
138.4796 30.2974
136.7956 30.3536
136.5741 32.3143
130.4149 28.0700
131.3490 30.0615
137.3313 29.9200
127.5544 31.1537
128.6247 28.4153
128.5917 28.6297
135.0144 29.4195
137.1448 30.1710
129.8467 27.5006
135.3517 31.2516
137.6310 30.2395
129.1461 29.1947
137.2441 30.5447
135.6661 29.5469
133.5306 32.3488
135.7269 31.2030
137.5833 30.2369
134.2391 32.4727
136.8072 32.2284
128.3084 27.9923
128.5750 28.5121
131.6076 30.4566
136.3349 30.0778
138.2989 30.6104
131.1628 29.9613
133.2301 32.4160
129.5807 30.2088
128.6876 27.9888
133.9092 31.7194
136.7914 30.7692
131.4644 30.9369
137.6510 30.0437
135.6727 31.2736
135.1961 31.1246
137.9152 30.2790
138.1903 30.3163
137.8766 30.2306
137.3330 31.1561
137.7916 29.8638
134.5795 31.1659
131.0842 29.3197
130.9854 28.5386
138.3927 30.3480
136.4468 30.5753
135.1561 31.1708
129.7353 27.6634
136.6909 32.4827
129.4313 28.8065
135.9298 31.6853
136.6406 29.5997
132.2401 31.0842
137.4784 28.8888
136.7195 32.2092
135.1256 31.0324
137.4549 31.3128
137.0272 31.4491
130.3314 27.9807
136.5616 30.6376
138.1935 29.7655
136.6005 31.9829
133.2151 32.2852
135.1123 31.3694
137.2277 30.1650
134.6720 31.7776
129.1010 29.1726
137.7887 29.7974
130.0658 27.9256
131.9859 30.9555
137.0356 31.0769
134.9629 30.5410
133.1569 32.4739
137.7637 29.0812
135.9654 31.1802
131.4361 30.3158
135.3805 31.3990
137.2839 30.9872
132.4090 31.7327
131.5161 30.8744
138.0401 29.8300
137.5880 30.3233
136.5386 30.8601
137.4633 29.6154
135.6682 31.3280
134.7771 32.0549
130.6211 30.1539
137.3241 32.6459
137.7640 29.4536
133.6147 32.2586
137.2898 30.0180
135.6942 31.2858
138.2599 30.0056
137.1918 31.4917
136.1648 28.7811
137.1390 31.1347
132.4576 30.3341
132.0878 30.7379
128.3762 27.8334
131.9915 30.1238
134.9503 31.1616
131.8802 31.2746
137.2739 30.2147
135.6538 32.2957
137.2457 31.3065
136.7399 29.6784
136.8301 29.0137
135.4284 30.3174
135.3865 30.8639
137.4961 29.7474
137.7431 31.1179
131.1854 29.8747
133.1749 28.7705
135.7787 30.4457
136.0474 30.9502
136.6085 30.8822
136.7250 28.7393
135.6153 30.1740
138.3711 29.6370
132.1478 30.9817
137.3487 29.3378
137.6650 29.3259
136.6537 32.4489
137.1423 31.8633
136.3979 30.7673
138.0911 30.5354
137.6770 30.7804
137.4134 31.3276
138.1962 30.2914
135.5610 31.3193
135.1364 30.4757
135.7256 31.1502
134.5897 32.0847
137.3846 31.3128
129.4619 30.7363
130.9498 29.9585
136.5708 30.8433
133.7887 31.6176
136.3607 31.5867
133.6480 30.9516
136.2540 30.2619
137.6571 31.5694
131.4784 29.9933
135.5381 30.0777
137.0415 31.8295
138.0729 29.6554
136.8268 31.4261
132.4713 30.3238
136.9044 30.7261
137.0038 30.9634
136.6791 31.8244
136.6821 30.9073
136.6742 31.4546
131.4867 29.8036
138.1515 29.7692
134.9520 31.5956
131.4823 30.0306
134.7415 31.5240
136.6159 30.6332
137.8545 30.6176
137.1648 31.6755
138.5107 29.6333
137.5016 31.3663
137.3112 31.4152
137.3571 31.1319
136.3504 31.0656
136.0434 31.0270
134.7373 31.7671
137.2988 31.2265
137.3961 30.9683
135.8794 29.1319
134.9903 30.7256
131.5482 31.0478
136.5170 32.3372
137.7294 29.6766
137.4150 29.6501
131.6910 31.3393
135.8280 29.0020
137.2485 31.3065
137.5097 31.2348
137.5358 29.7410
137.4810 30.4901
132.9105 32.5831
138.0872 30.5320
131.3631 30.0173
137.3936 30.6966
136.9712 31.9007
131.4842 30.2481
131.2627 30.0961
137.4063 29.4839
131.5684 30.0762
137.4268 31.9813
136.6833 31.4520
138.1142 30.6513
131.1765 30.3669
136.4818 30.6729
131.5025 30.8343
137.6135 29.9109
137.9803 30.2927
137.6345 29.2772
132.0495 30.3507
136.9752 30.2207
137.0815 29.7898
131.5666 30.4301
137.9217 30.3159
135.4518 30.1040
137.2570 30.1119
137.4771 30.7596
137.3593 31.9542
137.9682 30.4196
131.6068 30.8169
137.6097 29.8788
137.2497 31.4800
131.5367 30.0804
131.3918 30.1451
137.2205 31.5819
137.8203 29.6252
138.0608 30.2779
137.8423 30.3818
137.4025 32.8136
131.2947 30.1005
137.0747 31.1450
137.3004 30.0312
134.9624 29.2823
131.9316 30.9123
137.8031 29.5420
137.3967 30.2411
137.4313 30.7302
133.4020 32.5275
138.0052 29.7004
131.3268 30.0808
137.7304 30.5067
138.0292 30.2943
135.0675 30.6143
138.1356 30.7520
135.2144 29.1286
137.8932 30.8056
137.7915 30.7352
137.7048 31.0918
137.8842 29.7936
137.3327 32.8160
137.9238 30.2712
137.4566 29.2855
137.8911 30.6502
137.7357 30.1800
137.4894 31.2660
137.1851 31.2110
138.0521 29.9252
134.8207 31.4895
134.6702 31.2754
137.7673 30.5300
137.2489 31.5116
131.2195 30.2083
135.5526 30.4439
129.3554 27.3640
132.9982 32.4204
137.4554 30.2075
137.0461 32.1476
137.9112 30.2261
137.8958 30.6180
137.6507 29.8077
137.5353 29.3213
137.9057 30.5041
131.4142 30.0743
132.3731 31.6153
131.4238 30.4415
131.3940 30.2330
137.2522 31.3819
137.0601 29.8384
137.9953 30.1430
131.4794 30.7723
131.4236 30.0627
137.9401 30.6236
138.1268 30.5179
134.8227 31.6529
137.7428 29.8392
137.9891 30.0546
137.6083 29.4919
131.2576 30.2597
137.9144 30.0364
137.9910 30.4667
137.8310 30.5412
137.4882 29.4613
137.7603 30.0773
137.3532 31.1113
137.9244 30.0904
137.9798 30.9926
137.0106 29.8701
137.3960 31.3425
137.7731 29.8093
137.8754 30.6118
131.3228 30.2062
131.3257 30.3172
137.7244 29.7516
131.3025 30.2074
131.4269 30.0092
134.5869 31.0441
134.8883 29.5501
131.2523 30.1287
137.6785 30.2181
137.7945 29.7537
137.2689 29.8629
137.8676 30.4338
137.9912 30.1115
135.7273 31.3187
137.0639 30.0769
134.7041 31.8754
137.7045 29.9409
126.0720 30.9989
136.1121 31.1538
136.9261 32.9803
136.6110 31.2485
138.6008 30.3790
133.6838 29.8842
136.5646 30.8076
138.5321 29.7344
133.6287 32.0654
135.0365 31.2374
137.4805 32.6424
137.6004 31.2424
135.9537 30.0888
136.4722 30.6371
138.6324 30.4208
134.4460 31.2222
137.4939 31.0421
135.4052 31.3950
136.6633 32.5522
137.1689 29.0204
133.7527 32.6626
137.0833 31.0457
129.3540 28.5956
134.6601 31.5628
135.0748 31.4562
135.9606 30.8633
128.0528 27.7412
136.6096 28.6865
131.9299 30.1638
137.7067 31.3566
136.7312 31.2256
135.9769 29.4026
137.0357 30.3736
135.4500 29.8610
137.3535 31.7167
135.4328 31.1186
136.1298 30.2497
135.9921 29.7172
136.9149 31.7574
136.0064 31.1283
134.6960 29.0701
130.6874 29.0129
135.2370 29.0791
128.1480 27.7549
128.7524 29.1694
137.3765 33.5445
137.0586 30.9576
134.8076 30.7619
135.5874 31.2431
136.0609 30.2457
137.1781 31.7673
130.1117 27.7024
132.5682 31.0666
137.1787 28.7007
131.6106 28.9157
136.8614 33.4461
137.1488 31.9696
137.0990 31.0172
137.4206 29.2892
137.5163 30.3931
135.8017 30.0977
136.2700 32.3524
137.2901 30.8311
132.3800 28.9126
134.7748 31.3244
135.1151 31.3950
131.2901 30.4632
131.9023 30.2385
132.2560 31.1813
129.9728 29.1509
136.4706 30.6850
135.4296 31.0989
135.6259 31.2446
130.3796 27.6968
132.9962 28.5080
135.8320 32.0081
136.8650 32.7835
135.3697 32.8591
135.8205 32.1354
135.9614 33.0809
137.2169 30.4848
137.0659 33.3245
136.7049 32.3926
135.6956 33.0719
136.3301 33.0156
135.4865 32.3835
137.1125 30.7582
137.1456 30.7880
136.6068 32.3645
135.9337 32.8138
136.1279 32.3717
136.4341 32.8447
136.2897 33.2221
135.4831 32.9432
136.7610 32.7541
135.9230 32.7015
135.6330 32.9502
135.8367 33.0824
136.2133 32.3209
135.8304 33.0650
136.5755 32.5353
136.2490 32.9221
136.1514 32.3910
136.6080 32.6820
135.4300 32.5628
136.4003 32.7192
137.0558 33.2231
136.5586 32.9479
136.0043 32.9598
135.2589 32.8971
135.5325 32.9269
136.8657 32.8579
136.3389 33.1441
135.8102 32.5663
135.9364 33.1921
136.3589 32.7046
136.6265 32.6851
136.7678 32.5074
136.8248 32.6474
136.7367 32.4247
135.4622 32.8530
136.6755 32.3995
135.4676 32.8934
136.2531 33.0360
135.8953 33.1536
136.7832 32.6440
137.0351 33.1400
135.8256 32.0518
135.7937 32.9165
136.1341 32.5240
136.8302 32.7260
136.0930 33.1428
136.7296 32.6669
136.9746 33.0091
136.7601 32.6279
136.4790 32.2713
137.0580 33.2943
135.9299 32.8507
136.6995 32.7010
135.8995 32.8417
136.4923 32.7197
136.8861 32.7407
135.3409 33.0827
135.7115 33.0314
136.6401 32.6634
136.0415 33.1303
135.9846 32.9098
135.6065 32.3027
136.7484 32.7434
135.5699 32.3051
136.8647 32.8066
135.4121 32.8248
137.1426 33.7332
135.8919 33.0875
135.8705 32.8632
136.4265 32.8883
136.0129 33.2000
136.8798 32.7611
136.5532 32.4604
136.9891 33.0658
136.2522 32.6335
136.6781 32.4098
136.3476 32.7976
136.7405 32.6971
136.5644 32.4354
135.8170 33.1375
135.4688 32.5545
136.9502 32.9741
135.4926 32.8873
136.3961 32.6878
135.2419 32.6456
136.5889 32.6773
136.9072 32.7923
136.6846 32.8873
135.7915 32.2081
135.8002 33.0376
135.8957 33.0982
135.2802 32.9792
136.2134 33.1064
136.2594 32.5732
135.9297 32.1866
136.0378 33.1217
136.8785 32.6821
136.0510 33.1371
136.1684 33.0968
136.3008 32.8591
135.5163 32.9463
136.9906 33.0068
136.9047 33.1606
135.4673 32.5456
136.8254 32.8332
136.8241 32.5424
137.0064 33.0910
136.8652 32.8734
135.6783 32.1677
136.0921 32.3199
136.3961 32.8598
136.3783 32.7238
136.4245 32.9144
136.4216 32.6971
136.3136 33.0274
136.4388 32.9082
137.0752 30.4683
135.9088 32.9849
135.7014 32.1701
135.5419 32.4169
135.4611 32.8416
135.6801 33.0109
136.2708 33.0599
136.8735 32.8124
136.5620 32.7443
135.5191 32.9092
136.9614 32.9891
136.6242 32.7044
136.3403 32.9401
136.1325 32.6220
135.3753 32.5420
136.4987 32.6364
136.2604 32.5780
136.6555 32.3783
137.1246 30.7640
135.6456 32.5923
135.5280 32.3647
136.7022 32.5276
136.1634 32.5459
135.9493 33.2312
136.0245 33.0966
136.7827 32.7776
135.4203 32.4742
136.1259 33.2513
136.7164 32.4196
135.9307 32.9835
136.8644 32.7711
136.4362 32.8385
136.8638 32.6693
135.5677 33.0150
135.4783 32.3387
136.0943 32.5905
135.5937 32.9155
135.3983 32.4835
136.2731 33.3667
136.1176 32.6381
135.4488 32.4012
135.4032 32.8990
136.4814 32.8962
137.2133 30.4334
136.9812 30.4040
135.6532 33.0676
136.4567 32.5262
135.8982 32.0846
136.5220 32.4609
136.6938 32.5432
135.5997 32.2282
136.8140 32.8613
135.9658 33.1514
135.4571 32.5444
135.7388 32.0999
137.1768 30.7461
135.3580 33.0262
136.8403 32.7850
135.5251 32.3907
136.8976 32.8942
136.4234 32.6465
135.8400 32.8870
136.8716 32.6896
135.7792 32.7431
136.2693 32.5392
136.0572 32.2734
136.6364 32.0159
135.8279 33.0894
136.6963 32.6761
136.6351 32.3666
136.0139 33.0545
135.8210 33.1567
136.2084 32.3406
136.6248 32.9472
136.8576 32.6793
135.9702 32.8957
135.5772 32.5746
136.7371 32.5300
135.5769 32.9826
136.9401 32.8859
137.3777 30.5030
136.8562 32.6934
136.5482 32.1850
135.9702 32.0893
135.7962 33.0462
136.6069 32.5126
135.8271 32.2166
135.3210 33.0551
135.8267 32.9383
135.7962 33.0568
136.2370 32.9554
135.2954 33.0575
136.4089 32.9766
136.1696 32.3905
135.2777 32.9964
135.3737 32.6098
136.7591 32.4847
135.4035 32.8637
135.8154 32.0620
136.9047 32.8434
135.7040 32.9824
136.0704 33.0267
136.3004 32.9916
136.1270 32.4758
136.1844 33.0166
137.1117 30.7627
135.5401 32.2809
137.0018 30.3757
136.2208 33.1000
137.1790 30.4908
136.8442 32.8406
135.4793 32.3852
136.3073 33.3866
137.1121 30.5569
135.5584 33.0782
136.6720 32.9650
135.4842 32.8535
136.3070 32.9932
136.3660 32.9538
135.5336 32.7821
136.2722 33.2189
136.7411 32.7562
136.2111 32.6421
135.8526 32.9969
136.5297 32.8703
136.5316 32.4422
137.0043 33.2272
136.2709 32.9771
136.6514 32.6167
136.6944 32.5203
135.4447 32.3780
135.6586 32.1172
136.9021 33.0441
135.3858 32.8398
137.1227 30.2854
136.8923 32.8999
135.9403 33.0732
137.2048 30.5421
136.1340 33.1299
135.9042 32.1785
135.4508 32.4658
136.5075 33.0089
136.8267 32.7364
135.5805 32.2960
135.9423 33.1056
135.6181 32.6573
136.4556 32.7301
136.7301 32.4859
136.1119 32.3954
136.1960 33.3175
135.2378 32.9123
135.7437 32.1797
136.3103 33.0075
136.6070 32.6456
136.1317 32.4284
135.8903 33.1007
136.9665 32.9812
135.9271 33.2167
136.0138 33.0915
135.2506 32.9246
135.5458 32.9749
136.0879 32.9907
136.8439 32.7621
135.4388 32.7719
135.4898 33.0203
136.1703 32.3613
136.1683 33.0435
136.1162 32.4835
135.6968 32.9780
135.3249 32.8815
135.8173 32.8985
136.8817 32.7890
136.8585 32.7142
135.6739 33.0892
135.7103 33.1339
136.8797 32.8443
135.6341 32.9302
136.6873 32.4110
136.1116 32.4389
135.4520 32.8632
136.0205 33.1018
136.4225 32.9203
136.5216 32.7042
137.4948 33.9912
137.2566 33.8684
136.3789 33.3208
136.1335 32.4527
136.5543 32.7287
136.6454 32.6403
135.8067 33.0513
136.5109 32.4731
137.2078 30.4158
135.2853 32.9064
136.2794 33.1258
136.0922 32.4159
136.8529 32.7819
136.5801 32.6828
135.8159 32.1545
135.5656 32.9077
135.7144 33.0211
135.4342 32.4608
135.5335 32.9258
137.0731 30.8423
135.7495 33.1324
136.6883 32.5238
136.0251 32.5519
136.7878 32.7039
136.8550 32.7887
136.3848 32.9594
136.5266 32.6709
135.8672 33.1446
136.3685 33.2447
135.5509 32.2477
136.2247 32.9052
135.5139 32.8504
136.3938 33.4292
135.4523 32.8286
135.2507 32.5436
136.2545 33.2018
135.6470 32.9779
136.1255 33.0088
135.6828 33.0807
135.6227 32.1574
136.9573 32.9720
135.7552 32.1204
135.5715 32.9161
136.1056 32.3245
135.7816 32.5438
136.7989 32.7356
135.7290 32.1504
136.1599 32.3618
136.5187 32.8650
136.8714 32.7989
135.2939 32.8172
136.5885 32.5740
135.9571 33.0759
136.4518 33.0078
135.9392 32.3005
136.2046 33.2774
135.9464 32.9899
136.6293 32.6950
136.6961 32.5173
135.9293 33.1064
136.0751 33.2182
135.8019 33.0772
136.6364 32.6763
135.5748 32.8762
136.0911 32.4780
136.3041 33.0520
135.9992 32.3440
