133.0422 27.6431
134.6069 28.7109
133.8390 25.8807
138.4423 33.2186
132.9001 29.6894
134.2367 30.3202
134.9587 29.1127
137.3836 29.6783
127.0054 26.8332
138.5505 30.1946
139.2852 30.7866
131.6900 26.2259
138.2366 30.7202
133.3967 28.6570
137.3429 30.7638
131.7556 30.6382
131.6786 30.3293
139.1105 30.8136
132.8814 29.9046
134.8270 31.2927
136.8933 29.0487
137.3876 30.2775
139.1230 30.9115
136.1291 28.5272
131.9340 30.9971
135.9946 32.5245
136.6744 32.4439
135.0115 28.2844
139.1456 30.4697
138.2307 31.2679
136.7162 28.8313
139.6119 30.7494
136.1200 29.7092
131.1700 26.3107
138.0757 31.1796
139.3402 30.3274
132.9811 28.4018
138.3790 31.1390
136.8449 31.1704
135.2459 30.1200
135.9374 28.9465
132.8509 28.2663
139.1870 30.2589
134.8951 28.8585
136.6577 33.2671
138.0704 31.2292
138.2989 30.6345
134.8222 27.5736
136.4727 32.5022
132.8563 29.7546
131.6476 30.3699
138.4586 30.6950
129.9578 25.6271
138.5376 30.8100
132.5738 26.4156
136.5012 32.5584
136.8601 29.5370
133.6156 25.6352
136.1351 32.7397
134.3080 30.0394
132.4432 29.8329
134.9885 29.8027
132.0643 25.9172
138.7328 31.1881
138.1329 29.6832
137.1301 30.1197
132.5320 30.6616
136.5505 32.6136
137.3330 29.0804
131.4868 30.5776
134.2747 26.1464
137.3057 29.0195
132.7732 27.3257
134.5628 26.5928
139.5211 30.5153
135.0474 29.4151
134.0325 28.2059
136.8744 31.1193
131.2943 30.3750
130.2147 26.5072
135.7494 25.6508
134.6904 31.4188
134.6210 27.8860
138.6661 31.1555
134.5869 27.9548
134.7083 28.5017
133.3981 29.6486
138.4092 30.3759
132.7623 29.6118
127.4269 27.2567
135.9555 28.4874
136.5862 29.3892
128.7001 28.6370
138.6901 30.6062
134.4859 28.3362
139.4659 31.1595
135.2750 29.4001
136.5912 28.6901
135.3912 25.3369
134.8262 29.1620
139.1730 30.9001
134.4292 30.6224
137.2802 31.3221
134.2932 27.6043
135.1963 31.8562
131.7438 26.2739
134.5913 25.4360
137.2997 29.6029
132.7317 31.2925
131.6081 30.4378
134.8803 28.3931
136.7152 30.9367
139.9670 33.9487
134.8932 30.0377
140.5255 34.0504
136.6663 33.0280
135.3399 28.3917
134.9483 28.0217
131.3326 30.3900
131.5055 30.7696
137.3952 29.7410
136.6146 32.5737
138.8234 31.0671
135.3448 28.1097
132.4139 27.0139
139.4379 31.0798
134.3996 31.0488
131.6492 30.4467
131.3192 30.3268
137.8533 30.7670
136.8265 33.0109
135.4432 29.0287
135.0030 28.1285
134.6459 31.3677
137.1163 29.8167
135.1035 29.6353
136.1614 30.6241
134.5404 29.4628
134.8252 27.6836
134.6936 29.4790
132.8722 30.3632
135.4261 29.8636
137.0634 28.8826
134.9638 30.6229
133.3418 30.8088
139.6456 30.4691
139.6201 29.3974
134.6516 25.2610
134.6056 27.8956
136.3541 32.6428
138.4930 30.1814
134.5767 30.7191
134.4397 30.9318
131.2651 30.2778
138.2449 30.7992
131.1731 30.4097
136.2716 29.9693
131.4141 30.7756
133.6171 30.7667
134.4447 30.7412
130.3722 26.4832
131.0680 30.1418
137.9651 30.6809
134.1528 26.4701
131.2930 30.4290
137.0379 31.1639
136.7148 29.9133
141.9356 34.9651
134.6468 29.8648
131.8061 30.6330
131.4874 30.7103
139.2370 31.0512
136.6898 31.0370
130.8377 26.4168
135.6477 32.7546
132.0428 31.3458
136.7397 31.0619
133.0718 31.8150
131.4046 30.6739
130.4744 28.0383
136.7964 32.8744
135.2317 29.3137
135.1315 30.0855
134.9800 29.6544
136.1156 28.5527
139.1784 29.2094
135.5983 32.3087
131.8281 31.0088
134.0610 28.8540
137.5768 31.1763
131.5162 30.5362
132.3001 28.0897
136.2371 30.7702
134.6047 28.4714
139.6562 30.6502
137.0524 32.7610
139.7305 29.3662
139.4268 30.5833
134.9479 30.8103
136.4925 33.0282
132.2168 29.6036
134.3371 30.9763
136.4136 30.8995
135.9950 29.9739
134.4675 30.1711
139.5038 30.3600
139.4465 30.9932
134.4843 29.3137
133.8920 28.8168
136.5862 31.1973
135.6587 29.3661
134.8341 28.3257
129.7878 25.0742
136.5221 29.4370
137.4526 30.0342
133.1311 30.6981
136.8186 32.7811
138.9136 30.7180
138.4868 30.3746
134.0369 30.2202
136.0425 32.4638
139.1557 30.9876
134.6272 28.7517
135.8531 28.4333
127.8253 24.0313
137.8368 31.2183
134.9736 30.2427
139.6387 30.1886
134.0144 29.1090
136.7398 32.6755
134.4535 28.6352
128.4912 24.6871
137.2952 29.7335
137.9490 30.6088
135.4316 28.6549
133.0819 28.5171
139.2821 30.1563
136.6725 31.0522
131.4363 30.3080
133.1713 29.4954
136.5619 30.8700
127.1601 27.6538
140.6005 34.9149
139.1981 30.5910
136.8951 33.2511
133.9889 25.7128
134.2335 30.4038
129.4152 25.1145
132.1580 30.8916
133.9285 29.8869
134.9517 28.2472
135.2961 28.6398
130.8228 29.8521
135.1461 28.6497
134.3026 27.3237
138.5036 30.4347
138.3769 31.2239
133.6365 29.8857
132.8692 30.1138
135.0687 29.7787
136.2381 29.6480
135.8778 30.1344
136.3517 29.5561
136.4154 32.3175
136.5388 32.4233
136.9355 31.2494
135.0596 30.4490
134.9161 28.7393
137.5144 29.2723
131.7708 30.5935
134.7762 28.6622
131.7900 30.3885
133.0994 27.8916
136.0401 30.5998
139.3381 29.3182
136.4861 28.7752
134.5263 26.5775
133.4712 29.6306
139.8394 30.4610
132.2936 26.4930
138.3202 30.1429
135.3212 25.4530
134.9916 28.8789
134.2660 26.4128
129.8936 25.4833
135.0958 30.9528
138.4889 30.3908
139.6111 30.3452
138.3656 32.1546
139.2684 30.8718
139.4045 29.6334
134.8060 28.2142
138.8446 31.2198
132.7905 26.4413
137.3920 29.8730
130.1495 25.3877
134.2523 29.5529
134.4442 30.5365
131.2604 30.4333
138.8212 30.5793
134.1315 31.1972
136.7881 32.8203
137.7800 30.1471
133.1441 29.5125
135.8990 28.7372
132.2879 26.6102
139.4970 30.2157
136.8905 29.6507
129.5220 25.4790
138.1561 31.2452
136.1662 32.3905
133.9836 29.9941
137.3906 29.6604
134.7993 25.4160
129.7110 25.0554
134.7056 30.3534
134.2589 28.7243
128.3519 26.1928
136.6196 29.3527
131.8677 30.3860
135.5008 32.0882
139.2187 30.8014
137.3535 31.4211
138.8848 31.1476
133.5390 30.5171
136.9279 31.1104
134.5143 28.6708
139.7212 30.7291
137.6095 29.9692
137.2589 29.6097
135.1842 28.9163
134.1274 30.6148
133.7429 31.6187
138.5290 30.2079
134.9171 30.1141
134.6599 29.0331
136.2648 32.3981
132.9204 27.3088
134.2965 31.2980
137.2029 29.9686
135.1627 30.3173
134.1827 25.9086
134.0584 26.5331
136.5186 32.3317
134.7352 25.5108
133.0345 27.6515
137.6574 34.2205
137.3975 29.6726
137.9883 31.1572
135.3887 28.1510
135.5029 32.5040
136.3176 29.5306
138.1468 31.3045
136.0781 30.5237
134.8875 29.9547
136.7895 30.8972
139.1440 30.9576
138.5968 30.1500
132.3532 30.9010
136.3917 32.4570
126.4222 26.6275
132.7011 28.9882
132.3566 30.4837
139.3143 29.9029
132.3340 30.5975
137.3015 29.8367
131.1935 30.4607
132.5234 30.3163
136.2861 32.3027
137.0327 29.4713
139.4722 30.3938
136.2029 29.5585
138.1659 31.2063
137.0269 28.8864
132.7890 31.6160
128.9422 25.9839
136.5175 33.2321
136.7357 32.5082
131.3249 30.5537
138.3083 31.2070
139.3953 30.9744
135.8146 32.4058
132.9683 28.2506
135.7120 28.7321
132.7819 27.2595
133.1012 27.3440
135.8779 28.5679
131.3304 26.6335
134.4765 26.9195
137.2986 30.0473
136.1255 32.0917
132.5814 26.7898
137.7245 31.3392
135.3300 25.2203
134.5515 25.7685
132.4550 30.7866
131.9404 26.7728
129.8671 26.0391
137.8106 31.1878
139.3588 30.7763
139.8331 30.2544
134.6348 29.3238
133.4254 28.5786
137.2953 29.6743
132.7629 29.2838
136.7422 32.5865
136.2408 30.7364
132.8607 30.9386
137.2050 29.8015
134.5824 27.9625
134.6349 31.5598
136.1925 32.8490
133.3083 29.6133
134.6339 29.3815
136.1095 31.6885
134.9294 28.0380
139.4966 30.6430
133.9533 30.3940
139.2413 30.0968
138.4613 31.2114
131.9878 27.7962
133.0341 29.5114
136.6003 32.8822
134.7249 30.7831
135.8727 32.4130
134.0488 32.4560
136.5217 31.4363
133.4433 28.7134
133.0591 29.5023
131.0075 26.3318
140.0733 30.1041
133.4745 28.5387
139.1294 30.2104
138.4573 30.6063
138.7711 31.2182
136.2089 30.7136
132.0547 30.7437
131.5166 30.4625
138.5286 30.2317
138.1347 31.1843
138.5698 30.9762
133.1373 26.4615
134.9802 30.9385
129.9250 27.3547
138.8346 30.7917
134.7291 31.3322
134.6489 27.8561
134.3401 30.3773
139.5981 30.8214
132.9342 27.7257
134.5013 27.7463
136.1409 29.6636
135.7047 28.3526
129.5024 26.5104
136.8337 33.0713
129.0065 30.0763
137.3967 29.0683
133.3315 27.9503
140.1283 34.0824
133.9169 25.3021
139.4706 30.8570
135.9423 28.5607
134.1732 25.8696
132.3296 26.7240
134.3915 27.1166
138.3893 32.9293
132.8195 29.6729
135.1742 28.3808
134.2638 26.4975
134.0015 31.2610
135.0055 28.2122
131.1849 26.2616
139.8350 30.5508
135.4967 31.9646
136.3912 32.4151
137.5622 32.6306
133.0305 27.4045
136.4530 30.9901
127.0319 27.1117
133.4735 29.7946
137.2879 30.1328
138.8886 31.1434
134.7017 28.8756
138.2508 31.1985
135.0799 28.2587
136.5233 29.4463
138.2790 31.2845
137.4477 31.3314
138.9362 30.5740
134.2651 25.9414
132.6173 30.7078
134.8993 29.6197
138.8488 31.0824
133.5357 27.7391
134.6069 28.4089
137.6675 29.2378
134.6568 28.4943
137.1608 29.5548
130.5384 25.0790
136.1367 30.6159
129.3936 29.7209
135.7353 28.4272
138.3644 30.5363
133.3009 29.6083
134.3128 30.5419
139.0988 29.8074
135.0986 30.1587
138.9014 30.9417
139.7287 30.8199
137.3984 30.0988
128.7771 29.5300
137.8912 31.2679
137.5316 30.1660
136.9794 29.6488
136.2422 30.6653
135.0199 30.2807
137.1425 29.7857
139.2350 30.2797
138.8713 31.2043
134.2308 30.3099
134.7782 27.4802
131.5789 30.4198
129.9082 25.7823
136.7307 31.1834
132.8984 29.6263
134.4650 28.1494
139.4946 31.0798
139.3398 29.5328
138.6732 31.2216
137.1686 33.2703
134.5242 28.2974
135.0706 28.3732
134.4635 28.4339
139.0227 30.1853
133.0484 28.3439
136.9325 29.4687
138.6689 31.2013
137.6936 29.9485
131.3476 30.4373
132.3636 30.8533
134.7161 28.2536
134.8510 28.1002
135.1454 30.0032
136.5717 31.3243
136.3421 28.9264
135.9572 29.9892
131.2277 30.3168
137.2441 31.2285
132.8046 30.7063
129.5280 25.8295
133.9902 25.9798
131.0435 30.2437
132.5026 30.6105
134.8887 30.4832
135.0248 30.5209
137.9253 31.2342
132.7554 30.2693
131.9286 28.3787
139.5630 30.7630
132.6427 30.6919
132.0288 30.4821
134.3054 30.7074
137.6500 30.1301
137.5628 30.1118
135.3380 29.3848
132.8951 29.6792
127.3158 26.6930
138.9603 31.1214
133.2897 29.6359
135.8181 25.6507
139.8344 30.3147
137.7390 31.2149
137.0975 31.2444
132.6932 30.7688
132.3032 26.4432
139.6387 30.9067
138.1836 30.8031
135.9608 29.7540
138.8219 31.0362
132.8494 27.2979
132.4221 30.6439
129.8608 25.4513
135.4710 30.0118
136.6852 30.0400
137.3876 34.5916
136.6805 29.6557
139.9991 30.1703
135.6986 33.2593
137.6310 30.1334
140.1296 30.4041
137.2151 29.1059
136.1460 33.2062
139.3074 30.7988
134.2715 30.7160
135.8923 32.8738
139.5021 29.2047
136.1496 33.0716
138.5403 33.4270
136.6368 29.8455
138.9859 31.0216
138.7740 33.6246
136.8039 32.8501
139.7128 30.8617
139.7758 30.1077
138.3300 30.7702
135.1853 30.0432
139.0834 30.9137
135.7416 32.7638
134.1102 30.8014
135.5047 33.1592
135.8599 33.1587
135.6277 32.8257
128.9279 29.4421
139.0159 30.6243
128.2058 27.7210
136.3671 29.3614
136.5493 33.6062
139.4892 29.6186
137.5112 29.1930
138.9724 30.9324
137.8817 31.1262
136.1942 33.1236
136.5727 29.5843
139.7250 30.7601
137.7362 30.4522
136.0131 29.0299
135.6443 32.8968
139.2839 30.7798
137.3151 30.3212
128.8309 28.7157
139.2364 30.9007
140.9957 35.0528
137.1771 31.0842
128.4540 28.7007
139.3941 30.5047
136.7855 28.8670
136.2734 29.1508
138.9499 30.4289
133.3351 30.1201
139.2953 29.6743
138.4913 30.5575
136.2754 29.5050
136.7638 33.2039
128.2546 28.6760
136.2749 29.7913
136.2263 28.9194
136.5618 29.7988
134.6865 26.9357
138.1181 33.4477
135.5882 32.7141
133.4312 29.7876
137.5602 29.1697
138.4870 34.2872
136.2421 30.5575
129.8645 30.3711
137.9808 29.3785
137.0115 33.2106
139.0987 29.9285
141.3540 36.2778
139.0220 30.3287
140.4023 33.0685
135.9653 29.9860
140.6975 35.5726
139.4539 30.3191
139.6481 29.9203
139.2236 30.4265
139.9151 30.5797
139.2176 29.8732
137.1082 29.0729
139.9000 29.9818
135.7749 29.1600
136.1034 33.5478
139.1497 30.0501
139.5065 29.1787
136.0887 28.8336
136.3935 32.9459
141.8898 34.8125
135.6270 28.4241
136.7416 29.5881
139.5813 30.9603
137.1215 33.1558
135.5144 28.9966
138.7408 32.0717
136.3804 30.7394
136.6264 29.9896
139.6823 29.5505
135.9242 32.9323
138.3749 30.5440
136.6518 28.9780
135.7887 33.1232
138.5041 30.7162
137.1808 29.0791
136.7998 28.9458
132.9318 30.6974
139.2277 34.4515
136.1013 32.6853
135.5404 32.9950
136.0853 28.8059
138.3308 33.0204
138.4926 30.7202
136.4874 31.0447
135.6061 32.9468
135.6514 32.8151
137.6057 30.8573
136.9566 33.6742
135.9067 29.0244
134.3228 31.1242
135.7631 32.6385
137.3843 30.1726
135.7101 32.7007
142.1808 34.7537
139.6302 30.5785
139.1091 34.1729
137.8461 29.4687
128.4508 28.4387
137.0176 33.1233
135.7489 33.0601
141.6692 34.9161
137.7954 30.2525
137.4713 29.2156
139.5543 30.6317
137.0725 32.9991
136.1844 33.7434
138.4180 30.7203
135.5579 33.0783
135.6354 33.1351
136.5612 29.9331
137.0256 30.1491
137.0770 33.3545
139.8099 30.6981
135.8583 33.1086
135.5288 30.0593
138.5188 30.6843
137.0485 31.1976
138.3318 30.1288
132.9853 29.7954
136.1901 32.6634
137.1771 33.4913
139.5678 30.7806
135.5531 32.9835
135.9066 32.7168
133.6333 28.6651
139.3689 30.2403
133.0906 30.7465
135.7909 28.8550
141.8205 34.4304
136.5879 29.8009
137.5695 30.8588
137.4266 31.1679
138.2820 34.2563
136.9426 33.4636
139.4649 30.2452
137.8728 31.3177
136.7032 33.1308
135.8677 32.8909
135.7842 33.3071
136.3245 28.9812
135.7342 32.9751
139.2132 29.6989
135.7359 33.1719
139.4262 29.7297
137.7473 29.9194
139.1225 34.4437
139.1395 30.9611
127.7184 27.4455
127.2943 27.0044
139.3848 30.8234
139.2875 30.9096
128.6787 27.8726
138.4634 30.6241
135.5240 32.7589
137.9714 31.2747
139.1001 33.4976
136.1810 30.8056
142.0590 35.1957
133.6530 31.5364
137.2020 29.5139
141.8070 35.2999
137.1591 30.3462
135.7886 32.9182
136.7257 30.2270
136.5016 33.1489
129.1261 30.2078
139.4274 30.9275
132.9698 30.1212
139.4106 29.6499
135.6326 32.8376
137.3065 34.5225
137.3692 30.4086
135.5483 33.0191
137.3819 34.4996
137.0083 34.2088
135.6448 32.9084
138.5450 30.6841
138.8977 29.9514
136.5073 31.2527
134.6350 29.1461
136.5908 32.3093
136.1375 33.1806
136.9098 33.0243
133.0455 31.0059
135.2378 33.2329
135.7802 28.4911
136.8712 30.0595
134.8689 27.3869
136.5432 33.1005
134.6260 25.4756
131.3137 28.6541
138.2482 30.4570
138.6936 30.0200
135.0798 28.2616
129.7966 29.2740
137.0703 33.4751
136.0638 26.0024
136.8014 31.0026
134.9889 29.2046
134.0649 30.5314
134.7227 29.6102
137.9937 32.3983
136.2187 29.5327
139.2993 30.1582
136.5654 32.3331
132.3914 31.2519
135.5636 29.2121
138.3266 30.7649
138.2250 31.2436
136.7199 33.3601
137.5450 31.2500
139.7471 30.4322
136.5403 29.5065
134.1300 31.8310
134.6619 27.9915
131.8948 32.0011
139.5970 30.9168
124.9062 31.0607
128.4859 26.3432
134.3543 25.6096
127.3824 27.7136
139.7306 30.4832
139.0835 30.3885
138.3944 32.9531
139.6772 30.9681
136.7152 28.6902
139.5535 28.6294
137.9468 33.5513
134.4842 26.5714
135.4118 32.7360
135.3954 30.9131
135.7250 28.8946
134.6047 30.0977
139.4554 30.1353
136.3238 31.9707
132.3817 31.6745
138.9284 30.4983
136.7226 32.2679
138.7436 29.5372
136.4916 29.4169
135.0147 28.5520
136.2134 32.6023
136.9012 28.8989
136.8305 32.8398
135.3998 31.4873
139.5809 33.1503
135.6998 28.5202
136.5022 31.1286
135.0883 27.8424
134.8763 28.0961
137.9628 30.7350
135.0989 28.2279
139.8475 30.8165
134.5734 26.9315
137.0930 29.6521
136.8212 31.3167
136.2200 29.5557
137.0521 30.1956
138.2059 31.4057
137.7539 29.2724
135.2945 29.0198
139.5604 29.2824
127.8024 28.1086
135.2819 28.3720
134.4669 27.6537
135.7287 32.6451
139.7487 30.8562
134.5562 31.1505
136.8961 31.3120
137.7368 30.0311
134.3842 26.2612
137.3255 31.2556
134.8677 30.7181
137.1745 29.4941
127.7288 27.4361
135.8374 31.6027
137.3210 33.5415
135.5658 29.3449
139.4973 30.7488
134.5255 29.8643
131.5512 25.9976
136.0202 30.2648
136.6815 32.4352
136.2768 30.8599
134.9852 25.3926
137.6223 29.2459
137.0277 29.0824
138.7767 33.2753
134.1385 30.3054
134.6756 28.3970
136.4167 30.9438
134.9982 30.4056
138.3369 34.2911
134.5210 31.4041
134.4820 30.4115
134.4872 28.1976
136.5902 32.7513
134.4592 30.3050
139.2316 34.1280
138.7799 30.7522
138.7006 31.2202
139.0908 30.5214
137.6419 31.2716
127.2257 27.0219
135.1786 27.9673
139.4430 30.7144
132.8331 26.2900
139.1057 31.1162
132.2473 26.1719
138.2822 31.2421
135.0274 29.5591
136.1899 33.3180
137.1713 30.8480
136.6754 30.9362
137.2885 29.8951
136.2955 30.8205
133.0737 29.7142
136.4189 33.1145
136.0633 29.8426
137.6505 33.1609
136.0372 32.4512
134.7639 25.4908
136.5557 28.7090
139.1507 30.7804
132.8598 27.1782
134.8105 27.9814
135.3516 29.6048
139.4785 30.3377
131.7268 30.6456
139.7313 30.1473
127.1509 27.2415
133.0339 31.1751
134.2936 25.9781
134.5256 28.9916
131.5578 30.6610
139.2523 30.7487
135.2250 28.3881
136.7474 32.6970
139.2984 31.1121
136.0582 29.5910
136.1296 32.4346
139.3204 29.9166
128.4557 28.8988
136.7924 33.1858
137.3396 29.7927
135.1884 28.7102
137.1001 29.7385
137.3634 29.7365
137.1700 31.1626
131.3483 26.3453
133.1383 26.5575
139.1273 30.9635
137.0810 29.8955
132.4740 30.6236
133.8922 31.4128
139.2032 31.0351
136.8144 31.1146
138.6920 31.2122
138.9386 33.3414
136.0558 32.3382
136.2857 30.7210
131.8255 25.9787
135.0344 30.9195
128.7140 29.2765
136.1990 29.9056
134.0203 29.8011
131.6027 30.3896
139.0261 31.1413
135.9369 28.9416
132.2769 26.2742
134.0743 26.1482
136.1684 32.4676
136.1119 28.6398
137.1344 29.6828
132.1303 26.8695
136.5029 31.0841
138.1506 34.2931
136.1312 32.8784
134.7950 31.0290
134.2144 28.1449
139.4868 30.1195
134.7437 29.2658
134.5323 31.2379
134.3776 26.4290
139.6256 30.6290
138.6284 31.0550
137.5948 29.9465
139.1356 30.8855
138.3484 29.8734
134.3822 29.4454
137.7818 33.3975
133.4185 29.6241
140.4443 33.7783
128.6507 25.8002
136.0305 30.2684
138.4691 30.7933
136.4415 33.2442
136.8307 33.0657
133.6338 27.9539
134.1330 28.7374
134.0144 26.0813
131.9078 26.7948
136.3962 30.9409
139.0369 31.0559
131.3399 30.3744
136.0114 30.1606
138.1857 30.5190
135.9375 29.1159
136.2830 30.9022
134.2902 30.4693
138.2104 30.6149
138.3489 31.2025
134.9699 28.5424
139.5299 30.9634
139.5420 30.8271
134.3874 26.6471
139.0639 30.8259
137.3014 29.8350
133.5745 30.7458
136.2260 29.4658
139.3819 32.9371
134.1997 25.9203
132.1956 30.4749
132.6091 30.6623
137.7478 30.7093
137.1304 29.6338
136.9632 29.4890
136.0122 30.3083
136.0517 30.5459
133.8000 25.8249
134.3997 30.3754
133.9589 25.6877
138.7630 30.7150
134.5850 31.6882
132.7092 29.0324
136.8136 31.0983
134.2775 26.3509
132.9825 29.3380
138.4329 33.4405
132.9451 26.9378
136.5151 31.0489
139.0336 30.6727
134.0445 28.6615
135.0254 28.6849
133.0815 31.5657
139.4417 29.5933
136.3485 29.5029
132.3335 26.7746
136.4916 31.1760
126.9372 26.6016
134.6217 30.5520
127.3137 26.6999
137.1792 30.0088
135.9761 30.4741
138.3320 30.5925
139.5973 30.8767
132.4585 26.8473
137.7325 30.8934
136.4792 28.6389
138.3571 30.4388
136.0985 26.4137
139.1127 30.6573
131.8335 26.3253
139.3418 30.1541
131.2491 30.3501
136.3531 32.4036
136.0255 30.3927
137.3189 30.0225
139.5711 30.0186
136.1640 30.7173
128.5846 26.1449
139.0965 31.2058
138.1980 31.2135
136.8801 32.8773
139.1614 30.9260
134.5047 26.6840
138.9484 31.0802
136.2356 29.0398
136.0106 29.8728
132.6907 27.1863
134.2778 31.0823
136.6409 29.4914
137.1708 29.7945
136.9548 31.1525
136.2669 28.6020
134.5276 31.4131
138.4011 31.1703
128.4029 28.8116
133.2747 28.2080
139.5991 30.2404
136.6337 32.8752
137.5350 29.2242
129.4332 25.0479
129.3601 24.8097
137.9148 29.4200
131.2828 30.3026
128.9201 29.9775
134.6011 25.4710
134.9594 28.6882
132.0777 26.1232
136.7247 29.4426
132.8526 31.9616
139.5263 30.9587
133.1488 30.5859
139.4203 30.7710
134.5508 26.6546
134.5089 31.4598
136.6192 32.3275
139.3476 30.7663
138.2888 31.2289
134.4528 26.4516
138.0949 31.2693
132.3953 30.7133
138.7677 33.2776
128.9394 29.8564
132.6845 27.4316
134.6522 28.0816
134.3627 32.6281
138.9720 31.0236
135.1545 30.1134
139.2164 30.3873
135.3631 29.3209
136.6575 33.1479
135.9241 32.6433
135.3725 29.2637
134.8461 28.3169
136.6228 33.0972
139.3938 30.4390
133.1549 27.2794
132.8786 27.3397
134.5202 28.6455
134.9341 30.4216
138.5412 33.6469
127.3072 27.6629
135.6298 29.1148
132.3397 30.5746
127.6813 26.9643
132.5032 29.2826
135.3045 29.5261
139.5383 30.4376
134.9125 27.9475
130.4987 26.2398
132.1241 30.6141
134.5972 27.4578
139.1736 29.8532
134.4463 30.7742
135.9340 28.9564
135.8998 32.5088
139.0439 33.2174
138.6350 30.7260
127.5706 27.5633
134.4997 31.1169
136.5915 32.6261
128.4301 28.9669
138.5999 33.4239
138.4148 31.2305
135.3506 29.1727
136.6070 33.0760
139.6362 30.5732
134.9420 31.1217
131.3593 30.4863
135.3796 28.7300
137.6134 29.8617
136.0882 30.0249
131.3216 30.4972
133.0515 31.7091
127.1842 27.0736
136.0499 31.9294
131.8290 30.5769
128.0204 28.4909
133.7530 32.2906
135.5146 28.7198
138.6107 31.2123
134.7903 28.5250
136.6643 33.0885
139.7137 30.4795
135.7036 28.6867
135.9123 29.0569
133.2155 31.4092
131.8380 30.5333
137.2754 31.2521
137.2080 29.1677
137.6959 29.2959
139.0820 29.7650
137.8746 33.3022
137.8118 30.0215
135.6639 29.0427
135.8467 28.5896
134.3972 31.2485
137.4389 30.2621
132.2510 26.5876
132.6715 30.5491
136.9387 29.4896
135.0682 28.1293
136.8380 30.9095
139.3631 30.2570
135.3186 33.0921
134.8906 31.1666
137.6314 29.0716
135.6897 29.1368
137.1578 33.1627
137.8169 31.2872
136.4251 30.9096
137.0869 31.2260
133.6746 31.6081
135.4766 28.7306
138.1148 30.8531
135.7384 29.0365
133.0142 30.1530
135.5798 32.6176
135.5948 29.5227
132.2238 30.7054
134.2574 31.1546
132.9996 27.7484
130.0765 26.4783
137.1483 29.0602
131.5091 30.4972
136.8159 32.7320
136.6720 33.1079
133.9957 30.1394
139.0802 30.1137
136.6092 32.9378
139.1993 30.1596
138.8211 30.7527
137.0920 29.5180
139.6134 34.6293
136.9022 30.4146
138.4528 31.0051
137.1390 33.7607
137.5916 30.2031
139.4706 30.3241
137.1892 33.7802
137.7980 31.0489
136.7582 30.7961
135.9398 32.8292
137.2583 30.6540
135.8789 33.2311
139.0819 32.6745
137.3569 31.0223
137.1890 30.5760
139.0142 30.7306
136.9565 33.7698
138.5567 30.8166
136.9377 33.7944
137.1485 30.3415
136.0551 32.9034
137.2050 29.9522
137.9638 31.0667
137.7051 29.4371
137.7821 31.0737
139.0276 33.8237
137.3377 30.6237
138.7544 30.3836
136.1929 33.4534
136.7892 30.8069
135.7985 32.8482
137.1445 30.0456
139.2598 30.4498
139.6070 34.2287
136.3039 33.1594
138.9863 29.7140
136.0666 30.0800
137.0337 29.9559
136.2465 29.6562
136.2430 32.8487
139.3576 30.0575
137.3673 31.1157
139.2823 30.6073
137.3417 30.6832
137.8315 31.0383
136.6489 33.2815
138.2960 31.1383
137.1673 29.8381
136.2939 29.0785
136.3628 33.8107
137.2397 30.3913
139.3299 30.7336
136.9690 30.0888
144.1687 36.2718
139.6527 30.1055
137.5436 30.5997
139.8572 34.0369
139.1989 29.9774
136.1385 32.9753
137.4274 30.2946
136.1770 29.7795
135.9750 30.4375
136.4244 30.9786
139.2713 30.8306
139.2875 30.5897
136.1581 30.0194
139.1514 30.6772
136.5548 33.6312
137.0159 29.7579
135.9997 30.4946
137.1780 30.9946
136.3627 32.9180
139.4385 33.8742
139.4648 30.6733
136.1432 32.9391
136.4528 32.7507
137.0670 30.0372
137.1840 33.7494
135.9465 29.7975
138.7640 30.4584
136.3035 32.8960
142.0643 34.9489
137.9442 30.4567
136.7844 28.9956
138.7209 30.8819
142.2644 35.5625
136.6744 33.8424
137.3643 29.9915
137.5765 30.2822
136.4639 32.8609
136.3482 32.9253
138.0324 31.0262
137.1190 30.9340
136.1710 30.2577
139.3787 29.9900
136.3982 33.8291
144.7819 36.0356
136.1622 30.0380
136.1956 29.4191
136.3336 30.8857
139.3102 29.9752
136.3855 29.6901
139.9550 34.6241
136.3315 33.2457
137.0676 30.3137
140.5922 34.1719
136.6128 30.5808
137.1387 33.8043
138.8379 30.8554
137.4452 31.0409
137.0484 29.7819
139.1370 30.0416
136.4877 30.3989
137.3328 30.0723
137.4146 31.1311
139.1169 29.6963
136.1007 33.5167
136.3472 30.2441
139.2260 29.5829
138.3019 31.0017
136.5897 33.2535
137.1269 33.6211
138.0717 31.0527
139.7828 33.8755
139.5733 30.5243
136.8415 30.8829
136.5384 29.9733
138.9419 29.7856
139.8964 33.9753
139.1937 29.8694
136.2480 32.8064
135.8644 30.1111
143.1127 37.3129
139.2182 30.4182
136.8408 29.5521
137.5827 30.2133
139.1611 30.7491
134.5525 33.1033
137.2204 31.0019
136.5296 32.9153
136.5611 33.8304
136.7364 33.6285
139.3245 30.4273
139.5336 30.3495
138.7480 30.7492
136.7345 33.0245
136.0911 33.3666
136.2111 30.2056
137.2446 29.7311
139.2146 30.0084
136.6815 30.7733
138.6702 30.7606
136.8549 31.1088
139.3754 30.3463
136.7487 30.4324
136.1570 30.3015
136.3003 32.9002
137.0261 30.0992
137.8449 31.2912
137.1837 31.2056
139.3662 30.3885
136.8464 29.7454
142.3193 35.4219
135.5958 32.9802
139.5606 30.7716
136.4061 32.9000
136.8263 33.7519
136.6063 33.2693
139.9579 33.7788
136.2819 30.3611
138.9881 30.7917
139.3531 30.0432
136.9372 33.7475
141.7348 35.3370
136.3365 29.3996
139.3269 30.2913
138.3423 30.7627
136.3418 30.5374
136.9346 34.0315
137.2113 34.4530
139.1193 33.7221
137.5902 31.1547
136.9836 33.6847
136.2797 30.8782
137.1273 30.9755
136.6058 33.5751
136.6421 30.1713
137.1646 33.6267
136.7755 29.5481
137.5392 30.5540
136.3383 33.6583
136.7670 30.7578
136.7154 29.8883
140.5351 34.6373
138.9283 30.7811
137.1625 29.8009
136.9350 29.6510
136.8477 29.3726
136.2559 33.0630
136.8395 30.5279
136.8723 29.0562
137.0789 30.0145
140.4105 34.9415
136.5982 33.7173
135.5809 33.2161
136.4488 33.4009
136.1921 30.7722
136.0525 29.5768
139.5564 30.8224
138.5214 31.0966
139.3856 30.7701
137.5582 29.8845
136.9459 30.2834
136.4266 30.5597
136.7898 33.8606
136.5082 30.3506
137.5779 30.3659
137.8161 31.1746
135.6767 33.1460
136.7641 30.8111
137.7816 31.1900
136.2521 33.6696
138.5621 30.5907
137.2739 29.7351
136.8986 30.1030
137.0791 30.2072
139.5940 30.6853
137.0723 33.6912
136.8637 30.9757
136.0757 29.9997
137.4273 30.6672
136.1421 33.4937
136.6893 32.8772
136.2326 30.3898
138.1807 31.0347
137.0082 29.4821
136.1067 33.4687
137.7913 31.0579
139.1812 29.6111
136.2059 30.1499
136.3455 30.3136
137.2574 29.7215
136.1001 29.8480
137.5188 34.6090
138.7983 30.7419
136.8333 30.8653
136.4565 29.7846
135.7171 33.0884
139.1174 30.1077
137.2989 31.1042
142.0493 36.2420
136.5976 30.7000
139.0192 30.1488
136.4597 32.8907
135.9417 33.2398
137.0549 29.5168
143.2117 37.2006
136.6009 30.2313
136.5950 30.6893
138.0735 30.8268
138.9360 30.3533
139.5078 30.1245
136.4861 30.5828
140.0168 34.3934
137.6457 31.1550
137.7350 31.1721
139.1530 29.9110
136.0766 30.1193
138.5593 30.8053
137.7755 29.9706
137.1222 29.1250
135.9063 33.2593
136.4133 32.9122
137.0096 29.4393
136.5716 30.6088
136.7272 29.7939
138.4685 31.1124
137.4622 29.9697
138.1913 30.7930
136.4597 32.7425
136.6795 29.6569
136.6213 30.5739
139.1879 30.1548
136.8863 33.6795
139.1473 29.8699
136.9907 30.2510
136.6684 30.7726
136.3431 32.9150
137.0328 33.5978
139.0288 30.7431
136.4031 30.0204
139.9340 30.4956
136.3192 30.4234
138.7993 30.4535
136.2168 29.6884
136.3262 29.9371
138.0798 30.8119
138.0094 30.9211
138.0701 31.1618
137.7159 31.0655
136.8246 30.2707
139.1335 29.6098
137.6744 30.3326
136.4268 30.4260
137.9671 31.1794
137.0040 29.5885
139.0898 29.9048
137.4666 30.4820
136.8582 29.4433
137.2064 29.1549
137.6703 29.9893
139.2775 30.5626
129.1999 30.1711
134.8636 28.5809
136.5840 32.7834
135.6049 30.3296
134.3058 27.1669
140.0892 34.6478
130.9208 29.0561
139.3907 30.6165
145.1041 35.3951
136.2100 32.2141
133.8016 31.9813
137.1601 28.8933
128.3760 29.0607
138.1982 33.6938
137.0080 33.0513
133.5818 31.1521
134.2379 28.5070
136.6205 30.1567
141.2093 34.4977
138.6567 29.8949
133.4178 30.3545
131.4394 30.2668
133.7476 29.8094
135.3480 28.4564
129.8213 24.9419
133.1523 29.3231
131.2919 30.8760
132.9319 29.5084
134.2538 31.3083
141.3602 35.6184
134.7579 28.2243
134.9258 27.6961
135.7266 27.2770
136.0345 33.0235
137.2324 29.5598
133.7520 29.0476
136.2287 30.6210
138.7886 31.1477
136.2658 30.7943
136.8455 28.9905
127.3242 27.0230
140.0602 34.2767
138.6763 30.9968
135.7573 28.5177
137.4522 33.0114
134.7395 27.8833
139.0593 30.3739
132.8441 31.7048
138.0840 31.1213
139.6555 30.5408
124.0760 28.0005
137.1293 31.6225
134.2625 25.5241
134.7538 26.2261
128.1607 28.5503
134.4086 25.7119
138.6644 30.0817
137.5140 29.0750
139.2082 30.5465
134.8171 33.4112
136.9284 30.9671
137.3511 31.0139
135.7355 32.7966
132.6761 29.5069
138.9002 30.9919
136.9459 28.8747
128.5684 25.5053
136.5322 29.3364
132.7243 29.5123
134.1965 28.4229
140.0566 34.2673
136.2447 33.3460
133.4957 30.5029
137.3655 32.5588
137.9084 29.3037
134.5081 28.8097
139.7087 33.5529
134.3063 25.7698
136.6726 29.4204
138.8509 30.8563
131.7750 26.2897
140.6990 35.0762
128.5146 28.0574
136.1588 29.7894
134.4434 27.8788
137.7519 30.3269
137.0861 31.1014
133.4510 31.0405
127.9160 27.7558
134.1328 25.6878
133.1631 31.2097
136.6494 33.5654
141.3638 34.3668
134.0223 31.3202
127.7277 30.1987
138.0593 34.2793
134.1280 32.6309
132.3489 31.9110
137.2416 31.1598
137.2598 31.2789
139.7365 30.5164
138.2898 29.6402
134.5272 32.3021
133.2413 28.0762
134.7984 27.5615
132.5878 30.0258
138.4602 30.1198
132.0527 30.9853
136.6874 32.4504
136.6966 32.8143
135.2413 30.5936
138.5424 31.2045
134.6240 28.5903
132.4112 30.6943
136.0901 32.4336
138.2159 30.6156
137.2735 31.2114
135.9610 29.8639
131.9644 30.7612
133.5707 28.6476
136.2638 32.6951
135.1429 29.9457
135.2483 28.3295
137.1466 29.9832
139.7416 30.2487
127.3688 26.4395
132.7584 31.6374
135.9778 32.4715
134.9776 29.6073
133.1456 27.8507
128.9721 30.0948
136.8613 29.4276
135.4894 29.1831
134.7914 28.5720
133.9811 31.5587
130.9317 30.7556
139.1172 29.8479
139.5776 30.1967
134.2311 30.6833
139.2414 30.5632
136.0946 30.4255
133.4049 30.3687
134.6698 29.8598
134.5288 28.6953
137.5142 31.0968
131.5743 30.4941
129.6582 30.1560
134.9965 28.3301
139.4269 30.3169
128.8641 29.2356
139.4501 30.4271
134.6040 27.6837
132.0467 31.6807
136.0064 30.4761
136.0573 29.6629
137.6006 30.8793
137.1794 29.1021
135.1310 27.8297
139.3627 30.5337
134.5351 28.0914
134.3661 25.7211
138.5839 31.2156
135.0742 29.8405
134.5763 31.8769
134.3646 28.6169
134.6804 28.2373
134.6244 28.6202
135.2055 28.8452
138.5390 30.8540
136.0299 29.8455
138.3614 31.1888
136.7194 30.9580
134.7437 27.7455
131.9756 26.7265
127.0476 26.8056
138.5106 31.1690
136.6352 32.6874
132.3463 30.4970
137.6501 30.2096
128.7957 29.5555
134.9737 30.0790
134.4745 26.5305
141.0363 33.8822
135.1754 28.2163
135.4795 28.2282
134.9740 29.4433
135.2046 29.8046
134.4922 28.4527
138.9526 30.8140
139.6276 30.1624
134.0574 26.4547
136.1665 28.9861
132.2933 31.0382
135.3439 29.2477
131.4228 30.3890
136.5316 32.9536
138.0591 31.2073
136.3814 33.5701
134.7399 26.1914
132.7023 29.7750
139.3521 30.6171
139.3045 30.5093
137.0831 28.9312
137.5583 29.7681
133.6996 30.8594
136.9367 32.8197
139.3726 30.3038
136.0895 29.9347
136.6947 29.5783
136.9014 29.7176
134.6196 26.8393
130.9488 28.6676
127.5562 27.7459
134.6401 30.1559
139.7980 30.7711
141.2002 33.5167
136.2089 28.9451
134.9227 28.0671
137.4176 29.0641
134.0509 25.8508
139.1225 29.9639
139.4673 30.7050
134.6503 28.1626
139.4802 30.8261
139.8287 30.5704
134.5130 29.6525
140.2028 34.4573
134.7670 30.1185
134.8819 28.2528
134.1171 28.6697
136.0515 32.8353
139.6311 30.4908
134.6398 26.4606
137.7679 29.9295
133.3371 29.5810
135.3837 30.0944
133.7042 30.9204
135.2391 29.7768
137.2058 32.8895
136.1935 29.9133
136.0804 32.7420
135.4722 33.0267
135.7795 28.4849
136.0656 28.5947
139.8021 29.6385
134.4997 29.4377
134.4236 30.8610
139.3375 30.5951
138.8683 30.7208
136.1773 30.2291
137.0800 30.0083
132.2147 30.2812
139.3146 29.7449
134.9607 28.5844
136.0817 30.5367
131.3734 30.7251
139.2902 31.0776
137.1567 30.3140
129.1220 29.8893
128.7480 26.2058
137.2626 31.3351
135.0115 27.9622
136.0895 32.6828
139.4099 29.4243
139.9249 30.1644
129.0044 29.5825
138.8334 33.4787
128.7139 26.7222
139.2375 28.6901
134.4777 26.9631
137.0062 29.4479
137.2390 29.6959
134.8101 30.3420
131.7113 30.8579
136.9991 33.4572
134.1622 27.1970
135.4079 31.0562
139.7150 30.7438
139.4153 33.1851
136.7809 28.8011
139.6443 33.2742
136.2750 28.8128
139.7082 30.4562
138.7684 30.8292
134.6349 26.9706
134.4913 28.2287
138.1248 31.1828
128.8315 28.2560
131.6089 30.5721
136.7635 29.0375
128.8160 26.3299
133.0949 29.5503
128.7097 25.2788
136.5457 29.2673
137.9207 31.2380
128.4401 29.2336
135.6087 32.8524
134.8934 28.1085
135.8228 32.6808
136.1723 30.8045
136.8826 28.9311
138.3769 30.5492
139.4520 30.6096
138.8130 33.7748
136.4964 29.7943
136.7984 29.9137
139.5507 30.8443
139.4425 30.7018
139.0975 30.8620
139.2686 33.5314
137.8233 32.4855
140.1962 34.2708
139.4051 30.1023
136.0312 33.3474
136.8483 30.1516
139.9880 34.3899
137.1938 33.2687
139.0396 30.8336
139.1192 29.6096
136.8207 30.2149
136.0341 33.4608
142.6024 36.4113
139.1762 29.7870
136.2690 33.7817
139.0177 30.9436
135.7471 32.8774
137.1002 33.5860
135.8620 30.0935
139.1091 32.6209
136.7452 33.1053
138.9724 29.9090
135.9816 32.7807
135.7296 33.0673
139.8844 34.6169
136.7200 33.5877
127.5175 28.0079
135.6886 32.8194
136.7171 33.4003
138.7424 34.3503
138.3186 30.7709
136.6378 33.1622
136.1478 30.4330
135.8687 32.6393
138.0721 30.8172
137.1220 33.4889
139.5460 30.8358
136.0069 33.1674
135.5114 32.9093
135.6758 32.8513
136.3301 32.7180
136.3957 30.9812
136.2043 33.3041
136.8086 33.1495
135.6193 33.1149
135.5989 32.8510
138.4548 31.1465
136.0244 33.0822
135.6289 32.8343
136.9528 29.4318
137.6789 30.9112
136.7912 29.3888
135.7014 33.1302
138.8638 30.3596
135.9214 33.1212
135.7732 33.1515
140.9104 35.5116
138.7947 31.0715
136.7287 32.9922
138.2240 30.7986
138.7720 30.5163
139.2502 34.3795
135.9805 30.4501
136.0765 33.3242
137.1797 29.1215
137.1103 33.4582
137.0181 31.1555
135.8425 33.2987
134.6178 29.5105
138.7332 33.7496
136.6718 32.9851
136.8556 33.8297
136.5198 33.0312
135.8414 28.8256
135.8837 32.9974
140.6433 34.4359
137.0111 33.7528
136.5704 29.8012
139.0578 30.6946
135.4669 32.9479
137.1112 33.4046
139.1429 30.2207
136.5185 28.8355
137.1192 33.5733
137.7737 30.1270
136.5747 33.5826
135.7166 29.0367
136.9250 29.7157
137.8640 30.9368
137.2117 31.0027
137.8201 29.4988
139.5104 30.9166
138.0830 31.0796
136.8993 30.9143
135.0726 29.5487
137.0049 30.3657
139.3876 30.5126
135.5885 33.0800
139.0465 30.9379
140.4612 35.3689
139.5302 29.7532
138.9282 34.4275
127.4606 24.2425
130.4658 26.5437
136.2740 32.9262
130.7260 26.6661
132.5784 26.9174
129.5709 30.1964
127.8159 25.5830
132.2458 29.6130
135.9811 32.8007
139.4979 30.5217
136.7507 30.8594
131.0363 26.4913
137.4719 31.2246
139.0274 31.0857
137.3719 29.7212
132.7761 26.6534
141.3343 33.9301
132.2505 26.4841
135.4800 28.8529
136.3191 32.6559
130.0214 26.4921
136.4314 29.5184
132.1426 30.5344
137.3620 29.8678
132.0565 30.5901
139.2876 30.9500
136.1734 32.4509
135.9511 30.2595
138.7811 31.1059
134.5974 27.7216
132.3582 30.6463
139.2241 30.0245
131.6404 30.3908
135.9222 26.2440
136.3955 30.9039
136.3009 25.2347
132.6509 31.2372
126.8498 26.9298
134.2702 30.9891
138.1991 33.4341
132.6277 32.0084
139.9923 33.9455
136.5779 29.4193
131.0501 26.5458
136.6455 32.8230
139.2296 30.1119
137.3107 31.2530
133.0351 27.8716
135.6654 28.4544
136.1554 32.5365
139.4391 30.6007
135.0280 27.9103
137.3132 29.8305
137.0553 31.1351
140.1877 34.2321
134.9174 27.8842
135.4013 29.3987
130.5217 26.2004
137.3182 29.7967
132.5978 28.1497
137.3418 29.8289
139.1903 30.7261
134.0860 29.0927
137.8992 31.2403
136.7513 32.8299
137.3365 30.1675
132.4260 30.6233
137.2346 29.7209
135.4583 28.3882
131.3575 30.5384
137.2806 29.6879
137.6493 29.9279
136.3655 32.6938
136.7843 29.4010
139.2290 30.9887
137.2572 29.8065
136.5547 31.1703
139.1289 31.1647
138.6442 33.9133
135.4469 28.3717
137.5979 30.3184
138.2409 33.5300
135.6035 32.8333
141.0277 34.3953
137.3085 29.8426
137.2932 29.8103
133.8513 28.6892
134.7276 27.1567
131.4955 30.3940
138.3580 30.5591
134.1905 26.2964
130.7590 26.2419
137.7328 33.2786
136.2173 29.8048
137.3298 29.8579
132.0609 27.2031
137.6024 30.2317
129.3547 25.7170
132.2971 27.0311
131.8550 30.5820
132.2289 29.5004
129.2755 26.3105
136.0336 30.4520
136.8543 29.9718
137.2209 30.2687
137.4911 31.1406
138.9053 30.2825
137.0810 29.6466
138.5576 31.0979
138.3611 31.2132
139.2417 29.7211
137.4896 30.2341
136.2135 32.8321
138.3372 30.4502
136.3532 29.5682
136.9704 30.0758
136.6623 29.8801
139.2381 30.1099
137.8825 30.9258
137.0503 33.4684
136.5763 29.3744
138.9739 30.6872
136.8227 33.9354
137.2925 30.3395
138.0412 31.1096
139.6585 30.2892
135.7872 32.7014
135.7171 32.8631
139.6223 30.6092
139.1734 30.7913
137.5613 30.0488
137.2118 31.1213
137.5420 30.0733
137.5105 34.5997
138.8006 31.0652
139.9718 33.5124
136.9117 30.1010
136.4279 33.1575
139.1817 30.1780
137.3880 30.3386
135.8736 32.7972
139.0791 30.4411
136.3720 30.5867
136.0927 30.3759
136.8601 30.0438
136.7970 33.6116
136.2941 33.7863
136.3923 29.5057
136.4404 32.7525
137.0927 30.0069
137.7416 31.1691
136.0921 28.9374
136.6377 29.6133
136.9259 33.9574
136.6426 29.5091
136.9824 30.0764
136.2035 30.7256
136.9079 30.1150
135.9094 33.0724
136.3015 30.8139
137.6694 30.1533
136.4025 33.1246
136.9545 29.5464
136.4693 29.4539
139.2975 30.5454
136.1537 33.2388
136.0879 29.7851
136.0590 30.3945
136.7804 33.1598
136.2843 29.5352
136.5003 29.8095
136.2641 29.5571
139.0108 30.7194
138.8536 30.2345
136.1088 30.4643
137.2325 30.2661
139.1908 30.1743
138.5071 31.1481
135.9639 33.3396
137.1079 30.3090
136.3460 30.7218
136.9433 31.0385
137.5883 30.1868
136.8122 30.1767
136.3979 33.8626
138.3525 31.1362
138.8991 29.9793
139.4341 30.1807
138.3985 30.4582
137.3018 29.7968
137.4851 30.2872
135.6562 32.9290
137.5765 30.2249
136.2743 30.4915
136.4602 29.4886
135.8946 33.1722
138.9718 30.6087
136.4373 33.0401
136.0626 30.3102
137.5606 30.1663
136.2565 29.8161
137.3400 31.1770
135.8835 29.1404
138.4462 31.1466
137.3100 31.1356
139.2975 32.0367
138.4269 31.1281
136.5593 33.0601
137.1043 29.6075
141.6938 34.9338
137.7009 31.1821
137.4997 31.1849
137.2390 30.3401
139.1006 29.8292
139.1254 30.0766
143.1097 36.7259
136.8296 31.0073
135.9324 33.1244
135.7575 32.9935
137.3957 29.8360
137.1509 33.6857
137.5573 30.1087
137.1327 30.0380
138.2808 31.1500
140.7166 33.0754
136.2134 30.5697
136.8653 33.0199
136.7472 29.7553
139.4671 33.9751
136.0186 30.0021
137.4680 29.7416
137.0948 31.0887
136.4783 29.5151
136.3101 32.4452
138.0134 29.8574
128.6163 29.7140
137.6204 30.9601
136.8841 30.0946
135.7085 29.9366
138.6153 31.1795
134.5646 28.3730
134.5455 31.7648
139.3579 30.7842
135.9849 26.9422
133.0688 29.2619
133.6416 30.0792
137.5890 29.8176
136.9089 30.9408
136.6122 32.8575
136.2512 26.5070
132.2409 28.4400
136.6093 30.4040
138.8278 30.8836
134.3909 31.9112
140.5172 34.6110
131.2759 26.1412
134.8798 30.1990
131.5111 27.2390
135.5542 28.0814
132.6030 26.5486
133.8047 25.5948
139.1758 33.1292
135.7525 25.6860
135.7090 28.4922
128.0224 29.2270
135.9130 32.8727
126.1171 28.7788
132.7026 27.3217
125.9512 28.9141
133.3144 24.7553
136.7460 31.1441
130.9989 26.5498
137.8973 29.6104
133.1685 30.3111
136.4909 26.7234
132.9784 30.5831
138.5813 31.0940
135.0381 30.0926
135.9309 26.5896
135.7573 29.6442
139.1682 30.2824
130.7244 29.7875
137.1778 30.0376
134.1532 30.9372
138.5475 33.2487
132.0661 30.0564
134.6576 29.4588
139.7131 30.1137
134.4862 25.6384
132.6505 28.2184
131.8955 30.0412
136.1075 32.3009
129.7593 25.0623
127.7274 28.2470
135.1516 29.1920
134.5619 31.1816
139.7533 30.2997
128.5800 24.1474
127.7801 29.4888
134.3529 30.5401
133.0903 31.3540
133.1624 31.4631
137.5331 29.8578
136.4610 33.2662
134.4548 30.4201
134.4097 31.5817
137.8032 33.2843
138.2139 31.3782
134.6736 28.7886
134.4154 29.0986
134.6506 29.6571
135.2237 29.8473
136.3818 30.8048
133.0732 32.1789
133.2519 31.3634
134.5195 30.0269
134.9603 25.1446
127.0283 22.6239
128.9788 24.9763
135.6862 25.3485
129.5874 27.2829
134.7567 29.9049
134.5613 30.0118
136.9955 31.9254
135.5679 29.8559
135.3943 28.6055
135.7961 25.1371
133.5878 27.6526
128.5084 26.0523
135.1721 30.4067
133.3675 24.6092
134.1791 28.2251
128.5594 25.8703
136.0023 26.9367
134.4482 27.4289
133.5136 24.5505
134.7414 30.3079
132.8813 28.3465
137.1936 31.0119
131.9025 24.6518
134.9223 26.2516
136.1563 25.8337
128.6252 23.3096
131.9913 27.4074
135.4688 25.5365
127.1328 22.6209
136.6109 26.2839
135.0691 28.6063
135.3717 25.0289
134.7666 27.8270
135.9737 25.8489
133.8805 25.3472
135.5501 30.0014
137.4421 30.7491
137.8216 30.7855
134.4506 31.7091
129.4821 25.6887
126.8873 22.9005
132.4960 29.8666
135.0263 29.0775
134.7225 27.8378
135.4139 25.4414
133.9832 24.7434
131.4646 25.5035
130.1669 25.5811
135.5296 24.9806
135.4498 24.9763
135.2954 30.1870
135.7008 25.2371
136.0443 26.3082
134.3471 24.8529
133.4680 24.3376
134.5946 27.7615
131.6740 30.3991
138.0096 31.2974
136.0090 26.8935
133.8700 30.6629
134.8986 30.4353
137.2861 31.2776
132.8248 27.4225
129.3137 29.9468
134.0646 31.3759
135.0893 30.0014
137.0342 32.3899
135.8374 32.7631
137.5328 29.9870
138.3063 33.1441
136.3912 32.3055
134.2185 27.8826
136.1004 32.6248
129.6398 25.5001
132.2042 26.3943
134.9301 30.4183
138.9034 30.6403
129.6367 29.1643
135.2339 28.4229
139.6534 30.0380
135.2372 25.5229
136.4726 29.0062
134.6423 27.1256
136.3882 32.5380
128.8233 29.4700
134.0710 32.1871
138.6378 31.1135
136.1483 29.5310
127.6287 27.4358
134.0258 30.4389
139.5714 30.7791
131.5701 30.5696
136.8044 32.5453
132.9677 32.0259
139.5309 28.9215
137.1155 30.2491
132.8793 29.5647
136.4709 32.8073
134.7585 27.4157
132.9597 31.1301
135.9434 30.2898
137.6869 30.2839
135.0320 30.0035
139.1734 30.4582
137.8772 31.1857
134.4077 27.9593
135.8682 28.6084
132.7857 31.9591
133.8531 28.5907
139.4751 29.1091
139.5899 30.5272
137.0946 33.1154
135.7899 26.1944
131.1226 29.9451
132.9953 31.1162
139.4633 30.7345
139.4450 30.3524
133.4207 30.5333
136.6840 29.5296
139.8452 30.8211
135.4922 32.5881
139.7759 30.8047
135.0776 29.9523
138.0320 31.0541
136.8212 29.8482
139.8593 30.8866
136.9445 30.3266
138.4884 33.0680
131.8892 30.4632
138.5872 30.9874
135.3471 28.2321
134.5249 25.8003
134.3947 26.6444
138.2892 31.1893
136.1730 32.0161
139.5520 30.4915
124.5884 30.6969
134.9570 29.9744
140.0203 34.6116
135.8646 32.7488
135.5204 32.9973
132.6595 26.8849
138.7470 31.2445
135.2350 30.0932
134.7542 28.5395
136.5224 32.4025
134.4968 30.9854
135.8365 28.6459
134.2310 28.9211
133.7508 31.7842
134.3186 29.4939
136.0301 26.6049
128.5408 28.3104
139.4776 29.3857
133.5538 29.3436
136.9424 33.1866
139.4292 29.4210
137.2633 28.9973
129.2926 28.3678
135.2602 29.9751
133.3889 28.1568
133.4977 30.9487
133.6521 30.0695
139.6656 30.4920
139.1353 30.4932
133.9760 29.9368
134.5133 30.9626
137.0425 29.7507
133.1854 30.4626
127.5061 28.1648
134.0945 31.6865
137.3027 30.1192
139.1038 31.0399
134.6941 32.1602
136.3502 29.5206
133.9049 28.5046
134.5215 29.2421
137.2520 28.9534
137.5831 30.0859
136.0048 25.8478
129.0777 27.6022
139.4737 29.9995
137.7194 30.2331
129.8246 25.9072
132.5879 28.8035
133.9135 25.8437
133.2485 27.4249
128.8849 30.1705
131.9763 29.7769
133.9372 32.3365
132.1693 28.7345
136.4353 32.6487
129.6343 29.6995
134.4784 31.0887
137.4678 31.1626
138.8736 31.1829
137.2291 29.7758
135.1669 25.3704
137.7398 30.0768
134.7556 31.0792
137.2573 31.1052
139.5125 30.3161
135.6129 32.5379
133.0639 28.1955
136.7569 31.1595
137.2396 30.1188
139.2618 30.0300
131.6702 30.5340
134.1363 25.9851
136.0201 26.8208
134.1860 26.3173
128.7539 26.2506
131.2027 30.4055
137.0459 31.1621
132.5013 26.9566
139.4967 29.8817
133.2964 28.6277
136.2368 29.5186
134.2981 26.5663
133.0208 30.0889
134.3538 25.5164
134.8982 29.1999
136.4801 30.9347
137.6732 31.1733
138.1150 33.2504
141.7380 35.1913
134.2063 30.7402
135.6266 32.8568
142.6049 36.7687
136.0501 32.9798
138.9662 29.7243
135.0695 31.4538
145.0304 35.6487
136.7847 29.9150
138.8952 30.6151
138.8057 32.4643
136.4311 33.0433
139.8802 29.9279
140.2383 32.3318
139.2740 31.1072
136.9741 29.9352
138.1818 31.0060
135.4272 28.2669
136.8737 30.3146
134.6543 27.1187
142.2305 35.7289
136.7949 29.7986
139.3331 29.4050
136.6360 29.6593
134.8596 32.5032
139.6170 31.9924
141.8979 35.0686
137.8194 33.9353
139.2923 30.3049
138.7364 31.0692
139.6220 30.7368
136.5134 31.2793
132.9562 31.5529
135.2344 33.3240
135.7493 32.6774
137.1358 33.7652
136.6951 30.2886
137.9197 29.3748
128.6653 24.9996
144.1685 37.1194
134.0568 31.8086
136.2999 32.9385
139.3840 30.5817
143.2283 34.9956
143.6177 36.2859
123.5142 32.5452
145.1172 36.3441
139.6339 30.1379
137.7254 30.8423
138.9332 30.0251
138.2361 30.9821
136.2618 33.0451
142.7769 36.2547
139.0173 30.5553
136.2021 32.5997
133.3207 30.9899
134.7241 32.5130
138.8991 31.1126
145.5013 36.1427
130.7853 30.0256
138.9319 30.2679
135.4505 32.8930
139.6767 29.9611
140.1054 30.3092
136.2410 30.2184
138.9539 30.1540
136.1877 30.3475
134.8280 33.7086
136.6404 29.4119
136.3394 33.0766
141.7589 35.4536
138.9719 29.6670
134.1765 30.3207
141.6135 35.3120
135.4359 33.1473
143.2483 35.3030
136.6849 30.8207
139.5035 30.3589
134.7407 31.2495
146.3750 35.7075
139.5551 30.1974
136.1718 33.1914
138.9167 30.6226
136.9255 30.3699
137.2237 29.8977
131.1798 30.1416
138.5205 30.2749
139.2204 30.4538
145.5505 36.7656
128.7096 28.9786
138.5428 33.7800
132.1878 31.1051
133.0007 28.5081
132.7202 29.5577
132.8493 30.6949
132.2207 30.9892
139.4273 34.1221
129.0106 30.1197
134.7767 29.0153
132.2626 30.7400
131.6284 30.6571
131.7686 30.6397
132.2078 30.6906
137.3872 29.9216
131.8974 30.9640
138.1331 31.1297
135.5689 29.2111
137.8838 33.3829
133.4204 31.3736
131.1851 30.3274
135.1892 31.6246
131.0210 30.2661
137.0347 32.7040
132.1593 30.6951
133.2503 30.8010
134.0150 30.2543
140.9938 35.6642
135.1366 30.6645
137.7372 30.4251
132.1116 30.8538
134.2727 28.2674
136.0387 33.2222
139.2557 31.0793
134.7260 27.9123
135.7664 29.0692
137.7331 34.5254
133.2630 31.3571
129.5433 25.7584
134.9668 28.1238
134.4324 30.8197
133.2289 29.7009
135.9634 29.1396
134.6293 27.9075
134.1837 31.6691
129.0960 26.4769
134.8347 28.8424
136.8841 30.9289
131.7760 30.6042
132.1658 31.3571
138.7915 30.4471
138.7508 33.4400
139.0349 33.3469
137.0195 33.1898
133.2699 30.8228
137.1702 29.5726
128.3256 27.9558
132.3786 30.7635
134.5917 27.5756
135.0382 28.5850
138.9409 31.1191
132.4022 30.8239
131.6975 30.5277
134.9536 28.6322
135.5963 32.9317
138.9099 33.4407
136.7829 33.2758
132.1913 30.7394
134.5636 27.2213
138.5653 33.6624
132.1492 30.6428
136.4723 30.7732
136.5586 29.5404
131.3682 30.4577
136.5723 33.2713
135.9352 32.8883
134.7931 30.7242
134.3954 31.0865
135.5293 28.8019
135.0827 28.5056
137.4637 32.2896
139.0024 31.0722
136.9792 31.1313
135.0902 28.0428
132.1012 30.7690
133.1971 31.6704
132.5032 26.4286
133.0914 28.0274
135.4318 29.0472
137.0895 33.0957
135.7904 28.9343
134.9943 29.0825
134.5722 27.9701
135.0630 29.4012
135.1867 28.2198
135.0095 27.9793
136.0802 29.9389
132.1084 30.5959
139.3109 29.8427
133.6672 31.1523
134.4142 26.5301
137.6016 33.6766
135.9564 29.0287
134.6525 27.6270
133.9541 28.7123
141.9215 35.0063
133.3502 31.4846
132.1906 30.6705
132.3448 30.7446
131.3298 30.5655
134.1739 26.0785
133.8845 27.6915
135.0136 28.1557
128.0916 26.3302
136.1879 30.6078
139.4260 30.6075
136.1239 29.5502
138.9079 31.1068
134.5077 27.7790
134.9730 29.9154
134.7516 31.5997
128.1101 28.5658
138.6997 31.1307
134.8572 30.1229
133.2699 31.0096
134.2706 28.0450
134.7471 30.9127
135.6627 31.2600
137.7717 29.0659
133.5928 28.1336
135.0204 29.2316
131.2712 30.8671
134.7808 29.9222
135.3000 28.3358
139.1850 32.4325
138.3697 30.3499
139.3830 31.0462
135.3067 29.9188
136.2513 32.2241
135.3374 28.5115
134.1318 29.3641
139.3586 30.4343
131.0252 30.8440
128.5850 29.0567
134.4267 31.0602
133.6826 28.3658
137.0810 29.4300
128.7247 26.5916
136.9576 30.0845
135.7775 26.8875
127.5615 28.4816
131.2493 26.1677
135.9500 29.8640
134.4993 27.8398
133.3277 27.7163
134.4657 28.1588
133.3416 27.4441
139.6845 30.8669
133.7893 28.5447
132.7917 27.0958
134.0005 29.1102
132.5043 31.9109
131.9986 26.5130
134.2860 31.0898
138.2520 31.2431
135.9822 25.9012
131.5262 27.0225
130.7144 28.2596
127.2445 25.5635
138.8090 30.4504
135.1348 25.3360
129.5514 26.8147
130.9431 26.4007
134.3323 31.6702
134.2407 29.1715
135.9549 30.3605
133.1945 28.1113
135.3991 29.0630
137.0538 30.1300
139.5490 29.6534
133.3604 31.2410
134.6077 29.8891
131.2442 31.0575
138.9786 31.1673
137.4173 30.6791
139.3515 29.5296
133.7934 25.9918
136.4240 32.8983
139.1965 31.1042
136.2067 32.5364
136.1198 32.7090
136.4476 32.4423
138.7541 31.1410
136.8690 29.9460
135.3587 29.6745
131.6744 30.4106
132.4500 30.7244
136.6657 28.7824
139.2208 29.3566
137.5442 31.1788
136.3492 32.6431
132.6693 29.4830
133.0990 27.4390
136.2108 28.5443
135.4086 28.1676
134.6797 27.9459
136.1823 33.1850
138.0573 29.6568
127.9991 27.6870
139.3970 29.5157
133.3145 30.6675
131.4854 26.2818
135.5695 29.3854
134.3031 26.4405
136.0798 32.4271
134.6290 29.4980
139.3627 30.4173
132.4425 32.2147
134.8833 32.4142
134.8942 30.2936
133.7963 25.8449
136.0943 29.5365
137.2076 33.7803
140.1605 34.2058
134.5342 28.5697
132.8581 29.2015
132.3750 30.6875
136.9825 33.2159
133.0903 28.7345
132.3757 26.9103
136.5901 33.0838
134.0459 32.6193
131.4139 30.4746
134.3518 31.4569
136.0018 32.4697
135.7955 32.5538
134.5530 31.1185
134.1186 29.3158
132.9631 29.4938
137.2636 29.8364
135.5918 28.9247
133.0297 28.1901
138.1414 31.2441
140.8300 34.6829
135.4467 30.0156
133.7325 30.0111
136.6632 31.0526
134.4693 30.6698
134.0275 31.2886
133.4263 27.5167
139.8774 30.0592
133.9168 30.0734
138.5581 30.6843
135.8386 32.7943
134.9705 28.9451
138.8654 31.1214
136.0981 30.5521
132.6378 30.9627
135.7595 29.2443
134.1091 25.9622
139.8036 30.1961
127.0841 27.0467
131.2785 30.3939
138.6188 31.1940
132.3299 30.7996
133.7035 29.8028
134.4194 26.6731
132.3508 30.4962
130.1120 26.6029
135.9859 29.9929
134.3314 27.8779
135.6326 29.1329
139.8261 30.6421
134.6070 31.4878
133.8408 30.9554
137.0722 29.8947
137.7099 30.0590
134.9644 28.5128
137.0606 31.0641
137.6989 29.3747
135.4449 29.4508
139.4194 29.9093
134.2924 25.5524
131.2568 30.4475
135.8721 33.2522
134.4183 29.1879
135.0091 30.3171
136.3368 32.3596
139.3489 30.1110
132.8748 30.4002
131.5942 30.6374
129.1096 26.5381
132.3050 31.0526
133.4441 29.6635
135.0664 28.5425
134.2404 25.5628
134.2753 31.2306
136.9595 30.1770
131.3687 30.4801
132.1783 30.9790
133.4732 32.4082
135.6026 29.0170
135.5164 28.6823
134.9563 25.0673
132.8966 30.4740
139.1384 30.7811
134.5088 26.8927
138.4767 31.2920
138.9775 30.3864
139.7623 30.3324
135.3353 30.7284
128.3063 26.3768
134.3262 31.2211
137.8629 31.2507
126.0067 29.3458
127.9023 28.5484
129.3198 24.9331
137.1617 31.2697
128.3207 25.9763
132.8268 27.0475
139.3949 30.8748
128.8558 29.3051
139.2196 31.0014
134.3746 27.7528
135.5751 29.3902
134.9218 29.2470
136.1245 29.8197
134.4951 29.7867
128.3690 28.8572
128.4126 28.7674
134.3256 28.4209
138.3164 30.4528
132.3815 30.7027
135.1670 31.3747
133.6510 31.8315
139.3599 30.9212
134.2246 31.5107
139.2947 31.0964
134.8895 30.0884
131.8358 26.8420
139.1361 30.1437
139.5765 30.6747
139.5843 31.1003
135.0247 30.1492
136.7919 29.4281
134.2222 32.0807
134.6926 30.6820
133.6544 30.5712
139.8383 30.4443
134.3880 26.6597
133.1953 28.7673
135.1896 33.1863
127.5827 28.4959
134.9392 27.8583
136.0648 25.8907
133.5070 30.2689
137.8295 31.3370
137.2150 33.2118
131.4808 26.6918
136.7997 32.7486
135.9706 32.4472
128.7521 25.6186
134.5688 28.1375
137.9835 30.2557
138.7216 30.7775
132.8266 29.6003
132.1157 26.6635
138.0467 31.2349
132.6246 26.8916
128.9150 30.5054
137.5782 29.7957
128.6299 26.5004
131.2033 30.8783
134.8409 27.4944
131.1483 26.1281
135.6810 29.9150
139.8824 30.4072
134.3034 28.5884
134.3421 30.6483
134.7205 29.1507
135.6321 28.4274
133.8693 30.2308
131.3163 30.3106
137.9990 31.1824
139.4617 30.9785
135.0887 28.5071
136.4890 29.5736
134.5263 26.8495
133.7827 31.7858
130.0737 27.4160
136.3848 30.7847
134.8930 31.4585
138.2990 31.1473
134.5499 26.6514
139.9210 30.7028
136.6611 32.5308
134.1856 27.3680
139.0520 29.6883
131.8423 28.9039
133.2082 30.2851
126.6216 26.9576
134.2493 30.3301
132.9313 31.8327
134.0667 30.8940
139.2964 31.1529
137.4868 29.2204
135.6808 32.4733
134.3967 25.8780
133.9824 25.3553
130.6331 26.0535
134.3108 28.4830
137.2373 30.1239
136.1947 32.1681
132.7115 29.9328
129.1121 25.8727
134.5031 27.9042
134.9983 29.1295
136.8053 29.4838
134.1952 24.8203
131.6443 25.8974
138.3900 31.3770
133.1422 29.8142
139.2868 30.6275
136.2862 30.7203
137.0963 33.4066
136.6022 33.0445
134.1452 26.5572
137.7499 31.4120
135.2027 29.1970
137.1448 32.8757
139.4851 30.5963
134.2903 28.8237
130.3640 26.4994
134.4400 28.0548
134.6902 29.9525
136.8039 32.6443
127.8073 27.6907
133.1783 30.6441
135.6565 28.3627
135.1190 30.7305
136.7733 29.9068
134.8899 31.6399
136.0781 26.7143
135.8173 32.1400
133.1517 29.9342
131.8131 25.8631
135.6850 31.3828
139.1950 31.0701
135.1798 29.3658
130.8291 28.6626
138.2632 31.1982
139.8120 30.7060
135.0667 29.9667
138.8029 30.8089
139.4965 30.0647
133.7934 30.6185
139.0522 31.2040
133.1866 31.1896
133.1387 29.4650
133.2382 30.9714
136.9003 28.7669
138.7917 30.6448
136.0920 32.4398
138.7076 30.9512
136.2000 32.0819
136.8581 32.8711
136.1418 28.5835
134.0809 26.2511
134.3658 25.7730
134.8665 30.6036
136.1749 32.5074
138.5481 30.6897
134.6948 27.2107
132.2723 26.8073
132.8031 31.1854
134.1060 31.6697
137.5453 29.8936
137.3998 29.9252
132.9545 29.0027
134.5917 27.8816
134.8832 31.1165
135.2822 32.8029
136.8219 29.5367
137.6649 29.8447
135.1107 31.8702
137.9189 29.4164
134.3004 30.4725
134.8409 27.8404
136.4125 32.5423
132.7048 29.4703
134.5547 30.4990
137.1926 29.5089
134.5192 31.0724
139.9420 33.0403
139.5325 30.3486
139.6285 30.5397
131.2387 30.3629
134.2329 25.8606
131.8338 30.5160
137.6303 29.9995
136.0117 28.4983
136.2678 30.8348
133.0614 29.9835
136.8219 31.1676
136.6006 31.2368
132.8810 30.1008
139.1570 30.3749
131.1762 26.1470
138.3148 31.1983
138.8649 30.5452
138.2542 29.7741
132.9913 30.6331
137.4712 29.7964
136.0657 32.2543
134.0042 30.0197
134.0501 29.9937
136.2696 32.2397
136.3360 31.0238
136.1520 28.5851
139.2236 30.3606
133.2943 29.5886
135.6699 28.5292
138.3525 31.2143
129.1789 24.9145
139.0433 31.1522
139.3818 30.8788
136.3750 28.6377
134.9314 30.8098
138.8569 31.1663
133.4531 29.6315
139.0131 31.1827
138.7650 30.6241
132.7176 26.7086
139.2535 30.3810
129.4752 24.9900
139.6093 30.3978
135.5595 28.3975
136.8198 32.7669
137.4148 30.3122
137.6929 33.2095
139.8362 30.3665
138.7138 31.1689
135.7641 28.8234
136.2657 30.7839
136.6133 32.4278
137.9628 29.5034
139.8123 30.3978
133.1043 31.2769
133.3252 31.6152
138.7488 30.6966
135.6787 32.3690
132.1620 30.4493
132.7617 26.4578
139.3760 30.8359
139.8095 30.4290
135.6220 28.3454
135.9785 30.2501
136.5727 31.0254
135.0396 28.8685
132.7307 29.3007
134.0369 30.3790
131.8101 30.5724
131.2008 30.2110
136.8408 32.6393
136.4280 31.0004
139.4441 30.1948
132.4905 30.6599
134.1526 30.1421
135.4724 28.3418
138.8218 31.1531
134.0842 31.6101
136.5065 29.4492
139.2747 31.1671
137.7821 30.2864
131.7586 30.4206
137.3470 29.9519
135.5505 28.4160
136.5783 28.7340
139.2585 31.1279
136.1630 30.6909
138.3952 30.2419
138.7272 31.2114
136.6136 32.6724
137.8826 31.2824
136.5679 32.4199
136.6548 29.4359
135.1396 28.5879
131.4779 30.3402
131.4028 30.4578
137.4473 29.7742
131.3311 30.4648
134.2316 30.1948
132.9792 31.7976
128.8585 25.3287
131.4918 30.3523
137.2294 31.1362
136.6298 29.4370
137.8064 31.2776
135.8446 28.4914
139.7801 30.5625
134.8729 29.1453
137.2813 31.2786
132.8714 31.4351
136.4897 29.4401
124.7069 29.0632
135.1699 25.3044
134.9413 27.7674
135.6362 28.9952
134.0391 31.8309
135.1122 28.6841
139.3548 30.4491
132.4245 28.4432
134.4776 28.6706
140.8435 33.8028
136.7012 32.4438
134.1457 28.1404
135.4340 27.0737
140.0739 30.4062
134.6660 31.7764
134.7440 29.5236
134.5882 28.9815
134.2902 25.4988
134.4361 31.5483
134.4820 25.9490
126.8750 27.2548
134.4883 31.8984
133.5364 28.5211
132.9780 27.1240
126.4940 28.5332
136.4096 22.9710
133.9764 30.0016
136.4929 32.7168
137.4268 29.0582
134.1420 26.1094
136.3449 30.7527
129.6270 26.5055
136.6703 32.6354
132.8565 28.2916
134.5708 27.8453
134.7621 25.0706
135.1055 32.9609
134.6311 28.0596
129.8822 25.1920
135.4703 31.2711
129.9316 26.7788
126.2995 25.6831
128.5184 30.5236
138.5101 32.1796
134.3058 25.5975
134.6745 30.5639
132.9880 25.9405
133.9371 26.1947
134.9051 31.3616
128.2075 25.5624
131.6933 29.8244
136.5552 26.8095
129.9622 26.6193
134.7225 27.2334
138.9507 30.4968
138.7942 30.9265
133.1970 27.4729
138.3326 30.7018
136.9656 31.1834
131.4023 27.4314
131.8685 31.2048
133.6362 28.1072
131.3560 30.3434
133.8377 30.1665
133.4128 28.9583
127.2893 28.1160
136.8352 27.4327
132.5455 26.5544
131.0480 27.1263
128.3737 26.1732
127.6278 23.3408
137.2403 30.3766
142.2888 35.1705
136.6754 30.2191
136.4368 29.6286
138.3207 30.5202
136.8611 30.9987
139.8297 34.7424
135.6032 33.0512
138.8958 30.2443
135.6534 33.0512
135.9522 30.3413
139.5587 30.5335
139.4519 30.6606
136.6241 33.1575
137.9741 30.8309
136.3514 33.0725
135.6688 33.1620
136.5895 33.6248
139.6644 30.1177
136.0405 33.3389
136.4626 28.8892
138.8956 30.2510
138.4986 30.5688
136.3302 33.0911
138.5615 30.5497
136.2468 33.6716
138.4780 34.3259
136.4015 33.2179
136.1476 33.5107
136.2893 29.7908
135.6221 33.1260
137.0465 33.7513
137.9780 30.9351
136.6115 30.0276
139.0876 29.6585
142.1047 34.8705
136.2432 33.5806
138.4254 30.5173
139.7572 33.8825
136.2000 33.5215
135.9963 33.3471
135.6912 32.9414
136.4804 29.3706
135.5813 33.1037
138.7863 31.1342
138.1824 30.6826
135.9850 33.2554
142.6775 36.4706
137.7175 30.2896
138.7863 30.6634
139.0059 34.0627
136.7943 29.0419
136.1422 33.4630
140.0521 34.5859
135.9402 33.2388
136.4437 33.1608
142.0851 36.1790
138.1944 30.9226
136.2639 33.5846
138.4433 30.8491
135.5299 32.9966
139.5916 29.8878
138.9033 30.1761
135.6461 33.0004
136.3223 28.8732
137.8705 30.8604
136.1552 29.4749
136.0925 33.4104
136.1936 30.7400
142.0746 34.9069
136.7293 30.2817
141.2062 33.2902
137.8953 30.8928
138.1107 30.7876
136.1800 33.5226
135.6076 29.9268
141.6126 34.6991
136.5714 32.7397
140.1243 34.3379
135.9946 32.7202
135.5815 33.1077
136.8446 34.0987
135.9879 33.3265
136.5321 32.7233
137.6198 29.3297
136.4472 29.7510
139.7682 30.3551
136.2116 30.3081
135.6196 32.9537
142.0863 34.9958
135.8319 33.1722
136.5833 30.2996
138.0762 29.7097
137.8107 30.9260
137.8050 30.3060
136.7706 32.9509
137.4110 30.5342
137.0143 33.8742
141.9865 34.9017
135.5853 29.0922
139.3525 29.6392
139.8596 34.6494
136.4179 29.7078
141.8802 34.5690
138.7442 31.1422
136.6048 33.2139
136.9183 33.8219
136.6253 34.0155
136.4483 33.5832
137.0405 34.2162
135.5758 33.0137
136.9230 33.7355
137.3259 30.3433
138.1130 30.9226
135.9002 29.9206
137.2964 31.2126
137.1825 29.5376
138.9459 30.0693
135.5353 33.0615
142.1024 34.9154
136.4688 33.7584
139.3146 29.6249
136.2513 33.5510
136.5141 33.7227
136.9231 30.4624
136.3741 33.7713
136.6770 32.8311
135.5588 33.0611
139.4791 30.7007
138.7374 30.3911
135.9070 30.1423
136.0020 33.2930
139.0166 33.6967
137.2552 34.4804
136.3764 28.9476
136.9414 33.6652
135.9361 30.2678
136.5768 34.0054
135.6660 32.8910
138.0498 30.8322
141.6904 35.2534
135.8961 33.2714
142.1217 34.6828
139.0901 29.6466
137.0093 29.4288
139.2883 33.7476
138.9849 30.0705
136.0740 30.5909
139.0976 33.7067
137.4878 30.6365
137.7495 30.3972
137.1096 33.6114
136.0784 30.2597
137.1351 30.0734
138.9584 30.1497
135.9166 32.6794
137.6716 30.0937
136.8215 33.0377
136.1926 33.5542
136.2504 30.8180
135.5905 30.3255
136.3157 29.7650
136.7227 29.3635
139.4284 30.7019
138.6765 31.1479
136.0958 30.6114
138.3734 30.8741
141.8228 34.3015
136.7091 33.1556
136.7263 29.9677
136.5966 33.0963
138.4138 30.3242
136.1555 33.4611
136.1730 32.6598
137.9294 30.8351
136.3826 33.1856
137.1870 33.5227
142.2762 35.9168
137.7459 30.9289
135.9610 30.3019
135.8389 33.2127
138.9464 30.2051
137.0321 31.0387
142.4701 35.6641
136.4733 33.1272
136.4127 29.6742
138.6975 30.4657
136.1382 33.5720
137.1508 30.5334
137.9908 31.2500
138.6898 30.7759
138.5782 30.5705
137.2857 34.4918
139.3109 30.9367
136.7523 33.7208
136.6039 33.2227
137.2197 29.5336
136.3491 29.7714
135.8761 33.2276
137.7477 30.4125
137.6137 29.9667
138.7389 30.4573
137.0955 29.1451
136.6610 33.8506
135.5057 33.0846
139.5528 30.5479
136.8065 31.1551
137.1336 30.0688
136.3730 30.6979
142.1047 34.6904
137.6893 29.8948
136.2571 30.6064
139.0655 29.8449
137.1148 33.6693
139.7599 30.3549
135.5656 32.9577
139.6577 30.0128
136.0525 33.3015
136.1102 33.4419
135.5253 33.0570
138.7381 30.7478
135.6582 32.8154
136.7236 32.8866
135.5930 33.0982
136.0377 33.3654
136.9675 29.4109
138.1035 31.2575
142.2135 35.4776
136.6444 30.1687
137.1906 30.1265
138.3316 30.5255
137.1775 31.0988
136.2589 29.9933
136.1426 30.1576
137.1390 33.5472
141.4498 33.8805
136.0988 29.5151
137.2595 29.1266
137.2868 29.2249
136.8109 33.8031
136.0086 33.3755
136.3370 33.1697
137.0680 33.4367
136.6965 30.2650
137.0926 30.5486
135.5323 32.9506
135.6198 32.9431
136.2077 32.6564
137.8703 30.8844
136.1722 28.9927
136.2874 28.8398
136.6888 30.2702
138.9776 29.9935
138.0905 34.3967
141.7395 34.1409
136.7047 30.2376
139.3101 29.6051
136.3358 33.1459
139.5857 33.9232
138.7242 30.4822
136.6212 30.0117
137.9828 30.8908
138.8861 30.2814
138.2879 29.9530
138.7885 30.4407
135.6237 32.8891
135.9218 29.9320
136.0302 28.8993
136.5824 33.6540
135.5739 32.9549
145.6957 35.6436
144.4411 35.8603
136.1193 33.5078
135.7963 33.2143
138.4600 30.3674
136.7723 32.9492
136.7258 29.4803
136.6072 29.9732
136.7990 33.7826
136.3291 33.1791
141.8602 34.3830
135.6149 32.9566
136.2006 29.8837
139.0704 29.6698
138.7268 30.4391
136.0742 30.5727
139.2384 29.6211
139.5804 30.3600
137.8190 29.4539
136.3722 33.6851
136.9682 34.3111
141.5861 35.2364
136.3283 33.6672
137.9956 29.6760
136.8371 33.4033
138.5001 31.2009
138.8945 34.0763
139.3313 29.5960
136.2167 29.4632
137.8014 30.0498
136.9346 33.5808
138.9549 30.0890
136.2558 32.6940
138.8681 30.2686
138.1519 31.2552
137.7584 30.4905
139.0925 29.6815
136.3385 33.2921
139.3182 29.6352
136.7342 29.3553
136.3230 33.1550
136.9868 33.6117
142.3085 35.3284
136.6230 29.8961
136.6087 33.8435
137.6669 29.3842
136.6897 33.5279
136.4198 29.6621
136.4422 33.5538
137.7401 29.4595
136.2113 33.5445
135.9531 33.2820
138.2936 30.1385
135.4925 33.0474
138.3870 30.1852
135.6358 33.1555
138.9627 30.2036
135.7804 33.2426
139.0158 30.2123
