132.2731 28.3078
133.8248 28.5137
134.0147 26.7971
139.1589 33.0042
138.9003 34.3963
131.5580 30.4614
132.7904 30.6747
134.1614 28.7556
136.7685 30.6015
127.2190 27.2537
136.3952 28.8429
136.6944 33.7951
138.6006 29.9211
131.2587 26.4874
136.5598 29.0808
132.9105 28.4689
136.4069 29.4049
132.9927 32.2193
131.7074 31.4723
138.1311 29.3872
131.4966 30.4856
133.7241 29.5765
135.4408 29.4766
136.2901 30.2339
138.5796 29.6832
135.1453 28.4953
133.5332 32.3113
136.0901 33.3630
136.0999 32.5956
134.6632 28.3583
138.3426 29.3374
138.8529 30.4688
135.6527 28.8991
139.1770 30.0413
137.1802 30.7759
131.1467 26.5011
138.6018 30.1742
138.5776 29.2989
132.8545 28.4004
138.7127 30.2737
138.1592 30.5222
134.3884 29.7232
134.7570 29.1135
132.7626 28.4453
138.4772 29.2508
134.0347 28.6348
136.2052 32.6441
138.5935 30.1751
136.6980 29.0185
134.7700 27.9317
136.3649 33.0973
131.6358 30.3841
131.9418 31.7854
137.1760 29.0977
130.2630 25.9852
137.5806 29.2874
131.7983 26.7195
136.0092 32.6349
137.1816 30.4625
133.6360 26.2291
136.8186 32.9971
132.5494 30.6431
131.0479 29.7441
133.1574 29.1748
131.6838 26.1008
138.8045 30.2994
135.6852 28.9152
136.4747 30.1246
132.9948 32.1629
136.2271 33.0745
135.5548 28.9464
132.3769 31.9675
134.1623 27.3582
135.5240 28.7811
132.3276 27.9462
134.1550 27.6975
138.8470 29.5579
134.5943 29.2026
133.2451 28.0182
138.2748 30.6458
132.0933 31.9784
130.5845 27.0475
134.7098 26.3499
133.9488 29.5890
133.6968 28.1634
138.9360 30.4374
134.0517 28.1042
133.9899 28.3338
132.4167 30.6331
136.1125 29.2584
131.5490 30.2618
127.5750 27.5166
135.0448 28.3623
136.9486 30.6907
128.6960 28.9439
137.4189 29.1434
133.8263 28.2608
139.1168 30.1504
134.5663 29.3373
135.3358 28.5296
134.4707 25.9847
134.0303 28.6652
138.7945 30.0272
132.7889 30.8224
138.4041 30.6964
133.7516 27.6189
135.5968 31.6688
131.3804 26.5709
134.3889 26.3010
136.6826 30.6000
133.7255 31.1013
132.2112 31.9776
134.3386 28.4307
138.1714 30.3883
140.3566 34.9374
133.6981 29.1791
139.5980 34.3401
136.1990 32.7408
135.2339 28.3359
134.3311 28.0887
132.0317 31.9510
132.8512 32.2411
136.7628 30.5491
136.7316 33.0118
138.7755 29.9286
134.7416 28.0954
132.2393 27.8458
139.0527 30.0126
133.0489 30.8996
132.0711 31.9387
132.0292 31.7143
136.3010 29.2720
136.1872 32.8487
134.7319 28.9294
134.5951 28.1272
133.6503 29.6592
136.7799 30.1814
134.5794 29.3655
137.8166 30.5518
133.3546 28.6808
134.5091 27.9594
133.6251 28.7612
131.9489 30.9068
135.0323 30.2051
135.6231 28.9372
133.5326 29.2840
133.1599 32.1198
139.0831 29.6459
138.9658 28.8803
134.0618 25.8716
133.6758 28.1214
136.8313 33.1353
136.1034 28.9531
132.8002 30.7321
132.7346 30.9773
131.8864 31.7665
136.8787 29.2239
132.0434 31.9783
137.4029 30.0996
132.4169 32.2880
133.1450 31.5208
132.6787 30.7500
130.6470 27.0509
131.4589 30.9482
136.4501 28.9654
133.8682 27.1175
132.2796 32.0597
138.3973 30.6041
136.8175 29.8882
141.3583 34.6494
133.0334 29.3528
132.8606 32.1157
132.6212 32.2832
139.1209 30.1641
138.1029 30.5597
130.9794 26.7660
136.2505 33.5145
133.8133 32.3955
138.1635 30.5673
134.2787 31.0533
132.7702 32.1679
130.3312 28.2460
135.9200 32.7900
134.6579 29.2705
133.9441 29.3684
133.6270 28.8703
135.0474 28.5311
138.3669 28.7666
136.1199 33.3741
133.2557 32.4056
133.0541 28.5922
138.3759 30.1961
132.5244 32.0292
131.9119 29.6168
137.7440 30.5589
133.8651 28.4424
139.0220 29.8319
136.7019 32.1209
139.0360 28.8983
138.5896 29.3152
133.7989 29.3973
136.5086 32.5078
131.1114 29.6876
132.9133 30.9153
137.8981 30.6434
137.5967 30.5465
132.6977 30.5759
138.6801 29.2430
139.0665 29.9265
133.2543 28.7342
132.8484 28.6634
137.9665 30.7194
134.9227 29.8851
134.3496 28.2732
130.4304 25.4805
137.0083 30.6696
136.6890 30.2779
132.8383 32.1049
136.0711 32.9982
137.9456 29.2538
136.2086 28.8755
132.4289 31.1709
136.0658 33.2749
138.7771 29.8697
133.7653 28.4056
135.1029 28.2595
129.2987 24.7073
138.5224 30.3044
133.4273 29.1550
138.9505 29.4726
132.9359 28.8559
135.9722 33.0377
133.6790 28.3426
129.8362 25.0942
137.0644 30.4225
136.2345 29.1698
134.4424 28.4784
132.8310 28.4355
138.4878 29.1281
138.0298 30.5808
131.9342 31.8030
131.7336 30.4173
138.1226 30.3559
127.2650 27.9204
140.5374 34.1533
138.6230 29.4013
136.6472 32.1860
134.1609 26.6103
132.6298 30.8367
130.1158 25.4392
133.4105 32.4133
132.5205 30.8286
134.4982 28.3368
134.7965 28.5798
131.3475 30.7493
134.2553 28.5015
133.6935 27.5194
136.4104 28.9675
138.9097 30.3939
132.4505 31.0941
131.5993 30.6350
134.3761 29.3137
137.1285 30.6516
137.5085 30.8115
137.0722 30.6522
135.9720 33.0387
136.2958 33.1255
138.3148 30.6620
134.0386 29.3565
133.8167 28.3537
135.4091 29.4323
132.7954 32.1805
134.0860 28.4257
132.0045 31.6688
132.5508 28.3538
137.4769 30.7937
138.6616 28.8382
135.1817 28.8981
134.0219 27.6980
132.1425 30.5662
139.2403 29.8746
131.8046 26.8665
135.9989 29.0520
134.5803 26.2657
134.3380 28.6436
133.9430 27.2911
130.3052 25.7813
134.6258 30.2176
136.1696 29.0219
138.9887 29.5267
139.6452 32.3580
138.6914 29.5327
138.9147 29.0013
133.9234 28.2534
139.0002 30.3121
131.9231 26.6250
136.8408 30.3150
130.5119 25.5849
132.8777 29.0964
132.9583 30.8150
132.2951 32.1091
137.4967 29.1806
133.0454 31.2466
136.1983 33.0633
136.4702 30.5297
132.1192 30.5801
134.8618 28.8076
131.8629 27.1662
139.0077 29.5098
137.0576 30.1751
130.0364 26.0471
138.7397 30.2845
135.8541 33.0194
132.3412 30.6061
136.6993 30.5886
134.4404 26.2954
130.4726 25.4028
133.0076 29.7432
133.1779 28.4700
128.4004 26.2363
136.9097 30.7478
132.0486 31.6049
135.6329 32.9659
138.6881 29.5211
138.4437 30.6489
138.8515 30.0688
132.2528 31.5670
138.1458 30.4910
133.8115 28.3354
139.1041 29.8275
136.5376 30.3951
136.9093 30.6308
133.9421 28.5653
132.7717 31.4487
133.7291 30.7782
136.2060 28.9964
133.1843 29.2793
133.5595 28.5204
136.3901 33.0750
132.3621 27.7449
132.9291 31.1588
136.7510 30.0964
133.7521 29.2259
134.1322 27.1048
133.8103 27.0596
135.9398 32.7362
134.4643 26.5856
132.3643 28.3049
137.4912 34.2420
136.7696 30.4957
138.6806 30.1636
134.8751 28.0481
135.9971 33.1702
137.0426 30.6576
138.7894 30.6096
137.7220 30.7015
134.2391 29.3443
137.9514 30.1931
138.7487 29.8203
136.1747 28.9444
133.4225 32.4125
136.0747 33.0269
126.7029 26.9593
131.9955 30.0434
132.1163 31.7082
138.6195 29.0694
133.0037 32.1275
136.8356 30.3643
132.4326 32.0677
131.4880 30.9718
136.1375 33.1707
136.6974 30.5793
138.6919 29.2601
137.0109 30.7157
138.6045 30.2173
135.7200 28.7502
134.3231 31.0841
128.8533 26.2690
137.3653 32.6613
135.9665 32.4704
132.3525 32.1964
138.6830 30.2529
139.1820 30.0570
136.2901 33.2914
132.8235 28.1785
134.9203 28.7363
132.3960 27.5212
132.4312 27.6001
135.1801 28.3887
131.5244 27.4136
133.8295 27.8151
136.5818 30.1785
135.9724 32.2891
132.0463 27.4211
138.6162 30.4532
134.3513 25.8042
134.3268 27.1967
133.4370 32.2602
131.9292 27.7032
130.3233 26.5443
138.6940 30.2814
138.6601 29.6236
139.1542 29.7608
133.2800 28.7010
133.0014 28.2162
136.8159 30.5611
131.8845 30.4757
136.0542 32.9288
137.8600 30.7514
133.8382 32.2418
136.9104 30.1549
133.7679 28.0662
134.0307 29.8086
136.9708 32.8104
132.4396 30.8402
133.5210 28.6599
136.1338 31.8813
134.4807 28.0551
138.6931 29.4597
132.8923 31.1639
138.3662 29.0434
138.9293 30.3809
131.6909 29.3912
132.2748 30.8065
136.1463 32.9328
132.8810 30.6012
135.8446 33.2413
134.9952 31.8362
137.9302 30.7221
132.7386 28.6444
131.9200 30.5177
131.0569 26.5705
139.4729 29.6982
132.9523 28.3165
138.0889 29.1318
136.5506 29.0527
138.9976 30.3489
137.6396 30.8292
133.0396 32.3676
131.5284 31.3041
132.2233 32.0320
136.2060 28.9947
138.6376 30.1637
138.3005 29.7412
132.2567 26.4576
133.9894 29.5345
130.2198 27.8336
138.2155 29.4211
133.7308 29.5841
133.9042 28.0254
132.6758 30.7424
138.8051 29.6870
132.3909 28.6594
133.7606 27.9484
137.3268 30.6151
135.0878 28.0852
129.8106 26.7638
136.1087 32.8875
128.2000 29.6543
135.2326 29.0764
132.5651 28.0974
140.4516 34.8514
133.7564 25.8684
138.9299 29.7641
135.4096 28.5035
134.3197 26.9225
132.0011 27.5384
133.9066 27.4638
140.1199 32.8368
131.5512 30.1144
134.5427 28.2693
133.8577 27.2535
133.1989 31.5594
134.5465 28.3295
131.0783 26.4562
138.9594 29.7699
135.6381 31.8347
136.2555 33.0905
138.6945 32.2380
132.3956 27.6766
137.8879 30.7428
127.2171 27.6016
132.3889 30.6995
136.5692 30.1418
138.9527 30.2678
133.6381 28.5089
138.6436 30.1992
134.6809 28.2568
136.9762 30.7113
138.8336 30.4930
138.5230 30.6464
137.5958 29.1621
134.2949 27.0733
133.3130 32.3049
133.5697 28.8634
138.9216 30.1064
132.6300 27.7642
133.7596 28.2952
135.7381 28.9063
133.9801 28.3115
136.8358 30.5315
131.3203 25.5325
137.7478 30.7226
128.9465 29.9543
135.1578 28.2718
136.2167 29.1151
132.2720 30.6322
132.7819 30.7288
138.3442 28.9352
133.9137 29.2314
138.6104 29.7682
139.2274 30.0165
136.6004 30.2115
128.1518 29.3512
138.6578 30.4485
136.5194 30.2972
137.2178 30.3677
137.8775 30.5127
133.7917 29.2072
136.9390 30.1513
138.4856 29.1651
139.0123 30.2962
132.5935 30.7061
134.4265 27.8580
131.5831 31.3973
132.2346 31.8498
130.3945 26.2580
138.0297 30.7136
131.8224 30.5204
133.6839 28.1640
139.1966 30.2433
138.7943 28.8701
138.9297 30.5278
137.3244 32.2255
133.6671 28.2688
134.4822 28.3826
133.7906 28.2938
137.9488 29.0495
132.8338 28.1303
136.8361 30.7148
138.9442 30.3869
136.3834 30.5498
132.2231 31.9647
133.4300 32.4675
134.1303 28.2138
134.3802 28.1424
134.0912 29.2434
137.9337 30.8595
135.0829 29.2080
137.2545 30.8494
131.9984 31.8648
138.4439 30.6332
133.0789 32.2308
130.1160 26.3593
134.0397 26.8324
131.9861 31.7449
132.9364 32.1044
133.3581 29.4102
133.8052 29.2683
138.6517 30.2783
131.5536 30.8642
131.2771 29.1838
139.0340 29.8923
133.0746 32.1980
132.1063 31.8209
132.8113 30.8966
136.4353 30.3882
136.5477 30.3729
134.7898 29.3624
131.6148 30.4534
127.4427 26.9784
139.0006 30.4162
132.2068 30.6643
134.6896 26.1239
139.3150 29.6627
138.5514 30.2931
138.3613 30.5800
133.3575 32.2971
131.6846 26.9237
139.2524 30.1538
137.1571 29.1289
137.2925 30.7462
138.7470 30.0096
132.3000 27.6310
132.8455 32.2282
130.2064 25.8023
135.2273 30.7218
136.5103 29.9102
137.2098 34.2906
137.3276 30.2449
139.5229 29.9198
136.9706 33.7168
136.4940 30.6648
139.3429 29.9063
135.5984 29.3752
137.0185 32.8438
138.5734 29.9165
132.5199 30.6926
136.8370 33.2217
138.9532 28.8517
136.9213 32.8958
138.8659 32.8643
137.0647 29.9947
138.6319 30.1011
138.1629 34.1419
135.6924 32.8884
139.2320 30.4932
139.1964 29.7774
136.9127 29.2879
134.4113 29.9951
138.7795 30.1573
136.3580 33.5391
132.7036 30.6738
136.6844 33.4852
136.8209 34.0338
136.3198 33.4868
128.6410 29.5735
138.4822 29.5986
128.2595 27.8025
136.4734 30.9000
136.8824 32.5903
139.2438 29.4652
135.8090 29.1577
138.4798 29.9380
138.4153 30.1645
136.3840 32.6438
137.4847 30.2702
139.1596 30.1804
136.1334 30.3876
134.9601 29.7670
136.5483 33.6367
138.7763 29.9310
136.5515 30.2908
128.6406 29.0542
138.9658 30.2354
140.6018 34.6980
138.2001 30.2562
128.3156 28.7916
138.7184 29.7880
135.6172 29.2315
135.2697 30.2603
138.2177 29.4681
131.9631 30.5227
138.8571 29.3030
136.7707 29.2435
137.1866 30.7478
135.9657 32.9828
128.1889 28.7652
137.6848 30.4193
135.0968 29.3722
136.9079 29.8604
135.0284 27.8136
138.6098 32.7777
136.1722 33.3622
131.7752 30.3578
136.0642 28.8429
137.3434 34.3258
138.1066 30.4958
128.2549 30.3347
136.3849 28.8358
136.1949 32.1651
138.4177 29.1991
142.2108 36.1417
138.3095 29.3819
141.3881 33.1436
137.6147 30.7263
141.1578 35.4882
138.6258 29.6714
139.2434 29.6838
138.6484 29.5250
139.4469 30.3210
138.9585 29.3913
135.7121 29.2310
139.5273 29.6660
134.9131 29.9990
136.8613 34.0558
138.7491 29.3025
138.8584 28.8636
135.1964 29.3713
136.5624 32.7433
140.8429 34.1075
135.4061 28.2230
137.3633 30.2517
139.1201 30.3604
136.3186 32.0791
135.0885 29.5306
139.4637 32.4179
138.1113 30.6040
136.4798 29.8808
139.2940 29.2647
136.9317 33.0859
136.4713 29.2419
135.4787 29.4561
136.9063 33.5905
137.3268 29.3524
135.5118 29.3432
135.3394 29.4403
132.6979 31.9629
137.4552 34.3284
136.4043 33.4586
136.5888 33.5671
135.2805 29.2749
139.4647 32.8586
137.3333 29.3631
137.8085 30.9217
138.4242 34.1644
136.4875 33.6722
136.3050 33.5523
136.7416 29.4142
136.7646 32.4646
135.1083 29.7295
132.7495 30.6845
135.9895 33.3100
136.7405 30.3541
136.1242 33.4658
141.4732 33.8077
138.9351 30.0396
138.5048 34.1082
140.6881 35.2201
135.8292 29.1959
128.4501 28.6979
135.9653 32.2953
136.8717 33.2577
140.7425 34.7089
136.3485 30.5341
135.7384 29.2185
138.9744 30.1176
136.3451 32.1189
136.8494 34.0783
137.0787 29.2997
136.4563 33.7206
136.8230 33.6630
136.7213 29.8850
136.7489 30.1931
136.3161 32.2349
139.2861 30.4279
136.9406 33.5006
135.5637 30.9437
137.1959 29.3042
138.2498 30.8036
136.0519 29.2101
131.5864 30.1731
136.3639 33.4657
136.5915 32.2957
139.1283 30.2123
136.3965 33.6354
136.3944 33.4835
133.0055 28.5524
138.7038 29.7067
132.9169 31.8531
135.1264 29.2141
141.2231 33.7788
137.0612 29.9863
136.7376 29.4143
138.4225 30.4551
137.2901 34.2397
136.4426 32.2666
138.8725 29.7966
138.5424 30.6994
136.2065 32.9357
136.7377 33.6774
136.7971 34.0185
135.2589 29.7283
136.8007 33.6134
138.9373 29.3462
136.9462 33.6686
139.1377 29.5690
136.2161 30.6424
137.4542 34.3421
138.8588 30.2564
127.9020 27.6862
127.4241 27.4332
138.9130 30.2055
138.8620 30.1841
128.6292 27.7521
136.6541 33.9268
136.9850 29.2826
136.0858 33.4099
138.5934 30.7262
136.5262 33.8766
138.6408 33.9196
137.5078 30.9885
140.8807 34.4899
133.1053 30.7153
136.5907 30.7831
141.6005 34.6168
136.3515 30.2193
136.7031 33.6110
136.4158 29.9999
136.0819 32.9086
128.1292 29.5958
139.0406 30.3191
131.3196 30.0674
139.0177 29.4297
136.4002 33.5772
137.1397 34.2805
136.3358 30.3253
136.4249 33.7341
137.1601 34.2804
137.0814 34.1852
136.5898 33.5748
137.2770 29.3263
138.0855 29.1806
137.8918 30.9244
134.2556 28.6538
135.7331 32.4723
136.4780 32.7628
136.2074 32.1002
133.3662 32.0078
136.3916 33.5386
135.1203 28.7847
136.5200 30.1735
140.7689 35.4655
135.0487 27.8064
138.7101 34.6092
136.3258 32.6394
134.3526 26.2113
130.7731 28.4869
136.7583 29.0322
137.3656 29.0642
134.9915 28.1559
129.3360 30.2949
128.6918 27.7689
136.2206 32.5121
134.7860 26.0646
138.1971 30.5977
134.2242 29.2379
136.0538 33.5085
131.9341 31.1856
134.2427 29.0500
138.7125 32.4386
137.2656 30.6930
138.8414 29.4587
135.6587 32.5834
133.8717 31.8631
134.8148 29.5850
137.0230 29.3344
138.4819 30.3132
136.0659 32.8064
138.6211 30.7117
139.1584 29.8690
137.5748 30.3344
133.2114 30.8944
134.4076 28.0439
132.9005 32.6317
139.1478 30.3030
125.5679 31.3231
128.6042 26.4783
134.4349 26.7398
127.4472 27.9606
139.2162 29.9427
138.7906 29.5412
139.3280 32.6597
139.3298 30.3701
135.5191 28.4439
136.9608 33.5269
138.9494 28.5718
138.2433 32.5664
134.5535 27.6977
135.9814 33.4454
135.6894 31.5294
135.0820 29.1243
133.5332 29.0406
138.5197 29.4213
136.2366 31.8995
133.8738 31.8730
138.7237 29.5252
136.3011 32.0571
137.9759 28.8868
137.1803 30.7365
134.6922 28.8464
135.5716 32.8265
135.5724 28.9663
136.4308 33.3093
136.3364 33.8761
134.9732 31.1214
140.2265 32.8436
135.5527 28.3972
137.6308 30.8785
134.8041 28.0532
134.7675 28.4605
136.3197 29.3925
134.7117 28.1985
139.3680 30.4278
134.0763 27.8112
136.6898 30.7907
138.1091 30.8237
137.5483 30.5346
136.5638 30.1515
138.6288 30.7981
135.8647 29.0690
135.0813 29.1811
139.0635 28.8404
128.0646 28.1982
134.9287 28.5827
133.8373 27.8403
135.9525 33.3059
139.2756 30.2784
132.5580 30.5261
137.9317 30.8381
136.2723 30.6239
134.2197 27.3736
138.4274 30.7549
133.4676 29.3513
136.7296 30.5975
127.8465 27.6142
135.9850 31.9082
137.6491 32.4626
134.8862 29.7363
138.9110 29.7675
132.9046 29.6003
131.1648 26.0840
137.5917 30.5550
136.2731 32.0288
137.8083 30.7381
134.4913 26.2306
135.5491 29.0047
135.3769 29.4783
138.4751 33.8457
132.8345 30.8747
133.9255 28.3335
137.9121 30.6026
133.5954 29.1970
137.3249 34.3255
133.0716 30.5679
132.5011 30.3726
133.6172 28.1869
136.5632 32.8581
132.6728 30.7028
137.8163 34.4027
137.7398 29.3256
138.9789 30.4398
138.1530 29.2286
138.5990 30.6075
127.3797 27.4809
134.7615 28.0172
138.8163 29.9706
131.9355 26.4491
138.9138 30.0843
131.5352 26.2825
138.8176 30.4121
134.3873 29.2251
137.3866 32.8282
137.1171 29.5471
138.1389 30.4211
136.8263 30.2638
137.8208 30.6514
131.9474 30.5182
136.7344 32.5705
137.4757 30.5609
136.8414 34.0815
138.7047 32.5425
136.1900 33.2444
134.5025 26.3544
135.5871 28.5032
138.5056 29.5240
132.3230 27.3476
134.4112 28.1171
134.6013 29.4778
138.9063 29.4281
132.6786 32.1879
139.1549 29.6247
127.2968 27.6864
133.9894 31.5055
134.2433 27.2008
133.7445 28.4525
132.5746 32.1912
138.6232 29.6751
134.4992 28.2520
135.8489 32.4071
139.1674 30.2737
136.9547 30.8817
135.8024 33.0977
138.7095 29.1344
128.0887 28.9794
136.1950 32.6518
136.8017 30.3217
134.8525 28.5795
137.0535 30.3683
136.9353 30.4637
138.4993 30.5305
131.2875 26.7257
132.2747 26.5391
138.5665 29.7470
136.7507 30.0749
132.8615 32.1372
133.1609 31.3251
138.9131 29.9666
138.1759 30.5146
138.9541 30.2997
138.5288 33.5862
135.9398 33.1396
137.8654 30.5570
131.4307 26.0915
134.3154 29.7628
128.1122 29.2935
137.5172 30.1423
132.2919 30.0533
131.9276 31.8394
139.0187 30.3666
135.0989 29.2616
131.5489 26.4467
134.1033 27.0816
136.5179 33.4076
135.5370 28.4964
137.0546 30.3880
132.0890 27.9053
137.9666 30.7097
137.2430 34.2788
136.8939 33.1600
133.5796 29.4063
133.6184 27.9885
138.9444 29.3759
133.5426 28.6745
132.9753 30.9587
136.2090 33.6258
134.0352 27.4124
138.8204 29.6132
138.6808 30.1096
136.7420 30.4398
138.7415 29.7787
135.9581 28.9949
132.9609 29.0372
138.8702 32.8936
132.2782 30.5916
139.7637 33.9335
128.9321 26.1580
137.7439 30.5476
137.4095 29.2353
137.4800 32.7552
136.0400 32.5987
132.7251 27.5893
133.1270 28.5380
134.1513 26.9969
131.2145 30.7591
131.8879 27.7068
138.0102 30.6121
138.8779 29.9956
132.1418 31.9752
137.6180 30.6176
136.1220 29.1018
135.1219 29.4924
137.8210 30.7539
132.8114 30.8829
136.3459 29.0329
138.6825 30.1431
134.1393 28.3418
139.1321 29.9956
139.0223 29.8848
133.9422 27.4100
138.5243 29.5588
136.8869 30.3705
132.9466 32.1014
137.0055 30.6951
140.6649 33.0869
134.2551 27.0125
132.1311 31.7581
133.1088 32.1592
136.3808 29.2372
136.9674 30.4290
136.8122 30.6174
137.5047 30.5983
137.6510 30.7174
134.0469 26.5837
132.5670 30.7913
134.1679 26.5799
137.6441 29.2541
134.2134 29.7964
131.9295 30.3461
138.3088 30.5523
133.9513 27.3477
131.7604 30.3962
138.4595 34.0228
132.2046 26.9072
137.9554 30.7167
138.1318 29.3214
133.0428 28.4134
134.3062 28.4368
133.9464 31.0741
138.9553 29.0535
137.0922 30.5822
131.9606 27.5051
137.9631 30.7086
127.1437 27.0006
132.7717 30.6483
127.3260 27.0839
136.7211 30.1585
137.6226 30.7893
136.3996 28.9999
139.1544 30.0123
132.1018 27.5646
137.0290 29.3143
135.4723 28.4519
136.1510 29.0386
134.9809 25.8219
138.1807 29.3333
131.4412 26.5616
138.4939 29.1374
132.1456 31.9195
136.3110 33.0669
137.6172 30.6957
136.6593 30.2102
138.9018 29.2551
137.6814 30.6373
128.5110 26.2211
139.0293 30.3046
138.8102 30.3119
136.2739 32.3919
138.6694 29.7643
134.0767 27.5869
138.8803 29.9757
135.1323 29.3364
137.2852 30.6793
132.2663 27.7336
133.0894 31.0084
137.1012 30.5258
136.8701 30.1411
138.2691 30.4611
135.3046 28.5773
133.4215 30.0575
138.7927 30.1673
127.9059 28.9124
132.7521 27.8441
138.9935 29.4940
136.3210 32.7280
135.5373 29.0332
130.2378 25.3693
130.5398 25.1429
135.6653 28.9719
132.1308 31.8448
128.1944 29.5124
134.4063 26.4281
134.1615 28.4778
131.4877 26.2497
136.9003 30.6503
134.4207 32.3854
139.1112 29.9808
132.5632 31.8904
138.7245 29.7569
127.4314 26.5553
134.1631 27.6024
133.4305 30.3236
136.0557 32.1715
138.8421 29.9149
138.8111 30.5356
134.2051 27.4840
138.7522 30.5809
132.8887 32.3300
138.4594 33.8376
128.1337 29.4840
132.3198 28.3397
134.1942 28.1864
134.6753 32.4664
138.7946 30.0962
134.4676 29.6687
138.3918 29.2346
134.6591 29.3644
136.6608 33.9070
136.0764 32.8382
136.4280 33.3176
134.7041 29.2878
134.4842 28.2992
136.1941 32.8563
138.5940 29.4299
132.4153 27.1241
132.4326 27.5527
133.8158 28.4426
133.5447 29.2350
138.0280 34.2220
127.4093 27.9292
134.9504 29.3311
132.5649 31.9920
127.6082 27.0984
131.6045 29.8520
134.7897 29.5418
138.8861 29.7728
134.6513 28.1281
130.5894 26.8417
132.5763 32.2186
134.0493 27.8120
138.7212 29.2907
132.6683 30.5596
135.1662 29.4223
135.9474 33.2387
138.5180 33.8517
137.5648 29.3150
127.6378 27.9226
132.7882 30.6067
136.3168 33.2308
127.9571 28.9825
138.4704 33.8214
138.8231 30.5556
134.8055 29.2944
135.9909 32.7441
138.9805 29.8487
133.9003 29.5290
132.0211 32.0761
135.0803 28.6910
136.5873 30.5899
137.6833 30.4524
132.2361 32.0101
134.0104 31.1929
127.3660 27.5225
135.8671 32.1023
132.6215 32.0027
127.8744 28.6816
134.4375 31.2625
135.1723 28.6847
138.9095 30.3805
134.2743 28.4902
136.2521 32.7450
138.9887 29.8457
135.2015 28.7669
135.1541 29.4706
133.3885 31.0942
132.3136 31.8146
138.4696 30.6918
135.4550 29.4080
136.0927 28.8361
138.5453 29.0813
138.6911 32.6525
136.1450 30.5276
134.8242 29.2364
135.4437 28.5171
133.0306 30.7102
136.5778 30.3448
131.8310 27.0030
132.3484 31.6750
137.0284 30.5452
134.6465 28.1612
138.0914 30.1896
138.8770 29.4703
136.1282 33.5135
133.8747 29.5205
135.9279 28.5933
135.0849 29.5794
136.6642 32.2368
138.6718 30.5810
137.9436 30.6426
138.3509 30.7542
133.1929 30.7605
135.1780 28.7413
137.1651 29.3006
134.9607 29.3808
131.6265 30.5385
136.0631 33.3024
135.0703 30.0788
133.1170 32.3200
132.8455 31.0144
132.5287 28.2391
130.2928 26.9734
135.6037 29.0903
132.3015 31.7810
135.9198 33.1075
135.9767 32.7699
132.4454 30.7050
138.7316 29.5037
136.2855 33.0965
138.5761 29.4852
138.1854 29.8325
136.7988 30.8490
137.7312 34.4054
136.3528 30.0449
138.4099 30.0580
136.4379 32.4589
136.6371 30.5904
136.5150 33.8685
138.7064 29.8554
136.4189 32.4665
138.0580 29.9883
137.6743 29.9670
136.3915 33.2958
136.1645 29.9407
136.7451 33.5425
140.0281 32.7355
138.0107 30.0421
136.1328 30.0450
138.4737 29.9364
136.5181 32.4848
137.9151 29.7803
136.7567 32.5836
136.5086 30.2705
136.4224 33.3291
137.0507 30.4468
138.1421 30.0471
135.7455 29.4027
138.1729 30.0868
138.9256 34.3064
136.1150 30.0232
137.7148 29.4257
136.8160 32.8758
137.5779 29.9137
136.4933 33.6058
137.0787 30.3229
138.5286 29.6316
137.7199 34.3887
136.2883 32.7376
138.7103 29.2771
137.9888 30.5384
137.1403 30.2999
137.7351 30.5906
136.3235 33.1728
138.8080 29.6682
138.4150 30.3966
138.6418 29.9451
136.1538 29.8786
137.9530 29.9558
135.6105 32.8151
138.6707 30.3784
137.1000 30.5374
135.4199 30.3562
137.1063 33.6725
136.4886 30.3341
138.9428 30.1235
136.9067 30.1862
143.0772 35.9132
139.2622 29.9042
136.0576 30.2176
138.2479 34.2590
138.7427 29.5921
136.5160 33.0131
136.5829 30.4280
137.7989 30.5496
137.3909 30.9671
137.7991 30.9394
138.8370 30.3377
138.6408 29.9084
137.8524 30.3335
138.5619 29.9383
136.6644 32.6732
137.2619 30.4626
137.3824 30.9982
137.9915 30.0754
136.3127 32.9253
138.9200 34.0559
138.9815 30.2427
136.5060 33.0791
136.3523 33.2862
137.0022 30.2531
136.4072 32.4321
137.2315 30.9373
137.6504 29.4876
136.4327 33.1266
140.5852 34.1511
135.9515 30.2679
135.4096 29.7076
138.3346 29.9724
141.1591 34.0764
137.0482 33.1354
136.9366 30.5302
136.5313 30.5321
136.3702 33.1835
136.4430 33.0460
138.0605 29.9749
137.6363 29.9029
137.8937 30.2787
138.9214 29.7808
138.9279 34.2785
136.5870 33.8651
137.0586 33.4843
144.1667 36.4238
137.7605 30.2660
136.7941 30.9759
137.8709 30.9034
138.8697 29.6802
137.6671 30.3585
140.6837 34.9304
136.2899 32.7892
136.5570 30.2725
139.2326 34.8255
137.1042 29.7741
136.5392 32.4926
138.4736 29.9797
138.0301 30.0547
137.2324 30.4305
138.6519 29.4902
136.8932 29.7545
136.8642 30.4339
138.4411 30.3964
138.8590 29.4942
137.0546 33.6979
138.7623 34.2891
137.0956 29.8378
138.9688 29.4074
138.1615 29.9906
135.9455 32.9125
136.3352 32.3524
138.2721 30.0748
138.9409 33.9915
138.9611 30.2142
137.9688 30.1281
136.9074 29.9362
138.2570 34.2194
138.6504 29.3732
138.5866 34.2446
138.7677 29.5975
136.4523 33.2878
137.0807 31.0185
142.5039 36.1923
138.5040 29.6334
137.3997 30.6782
136.6101 30.5453
138.5474 29.9820
134.5359 32.9264
138.0619 30.0929
136.2653 33.1187
137.0383 33.2955
136.2386 32.4976
138.6665 29.9025
139.0404 30.0695
138.1340 29.7571
135.5389 32.9166
136.8914 33.0537
137.6832 30.1216
137.0787 30.7196
138.7833 29.6355
137.8172 30.0383
137.9437 29.6795
138.2164 30.7676
138.5614 29.7161
136.4220 29.8180
137.9214 30.3461
136.4857 33.1459
136.9045 30.1845
138.5040 30.7214
138.3517 30.7560
138.5877 29.7774
137.2569 30.2784
141.1248 34.0729
136.4521 33.5924
139.0535 30.3333
136.3923 33.1169
136.7159 32.6282
135.8952 32.9405
139.0023 34.2091
137.5839 30.0316
138.4731 29.9542
138.6914 29.6746
136.7660 32.5421
141.6524 34.6435
136.8279 30.9498
138.6299 29.7437
136.9818 29.4141
137.9050 30.2019
138.2399 34.2607
137.1129 33.3272
137.0948 34.2753
138.7599 34.0055
138.4922 30.4051
136.2140 32.4368
137.6801 30.9704
137.9924 30.0736
136.3239 32.4785
136.5343 29.9641
136.3387 32.3784
137.4592 30.6544
136.1925 30.3407
136.9882 33.0883
137.4035 29.8309
136.9428 29.9622
139.7770 34.4246
138.3063 29.8587
137.1593 30.5398
137.3169 30.4842
136.6299 30.8732
136.5570 32.9218
136.3603 29.8141
135.4137 29.9022
137.0620 30.3080
140.4477 34.7443
136.9384 32.8477
136.5805 33.7127
136.1754 32.7070
137.6488 30.9718
137.0259 30.9734
139.0698 30.4955
138.7059 30.3386
138.9457 30.1763
136.5847 30.7538
136.5465 30.2320
137.6209 29.9835
137.0768 33.0799
136.6962 29.7407
136.3714 30.4683
138.4817 30.3522
136.7036 33.7542
137.8190 30.0218
138.5274 30.4479
137.0330 33.4409
137.2296 29.3674
136.9817 30.7183
136.8220 30.1417
136.8150 30.2806
139.0526 30.3306
136.3257 32.4263
138.3822 30.4595
137.9172 30.5678
136.0851 29.9756
136.9739 33.2461
136.3288 33.1336
137.9242 30.2429
138.2182 30.0286
136.8066 30.8547
138.6385 34.2055
136.9996 33.5669
138.1699 30.0448
139.0080 29.4876
137.6708 30.1239
137.1740 29.8469
137.0767 30.6857
137.8128 30.6104
137.1750 34.3051
138.1170 29.7027
137.9557 30.0891
137.3775 30.1367
136.7179 33.6941
138.5749 29.4448
138.4306 30.4048
142.1979 36.2122
137.7154 29.9934
138.3547 29.3871
136.3530 33.1440
136.7585 33.5060
136.7831 30.8471
142.5206 36.2104
136.5435 29.9582
137.6902 29.9907
136.8293 29.3684
137.9797 29.4732
138.8620 29.8571
137.5376 29.9357
140.4905 34.9901
138.4611 30.3669
138.5595 30.4305
138.7327 29.5274
137.9547 30.5340
137.8472 29.7357
136.1871 30.6343
135.5299 29.5833
136.7814 33.5422
136.3983 33.1043
136.5606 30.8669
137.2977 29.8290
137.1665 30.0834
138.6812 30.3033
136.8536 30.6592
136.7416 29.4191
136.2251 33.1789
137.3844 30.2548
137.0180 29.7443
138.5738 29.5197
136.1986 32.5587
138.7341 29.4905
136.6344 30.2346
137.8571 30.0658
136.4538 33.0494
135.9977 32.5097
138.4657 29.9379
136.9698 29.8454
139.3733 30.3742
137.6839 30.0571
137.6699 29.5093
137.7798 30.6005
137.3774 30.0171
136.6679 29.4018
137.2562 29.5416
138.5944 30.3664
138.1343 30.0618
136.5313 30.1604
138.8822 29.3058
136.4002 30.5221
137.1588 29.8117
138.5968 30.3931
137.2046 30.6900
138.7553 29.4377
136.2306 30.3267
136.9593 30.8616
135.6244 29.4933
136.6176 30.5060
138.3845 29.4532
128.1826 29.7787
134.3099 28.4825
136.5664 32.8845
136.0738 31.3179
133.3695 27.7750
139.7947 34.3385
130.2376 29.0426
138.8695 29.9529
143.8049 35.9295
135.7604 32.9418
134.4061 30.7395
135.8286 28.6276
127.8130 28.8792
138.6255 34.2614
137.8698 33.9299
136.0122 32.8826
133.5444 31.4053
132.9940 28.6248
131.2898 31.0913
136.4080 29.9304
139.6571 34.3206
137.3996 29.1738
132.3553 31.5914
132.0486 31.6522
132.1045 30.2745
135.1639 28.4314
130.5073 25.2968
131.9091 30.5379
132.3824 32.2151
131.9835 30.7670
133.2783 30.3139
141.3117 35.5183
133.7865 28.1573
134.9106 27.8834
136.0693 26.2517
136.4627 32.8716
136.9210 30.6453
132.8368 28.8212
137.8011 30.4870
139.0216 30.3898
138.0806 30.7333
135.0913 29.3115
127.4133 27.4825
140.8044 34.9632
138.8122 30.1718
135.3090 28.2139
137.6420 32.2693
134.3608 28.1804
137.8652 29.3397
133.7166 31.2454
138.4912 30.2948
138.9658 29.9388
125.0341 28.6803
137.7200 31.7683
134.1246 26.2722
134.3181 27.4292
127.9305 28.7507
134.3087 26.6416
137.2701 28.8332
135.7769 28.8872
138.9718 29.7475
135.4632 33.3084
137.8092 30.1085
138.3824 30.0936
136.3085 33.4138
131.6667 30.2758
138.5347 30.0211
135.4599 29.0751
129.3869 26.0919
136.8573 30.7940
131.5130 30.1475
133.4110 27.9961
140.5793 34.9621
136.1814 32.7110
131.9663 31.4906
138.0227 32.1693
136.0789 28.7089
134.0937 28.7584
138.9140 33.9215
134.1752 26.7948
136.8225 30.8057
138.3477 29.6127
131.4552 26.5292
141.2528 34.7995
128.4352 28.1019
137.5410 30.3741
133.8473 27.7508
136.5892 30.6151
138.2439 30.4271
133.2831 31.6184
138.1712 34.2999
127.9646 27.8866
134.3469 26.6314
133.3872 30.9946
136.0408 32.7914
140.9539 33.8267
132.7926 30.9187
127.9320 29.6756
137.3532 34.3010
134.7473 32.1855
134.0696 32.3613
138.4329 30.5910
138.2876 30.5809
139.2210 29.9585
136.0841 28.7999
134.7601 31.8739
132.6514 28.0032
134.7154 27.9505
131.2001 29.9985
136.1099 29.1280
133.3011 32.4037
135.8596 33.0069
136.0029 32.8632
134.5942 30.0828
138.7301 30.2419
133.9653 28.3399
133.0598 32.2142
136.3948 33.1248
136.7135 29.1505
138.4837 30.4872
137.2682 30.7726
133.5708 32.1400
133.0510 28.3596
136.8342 33.4540
134.4956 29.6519
134.7614 28.4311
136.8016 30.3186
139.3333 29.6437
127.4235 26.7254
133.8082 30.9000
136.2975 33.5829
134.6712 29.3564
132.4842 28.2974
128.0623 29.5390
136.9453 30.6922
134.8088 29.2012
134.4482 28.4852
132.8869 30.9890
130.9395 30.9722
138.0272 28.9768
138.8452 29.4964
132.5674 31.0347
138.3218 29.4218
137.7293 30.6343
131.7686 30.7520
133.5119 28.9037
134.0510 28.3852
138.5570 30.2724
132.2820 31.9251
128.2172 30.0986
135.0402 28.3712
138.9577 29.5944
128.2998 29.3813
138.8911 29.5744
134.0676 27.8707
133.8138 32.4035
137.5117 30.6667
137.0741 30.8319
136.6817 29.3044
135.5718 29.2111
135.0389 27.9069
138.8140 29.5307
134.0641 28.1265
134.3077 26.9529
138.9431 30.4805
134.8202 29.8419
134.6566 30.5138
133.5730 28.3787
133.8005 28.3625
133.9809 28.4129
134.3271 28.7373
137.7065 29.4322
137.3921 30.7397
138.6479 30.2165
138.2800 30.4323
134.1317 28.1549
131.8347 27.6040
127.1363 27.2969
138.9344 30.4998
136.7755 33.1204
131.9024 31.6939
136.3941 30.4365
128.0958 29.3577
133.7807 29.0802
134.1524 27.5334
140.8376 33.3979
134.9321 28.1151
135.0265 27.9940
133.9543 28.9964
134.7309 29.6661
133.8046 28.2365
138.6727 29.8231
139.2566 29.6949
133.8802 27.2098
134.9058 29.5504
128.1222 27.1745
134.0381 31.6524
134.5216 29.2788
132.2000 31.8726
136.1363 32.7291
138.5988 30.3654
137.1384 33.4322
134.6543 27.5935
131.4518 29.8532
138.8889 29.9719
138.6236 29.6412
135.9562 28.6575
136.8154 30.5489
132.8323 31.8652
135.9836 32.3424
138.9013 29.4597
137.7517 30.5305
137.2665 30.4134
137.0466 30.1193
134.7669 27.8068
130.4665 28.7293
127.6472 28.0591
133.1402 29.3934
139.2030 30.0652
141.0873 33.4658
135.1550 29.3451
134.6108 28.2389
135.9610 28.9399
134.1356 26.9862
138.7024 29.2871
138.8666 29.8828
134.1827 28.2132
139.1835 30.2158
139.3661 30.2364
134.0636 29.1419
140.2610 34.5403
133.7397 29.1484
134.2852 28.4314
133.3741 28.5162
136.7504 33.2797
138.7864 29.9036
134.8100 27.7584
136.4742 30.7073
132.0403 30.2115
134.7290 30.1584
132.8831 31.5637
135.0867 30.3136
136.5481 32.1319
137.4209 30.1133
136.5967 33.6992
136.6600 33.3165
135.4302 28.2214
135.4666 28.4732
139.2872 29.2195
133.9287 29.0911
132.5209 31.1404
138.5899 29.8375
138.1066 29.5569
137.9138 30.2677
136.7188 29.9725
131.4248 30.9003
139.2165 29.3817
134.4571 28.6172
137.9590 30.5910
132.2178 32.1609
138.9586 30.2812
136.4077 30.2535
128.6092 29.9394
128.6685 26.3436
129.1404 30.3148
138.3561 30.7708
134.8399 28.0222
136.4452 33.4770
138.9410 28.9460
139.2958 29.7757
129.0946 28.3071
128.4198 29.6943
137.9428 34.0572
128.7443 26.8657
138.3568 28.5277
134.0835 27.8096
136.6676 30.7147
136.8630 30.6338
140.8106 35.4414
133.6142 29.2350
132.8301 32.3709
135.8573 32.9176
133.6309 27.4794
135.6104 31.2869
139.1765 30.1481
138.6076 33.7903
135.8438 28.6068
139.5036 33.2655
135.6249 29.0169
139.1640 29.8065
138.1666 29.7536
134.6834 27.8297
133.8447 28.1729
138.5010 30.2551
128.7822 28.3494
132.1305 32.0122
135.2545 29.8421
128.8613 26.4902
131.8599 30.5749
129.3607 25.8631
136.3038 30.8424
138.6277 30.4369
127.6866 28.8849
136.4656 33.5246
134.3600 28.2888
136.0185 33.3615
137.5782 30.9836
135.6403 29.1809
136.5655 29.2414
138.9004 29.9396
138.3453 34.0935
137.2501 30.0555
136.7625 29.9396
139.1247 30.5237
138.9065 30.1054
138.7505 30.0898
138.7654 33.9753
138.7344 31.9840
140.3869 34.8647
138.3015 34.2096
138.8532 29.6578
137.0192 33.2261
136.5343 30.0911
140.6286 35.1070
136.3448 32.2047
138.7409 30.0661
138.8128 29.2607
136.4650 30.1277
136.4740 33.7799
136.8053 34.0414
141.5548 35.4844
138.7950 29.2610
136.9184 34.0934
138.8205 30.1739
136.5540 33.6371
136.4750 32.3698
137.1678 30.9799
140.1239 32.8772
135.9527 33.0097
138.1727 34.1754
138.4052 29.2270
136.5214 33.5653
136.8624 33.6746
140.7252 35.1577
136.7932 32.4843
127.4997 28.2074
136.3819 33.5427
135.7536 32.6061
137.3513 34.3172
137.1387 29.3525
135.9508 32.9043
137.9685 30.5137
136.1236 33.4128
136.6635 29.4258
136.5135 32.2414
139.1465 30.2660
137.0145 33.0300
136.2915 33.5863
136.5383 33.5672
136.4681 33.3580
137.8217 30.8863
136.9255 32.7537
135.9083 33.0149
136.6774 33.6828
136.3667 33.5466
138.6514 30.3863
136.9473 33.2341
136.2621 33.5138
136.6220 30.8568
136.9379 29.4642
136.6266 30.8905
136.8990 33.6077
137.7676 29.3586
136.9750 33.5007
136.8958 33.6525
141.1763 35.3838
138.7485 30.3438
135.8437 33.0362
136.9234 29.3303
137.5456 29.4392
137.5323 34.2632
137.4997 30.9525
137.0291 33.4540
135.5889 29.3405
136.2133 32.3566
138.3173 30.7332
136.7809 34.0321
134.0971 29.1569
138.6560 34.0999
136.2270 33.0062
137.1489 33.1684
136.1428 32.8652
135.2244 29.2614
138.0978 34.2040
136.8779 33.1635
139.7027 34.4110
137.0448 32.5633
137.1114 30.0067
138.3080 29.7072
136.1842 33.5915
136.3357 32.2562
138.5277 29.4636
135.4897 29.1843
136.6387 32.3327
136.2964 30.6088
136.8854 32.6139
135.0841 29.6146
137.2706 30.3814
137.2795 29.5179
138.0394 30.0735
135.8433 29.2459
136.5240 33.8281
139.1099 30.5386
138.3218 30.0928
138.0906 30.1700
134.6178 29.5101
136.2767 30.1053
138.5634 29.7628
136.5111 33.7884
138.7800 30.1571
140.9502 35.4208
139.1678 29.6121
137.3712 34.2513
128.5196 24.9574
130.7636 27.0606
136.3994 32.6677
131.0461 27.1029
132.1384 27.5478
128.3302 30.2372
128.2605 25.6237
131.0574 29.6522
136.7742 33.4295
138.6805 29.5776
138.1670 30.2389
131.2194 26.8703
138.5773 30.3970
139.0325 30.2231
136.7908 30.5427
132.0066 26.7566
141.0117 33.4936
131.8022 26.9575
135.0619 28.8446
136.7089 33.4565
130.2995 27.0089
137.4072 30.6317
132.4076 31.8021
136.8538 30.3717
132.6623 32.0407
138.7679 29.9918
136.0065 33.3106
137.4760 30.7399
138.7465 30.0961
133.9453 27.9699
132.8254 32.1196
138.8197 29.2792
132.0364 31.7596
134.9937 26.1640
137.8890 30.5882
135.5318 25.0533
133.8781 31.2395
127.0800 27.3153
132.8392 30.8655
138.3628 33.9262
134.1720 32.5366
140.4006 34.9770
137.0832 30.7300
131.2303 26.9170
136.7705 33.0356
138.6027 29.2122
138.5131 30.6222
132.5475 28.3619
135.1817 28.3753
136.5948 33.3660
138.6044 29.5765
134.6028 28.0060
136.8929 30.3233
138.3558 30.4293
140.1881 34.6101
134.5103 27.9731
134.9105 29.6454
130.8237 26.7448
136.9334 30.3800
132.5584 28.9736
136.8846 30.4015
138.5550 29.4992
132.9917 28.7354
138.5823 30.3062
136.7421 33.0560
136.4835 30.2686
132.7835 32.0504
136.9916 30.4395
134.7872 28.3429
132.4211 32.0189
136.8971 30.4834
136.5678 30.5479
136.6030 33.0210
136.7360 30.7897
139.0850 30.1985
136.9150 30.3254
137.9214 30.7030
139.0395 30.2492
137.5412 34.2637
135.1120 28.3444
136.2401 30.3311
138.3418 33.9324
136.6753 33.4179
140.5440 33.8789
136.8887 30.3281
136.9166 30.3572
132.9742 28.5882
134.6717 27.7896
132.1507 31.9136
136.4597 28.9768
134.1659 27.2104
130.9924 26.6216
138.7555 32.5896
138.9033 34.6100
137.6292 30.2773
136.8979 30.3392
132.0712 27.9345
136.4210 30.3863
129.9259 26.2632
132.2500 27.9887
132.5173 32.0731
131.1066 29.6096
129.6326 26.5201
137.7378 30.8771
136.9547 30.1172
136.6240 30.3126
138.4356 30.3663
137.9370 29.3940
137.1597 30.6304
138.6238 30.2709
138.6831 30.5615
138.9414 29.3490
136.5989 30.4660
136.4698 33.3480
136.1643 29.4410
137.5349 30.5079
136.8643 30.1725
137.0649 29.9923
138.6759 29.4665
137.0975 29.5512
136.2323 32.3706
136.7466 30.9111
138.2312 29.6471
137.1353 33.4030
136.4799 30.3353
138.3061 30.1493
138.9479 29.8968
136.1027 33.4033
136.4893 33.5368
138.9709 30.0637
138.7118 29.9541
136.7030 30.6403
138.3135 30.4381
137.6891 34.3371
136.7366 30.5917
137.1402 34.2812
138.7690 30.2860
139.0323 33.7246
136.7755 30.1619
136.2164 32.8476
138.6067 29.4421
138.0054 34.2337
136.4843 30.3850
136.4734 33.5622
138.3605 29.5105
137.9362 30.2062
137.9153 30.5496
136.7811 30.0096
136.7295 32.4369
136.8535 34.0679
137.4597 30.6822
136.0649 33.4638
137.0580 30.2849
141.1488 32.8213
138.4473 30.3434
138.8433 34.1425
135.2016 29.6190
137.4181 30.3420
136.9844 33.2906
137.3730 30.5453
136.8598 30.1802
137.8229 30.7971
136.7459 30.1614
136.9494 33.4676
137.8941 30.7981
136.5444 30.6037
136.1759 32.7794
137.1536 30.7159
137.3198 30.7419
138.5465 29.7619
136.9899 32.9199
137.6186 30.6197
137.8442 30.6815
136.0215 33.0500
137.4599 30.6921
137.3350 30.0891
137.5490 30.7013
138.3325 29.7159
137.8868 29.3728
137.9073 30.6023
136.6248 30.3331
138.6042 29.4790
138.6925 30.3817
136.8355 34.0087
136.4862 30.2671
138.6540 34.2155
138.0352 30.5381
138.2429 30.4647
136.6093 30.5781
136.5160 30.1190
136.9133 34.0066
138.5857 30.2951
138.3213 29.3029
138.7985 29.7277
136.3976 29.2344
137.0213 30.6217
136.5693 30.4632
136.4981 33.7022
136.5942 30.5406
137.9797 30.2797
137.4355 30.6766
136.9670 33.4383
138.1770 29.5641
136.3647 32.8311
137.9257 30.5754
136.6566 30.5638
137.7220 30.3363
138.3277 30.4808
135.1594 30.1228
138.6781 30.3832
138.3392 30.4254
140.5609 32.5398
138.6023 30.3198
136.2959 32.9284
137.0349 30.7391
140.8847 34.7319
138.4848 30.4148
138.4128 30.5070
136.4794 30.3120
138.6921 29.2320
138.6575 29.4154
141.6033 35.5634
138.1872 30.4775
136.9916 33.3086
136.5828 33.6299
136.7569 33.6991
136.9036 30.6668
136.3243 32.4979
136.6992 30.5788
137.0032 30.3067
138.5919 30.3294
141.6518 33.2856
138.0310 30.5427
136.0538 33.1520
137.2459 30.1769
139.1327 34.4396
137.7386 30.6346
136.5808 30.7578
138.2820 30.4535
137.0653 30.5504
136.4727 33.7815
135.6888 28.9838
127.2155 28.8531
137.0390 29.4104
136.6783 29.1882
137.2347 30.8613
138.8794 30.1770
134.0440 27.9658
133.9221 29.8633
139.1324 29.8423
135.7770 25.8811
131.6570 30.5722
130.7749 30.6577
132.2843 31.5499
136.9394 30.5689
137.9942 30.1827
136.2792 32.8951
135.3827 25.4986
131.3522 29.8775
136.7231 29.3223
138.2864 29.5671
134.3794 31.5551
139.7140 34.4656
131.1809 26.4411
132.7279 30.4778
131.6113 28.7908
135.2173 27.8825
129.2589 28.6026
131.8710 26.8779
133.9690 26.4547
138.3335 34.0201
134.7152 26.4299
135.4013 28.2033
127.2117 28.2913
136.9074 33.2407
126.9300 29.4366
132.1447 28.2245
126.2707 29.3997
133.5849 25.0643
138.1318 30.5976
130.8618 26.9119
136.0964 29.2847
131.9026 31.5349
135.7831 25.4890
133.0184 31.7123
138.9309 30.2615
133.8633 28.8707
135.0876 26.1334
136.4570 30.9260
127.8398 27.2993
138.8055 29.4489
131.1704 30.5379
136.6998 30.0784
133.4893 31.9192
138.6333 33.3522
131.2219 30.8679
133.7733 28.3955
138.9164 29.4550
134.3306 27.0014
132.6950 28.8398
131.3473 30.5126
136.1831 33.1014
130.5543 25.3150
127.8972 28.4078
134.6922 28.8879
133.4716 30.3193
139.1649 29.7532
130.3716 24.8719
127.2872 28.4106
132.4622 31.7238
133.6717 31.3239
133.7314 31.6395
136.8517 30.6740
136.7239 32.6106
132.2953 31.2286
133.7943 30.6906
139.0722 32.7919
138.7953 30.6347
133.5284 28.4680
133.3707 28.1237
133.0315 29.6553
133.7421 29.0607
138.1015 30.5423
134.8311 32.0622
133.3327 31.9002
131.8501 30.5328
134.3423 26.1735
128.4781 23.7272
129.7942 25.8339
134.5369 25.9920
129.6960 27.7600
133.1772 31.6299
133.2964 30.8946
138.5622 30.6190
133.2674 29.1574
133.3874 28.4020
134.7542 25.1014
132.0141 28.4141
129.0627 26.3154
133.8487 29.2224
133.5027 25.1438
132.3377 29.0829
129.0992 26.5088
135.3869 26.0734
132.8902 27.6666
133.6975 24.9150
133.7626 29.8394
132.2245 29.0911
137.4260 29.6079
132.4700 25.0886
134.4718 27.5663
134.6968 25.7235
129.6056 23.9665
131.9268 29.3452
134.7742 26.5768
128.6684 23.7060
135.6779 25.1804
133.9315 27.8885
134.3049 25.6049
133.3389 28.0094
134.7811 26.3627
133.7325 26.6722
133.1720 29.5282
137.2516 29.1446
136.2684 28.8761
134.9097 31.1015
130.1005 26.7242
128.3987 23.8532
131.8685 30.9765
133.4866 27.9819
133.3882 28.0576
134.5119 26.6773
133.6774 25.4899
131.5060 25.9445
130.3261 26.1900
134.5842 25.2239
134.3993 25.3140
133.5101 30.1441
134.6044 25.4135
135.1076 25.5802
134.0180 25.3377
133.6906 24.2500
134.0323 27.9399
131.8248 31.7715
138.6774 30.5522
135.4314 25.9283
132.4498 31.5004
133.6137 29.0194
138.2579 30.9068
132.3111 28.2327
128.6718 30.0088
133.0490 31.7924
134.6290 29.6793
137.4705 32.3753
136.6699 33.6274
136.7424 30.4940
139.1087 32.6509
136.0181 32.5067
133.6598 27.7869
136.5125 33.1684
130.0532 26.1205
131.6565 26.6552
134.2377 29.5572
138.3489 29.3871
129.3939 30.1607
135.2310 28.1884
139.0853 29.5766
134.6831 26.1859
135.0879 29.7371
134.5604 27.9694
135.9655 32.9940
128.3441 29.5440
134.6784 30.7403
138.7911 30.1477
137.5226 30.5169
127.8096 27.6226
136.5430 33.7107
132.3335 31.6936
139.0205 30.0222
132.2432 32.0742
136.1012 33.2001
134.6612 31.6446
138.7573 28.7078
136.3296 30.2116
131.9629 30.3166
136.3559 33.1787
134.7778 27.8923
133.8348 32.1793
137.6103 30.5687
136.4387 30.2444
134.1698 29.0477
138.4859 29.3589
138.5296 30.1761
133.8394 27.7523
135.2940 28.4963
134.2483 32.2994
133.0931 28.4006
138.5704 28.7470
139.1832 29.8909
136.5938 33.0065
135.0836 26.1964
130.8846 30.2114
133.5464 32.1444
138.7247 29.7571
139.0031 29.6383
132.0217 31.4525
137.1613 30.3981
139.4357 30.3064
136.0018 33.2094
139.3483 30.2052
133.3741 29.1428
138.6100 30.0734
136.9682 30.1610
139.1678 30.1492
136.0791 29.9976
139.5921 32.6567
131.7626 31.6175
138.6289 30.0628
135.1517 27.8777
134.5244 27.1702
134.2650 27.4786
138.9129 30.3447
136.2488 32.0577
139.2065 29.9012
125.4497 30.9835
134.0840 29.1724
140.4542 34.5790
136.4883 33.2996
136.8826 33.3037
132.1419 27.2196
139.0182 30.5118
129.4349 28.5516
134.8583 30.0246
134.3243 28.4441
136.5547 33.4964
132.7942 30.7001
135.4330 28.5294
133.4379 28.5383
129.3954 28.7469
133.7981 30.7222
132.8501 29.4421
135.1480 25.8578
128.7427 28.6526
138.7096 28.7917
131.9585 29.7987
136.2709 32.5481
138.8487 29.0085
135.6938 28.8053
129.1108 28.7064
134.2597 29.6316
132.7908 27.6317
133.6792 31.3881
132.2812 31.4051
139.0491 29.7734
137.9805 29.2146
131.8975 30.5480
132.8899 30.5121
137.0012 30.2393
132.3544 31.1860
127.6303 28.3782
133.5420 30.5679
136.5462 30.2527
139.0429 30.2952
134.9206 32.0319
137.2497 30.6160
132.9927 28.5570
133.8899 28.5639
135.6395 28.6323
136.4750 30.2986
134.7031 26.2310
129.0030 27.9865
139.0445 29.3960
136.5965 30.1806
130.4340 26.4433
131.8647 29.9820
134.1145 26.6148
132.5291 27.3150
128.1933 29.5465
130.9543 29.7410
134.4419 31.1845
131.8715 29.8168
136.1868 33.0003
129.3628 30.1230
133.0078 30.8290
138.5152 30.3519
138.9513 30.3205
136.7287 30.1786
134.4882 25.9588
136.5322 30.4704
132.8348 30.8157
138.5943 30.3905
139.1361 29.5916
135.9715 33.1392
132.7233 28.4749
138.2242 30.5978
136.7440 30.2916
131.5137 31.6722
138.0542 29.0354
132.3959 31.9353
134.1137 26.9456
135.4416 25.8448
134.1104 27.2167
128.7014 26.3334
132.2151 32.0543
138.3260 30.4065
132.1331 27.6637
139.0236 29.3450
132.5487 28.7203
136.8941 30.8028
136.8855 34.1498
133.9925 27.3539
131.4077 30.5050
134.2821 26.3269
134.2260 28.8655
138.1363 30.4894
138.7282 30.3115
138.6589 32.4971
141.3459 34.6178
136.0102 33.5187
132.7492 30.8189
136.3447 33.4752
141.9649 35.9721
136.2196 32.7101
138.8082 29.4581
133.7655 29.8805
143.6005 36.0142
137.0056 29.9624
137.9961 29.6958
137.5809 34.4429
131.7322 32.0067
139.8044 32.7124
136.1329 33.0741
139.2759 29.7151
140.6419 32.5626
138.8054 30.4475
136.7444 30.1235
138.4560 30.1148
134.9050 28.2803
136.3898 30.1842
134.6580 27.9600
141.3397 34.0087
137.2514 30.0956
138.7698 29.1609
137.0702 30.0673
134.4204 32.4879
140.2376 32.2896
141.2691 34.5739
136.7257 32.7849
138.5839 29.6723
138.5232 30.3003
139.1405 30.0910
137.4167 31.7437
133.1752 30.6795
135.9068 33.3072
135.8399 33.2947
136.5813 32.5359
126.3473 33.0124
136.5385 30.0182
135.9081 29.1584
129.7913 25.4550
141.9690 35.7218
133.3542 29.9019
136.1859 32.9930
139.3456 34.0526
138.7059 30.0350
143.3965 34.7354
142.4560 35.2899
124.0182 32.4623
145.2885 36.3960
138.9077 29.8078
136.9304 29.4797
138.4594 29.3072
138.4487 30.0704
136.2477 33.0763
141.7229 34.2634
138.4155 29.6026
136.2625 33.4196
133.2305 32.0320
134.4497 32.1468
138.9236 30.4755
145.0344 36.3735
131.2792 30.2044
138.2722 29.3584
136.3586 33.3631
139.2599 29.6014
139.5275 29.9785
137.7502 30.1086
138.4282 29.2117
137.8503 30.2764
135.5853 33.3438
139.2590 34.7159
136.9182 30.8255
136.2845 32.7539
141.7137 34.2959
138.4395 29.2050
132.5475 29.7050
141.4768 34.6786
136.2135 33.4143
142.9628 34.4693
137.9442 30.1534
138.9088 29.7209
133.7840 29.7016
145.0536 35.6972
138.7842 29.7568
136.0647 32.7977
138.5110 34.2420
137.8407 29.5450
136.3221 30.0653
137.0956 30.3722
130.5443 30.0601
136.7497 29.0511
138.4251 29.4546
145.6834 36.5089
128.3820 29.1274
137.8735 34.1483
133.8747 32.1867
132.9128 28.4798
131.4697 29.9282
132.8815 31.8981
133.6787 32.3260
138.1752 34.2003
128.2731 29.6550
134.0820 28.8218
133.1995 32.2809
132.4884 32.2207
132.4992 32.2982
132.9852 32.2308
136.9161 30.3803
133.0827 32.4097
138.6486 30.2119
134.8172 29.6597
138.6223 32.6946
133.1377 31.1394
132.0078 31.8549
134.8525 30.9810
131.7775 31.6418
136.2929 32.1332
132.7108 32.3344
136.2680 33.7028
132.9249 31.9709
132.3810 30.5631
141.2322 35.5195
134.5349 30.1535
136.7807 34.0187
136.1444 30.3730
133.3711 32.2894
133.5146 28.2406
137.0117 33.5415
139.0421 30.4347
134.2154 28.1363
135.0767 29.4748
137.2546 34.3234
133.3054 31.1952
130.1460 26.2838
134.6490 28.2192
132.7542 30.7008
131.8872 30.3929
135.2113 30.0785
134.0492 28.1192
132.9737 30.5345
129.1414 26.7869
134.4282 28.7825
138.2778 30.2810
132.4734 31.9494
133.9185 32.3420
137.6911 29.3804
138.5331 33.9291
138.4756 33.9288
135.9555 33.0448
132.9940 32.0089
136.6439 30.7869
128.2856 28.1200
133.2830 32.2632
134.0544 27.9327
134.5700 28.5300
139.0436 30.3687
133.3220 32.2533
132.3920 31.7844
134.5602 28.6533
136.5832 33.5790
138.5225 34.0227
136.2833 32.5425
132.9552 32.3288
134.0545 27.7545
138.4846 34.0861
132.6690 32.1454
138.0948 30.4314
137.3836 30.3754
132.1657 32.0313
136.1553 32.7334
136.8993 33.1539
133.1183 29.6658
132.8266 30.7848
136.9559 33.7597
135.1197 28.8972
134.8898 28.6106
138.3106 31.9641
138.9384 30.4655
138.3228 30.7310
134.8379 28.1237
132.6796 32.4045
133.6886 30.5881
131.8239 26.7571
132.6952 28.2168
134.8405 29.1973
136.4079 32.1307
135.1256 29.3071
134.6002 28.9943
134.0211 28.1362
134.5752 29.2826
134.9361 28.1978
134.6407 28.1145
137.6740 30.5242
132.7917 32.0832
138.9605 29.3815
133.1489 31.6079
134.0446 27.4301
137.8182 32.5212
135.1372 29.4560
134.2045 28.0587
133.0108 28.6525
140.8252 34.5960
133.0332 30.9116
133.0155 32.2412
133.2224 32.3113
132.3219 32.1955
134.2331 27.1524
132.9823 27.1064
134.2195 28.2640
128.3774 26.3856
137.7902 30.5976
138.6718 29.5884
136.7944 30.7977
138.9494 30.0773
133.9438 27.8890
133.3920 28.9766
134.5832 30.3185
127.9048 28.8136
138.9490 30.1764
133.8759 29.1921
133.5258 32.0953
133.5878 27.9246
133.2324 29.8324
136.1068 31.7241
136.1191 28.6118
132.9608 27.7302
134.0966 28.7524
132.1639 32.2869
133.1775 29.2691
134.3350 28.3604
140.9519 32.9675
136.0543 28.9946
139.1170 30.0310
134.9198 29.7507
131.3183 30.9992
136.2667 33.0878
134.6093 28.4999
132.8941 28.8933
138.0962 29.1618
131.1332 31.0724
127.9052 29.0861
132.9345 30.8093
133.0831 27.6913
136.8602 30.5236
128.8653 26.7805
136.5008 30.0970
135.6112 26.0464
127.1221 28.1202
131.0473 26.3688
137.0578 30.8316
133.6720 28.1226
132.4186 28.0290
133.6991 28.1649
132.5319 27.1136
139.0982 29.9277
132.9211 28.7044
132.2888 27.3571
132.6775 29.2685
134.2514 32.2808
131.6182 27.1137
132.8367 31.5885
138.8496 30.4482
134.7688 26.1099
131.7422 27.7981
130.2398 28.4270
127.8109 25.7445
137.4808 29.0646
134.4275 26.0250
129.7664 26.9469
131.1216 26.8265
134.1745 30.0275
133.1120 28.8739
137.8868 30.6898
132.7065 28.0470
134.0975 28.8103
136.5774 29.9930
139.0451 29.2230
133.5245 32.0179
132.9876 29.6710
132.2811 32.3497
139.0314 30.2862
136.5310 29.2399
138.7459 29.0792
134.0526 26.7005
136.1998 32.6106
138.9085 30.0757
136.1386 33.0217
136.4599 33.6953
135.9987 33.2670
138.9143 30.4182
136.6977 30.0498
135.0105 30.0782
131.8664 31.6213
132.9659 32.2907
135.7401 28.6615
138.7276 28.9448
138.3778 30.3034
136.4632 33.3548
131.4341 29.9818
132.4375 27.6769
135.3834 28.1388
134.9700 28.1370
133.9987 28.2203
136.9150 32.8095
135.6991 29.2276
128.1242 27.7929
138.9133 28.9811
132.4529 31.7442
131.3640 26.6751
134.7863 29.6540
134.0596 27.3540
136.3088 33.3143
133.3861 28.7998
138.8003 29.4841
134.0694 32.4845
134.6502 32.4854
133.5169 29.1350
134.0914 26.5988
137.0398 30.8659
137.6656 32.6698
140.1914 34.5683
133.8769 28.4217
131.8466 29.8981
132.8280 32.2147
136.1049 33.0933
132.6438 28.9505
132.2178 27.6409
136.1727 32.7620
134.4410 32.4250
132.0399 31.9982
132.9231 30.3980
136.2400 33.3440
135.9261 33.3289
132.7619 30.7851
133.1819 28.8702
131.6680 30.1641
137.0879 30.3060
135.1044 29.2723
132.7922 28.1893
138.6696 30.4125
139.9460 34.0915
135.0619 30.3812
132.3007 30.5987
138.0378 30.6703
132.5500 30.7614
132.8986 31.2110
132.5096 27.4958
139.5075 29.7101
132.2525 30.5976
137.1395 29.2672
136.7949 33.4760
134.4158 28.7595
138.9863 30.3995
137.9309 30.6040
133.9612 31.8902
135.0312 29.9830
134.2579 27.0673
139.2531 29.7453
127.2239 27.5286
132.1228 31.8799
138.9364 30.4265
133.3495 32.1721
132.3118 30.1427
134.0942 27.6233
131.8760 31.5660
130.3903 27.1765
137.6665 30.6090
133.5877 27.9503
134.8405 29.5502
139.2114 30.0730
133.5985 29.6637
132.9262 31.6368
136.8499 30.0391
136.5700 30.5721
134.4845 28.4726
138.3264 30.3480
135.6975 29.2760
134.9422 29.9348
138.9372 29.4236
134.3239 26.5283
132.0706 32.0616
137.0630 33.7152
133.5473 28.7317
133.7717 29.2407
136.0559 33.1559
138.7837 29.3056
131.6910 31.1305
132.8130 32.2137
129.0245 26.8878
133.7217 32.2783
132.2388 30.1911
134.4209 28.5511
134.2897 26.4007
132.9440 30.7255
136.5528 30.1308
132.0555 31.9826
133.5624 32.4298
134.4849 32.4442
134.9566 29.0447
135.2721 28.8229
134.1477 25.5804
132.0672 31.4370
138.4317 29.3802
133.8538 27.6898
138.8441 30.4287
137.8878 29.0747
138.8497 29.5629
135.7054 31.2413
128.5685 26.5495
133.1060 30.5412
138.7157 30.5244
126.1811 29.9673
127.5748 28.6340
130.0949 25.3677
138.4176 30.5168
128.5680 25.8869
132.2815 27.3264
138.7254 29.8733
128.1292 29.4081
138.6028 29.8735
133.4301 27.6409
134.6897 29.4454
133.7875 28.7728
137.5193 30.6229
132.9359 29.0572
127.9902 29.0774
128.1795 28.9746
131.5128 30.9629
133.4942 28.0995
136.0764 28.9418
133.5047 32.2555
134.7478 30.5624
127.0916 26.7854
133.8435 29.9187
138.9099 29.9606
133.1745 31.0783
138.8647 29.9622
133.5380 28.9169
131.9478 27.7335
138.1838 29.0383
139.0702 29.8339
139.2470 30.3625
134.3491 29.6051
136.9262 30.4983
134.5039 30.6624
132.6656 30.4383
132.4775 31.9320
139.0481 29.6794
133.9263 27.2495
132.5103 29.1555
135.8732 33.4636
127.2683 28.2479
134.0678 28.0520
134.7492 25.8334
131.9454 31.1266
138.7119 30.6080
136.5402 32.5304
131.4283 27.3678
136.4382 33.1863
135.9752 33.0235
129.2746 26.1558
133.6880 28.2633
136.3331 30.5029
137.7647 29.2862
131.5576 30.5352
131.8317 27.6278
138.6729 30.2990
132.1853 27.5208
127.9546 29.7044
136.6939 30.5745
128.8483 26.6591
132.2063 32.1936
134.7411 27.8700
130.9726 26.2915
134.9147 30.0357
139.0403 29.6897
133.4258 28.2306
132.5291 31.1125
133.7057 28.7340
135.1752 28.3863
132.1994 31.6117
132.0266 31.7391
138.9173 30.4733
138.8123 29.8413
134.7656 28.3903
137.3375 30.4775
134.1012 27.4372
133.8802 30.3758
130.2034 27.9789
137.9119 30.6995
134.2982 30.1755
138.8088 30.1967
133.9309 27.6562
139.1762 29.7823
135.9299 32.6974
133.2319 27.2767
138.4379 28.8855
131.0398 29.2244
132.2064 31.0508
126.9238 27.3362
132.5885 31.1168
134.2572 30.9494
132.5525 31.8888
138.9875 30.2805
135.4946 29.0001
135.9144 33.0882
134.5285 27.0471
133.8115 26.0852
130.7804 26.4671
133.1960 28.4523
136.4469 30.2379
136.0725 33.0178
131.3226 30.5086
129.3286 26.3951
133.9190 27.6677
133.9579 28.7341
137.3180 30.4293
134.0689 25.0621
131.3045 26.1520
138.7560 30.4959
131.7723 30.7477
138.5870 29.4257
137.9310 30.5963
136.5368 32.5386
136.6437 32.8494
133.8025 27.1198
138.6196 30.6350
133.5771 28.8283
136.4870 33.2109
138.8989 29.5837
133.4745 28.2458
130.5644 27.2843
133.7030 27.9798
133.0438 29.5300
135.9050 32.7392
127.9478 28.0866
132.5512 32.0384
134.8265 28.4436
133.5645 29.3361
136.6157 29.9613
134.8646 30.7917
135.3754 25.7837
135.8359 33.2364
131.8662 30.4618
131.5306 26.1532
136.0622 31.7627
139.0636 30.1768
134.6759 29.1409
130.1379 29.0561
138.6924 30.2459
139.4159 30.1216
133.3125 29.1183
137.7103 29.2843
138.8848 29.2040
132.7148 31.7944
138.9872 30.3961
133.8379 31.2531
132.2613 30.5804
133.9321 31.1869
135.6862 28.7951
137.5268 29.1257
136.2559 33.2285
137.9730 29.5809
136.1599 33.1871
136.2082 33.0518
135.1577 28.3593
133.8640 27.1370
134.4123 27.0888
133.1174 29.7973
136.2147 33.0553
137.2733 29.1945
133.7769 27.5375
132.1084 27.6768
133.8738 31.9442
133.6586 29.6830
136.5977 30.4718
136.9055 30.2500
131.9068 30.1594
133.3979 28.0563
133.5788 29.3488
136.2474 33.5223
136.8058 30.6319
136.4738 30.5413
135.4060 31.5849
135.7528 28.8649
132.7874 30.8308
134.0172 27.9630
136.5894 32.9365
131.6021 30.3617
132.7187 30.6178
136.5226 30.6459
132.8617 31.0019
140.5860 33.1873
138.8960 29.3673
139.0904 29.7130
132.1794 31.9860
134.2708 26.9385
132.6965 31.9893
136.6321 30.4680
135.0877 28.4349
137.7661 30.6972
131.8678 30.6350
138.2121 30.6185
137.9865 30.7736
131.5251 30.5049
138.1257 29.1315
130.9364 26.3519
138.8426 30.2424
137.6073 29.1810
140.3370 33.2934
136.0290 28.8002
132.8764 32.0582
136.7429 30.5115
136.2157 33.3959
132.4952 30.7118
132.4191 30.6025
136.0806 33.1388
137.8497 30.8353
135.2674 28.4144
138.2954 29.1388
132.1860 30.5624
134.8603 28.4791
138.8104 30.2271
130.1695 25.2925
131.5323 31.3096
139.0431 30.2213
138.8617 29.8188
135.3986 28.5020
133.4854 29.4105
139.0528 30.2735
132.1188 30.5332
139.0369 30.3561
137.7408 29.1643
132.0004 27.0189
138.4088 29.1548
130.4006 25.3711
138.9652 29.5072
134.8469 28.2779
136.0743 32.9052
136.2990 30.2279
138.7750 32.5885
139.1441 29.6564
138.9468 30.2063
134.6074 28.7853
137.8072 30.5818
135.9351 32.7948
135.6292 29.0361
139.1392 29.6004
133.8673 31.2606
133.8984 31.0368
137.6431 29.2076
136.0612 33.3513
132.1387 31.7561
131.8982 26.6225
138.8362 29.7833
139.1481 29.6716
134.9357 28.1683
137.5321 30.6638
138.0066 30.5780
133.8447 28.4793
131.7520 30.3683
132.8958 31.4193
132.4780 32.1966
131.6593 31.3917
135.9512 32.8388
137.9604 30.6738
138.7340 29.1741
133.2112 32.1997
132.6215 30.7281
134.8214 28.2352
138.9456 30.2020
133.5945 30.5221
137.0398 30.6297
139.1096 30.2174
136.2934 30.3990
132.1812 31.7962
136.7034 30.2349
134.8608 28.3490
135.4233 28.6700
139.0017 30.0193
137.7179 30.6248
136.0167 29.0259
138.9564 30.3422
136.3982 33.0536
138.7047 30.4944
135.9939 32.6691
136.9123 30.6442
134.1749 28.3646
131.9659 31.8687
132.1554 32.0543
136.7880 30.4998
132.2263 32.0901
132.7427 30.7284
134.4724 31.3369
129.7122 25.9475
131.9878 31.8753
138.3800 30.3336
136.9519 30.6331
138.6624 30.4053
135.1823 28.3279
139.1347 29.7336
134.0229 28.7738
138.4308 30.5325
133.7581 30.9737
136.9820 30.6721
125.7250 29.4875
134.4235 26.2431
134.6537 27.9849
134.3231 29.1862
133.9648 31.0419
134.9124 28.3819
138.9045 29.5009
131.5249 29.4282
133.3643 28.4068
140.4180 33.7005
136.7576 33.2816
133.5324 27.8916
135.7412 26.6816
139.1529 29.6072
134.2358 30.6280
134.6858 29.3671
133.5794 28.3407
136.6788 34.0619
134.2464 26.4393
133.6655 30.1470
134.4870 27.4938
127.3358 27.6982
134.2422 31.1145
133.0043 27.8716
132.3525 27.0757
126.8604 29.0325
136.5918 23.7502
132.4254 30.9470
136.9893 33.3138
134.8975 29.2014
133.8028 26.6120
138.2578 30.5925
130.1275 27.0003
136.7632 32.6662
132.6513 28.2989
133.5513 27.7231
133.9917 25.7929
135.5999 33.3713
133.8851 28.0068
130.3508 25.5878
135.8355 31.4606
130.1801 27.4347
126.9657 26.0817
128.3227 30.2622
139.3672 32.0702
134.3054 26.7218
133.1679 29.8314
132.2447 26.4967
134.0598 26.8883
133.6784 29.4742
128.9330 25.7174
131.0150 29.9601
135.4668 25.6339
130.2186 27.2267
134.2094 27.7161
137.9816 29.3180
138.7735 30.0311
132.4387 27.4438
136.2650 28.9490
138.4828 30.7447
131.3569 28.0723
134.4983 31.5077
132.7437 27.4245
132.2543 31.8626
132.4598 31.1379
132.6539 29.8313
127.5274 28.0695
136.4673 26.3300
131.9098 27.3124
131.6486 28.2755
128.5543 26.3586
128.7538 24.3585
136.3515 30.2733
141.2477 33.9578
136.4440 29.9710
137.5884 30.3768
136.2560 29.3361
138.2808 30.4671
140.6740 35.1946
136.4727 33.7334
137.8757 29.3267
136.6609 33.6709
137.4574 30.9577
139.0139 30.0806
138.9515 30.1059
136.0004 32.9531
136.6810 29.3960
136.2684 32.8057
136.8039 33.7092
136.9101 32.6708
139.2268 29.8097
136.9689 33.2863
135.3914 29.4855
137.8800 29.3263
136.9258 29.2610
136.2853 32.7747
137.1006 29.2797
137.0513 33.5538
137.2952 34.3352
136.1124 32.7548
137.0277 33.5265
137.6481 30.2814
136.6645 33.6819
136.4026 32.4893
137.3509 29.5439
136.6530 29.9028
138.7671 29.2785
141.1609 33.9612
137.0878 33.5244
136.6805 29.2390
138.9660 34.2016
138.0013 34.2321
137.0169 33.2313
136.9876 33.5959
136.5722 33.6012
136.8845 30.8915
136.4465 33.7466
138.8175 30.5126
136.6833 33.9910
136.4066 29.3409
136.9592 33.2108
141.4557 35.5940
136.4151 30.5651
137.9872 29.6386
138.8491 34.0935
135.4233 29.7900
137.0174 33.3672
140.4115 34.7842
136.9438 33.4079
136.0901 32.8294
141.2267 35.6963
137.6160 29.6167
137.0298 33.2644
137.7892 29.6454
136.3354 33.6447
139.2108 29.6960
137.9670 29.3028
136.5243 33.7521
135.3623 29.4816
136.7599 29.4089
136.9667 30.9686
136.9877 33.4355
137.7323 30.9344
140.9480 34.0881
136.3903 29.9957
141.6261 33.4051
136.9389 29.4495
136.6540 29.3925
137.0138 33.3746
135.8112 31.1220
140.6418 34.0360
136.0631 33.2656
140.4158 34.8711
136.0645 33.3554
136.4641 33.7519
137.0155 34.1991
137.0061 33.6168
136.0290 33.2360
135.7465 29.2812
137.4498 30.1820
139.2099 30.0369
137.6454 34.2952
137.7843 30.1904
136.4830 33.6203
140.7268 34.2367
136.9528 33.6919
136.4993 29.8286
136.0517 29.1926
137.1565 29.5072
136.2404 30.5505
138.4626 34.1541
135.9760 33.1904
136.1398 30.2157
137.1113 32.7179
140.6745 34.2027
134.9807 29.6997
137.0922 34.2860
137.5655 34.3382
139.0854 29.4817
140.6966 35.1550
137.5457 30.2535
141.2017 33.8183
138.8283 30.5606
135.8871 32.9330
136.8268 32.6437
136.9593 34.1462
136.8999 32.7301
136.9974 34.1353
136.4617 33.6649
136.7499 32.5188
136.5082 30.3640
137.4274 29.5819
137.1690 30.9799
138.4031 30.7225
136.6283 30.8190
138.1555 29.2642
136.3750 33.6801
141.0629 34.0256
137.0820 33.4335
139.0605 29.4453
137.0193 33.2037
136.9830 32.9707
138.9893 34.2485
136.2640 29.9585
137.1189 33.6197
135.9969 33.2178
136.3685 33.7222
138.9563 30.1483
137.5152 29.3786
137.3651 30.9692
136.9717 33.2319
138.8489 34.0353
137.1449 34.1998
135.2692 29.7758
136.4541 32.4695
137.4412 30.9503
136.9856 34.2015
136.4426 33.5893
136.7952 29.4176
141.6204 34.7805
136.9924 33.6778
141.5087 33.7768
138.7974 29.2590
136.4608 30.8744
138.9069 34.0207
138.2345 29.2648
137.6111 30.9427
138.8804 34.0448
136.0710 30.0989
136.2187 30.4771
136.2628 32.3793
137.9615 30.5531
136.9630 30.2536
138.1160 29.2976
136.0542 33.3649
136.5552 30.6472
135.9954 33.1267
136.9749 33.3140
137.7288 30.9369
135.8598 31.2546
137.6136 30.2738
136.6345 30.9028
138.9458 30.1372
138.7515 30.5537
137.6691 30.9300
136.4990 33.8008
137.6873 29.6550
141.3333 33.6999
136.2374 33.6918
135.9479 33.0491
136.7878 29.9595
136.1398 32.9774
136.4272 29.1985
137.0124 33.3039
136.0627 33.3229
137.4713 34.1309
136.6541 29.3973
136.2679 32.7452
136.5132 32.2846
141.7225 34.2085
137.1335 29.4962
137.5732 30.9025
136.9528 33.6472
138.0648 29.3418
138.3386 30.4058
141.6777 34.0121
136.1852 32.8720
137.5694 30.2813
137.4069 29.3208
137.0577 33.6163
136.1685 30.0412
138.5892 30.6380
138.0105 29.7179
137.2072 29.3141
137.1261 34.2776
138.9580 30.4266
136.8383 32.6272
135.9182 32.9212
136.5476 30.8129
137.6104 30.2505
136.9492 33.6481
136.2169 30.4814
136.5863 30.7019
137.4704 29.3484
135.5387 29.7114
137.0542 33.2330
138.9692 34.2675
136.2270 33.6248
139.0049 30.0738
138.0738 30.8788
136.9604 30.2566
137.0097 34.2110
138.1502 30.4902
141.4965 33.7569
136.2433 30.7011
138.1138 30.5363
138.6104 29.2492
136.6131 32.3787
139.2150 30.0100
136.4738 33.8273
136.3926 33.6217
139.2076 29.7418
136.9999 33.0571
136.9806 33.4364
136.2331 33.6436
138.0257 29.7115
136.4171 33.5687
135.9588 33.1496
136.5226 33.6813
136.5175 33.8237
136.9870 33.2712
136.4944 30.8775
138.6101 30.6892
141.1072 34.0817
136.4892 29.9551
136.8891 30.3064
136.3062 29.3105
138.3727 30.4415
136.6611 33.9813
137.4185 30.0221
137.8839 30.3386
136.5374 32.2857
140.9177 33.5334
136.9033 30.9850
135.6367 29.3672
135.5599 29.6663
136.8898 32.7357
137.0112 33.6237
136.2318 32.7325
136.1630 32.2909
136.3983 29.9658
136.1849 29.9821
136.2967 33.5808
136.5008 33.6105
135.9210 33.2437
136.8677 29.4403
135.2131 29.9687
135.3579 29.4188
136.4015 29.9638
138.3751 29.2791
137.2572 34.1125
141.3294 33.6116
136.4097 29.9973
139.0008 29.4132
136.2838 32.7517
136.4328 33.8124
138.9884 34.1895
137.4616 29.3718
136.6762 29.9197
137.0247 29.4788
137.8101 29.3486
136.1655 29.2110
137.5819 29.3834
136.3968 33.5822
136.2909 33.7115
137.2690 30.9284
135.2035 29.6141
136.8670 32.6702
136.4030 33.6210
144.6456 36.3880
143.7983 36.2847
138.6001 34.2347
137.0351 33.5681
136.9378 33.6865
136.5003 29.2203
135.9650 33.1415
137.3352 30.6874
136.7542 29.9121
136.8529 32.6643
136.1617 32.7272
141.3632 33.6873
136.4743 33.6271
137.7277 30.3002
138.7430 29.2465
137.4415 29.3657
137.6547 30.9342
138.9905 29.3688
139.0201 29.9702
135.9604 29.1807
136.9987 33.1558
137.0730 34.2848
141.6406 34.8482
137.0451 33.3831
136.3274 33.6919
135.8592 29.2955
135.8271 32.5242
138.7195 30.6356
138.7186 34.1295
139.0523 29.4463
137.0190 30.9157
136.1815 30.6392
135.8810 32.5814
138.1631 29.2577
135.8917 33.2048
137.8028 29.3365
138.6107 30.6892
136.0687 30.3730
138.7875 29.2562
136.3272 32.6847
139.0830 29.4738
136.5957 30.9018
136.2893 32.7415
136.1324 32.4278
141.1988 34.0184
136.8884 29.9193
137.0568 33.3268
135.7179 29.3469
135.8808 32.6087
137.5815 30.3318
136.9005 32.6884
135.7751 29.3690
137.0149 33.2895
136.9488 33.3442
136.0676 29.3360
136.1923 33.5564
136.3270 29.2311
136.8044 33.6254
138.0693 29.3357
138.0632 34.2727
136.8927 33.7357
138.2264 29.3888
