133.1189 28.0026
134.1817 28.4826
133.8947 25.3148
138.7598 33.3004
132.9561 29.5378
134.8278 30.7512
134.6268 28.7549
138.3254 30.1475
126.8108 26.6567
138.8635 29.8781
139.4417 30.2877
132.1424 26.1079
137.8018 30.9033
132.9079 28.7220
136.4942 29.6748
132.5834 30.6169
133.3451 30.5987
139.1988 30.2563
133.5847 29.9711
135.2581 31.7306
137.9594 29.2262
136.8593 30.3525
139.3218 30.2918
136.0399 28.1885
133.6152 30.9137
137.0964 32.7470
137.2638 32.5001
134.6388 28.0646
139.2715 30.0584
137.2975 31.0305
137.5569 28.9967
139.7607 29.9290
137.5217 29.4983
131.4105 26.2196
136.8678 30.8406
139.2030 29.6037
132.2820 27.9514
137.6141 31.1567
135.8606 29.8199
135.4051 29.0715
136.4033 28.5078
132.3447 27.7839
139.1453 29.6378
134.4601 28.5123
136.6231 33.3413
136.7417 30.7324
138.1895 30.8562
134.4518 26.6307
137.3037 32.8379
133.1202 29.6980
132.9238 30.5535
138.3640 30.7396
129.7510 25.3614
138.4660 30.7492
133.0513 26.4367
137.3284 32.8068
138.0632 30.2576
133.4724 25.2344
137.2896 33.4049
134.6069 29.8727
133.5370 30.1952
134.8926 29.0999
132.0543 25.8732
138.2899 31.0187
138.5818 29.0311
137.1418 30.4196
134.2179 31.6531
137.4461 33.1316
138.2406 28.7008
131.5319 30.5577
134.2349 25.4585
138.1209 28.6390
132.8633 27.6208
134.7225 25.5403
139.5979 29.6121
134.8298 28.9998
133.7605 28.1096
136.0109 29.6642
131.0407 30.0980
129.8998 26.1370
136.2094 25.4574
135.2558 32.0106
134.3365 26.9042
138.6366 30.9598
134.3801 27.2155
134.2798 28.0659
133.7700 29.7767
138.5355 30.4308
132.8295 29.5102
127.4205 27.0534
135.7284 28.0987
138.0343 29.7500
128.6927 28.4356
138.7175 30.4115
134.2569 27.8441
139.2296 30.5087
135.1078 28.7736
137.0286 28.3702
135.8929 24.8193
134.5592 28.8186
139.3819 30.3580
134.9323 31.1305
136.0734 30.4960
134.1824 26.8964
135.6893 31.7163
132.2245 26.1595
135.0542 24.9508
138.3475 29.8640
133.3760 31.3125
132.6673 30.5419
134.4618 28.0076
136.3382 29.3447
140.9010 33.5565
134.9637 29.5052
140.9949 34.4112
136.8183 33.6360
135.1416 28.2746
134.5061 27.7980
131.1469 30.2264
131.4334 30.5407
138.3358 30.2477
137.4573 32.9129
138.8353 30.6076
134.6995 27.5856
132.6320 27.0010
139.3890 30.3333
135.0616 31.7872
132.6669 30.5624
131.1137 30.1796
136.4389 30.4113
137.4989 33.8615
135.0539 28.4481
134.7126 28.0024
135.2589 31.9885
137.7100 30.5629
134.9598 29.0295
136.5007 29.1502
134.4064 29.2153
134.4237 26.8564
134.4447 29.1705
134.3707 31.2574
135.6315 28.8149
137.7404 28.7752
135.0851 29.8202
134.1967 32.0938
139.8093 29.3968
139.7806 28.4489
135.0613 24.8859
134.3522 26.9097
137.4217 33.1292
138.8613 29.8063
135.0046 31.0615
135.0724 31.6680
131.0806 30.0068
137.2975 30.9231
130.8550 30.0393
137.5223 30.0262
131.2763 30.4243
134.3376 32.2136
135.0094 31.4051
130.1582 26.0579
131.0757 29.8161
136.9812 30.6337
133.9101 25.8109
131.0565 30.1083
136.0365 29.7190
137.4341 30.3927
142.7012 35.6872
134.5158 29.5068
132.9018 30.6533
131.3878 30.4878
139.2733 30.4499
136.0167 29.4932
130.7021 26.1155
136.9601 32.7785
133.1883 30.8219
136.1979 29.4553
132.4635 31.0971
131.1946 30.3542
130.6611 28.1005
137.4276 33.7604
135.0447 28.7881
135.1446 29.1756
134.8357 29.0893
136.1945 28.2316
139.4217 28.6616
136.3933 31.9352
133.3895 30.8115
133.8217 28.6800
136.1839 30.0746
131.5538 30.5318
131.9452 27.3075
136.3753 29.1867
134.2420 28.0980
139.6540 29.7147
137.7153 33.3646
139.8638 28.4156
139.4488 29.6444
135.0862 30.3058
136.9928 33.6171
132.9984 29.9898
135.0047 31.7480
136.1296 29.2934
137.1833 29.2860
134.7581 29.8953
139.4663 29.4095
139.4582 30.1243
134.2468 29.0481
133.6588 28.7040
135.8614 29.8217
135.9682 28.6407
134.3447 27.8402
129.0398 24.6931
137.9475 29.5576
137.5270 30.6903
134.2899 31.9553
137.5698 33.5324
139.0164 30.3004
138.7175 30.0753
134.7563 30.7102
137.0258 32.4990
139.2592 30.3306
134.1859 28.4395
135.4906 28.0443
126.9714 23.8407
136.4745 30.6378
135.0459 29.5211
139.7259 29.2168
133.8471 28.9661
137.5642 33.2486
134.1305 28.3074
127.6688 24.6245
137.9414 30.5286
136.9723 30.6482
135.2011 28.2608
132.3321 28.1867
139.2840 29.2932
135.9225 29.5717
131.8371 30.5184
133.4064 29.5882
136.4433 29.2765
127.0605 27.5172
140.0851 34.7807
139.3721 29.9758
136.6982 33.6732
134.1743 25.1647
134.8049 30.9600
128.7056 24.9063
133.9882 31.3028
134.5092 30.0430
134.5793 28.0241
134.9182 28.3066
131.5006 30.1306
134.6259 28.1791
134.1856 26.3633
138.6928 30.2638
137.7985 31.0452
134.3102 30.0553
134.1637 30.4353
134.8813 29.0985
137.7392 29.6325
136.8495 29.1081
137.8351 29.6358
136.9903 32.2190
137.1955 32.5010
136.0124 29.7667
135.0066 29.5639
134.5258 28.2278
138.3596 28.9025
132.5405 30.6084
134.3234 28.2716
133.5703 30.6299
132.8725 28.1554
136.2130 29.1115
139.6100 28.6208
137.0071 28.5012
134.6793 25.5405
133.9426 29.8345
139.8148 29.6843
132.8505 26.5670
138.6832 29.8768
135.8233 25.0027
134.6294 28.5427
134.0537 25.6420
129.5503 25.2061
135.0809 30.6008
138.7457 30.0911
139.6708 29.3450
137.7681 31.9020
139.5244 29.9177
139.5895 28.8030
134.4048 27.6878
138.5126 30.8699
133.1698 26.4832
137.9874 30.5438
129.8539 25.1665
134.2055 29.4255
134.9915 30.7618
130.9748 30.0276
139.0827 30.3422
134.3934 32.3671
137.4855 33.6247
137.9278 30.8077
133.3281 29.5766
136.0245 28.3486
132.8002 26.6464
139.4651 29.4386
138.0260 30.2930
128.9898 25.1037
137.0736 30.9325
136.9732 32.3218
134.6594 30.3625
138.3780 29.9815
135.2869 24.9485
128.9964 24.7530
134.8916 30.0403
133.9420 28.4164
128.3165 26.1095
137.9405 29.6162
133.7176 30.6704
136.1049 31.8942
139.4067 29.9679
136.1092 30.5548
138.9446 30.6881
134.6886 31.5238
136.1208 29.5751
134.1819 28.3897
139.7428 29.7774
138.2244 30.5507
138.3967 30.1680
134.7155 28.3986
134.6905 31.0369
133.2097 31.9377
138.6313 29.7851
134.9569 29.4184
134.3977 28.6894
137.0049 32.3351
133.0527 27.6545
135.0612 32.1174
137.6975 30.6709
135.2865 29.2188
134.3055 25.2985
133.7860 26.0195
137.0147 32.1700
135.2968 25.0312
133.0628 28.0362
138.8657 34.4413
138.3812 29.9440
136.5672 30.5779
134.7736 27.6337
136.5751 32.1888
137.7161 29.5453
137.1556 31.0195
136.8635 29.1775
134.7910 29.4849
136.5409 29.4178
139.2181 30.3491
138.7026 29.7564
133.9990 31.5361
137.2210 32.6305
126.2242 26.5616
132.5608 28.9723
134.2568 31.2659
139.4111 29.1014
134.2273 31.4052
137.9998 30.5619
130.8481 30.1119
134.1874 30.8720
136.7784 32.0505
138.1060 29.7261
139.4636 29.5214
137.5947 29.3384
136.7897 30.8718
137.8799 28.8161
133.3915 31.0346
128.8320 25.6730
136.8256 33.3843
137.3854 32.8790
131.0524 30.2013
137.1372 31.0279
139.6065 30.1049
136.6508 32.0721
132.4260 27.8906
135.5814 28.3775
132.8597 27.5912
133.2268 27.6506
136.0391 28.2797
131.4834 26.3061
134.1471 25.8117
137.5443 30.5847
136.1678 31.5643
132.9246 26.9732
136.2946 30.4369
135.7252 24.5833
134.9538 25.1792
134.0595 31.6517
132.3607 26.5449
129.5542 25.6171
136.3838 30.4438
139.4738 29.9290
139.6950 29.2285
134.4337 28.9948
132.8509 28.6720
138.2921 30.2194
132.4811 29.0328
137.4434 33.0700
136.6844 29.2510
133.7134 31.7421
138.0806 30.5403
134.3698 27.1109
135.1913 32.1671
137.1943 33.5295
133.6461 29.6850
134.2911 29.0889
135.6832 30.9667
134.5652 27.8559
139.4526 29.7418
134.5474 30.5926
139.2757 29.2145
138.0209 31.0471
131.5297 27.0432
133.0594 29.4222
137.1863 33.7336
135.0576 30.7448
136.7804 32.2346
133.8216 32.8811
135.7469 30.2094
132.9906 28.7834
133.1124 29.4888
131.0512 26.1972
139.8261 29.4685
132.7973 28.6281
139.2395 29.4734
138.5832 30.5566
138.6232 30.8278
136.4132 29.2051
134.0073 31.1690
131.9440 30.5265
138.6406 29.7976
136.7965 30.7969
138.1187 30.8960
133.3571 26.4594
135.1030 30.6520
129.7778 27.0470
138.8218 30.4921
135.3517 31.8472
134.3876 26.9240
134.9059 30.6822
139.6216 29.8613
132.8571 27.9196
134.3377 26.7942
137.4939 29.3342
135.3798 28.0156
129.2843 26.2352
136.7982 33.6387
129.4167 29.7634
138.1098 28.6234
133.0794 28.2967
141.1059 33.9921
133.9350 24.9532
139.6810 29.8434
135.8773 28.2310
134.2504 25.4000
132.7745 26.7368
134.1997 26.0262
138.3115 32.9615
133.0492 29.6741
134.9769 28.1269
133.9771 25.6976
133.7991 32.2765
134.6165 28.0378
131.4582 26.1661
139.5647 29.5941
135.9402 31.8610
137.1508 32.5154
137.6619 32.6282
133.2263 27.7782
136.1464 29.3826
126.8573 26.9091
133.9125 29.8888
137.3428 30.5361
138.9815 30.7510
134.3905 28.5168
137.3951 31.0480
134.7769 28.1222
137.9541 29.7587
137.5644 31.0915
136.1442 30.3443
139.0741 30.2791
134.4360 25.3156
134.1766 31.7287
134.7736 29.1617
138.9389 30.7071
133.5241 27.9811
134.2743 27.9352
138.4681 28.4717
134.2920 28.1142
138.2340 29.9601
129.9386 24.7946
136.6068 29.2153
135.4765 28.1374
138.5697 30.5490
133.5961 29.6846
134.8817 31.1210
139.2700 29.0683
135.1948 29.1944
138.9392 30.5843
139.7336 30.0616
137.4181 30.6231
129.0847 29.2571
136.6681 30.8410
137.3860 30.6731
138.1762 30.3992
136.6523 29.2220
135.0894 29.4257
137.9899 30.5295
139.3430 29.4723
138.7483 30.7773
134.8297 30.7413
134.5343 26.3493
132.5476 30.5516
129.6406 25.4203
135.9006 29.8115
132.8561 29.4318
134.3130 27.4693
139.5973 30.3210
139.6532 28.7175
138.3989 31.0118
137.8971 33.9573
134.3064 27.7241
134.7705 28.1444
134.1945 28.0117
139.1061 29.5558
132.4015 28.0074
138.1963 30.0008
138.4055 30.9600
138.3042 30.4682
131.1505 30.2450
134.0715 31.5668
134.3782 27.7093
134.5106 27.8433
135.2920 29.0391
135.7631 30.2325
137.2268 28.7824
137.2837 29.2955
131.0208 29.9501
136.0640 29.9540
134.1505 31.8291
129.1204 25.3901
134.0175 25.4333
130.8542 29.8611
134.2686 31.5857
135.0136 29.8507
135.1372 29.6112
136.5670 30.6551
134.2663 30.8355
131.6299 27.8328
139.7302 29.8445
134.1647 31.7387
134.0212 30.9221
134.8826 31.3187
137.9389 30.7380
137.5893 30.7396
135.3448 28.6796
132.9509 29.5630
139.0894 30.7238
133.6248 29.7002
136.2547 25.5685
139.8533 29.4864
136.2787 30.4139
135.9872 29.9191
134.0574 31.7997
132.9463 26.4137
139.6647 30.1373
137.3120 30.8935
137.1725 29.1240
138.7859 30.7209
133.0413 27.6500
134.1908 31.5252
129.5643 25.1887
135.6396 28.8909
137.0961 30.2047
137.8321 30.3738
140.0119 29.8594
136.4565 32.8154
137.0386 30.6193
139.8733 30.0014
138.2991 29.0450
136.7435 33.0265
139.4617 30.2946
134.8232 31.2832
137.1310 33.2289
139.6643 28.4978
136.9762 33.2561
139.2622 33.3298
137.4900 30.3989
139.0041 30.7185
139.6502 33.2714
137.3177 33.8020
139.8568 30.4676
139.6023 29.2983
137.7174 31.0137
135.1660 29.1055
139.2220 30.6029
137.0211 32.8660
134.8115 31.5140
136.5559 32.7191
136.7901 32.9145
136.9055 32.7474
129.2553 29.2028
139.0674 30.4997
128.1913 27.6269
137.8557 29.6886
136.2886 33.2630
139.4240 29.0651
138.3664 28.9734
139.1242 30.6697
136.5201 30.7085
136.8029 33.1134
137.8760 30.2546
139.6260 30.0851
136.6064 30.4229
136.5671 28.6656
136.8740 32.7744
139.4083 30.2760
136.6655 30.2070
128.7752 28.4972
139.4806 30.4126
141.1037 35.1319
135.9971 29.8227
128.4268 28.5800
139.3519 29.9816
137.6965 29.0714
137.4433 29.1253
138.9498 30.3793
134.0978 30.1635
139.1952 29.0437
138.5561 30.6678
137.7364 29.6648
136.6574 33.5823
128.2403 28.5589
137.7025 29.9695
136.9463 28.7462
137.5755 30.3420
134.7458 25.7788
138.6124 33.5764
136.8368 32.5891
133.8776 29.8629
138.2762 28.8491
139.8681 34.1647
136.9698 29.3712
130.4088 29.3810
138.4145 28.9976
137.1459 33.9084
139.1068 29.3986
141.0396 35.7840
139.1360 30.1445
140.1382 32.7088
137.0666 29.2164
139.3281 29.7577
139.4592 29.2313
139.2725 30.0625
139.9878 30.2052
139.3781 29.3131
138.1738 29.1297
139.9462 29.2318
136.1690 28.5925
136.2310 33.0749
139.1284 29.5183
139.5891 28.4232
136.6052 28.6118
137.0115 33.6366
142.9805 35.8848
135.5499 28.2688
137.9843 30.3942
139.6977 30.3982
137.7133 33.9250
135.0892 28.5498
138.2620 31.6534
136.7512 29.3523
137.3041 30.2720
139.7968 28.7555
137.0804 33.2464
138.3562 30.8106
137.7519 29.1276
136.8341 32.9212
138.2900 30.8936
138.1514 29.1166
137.6971 29.1022
134.1759 31.8807
137.3048 33.2255
136.6640 32.6583
136.5712 28.6082
138.5961 33.3526
138.2932 30.9062
135.7990 29.8052
136.7916 32.7289
136.9190 32.7746
136.2221 29.9421
136.9280 33.9700
136.3951 28.6100
135.0174 31.9717
136.9783 32.6992
136.9211 30.4859
136.9830 32.7395
143.2903 35.9988
139.5985 29.9042
138.3568 29.3341
128.4661 28.2670
137.4873 33.9511
136.8923 32.9375
142.6465 35.6134
137.4901 30.8541
138.2977 29.0869
139.6055 30.0235
137.6333 33.8117
136.1124 33.4317
138.2214 30.9429
136.6330 32.7138
136.7082 32.7787
137.3176 30.2779
136.9026 30.3402
137.4734 34.0318
139.8070 30.1885
136.8739 32.9897
135.9455 28.8800
138.4886 30.7968
135.9224 30.2965
138.6219 30.1801
133.2225 29.7203
137.3336 33.2430
137.8560 34.0645
139.6860 30.0783
136.6618 32.6599
137.1789 33.0838
133.1516 28.7091
139.3339 29.8126
134.1445 31.9707
135.8761 28.4796
142.8144 35.2961
137.5193 30.3611
136.2262 29.8915
136.0462 30.4122
136.5860 33.6728
139.4402 29.7358
136.7765 31.0454
136.6902 33.5781
137.1360 33.2077
136.3684 32.8675
137.2175 28.9078
136.9809 32.9786
139.1636 29.1422
136.7133 32.8296
139.4218 29.2288
138.1817 30.7141
139.7722 33.9063
139.3636 30.5928
127.6249 27.2801
127.1770 26.8040
139.5536 30.2929
139.4424 30.4402
138.3733 30.8519
136.7669 32.5836
137.0141 31.1428
139.6578 33.1320
135.9874 29.3862
142.7371 35.8519
133.1213 31.8070
138.2281 30.2606
142.2237 35.6122
136.6214 30.0147
137.0551 33.1000
136.8917 30.0140
136.7535 33.4166
129.6093 29.8789
139.6093 30.3262
134.1420 30.3583
139.3170 29.0633
136.8909 32.7545
137.7809 34.5992
136.5365 30.1234
136.6730 32.6898
138.1055 34.5145
137.4833 34.3394
136.8774 32.7658
138.4792 30.7834
139.0966 29.7431
135.5794 30.1234
134.5347 28.8760
137.0432 32.3623
136.7690 33.0057
137.0368 33.8213
133.4683 31.6729
135.8864 33.0074
135.5553 28.2852
137.0241 30.3182
134.8065 26.2659
136.8153 33.4100
135.4587 25.0999
131.5933 28.7507
138.0465 30.9044
138.8143 29.8817
135.0462 28.1328
129.9452 28.7940
137.3711 34.0342
136.3863 26.5879
136.1530 29.4714
134.6308 28.9101
134.7293 31.0481
134.7594 29.3199
138.1739 32.2465
137.6708 29.5823
139.3980 29.5554
137.1116 32.4379
133.7076 31.3883
135.3185 28.5872
138.2254 30.9378
137.5343 31.1741
136.5247 33.1872
136.3506 30.6129
139.7639 29.6555
137.7796 30.0139
134.4161 32.5239
134.4148 27.3508
131.6117 31.1281
139.7273 30.2846
124.7851 30.8294
128.4444 26.2460
134.6423 25.1620
127.5204 27.4320
139.6585 29.7276
139.1869 30.1267
138.4769 33.1280
139.4051 30.4931
137.5511 28.7656
139.9169 27.8824
138.6471 33.6399
134.8386 25.6122
136.6463 32.4938
135.3640 29.9810
135.4086 28.4496
134.9043 29.7809
139.2510 29.4573
136.3071 31.5030
133.3048 31.0352
139.3849 30.2698
137.1582 32.4048
139.0909 29.1923
137.9045 29.8863
134.3571 28.1907
137.3013 33.1045
138.2243 29.0001
137.4456 33.7798
135.4707 31.1409
138.8390 32.7932
136.2047 28.4353
135.7008 29.9960
134.6446 27.1034
134.3799 27.5977
136.6201 30.5626
134.9564 28.1055
139.7812 30.3098
134.6930 25.7580
137.8994 30.5131
135.7881 30.5203
137.4945 29.5016
136.6874 30.0809
137.0944 31.2189
138.5351 28.8515
134.7885 28.6430
139.9287 28.5664
127.7090 27.9593
134.8505 28.2308
134.4073 26.6482
136.8786 32.6075
139.5121 30.3084
135.2722 31.8431
135.9343 30.3976
137.9043 30.7693
134.4918 25.4735
136.0896 30.4973
135.0557 30.3828
138.1584 29.7726
127.7456 27.3233
135.5254 31.0282
138.2848 34.0977
135.7940 28.6508
139.5107 29.8357
134.5290 29.6282
131.6008 25.8899
137.0048 29.2949
137.3606 32.8686
136.1611 29.3350
135.5623 24.8482
138.5936 28.4132
138.0238 29.1429
138.9786 33.0792
134.8433 30.7942
134.3264 27.9724
136.1130 29.3586
135.1020 29.6876
139.8687 34.1986
135.2630 32.1283
134.9142 30.6299
134.2837 27.5462
137.4691 33.5250
134.8657 30.2413
138.7148 30.4917
138.6067 30.8566
139.2693 29.9043
136.3025 30.5677
127.0675 26.8253
134.6013 27.3264
139.5120 30.1332
133.0782 26.1018
139.1048 30.6011
132.6690 26.1271
137.6635 31.0836
134.8322 29.0890
136.5841 32.9722
136.3898 29.5527
136.4275 29.3623
137.9134 30.6247
136.2619 29.2354
133.1161 29.6145
136.8546 33.4029
137.5542 29.5664
138.0752 33.5933
136.9883 32.4714
135.4200 25.0951
137.2431 28.6518
139.3335 30.1973
133.0660 27.5709
134.4342 27.5914
135.4754 28.7548
139.5782 29.4929
132.5247 30.6342
139.8431 29.1381
127.0164 27.0429
133.2195 31.4248
134.3918 25.3363
134.3010 28.7730
131.5530 30.6260
139.3476 30.1494
135.0538 28.1035
137.4784 33.5484
139.6028 30.3734
137.4701 29.4363
137.0742 32.5297
139.3824 29.1745
128.5229 28.7333
136.7451 33.6460
138.1930 30.3906
134.7757 28.3947
137.7312 30.5970
138.3123 30.2897
136.1479 29.6970
131.6245 26.1569
133.3487 26.6658
139.1948 30.3977
137.6413 30.5515
134.2347 31.5569
133.4792 32.0798
139.3710 30.3862
136.0047 29.5828
138.3634 30.9112
139.0452 33.0102
136.7577 32.0760
136.4415 29.2656
131.9120 25.9118
135.0916 30.4540
128.9643 28.9637
137.6172 29.9286
134.5087 29.9998
132.8787 30.5732
139.2830 30.6286
136.2031 28.5666
132.8400 26.2602
133.8522 25.6353
137.1194 32.6107
136.6894 28.5557
138.2371 30.3506
132.5225 26.6916
135.8773 29.6337
139.8861 34.3756
137.1001 33.5686
135.0954 31.3340
134.1267 27.8141
139.4928 29.3393
134.4706 28.9181
135.3181 31.9552
134.4090 25.5405
139.6785 29.5425
138.4887 30.9440
138.2116 30.5661
139.4344 30.1511
138.6185 29.4113
134.2780 29.2564
138.3269 33.7992
133.8273 29.8018
141.3104 33.7798
128.4767 25.6633
137.2331 29.3841
138.2025 30.8601
136.8405 33.3250
136.9442 33.7703
133.3542 28.3409
133.9417 28.5404
133.7633 25.6440
132.3272 26.5528
136.2388 29.3102
139.3191 30.5010
131.1714 30.2489
137.3467 29.4010
137.8428 30.8357
136.7511 28.7263
136.0788 29.3383
134.9205 30.9896
137.7081 30.8750
137.5508 31.0275
134.4399 28.0585
139.6202 30.1016
139.6917 29.8630
134.3997 25.6226
139.1008 30.4024
137.9992 30.5888
134.5176 32.1716
137.5687 29.2957
138.6629 32.4694
134.2821 25.3441
134.1737 31.1119
134.2206 31.6984
136.4137 30.0959
138.2039 30.1761
138.1157 29.9134
136.9015 29.1517
136.6556 29.1336
133.9618 25.3091
134.9072 30.6111
134.1595 25.1648
138.8149 30.4470
135.0367 32.3646
132.4998 28.9471
136.2931 29.4843
134.1999 25.5776
133.0282 29.3914
139.0797 33.4464
133.1026 27.3191
135.9662 29.5450
139.1535 30.2697
133.8786 28.4584
134.5600 28.2680
133.0559 31.0356
139.6957 28.7059
137.8146 29.5484
132.7860 26.8164
135.8366 29.7520
134.9693 30.5505
127.1564 26.5332
137.5235 30.5851
136.6042 29.1389
138.1382 30.7607
139.7809 29.9861
132.8008 26.9712
136.2680 30.0220
136.9982 28.5229
138.5423 30.3897
135.9401 26.9328
139.2241 30.1563
132.3897 26.2702
139.3042 29.3052
131.0119 30.0245
137.0643 32.3950
136.9948 29.2357
137.6395 30.6345
139.6080 29.0868
136.2091 29.1683
128.7089 26.0020
139.0536 30.6626
137.0922 30.9472
137.6246 33.6894
139.3154 30.2114
134.6710 25.6199
138.9892 30.5835
137.1984 28.8388
137.2471 29.2402
132.8225 27.4590
134.9698 31.9019
138.0370 29.9207
138.1537 30.4698
136.0631 29.6004
136.5844 28.3582
135.1899 32.1483
137.6004 31.0524
128.5751 28.5907
132.6366 28.2214
139.6831 29.2402
137.3573 33.7319
138.4190 28.5385
128.7035 24.7656
128.4276 24.5806
138.5154 28.6899
131.0829 30.0982
129.3719 29.7237
135.1197 25.0003
134.5039 28.2734
132.5284 26.0917
138.0329 29.7722
132.4012 31.1533
139.5114 30.0980
134.5045 31.9391
139.4664 29.9755
134.7502 25.5897
135.2602 32.1334
137.2201 32.5538
139.4742 30.1393
137.4983 31.1285
134.6949 25.5275
137.0913 31.0625
134.1444 31.5916
139.0280 33.1453
129.3401 29.5803
132.6698 27.4783
134.4222 27.5192
134.6971 32.8631
139.0993 30.6973
135.2960 29.1131
139.2343 29.7140
135.2954 28.6653
136.6501 33.4223
137.1364 33.0122
135.2449 28.6341
134.5204 27.9814
136.7809 33.5846
139.3228 29.7429
133.3822 27.5993
132.9943 27.7352
134.1492 28.3752
135.0596 29.7292
139.2422 33.4863
127.2462 27.4377
135.7618 28.5393
134.2094 31.3941
127.7098 26.8431
132.3957 29.1020
135.3093 28.7699
139.6501 29.6773
134.4522 27.7128
130.5235 25.8927
134.0674 31.1332
134.4817 26.2498
139.1234 29.2858
134.9893 31.4431
136.3616 28.5856
136.9947 32.5723
138.8211 32.8877
138.6443 30.6458
127.5207 27.2930
135.2137 31.9102
137.4972 33.2796
128.6029 28.7824
139.2125 33.3109
138.0136 31.1221
135.1500 28.6618
136.7153 33.4847
139.6167 29.7123
135.1939 31.0718
131.1963 30.2957
135.0602 28.4204
138.2820 30.4600
137.4220 29.5959
131.0585 30.2023
132.6693 31.0180
127.0463 26.8978
135.9762 31.3771
133.2131 30.6700
128.0159 28.3178
133.1803 32.3912
135.2866 28.4138
138.3263 30.9662
134.3099 28.1734
136.7955 33.6021
139.7375 29.5983
135.8372 28.4397
136.5760 28.6566
132.8617 31.1640
133.3933 30.7041
136.0414 30.2237
138.1032 29.1837
138.4877 28.9653
139.0500 29.1621
138.2217 33.5473
138.0540 30.7460
135.6956 28.5095
136.1834 28.4504
135.1174 32.0767
136.8299 30.4516
132.7363 26.6322
134.3547 31.6700
138.2045 29.9241
134.7822 27.9862
136.4016 29.4068
139.4440 29.6062
136.1769 32.7358
135.2399 31.2776
138.5143 28.4449
135.9609 28.5907
137.8263 33.9036
136.5726 30.7859
136.0769 29.3650
135.9225 30.2069
133.1199 31.8850
135.2840 28.4207
136.7151 30.6932
135.8542 28.5042
134.2335 30.4141
136.7993 32.4848
136.1496 28.7115
134.0909 31.3831
134.9364 32.0488
132.8777 28.0194
129.9061 26.1322
138.2064 29.0506
131.6766 30.5999
137.5832 33.5097
136.6760 33.4834
134.7449 30.6768
139.2193 29.8824
136.9429 33.7801
139.1738 29.8268
138.6680 30.9218
138.1590 30.5112
140.5013 33.8508
136.8227 29.8528
137.8324 31.1555
137.7505 34.1806
136.8008 30.5877
139.3651 29.9306
137.8895 34.1886
136.3266 30.6371
136.5374 29.3866
137.1113 33.3414
136.4947 29.6986
136.6586 32.8698
138.5290 32.5159
136.0110 29.9489
136.5978 29.6898
139.0221 30.7529
137.0598 34.0728
138.1879 31.0701
137.1402 34.1148
136.5567 29.9100
137.0441 33.4870
137.0608 30.5805
136.6566 30.9047
138.2541 29.6871
136.3550 30.7037
139.6360 33.6721
136.4298 29.7423
138.9230 30.4509
136.3645 32.9929
136.5121 29.4119
137.0889 33.0471
137.0002 30.5206
139.3038 30.1734
140.6869 33.7532
136.8459 33.2639
138.9570 29.5256
137.4559 29.7176
137.0555 30.5038
137.7709 30.0429
137.0485 33.6251
139.3259 29.5764
135.9997 30.2451
139.4543 30.3015
136.3872 29.7001
136.3481 30.6592
136.5840 33.2873
137.7125 31.2398
137.2648 30.6378
137.3445 29.0821
136.1628 33.5749
136.4761 29.9851
139.5760 30.2542
136.8010 30.2861
144.5648 36.1257
139.5717 29.6181
136.3132 29.9649
141.1227 33.9634
139.1568 29.6701
136.9632 33.4113
136.5731 30.2888
137.6956 29.8791
136.4020 29.1430
135.8387 29.6615
139.4500 30.5153
139.4593 30.2474
137.5478 29.9562
139.3170 30.5211
136.2565 33.3740
137.5920 30.6637
136.3930 29.1646
136.0354 29.7258
136.9558 33.6243
139.6564 30.1507
137.0148 33.4889
137.3701 33.6281
136.9571 30.4241
137.9192 34.1806
137.2642 29.3478
138.8805 30.5702
137.0060 33.6530
143.0963 36.2062
136.8804 30.7755
137.7287 29.2050
138.4875 31.0249
142.7490 36.1935
136.4837 33.8295
137.0683 30.6351
136.5865 30.3891
137.0788 33.7600
136.9693 33.6524
136.8403 31.0182
136.0392 29.6425
137.3710 29.7392
139.3644 29.5599
136.1746 33.6148
145.4660 35.5052
137.5624 29.9327
137.6270 29.5775
136.0266 29.4453
139.3114 29.5191
137.8127 30.2209
140.4627 34.3693
136.7552 33.2026
136.5922 29.9152
140.9591 34.6699
137.0070 29.6175
137.7480 34.1934
138.8546 30.8967
136.0357 30.0628
137.4519 30.6354
139.1490 29.7981
137.2303 29.8619
136.9033 30.5053
136.0506 30.3312
138.9407 29.4293
136.2724 33.0254
137.3687 30.0198
139.0984 29.0855
137.5310 31.2018
136.6881 33.3502
137.7015 34.1328
136.9288 31.0258
141.0165 33.7261
139.5955 30.0571
136.2936 29.4461
137.1146 30.2565
138.9117 29.8409
141.1475 33.9200
139.0355 29.5981
137.2113 33.6251
136.6799 29.0995
143.7542 38.1165
139.2652 30.2484
137.9412 30.5203
136.8134 30.5718
139.2169 30.5727
135.2166 33.0580
136.0351 29.8112
136.8898 33.7172
136.3260 33.7400
136.3203 33.4948
139.3966 30.1810
139.5163 29.9410
138.6503 30.9041
136.7338 33.6821
136.4711 32.9136
137.4567 29.9170
137.7785 30.7460
139.2315 29.6640
136.6537 29.3963
138.5912 30.8911
135.8704 29.9867
139.3189 29.9673
137.0162 29.9136
137.2685 29.6477
137.0187 33.6655
136.8822 30.3590
136.8930 31.1202
136.0035 30.3858
139.3701 30.0423
137.4683 30.5361
143.0082 36.3700
136.7759 32.7425
139.6593 30.1965
136.9565 33.6972
136.6579 33.8740
136.6604 33.3346
141.1066 33.6768
137.3387 29.8091
139.0703 30.7602
139.2085 29.6214
137.0406 34.0519
142.0432 35.5584
137.8303 29.8143
139.3465 29.9597
137.6324 31.0792
137.1224 29.5860
137.2525 34.2543
137.6031 34.5249
140.0069 33.4336
136.1952 30.5687
137.0842 34.0684
135.9168 29.4710
136.1042 29.6570
136.3125 33.2623
136.9487 30.1344
137.8414 34.1285
137.8994 30.5248
136.3496 30.0861
136.1860 33.2942
136.6514 29.4518
137.3196 30.4032
140.5303 34.9340
138.8571 30.8339
137.4402 30.6915
137.8535 30.5652
138.1471 30.1033
136.9280 33.4020
136.9415 29.7479
137.8114 29.3342
136.9561 30.4501
140.1605 34.7441
136.2858 33.5700
136.4845 32.7654
136.5704 33.1234
136.0910 29.3354
137.4516 29.4508
139.6578 30.3311
138.2845 31.1550
139.6228 30.2146
137.7389 30.8359
136.6817 29.9022
137.0968 29.5792
136.7922 33.9831
137.2340 29.9694
136.5960 30.3338
136.5358 30.8418
136.7284 32.8241
136.5885 29.4240
136.5723 30.9292
136.1669 33.2747
138.6093 30.7461
137.7431 30.7129
136.7740 30.2055
136.6553 30.1751
139.7108 30.1229
137.5043 34.1505
136.1240 29.5688
137.4916 29.7339
136.3444 29.7482
136.3097 33.0036
137.2995 33.8440
137.3016 29.7301
137.2314 31.1443
138.0743 30.4262
136.3312 32.9741
136.3252 30.6077
139.1300 29.2230
137.4946 29.9427
137.3404 29.9215
137.8359 30.7041
137.5490 29.7575
138.7437 30.8360
136.4874 29.4281
137.5615 30.3441
136.8508 32.8990
139.1493 29.8702
135.9662 30.1128
142.5264 36.3193
136.8239 29.4492
139.1219 30.0621
136.9701 33.7365
136.6566 32.8979
138.0673 30.5031
143.8411 38.0770
136.9857 30.0799
136.8642 29.4928
136.8437 30.8406
139.0803 30.4249
139.3466 29.7320
137.0484 29.5741
140.8228 34.4016
136.2476 30.6008
136.4598 30.8231
139.0480 29.6546
137.4053 29.6632
138.2089 31.0660
138.0353 30.8316
138.0584 29.3321
136.6121 32.8650
136.9174 33.6807
138.1862 30.2979
136.9547 29.5426
137.4931 30.4676
138.1199 31.1579
137.2375 30.7389
137.1683 31.0211
137.3314 33.6236
137.7371 30.4586
137.0125 29.6623
139.1908 29.8892
136.6751 33.8781
139.0067 29.5973
136.6561 29.9647
136.6542 29.3869
136.9733 33.6434
137.2691 34.0938
139.0608 30.7358
137.4426 30.2162
139.8923 30.0821
137.2939 29.7822
138.8673 30.5680
137.7086 29.9751
137.5572 30.1818
136.7881 30.8256
136.5905 30.7581
137.1124 31.1513
136.2256 30.5423
136.8064 29.9290
139.0638 29.1705
136.7238 30.5142
137.2413 29.8157
136.9456 31.0894
137.8530 30.5658
139.0807 29.6479
136.4752 30.0794
138.0592 30.3572
138.1155 29.3563
138.1963 30.6312
139.4093 30.0720
129.6512 29.8672
134.3455 28.1730
137.2884 33.7042
136.2932 28.9825
134.1481 26.0258
140.2419 34.4125
131.8047 29.5468
139.7352 30.0007
145.9019 35.4134
136.5223 31.6763
133.2946 32.3321
138.0253 28.9351
128.4173 28.9896
138.7425 33.6026
137.6848 33.8826
133.3358 31.6904
133.8629 28.1277
137.0269 30.0775
142.5801 35.3021
138.6588 29.7769
134.4399 30.9904
131.6997 30.4498
134.4402 30.0988
135.0965 28.3159
129.0298 24.5004
133.3778 29.3289
131.3011 30.8231
132.7543 29.2239
134.7912 32.1779
141.7280 35.8120
134.5157 27.7688
134.6250 26.8798
135.2546 26.9832
136.9361 33.2596
138.3087 30.1511
133.5650 28.9431
136.9704 29.3509
138.8883 30.7257
136.2939 29.2656
137.7005 28.9912
127.1125 26.8021
141.1790 34.1856
138.4657 30.9287
135.8397 28.1763
137.9693 33.6241
134.3912 27.1476
139.0876 30.0232
132.7674 30.9811
136.6183 30.8869
139.7121 29.8395
123.8034 27.6185
136.6055 31.2870
134.6583 25.1458
135.6771 25.4221
128.0827 28.3571
135.1019 25.2123
139.2981 29.6742
138.2107 28.7621
139.6426 29.9755
135.2646 33.1544
136.0888 29.4909
136.3037 29.6312
136.9806 32.9938
132.6676 29.4247
138.9759 30.7755
137.9559 29.1163
127.9178 25.5048
137.9927 29.8100
132.6926 29.3399
134.1190 27.9517
141.0956 34.3251
136.5422 32.9851
134.6683 31.3874
137.7328 32.6501
138.6199 28.5985
134.1540 28.6169
140.0886 32.9635
134.8466 25.1211
138.0462 30.0683
138.7770 30.6323
132.2370 26.1865
140.1649 34.9681
128.7151 28.0250
137.7590 29.8150
134.3287 27.0269
137.7826 31.0102
136.1487 29.5956
133.7272 31.9286
128.0097 27.5880
134.5380 25.1388
132.9589 31.4012
136.2884 33.4843
142.1565 35.1300
133.7004 32.2334
127.4758 29.9622
134.1837 32.9516
132.0544 30.9411
136.0429 29.8257
136.0023 30.2238
139.6870 29.6220
138.4653 29.1461
134.5804 32.6723
132.8584 28.2770
134.4961 26.4834
133.9547 30.3865
138.9329 29.9115
133.8621 31.0550
137.3349 32.7480
137.5726 33.6686
135.2740 29.5449
138.3500 30.9932
134.2328 28.2017
134.1847 31.5818
136.9576 32.3534
137.8567 30.9528
135.9650 30.0147
137.2200 29.2720
133.7875 30.8783
133.1579 28.7157
137.4156 33.2590
135.1765 29.0559
134.9728 28.1751
137.4728 30.5967
139.7660 29.2740
133.1591 30.9704
136.9712 32.3780
134.8883 29.0736
133.0786 28.2088
138.1289 29.8655
135.5570 28.5424
134.3228 28.1792
133.5736 32.2309
139.0683 29.1418
139.4082 29.4245
134.7906 31.1858
139.4838 29.9301
136.7811 29.1447
134.5187 31.3659
134.6954 29.5249
134.1451 28.4179
136.1305 29.9175
132.1954 30.5632
130.4551 29.3594
134.6394 28.0338
139.2912 29.5501
129.2069 29.1088
139.5590 29.6316
134.4356 26.6288
132.3036 30.7810
136.5070 29.1085
137.4386 29.3752
136.3269 29.9214
138.3384 28.8522
134.5635 27.0466
139.6723 29.7493
134.3569 27.3528
134.7596 25.2012
138.6061 30.9894
135.0215 29.1353
134.9306 32.4882
134.1004 28.2672
134.3734 27.6511
134.1775 28.2486
134.7776 28.4423
137.9688 30.9812
137.5145 29.4606
137.3605 31.0729
136.4416 29.3555
134.4427 26.9406
132.5642 26.5773
126.8198 26.6558
138.2537 31.0321
137.5642 33.3746
134.2363 31.2779
137.2409 30.6583
129.0094 29.2731
135.0326 29.3724
134.6089 25.5350
141.5590 34.3507
134.8602 28.0048
134.9461 27.8754
134.6972 29.0233
135.1834 28.9546
134.2022 27.9804
138.9344 30.5797
139.8125 29.2492
133.7290 25.9308
137.0128 28.7616
133.9267 31.3701
135.2725 28.6161
131.5610 30.4924
136.9517 33.6547
136.8913 31.0092
136.2862 33.1911
135.5990 25.5734
133.3104 29.8658
139.3237 30.1955
139.1834 30.0547
138.1057 29.0218
138.3342 30.3475
134.2813 32.2670
137.5135 33.6656
139.4378 29.5938
137.6714 29.7454
138.0553 30.2500
137.7372 30.5249
134.7335 25.6873
131.5610 28.9000
127.5433 27.5079
134.8074 29.8659
139.6962 30.0448
141.8361 33.8122
136.8891 28.7084
134.4740 27.7785
138.3671 28.8584
134.1555 25.2382
139.0484 29.5556
139.5657 29.9682
134.3497 27.4512
139.8533 30.0786
139.8630 30.0032
134.4270 29.4800
140.8149 34.4136
134.9035 29.6766
134.4956 27.9056
133.8758 28.4542
137.2529 33.4582
139.7959 29.7845
134.9363 25.5416
138.3846 30.6019
133.7885 29.7271
135.6562 28.9340
134.1003 32.2200
135.1968 28.9497
137.7855 33.5378
137.5508 29.7530
137.3182 33.3183
136.4974 32.6139
136.1225 28.4285
136.6664 28.5577
139.7828 28.6656
134.3338 29.2664
135.0237 31.4857
139.4716 30.1699
138.8269 30.6672
137.3562 29.6154
137.3145 30.5105
133.9282 30.6477
139.2347 29.1016
134.5671 28.1979
136.5251 29.2083
131.1837 30.3536
139.3589 30.5339
136.7805 30.2121
129.5481 29.6402
128.8050 26.0131
136.1081 30.5266
134.5934 27.6814
137.3048 33.1539
139.6016 28.8240
139.9228 29.4447
129.3223 29.2835
139.3785 33.0444
128.7137 26.5493
139.6183 27.7804
134.4256 25.7756
138.1770 29.9961
138.1129 30.5729
134.9477 29.8338
131.8421 30.6420
137.0314 33.9947
134.1075 26.4482
135.2193 30.1907
139.9396 30.1957
139.0605 32.6081
137.8153 29.0126
137.1250 28.8111
139.7044 29.5195
138.5894 30.9021
134.8084 25.7933
134.3325 27.5662
137.3309 31.1396
128.9910 28.2077
131.8311 30.5721
137.7172 29.1255
128.9214 26.1138
133.1326 29.4807
128.1285 25.1830
137.9154 29.7553
136.7475 30.9330
128.5829 29.0081
136.8125 32.6955
134.6002 27.8980
137.0766 32.8956
135.9442 29.3746
137.8703 29.1387
138.2147 30.8728
139.6124 29.9763
139.7080 33.4298
137.5679 30.3156
137.3811 30.4286
139.6617 30.3078
139.6506 30.1024
139.2372 30.5868
138.0396 32.7627
140.8802 34.4216
139.3458 29.5428
136.5102 32.8865
136.8564 30.1663
140.9859 34.2423
137.8402 33.9818
139.2458 30.6309
139.0640 29.1407
136.8394 30.0588
136.3052 32.9771
143.4663 37.0147
139.0809 29.1934
136.1439 33.4776
139.1772 30.6892
137.0377 32.9715
137.5955 34.1079
136.7003 29.0881
138.7191 32.3607
136.7671 33.6641
138.9610 29.7471
137.2183 33.2901
136.8988 32.9153
140.7258 34.2822
136.3637 33.3706
127.4567 27.7647
136.9620 32.8342
136.4730 33.2627
137.6892 31.0408
136.7126 33.4661
137.0862 29.4406
137.0657 32.7906
136.7179 30.7977
137.6317 34.0734
139.6563 30.1619
136.7860 32.9789
136.6777 32.6419
136.9274 32.8007
137.3796 33.4901
135.8505 29.6013
136.6318 33.0009
136.7397 33.6980
136.6964 32.7683
136.8189 32.6937
138.0125 31.1910
136.9096 33.1252
136.8812 32.7417
138.1193 30.3098
136.1674 30.0819
138.1168 30.1172
136.7793 32.8358
139.1056 30.3536
136.8661 33.0032
136.7865 32.8742
140.7486 35.2693
138.8985 30.9295
136.9279 33.7922
137.2452 30.9684
138.8174 30.5739
136.5426 29.1708
136.5489 32.9051
138.2051 29.1540
137.6131 34.0788
135.9227 30.0066
136.4741 32.8466
134.5355 29.2968
139.6272 33.4080
136.9293 33.7655
137.0722 34.1076
136.8615 33.5963
135.9073 28.4799
136.9995 33.1718
140.8188 34.8471
137.4486 34.1560
137.5217 30.3441
139.0682 30.6159
136.5761 32.6181
137.6611 34.0499
139.2146 29.9443
137.4121 28.9418
137.6560 34.0837
137.4697 30.8009
136.3449 33.2480
135.8700 28.5281
137.6279 30.5880
136.3438 30.4824
136.0751 29.7408
138.3229 29.5409
139.6700 30.4059
136.9435 31.0069
136.3227 29.4495
134.9812 28.9673
136.7151 29.8723
139.4235 30.0647
136.7225 32.7608
139.1938 30.6588
140.0997 34.9354
139.4864 29.2472
126.6727 24.0410
130.2707 26.1193
136.9812 33.4514
130.4987 26.2846
132.9187 27.2046
129.9794 29.3118
127.5068 25.5276
133.0448 30.0252
137.1851 33.3740
139.4488 29.7505
136.8591 29.5678
130.9321 26.2049
136.1313 30.0030
139.4117 30.4705
138.2659 30.2938
133.1389 26.9524
141.6549 34.7380
132.7786 26.4437
135.3060 28.4583
137.4522 33.1976
129.8159 26.1410
138.0630 29.9858
134.0956 31.1272
137.8306 30.6120
133.9575 30.9948
139.3323 30.3980
137.1387 32.5772
136.7457 29.1152
138.6127 30.8504
134.4121 26.7168
134.1505 31.4831
139.3632 29.3575
132.8185 30.5659
135.9905 26.8069
135.9805 29.3651
136.5419 24.7647
133.5996 31.3945
126.6351 26.7975
134.9369 31.8544
138.6481 33.5152
132.3458 31.1418
140.9538 33.5727
138.0669 29.8562
130.9092 26.2564
137.5810 33.7028
139.3393 29.4038
136.0471 30.0301
132.8401 28.0518
135.4399 28.1580
137.2281 32.7148
139.3868 29.8631
134.5756 27.3436
137.9629 30.5766
136.1254 29.5822
140.9921 34.2152
134.5565 27.5766
135.4723 28.7053
130.2980 25.8177
138.0931 30.5213
132.1675 27.4792
137.9726 30.5799
139.3652 30.0979
133.9246 28.9258
136.4117 30.6310
137.6744 33.6167
137.0166 30.4320
134.2098 31.5254
138.1212 30.4790
135.0317 28.0040
131.1101 30.2780
138.2171 30.2942
138.2287 30.5544
137.2904 33.4835
138.0538 30.0794
139.7426 30.2495
137.9118 30.5564
135.7084 29.9621
139.0632 30.6314
139.5186 33.4993
135.1504 28.1975
136.8628 30.4580
138.8049 33.5694
136.8412 32.7003
141.4455 34.9701
137.9433 30.5931
137.9459 30.5622
133.4440 28.7061
134.7655 25.9805
131.9447 30.5426
138.4786 30.5903
134.0793 25.6625
130.6644 25.9703
138.1920 33.7136
137.7478 29.9843
137.8853 30.6029
132.0895 26.8489
137.0967 30.6111
128.8613 25.3545
132.4137 26.7981
133.3535 30.7018
132.8575 29.8840
129.1258 25.9787
136.9680 29.3866
136.8624 30.3081
136.5603 30.1544
136.0759 30.3988
139.1205 30.3260
137.8514 30.6121
138.1474 31.1375
137.7724 31.2258
139.2321 29.1366
136.6548 30.4129
137.1627 33.6781
138.1559 30.9382
137.7867 29.9946
136.7928 30.2816
137.3635 30.4608
139.2004 29.6415
136.2929 30.5750
137.2899 34.0440
138.0317 30.0461
138.9385 30.6668
137.0598 34.1916
136.4827 30.0604
136.6762 30.8949
139.5151 29.6773
137.0589 32.9163
137.0151 32.9361
139.6377 29.9285
139.4664 30.3554
137.1241 30.7296
135.8944 30.1408
137.0958 30.7201
138.8032 30.9388
140.5433 33.2300
136.7112 30.1536
136.7638 33.4150
139.2017 29.7999
136.4712 30.1477
137.1814 33.1909
139.2314 30.3290
137.0639 29.5821
136.9010 29.3044
137.1839 30.4655
136.3734 33.5076
136.1609 33.5628
137.8135 30.0311
137.4113 33.7341
136.9962 30.5014
136.3365 30.6955
136.6905 28.7012
137.7522 30.4265
137.1964 34.2908
137.9503 30.2460
136.7979 30.2872
136.1213 29.2882
136.6992 30.1241
136.9472 33.1064
136.0416 29.3797
137.0821 30.7303
136.8302 33.4289
137.9212 30.5015
137.8949 30.0433
139.3824 30.2027
136.6850 33.0215
137.4505 29.5751
136.7729 29.2461
136.7146 33.7057
137.7186 29.8569
137.5377 30.4085
137.6913 29.9160
138.9961 30.6673
139.0945 30.3151
136.6329 29.2309
136.5695 30.1814
139.2064 29.8233
138.0411 31.1728
136.4610 32.8880
136.5390 29.8834
136.3266 29.2716
135.8905 29.7597
136.8155 30.5960
136.7651 30.0253
136.2388 33.7995
137.6253 31.1977
139.0996 30.0016
139.3769 29.6899
138.4747 30.7035
137.6475 30.7439
136.5859 30.3668
136.8886 32.8147
136.7069 30.5114
137.1740 29.6411
137.8699 30.1158
136.7633 32.9202
139.0157 30.5780
136.8434 33.5858
136.9658 29.3581
136.8419 30.6034
137.6978 30.1388
135.9837 30.4348
136.3912 28.6585
137.9122 31.2025
135.9322 30.2353
138.8416 31.5520
137.7908 31.2032
136.7316 33.5880
137.8809 30.6026
142.6973 35.6539
136.3978 30.7935
136.1950 30.7118
136.4833 30.0045
139.0485 29.3380
139.1639 29.7411
143.1611 36.9077
135.8915 29.6778
136.8553 33.0080
137.0019 33.0386
137.5784 30.7630
137.8566 34.2005
136.9993 30.6832
136.9348 30.4670
137.4817 31.1990
140.4987 32.9130
136.6410 29.2776
137.4234 33.9623
137.4712 30.5069
140.7527 33.7009
137.1866 29.4237
138.1756 30.6696
135.8720 29.9756
137.9614 29.9875
137.0819 32.4893
138.6771 29.6023
128.8880 29.4589
136.2022 29.8270
137.8880 30.1887
136.8363 28.9933
138.7271 30.8727
134.2368 27.8563
135.2054 32.4475
139.9883 29.8843
135.7658 27.1418
133.2209 29.3626
134.3841 30.1556
138.4284 30.1249
136.8091 29.6297
137.5023 33.7073
136.1631 26.8841
131.8372 27.7278
137.3956 29.8833
138.8878 30.6122
134.6651 32.4687
140.3914 34.7920
135.2600 29.2492
131.4847 26.6828
134.9256 27.6243
133.0804 26.6794
133.6428 25.2284
138.7620 32.9478
136.2378 25.7335
135.6675 28.2872
128.4786 29.2555
136.9918 33.2063
125.7877 28.3694
132.8302 27.5161
125.5336 28.8490
133.1572 24.2238
136.0415 29.4460
130.9606 26.2931
138.4079 29.6057
134.3981 30.8736
136.3846 27.0776
134.3888 31.8275
138.0848 31.0172
135.1743 29.1848
135.8867 26.8130
136.2910 28.8577
139.2858 29.8202
131.7317 30.0126
137.2351 30.4081
135.0803 31.4570
139.1019 33.3348
133.3347 30.3274
134.7176 29.1841
139.6017 29.1707
134.6640 24.9181
132.1545 27.5688
132.9721 30.3000
136.7423 32.0278
129.1230 24.7994
127.5235 28.1460
134.9350 28.8640
135.1126 31.6902
139.8942 29.3473
127.5669 23.6805
128.7483 30.1316
135.0085 30.7646
133.0659 31.1873
133.0466 31.1295
138.4419 30.4036
136.7668 33.1431
134.9617 30.3050
135.0612 32.1867
138.2742 33.8052
137.4462 31.1070
134.4469 28.3403
134.2373 28.7794
134.5370 29.3119
135.1431 28.9622
136.1770 29.1787
131.9994 31.3621
132.7780 31.1940
134.7631 29.6484
135.3761 24.1589
126.2976 22.1359
127.9776 24.8408
135.8358 24.3750
129.4801 26.9431
135.0082 28.9965
134.6797 29.3646
136.0719 30.8890
136.3936 28.6567
134.9873 28.0552
136.0443 24.0732
133.7996 27.2564
128.2668 25.7883
135.5424 29.0737
133.2509 24.0615
134.0632 27.4372
128.1998 25.4574
135.5318 26.8568
134.2417 25.9652
133.1136 23.9611
134.8161 29.6080
132.3354 27.7909
136.7764 29.4706
131.3986 24.4000
135.7638 25.4915
136.3425 25.3811
127.9501 22.7791
131.8547 26.6781
135.8506 24.6474
126.2166 22.0245
136.6876 26.1403
134.8735 28.0560
135.6525 23.9903
134.4516 26.5720
136.5013 25.6381
133.6717 24.5094
136.8358 28.8497
136.8497 29.9484
136.6566 30.2111
135.2586 32.1940
128.8323 24.9831
126.1077 22.8848
133.4234 30.0081
134.7797 28.4165
134.3509 26.5026
135.7033 24.3990
134.4113 24.1241
131.1367 25.0436
130.1335 25.2057
135.8937 23.8394
135.7806 23.8391
135.8434 28.8203
136.0751 24.4266
136.1196 26.4500
134.6659 24.3991
133.1376 23.9070
134.4020 26.8304
133.0402 30.5932
136.7422 30.9025
135.6789 27.2075
134.7459 31.6706
135.1372 29.7126
136.0728 30.5402
132.9304 27.7639
129.6369 29.6469
133.9288 32.3507
135.1008 29.2466
137.3176 32.3717
137.1369 33.0794
137.7088 30.7481
138.6375 33.3223
136.8630 32.1000
134.1337 27.4455
137.2310 33.0862
129.1790 25.1279
132.8346 26.4514
134.9693 29.8520
139.1112 30.3831
129.6922 28.7195
135.0313 28.2367
139.6593 29.1701
135.7281 25.2648
137.2403 28.9107
134.5702 25.9476
137.3041 33.0100
129.2023 29.2149
133.7024 32.6804
138.1736 31.0333
137.4388 29.4095
127.6387 27.2461
134.6293 30.8122
139.5116 30.0330
131.5969 30.5885
137.4641 33.0060
132.4016 31.3301
139.9307 28.0588
136.6670 30.1750
132.8110 29.3893
137.3357 33.7066
134.5454 26.3829
133.3874 31.4945
136.4932 28.9911
137.1383 30.6823
135.1849 29.2062
139.0338 30.1430
136.6688 30.7154
134.4134 27.2427
136.0130 28.4426
132.2439 31.1355
133.5707 28.6185
139.7846 28.2242
139.3957 29.7696
137.8451 33.7918
135.9396 26.6789
131.2476 30.2253
133.3826 31.5551
139.8221 29.8712
139.1856 29.5346
134.6377 31.8708
138.1829 30.0566
139.8619 30.1936
136.6153 32.3126
139.6753 30.2009
135.3893 29.1000
136.6519 30.7234
137.4307 30.4445
139.6073 30.3619
136.9137 29.9219
138.6319 33.1817
133.8528 30.8670
138.4268 30.9720
134.9805 27.9765
135.0203 25.2674
134.2393 25.6824
137.6974 31.0414
136.1790 31.4319
139.6228 29.7961
124.4154 30.5350
134.9010 29.3802
140.7899 34.3279
137.1725 33.1545
136.5730 32.6125
132.8631 27.2139
138.8179 30.8649
135.4022 29.1037
134.3374 28.1726
137.2328 32.4846
135.0733 31.6848
136.1535 28.5096
133.8373 28.7245
133.1434 32.0794
134.2480 29.2841
135.5314 26.8826
128.5438 28.0866
139.8846 28.5121
133.6577 29.3721
137.0917 33.8950
139.6036 28.6529
138.2854 28.6234
135.3278 28.9554
132.7775 28.3203
134.0043 32.0748
134.3047 30.1424
139.7672 29.4969
139.3100 29.7962
134.6434 30.1612
135.0750 31.6213
138.1475 30.5054
134.5963 31.6954
127.5095 27.9853
133.9855 32.4446
137.4150 30.5854
139.1129 30.6068
135.4333 32.3913
137.8012 29.5094
133.6436 28.4798
134.2361 28.9854
138.0264 28.7004
137.5814 30.6928
136.4025 26.1314
128.9583 27.0759
139.4339 29.1813
137.5184 30.7532
129.4571 25.4031
132.3974 28.7480
134.1709 25.2577
133.3674 27.7337
129.4326 29.9461
132.9841 30.2616
133.5941 32.7323
131.8232 28.1851
137.3904 33.1650
135.1311 31.8193
136.0696 30.0255
138.5863 30.8767
137.9869 30.5430
135.6322 24.8918
138.4736 30.5410
135.2013 31.3651
136.2794 29.7041
139.6448 29.4501
136.7320 32.3003
132.6364 28.0497
136.0704 29.6036
137.3530 30.5945
139.1132 29.1821
132.1629 30.5918
134.1735 25.3928
135.5975 27.0783
133.9760 25.6263
128.9019 26.0638
130.8758 30.0450
135.9562 29.7469
132.8593 27.1595
139.2975 29.0708
132.6659 28.5830
137.8102 29.5898
134.2059 25.6632
134.0591 30.2282
134.8534 25.0457
134.7004 28.8759
136.0475 29.3510
136.1259 30.1044
138.3870 33.5320
142.4102 35.6532
134.8480 31.1762
136.8272 32.7244
142.2459 36.3390
136.9545 33.2690
139.0588 29.7359
135.4724 31.4199
146.1481 35.7050
137.4350 30.6344
138.9603 30.6979
138.6958 32.2360
136.8398 33.5039
139.7063 29.1668
140.2369 32.3545
139.2973 30.8101
137.2287 30.3753
137.6945 31.2472
134.9533 27.9258
136.8007 29.9745
134.6510 25.8642
142.9061 36.4639
137.6237 30.5728
139.2020 28.8824
137.8643 30.3442
135.8199 32.4463
139.3467 31.5829
142.3747 35.6478
139.4173 34.6413
139.4439 30.0493
138.2786 31.1245
139.7857 29.9420
135.8983 30.2318
133.2248 31.1057
135.8285 33.1477
137.0080 32.7273
137.7543 34.1988
136.9828 29.7751
138.3497 29.0946
127.8180 24.9683
144.7625 37.4585
133.6138 32.3592
136.9766 33.6037
139.4420 30.2918
143.8064 35.2840
144.3823 36.3922
122.9529 32.4640
145.8953 36.1201
139.4097 29.5793
136.1863 30.2118
139.1298 29.9662
137.5232 31.2013
136.8645 33.3384
143.7943 37.4219
138.9769 30.5836
137.2789 33.0297
133.6212 31.8390
135.5943 32.5715
139.2306 30.7074
145.6223 35.9318
131.0863 29.7255
139.1693 30.1511
136.6200 32.5682
139.6170 29.3473
140.0492 30.0154
137.5464 29.9838
139.2065 29.7716
137.2191 29.5912
134.5976 33.6076
137.9354 30.0453
136.9061 33.4554
141.9483 35.5555
138.8137 29.4596
134.8636 31.0258
141.9386 35.5647
136.3263 32.7337
144.0710 35.5451
136.5664 29.3867
139.3418 29.6550
135.2637 31.8177
148.0229 35.6656
139.3932 29.6231
136.6877 33.0616
138.6255 30.5742
136.8465 29.8210
137.3690 30.7819
130.9986 29.8785
138.8427 30.2125
139.2370 29.9955
145.5870 36.7525
128.8165 28.7491
139.4017 33.4662
133.8240 31.0876
132.3004 28.0978
132.7668 29.4783
134.1610 31.8408
133.9791 31.3033
129.4191 29.8641
134.4442 28.6660
134.1058 31.4404
131.7092 30.6204
132.7772 30.6088
134.0968 31.3322
137.8771 30.7227
133.6130 30.8680
137.0554 31.0054
135.6295 28.5819
138.3097 33.6452
132.6861 31.2596
130.9426 29.8863
135.5452 31.5186
130.7890 29.9296
137.6762 33.4181
134.0881 31.2565
134.1603 32.0573
134.6828 30.7717
141.0316 35.4367
135.1694 29.7393
136.7715 30.5565
133.9918 31.1944
134.1055 27.8270
136.6870 32.9413
139.5046 30.5424
134.4246 27.2505
136.1367 28.5423
139.1214 34.8347
132.8210 31.2162
129.0772 25.3454
134.6637 27.9575
135.0262 31.4236
133.3627 29.6454
136.7470 28.7534
134.4010 27.0794
134.4049 32.4942
129.0405 26.2101
134.4797 28.5085
136.5764 29.4458
132.8220 30.6498
133.6089 30.9631
138.8672 30.4229
139.2753 33.1683
139.0982 32.9114
137.6477 34.0132
134.1396 32.0702
138.1543 30.3831
128.3053 27.8042
134.0974 31.5720
134.4453 26.3963
134.5860 28.1676
139.1304 30.6997
134.0438 31.6117
132.3256 30.6017
134.4490 28.2421
136.7918 32.7107
139.3148 33.0231
136.6346 33.4798
134.0819 31.3604
134.5091 25.9120
139.3280 33.4696
134.0580 31.1855
136.8320 29.3983
138.0215 30.0883
131.1782 30.2453
136.7074 33.3333
137.1042 33.2915
135.0165 30.5912
135.0768 31.8601
135.3148 28.4229
134.6258 28.1613
137.5515 32.3296
139.2828 30.6965
135.9618 29.8525
134.6352 27.7588
134.0322 31.2277
132.6603 31.0832
133.0168 26.4375
132.8334 28.1510
135.1839 28.5626
137.6410 33.9066
135.9201 28.5078
134.6949 28.7948
134.3687 27.1304
134.8388 28.9524
134.8873 28.0099
134.5693 27.6814
137.5652 29.5497
134.0660 31.0580
139.3396 29.2184
133.6066 31.8957
134.5630 25.5225
138.7729 34.1535
136.6074 28.6365
134.4216 26.5106
133.6503 28.5813
142.7345 35.7579
132.6746 31.1432
134.1184 31.2848
134.1172 31.5341
131.0237 30.1368
133.9619 25.5340
133.8282 27.6160
134.6369 27.9616
137.1656 29.4271
139.5347 29.8296
137.5508 29.4060
139.2921 30.5646
134.3291 26.7944
134.9188 29.2695
135.3631 32.1142
127.9728 28.3371
138.9086 30.7600
134.9065 29.5170
133.4111 31.7017
134.0856 27.5502
135.1303 31.0324
135.2874 30.3709
138.2325 28.3921
133.0081 28.4739
134.7466 28.8746
131.2778 30.7916
134.8082 29.4808
134.9367 28.0493
138.7810 31.9710
138.6076 30.3667
139.3631 30.3448
135.5309 28.8706
136.6458 31.8089
135.0229 28.2315
134.0198 29.1688
139.5714 29.6421
131.2094 30.6983
128.8388 28.7785
135.1649 31.8001
133.2521 28.5353
138.1737 29.6484
128.7097 26.3878
137.4066 30.4228
135.4954 26.9292
127.7824 28.4332
131.4480 26.0081
137.3862 29.3346
134.3135 26.8890
133.3293 28.0621
134.2765 27.4806
133.5374 27.7156
139.8029 30.0755
133.3289 28.6227
132.9873 27.5090
133.7966 28.8759
132.3148 30.9088
132.6473 26.4157
135.0804 31.9156
137.5697 31.1191
136.2734 26.1885
131.5863 26.6536
130.8824 28.1704
126.9160 25.4381
139.2140 30.0457
135.8004 24.8332
129.5016 26.6691
131.0280 26.1358
134.7362 32.3803
134.0653 29.0065
136.8236 29.1463
132.7291 28.1928
135.2900 28.5080
137.2967 30.4107
139.6168 28.7658
132.8284 31.3613
134.6552 29.5448
131.1347 31.0702
138.9612 30.7410
136.5546 29.8124
139.3282 28.7757
133.7944 25.5533
137.2021 33.6952
139.3888 30.5090
137.2010 32.7370
137.3394 33.3473
137.2792 32.6703
138.5371 30.9272
137.3617 30.3933
135.5459 28.7775
133.0081 30.6008
134.1211 31.6223
137.6785 28.9026
139.3745 28.8431
136.1413 30.2852
137.3790 33.2622
132.6373 29.3594
133.2934 27.7870
136.5872 28.4214
134.8482 27.7723
134.4205 27.2740
136.7450 33.0586
138.4206 29.4319
127.8438 27.5507
139.7010 28.8326
134.4261 32.0385
131.8332 26.0986
135.8037 28.5907
134.2824 25.5746
136.9769 32.2910
134.4727 29.2048
139.5138 29.6923
131.8825 31.3927
135.8109 32.4149
134.9626 29.6746
133.9272 25.3394
137.3946 29.2617
138.0634 34.1456
141.1185 34.1099
134.1532 28.2012
132.8129 29.2404
134.1424 31.5324
137.3904 33.9905
132.5951 28.7230
132.6627 26.8889
136.8201 33.5603
134.0685 32.9531
131.3464 30.4095
135.0210 32.2352
136.9545 32.3626
136.9167 32.5373
135.2738 31.7682
134.0392 29.1962
132.8626 29.3634
137.9560 30.6496
135.3568 28.4705
132.6402 28.0217
137.2114 31.1149
141.1421 34.9915
135.8251 28.8691
134.4713 30.2751
136.1092 29.5240
134.9677 31.1645
133.8143 32.2921
133.5917 27.6309
139.8462 29.1644
134.6392 30.5064
138.5374 30.6940
137.1213 33.0327
134.5803 28.6290
139.2020 30.7379
136.7912 29.2214
133.8439 31.6650
136.2968 28.6278
134.1133 25.4487
139.8488 29.2940
126.9758 26.8245
130.9865 30.0689
138.4993 30.9478
134.0555 31.5510
134.4198 30.1400
134.4906 25.6271
134.2629 31.3358
129.9573 26.2249
137.1263 29.2205
134.2081 27.1455
135.6627 28.5326
139.8186 29.9539
135.2636 32.1770
133.9746 32.2448
137.6247 30.5848
137.8970 30.7830
134.4675 28.1153
136.2575 29.5515
138.2955 29.2824
135.4715 28.6370
139.3468 29.2360
134.6871 25.0515
131.0076 30.0292
136.6287 32.8531
134.2249 28.9933
135.1181 29.4446
137.0318 32.2983
139.4541 29.4355
134.4114 31.3925
131.6436 30.5617
129.1908 26.2664
133.9072 31.3598
133.9258 29.8546
134.6022 28.1230
134.6815 25.0466
134.8905 32.1398
136.8868 30.2223
131.1731 30.2597
133.9945 31.2457
132.6117 32.0655
135.5660 28.4461
135.2386 28.3866
135.3595 24.6159
134.5190 31.6703
139.4272 30.0107
134.4799 25.6938
138.0488 31.0528
139.1092 29.7636
140.0061 29.6198
135.3009 29.6553
128.2946 26.1619
134.9221 32.0426
136.2816 30.5023
125.9711 29.0866
127.9263 28.3059
128.5856 24.6808
135.9040 30.1965
128.1435 25.9927
133.0921 27.3922
139.5893 29.9644
129.1101 29.0538
139.1220 30.4642
134.2781 26.8663
136.1467 28.6385
134.7405 28.8433
137.6143 29.5826
134.4286 29.5231
128.3526 28.5690
128.3866 28.5187
134.1366 27.9605
138.3911 30.5677
134.1669 31.5413
135.3490 31.1875
133.0076 31.9634
139.7147 30.0192
134.2132 32.4541
139.4797 30.3186
134.8416 29.5213
132.2414 26.5486
139.3652 29.4177
139.4168 29.7628
139.5619 30.3756
134.9820 29.3412
138.0674 29.8342
133.8087 32.4801
134.9976 30.7460
134.6870 31.4340
139.8508 29.3525
134.4601 25.6005
132.7431 28.6870
135.9777 32.8740
127.8115 28.4452
134.4609 27.2640
136.2842 26.0647
134.4341 30.6317
136.4857 30.6713
137.9660 33.8980
131.8768 26.3791
137.5848 33.3175
136.8789 32.2726
128.2806 25.5727
134.3934 27.4035
138.4091 30.6353
138.5862 30.6281
132.7633 29.4641
132.6624 26.5001
136.8517 30.8408
132.8747 27.1048
129.9963 29.8295
138.4527 30.0640
128.6313 26.2559
131.2303 30.8275
134.5126 26.3415
131.3759 25.9782
136.5802 28.8638
139.6919 29.4069
134.0882 28.1760
134.9623 31.2359
134.4426 28.8375
135.3398 28.1090
134.6566 30.6115
131.1881 30.2183
136.5029 30.5886
139.7081 30.0393
134.7274 28.1770
138.0832 29.8801
134.6854 25.6676
133.2828 32.1685
130.1024 26.9803
136.3298 29.1864
135.3302 31.6995
137.3124 30.9525
134.7066 25.5718
140.0291 30.1174
137.3862 32.8235
134.1557 26.4806
139.3352 28.9775
131.9058 28.7505
134.4232 30.7651
126.4740 27.0043
134.8545 30.5856
132.6325 31.0409
134.8649 31.8730
139.4815 30.5099
138.3073 28.8024
136.6498 32.1300
134.7478 25.3096
134.0786 24.9574
130.7562 25.7517
134.0824 28.0818
136.8942 30.3017
136.4403 31.6646
133.6516 30.0793
128.7033 25.4172
134.4313 26.9992
134.6661 28.7219
138.1842 30.1269
134.2656 24.4280
131.5350 25.6578
137.1969 31.0561
133.2571 29.6241
139.3081 29.7605
136.8957 29.2675
137.8123 34.0716
137.0658 33.7415
133.8914 25.8669
136.4300 30.6950
134.6907 28.5882
137.8826 33.5845
139.4813 29.6406
134.0813 28.4589
130.3713 25.9420
134.2968 27.2317
134.7689 29.4450
137.5936 33.0225
128.0020 27.3340
134.3813 31.9206
135.2300 27.9808
135.3796 29.5962
137.3822 30.4099
135.4350 31.8245
135.6831 27.0592
136.1960 31.5765
133.4942 29.8349
131.4613 25.5941
135.3842 30.5474
139.6836 30.2364
135.0502 28.7519
131.4864 28.7549
137.2560 31.0595
139.8486 30.0403
135.1361 29.0566
139.2390 30.3866
139.5427 29.1696
134.7380 31.3271
139.3403 30.6097
133.0322 31.4188
133.3682 29.5328
133.5740 31.7835
137.6851 28.7688
139.2314 30.3453
136.9687 32.3285
138.5191 30.7187
136.2474 31.4194
137.3106 33.7425
136.2918 28.1876
133.7612 25.6758
134.7018 25.2546
135.0881 29.9818
137.2160 32.5749
138.6228 30.5082
134.7939 25.7674
132.7464 26.7771
133.4074 31.3819
133.8986 32.4047
138.2513 30.4551
137.9244 30.5959
132.8046 29.1320
134.4993 26.9864
135.1308 31.0867
136.5788 32.4450
138.1887 29.9485
138.4886 30.0491
135.6905 31.8311
138.6600 28.5365
134.8642 30.9907
134.4168 27.1002
137.2995 32.8113
132.5848 29.3020
134.9684 30.5059
138.1713 29.6161
135.1921 31.7721
139.2672 32.4531
139.6051 29.3825
139.7655 29.4638
130.9445 29.9734
134.4108 25.3015
133.3664 30.6326
138.1551 30.6360
135.7595 28.1163
136.3583 29.2191
133.7010 30.0182
136.0181 29.6411
135.8854 29.8221
134.1135 30.3693
139.2559 29.5764
131.4883 26.0133
137.5602 31.0398
138.9735 30.3056
138.5909 29.2909
134.3523 31.8702
138.2988 30.3803
136.5190 31.7617
134.6744 30.3295
134.6446 30.2432
136.6845 31.8489
135.9094 29.4989
136.3527 28.2516
139.2656 29.5125
133.6795 29.7043
135.4318 28.1413
137.5338 31.0516
128.3533 24.7106
139.1033 30.5929
139.5220 30.0045
136.7335 28.3740
135.0943 30.3146
138.9587 30.6833
133.9213 29.8256
139.0612 30.6943
138.9560 30.3061
133.0550 26.9445
139.3626 29.4874
128.6444 24.6872
139.7352 29.3455
135.1779 28.0079
137.6178 33.3899
136.9894 30.4463
138.1241 33.5964
139.7909 29.3215
138.5138 30.8514
135.7116 28.3103
136.3909 29.2089
137.2515 32.4863
138.5500 28.7386
139.8528 29.3541
133.0089 31.2981
132.6281 31.2113
138.8435 30.4001
136.5014 31.9549
134.1478 30.9903
133.1594 26.5543
139.5785 29.8853
139.7942 29.3525
135.1469 27.9299
136.9495 29.1262
136.2167 29.3872
134.5645 28.3496
132.4531 29.0011
134.7250 30.7816
133.2143 30.6356
131.0919 29.9063
137.6015 33.0452
135.9818 29.4391
139.4436 29.3093
134.2200 31.6036
134.7679 30.4182
135.0105 27.9180
138.7941 30.7550
133.8087 32.3653
137.9234 29.6694
139.2583 30.5305
137.4341 30.7835
133.3257 30.6070
137.8296 30.5923
135.1456 28.0321
137.1381 28.5266
139.2282 30.4418
136.4055 29.1478
138.7696 29.9430
138.4931 30.8897
137.5008 33.3432
136.6223 30.7048
137.1753 32.4043
137.9964 29.7384
134.7536 28.1577
132.0637 30.5229
131.4061 30.4120
138.3352 30.2759
131.0806 30.1734
134.8066 30.3099
132.5800 30.9802
128.1846 25.2269
132.0658 30.5196
136.1448 29.6899
137.9535 29.7105
136.3493 30.4766
135.7300 28.1494
139.7234 29.5085
134.5155 28.7912
136.0120 29.9923
133.3775 31.1946
137.8967 29.6308
124.4502 28.7985
135.6946 24.6434
134.5496 26.9876
135.4612 28.4131
133.7016 32.3476
134.8570 28.3067
139.5149 29.6846
132.0331 27.9008
134.2626 28.1291
141.5624 33.9544
137.2192 32.4992
134.1066 27.7606
135.2208 26.6150
139.5222 29.3765
135.1941 32.2909
134.4051 29.2057
134.3298 28.5321
134.8031 24.9762
135.0505 32.1984
134.5483 25.2305
126.7069 27.1042
135.0339 32.4344
133.0848 28.5704
133.1196 27.4199
126.4899 28.2359
136.0097 21.8669
134.6340 30.0407
137.4494 33.3428
138.0392 28.6988
134.2529 25.3901
137.2104 29.5543
129.5404 26.1770
137.5755 32.8749
132.2901 27.6996
134.4747 26.7870
135.2717 24.5610
136.2427 32.4802
134.3820 27.2063
129.1235 24.9221
135.3443 30.7122
129.6534 26.3394
125.6792 25.5161
129.3966 30.3182
138.3690 31.6758
134.5004 24.9933
135.0702 30.2009
132.6936 25.4155
133.6848 25.7647
135.3571 31.2376
127.8280 25.6454
132.4167 30.3891
136.3752 27.1261
129.7775 26.1969
134.6649 25.8243
138.8357 30.1411
138.7332 30.7675
133.4330 27.8063
138.4117 30.6656
136.1462 29.7992
131.2336 27.0276
132.2136 30.6375
133.2452 28.3848
131.2485 30.2497
134.5197 30.3079
132.9982 28.9356
127.5219 28.0176
137.0868 27.3668
133.1212 26.5442
130.8651 26.6370
128.1979 25.9946
126.9982 22.8071
136.6088 30.0739
143.0593 36.3510
136.9723 30.0458
137.8336 30.2163
138.1807 30.8899
136.0755 29.5618
140.5222 34.2785
136.7875 32.8045
139.0833 30.2280
136.8470 32.8425
136.6715 29.1885
139.6476 29.9190
139.6235 30.0952
136.7021 33.4634
136.5668 30.6332
136.9248 33.4550
136.7084 32.8048
136.3270 33.3119
139.5850 29.4806
136.5178 32.8890
137.3804 28.9463
139.0961 30.2213
138.5832 30.6927
136.9152 33.4121
138.6882 30.6085
136.1626 33.2670
140.0155 34.0996
136.8129 33.2979
136.3018 33.0265
137.6867 30.1136
136.7095 32.7731
137.4319 34.1585
136.5922 30.7051
137.1100 30.2206
138.9687 29.2635
143.1037 36.1339
136.2666 33.1278
138.5421 30.7252
140.8798 33.6131
136.3119 33.0386
136.5042 32.8826
136.9435 32.8687
137.9045 29.8380
136.6986 32.7673
138.7679 30.9593
137.3217 30.9694
136.6534 32.8917
143.3593 36.9267
136.9360 30.6616
138.7980 30.7582
139.6288 33.8229
137.8510 29.2241
136.3683 32.9719
140.5975 34.3760
136.6782 32.8925
136.8323 33.4348
142.9974 36.6229
137.2253 31.0450
136.2537 33.1402
138.0877 31.0757
136.6849 32.6839
139.4890 29.3859
139.1216 30.1267
136.8636 32.8346
137.1868 28.8514
136.3509 30.4031
137.6581 29.6169
136.4235 32.9296
136.2580 29.2954
143.0491 36.0934
136.9675 29.9797
141.4771 33.3049
136.3518 30.4636
136.9420 30.9069
136.3036 33.0328
136.2354 28.8698
142.8801 35.6449
137.4529 33.6250
140.8823 34.3724
137.2252 33.2413
136.6948 32.7687
137.2082 34.2297
136.5508 32.8766
137.4395 33.5851
138.2847 29.2619
137.6747 30.3036
139.7286 29.6624
137.3425 29.7345
136.8384 32.7693
142.9837 36.0950
136.7839 32.9105
137.1346 30.0098
138.4676 29.7895
136.2595 30.3489
136.9950 30.7338
137.2611 33.9047
136.4805 29.9861
137.4618 34.1749
143.0191 36.0153
135.5437 28.5056
139.3234 29.1431
140.6700 34.2872
137.7385 30.2708
143.0329 35.6046
138.8034 30.9764
136.6824 33.3964
137.1152 34.1141
136.5964 33.9320
136.3215 33.1748
137.5210 34.3720
136.7629 32.7505
136.9826 34.0136
136.5419 30.1552
136.8688 30.9218
137.0338 29.2218
136.0636 30.4262
138.1870 30.3948
139.0942 29.9087
136.6587 32.7050
143.0489 36.1264
136.2200 33.5334
139.2932 29.1052
136.2787 33.1030
136.2341 33.5175
136.8689 29.8150
136.1735 33.5028
137.3813 33.8116
136.7096 32.7560
139.6264 30.0977
138.9127 30.4498
136.8914 29.2283
136.5987 32.8814
139.8931 33.3649
137.6880 34.5345
137.2378 28.9162
136.9261 33.9707
136.7610 29.1887
136.4739 33.8583
136.9158 32.8112
136.7276 30.7943
142.0119 35.5212
136.5881 32.8498
143.2143 35.8802
139.0142 29.2198
138.1565 30.3038
140.0455 33.4530
139.0925 29.8514
136.4554 29.2208
139.9429 33.3737
136.3231 29.8643
136.7011 30.5133
137.6273 34.1243
137.2355 29.5040
137.0410 30.4766
139.1218 30.0249
137.1591 32.9925
137.4086 30.8251
137.1743 33.9137
136.2598 33.0849
136.0800 29.3697
135.8658 29.0244
137.6941 30.1450
138.0516 30.0556
139.6154 30.1355
138.5311 31.0724
136.4661 29.2395
137.7258 31.1194
142.5416 35.0750
136.6275 33.5393
137.1617 30.3402
136.7216 33.5483
138.6658 30.4636
136.3605 32.9795
137.3125 33.2119
136.3954 30.4553
136.8541 33.3606
137.9064 34.0685
143.1915 36.6615
136.2186 30.2366
136.7748 29.2174
136.6954 32.8641
139.1269 30.1669
136.0191 29.7043
143.5731 36.8121
136.8154 33.4837
137.8235 30.2091
138.8687 30.4435
136.2195 33.1104
136.6329 29.7423
137.0340 31.1340
138.5642 30.9089
138.6709 30.6369
137.7927 34.5572
139.5304 30.4633
136.4320 33.6745
136.6765 33.3704
138.2002 30.3768
137.7044 30.2449
136.6820 32.8754
136.6681 30.5180
137.6630 30.8242
138.8785 30.4345
138.0535 29.3914
136.4511 33.8153
136.5625 32.6912
139.6378 29.9320
135.8391 30.1405
137.0442 30.4845
136.7440 29.3494
143.2130 35.9240
138.0416 30.7917
136.7288 29.3138
138.9695 29.4968
137.7034 34.1191
139.7193 29.6401
136.7603 32.7057
139.5459 29.3927
136.5881 32.9096
136.3847 32.9477
136.6349 32.6966
138.6331 30.8820
136.9067 32.7374
137.2883 33.8444
136.7112 32.7653
136.4959 32.8956
138.1263 30.2530
137.3186 31.2146
142.6229 36.0252
136.9953 30.1062
136.9036 30.4150
138.2001 30.8799
135.9596 29.9173
137.5670 30.0511
137.4288 29.7924
137.7526 34.0745
141.8000 34.6467
137.4970 29.4860
138.1764 29.2143
138.1071 29.4876
136.6845 33.9047
136.4576 32.8895
136.8381 33.2793
137.3709 34.0329
136.9818 30.0100
136.7064 29.7016
136.6866 32.6571
136.8456 32.7711
137.3123 33.2575
136.3193 30.4135
136.9089 28.7805
137.0460 28.7810
137.0018 30.0132
139.0572 29.8576
139.6697 34.8030
142.2546 34.9492
136.9706 30.0260
139.2520 29.0835
136.8776 33.3332
140.5029 33.4251
138.8380 30.4734
137.0986 30.2339
136.5283 30.6811
139.0675 30.2744
138.5905 30.0299
138.8833 30.4302
136.8538 32.7472
137.0346 29.1990
136.5165 28.6096
136.2754 33.3832
136.7741 32.7136
146.5475 36.0857
144.6154 35.5579
136.2944 33.0082
136.6795 32.8430
138.6467 30.4924
137.2303 33.8773
138.0404 30.2840
137.1761 30.2636
136.6168 33.8479
136.8266 33.2511
142.7400 35.2259
136.8316 32.7703
137.6234 29.9393
138.9776 29.2716
138.8627 30.4494
136.4853 29.2156
139.2029 29.1024
139.5520 29.7956
138.3336 29.4369
136.1815 33.3467
137.3062 34.3304
141.7859 35.4747
136.1896 33.2834
138.4240 29.7401
136.4618 33.4043
138.2027 31.1761
139.4223 33.7973
139.2813 29.1066
137.6569 29.5849
137.7078 30.8853
136.7174 33.8574
139.1030 29.9084
137.2967 33.4204
139.0465 30.2752
137.3743 31.2254
136.4939 30.3664
139.0084 29.2393
136.7170 33.1407
139.3150 29.1512
138.0515 30.0625
136.8714 33.3191
136.9593 33.9786
142.9621 36.3172
137.3425 30.3182
136.3571 33.7470
138.2714 29.3784
136.3723 33.2685
137.7658 30.2308
136.3744 33.1218
138.2877 29.5758
136.2779 33.0762
136.6094 32.8715
138.5948 30.3730
136.5425 32.6559
138.6532 30.3371
136.7158 32.7873
139.1266 30.1196
136.5893 32.8218
139.1608 30.1106
