131.7431 26.8995
132.5055 28.7880
132.6598 24.6496
138.9753 33.2104
131.7364 29.1768
135.2179 28.6810
132.6506 27.9002
137.9394 31.0941
138.8943 28.9801
139.0381 29.1520
136.6733 30.4877
131.0599 27.4370
137.4185 29.5904
132.4850 31.5085
132.3831 31.8710
138.9956 28.8380
132.9902 29.1802
134.4481 32.8666
138.7357 28.1121
137.2268 29.8035
139.3310 28.4075
134.0564 25.9747
134.4053 30.7345
138.1479 34.3287
137.3287 32.1776
132.8223 27.5760
139.3627 28.4512
136.9030 30.6732
138.6075 29.0031
139.7162 28.8100
136.0625 30.4664
131.3432 25.9234
136.3940 30.3188
138.9008 28.5245
130.9336 26.7132
137.2408 28.9141
137.9989 30.3241
133.4555 27.8188
136.2170 27.9429
132.0557 26.5852
139.1052 28.3351
132.1943 28.6053
137.1298 32.8271
136.3709 29.9322
136.4510 28.7277
134.3616 24.6722
137.7065 34.4209
132.1714 29.6511
132.8426 31.5705
135.7798 29.2219
126.9487 23.9287
135.8801 29.5516
133.0032 25.7835
136.6244 32.6652
135.8485 29.3632
132.1376 24.8343
139.7289 34.1644
133.2497 28.4498
135.1046 29.1720
133.0376 28.1182
129.4837 25.0962
135.8114 29.2059
138.5042 27.0773
137.0053 29.6724
133.8987 30.7111
138.1492 34.3152
138.7453 27.7096
131.5703 30.5893
133.4278 24.5274
138.0657 28.0360
132.1281 26.9584
134.4624 24.4387
140.2330 28.2535
133.2180 28.2804
131.9644 28.6944
136.2073 29.9434
130.5911 29.1937
128.2977 25.6166
135.6778 24.7002
134.3042 33.1225
133.4561 25.2270
137.5077 31.2265
134.4780 25.0311
132.9103 27.2342
133.1380 29.0405
136.5768 30.9691
131.7453 29.4120
126.8659 26.3897
134.0902 25.6026
138.4500 30.7129
127.7109 27.8101
138.4489 30.8219
133.9878 25.6278
138.7480 29.7981
133.3245 27.8514
137.0314 28.1305
134.9238 22.4180
132.6421 27.9406
139.0658 29.0609
132.8566 32.3437
137.8637 29.7286
134.1743 25.0910
133.7033 32.2738
132.4527 26.1749
135.0558 23.8307
138.4195 30.4335
134.0286 31.4778
133.1754 31.5441
133.5692 26.5984
136.2305 29.6378
140.6826 34.8436
133.8790 28.3598
139.9547 34.7505
136.8479 33.1692
133.2445 27.2314
134.0482 25.5201
130.4139 28.7727
130.4069 29.2293
137.4982 31.1155
136.3944 33.6756
138.5558 30.4883
134.1559 25.3400
132.9220 26.7308
139.1450 28.6234
134.2235 32.8707
133.1794 31.2841
130.4139 28.8165
136.9325 29.2350
138.7465 33.5017
132.8463 27.6450
133.5752 26.6652
134.1960 33.0876
136.7267 30.5550
133.4307 28.2880
136.2871 30.5487
132.6974 28.1368
134.1700 24.7563
132.4706 28.2064
132.0179 31.6288
133.5879 27.4542
138.2467 28.7183
133.5169 27.8134
133.7077 30.7610
140.2141 28.4811
139.2433 27.0476
135.3170 23.6320
133.6780 24.9271
137.7473 34.3277
138.9088 28.7489
135.0929 29.5450
134.3987 32.8950
131.6212 30.6406
137.7139 30.4288
130.3828 28.8712
137.4312 30.3787
130.8770 29.0583
133.9720 30.6288
134.3913 32.9142
128.1811 25.3871
133.4437 30.4284
137.1369 29.3489
132.8042 25.0765
131.8137 30.8200
136.2123 29.8485
136.5308 29.9221
143.2565 36.4265
132.5909 28.4307
133.2760 31.1646
130.0827 28.9151
138.9561 29.1312
136.2041 30.3099
130.0575 26.0575
138.5540 34.3562
134.4585 30.7333
136.2132 29.6758
134.2746 31.7365
130.5478 28.9069
130.5025 28.3140
139.2431 33.8277
133.4291 28.1772
133.4389 28.3048
133.3762 28.1688
134.0003 26.2681
140.1886 27.5316
135.3435 28.6193
134.0506 30.8197
132.2630 29.1451
136.4417 29.3211
130.5169 29.7853
130.8166 26.0656
136.4442 30.5632
132.9396 27.3192
140.1231 28.4435
138.6819 34.1721
139.3039 27.0044
139.5099 28.1948
134.0354 28.2233
136.8845 31.9212
133.6544 29.3316
134.6508 32.7978
136.6125 30.6301
136.7030 30.9048
133.4495 28.3518
139.8193 28.2142
139.5565 28.3329
132.7457 28.8460
132.1615 29.0278
137.9405 30.4333
138.0056 29.7762
134.0153 25.6069
126.2604 22.9741
138.5950 29.1615
136.5241 29.8624
133.5496 30.9293
138.7975 34.1017
138.9131 29.0683
138.7266 29.3838
135.0848 28.5842
136.3939 33.3347
139.0818 28.8125
132.0926 28.3026
134.4450 25.3816
125.5144 21.7898
136.3033 30.0001
133.8869 28.1580
140.3893 27.9289
132.8440 29.1140
138.6082 34.2536
132.0925 28.3526
125.2157 23.4622
137.6219 30.1997
137.0171 29.3225
133.7569 25.8923
130.9483 26.6747
139.3426 28.0674
137.2421 30.8440
133.7123 29.7358
132.8600 29.3114
136.1588 29.6286
127.0195 27.8570
140.8136 33.5121
139.3717 28.2670
136.6717 33.1511
133.2269 24.3543
133.1339 32.6017
126.0334 24.3159
134.7039 30.7989
133.3655 28.6142
133.0604 27.2967
132.7244 27.8899
133.2565 30.1689
132.2622 27.7989
133.1711 25.2887
138.5192 30.5609
137.4783 30.5421
133.6522 28.9293
135.0593 29.0250
132.9158 28.1869
136.2905 30.6318
136.5542 30.7260
137.9280 30.9747
134.7082 31.8608
137.1331 33.4410
136.2914 30.0674
133.4830 28.3249
132.8860 27.1721
138.6117 27.1460
134.2326 30.7123
132.2209 27.9151
133.1276 31.1755
131.2333 26.9413
137.5981 30.8867
139.6357 27.2276
137.1525 28.2878
134.1557 24.5365
133.2205 28.9832
140.1280 28.4516
132.5273 27.3965
138.7589 29.1123
135.4439 23.4147
132.5047 27.9344
133.0086 24.8831
126.5277 23.9094
134.1027 28.8530
138.5450 30.0769
140.4137 27.9935
135.1005 31.4348
139.9567 28.3954
139.9317 27.3849
134.0972 25.3465
135.5584 29.5140
133.1098 25.7258
137.0868 28.9038
126.9055 23.5481
133.0662 28.4169
134.1205 28.2927
130.5515 29.3172
138.8778 29.3824
133.1484 31.0555
139.1062 33.9909
137.4428 30.5106
132.8140 29.4818
134.1103 26.4507
132.7308 27.0486
139.4478 28.1559
136.0274 28.9190
126.4497 24.0792
137.4100 30.6995
136.0378 31.3858
134.2074 28.8889
138.3265 30.8009
135.2889 23.7316
126.1731 23.2629
133.8601 28.6476
132.1090 28.7920
127.6690 25.6398
138.0734 31.0112
132.7855 31.2896
134.8885 30.1834
139.4273 28.2019
137.6661 29.2008
138.4651 30.8202
135.3213 32.6859
136.2275 29.7831
132.3034 28.0178
140.2079 28.2734
136.2374 28.7868
138.6793 30.2753
132.4073 27.7493
132.8169 32.4509
134.6845 30.0077
138.5905 29.3864
133.3103 28.2592
132.2192 28.2182
136.3078 31.2900
131.7768 26.9418
133.8035 32.8824
136.5655 30.2466
133.4280 27.2962
133.4423 24.3743
132.3704 25.6193
134.8310 31.1855
135.3507 23.6294
131.5535 26.8871
138.9442 32.5237
138.4443 30.3390
136.3151 29.7227
134.3972 25.0768
134.1369 32.4605
136.4507 30.8151
137.8011 30.1395
136.8820 30.8186
133.5545 28.6245
136.8409 29.0518
138.9953 28.9599
138.6120 29.3520
134.7643 30.8169
136.4942 33.5428
126.5466 27.5634
131.2071 27.8284
135.8416 32.3543
140.1954 28.1059
134.8562 33.1733
137.0075 28.8398
130.8482 28.9655
134.8920 33.0856
135.2130 29.6414
137.9326 30.9539
139.5947 28.2215
138.2625 30.6199
137.8849 30.2818
138.1183 28.3290
133.9150 31.8922
127.1825 25.2748
137.1811 32.9977
136.7198 33.9887
131.0443 29.3996
137.7269 29.6401
139.7028 28.7476
134.7064 31.5503
131.5569 26.6045
133.6145 26.7040
132.1186 26.9444
131.7304 27.1260
134.1536 26.4173
132.8225 25.2090
136.6597 29.8504
135.0988 29.4000
132.5153 26.9375
136.3096 30.2978
134.2851 22.0765
134.4637 24.3406
134.7563 30.7551
133.4620 26.3065
127.2716 24.4757
136.4615 29.4457
139.7137 28.3612
140.4052 28.0128
132.5710 27.9892
130.8939 27.4847
136.1857 30.7506
130.6648 27.9911
138.6098 34.3571
137.0197 30.8996
133.5823 31.7967
136.7488 28.7847
134.0881 24.9011
134.0330 33.0316
132.6862 29.2279
132.7418 28.9873
134.2086 28.7710
133.8685 25.8685
139.2432 28.1678
135.1911 28.8451
139.7578 28.1318
137.0760 28.8193
129.6733 26.5260
131.9337 29.3737
134.0419 28.3631
134.5584 32.1217
137.6237 29.1288
131.1144 27.5575
132.6594 29.6514
130.8620 25.9694
140.2665 28.4432
130.6519 27.5384
139.1241 28.0728
135.9524 30.2715
135.7990 30.2720
136.2176 30.4228
134.4645 30.6067
134.5295 29.4122
138.6981 29.0050
136.3691 29.9664
137.4747 29.4309
132.7713 25.5717
133.9333 28.5906
128.8170 26.6366
138.5869 30.4872
133.3967 32.7660
133.7236 24.9601
134.3270 28.8002
139.6536 28.3330
131.3897 26.8293
134.1100 24.8206
137.4773 31.0038
134.8915 25.3772
127.9269 25.5644
136.8370 33.2028
128.9027 28.8107
137.9953 28.3943
130.9602 27.2364
142.4103 35.7495
133.4809 24.0159
140.1124 28.4070
133.9999 25.9685
133.8692 24.5107
132.8197 26.8207
133.1966 25.1136
137.3766 34.1356
133.2247 29.6656
133.8331 25.8150
132.3953 25.3682
134.5706 30.2833
132.7892 27.6510
130.7478 25.7802
139.3588 28.2068
133.3598 32.7157
136.5753 33.6189
137.2920 33.6069
131.6277 27.6621
136.4005 30.5619
125.8897 25.6406
134.0280 29.1567
136.7351 29.6685
138.7491 30.4747
132.4764 27.8683
137.7043 30.3362
132.9321 27.5495
138.1779 30.9823
137.5738 30.4948
136.3471 30.4046
138.8873 29.2439
134.0656 24.1692
134.6481 30.3879
133.1883 28.2700
138.6674 30.5311
131.9110 28.5986
133.7173 25.7598
138.5012 27.4097
133.7350 26.3171
138.1939 30.9392
127.4051 22.7047
136.3130 30.6087
134.2678 25.6725
137.7801 31.1447
132.9376 29.2625
134.1541 33.0729
139.9199 28.1286
133.2783 27.5083
138.7148 30.2023
139.7404 28.7095
136.6265 29.6724
128.5211 28.7558
137.5193 30.7034
136.8113 29.5993
136.2235 29.2079
136.0880 30.2947
133.4902 27.8726
137.3876 29.2138
139.6798 28.1816
137.3054 31.0679
135.2804 28.7537
134.5414 24.5311
132.8169 31.7300
127.0703 24.3383
137.5995 30.7774
131.7666 29.3540
134.1648 25.1129
139.4406 28.4205
139.5201 27.1665
135.7829 29.5996
138.7074 33.4021
134.2981 25.2894
132.8594 27.5619
133.2573 26.9085
138.9012 28.3384
131.7187 26.5075
138.4283 30.8422
135.8744 29.2718
135.8228 29.4915
131.0493 29.3574
134.6837 30.3176
134.2645 25.2059
134.1005 25.6302
133.4560 27.1700
137.7204 29.2720
138.3600 28.8282
137.8854 30.9885
132.7696 30.8610
136.3206 29.6418
134.4462 30.4951
126.6498 24.5060
133.0820 24.4594
131.6629 30.6888
135.7974 32.3817
133.8002 28.0165
133.4936 27.7062
136.3685 29.8658
132.8089 32.2786
130.3508 26.7822
139.7616 28.8036
134.5647 30.5643
133.4454 31.0321
134.4818 32.8610
137.2982 30.5530
136.4047 30.2921
133.2469 27.4068
132.0749 29.6767
138.8275 30.4175
133.1871 29.1036
135.8693 25.0969
139.8832 28.7230
136.3763 29.6094
136.2552 30.0833
134.7405 30.5529
132.5344 25.7879
139.7834 28.5701
136.4649 29.7424
138.1295 30.8345
137.7575 31.1772
131.9919 27.0219
134.3308 30.4892
126.6472 23.7877
135.2276 28.0928
136.7884 29.7821
137.5285 30.0962
139.3360 29.3233
136.4000 33.8813
136.8565 29.4478
139.8068 28.6113
138.8834 27.2719
137.1028 32.7151
139.3130 28.6572
135.0167 32.9446
139.2137 34.6229
139.4272 27.1408
137.0735 32.4643
139.1852 33.5721
136.4919 30.1772
138.1243 31.2466
139.1997 29.8157
140.2367 28.2050
137.2792 30.6973
133.3475 28.3863
138.9547 29.8603
138.6976 34.3500
136.2329 32.2566
136.1638 33.6754
136.9162 32.7124
138.0967 34.3204
128.9304 29.1994
138.8706 29.9952
127.9769 27.1259
136.7610 31.0335
136.3308 33.1634
140.0918 28.1809
138.7609 27.1565
138.6299 30.8813
136.3276 30.3783
137.1938 32.9499
136.3942 28.8379
139.6312 28.4471
137.1271 29.4413
137.6885 30.9782
138.2137 34.2971
139.3411 28.6228
137.2533 29.8983
127.9434 27.9966
139.2095 28.8350
144.6509 36.5899
136.1915 29.8494
127.8762 28.2342
139.2677 28.4237
138.5324 28.1301
138.5521 29.6105
138.8008 30.2426
134.9313 28.8948
139.5577 28.0091
135.9409 30.6243
135.7958 30.5836
137.0004 32.9567
127.4944 27.9422
136.1661 29.2151
138.5546 28.8524
136.7383 30.4279
135.1685 24.6872
139.5875 33.3454
136.7621 34.0513
134.2298 29.2176
139.1624 27.8353
141.7827 34.1481
136.1053 30.3645
131.8037 30.9599
138.9056 27.3698
139.7127 34.6120
138.8724 28.3692
140.6432 35.3045
139.0592 28.9478
138.2512 31.6179
137.6149 31.1295
139.1495 28.3379
139.7928 28.2543
139.4093 28.4482
139.2207 29.7117
139.4922 28.0978
139.4587 27.7704
139.5306 29.1824
138.0339 30.5017
136.2362 33.3590
138.9520 28.3758
139.3582 27.1836
137.8308 30.9095
137.1861 32.6478
145.3148 38.4305
133.7202 26.6562
136.9008 28.8623
139.4472 28.5481
139.1106 33.8683
133.3660 28.2341
135.6936 30.8759
135.8529 30.2108
136.6128 30.0671
140.0302 27.5070
136.2746 33.0795
135.9089 29.5423
138.6418 28.1324
136.1509 33.2914
135.9469 29.2640
139.2589 27.8560
138.5369 28.3525
133.8422 30.8582
139.3536 34.2754
137.1634 34.2837
137.7505 30.9363
139.5519 33.2496
135.8460 29.4503
137.8311 30.6357
138.0546 34.3108
138.6976 34.3982
136.8598 29.0998
137.0405 34.2653
138.0581 30.7550
135.2310 32.6244
137.8304 34.3987
137.0910 29.5248
138.0441 34.3197
145.4816 37.5860
139.6825 28.4476
138.8877 28.0386
127.6689 27.5326
136.0542 33.4618
144.6643 38.7453
136.3823 30.1320
139.1266 27.4600
139.7006 28.5443
136.6613 33.5500
135.9899 29.1446
138.1249 34.3364
136.5826 33.9972
136.5008 29.9975
137.0534 29.8085
140.2649 33.6497
139.4865 29.0272
136.7417 32.7716
138.0817 30.1964
135.7641 30.2411
137.8929 30.1414
138.6178 30.3897
133.1177 29.6467
139.3531 34.2459
140.3592 33.3289
139.6966 28.7626
137.9337 34.3846
131.0208 27.4100
139.4892 28.3260
134.0325 30.7162
135.1523 28.0137
144.7411 34.9689
136.5374 30.4204
136.8244 29.0629
137.7428 30.5829
136.5939 33.1572
139.7308 28.3902
136.8089 28.4898
136.9442 32.9572
139.3832 34.3765
136.3215 33.7252
138.5497 29.4584
137.5952 34.4542
139.2285 28.0167
136.9334 34.1623
139.8140 28.2260
136.2195 28.9507
139.3104 32.6452
139.0351 29.4765
126.9957 26.6332
126.3162 26.0444
139.4765 28.6564
139.0605 29.1629
135.7482 29.9163
136.9298 34.1391
136.9122 28.6309
138.7498 33.1418
136.9689 30.9524
142.6405 37.1643
133.4727 31.4503
135.7816 30.2673
142.6643 37.1049
136.9922 30.2421
138.6161 34.4156
136.8303 29.9346
137.0112 33.1017
129.9094 28.1625
139.4681 28.5784
135.2363 28.6567
139.5494 28.0891
138.2517 34.3079
137.1465 30.2120
137.5002 34.4046
140.4831 33.5053
138.0993 34.3273
135.6926 30.1835
139.6645 28.2905
137.2927 28.6739
133.1468 28.1951
136.7267 33.6956
136.9924 32.6102
136.6482 32.6886
133.6551 31.6486
137.3274 32.5650
133.4589 26.9551
136.9633 29.8089
135.9787 25.4177
136.4606 33.2554
135.7933 23.5757
131.3590 29.1490
136.4190 28.6864
138.5534 30.1805
134.0123 26.0310
131.1581 29.1304
134.6234 27.4912
136.1054 29.5356
132.5442 28.3022
134.7785 32.8014
133.9681 28.2576
136.3192 31.1719
136.1492 30.5483
139.0015 28.2582
136.8366 33.8655
133.4466 31.6854
133.2482 27.9100
136.7716 28.8601
136.2052 28.4426
136.7278 32.6909
136.2366 30.0135
140.1202 28.4945
136.0875 29.1700
135.5198 32.1438
134.4698 24.9263
133.9227 30.5031
139.6323 28.6224
123.7017 30.2713
128.1484 25.7047
134.5631 24.5253
127.3669 26.7434
139.7134 28.3736
139.4070 28.5982
138.1220 33.9553
138.8380 29.9787
138.5228 27.7757
140.5325 28.2655
135.7196 24.1327
136.1847 33.2104
137.7317 29.2274
133.1172 28.0210
134.2427 28.2400
138.8629 28.3832
135.6717 28.7158
134.0987 32.0397
139.6054 28.7481
136.5366 33.7382
139.6505 28.0471
135.3525 30.6024
132.2549 28.5763
139.7130 34.5919
138.8706 27.1063
140.3133 33.8633
135.2934 28.3199
137.7647 33.6746
136.3948 27.9018
137.5638 29.0423
134.8865 24.7813
133.9547 25.6622
136.8625 29.3933
134.4311 25.7387
139.5533 28.6085
135.1907 24.4080
137.0706 28.8989
135.7057 28.1734
135.9052 30.3143
137.0958 29.9352
135.6352 28.3835
138.9325 27.1478
132.3307 28.3845
140.6153 27.8832
127.4425 28.8932
132.2503 28.3722
134.8684 24.4423
136.2759 33.8382
139.2957 28.7113
134.2080 32.8710
137.2899 28.7231
137.4535 29.3141
134.2235 24.4132
137.7262 30.6446
134.0970 28.3055
138.1547 30.9042
127.3909 26.7868
134.5356 28.7685
136.7904 28.2651
139.7713 28.3710
133.0507 28.5092
129.1364 25.1342
135.8943 29.9847
138.8822 34.3924
136.4203 30.5782
135.1491 23.0904
138.1239 27.3377
138.8718 27.9254
138.6694 33.0403
135.0571 28.5406
133.9492 25.7512
136.4187 30.4878
134.3779 28.2093
141.6398 33.8868
133.7966 32.9072
134.3987 28.7886
134.0181 25.4353
139.3327 34.3049
133.7854 28.3461
138.4258 30.8285
135.9238 29.9820
139.1729 28.2640
136.9083 30.7737
134.3415 24.9723
139.5024 28.5848
131.7254 25.6204
138.6962 30.4978
131.9315 25.9453
137.6598 30.3140
133.0367 28.2750
137.0204 32.5377
137.0192 29.0842
136.1138 30.0909
137.5382 30.3092
136.5568 30.6627
132.9607 29.7459
137.0061 33.1029
136.8281 31.0131
138.4895 34.1460
136.4946 33.4876
135.6719 23.7702
138.3062 29.2301
139.2610 28.4957
131.7989 27.2645
134.6327 25.2477
133.4434 27.2349
140.2380 28.2225
132.5272 31.5212
140.5725 28.0370
126.1480 25.9674
134.2268 31.3893
133.7086 24.3801
132.4945 28.1239
131.6751 30.8545
139.4806 28.4115
134.3948 25.3940
139.1401 33.9787
139.6147 28.7236
136.5819 30.8987
136.9593 33.9780
139.7798 28.1786
127.8124 28.1626
136.8634 33.0867
135.8486 29.2038
133.0549 28.0490
137.0009 30.7212
136.4910 30.7456
136.2974 29.4521
130.3085 25.7015
133.4602 26.5138
138.8721 29.2746
136.5024 30.0929
133.8890 30.6694
134.7410 30.3343
139.2376 28.7116
136.5587 30.6005
136.0203 28.8460
138.4597 33.0097
135.3181 29.8374
136.0730 30.1587
129.3841 25.0165
133.8527 28.5649
128.2747 27.9260
136.5154 28.9522
134.1424 28.8347
132.6868 31.4607
139.0319 29.3464
138.0375 30.5701
132.4390 25.9260
132.9477 24.9137
136.4566 33.6355
138.3733 29.8070
136.0971 29.5369
133.0401 26.7585
137.7629 30.6839
141.1348 35.2072
138.9911 34.5062
133.4765 32.9619
133.8376 26.0917
140.0031 28.2374
132.3239 28.2267
133.6076 32.7958
133.7353 24.4604
140.3811 28.1535
135.7726 30.3234
136.2583 28.8579
139.6040 28.3688
138.6941 28.0845
132.6046 28.2420
138.0484 34.0598
133.3106 28.9347
140.2315 34.7213
126.7870 25.1707
136.6539 30.8141
136.4843 28.7107
137.3040 32.8031
137.2529 32.3611
131.6163 27.1285
132.6660 28.7672
133.0347 24.9192
133.4202 25.9544
136.3236 30.5096
139.0715 28.9990
130.4727 28.8236
137.3790 31.0182
136.9887 30.6537
138.5176 29.5284
136.7379 30.7553
133.4726 32.2039
137.1332 30.6973
137.7446 30.2381
133.3258 26.6944
139.8058 28.6071
139.9354 28.5550
133.5783 24.5316
138.7652 29.8282
137.3736 29.1845
135.2192 32.4146
137.9959 30.8967
136.1593 31.1408
133.5782 24.3659
133.1011 31.1132
134.1360 30.5175
137.2888 29.3654
135.9581 30.3368
137.2470 31.0658
136.4552 30.6254
137.4475 30.9199
133.0407 24.5371
134.1912 28.7277
133.1451 24.4352
138.6350 30.4064
134.3362 32.8418
130.5631 27.8556
136.2383 30.1160
133.2964 24.6474
132.1457 29.3769
138.7613 32.8993
131.9280 27.1817
136.6197 30.6432
138.9176 29.1508
132.8020 28.7563
132.6097 27.6893
134.0559 31.8447
139.6563 27.3154
137.9927 30.9439
132.8628 26.8188
137.9630 30.5094
133.9531 28.5002
125.8893 25.3141
136.5828 29.9347
137.3481 30.9546
136.8003 28.7481
139.3849 29.5524
132.7846 26.7857
137.1615 29.2334
138.1065 29.3439
136.5646 30.8922
134.8804 25.9980
139.1881 28.6018
132.8466 26.0118
139.4769 28.0800
132.3326 30.9643
137.4339 32.5061
136.3522 30.6422
136.5467 30.0302
140.3440 27.8699
136.6384 30.7316
127.8014 25.5694
138.5028 30.7869
137.7746 30.3492
139.1349 34.2629
139.2646 28.3949
135.0915 24.2096
138.5627 30.5943
138.4450 28.3278
136.5509 30.8069
132.3287 27.0180
134.3606 32.8525
136.3594 30.7504
136.4958 28.8759
136.1757 30.0553
134.7314 27.9781
133.9513 32.9038
137.7518 30.1255
127.8367 27.5843
131.7911 26.5094
140.4656 27.8394
139.1203 33.9348
138.5914 27.4620
125.9483 23.6849
125.8774 23.4254
138.4805 27.2728
131.0599 30.2481
128.9629 28.6522
134.8933 24.0789
132.5784 27.6980
131.5391 25.8498
137.8723 31.0385
134.5252 31.4177
139.4957 28.3448
135.6385 32.2924
139.3254 28.2727
134.9689 24.2549
133.2523 32.5881
136.9833 34.0809
139.4715 28.4579
137.5318 30.5590
135.0636 24.2479
137.7733 30.0714
134.3868 30.6175
138.5975 33.0336
129.0247 28.4187
132.3891 27.0726
134.7611 25.0994
135.4352 32.2133
138.8670 30.4277
133.4557 27.3474
139.0563 28.2619
133.3433 27.2890
137.0386 32.8883
138.9429 34.4996
133.1529 27.7954
133.3755 26.8811
137.0111 33.1142
139.1953 28.2195
131.9191 28.2734
131.9913 26.9575
132.2006 28.2537
134.0260 28.1546
138.7444 33.0306
126.6559 26.5674
134.1096 27.9357
133.7227 30.8645
131.0956 27.8241
133.2579 27.6146
139.6514 28.9366
134.2945 25.5897
129.1100 25.3662
134.0007 30.7093
134.5015 24.5032
138.9451 28.3555
134.5807 32.8524
137.9700 30.7527
136.5285 33.8604
138.2601 33.0679
137.7550 31.2184
126.9677 26.4028
134.1614 32.8555
139.3543 34.1897
127.9297 28.0988
138.5234 33.0114
136.4959 28.6886
133.4796 28.0690
136.8967 32.9726
139.9168 28.4073
134.9784 28.4767
130.4265 28.8430
133.1629 27.6405
135.8452 29.4682
135.9818 29.6630
130.9683 29.2234
134.1273 31.9028
135.5409 28.5352
132.2680 31.6106
127.1125 27.3216
134.1404 30.4223
133.5629 27.0031
135.8981 28.9411
132.4788 27.8334
136.9815 33.1445
140.2754 28.3315
133.8611 27.6953
138.4530 29.8203
133.6734 31.7568
132.6121 31.3663
136.2753 30.0794
139.1706 27.9179
139.1047 27.2387
139.0578 28.0628
138.2442 34.0518
137.2586 29.0507
133.6682 27.4845
136.5127 28.0442
134.3223 32.8222
137.1222 29.5444
132.5490 27.3847
136.1508 31.8792
138.2789 30.8787
133.9583 25.9741
136.3737 29.3829
139.8918 28.3588
136.5547 33.5972
135.1199 29.5554
138.4368 27.2549
138.0900 30.0689
139.2641 33.7048
137.3400 30.7716
136.3450 30.5933
137.7632 30.6731
133.4440 31.6953
133.7197 26.8269
136.4356 29.5722
134.1844 27.9698
134.8220 28.6678
136.5676 33.7851
138.1584 30.4824
134.4718 30.5716
134.8449 32.7295
131.2014 27.0057
127.9566 25.3808
139.1165 27.3444
131.4019 30.8608
136.9627 32.8960
135.3416 28.5074
139.4128 28.4112
137.2361 33.2230
139.2336 28.5300
138.6773 31.3034
136.1324 29.3530
142.2380 35.9227
136.7974 30.3577
136.7437 28.7353
136.9296 29.3970
139.3610 28.4474
137.0819 30.9184
136.3727 29.2888
137.4588 34.4833
137.4003 29.9454
136.4774 33.0090
137.8452 32.5858
136.1125 29.9916
137.3203 30.2915
138.9004 30.7635
140.4606 34.2110
135.4832 30.8648
141.0252 34.2351
137.0028 30.3426
136.2526 33.1925
136.8144 29.4777
137.7832 30.0975
138.5637 30.5524
137.5206 30.7978
139.3003 33.0836
137.3827 29.7813
138.8711 30.0602
136.1058 33.3407
136.4506 29.2039
139.3312 34.5855
136.9678 29.6710
139.3040 28.6791
141.4678 35.7997
136.9595 33.2683
139.1165 28.5462
136.2321 29.3871
136.8788 29.5669
136.4056 29.1411
137.0737 32.7718
139.4720 28.1950
136.5984 30.7756
139.3354 28.7698
137.3718 29.5828
137.4099 30.8683
136.9864 32.9053
136.1513 28.9341
136.5254 29.6233
138.3964 30.6699
136.5149 33.4333
137.1690 30.2819
139.5950 28.6901
137.0500 29.9768
145.5865 34.3452
139.9523 28.4932
137.2807 29.4866
143.7523 35.6728
139.2983 28.4369
137.0542 33.3259
137.2321 29.8406
136.0905 29.5291
136.1518 30.6877
137.5166 30.9054
139.0503 29.5067
139.4454 28.6593
137.2380 29.1669
139.0217 29.5652
136.3088 33.3344
136.4450 30.4269
136.4072 30.8526
136.1339 29.8296
136.8540 33.3686
139.6083 28.8232
137.1976 32.9354
139.8193 33.8648
137.0339 29.6794
136.8901 31.1194
138.8892 30.4222
137.2233 33.1166
145.2683 37.2847
136.2662 29.9625
138.6520 28.9550
137.5954 31.5165
143.5271 38.0047
136.8017 33.4993
136.8043 29.4591
137.1837 29.6232
137.3691 34.4230
137.0784 33.3440
137.4511 29.0719
136.1155 29.8270
136.7380 28.9861
139.6679 28.2860
136.6168 33.4760
151.7070 35.8456
136.8166 28.9467
136.0994 30.8341
136.3596 30.6767
139.3658 28.1527
136.9596 28.9283
141.0881 35.0378
137.0909 33.2066
136.9514 30.3202
145.1747 35.9791
137.4738 29.8260
138.7362 31.0458
136.2361 29.7604
136.3931 29.9583
139.2932 28.5614
137.2754 30.4965
137.0503 29.5653
136.6862 30.8178
139.0285 28.6064
136.2237 33.7160
137.1325 30.5956
139.2558 27.9977
136.4670 28.7113
137.0335 33.1144
137.7222 29.7505
143.8469 35.5863
139.6180 28.6078
136.3017 29.4556
136.6930 29.7547
138.8568 29.3812
143.6244 35.5937
139.1301 28.6969
136.3533 30.8787
146.5847 38.0869
139.0617 29.1109
137.4126 29.2929
137.0569 29.5021
138.9681 30.0367
137.5983 33.2160
136.2320 29.7109
136.7348 33.3754
136.8663 33.5464
136.4238 33.2614
139.3795 28.7150
139.6957 28.5363
138.4138 31.3399
136.6623 33.1158
136.5203 32.9569
137.4098 29.4308
137.1719 30.7333
139.3874 28.2608
136.2920 29.3321
137.6052 31.3811
137.2030 30.9378
139.3332 28.4853
136.8090 30.4174
136.6758 28.9921
137.0283 32.7536
137.0743 29.8207
136.9857 28.6622
137.7437 30.6631
139.4692 28.4790
136.3885 30.0492
145.3111 37.3100
137.9238 34.4244
139.6494 28.5957
137.0293 33.3727
136.7556 33.4289
137.0741 33.0741
143.6025 35.4110
137.3041 29.2437
138.9854 30.5096
139.2380 28.3700
140.2914 34.1514
142.8108 36.7876
135.9680 30.6529
139.5136 28.4324
137.3908 29.1023
136.7102 29.0195
141.4816 34.9265
138.8319 32.3337
137.4786 30.8399
140.2687 34.2770
137.2319 30.9938
136.2698 29.5805
136.3637 33.1344
136.7959 29.9333
141.0450 33.7931
137.5431 29.7221
137.2958 29.6510
136.2614 33.4216
136.7533 29.0432
136.5842 29.8950
141.2948 34.9811
138.5374 31.2897
136.3530 29.9871
137.4798 30.4318
136.6762 31.0638
137.1447 33.2648
137.1998 30.4808
138.4888 30.3938
136.9841 29.5971
141.1372 34.7132
136.4601 33.4629
137.1001 34.3102
136.9883 32.8911
136.3352 30.7048
136.5229 31.0060
139.4861 28.6637
135.8733 30.7962
139.6501 28.6933
137.2168 30.7501
136.8264 30.2282
136.8399 28.9767
137.2488 32.7304
136.9880 30.5742
137.2595 29.7505
137.7301 30.4556
137.3733 34.3929
136.4715 29.2012
137.6590 29.3969
136.2536 33.4075
137.7148 31.3532
137.1243 30.7605
137.0162 30.0441
137.0487 30.1596
139.6729 28.7569
136.0741 30.1934
136.1036 29.5559
137.2657 29.3744
136.0865 33.5270
137.0289 29.0584
137.4001 29.0798
136.2443 29.0725
136.1881 33.6612
136.6183 30.7500
139.0906 28.1207
137.2939 29.2074
137.3540 30.4597
137.2705 30.6877
136.0729 29.5363
138.3077 31.3081
136.3270 29.3408
136.7057 30.5963
137.4066 34.3885
139.2948 28.6006
136.3306 30.5830
142.4900 37.0904
136.5528 29.0747
139.0167 29.0516
137.1422 33.2812
136.4739 33.0274
136.6237 28.9014
146.3432 37.3598
136.7170 29.9724
136.8453 29.0301
136.3345 30.4274
138.9435 29.9947
139.3878 28.3330
137.1074 29.0952
144.7716 36.3405
137.4592 30.8268
137.7502 30.4704
139.1381 28.7233
136.1518 29.4517
135.6189 30.8085
137.2531 29.0493
138.6270 28.2994
136.3461 33.1205
136.8041 33.4122
135.8141 30.3598
137.2462 29.2162
136.4477 30.1718
135.6272 29.9745
136.4905 29.6767
137.7374 29.9589
137.2390 30.6528
137.4632 30.0800
139.3296 28.5631
136.8242 33.4604
139.0894 28.7233
136.8786 30.1937
136.2950 29.3274
136.9843 33.3534
138.8994 30.7742
136.7869 30.5381
139.3802 29.3104
137.4088 29.4707
138.8887 30.4921
136.4126 29.1037
137.2682 30.5811
136.3815 30.5260
136.5704 30.7085
137.1538 28.8131
137.0949 30.9185
136.7551 30.1157
138.9941 28.0875
137.1115 29.4636
137.4515 30.2606
137.5611 29.2907
137.4675 30.5071
139.2162 28.5132
137.2931 30.0153
136.0685 29.3555
138.6801 28.3801
135.7803 28.9596
139.3745 28.4483
130.2123 28.2705
132.5713 27.6509
140.4543 34.0970
138.2460 30.5142
132.4477 25.2585
140.7466 34.5338
133.0926 30.2848
139.3712 29.4553
148.5082 34.9110
135.0161 28.4187
133.8670 30.1066
139.0003 27.8508
128.0906 29.0239
138.8632 32.7649
133.9269 31.3167
131.6210 28.1199
136.7670 29.8677
145.1177 38.0148
138.6036 30.0542
132.1469 31.7424
132.9082 30.0075
134.2895 28.8668
133.1500 27.7125
126.9206 22.6101
131.5830 28.0923
131.2654 28.3704
134.6474 32.7392
144.6600 36.7090
134.3110 25.1084
135.2097 24.5696
135.7863 26.0163
136.8248 32.8834
138.1548 31.1430
132.0531 28.9130
136.3555 30.5277
138.4632 30.7869
136.7347 30.8797
138.3329 27.9913
141.6995 35.6604
135.9903 29.5103
134.5312 26.2660
138.7692 33.4036
134.1807 24.9296
138.9836 28.9977
134.3042 31.7972
137.2373 28.7696
139.4154 29.9060
121.0972 27.0808
137.4470 29.0941
135.0702 24.2746
135.3685 22.9947
127.1265 27.6213
135.6000 23.1716
140.0002 28.2636
139.0547 27.7339
139.6267 30.4477
137.1707 31.9072
135.9762 30.1694
136.7406 29.0602
137.0976 32.7859
131.4295 28.4802
138.8779 30.2838
138.6481 27.9717
125.5956 24.5201
138.4676 30.9427
131.7392 29.1422
134.3660 25.1812
144.1894 35.7462
136.6182 32.8154
134.6030 33.2053
137.8123 32.2620
138.3480 27.1636
132.8042 28.6861
138.6401 31.8610
134.8079 23.7582
135.8644 30.3031
138.6004 30.4776
132.7675 26.1146
141.5583 34.4567
128.6301 27.9838
136.8424 30.9219
134.0368 24.9257
137.2989 30.6664
136.2884 29.7884
133.9062 32.3940
133.9313 24.1876
133.7461 31.7603
136.4008 33.4082
142.9150 36.8751
134.2997 30.4925
126.4632 29.4758
132.1795 31.7625
133.5482 31.1308
136.3156 29.9045
137.8680 30.4296
140.0332 28.5157
139.2168 27.5771
135.7080 32.1626
131.7736 26.6587
134.4349 24.4982
135.1470 29.3537
139.1427 28.6674
134.5073 30.6116
136.6541 33.8748
139.6302 34.0529
133.7177 27.9981
136.1626 28.9629
132.8077 27.3817
132.2645 31.5688
137.5080 32.5043
136.8676 30.6074
137.3271 30.8030
136.1090 30.6094
133.8756 30.8055
131.3546 27.1296
139.1082 34.4939
133.4604 28.1304
133.1273 27.2971
136.4845 29.9677
140.3426 28.4013
134.4141 31.7086
137.7292 32.8410
133.4605 28.1725
132.0189 26.8366
137.7224 31.0994
133.6619 26.9321
132.0577 28.0257
134.0410 30.5258
139.4067 28.0004
139.4526 28.1284
134.4556 33.0219
139.8075 28.4568
136.7383 30.9346
135.8709 32.3339
133.3989 28.5361
132.1375 28.3636
136.0774 29.6418
133.9026 31.0372
131.9008 30.6005
132.7136 27.6412
139.3107 28.1068
140.0421 28.3459
134.5374 24.5436
132.4072 31.5267
136.2161 30.5201
137.2829 31.0664
137.3214 29.4591
138.5150 27.0265
134.3161 24.7567
139.8690 28.6557
134.3551 24.8987
134.4497 24.4189
136.0099 30.6869
133.2066 28.2647
134.9419 32.6634
132.3537 27.9118
134.2933 25.1577
132.1793 28.0055
132.8186 27.7984
137.5924 29.5995
135.8614 30.4923
137.6154 29.4015
136.5682 30.7992
133.9943 24.8525
133.2082 26.7421
135.6948 29.3746
139.6139 34.1757
133.9389 30.7245
136.8168 29.4875
133.6991 28.0325
134.6093 24.3149
143.2298 35.2646
134.3344 25.5949
133.7975 25.8381
132.7376 28.1579
133.2256 27.6291
133.7094 26.0493
138.7497 30.3015
140.5144 27.8964
132.4741 25.3860
138.4632 28.3982
134.8331 30.6898
133.1413 27.4931
137.0193 33.0861
137.7347 29.6745
136.3319 33.4410
135.5473 24.4968
133.2534 29.3910
139.2538 28.7380
139.1665 28.6412
139.3556 27.8505
135.8342 30.5691
133.9224 30.7561
139.6996 28.2190
136.5652 30.9081
136.2892 29.0828
136.5524 30.2824
135.1873 24.3969
131.5389 29.1775
127.0347 26.7035
133.9156 28.8419
139.7712 28.6336
143.0249 35.1921
138.4734 28.6720
133.9756 25.6452
138.8014 27.0839
133.3085 24.2304
139.0314 28.6042
139.8115 28.6272
134.0632 25.2166
139.3177 29.5064
139.4173 29.3306
133.2580 28.6687
141.3037 34.6758
133.8735 28.3547
133.7549 25.7333
132.8453 29.0502
139.4598 29.3211
135.3856 24.4363
135.8285 30.0544
133.3221 28.7476
134.6063 28.0487
134.6136 30.5651
133.6634 28.1831
138.7785 33.7232
135.8767 29.5800
136.1968 33.6296
137.3900 28.6057
138.4079 29.7434
139.7369 27.3735
133.0687 28.4136
134.4259 33.0847
139.4393 28.6002
138.3544 31.1633
135.8198 29.7240
136.6602 29.6478
132.4537 31.5135
139.6621 28.1075
132.7725 27.5996
136.0577 30.0467
131.0106 29.4239
138.9675 29.2646
136.9917 29.9899
127.9566 25.5666
137.8156 29.7409
134.8572 25.3453
139.1462 34.4133
140.1854 27.5197
139.3944 29.9212
138.1726 32.3994
127.9488 26.1243
138.9468 26.5574
133.8454 24.6085
137.7892 31.2038
136.2693 28.8333
133.8445 28.5197
133.8186 29.9788
133.4774 25.2831
134.3739 28.2084
139.4280 30.3173
137.5897 32.0556
138.6680 27.8862
138.3994 30.3473
140.3777 28.2695
138.1055 31.3348
135.2706 24.6129
134.2483 25.2296
137.5376 29.2777
128.2319 28.1257
133.8756 29.8621
138.5210 28.1733
127.6926 25.4085
132.2635 29.6067
126.6094 24.2740
137.5383 31.3048
137.7732 29.7784
127.7531 28.3085
137.6478 34.4457
133.8846 25.8582
139.0702 34.5123
136.9270 30.9339
138.6554 27.9181
136.0504 29.0470
139.7625 28.6660
136.7382 30.5802
136.5627 29.9697
139.5526 28.6899
139.7067 28.7127
138.9597 29.7855
138.2288 33.2975
144.4144 35.9605
139.4523 28.1647
136.5538 32.9176
136.9917 29.9557
143.5824 35.5717
140.3084 33.5096
139.0186 29.8613
139.0944 28.0478
136.9014 30.0015
136.2221 33.4630
145.9299 37.8970
139.0551 28.0313
136.6093 33.5283
138.9742 30.1192
139.2640 34.5053
140.5507 33.5895
136.5229 30.8841
137.7699 32.0851
136.8722 33.0340
139.0352 28.8606
139.7910 34.1854
137.6595 34.4140
143.0150 35.7353
136.6140 33.0266
126.7494 26.9912
138.6236 34.3968
136.5198 33.0071
137.5762 29.4603
137.0571 32.9295
135.9565 29.9970
138.0642 34.3091
136.9993 30.8605
140.4897 33.5341
139.7262 28.6116
137.0173 32.6105
137.2479 34.2901
138.0306 34.3699
139.7228 33.9611
137.7157 30.7729
137.0729 32.7261
136.7909 33.0795
137.5424 34.4424
138.0108 34.3692
135.5360 30.0232
137.0688 32.6442
138.5987 34.3354
135.7369 29.9158
136.5891 29.1965
135.9318 30.5456
136.1461 33.2762
138.9329 29.5464
136.9100 32.6448
136.3449 33.0634
141.6119 34.9181
138.7261 30.9952
137.0480 33.2949
137.4955 30.6875
138.7843 30.6389
136.7251 30.9489
136.4840 32.9879
139.3506 27.5907
140.6795 33.5933
136.3448 30.5588
136.1790 33.3552
133.4174 28.5530
137.1225 33.2854
136.8447 33.1901
136.7397 28.2028
136.9389 32.6409
143.8080 35.7566
140.5275 33.6211
136.5537 30.3914
138.8682 30.5811
136.2851 33.7114
140.3259 33.5304
139.3286 28.5763
138.5919 28.6750
140.5137 33.4742
136.3256 30.2838
136.3566 33.1742
137.0689 28.3792
136.4173 30.2718
136.3232 29.7274
136.2651 29.6463
138.7404 28.9513
139.5059 28.7834
137.7339 30.3344
136.1758 29.5636
133.5474 28.1621
136.8430 30.2056
139.4453 28.4644
137.5170 34.4076
138.9507 30.1509
141.6398 34.2998
139.8795 28.2561
125.6202 21.9130
128.4128 25.5228
137.0520 33.1361
129.0703 25.8961
132.4191 27.1548
130.6404 28.7922
126.2574 24.5890
134.0573 29.4207
139.3174 28.2322
136.5555 29.1520
130.0072 26.1593
136.3258 29.5042
139.4441 28.6844
135.7549 29.9596
132.0626 27.4078
143.7155 37.2326
133.0549 26.8841
133.8067 26.7198
138.4669 34.1230
127.8447 25.4105
138.4677 30.8996
133.4192 31.0390
137.4083 30.6017
133.8540 30.8133
138.8703 29.4857
137.1077 33.9385
136.2059 30.5710
135.6193 30.3424
134.3010 24.6075
134.2197 30.6297
140.0750 28.2198
133.1145 31.2837
134.8019 26.1534
137.3332 30.8609
136.2180 22.5670
133.8550 31.4627
126.2095 26.7771
135.0923 32.8385
139.0579 33.1654
134.4081 30.7295
140.8972 34.5281
138.5784 30.4287
129.8611 26.1752
138.8007 33.4699
139.8227 28.1973
136.2941 29.8621
131.2598 26.8695
133.9548 25.7947
136.8911 33.8789
139.1565 28.3338
134.4203 24.9777
137.5688 29.6806
136.2355 29.6634
143.0874 35.6690
134.7654 25.1408
133.4045 27.5729
128.5268 25.3436
136.5446 28.7463
131.4527 26.4313
137.5037 29.4748
139.4240 28.3161
132.8827 29.0376
137.7851 30.5109
138.0883 33.7488
137.0657 29.4632
133.7139 30.8749
136.3019 28.8210
133.5585 25.6999
131.0449 29.4590
135.6714 29.7214
136.0483 28.9670
139.7045 34.7439
135.7595 29.9319
139.3438 29.9924
137.6254 30.0929
137.7521 29.3492
138.4509 30.8503
133.0708 27.3025
137.1644 29.4933
139.3006 33.2690
137.8036 34.4918
145.1439 35.8369
137.6148 29.8608
137.6090 29.8159
131.4132 27.9401
135.5078 24.5889
134.6360 29.5129
135.8643 30.0607
133.4783 24.7438
129.9131 25.9734
138.4864 33.9938
136.3590 29.1307
137.4811 30.4958
133.6826 25.8804
136.9525 29.3845
126.6146 24.7187
132.9290 26.7448
132.5979 31.3581
133.4698 29.6336
127.3477 25.4735
136.1911 30.5933
137.0299 29.7757
137.1201 30.1835
137.1553 30.9188
139.0075 29.5147
137.5330 30.4500
135.4244 30.4819
136.0683 28.8993
139.4100 28.0439
137.1711 29.6355
135.6469 29.9690
136.1556 29.2145
137.0759 29.9107
136.5223 30.0865
139.1913 28.4006
137.4102 30.8573
136.1009 30.7252
138.5849 31.0556
137.1682 30.2320
137.6305 29.2793
139.5468 28.3131
139.2386 34.7129
139.3482 34.5652
139.8057 28.5450
139.5164 28.7036
136.3975 29.7316
137.8228 30.5202
136.5539 29.5630
138.2080 31.3419
140.4284 32.8187
137.0177 30.0674
136.8807 33.2435
139.2828 28.4571
137.2527 30.0744
139.0207 29.3807
137.0508 29.0648
135.9214 29.9588
136.7240 29.8355
136.4872 33.1945
136.7109 33.6565
136.1992 29.2233
136.9207 29.5486
137.8326 30.2454
137.7703 31.0736
137.3787 30.5973
136.3798 28.9514
137.0956 29.8924
136.1319 30.5123
136.9851 30.0683
136.1839 33.3655
136.2364 30.6084
136.5497 29.5384
136.8369 33.2305
137.5307 29.6078
136.0204 29.4819
139.3059 28.7482
137.0654 32.7358
135.8243 29.9384
135.9012 30.1747
136.7837 33.1026
135.9552 29.5819
136.6597 30.5559
136.2764 29.1755
138.7300 30.8883
139.0174 29.4952
135.9217 29.9745
137.0919 30.1970
139.3010 28.5357
135.4872 30.0959
136.9303 34.1201
136.9276 30.3449
135.9867 29.9721
136.6322 30.8235
136.8602 29.3791
136.9069 29.9885
137.4096 33.2349
136.4105 28.6494
139.3234 28.7488
139.4768 28.2664
135.7577 30.5040
136.6570 30.6590
137.2127 29.7789
138.6799 34.3090
137.0494 29.4515
137.0916 29.0821
136.2709 29.1328
136.5471 32.9263
138.8633 30.5258
136.8119 33.2277
136.0379 29.6826
136.8798 29.3859
137.2588 29.1285
137.6411 29.1791
137.6102 30.9631
135.7603 29.4934
137.8636 30.4148
138.4387 31.2321
136.0836 28.8998
136.9049 33.0635
137.6281 30.0850
144.9856 38.5768
137.7969 30.2141
137.1805 28.6867
137.1182 30.2883
138.8699 28.3640
139.2999 28.4612
145.5998 37.3616
136.7461 30.8601
136.6648 32.8273
138.8552 34.3769
136.6181 30.6726
141.2210 33.7848
136.6549 29.4520
136.9979 29.5734
136.5978 28.6375
138.7204 31.8144
136.0549 29.7384
136.4117 30.1142
143.4610 35.3905
135.9034 29.7877
136.3089 29.0337
137.4498 30.8696
135.6704 30.0705
136.4161 33.4958
138.8685 28.5510
128.3484 28.4783
137.2007 29.3450
136.0742 28.9761
137.3049 30.9152
137.0527 31.2411
133.9858 25.5949
134.6848 32.7446
140.3832 30.7148
135.3075 25.8357
131.3246 28.2993
134.1109 28.9062
138.0717 31.0076
137.3460 30.1717
139.4045 33.8484
134.7035 26.0463
130.3452 26.3961
136.1422 29.2055
136.1311 31.1159
133.0863 32.4185
141.7076 35.1240
134.1255 26.3610
129.5362 25.3701
134.6494 25.0748
133.6219 26.1870
132.8166 24.5920
138.6801 32.8951
135.7330 26.9126
133.9515 26.3744
128.2159 28.8482
137.3248 32.5177
124.0791 27.2390
132.0237 26.6535
124.9841 28.0803
130.7701 23.5205
137.9412 30.6065
130.1044 25.4975
138.7034 29.1593
133.3483 31.5789
134.3931 26.8199
131.8752 31.3987
137.3296 29.0805
133.9896 26.8905
135.3671 25.7792
138.0097 30.8329
139.1677 28.5608
131.7159 29.2992
136.9230 29.6457
135.1453 28.9764
138.3255 32.7357
134.1241 29.1642
133.6980 28.0329
140.0251 28.1560
133.8717 23.6628
132.8979 26.5643
133.5900 29.0598
135.4760 29.4822
126.2548 23.8723
127.8153 28.9424
133.8280 28.0449
132.5459 32.1603
139.4826 30.1035
125.7542 20.9441
129.7124 30.1328
134.4076 28.1233
133.4940 31.9350
134.0622 31.6245
136.6707 31.0922
136.9528 32.6434
135.2312 28.0022
133.8487 32.9516
139.8884 33.7899
137.7092 30.0391
131.9113 27.9380
132.8567 27.5527
132.8790 28.1060
133.6589 26.9929
137.0554 30.8332
133.6160 31.9462
133.3693 28.2929
132.1583 22.1168
123.1036 19.4613
125.3840 23.0093
132.5347 22.6063
127.9130 25.7292
132.8588 26.9530
131.8869 27.9418
136.1237 28.0670
136.8684 28.0674
133.0300 25.7584
132.3223 22.4983
132.9489 25.9659
125.6446 24.5099
134.2553 27.6125
130.2584 24.0646
132.6417 25.0813
124.5216 23.6105
135.6946 25.7809
131.6978 24.5546
129.8884 22.8324
132.9052 27.6518
131.6939 26.3147
136.3490 29.4914
129.4033 23.8097
135.2932 23.7297
134.7484 22.6995
126.5408 20.1216
130.4111 25.1198
133.2155 22.1567
122.1808 20.8224
135.7107 25.9088
133.6535 25.0859
132.0272 21.9520
132.9148 24.3585
135.6063 23.0110
129.8535 24.4017
138.1826 28.7987
137.3640 29.6902
136.8269 28.9455
132.8775 31.4349
125.7816 22.2713
123.3473 20.8928
131.6518 28.8930
134.3802 25.0134
132.1047 25.1061
132.8794 22.7950
131.9064 21.5803
128.2176 23.2050
126.6687 23.4714
132.2985 20.7622
131.9397 21.0083
134.4063 27.6211
132.8105 21.8125
134.8150 25.9959
134.0821 23.1690
130.3529 23.1743
134.2959 24.7433
132.7098 31.3558
137.1066 28.6456
135.2907 25.6995
135.1972 32.9419
134.1426 28.1564
137.7142 29.2716
132.2317 27.0379
134.1530 30.3614
133.5749 28.3001
137.7551 32.2228
139.2921 34.4531
136.8382 30.6505
139.3615 33.6211
135.4583 29.6282
134.6557 25.1803
138.3819 34.3521
126.5706 23.8390
132.9817 27.0633
134.0945 28.3070
138.8887 29.5606
134.2466 25.9602
140.4633 28.0213
135.8554 24.7028
138.5091 29.7740
135.0011 24.8000
139.2405 34.5257
128.7076 28.4371
131.9076 31.6561
137.2374 29.0507
136.6471 30.8991
127.0478 26.7231
132.7805 32.0422
139.4189 28.2843
130.6565 30.1463
138.5022 34.2309
134.0062 31.7251
140.2097 28.6985
137.1222 30.1097
131.9384 29.5278
139.1631 33.9515
135.1513 24.6189
134.3814 30.9307
136.8250 30.8309
136.8889 29.4685
133.7383 27.6089
138.7626 29.7913
136.2584 30.2115
134.7713 24.7982
136.1870 28.0223
134.4447 30.9696
131.8082 28.8986
138.9477 26.6978
139.3335 28.2315
138.7623 33.2013
134.8816 26.1978
130.6133 29.1009
133.9688 31.0691
139.5112 29.1286
138.8413 28.4125
135.4766 32.6333
136.1546 30.5976
139.3152 29.1569
137.4288 33.3211
139.6679 28.5973
134.2815 28.0227
136.3990 29.4637
136.3755 30.1966
139.4890 28.6853
136.7473 29.7920
138.3902 33.2668
133.5143 31.0760
136.1597 29.3910
134.0482 25.7644
135.6133 23.7731
133.3773 24.8711
137.6801 30.3711
134.7123 28.6952
139.8762 28.6388
123.4385 29.9938
133.0893 28.3531
142.9152 35.6799
139.3184 34.4936
136.4275 32.9809
132.2679 27.2470
136.1461 30.7010
133.6498 27.6832
133.2023 27.0586
136.5986 33.4870
134.2649 32.9389
138.1111 30.2600
132.2097 29.0795
134.7914 30.6784
132.6901 28.1655
135.2716 26.2003
127.7587 27.1425
140.5370 27.6380
132.3074 29.1325
139.5983 27.1120
139.0192 27.5060
133.5152 27.3147
131.0057 26.8461
134.5167 30.2655
134.3834 29.0142
140.4297 28.0310
139.0289 28.1095
133.7859 28.6913
133.5654 32.9145
137.0819 28.9074
135.8141 32.2574
126.7001 27.5491
134.4405 30.3394
136.7533 29.5387
138.9537 29.5766
133.5058 32.3815
137.0505 30.9990
131.9149 28.7300
132.4510 28.2659
138.0459 28.1758
136.9512 30.7151
134.7464 27.3694
127.9124 26.4027
140.0707 28.0975
136.6344 29.7780
126.6714 23.8101
130.6817 27.7083
133.5080 24.1627
131.7760 28.3012
129.5779 28.0849
134.9534 29.3593
130.3906 27.0477
138.3314 34.2422
134.1420 32.8360
136.1265 30.1537
135.6006 30.0387
136.7170 28.7213
135.4161 23.3705
138.0312 31.1045
132.5520 32.0983
136.1866 29.3403
140.2284 28.1580
135.2618 31.1072
131.3583 26.6385
136.4236 30.7234
137.0061 29.5871
139.6125 27.9930
132.9378 31.5968
133.5214 24.3170
135.4221 25.7961
132.9087 24.9001
127.3626 25.0674
130.6218 28.7717
136.3996 30.3693
132.3755 27.2447
139.8785 28.1611
131.0451 26.7954
138.0908 30.9929
133.3962 24.5985
134.5772 28.9653
134.6821 24.0681
133.3879 27.9782
136.9467 30.8059
136.0355 29.8388
138.9104 33.3727
144.6078 38.6983
134.2674 33.1055
137.4491 34.5090
143.3562 36.9016
137.1028 33.0433
139.4157 28.6446
135.3367 29.6228
149.2765 35.2032
136.6139 30.0417
138.8047 30.8768
137.9350 32.1337
136.7149 33.2010
140.1131 28.1950
139.9585 32.3834
138.9199 30.6558
136.8309 29.5423
136.3086 29.0396
134.4072 25.5251
136.8822 30.3818
135.0828 24.4452
145.3556 38.9006
136.6758 30.4239
139.7395 28.0576
137.2624 29.1271
135.0737 31.6253
139.3802 30.7575
142.4778 36.8385
142.1629 34.6975
139.4964 28.5636
135.3291 31.4345
139.4276 30.1852
137.7500 30.8483
133.8611 31.6676
136.4597 33.8005
137.7030 34.2919
141.1484 33.7873
136.4883 30.3778
139.1604 27.4735
125.0791 24.1133
144.5393 37.0294
131.7882 31.2207
137.0662 33.2954
139.3060 28.8461
145.2586 33.4582
146.7842 35.3976
121.8723 32.7415
145.6149 34.8546
139.6797 28.3106
135.9651 30.0989
139.3900 28.6142
137.3273 29.0626
137.0688 33.3068
143.6897 38.7570
138.9055 30.3486
138.7143 34.3159
133.6106 31.6128
135.4421 30.6223
138.8493 30.0634
146.0550 35.3178
131.1814 30.6988
139.1696 28.8314
136.2041 33.3405
140.2624 28.2317
139.2148 29.5484
136.8456 28.9433
139.4427 28.1594
136.4957 29.1641
135.9535 33.1975
135.5418 30.1647
136.8327 33.4062
143.4925 36.9666
139.0666 28.5860
134.8328 32.7667
143.8525 36.6483
136.9396 34.2153
147.2170 35.6841
136.0769 29.5799
138.9686 28.1886
134.5347 32.8707
153.1390 34.3642
139.1763 28.1684
136.7983 33.3046
135.7478 30.9353
136.7629 30.2017
136.4191 29.9325
131.4870 31.0059
138.8001 29.4816
139.0447 28.5889
145.4983 34.4317
128.0518 28.1983
138.7136 32.8834
134.6419 30.7627
131.1456 26.5703
132.2670 29.7938
134.1202 30.6845
134.7085 30.7150
132.2525 28.2659
134.4031 30.6235
134.1355 30.0728
132.6478 31.6142
134.3424 30.6768
137.2613 30.6407
134.1129 30.8027
137.3813 30.7398
133.3942 27.5327
137.8793 34.0331
133.7003 31.9006
131.5264 30.6110
133.7187 32.5599
130.6926 30.0861
134.1543 30.6741
134.1094 30.6798
133.2226 32.4425
144.0954 35.7748
134.0819 28.0794
137.0515 29.3792
134.4767 30.6508
132.3529 27.7304
136.7389 32.8170
139.2926 28.8514
134.3026 24.9161
137.3035 28.4309
140.7920 33.3222
133.8265 31.7051
126.7340 24.5593
133.2595 26.9929
134.3159 32.9376
133.2257 29.5116
138.2116 30.7476
134.2769 24.7759
136.4590 32.0222
127.8526 25.4540
132.6046 27.8754
136.2747 29.5019
132.6803 31.3949
134.7463 31.1292
138.8268 30.1757
138.4851 33.1195
138.1670 32.6270
134.3059 30.6277
136.0561 29.2375
128.0426 27.1113
134.6841 30.6617
134.0264 24.6495
132.7942 27.5229
138.8506 29.8029
134.7596 31.0279
133.9475 30.9210
132.2238 28.0431
137.6794 34.3877
138.2100 32.5346
137.1152 32.7985
134.2121 30.6894
134.0875 24.5118
138.9003 33.1228
133.1632 31.1761
136.1916 29.5888
135.8699 30.1426
130.5875 28.8886
137.1168 33.0316
137.1880 34.3080
134.0952 28.6275
134.8519 32.7173
133.7166 26.7465
132.7159 27.7379
138.0906 32.7725
139.0326 29.6282
136.2338 30.1674
133.8604 25.9434
134.3746 30.6570
134.0938 31.9542
133.2765 25.8550
131.4323 26.6850
133.1841 27.6318
140.2627 33.5916
137.3127 28.5888
133.0726 28.1815
134.2322 24.8832
133.0480 28.2065
134.1726 25.6953
134.5011 25.3506
137.9924 31.0547
133.5336 30.9868
139.8972 28.1978
133.4809 31.9214
134.2529 24.2982
138.4585 29.5650
133.9840 24.7403
131.6938 28.4329
144.3505 38.6312
133.9320 31.9345
133.8223 30.8218
134.6132 30.5480
130.1536 28.8881
133.2780 24.8153
132.1137 27.6863
132.8707 27.3670
136.2585 30.0583
140.0175 28.4751
138.3709 30.7327
138.8882 29.3120
133.9670 24.8696
133.5902 28.2392
133.1948 32.4143
127.1620 27.9617
138.0385 31.0734
133.5908 28.2691
133.8135 31.4907
133.5946 25.6661
135.4116 28.9973
134.1690 28.1156
138.5013 27.7276
131.1833 26.8269
133.4090 28.1060
130.7023 29.1090
133.0118 28.3566
132.4211 27.7746
135.8371 30.9298
138.4883 30.7087
139.2886 28.5299
133.5899 27.1518
135.9071 28.4982
133.0923 27.1524
132.4977 28.3545
140.1186 28.4628
128.1292 27.8404
133.5599 32.7315
131.2776 27.1417
138.7187 29.0912
127.9904 25.6257
136.5598 30.2751
135.4178 26.1636
127.3605 27.7006
129.5101 25.4090
138.1169 30.9271
133.7432 24.9040
131.6246 27.1190
134.1557 25.1326
131.9926 28.5635
139.6313 28.7498
131.5835 27.0577
132.0344 27.1088
131.7001 28.3840
134.6530 30.9314
132.8403 25.7773
134.7918 32.7614
137.0871 28.7326
134.5770 27.1735
131.7112 26.1364
130.3503 28.1609
125.0162 24.2056
139.1307 28.5077
135.0441 22.5597
128.6215 25.8708
130.4449 25.9863
134.6774 32.7190
132.5842 29.2477
136.5054 30.8036
131.3898 26.7105
133.5408 26.8168
136.4177 29.9255
139.9627 27.5027
133.8422 31.7268
133.2326 28.4571
138.6193 30.6495
137.4316 30.0343
140.1643 27.8694
132.9547 24.9144
139.5525 34.3448
138.8025 29.5270
136.6290 33.8600
139.3455 34.2703
136.9815 34.1228
135.6658 30.0668
136.6351 29.9092
133.4280 27.3623
132.6461 31.3682
134.5696 30.6128
138.7139 27.7736
140.2771 27.9062
136.4339 29.6993
131.5421 28.7527
131.7550 28.1649
136.6703 28.0387
134.9333 25.3263
134.3489 24.8448
137.0221 33.1163
138.6752 28.1978
127.4683 26.9595
139.9922 27.3828
136.4435 31.8754
130.1373 25.6060
134.0966 27.8968
133.5050 24.5345
135.1733 30.9886
133.0523 28.2143
139.8149 28.3494
134.3046 29.9643
134.7523 31.8771
133.8220 28.2725
133.1721 24.6226
137.9893 31.0008
139.8968 33.0231
142.9535 35.5242
132.2138 27.9753
132.1418 29.8662
134.0296 30.7228
130.8953 28.0215
132.8210 26.7332
136.8534 33.1119
132.2644 31.5452
130.6741 28.9327
134.3830 32.7651
137.4524 32.4925
136.3778 33.7206
134.1281 32.9332
132.8062 28.4880
132.8564 29.9941
137.5571 29.7036
133.3679 27.2208
131.7345 26.5291
137.6304 29.4041
145.0071 36.3070
137.0288 28.3736
134.6725 28.8118
136.0177 30.0044
134.2006 33.0155
134.5887 30.4124
131.6740 27.6427
140.4476 28.2891
134.8961 28.6293
135.6480 30.3849
138.3688 34.2660
132.5822 27.9771
139.0956 29.4344
136.3737 30.6118
133.5420 31.9140
138.1390 30.5789
133.5477 24.5169
140.2071 28.5218
130.4320 29.3178
135.5893 29.8151
134.6587 30.7406
134.5916 28.8728
134.0392 24.5923
132.2884 31.5548
128.1838 25.3128
137.1435 31.0549
133.9076 25.3410
133.6328 27.3811
139.8002 28.6944
134.2073 32.9389
133.9641 30.5851
136.5116 30.2844
137.1602 30.6435
133.0546 27.2185
136.2130 29.7116
139.0762 27.9706
133.6130 26.9399
139.6726 28.1623
134.1564 24.2095
132.6939 30.8411
136.2898 33.1725
132.5645 28.3274
133.3921 27.6883
135.8220 31.2445
139.7671 28.2432
135.9382 32.1234
133.8895 30.0415
127.7323 25.1222
134.5012 31.4533
133.9900 29.2256
132.9716 27.3039
134.3137 24.1719
135.2999 32.7350
137.0461 29.8675
130.5139 28.8691
134.7952 30.7284
134.7683 29.9046
134.0915 26.2946
133.6099 26.8788
134.7181 22.5502
135.7066 32.2507
139.6786 28.4024
133.9973 24.4950
137.2155 28.9310
138.9535 28.4508
139.7496 30.6278
134.0226 27.9056
126.9012 25.5864
134.7535 32.6207
137.7945 30.6232
124.9426 28.2386
126.9026 27.0541
125.8698 23.6882
137.9566 30.3117
126.7881 25.5155
131.9635 27.1866
139.8665 28.5759
128.4767 28.1897
138.8044 29.6164
133.6730 25.0071
137.8767 29.1360
132.6502 27.8564
136.5981 30.7441
133.1960 28.3886
127.1012 28.0788
127.5229 27.4852
132.6316 27.5164
135.6791 30.0573
134.6578 30.3440
135.2741 28.6010
134.8475 29.9727
139.6557 28.8276
133.7260 30.7503
139.4224 28.4223
133.4805 28.3899
133.0531 25.8538
140.1131 28.2698
139.5460 28.1757
139.5949 28.5027
133.5251 28.1350
138.3326 30.8389
134.2180 30.2675
134.4366 28.8555
132.4728 31.3374
139.8622 28.7197
133.7253 24.4176
130.7146 27.3350
135.9822 31.5112
126.9370 27.7633
134.1366 24.7229
134.8059 27.2011
135.1352 28.6513
137.2620 30.7773
138.5828 33.8130
132.0181 26.0318
139.3140 34.5711
134.8314 31.5381
126.6914 24.7541
133.8228 25.1619
135.9860 29.2541
137.3589 31.0437
131.4278 28.9324
133.1541 25.7742
137.4661 30.7543
132.3928 26.9076
130.6049 28.5632
138.5772 29.9381
128.0482 25.6278
134.6253 24.4555
128.9412 25.1522
137.6797 30.8714
140.3940 27.9488
132.0498 27.8266
134.3943 33.0435
132.5781 27.9873
133.9406 25.6868
135.2314 28.7330
130.5566 29.5538
136.8387 29.1253
139.8500 28.4648
132.5103 27.8183
137.5264 31.0321
134.7199 24.3539
134.5989 30.2687
128.9680 26.2572
136.6625 30.7248
132.9073 31.8980
136.6537 29.4536
134.5061 24.4582
139.3234 28.9664
136.4487 33.2248
132.6015 25.3333
140.1765 27.9556
130.4916 28.0137
135.1777 28.9065
126.9560 27.9454
134.0742 28.7634
134.1319 31.8738
134.7484 32.6894
139.1738 28.8834
139.1067 27.6719
133.5311 32.3612
135.2675 24.0789
133.5606 23.9871
127.9287 25.0179
132.4992 27.6461
137.1483 29.9192
136.0270 28.3126
132.7820 29.2634
126.0580 24.3869
134.3456 24.4879
132.9895 27.9699
137.0142 31.0380
133.4263 23.6045
128.3071 24.3584
137.7290 29.6826
132.9903 29.0570
138.8703 28.1969
136.2570 30.6118
138.8322 34.0851
132.7601 24.9501
137.7390 30.5015
131.9796 27.8180
137.5210 34.1038
139.6807 28.2856
132.3504 28.6323
128.3483 25.1072
133.7952 25.0816
133.1333 28.2482
136.6440 33.6369
127.3858 26.3189
132.1345 31.9352
134.4712 25.3784
135.3784 27.8322
136.6626 29.8719
133.4436 32.0945
135.1489 25.9619
134.6624 28.3047
132.8445 29.4655
127.9062 24.1532
134.3412 28.1826
139.3706 29.1066
133.1138 27.8140
130.5365 28.0574
137.0361 28.5772
139.5802 28.8701
133.0219 27.6777
139.3212 28.5125
140.2664 27.9883
134.3243 32.9084
138.9235 29.3019
134.0187 31.7816
132.5282 29.2652
133.6016 31.9905
138.1864 28.3766
139.3019 28.6467
135.5796 30.9440
135.3274 30.2970
134.1504 28.3421
134.1039 27.2075
132.5398 25.0193
134.8655 24.3563
133.7796 27.9993
137.4699 33.5297
137.5528 31.1559
134.5179 23.8969
132.9694 26.7016
134.2862 31.2574
132.9143 31.0395
136.0346 29.3059
137.5621 30.0867
131.1804 28.3323
134.0924 24.4034
135.1003 28.9664
134.8523 31.5082
137.7572 31.0381
138.5907 29.7839
133.1021 32.2636
138.0695 27.1488
132.6837 31.9800
133.4985 24.9513
136.1926 33.3172
131.0727 28.0001
133.8986 28.4697
138.5937 28.8644
133.6532 32.8997
136.9667 31.5318
140.3611 28.0322
140.2040 28.4672
130.3872 29.0649
134.0582 24.2473
132.9163 31.2506
136.4348 28.7469
133.9824 25.6844
136.6631 30.7158
133.1742 29.3184
136.3339 30.3876
137.7565 30.6782
134.9972 28.8763
139.1048 28.0846
137.2309 30.6960
138.7322 29.9604
139.3336 27.9034
133.2075 32.8601
135.7526 29.9813
135.6354 28.3787
133.9646 28.8845
133.8134 28.8742
135.6515 28.5739
137.7542 30.6819
133.9044 27.3228
139.0950 28.0668
133.2200 28.7886
133.8685 25.6501
137.4102 30.6466
125.7993 23.6264
138.7105 30.2809
139.7496 28.3926
135.8297 27.9075
134.1569 28.1457
138.6054 30.5168
133.2970 28.8816
138.6269 30.6685
138.7680 29.5277
132.3421 27.2499
139.7616 28.1762
125.8232 23.3129
140.4523 28.1997
134.2729 25.3217
138.6312 34.2048
137.1188 29.6437
138.4637 34.0433
140.4296 27.8262
135.7518 29.5876
133.8055 25.8519
136.3285 30.5229
137.5679 32.5574
138.2535 27.1936
140.4544 28.2267
133.9707 31.6783
134.2355 31.5884
138.6469 30.1780
135.4741 28.9974
133.5023 30.8929
133.5790 26.1622
140.0193 28.4085
140.4793 27.8297
134.5310 25.2084
137.5762 30.9144
136.3153 30.4625
132.2376 27.7212
130.7535 27.8834
135.0374 29.3997
132.4814 31.4909
132.0646 30.9719
136.4767 33.6456
137.4542 30.8226
139.8047 28.2109
134.1847 30.5201
133.9474 28.7753
134.1737 25.2782
138.4176 30.8494
133.9705 30.3287
138.0016 31.0038
138.7589 29.7954
136.5971 29.6649
132.7224 31.3438
137.2965 30.5955
133.7909 25.6139
137.9409 29.1322
138.7632 29.4991
136.4379 30.5861
138.8129 29.0828
135.7655 29.5446
139.3466 34.3959
136.4953 29.5897
135.2893 31.2492
137.6650 31.0777
132.7773 27.3912
134.6921 29.6852
130.5813 29.2478
136.4908 30.8151
130.4892 28.8321
133.7601 28.5244
134.3352 31.5728
126.0171 24.5223
134.7906 29.4762
136.3051 29.5221
137.0105 31.0055
136.3683 29.8255
134.3269 25.6060
140.3966 28.0347
132.2869 28.4823
136.3617 30.3503
133.9923 31.5257
137.8999 31.0169
123.3292 28.0517
133.9954 22.0338
134.4633 24.4733
134.4330 25.9427
133.8435 30.3496
132.6980 27.9778
139.7215 28.2884
129.7747 26.7353
134.0583 25.4430
141.5726 35.7509
136.7541 33.0204
134.0936 25.4804
135.7771 25.2758
139.5999 28.1747
133.0335 32.3960
132.7841 29.0862
132.1221 27.9723
134.7967 23.9340
134.4228 32.8619
133.7723 24.4707
126.5446 28.5901
134.2318 32.1345
131.3217 26.7117
131.8872 27.1033
128.7434 29.5588
133.1106 20.1679
132.7987 28.5433
137.7269 34.2147
138.1367 28.9687
133.4058 24.1085
138.3500 30.8229
127.3644 25.4638
136.6340 33.0731
131.3430 26.2616
133.4279 24.4865
134.3246 22.0160
134.5472 32.3006
134.2501 24.5753
126.4641 23.0677
135.5608 28.1680
127.9827 25.4262
135.9743 29.9595
133.5933 24.2537
133.9533 27.8472
129.4214 24.9732
132.8163 24.8329
134.2506 28.6226
126.6040 24.5579
134.8098 29.4277
134.3947 26.2308
127.8737 25.0063
133.7563 24.1899
138.9795 28.9655
138.5275 30.7823
132.2074 28.7239
135.9948 29.6321
136.8621 29.3239
129.9222 26.1136
133.8570 31.9622
131.8284 26.8742
130.1646 28.6541
134.1871 28.8157
130.5011 28.1524
126.6435 27.6764
136.4883 27.1634
132.8324 25.7795
129.4530 26.1040
125.7010 25.3931
125.4645 20.3781
137.0945 30.2382
145.3342 37.3598
136.7752 29.9630
136.7740 28.8806
136.2135 28.8741
136.0589 30.1817
141.1764 34.5195
137.6250 34.4219
138.8982 29.3517
136.1343 33.6232
136.3696 30.8598
139.7043 28.7914
139.6982 28.7023
137.0224 32.9550
136.4274 29.5590
136.8760 33.3162
136.1225 33.3178
136.4705 33.1009
140.0517 28.2983
136.5472 32.9134
138.6058 28.7460
138.9128 29.2779
137.0303 31.2019
136.9120 33.3007
138.4980 30.9834
136.2721 33.3803
140.4337 34.8641
136.9316 33.2540
136.1571 33.4780
137.2073 29.0873
136.3010 33.8633
136.2657 29.9666
136.7520 29.7999
138.7253 28.3042
145.7912 37.8110
136.2513 33.3316
136.7868 31.1251
142.6268 35.5414
136.1556 33.3380
136.4175 33.0280
138.1817 34.3149
136.0768 30.8015
137.4297 34.3910
137.5564 31.3575
136.8297 30.7391
136.9133 32.7057
145.9099 37.6213
136.9134 29.3685
138.5916 31.0564
139.0657 32.7772
138.6194 28.1073
136.2071 33.2538
141.3035 35.1145
136.9246 32.6975
136.8569 33.1977
145.4180 37.2556
137.4382 30.7330
136.2171 33.3479
136.2045 28.9627
137.4623 34.3878
139.7300 28.2623
139.1855 28.7940
137.8475 34.3854
138.5878 28.9389
136.5136 29.3363
136.9676 31.1813
136.2769 33.1742
136.3812 30.7802
145.2296 38.7195
136.7230 30.0722
141.5003 33.6469
136.3678 29.5792
136.8383 30.8030
136.1355 33.4453
137.8723 30.8828
144.9316 38.7951
139.5290 33.9313
144.4613 35.9803
137.3600 34.3589
140.9012 34.0279
136.6018 32.8783
139.4885 33.9834
139.3009 27.8923
137.3719 30.5288
139.9912 28.5458
136.8606 28.9772
137.8137 34.4104
145.0826 38.8924
136.6600 32.8304
136.6221 30.2950
138.5992 29.7920
136.3809 29.5203
136.6297 29.4356
137.3125 30.0523
145.2285 38.6404
133.5096 27.1046
139.5690 28.1012
142.4184 35.8789
137.5412 29.8770
145.0561 38.6489
138.4026 31.1828
137.0380 33.0161
140.9053 34.2024
136.9117 33.4182
136.2498 33.2478
137.6882 34.4340
139.6711 34.5371
137.2020 30.1070
137.4720 30.7603
136.8205 31.0820
137.4589 30.8456
135.7937 29.7532
139.2463 28.5443
137.6448 34.4262
145.2988 38.6074
136.4937 33.4826
139.5801 28.0972
136.1698 33.4587
136.4201 33.4268
136.8693 30.4211
136.4385 33.5231
140.1232 33.7389
137.7063 34.4107
139.7298 28.6104
138.8458 30.0618
136.4526 30.9279
136.8088 32.7372
138.8924 33.1049
138.4755 29.9560
137.1563 34.2953
136.3594 30.8506
137.0052 33.4333
138.3600 34.2995
136.3732 30.5098
142.7868 36.7775
136.4948 32.9505
145.6405 37.8594
138.8694 28.1464
135.7404 30.0793
138.7417 32.4852
139.1926 28.5250
136.3638 30.8051
138.8656 33.0130
137.3070 29.5056
137.0979 29.3772
140.9702 33.7974
135.9230 29.8873
136.9590 29.6181
139.2229 28.6777
139.2686 34.5736
136.3358 30.0855
136.1719 33.5983
136.4262 30.7621
138.0651 30.2766
137.2790 29.1525
135.8162 30.5343
139.6917 28.6279
137.1630 31.3719
136.4422 30.8461
137.3116 29.0233
144.7821 35.0529
136.8199 32.9484
136.7460 29.7562
136.9314 33.0000
138.6593 30.7111
136.1674 33.3546
139.6355 34.2804
136.5153 29.3583
136.9302 33.2992
140.5533 33.4270
145.1286 37.2333
136.4980 29.3257
136.2524 30.8063
136.5866 32.8609
139.0172 29.0899
136.0745 30.2140
144.7383 37.2839
136.8907 33.1546
136.8163 28.8839
138.7478 30.1304
136.1577 33.4705
137.2042 30.3835
137.1046 28.7587
137.3484 31.3775
138.1747 31.2286
139.2500 28.8544
136.5210 33.3357
137.0538 33.0403
135.7200 29.9102
137.5287 30.0117
136.7229 32.8033
137.0267 29.3305
136.7316 30.6688
138.7621 30.2297
138.7383 28.6815
136.9519 33.4998
137.8733 34.4021
139.7175 28.7722
137.8838 30.3224
136.9696 29.6161
135.9869 29.9341
145.7301 37.8304
137.0467 28.8886
135.9639 29.9356
138.9321 28.5561
140.6544 33.5599
140.0577 28.4640
137.7296 34.4086
139.8194 28.2753
136.9086 32.6923
136.1578 33.3181
137.8432 34.3903
137.7222 31.4266
137.7020 34.3831
137.3484 34.3951
136.6725 32.8149
135.6602 30.2040
136.6994 28.6026
142.5354 36.5694
136.8048 29.8790
137.0895 29.7453
136.1721 28.9137
136.1556 30.3181
137.4471 29.5001
136.8667 28.9778
140.4976 33.4894
143.5351 37.3003
136.2143 30.8892
139.3534 27.8830
138.6375 29.3564
136.8905 33.4347
136.2823 33.1537
136.9270 33.2768
136.7474 30.0176
137.2015 30.4109
137.5621 34.4060
137.7626 34.4198
136.4026 29.5022
138.0053 30.9755
138.4837 29.7701
136.7189 30.0297
139.1542 28.7250
142.5247 35.8637
143.5975 37.4815
136.7585 29.9717
139.4633 28.0447
136.9578 33.2922
140.2513 33.0246
138.7245 30.4276
136.7630 29.7777
136.2128 30.3046
138.8584 29.5519
138.5951 30.2790
138.7441 30.3155
138.0279 34.3468
136.7377 31.0355
137.8760 30.9180
136.4019 33.2196
137.8275 34.3935
152.5578 35.2417
146.5185 35.1865
136.1395 33.4714
136.6584 32.8175
138.3571 31.1160
140.2982 33.8955
136.0941 29.2959
136.6877 29.8034
136.6809 33.3946
136.9617 33.2599
144.7385 35.0328
137.7435 34.4357
136.5268 28.9597
138.7395 28.2290
138.7630 30.2969
136.3527 30.8012
139.4761 28.0271
139.8474 28.4646
138.6382 28.3898
136.3081 33.3692
141.1457 34.3424
143.5483 37.0420
136.3572 33.2631
138.5887 29.6900
136.6890 32.9125
135.5177 30.7455
139.0141 32.7347
139.4454 28.0453
136.3577 30.9386
137.3783 30.6948
136.7190 33.4016
139.2330 28.5177
140.2299 34.0011
138.8343 29.6308
136.5156 28.5751
137.1429 29.3909
138.8230 28.1525
137.1423 33.0935
139.5957 28.1157
135.7781 30.4786
136.9668 33.2949
137.5222 34.5079
145.8526 37.8263
136.5281 30.0165
136.8278 33.5123
138.6720 28.0447
136.2734 33.2068
137.2553 29.1110
136.4102 33.0587
138.6487 29.3214
136.1646 33.3975
136.8069 32.7408
138.3787 31.1142
137.6911 34.4239
138.6497 30.7073
136.3512 33.0013
139.0668 28.9277
136.2049 33.2125
139.1258 28.8917
