133.0230 27.5621
134.6500 28.8546
133.9740 25.9948
138.4473 33.3002
132.8365 29.6882
134.0298 30.2113
134.9553 29.2745
136.8557 29.6583
127.0473 26.8498
138.2814 30.2263
139.0608 30.9082
131.6272 26.2320
138.1861 30.7858
133.5195 28.6642
137.6425 30.8417
131.7126 30.7550
131.4816 30.2867
138.8395 31.0080
132.6892 29.8432
134.7037 31.1599
136.5172 29.1012
137.3246 30.2675
138.9279 31.1256
135.9881 28.6465
131.9013 31.2785
135.7079 32.5824
136.4951 32.5023
135.0927 28.4296
138.9162 30.4767
138.3580 31.5610
136.4708 28.9103
139.3882 30.8153
135.9724 30.1974
131.1736 26.3049
138.1859 31.4462
139.1008 30.3949
133.1844 28.3962
138.4276 31.3414
137.1354 31.4026
135.1483 30.3767
135.7048 29.1799
133.0323 28.2947
138.9542 30.3252
134.9209 29.0139
136.6532 33.2498
138.1594 31.5333
138.2077 30.6512
134.9314 27.7452
136.2009 32.5351
132.7441 29.7245
131.5047 30.3458
138.3943 30.7977
130.0535 25.6423
138.4527 30.9114
132.4734 26.4110
136.2843 32.6133
136.3817 29.7098
133.6995 25.7183
135.8155 32.8437
134.1997 30.0622
132.2068 29.6995
134.9280 30.0459
132.0910 25.9414
138.8154 31.4119
137.7302 29.6800
136.9445 30.1544
132.1631 30.7148
136.2982 32.6343
137.0087 29.1544
131.5195 30.6542
134.3728 26.4273
136.9410 29.0870
132.7819 27.2608
134.6695 26.9923
139.2126 30.6195
134.9866 29.6050
134.1181 28.3038
137.1381 31.3364
131.3261 30.4703
130.2936 26.5424
135.5309 25.6809
134.6212 31.2376
134.6990 28.1213
138.6432 31.3663
134.6376 28.1456
134.7632 28.6677
133.3100 29.6275
138.2168 30.3686
132.6914 29.6026
127.4424 27.2882
135.8192 28.6000
136.1193 29.6727
128.6825 28.6637
138.5168 30.6642
134.5471 28.4963
139.4038 31.2508
135.1651 29.6498
136.3309 28.8149
135.2214 25.4008
134.8087 29.3096
138.9839 31.0761
134.2583 30.4792
137.5864 31.5490
134.3561 27.7545
135.0187 31.8798
131.6853 26.2747
134.5393 25.5353
136.7308 29.6292
132.6969 31.4148
131.5395 30.4917
134.9563 28.5471
137.0634 31.1877
139.7868 34.1000
134.8303 30.1791
140.2857 34.0086
136.4580 32.9915
135.3584 28.4767
134.9998 28.1367
131.3593 30.4535
131.5509 30.8933
136.8331 29.7062
136.3121 32.6098
138.7111 31.3141
135.3772 28.2156
132.4435 27.0453
139.3303 31.1676
134.1925 30.8200
131.5723 30.4744
131.3190 30.3500
137.9334 30.7443
136.5425 32.9477
135.3067 29.2479
135.0417 28.2286
134.5582 31.1683
136.7399 29.8773
134.9957 29.8509
136.4956 30.9473
134.5166 29.5868
134.9320 27.8413
134.6881 29.6272
132.4986 30.2906
135.3288 30.1919
136.7876 28.9746
134.8551 30.7495
132.8562 30.7228
139.3091 30.5694
139.4396 29.4357
134.5857 25.3179
134.6598 28.1282
136.0468 32.7285
138.2251 30.2282
134.3888 30.6055
134.2143 30.7151
131.2720 30.3322
138.2115 30.8380
131.2689 30.5169
136.3478 30.4010
131.4477 30.9115
133.1705 30.6271
134.2418 30.5533
130.4457 26.5345
131.1334 30.1360
137.9737 30.7156
134.2655 26.7274
131.3617 30.5609
137.2859 31.3991
136.5144 30.1387
141.7637 34.8084
134.6418 30.0078
131.7551 30.7186
131.5317 30.8287
139.1691 31.2198
136.9607 31.2686
130.9072 26.4383
135.4086 32.8746
132.1244 31.6996
137.0159 31.2987
133.1965 31.7998
131.4493 30.8298
130.4492 28.0107
136.5461 32.8022
135.1333 29.5295
135.0448 30.3189
134.8864 29.8608
135.9603 28.6682
138.9969 29.2283
135.2788 32.4628
131.7912 31.3083
134.0951 28.9733
137.8022 31.4406
131.5610 30.6076
132.4468 28.2774
136.5470 31.0585
134.6853 28.6226
139.4014 30.7524
136.8947 32.7173
139.5583 29.3969
139.1069 30.7378
134.8218 30.8651
136.3836 33.1092
132.0258 29.4810
134.1053 30.7551
136.6714 31.1418
136.0632 30.4502
134.3578 30.2117
139.1920 30.4869
139.3035 31.0939
134.4797 29.4452
133.9140 28.9192
136.8763 31.4076
135.4550 29.6888
134.8964 28.4868
129.9687 25.1362
136.1052 29.8199
137.1172 29.9641
132.6481 30.6572
136.5448 32.7253
138.7200 30.8711
138.2202 30.3747
133.8383 30.1221
135.7421 32.5353
139.0060 31.1705
134.6374 28.9104
135.7232 28.5262
128.0483 24.0850
137.9480 31.4551
134.8742 30.4001
139.3728 30.2493
134.0134 29.2190
136.5117 32.6542
134.4938 28.7760
128.7277 24.7140
136.7857 29.7055
137.9471 30.6070
135.3889 28.8167
133.2806 28.5201
139.0262 30.2643
136.9533 31.2649
131.3601 30.3226
133.1209 29.4844
136.9810 31.1490
127.1956 27.6668
140.6264 34.8389
138.9397 30.6324
136.7631 33.1158
134.0639 25.8280
134.0421 30.2652
129.5832 25.1563
132.0047 31.1379
133.7830 29.8533
135.0118 28.3792
135.3158 28.7897
130.8035 29.9154
135.1739 28.8328
134.3989 27.5448
138.3314 30.4820
138.4276 31.5136
133.5092 29.8581
132.5845 30.0187
135.0098 30.0243
136.0342 30.1549
135.9446 30.5320
136.0323 30.0272
136.1908 32.3849
136.2903 32.4768
137.2315 31.5175
134.9698 30.6390
134.9017 28.9164
137.1677 29.2983
131.7584 30.6702
134.8092 28.8362
131.6015 30.3465
133.1127 27.8068
136.2996 30.8968
139.1364 29.3572
136.2479 28.9312
134.6252 26.9760
133.3763 29.5976
139.5686 30.5526
132.2049 26.4961
138.0170 30.1205
135.1824 25.5167
135.0023 29.0304
134.3857 26.7434
130.0139 25.4942
135.0015 31.0179
138.2666 30.4269
139.2977 30.4316
138.5585 32.4561
138.9924 31.0439
139.1721 29.7193
134.8687 28.3814
138.9143 31.4821
132.7139 26.4227
136.9216 29.8426
130.2691 25.3992
134.2147 29.6430
134.2527 30.4304
131.3526 30.5652
138.6510 30.6589
133.8992 30.8844
136.4644 32.7762
137.4271 29.9985
133.1038 29.5023
135.7951 28.9328
132.2250 26.6274
139.2405 30.2623
136.4806 29.8592
129.6574 25.5464
138.2955 31.5445
135.8636 32.4567
133.8181 29.9138
136.7949 29.6233
134.7147 25.5064
129.8978 25.1035
134.6103 30.4027
134.3057 28.8771
128.3659 26.1707
136.1607 29.6212
131.6478 30.3385
135.2907 32.1846
138.9130 30.9783
137.6920 31.7089
138.8346 31.3749
133.0793 30.3974
137.1760 31.3396
134.5530 28.8123
139.4525 30.7829
137.1810 29.8919
136.7058 29.5978
135.1436 29.1063
133.9328 30.5036
133.7333 31.4043
138.3157 30.3092
134.8375 30.2983
134.6665 29.1915
136.0181 32.4699
132.9253 27.2269
134.0744 31.0418
136.8210 29.9746
135.0396 30.5515
134.2618 26.0933
134.1735 26.7323
136.3164 32.4172
134.6758 25.6233
133.0319 27.5632
137.5269 34.2149
136.8602 29.6659
138.0482 31.4289
135.3991 28.2545
135.2300 32.6590
136.0166 30.0006
138.3386 31.5986
136.2921 30.8798
134.8561 30.1154
137.1499 31.1279
138.9540 31.1464
138.3747 30.2418
132.1208 31.1233
136.1055 32.5208
126.4733 26.6271
132.7249 29.0114
131.9821 30.4730
139.0670 29.9963
132.0601 30.6560
136.8810 29.8337
131.3201 30.5757
132.1561 30.2640
136.0257 32.3884
136.5310 29.6165
139.1685 30.4566
135.9845 30.0765
138.3418 31.4729
136.7205 28.9643
132.9787 31.6530
128.9505 26.0255
136.5401 33.3209
136.5324 32.5186
131.3993 30.7159
138.4562 31.4581
139.2323 31.0694
135.5109 32.5176
133.1516 28.2390
135.6674 28.9170
132.7976 27.1831
133.1294 27.2526
135.7736 28.6935
131.3606 26.6937
134.6210 27.2893
137.0405 30.0772
136.0192 32.1871
132.5260 26.7798
137.8858 31.6715
135.1662 25.3021
134.5189 25.9723
132.1284 30.9302
131.9456 26.8307
129.9883 26.0694
137.9074 31.4516
139.0647 30.9155
139.5399 30.4025
134.6159 29.4654
133.5499 28.5697
136.7482 29.6768
132.7886 29.3376
136.4876 32.5784
136.5002 31.0189
132.4548 31.0560
136.7564 29.8392
134.6195 28.1742
134.5155 31.3593
135.9463 32.9797
133.2390 29.6172
134.6349 29.5228
136.0423 31.7870
134.9738 28.1509
139.1719 30.7665
133.8047 30.3562
138.9527 30.1718
138.4921 31.4843
132.1474 28.0163
133.0308 29.5490
136.3350 32.8935
134.5684 30.7440
135.5737 32.4940
134.1172 32.3388
136.8045 31.6236
133.5519 28.7404
133.0359 29.5095
131.0390 26.3320
139.8484 30.1714
133.6130 28.5412
138.8526 30.2445
138.3728 30.6974
138.7859 31.4842
136.4565 30.9883
131.8673 30.9349
131.0190 30.8030
131.5142 30.5415
138.2976 30.3234
138.2545 31.4623
138.5318 31.2435
133.1296 26.4581
134.8924 30.9834
129.9625 27.3780
138.6378 30.9100
134.5869 31.1712
134.7007 28.0861
134.1794 30.2771
139.3677 30.8838
132.9498 27.6922
134.5510 27.9560
136.0252 30.1972
135.6117 28.4283
129.5595 26.5062
136.6133 32.9586
128.8843 30.0582
137.0930 29.1637
133.3849 27.8494
139.9718 34.1840
134.0038 25.3591
139.2272 30.9564
135.8685 28.7097
134.2540 26.0020
132.2793 26.7548
134.4814 27.4054
138.6603 32.9770
132.7200 29.6291
135.1863 28.5277
134.3782 26.8294
133.7702 30.9303
135.0651 28.3215
131.1730 26.2493
139.5610 30.6537
135.3626 31.9938
136.1182 32.4786
137.6318 32.7479
133.0223 27.3018
136.6934 31.2111
127.0780 27.1477
133.3744 29.7708
137.0670 30.1492
138.8806 31.3553
134.6972 29.0365
138.3029 31.4551
135.1260 28.3745
136.0904 29.8060
138.4166 31.5778
137.6783 31.6141
138.7175 30.6237
134.3278 26.1552
132.2153 30.7937
134.8160 29.7969
138.8019 31.3158
133.5743 27.6472
134.6760 28.5701
137.3233 29.2942
134.6982 28.6388
136.6099 29.6260
130.7178 25.1230
136.3902 30.9071
129.2917 29.7584
135.6625 28.5232
138.1803 30.5279
133.2484 29.5911
134.1098 30.3846
138.8593 29.8150
135.0200 30.4007
138.7001 31.1463
139.5610 30.8205
137.1236 30.0833
128.6630 29.5155
138.0212 31.5155
137.2048 30.0789
136.4568 29.7660
136.6081 30.9817
134.9364 30.4780
136.6655 29.8404
138.9573 30.3304
138.8643 31.4519
134.0508 30.1963
134.8780 27.6899
131.4959 30.4508
130.0213 25.8081
136.9857 31.3851
132.8668 29.6348
134.5140 28.3351
139.3904 31.1633
139.1062 29.5848
138.7344 31.4574
137.0536 33.1186
134.5780 28.4700
135.1224 28.5249
134.5333 28.5888
138.7454 30.1872
133.2295 28.3186
136.4064 29.6161
138.6944 31.4496
137.2125 29.8384
131.3964 30.5282
132.1124 31.0920
134.7672 28.4205
134.8975 28.2416
135.0474 30.2610
136.8562 31.4982
136.0428 29.1090
135.9478 30.4421
131.2685 30.3817
137.4545 31.4777
132.3453 30.7331
129.6419 25.8900
134.0898 26.1261
131.1400 30.3170
132.1567 30.6575
134.8054 30.5975
134.9110 30.6766
138.0966 31.5196
132.3968 30.2079
131.9966 28.5012
139.3055 30.8501
132.2337 30.7331
131.7877 30.4785
134.0896 30.5308
137.2688 30.0148
137.2421 30.0186
135.1928 29.6356
132.8459 29.6715
127.3502 26.7042
138.9519 31.3135
133.2186 29.6322
135.5915 25.6528
139.5554 30.3710
137.8947 31.4688
137.3911 31.5055
132.2645 30.8544
132.1927 26.4668
139.4894 30.9483
138.1595 30.8645
135.8741 30.2357
138.7580 31.2727
132.8386 27.2206
132.1203 30.6975
129.9623 25.4755
135.4204 30.3259
136.7000 30.2399
137.2958 34.5711
136.3303 29.9226
139.8290 30.2006
135.7537 33.3549
137.3182 29.9565
139.9339 30.4010
136.8662 29.1174
136.1909 33.3477
139.1042 30.9455
134.0450 30.5407
135.7034 33.0254
139.3422 29.2344
136.1291 33.2128
138.4444 33.4777
136.4203 30.0993
138.8859 31.1793
138.6971 33.7671
136.5387 32.7310
139.5942 30.8862
139.5607 30.2434
138.2909 30.7641
135.1136 30.2835
138.9268 31.0709
135.5029 32.9021
133.8203 30.5894
135.4211 33.2775
135.9103 33.3112
135.4302 32.9693
128.8413 29.4689
138.8867 30.6771
128.2147 27.7302
135.9776 29.6720
136.6576 33.6683
139.3508 29.7204
137.1904 29.1701
138.8048 31.0609
138.0265 31.2632
136.2277 33.2434
136.1994 29.8995
139.5734 30.8163
137.6391 30.2832
135.7881 29.2613
135.4936 33.0520
139.0530 30.9035
137.2341 30.2569
128.8071 28.7613
139.0742 31.0507
140.9789 34.9758
137.5325 31.2362
128.4349 28.7167
139.1772 30.5514
136.5508 28.9446
135.9034 29.3911
138.8147 30.4611
133.1336 30.0540
139.1507 29.7904
138.3981 30.5520
136.0286 29.9393
136.6186 33.1103
128.2161 28.6918
136.1725 30.2406
135.9584 29.0737
136.3607 30.1185
134.8173 27.2622
138.1081 33.4501
135.3789 32.8526
133.3347 29.7838
137.2544 29.1611
138.1716 34.2909
136.6264 30.8784
129.5803 30.5126
137.7592 29.4008
136.9019 33.0111
138.9193 29.9485
141.6689 36.2954
138.8396 30.3352
140.3954 33.0314
136.0381 30.4362
140.7970 35.6513
139.2677 30.4318
139.4689 30.0263
139.0483 30.4605
139.7735 30.5629
139.0371 29.8823
136.7529 29.0876
139.7089 30.1020
135.5862 29.4412
136.2005 33.7012
138.9455 30.0681
139.3447 29.2514
135.9094 28.9859
136.1800 33.0336
141.6157 34.6212
135.5991 28.4899
136.3194 29.8082
139.4898 30.9961
136.9372 32.9722
135.4383 29.1992
138.7645 32.3141
136.7342 30.9923
136.6205 30.2401
139.5328 29.6055
135.7867 33.0932
138.2640 30.4926
136.2996 29.0658
135.7960 33.2597
138.4298 30.7171
136.8591 29.1050
136.5223 29.0351
132.4637 30.6864
138.8867 34.3523
135.7637 32.7776
135.4419 33.1415
135.9256 28.9461
138.4454 33.0229
138.4213 30.7226
136.7727 31.1823
135.4705 33.0921
135.4663 32.9559
137.8459 30.8776
136.9749 33.6089
135.6834 29.2460
134.0984 30.8616
135.4855 32.7543
137.1653 30.0712
135.4473 32.8284
141.9471 34.5214
139.4087 30.7036
139.0196 34.2552
137.5224 29.4242
128.4393 28.4712
136.8351 32.9266
135.7019 33.2060
141.4556 34.8056
137.5056 30.0623
137.1540 29.2049
139.3394 30.7505
136.9239 32.8421
136.2474 33.8633
138.3508 30.7057
135.4665 33.2003
135.5851 33.2584
136.5113 30.2165
136.8951 30.1397
136.9788 33.1535
139.6793 30.7158
135.8724 33.2584
135.4546 30.3838
138.4257 30.6814
137.3252 31.3368
138.0916 30.0644
132.8884 29.7633
135.8498 32.7367
137.1011 33.3067
139.3864 30.8677
135.4422 33.1154
135.6237 32.8342
133.7402 28.7324
139.2155 30.2826
132.6067 30.7053
135.6632 29.0250
141.6490 34.2716
136.3839 30.0877
137.8045 30.8811
137.6710 31.2929
137.9893 34.2969
136.9524 33.3160
139.2941 30.3098
138.0884 31.4939
136.5465 33.0555
135.6840 33.0465
135.8954 33.4553
136.0233 29.1370
135.6246 33.1354
139.0760 29.7590
135.7540 33.2870
139.2930 29.7997
137.3089 29.7256
138.7583 34.3281
139.0204 31.0917
127.7566 27.4645
127.3193 27.0494
139.2182 30.9447
139.1545 31.0306
128.6649 27.8365
138.3745 30.5923
135.3217 32.8942
138.1281 31.4287
138.9229 33.5914
136.4577 30.9895
141.9155 34.9726
133.6002 31.3448
136.6984 29.4990
141.7508 35.2010
137.2116 30.3280
135.6444 33.0772
136.8947 30.3662
136.4594 33.1705
128.9425 30.2051
139.3081 31.0128
132.6580 30.0375
139.2664 29.7588
135.4577 32.9870
137.2478 34.5106
137.3890 30.3153
135.4379 33.1573
137.2949 34.4905
136.9487 34.2391
135.4974 33.0649
138.4728 30.7074
138.7207 29.9563
136.8646 31.3938
134.5790 29.2517
136.4209 32.3104
136.2223 33.3135
136.7619 32.8442
132.7019 31.0383
135.1968 33.3091
135.7636 28.5977
136.7118 30.1476
134.9664 27.6193
136.5006 33.0776
134.5549 25.5532
131.2191 28.5987
138.1304 30.3906
138.5343 30.1047
135.0729 28.3399
129.8099 29.4125
137.0004 33.3024
135.8318 25.9013
137.1137 31.1963
134.9621 29.3480
133.8312 30.4365
134.6140 29.7136
138.0110 32.5374
136.0214 29.9924
139.0789 30.2150
136.4538 32.3188
132.3114 31.5546
135.4002 29.4650
138.3357 30.7933
138.2727 31.4168
136.7674 33.2849
137.7975 31.4263
139.5055 30.5002
136.2138 29.8467
134.0419 31.6325
134.7235 28.1825
131.9906 32.2145
139.5127 30.9802
124.9136 31.1280
128.5068 26.3451
134.4095 25.7080
127.3517 27.7761
139.4908 30.5498
138.9091 30.4354
138.4706 33.0265
139.5849 31.0280
136.4777 28.7268
139.3898 28.6530
137.7919 33.5155
134.5793 26.9361
135.2576 32.8797
135.3362 31.0235
135.5948 29.0675
134.5056 30.1460
139.2760 30.2935
136.2254 32.0163
132.5903 31.8515
138.7684 30.4989
136.6042 32.2290
138.5173 29.4937
136.0729 29.7338
135.1173 28.7122
135.9347 32.6555
136.5593 28.9142
136.5083 32.7376
135.1751 31.4892
139.5823 33.1756
135.5979 28.5678
136.7219 31.2714
135.1333 27.9679
134.9990 28.2476
138.0627 30.7105
135.0847 28.2970
139.7174 30.8321
134.6388 27.2699
136.6474 29.6902
137.2186 31.4648
136.0454 30.0327
136.9668 30.2102
138.4963 31.6197
137.4328 29.2569
135.2263 29.1775
139.4045 29.2427
127.8744 28.1163
135.3466 28.4830
134.4724 27.8405
135.4500 32.7625
139.6673 30.8307
134.2867 30.9005
137.1434 31.4706
137.4213 29.8890
134.4565 26.5871
137.5682 31.4473
134.7567 30.7530
136.6536 29.5674
127.7465 27.4452
135.7866 31.6745
137.1968 33.3991
135.3862 29.6356
139.2095 30.8698
134.4988 29.9709
131.5500 25.9919
136.2350 30.6707
136.5393 32.4029
136.5535 31.0856
134.8620 25.4837
137.2155 29.2867
136.6458 29.1460
138.6646 33.4141
133.9443 30.1873
134.7457 28.5506
136.7011 31.1796
134.8768 30.5314
138.0496 34.3456
134.3443 31.1656
134.3239 30.3377
134.5298 28.3787
136.2777 32.7867
134.3441 30.2878
139.3117 34.3978
138.6568 30.8913
138.7126 31.4904
138.8504 30.5943
137.8266 31.5140
127.2550 27.0618
135.2412 28.0950
139.2145 30.8281
132.7792 26.3001
139.0895 31.3047
132.1748 26.1722
138.3353 31.5198
134.9627 29.7644
136.2859 33.4523
137.5700 30.9838
137.0077 31.1871
136.8754 29.8951
136.6033 31.0872
133.0307 29.7002
136.3853 33.2045
135.9965 30.3259
137.6890 33.1593
135.7353 32.5160
134.6898 25.5795
136.3313 28.7994
138.8836 30.9413
132.8488 27.0951
134.8955 28.1239
135.2058 29.9008
139.1879 30.4044
131.6932 30.7354
139.4644 30.2447
127.1804 27.2886
132.7854 31.2084
134.3584 26.2168
134.5185 29.1104
131.5845 30.7458
138.9947 30.9140
135.2271 28.5318
136.5195 32.6181
139.2100 31.2209
135.8543 30.0249
135.8246 32.4862
139.0778 29.9892
128.3913 28.9054
136.6652 33.1024
136.8663 29.8062
135.1874 28.8367
136.6728 29.7773
136.8403 29.7243
137.3963 31.4216
131.3598 26.3614
133.1240 26.5329
138.9583 31.1680
136.7709 29.9762
132.1548 30.6651
133.7442 31.1142
139.0909 31.1819
137.0956 31.3610
138.7567 31.5056
138.8736 33.4449
135.7579 32.4047
136.6548 30.9972
131.8366 25.9898
134.9111 30.9802
128.5957 29.2923
136.2523 30.3842
133.8931 29.7837
131.4743 30.3935
139.0162 31.3269
135.7422 29.1367
132.1821 26.2719
134.1962 26.3449
135.8558 32.5350
135.9904 28.7436
136.6340 29.7412
132.1624 26.9342
136.7488 31.2945
137.8865 34.3378
135.8788 32.9882
134.6855 30.9684
134.2866 28.2541
139.2314 30.1832
134.7408 29.4204
134.3167 30.9984
134.4777 26.7924
139.3075 30.7668
138.5799 31.2790
137.1077 29.8423
138.9050 31.1010
138.0467 29.9157
134.3637 29.5663
137.7819 33.3910
133.3405 29.5896
140.2946 33.7587
128.7361 25.7914
136.2041 30.6890
138.4167 30.9102
136.4828 33.3562
136.5972 32.9591
133.7034 27.8406
134.1803 28.8656
134.1423 26.2373
131.9156 26.8523
136.6993 31.1874
138.9449 31.2383
131.3523 30.4559
136.1275 30.6129
138.0728 30.5227
135.6668 29.3917
136.5536 31.1357
134.0581 30.3334
138.1462 30.6546
138.4126 31.4901
135.0163 28.7259
139.3757 31.0139
139.3087 30.9276
134.4955 27.0213
138.8328 31.0114
136.8276 29.8211
133.1067 30.6346
135.9540 29.9366
139.6246 33.0181
134.2728 26.1042
131.8878 30.4615
132.2375 30.7003
137.8595 30.7370
136.6234 29.7170
136.4558 29.6535
136.1871 30.7221
136.2913 30.8848
133.8924 25.9242
134.2206 30.2944
134.0259 25.7982
138.6203 30.8250
134.5264 31.4673
132.7452 29.0784
137.0903 31.3541
134.3760 26.6633
132.9541 29.3460
138.3795 33.5569
132.9419 26.8676
136.7442 31.2517
138.8141 30.7702
134.0707 28.7820
135.0299 28.8453
133.2033 31.4757
139.2108 29.7006
136.0104 29.9640
132.2880 26.8066
136.7534 31.3915
126.9717 26.6155
134.4719 30.5205
127.3301 26.7179
136.8524 30.0359
136.1609 30.8048
138.2379 30.6608
139.4008 30.9399
132.4239 26.8654
137.9217 31.0113
136.2579 28.7082
138.1526 30.4491
135.9708 26.2925
138.8727 30.7510
131.7780 26.3168
139.0742 30.2422
131.2885 30.4274
136.1177 32.4740
136.2350 30.7758
136.9865 30.0241
139.2983 30.1049
136.4743 31.0033
128.5623 26.1359
139.0785 31.4157
138.3408 31.5022
136.6539 32.8085
138.9543 31.1365
134.5990 27.0625
138.8810 31.3212
135.8840 29.2663
135.9957 30.3756
132.6831 27.1391
134.0515 30.8467
136.1966 29.8177
136.6725 29.8470
137.2686 31.4198
136.0955 28.7086
134.3910 31.1741
138.4620 31.4429
128.3180 28.8211
133.4030 28.1114
139.3125 30.3400
136.3102 32.9109
137.1531 29.2767
129.6178 25.0969
129.6172 24.8474
137.5639 29.4436
131.2848 30.3647
128.7870 29.9170
134.5554 25.5747
134.9869 28.8527
132.0225 26.1201
136.2545 29.7205
133.0356 31.9969
139.3848 31.0262
132.6190 30.5291
139.1507 30.9323
134.6606 27.0449
134.3445 31.2401
136.4646 32.3201
139.0913 30.8838
138.3841 31.4616
134.5301 26.8203
138.1941 31.5037
132.0576 30.8134
138.6792 33.4083
128.8169 29.8277
132.7272 27.4233
134.7070 28.2515
134.3202 32.5705
138.8757 31.1908
135.0464 30.3566
138.9687 30.4281
135.2336 29.5751
136.5718 33.1045
135.6304 32.7274
135.2320 29.5012
134.9016 28.4580
136.4896 33.0907
139.1481 30.5412
133.1516 27.1787
132.8823 27.2397
134.5777 28.7888
134.8391 30.5406
138.5001 33.8214
127.3244 27.6973
135.4465 29.3517
132.0637 30.6007
127.6788 26.9697
132.4758 29.2896
135.1676 29.7886
139.2829 30.5224
135.0059 28.0401
130.5451 26.3077
131.9422 30.6805
134.6770 27.7268
139.0110 29.9139
134.2249 30.5759
135.7312 29.1641
135.6028 32.5881
138.9537 33.3677
138.5415 30.8002
127.5955 27.6102
134.2964 30.8589
136.2880 32.6084
128.3311 28.9645
138.5196 33.5204
138.4625 31.4522
135.2494 29.3799
136.4781 33.0596
139.3571 30.6856
134.7861 31.0890
131.4087 30.6056
135.3592 28.8535
137.1382 29.7670
136.2094 30.4955
131.3975 30.6114
133.1787 31.6792
127.2074 27.1176
135.9229 31.9989
131.7755 30.6330
127.9949 28.5131
133.8315 32.1651
135.4825 28.8494
138.6382 31.4869
134.8574 28.6870
136.5094 33.0620
139.4302 30.5999
135.6531 28.8172
135.6614 29.3009
133.1913 31.2501
131.7528 30.5495
137.5295 31.4742
136.8165 29.1851
137.3592 29.2634
138.9066 29.7893
137.8737 33.3115
137.4254 29.8592
135.4881 29.2684
135.7763 28.6854
134.2024 30.9777
137.2630 30.1585
132.1842 26.5962
132.2502 30.5228
136.4127 29.6502
135.0965 28.2048
137.2458 31.1239
139.1254 30.2813
135.2125 33.1819
134.7492 31.1033
137.2961 29.0959
135.4999 29.3767
137.0177 33.0014
137.9977 31.5274
136.7350 31.1335
137.3365 31.4231
133.6252 31.3906
135.4496 28.8659
138.1998 30.9293
135.5573 29.2822
132.6919 30.0790
135.3162 32.7558
135.4192 29.8773
131.9684 30.8312
134.0429 30.8861
133.0302 27.6787
130.1375 26.5118
136.8095 29.0965
131.5160 30.5393
136.5303 32.6589
136.5263 33.0711
133.7942 30.0298
138.9274 30.0832
136.2906 32.8960
139.0552 30.1987
138.7760 30.7485
136.5952 29.4926
139.3087 34.9075
137.1208 30.4519
138.4615 31.0830
137.1001 33.6577
137.3295 29.9829
139.3261 30.3967
137.1361 33.6725
138.0168 31.0686
137.2295 30.9499
135.7174 32.9568
137.5298 30.6275
135.9783 33.3808
139.2481 32.8015
137.6801 31.0880
137.4354 30.5608
138.9172 30.7542
136.9698 33.7118
138.5684 30.8074
136.9387 33.7551
137.2108 30.2897
135.8442 33.0157
136.8900 29.8594
138.1198 31.1100
137.4104 29.3641
137.9894 31.1037
139.0000 33.9075
137.5575 30.5634
138.6093 30.3594
136.3151 33.5651
137.2525 30.9425
135.6075 33.0022
136.8782 29.9586
139.1079 30.4845
139.5436 34.5455
136.3072 33.2712
138.8866 29.6961
136.2099 30.4997
136.7581 29.9214
136.0314 30.0705
135.9670 32.9226
139.2184 30.1194
137.6470 31.2030
139.1140 30.6712
137.6022 30.6410
138.0483 31.0519
136.6514 33.2085
138.3376 31.2347
136.7874 29.7698
135.9642 29.2611
136.4624 33.8955
137.2811 30.2807
139.1257 30.8151
136.8218 30.0687
144.0182 36.2613
139.5218 30.1759
137.6651 30.4670
139.6440 34.1625
139.0897 30.0077
136.0150 33.0792
137.2972 30.1314
136.0846 30.2385
136.1886 30.7138
136.7241 31.1156
139.1261 30.9342
139.1140 30.6333
136.2733 30.4465
139.0100 30.7166
136.6570 33.6683
136.5814 29.7670
136.2157 30.7538
137.5568 31.0820
136.1311 32.9778
139.2308 33.8127
139.2761 30.7787
135.9715 33.0405
136.0960 32.7805
136.8501 29.9962
137.1170 33.6346
135.8475 30.2091
138.6380 30.4277
136.0552 32.9631
141.7581 34.7007
137.8297 30.2491
136.4828 29.0593
138.6902 30.9216
142.1485 35.2564
136.7312 33.8824
137.0208 29.8389
137.3842 30.0716
136.1344 32.8879
136.1210 32.9837
138.1917 31.0330
137.5309 31.0010
136.4570 30.6258
139.2601 30.0497
136.4940 33.9069
144.7109 36.1629
136.3037 30.4730
135.9021 29.7766
136.6501 31.0505
139.1797 30.0204
136.1622 30.0827
139.9770 34.7291
136.3717 33.3382
137.1376 30.2789
140.3358 34.0980
137.0561 30.7610
137.0882 33.7192
138.7529 30.8854
137.7402 31.1067
136.6413 29.7763
139.0107 30.0565
136.8712 30.6336
137.0684 29.9466
137.6774 31.2209
139.0427 29.7330
136.2058 33.6734
136.6545 30.5579
139.1277 29.6730
138.3607 31.0180
136.5880 33.2410
137.0938 33.4674
138.2009 31.1005
139.4484 33.9456
139.4015 30.6375
137.2766 31.0071
136.5077 30.2253
138.8738 29.7666
139.6563 34.0611
139.1070 29.9318
135.9293 32.8926
135.9259 30.4641
143.0304 37.1614
139.0856 30.4315
136.3773 29.6624
137.3292 29.9989
139.0063 30.8466
134.4781 33.1068
137.5718 31.0700
136.2345 32.9041
136.6348 33.8821
136.8290 33.5988
139.1929 30.4680
139.3866 30.4207
138.6953 30.7362
136.4758 32.8837
136.2120 33.5055
136.4727 30.5738
136.7520 29.6322
139.1011 30.0418
137.1348 30.9528
138.6086 30.7475
137.1779 31.2396
139.2225 30.4099
137.0635 30.5553
136.4796 30.6568
136.0491 32.9712
136.8554 30.0694
138.0061 31.4173
137.4491 31.3248
139.2086 30.4253
136.4878 29.8513
142.1286 35.0566
135.4857 33.1242
139.4032 30.8605
136.1206 32.9420
136.8596 33.7307
136.6096 33.2444
139.7241 33.8508
136.6360 30.6748
138.8723 30.8301
139.2400 30.1147
136.9427 33.7051
141.7068 35.2743
135.9827 29.7135
139.1903 30.3242
138.3401 30.7180
136.7506 30.8093
136.9338 34.0355
137.1482 34.4546
138.9665 33.8046
137.8077 31.2500
136.9943 33.5875
136.5763 31.0350
137.5102 31.0648
136.7366 33.5900
136.7468 30.3295
137.1184 33.4725
136.3192 29.6854
137.6035 30.3926
136.4568 33.7421
137.2171 30.8902
136.5053 30.0699
140.4597 34.4959
138.8417 30.8127
136.7259 29.7367
136.4788 29.7284
136.3566 29.4778
136.1940 33.1640
137.1954 30.6281
136.5464 29.0928
136.8440 29.9626
140.4516 34.9494
136.6833 33.7543
135.5589 33.3113
136.5522 33.4521
136.4942 30.9575
135.8506 29.9828
139.4328 30.8952
138.4975 31.2016
139.1851 30.8731
137.1032 29.6827
137.0293 30.2841
136.8735 30.8115
136.8156 33.8785
136.8724 30.5838
137.4753 30.1968
137.9690 31.2827
135.6426 33.2619
137.2034 30.9657
137.9588 31.2874
136.3684 33.7739
138.4520 30.5470
136.8161 29.6373
136.7970 30.1181
137.0081 30.1554
139.4222 30.7840
137.0537 33.5796
137.2363 31.1020
136.1619 30.4331
137.6602 30.6036
136.2665 33.6305
136.3404 32.8071
136.5880 30.7086
138.2756 31.0738
136.5226 29.5095
136.2195 33.6193
137.9951 31.0967
139.1017 29.6643
136.4269 30.5405
136.6925 30.6082
136.7716 29.6328
136.0666 30.2954
137.4609 34.5840
138.7263 30.7341
137.2650 31.0141
136.2919 30.1226
135.6747 33.2231
138.9729 30.1150
137.6035 31.2083
142.0593 36.2979
137.0483 30.8945
138.8739 30.1315
136.1514 32.9117
136.0332 33.3874
136.5592 29.5148
143.2008 37.1070
136.8020 30.3938
137.0363 30.8809
138.1322 30.7759
138.8015 30.3229
139.3904 30.1896
136.9298 30.8143
139.9072 34.5404
137.8634 31.2550
137.9169 31.2656
139.0513 29.9515
136.2518 30.5337
138.5503 30.7814
137.3556 29.7336
136.7730 29.1240
136.0141 33.4108
136.1393 32.9479
136.4990 29.4630
137.0368 30.8046
136.4547 29.9778
138.4529 31.2332
137.0724 29.7884
138.2245 30.7183
136.1288 32.7592
136.3263 29.8868
137.0598 30.7384
139.0471 30.1782
136.9308 33.6074
139.0518 29.9202
137.0298 30.2354
137.1247 30.9612
136.1079 32.9772
137.0148 33.4445
138.9213 30.7785
136.4911 30.3652
139.8004 30.5207
136.6932 30.7141
138.6756 30.4266
136.0398 30.1146
136.3543 30.3331
138.1572 30.7518
138.1356 30.8959
138.1711 31.2584
137.9400 31.1053
136.9627 30.3138
139.0379 29.6522
137.5023 30.1288
136.8200 30.6748
138.0711 31.2788
136.5404 29.6235
138.9695 29.9047
137.5122 30.3584
136.3890 29.5347
136.8670 29.1364
137.1937 29.8460
139.0569 30.6154
129.0289 30.1806
134.9310 28.7527
136.2870 32.7512
135.5675 30.6384
134.3957 27.4424
140.1863 34.6475
130.7200 28.9513
139.1559 30.6866
144.8716 35.5927
135.9419 32.3279
133.8608 31.8419
136.8751 28.9141
128.2768 29.0496
138.0310 33.7811
136.7307 32.8990
133.3066 30.9619
134.2832 28.6932
136.7557 30.3853
140.9690 34.3225
138.5093 29.9317
133.1413 30.2755
131.3554 30.2798
133.5663 29.7606
135.3805 28.5615
129.9921 25.0237
133.0977 29.3717
131.2980 30.9783
132.9489 29.5697
134.1277 31.0523
141.3269 35.6089
134.7664 28.3941
134.9879 27.8342
135.7944 27.3232
135.9572 33.1413
136.7383 29.5595
133.7970 29.1522
136.6193 30.9481
138.8145 31.3809
136.5348 31.0170
136.5267 29.1187
127.3768 27.0485
139.9200 34.4875
138.6272 31.1939
135.6538 28.6383
137.4189 32.9432
134.8212 28.0702
138.8642 30.4427
133.0202 31.6908
138.2522 31.2832
139.4162 30.5746
124.1755 28.0592
137.3308 31.7462
134.2237 25.5972
134.7447 26.6048
128.1253 28.5780
134.3612 25.8414
138.3843 30.0976
137.1949 29.0651
138.9666 30.4858
134.7575 33.5196
137.2824 31.1395
137.5867 31.2039
135.5590 32.9233
132.6503 29.5134
138.7177 31.1365
136.6668 28.9027
128.7692 25.5117
136.0690 29.5787
132.6971 29.5219
134.1880 28.5578
139.9350 34.3899
136.3861 33.4400
133.0216 30.4051
137.4166 32.5862
137.5929 29.3197
134.5705 28.9435
139.5952 33.5918
134.3076 25.9416
136.2721 29.6562
138.6905 31.0189
131.7152 26.2865
140.7619 35.0400
128.5267 28.0543
136.0276 30.2602
134.4714 28.0611
137.3873 30.0593
137.3350 31.3149
132.9922 30.9086
127.9475 27.7726
134.1929 25.8026
132.9622 31.1676
136.7177 33.5183
141.2648 34.2142
133.8354 30.9625
127.8054 30.2113
137.8413 34.3204
134.1840 32.5315
132.4824 32.0817
137.4204 31.3793
137.4637 31.5137
139.4709 30.6437
137.9775 29.6282
134.4686 32.2522
133.2931 27.9870
134.9175 27.7608
132.3021 29.9293
138.2324 30.1459
131.9527 31.2915
136.4954 32.4525
136.3137 32.7989
135.1965 30.7849
138.5243 31.4214
134.6462 28.7407
132.0970 30.7813
135.7971 32.5101
138.1871 30.6250
137.5457 31.4435
135.8754 30.3121
131.8575 30.9651
133.6605 28.6807
135.9396 32.7951
135.0318 30.1926
135.2574 28.4148
136.8833 30.0170
139.4684 30.3838
127.3791 26.4688
132.9688 31.6638
135.6851 32.5591
134.8678 29.7901
133.1264 27.7587
128.8485 30.0569
136.3512 29.5944
135.3129 29.4200
134.8521 28.7404
133.9076 31.2380
130.8789 30.7308
138.8913 29.8503
139.3360 30.3211
134.0441 30.5247
138.9908 30.5884
136.4162 30.8171
133.0539 30.2735
134.6538 29.9847
134.5870 28.8433
137.8068 31.3005
131.5465 30.5792
129.4407 30.2215
135.0761 28.4864
139.1899 30.3659
128.7450 29.2499
139.1684 30.4544
134.6566 27.9227
132.1552 31.9835
136.2699 30.8079
135.9088 30.1450
137.7766 30.9725
136.7631 29.1197
135.2287 27.9913
139.0782 30.5525
134.5926 28.2913
134.3873 25.8566
138.5916 31.4214
134.9932 30.0620
134.5167 31.6823
134.4400 28.7763
134.7137 28.4013
134.6574 28.7757
135.1683 28.9915
138.4505 30.9264
135.9713 30.3274
138.4837 31.4299
137.0900 31.2140
134.7983 27.9481
131.9400 26.7849
127.0827 26.8353
138.6010 31.4079
136.3167 32.6700
132.0036 30.4858
137.4114 30.0997
128.6780 29.5444
134.8593 30.2572
134.5451 26.9052
140.8811 33.7712
135.1758 28.2931
135.4550 28.2955
134.8872 29.6293
135.0689 30.0669
134.5301 28.6052
138.8007 31.0061
139.3711 30.2593
134.1992 26.6729
135.9041 29.2122
132.1573 31.3375
135.2032 29.4703
131.4041 30.4557
136.2857 32.9948
138.2211 31.3895
136.5051 33.6650
134.7360 26.5062
132.5384 29.6885
139.1406 30.7535
139.1051 30.6382
136.8097 28.9705
136.9934 29.6414
133.2708 30.6975
136.8189 32.6977
139.1106 30.3341
136.0777 30.4084
136.2377 29.8382
136.5382 29.8522
134.7399 27.1944
130.7960 28.6005
127.5708 27.7962
134.5513 30.2036
139.6370 30.7974
141.0392 33.4345
135.9126 29.1197
135.0167 28.1974
137.1295 29.0659
134.1654 26.0026
138.9429 29.9640
139.2070 30.7949
134.7084 28.3365
139.2942 30.9345
139.6515 30.5797
134.5115 29.7515
140.1551 34.5440
134.6732 30.2160
134.9330 28.4064
134.1434 28.7976
135.7988 32.9676
139.4052 30.6343
134.7487 26.8257
137.3017 29.7306
133.2567 29.5636
135.2720 30.3808
133.3115 30.7301
135.1565 30.0421
137.0590 32.7867
136.3005 30.4027
135.7657 32.8559
135.3893 33.1611
135.6894 28.5165
135.9689 28.6877
139.6265 29.7041
134.5070 29.5420
134.1897 30.6740
139.1308 30.6574
138.7299 30.7266
136.4737 30.6468
136.7791 30.0145
131.9094 30.2223
139.1402 29.7689
134.9842 28.7239
136.4377 30.8321
131.3654 30.9003
139.2001 31.1746
137.1293 30.3160
129.0346 29.9174
128.7392 26.2171
137.5869 31.5247
135.0463 28.0343
135.7710 32.7777
139.2462 29.4342
139.6988 30.2873
128.8890 29.6072
138.6524 33.6288
128.7300 26.7319
138.9983 28.7319
134.5898 27.3125
136.4926 29.5447
136.7002 29.6504
134.6950 30.4109
131.6734 31.1065
136.9427 33.2691
134.2494 27.3676
135.3616 31.1604
139.5495 30.7953
139.3088 33.3302
136.5159 28.8448
139.6157 33.2812
136.0666 28.9204
139.4205 30.5433
138.7035 30.9005
134.7333 27.3035
134.5071 28.3958
138.1559 31.3334
128.8058 28.2588
131.6318 30.6274
136.4182 29.1545
128.8325 26.3432
133.0916 29.5766
128.8736 25.3476
136.1288 29.4767
138.0666 31.4317
128.2939 29.2300
135.4593 32.9989
134.9487 28.2514
135.5409 32.7893
136.4508 30.9853
136.5964 28.9891
138.2801 30.4995
139.2148 30.6950
138.7824 33.9256
136.3329 30.1283
136.5752 30.0657
139.4366 30.9151
139.2355 30.8210
138.9238 30.9916
139.0721 33.6329
137.9163 32.5365
140.0230 34.3621
139.5269 34.1258
139.2423 30.1701
136.1555 33.5044
136.8315 30.2323
139.8818 34.5774
137.0777 33.0610
138.8857 30.9231
139.0146 29.6674
136.8938 30.2981
136.1279 33.6344
142.2728 36.2304
139.0271 29.8452
136.3439 33.8949
138.8834 31.0781
135.5711 33.0306
137.0629 33.4381
135.9177 30.4620
139.2599 32.7903
136.5524 33.0063
138.8238 29.8724
135.7118 32.9080
135.6734 33.2122
139.8865 34.7492
136.8009 33.5853
127.5233 28.0364
135.5024 32.9631
136.7829 33.3083
138.3703 34.2813
138.3156 30.7668
136.5608 33.1338
136.4665 30.7644
135.5721 32.7476
138.1646 30.7711
137.0718 33.3032
139.3878 30.9048
136.0574 33.3170
135.3833 33.0509
135.5065 33.0077
135.9810 32.7826
136.6809 31.1446
136.2956 33.4380
136.6049 33.0103
135.5565 33.2428
135.4422 33.0010
138.4961 31.2910
135.9981 33.2231
135.4471 32.9739
136.4654 29.4863
137.9011 30.9348
136.3118 29.5286
135.6713 33.2550
138.6847 30.3354
135.9432 33.2768
135.7971 33.2798
140.8936 35.5487
138.7490 31.2063
136.4508 32.8792
138.2628 30.7991
138.6592 30.5122
138.9291 34.3192
136.1634 30.7336
136.1786 33.4810
136.8184 29.1241
137.0421 33.2564
137.2887 31.3045
135.9521 33.4657
134.5821 29.6193
138.7088 33.9002
136.3820 32.9251
136.8602 33.8390
136.3764 33.0595
135.7247 28.9901
135.8026 33.1561
140.5432 34.3127
136.9919 33.7003
136.3970 30.0941
138.9318 30.7611
135.3400 33.0865
137.0237 33.2025
138.9859 30.2388
136.2979 28.9312
137.0736 33.4314
137.4358 29.9371
136.6909 33.6290
135.5322 29.2479
136.5051 29.7982
138.0257 30.9443
137.5663 31.1026
137.4875 29.4267
139.4194 30.9807
138.1754 31.1683
137.3290 31.0676
134.9716 29.7486
137.1731 30.4076
139.1932 30.5855
135.4952 33.2166
138.9003 31.0795
140.5618 35.4340
139.4045 29.8264
138.4848 34.3150
127.6553 24.3251
130.5466 26.5901
136.1274 33.0228
130.8114 26.6911
132.5103 26.8952
129.3950 30.2899
127.9219 25.5691
132.0584 29.4821
135.7080 32.9189
139.2144 30.6472
137.0817 31.0980
131.1114 26.5126
137.6796 31.5075
138.9160 31.2543
136.8508 29.6986
132.7279 26.6160
141.1979 33.7914
132.1799 26.5059
135.4048 29.0075
135.9495 32.7311
130.0927 26.5278
136.0580 29.8989
131.9133 30.5443
136.9348 29.8362
131.9117 30.6403
139.1602 31.0940
135.8619 32.5032
136.1272 30.6503
138.7591 31.3294
134.6416 27.9544
132.0757 30.6931
138.9868 30.0614
131.5070 30.3780
135.7531 26.1635
136.7342 31.1419
136.1220 25.2158
132.5924 31.4354
126.9086 26.9307
134.0299 30.7533
138.2178 33.5206
132.8054 32.0650
139.8046 34.0869
136.1053 29.7116
131.1219 26.5625
136.2740 32.8262
138.9832 30.1636
137.5368 31.5126
133.0807 27.8195
135.6095 28.5596
135.8194 32.6131
139.1599 30.7388
135.0855 28.0209
136.8576 29.8161
137.3326 31.3963
140.0517 34.3243
134.9629 27.9764
135.2606 29.6608
130.6129 26.2491
136.8357 29.7851
132.7869 28.2720
136.8835 29.7993
138.9198 30.8694
134.0940 29.2135
138.0725 31.4946
136.3643 32.7991
137.1739 30.1595
132.1136 30.6633
136.7301 29.7254
135.4433 28.5166
131.4334 30.6487
136.7690 29.7026
137.1758 29.8048
136.0600 32.7411
136.3144 29.5753
139.0400 31.0923
136.8090 29.8142
136.8573 31.3573
139.1096 31.3509
138.5396 34.0687
135.4408 28.4543
137.4434 30.2279
138.2389 33.6039
135.4535 32.9785
140.9800 34.2158
136.8658 29.8275
136.8421 29.8024
133.9405 28.7862
134.8197 27.4298
131.4436 30.4397
138.2082 30.5822
134.2971 26.5465
130.8335 26.2684
137.7647 33.2655
136.1458 30.2848
136.8930 29.8346
132.1566 27.2575
137.3514 30.1187
129.4762 25.7628
132.3851 27.0854
131.7907 30.6406
132.0638 29.3811
129.3418 26.3069
136.2325 30.7362
136.6739 30.0299
137.1683 30.1935
137.7264 31.2521
138.7374 30.2412
136.6019 29.6505
138.5496 31.2449
138.4419 31.3653
139.0966 29.7993
137.2911 30.0696
135.9009 32.9134
138.2117 30.3384
136.0797 29.9686
136.8267 30.0737
136.4486 30.0778
139.0737 30.1504
138.0689 30.9023
136.9997 33.2860
136.1382 29.5945
138.8637 30.7197
136.8288 33.9423
137.2902 30.2503
138.1652 31.2339
139.4618 30.4016
135.5239 32.8126
135.5375 33.0089
139.4054 30.7218
138.9556 30.8952
137.2052 29.8506
137.5276 31.2490
137.1935 29.8806
137.4585 34.5761
138.7380 31.2083
139.7597 33.5825
136.8212 30.1208
136.3878 33.2036
139.0142 30.2010
137.3418 30.2155
135.6187 32.9289
138.9254 30.4323
136.7980 30.8460
136.4108 30.7288
136.6610 30.1054
136.8758 33.5778
136.3619 33.8729
136.0677 29.8566
136.0374 32.7660
136.8358 29.9542
139.8334 32.5335
137.9240 31.2960
139.3052 33.8292
135.8676 29.0997
136.2735 29.8633
136.9088 33.9233
136.2283 29.7586
136.8327 30.0739
136.5416 30.9444
136.8333 30.1375
135.8851 33.2290
136.6474 31.0096
137.3535 29.9490
136.3644 33.1937
136.4852 29.6119
136.0993 29.7660
139.1194 30.6021
136.2024 33.3797
136.0304 30.2504
136.3495 30.7318
136.5950 33.0259
136.0213 29.9319
136.3228 30.1153
136.0192 29.9473
138.8901 30.7659
138.6839 30.1886
136.4539 30.7792
137.1758 30.1835
139.0300 30.1960
138.5385 31.2990
136.0580 33.5113
137.1733 30.2813
136.7706 30.9647
137.3196 31.1870
137.3176 29.9762
136.8683 30.2638
136.4566 33.9253
138.3944 31.2791
138.7519 29.9181
139.2711 30.2346
138.2483 30.3964
136.8376 29.6922
137.3232 30.1147
135.5076 33.0713
137.3383 30.0220
136.6680 30.7886
136.1012 29.8070
135.9505 33.3260
138.8471 30.6198
136.2992 33.0912
136.3488 30.6734
137.2778 29.9660
136.1751 30.2508
137.6287 31.3117
135.6479 29.4023
138.4774 31.2871
137.6039 31.2635
139.3680 32.2077
138.4597 31.2740
136.3882 33.0477
136.6326 29.5949
141.4741 34.8339
137.8921 31.2978
137.7500 31.2884
137.2612 30.2662
138.9395 29.8472
138.9628 30.0783
142.8046 36.5076
137.2260 31.1642
135.9473 33.2741
135.6592 33.1500
136.9492 29.7009
137.0826 33.5452
137.2313 29.9115
136.8916 29.9769
138.3384 31.2855
140.7725 33.0362
136.6120 30.8561
136.5542 32.8529
136.4330 29.9212
139.3339 33.9810
136.1207 30.4393
136.9630 29.5942
137.4378 31.2259
136.0509 29.8826
135.9636 32.5166
137.5623 29.7407
128.4165 29.6213
137.8130 31.1323
136.9213 30.4175
135.6836 30.3846
138.5533 31.4136
134.6122 28.5257
134.3771 31.5358
138.9963 30.8800
135.9159 26.9271
133.0379 29.2909
133.4888 30.0877
137.0127 29.7092
137.1379 31.1846
136.3334 32.8557
136.1037 26.4134
132.2969 28.5913
136.8885 30.7703
138.6252 31.0323
134.3855 31.7493
140.5092 34.4400
131.2697 26.1611
134.7097 30.3818
131.7110 27.3725
135.6358 28.2018
132.4944 26.5382
133.8603 25.6895
139.2100 33.2140
135.4857 25.6895
135.6190 28.5557
127.8397 29.1003
135.7255 33.0056
126.2885 28.8370
132.7015 27.3047
126.0447 28.9405
133.4522 24.8750
136.9228 31.4160
131.0307 26.5828
137.6053 29.5753
132.7794 30.2635
136.3490 26.6360
132.4777 30.5635
138.6671 31.3487
134.8778 30.3093
135.8021 26.5825
135.6763 30.0651
138.9256 30.2318
130.7068 29.9239
136.8756 30.0514
133.7801 30.7549
138.6269 33.2674
131.8506 30.0121
134.5451 29.5752
139.4582 30.1413
134.5217 25.8537
132.8614 28.3094
131.6909 30.0000
135.8558 32.3658
129.9540 25.0763
127.7983 28.2528
135.0397 29.3181
134.3602 31.0151
139.4446 30.4508
128.9055 24.2777
127.5130 29.3783
134.1827 30.4267
133.0199 31.3045
133.2480 31.3420
137.0653 29.7656
136.6264 33.3144
134.3216 30.3679
134.2642 31.3874
137.9901 33.2436
138.4411 31.6877
134.6743 28.9675
134.4093 29.2443
134.6711 29.8283
135.1624 30.1436
136.7282 31.1056
133.2923 32.2407
133.1535 31.2212
134.4228 30.1160
134.8672 25.3233
127.2160 22.7273
129.2375 25.0267
135.4929 25.4700
129.6093 27.3030
134.6099 30.1479
134.4106 30.1824
137.3811 32.2136
135.3389 30.2732
135.4120 28.8448
135.7079 25.2619
133.5765 27.6614
128.6025 25.9795
135.0491 30.7041
133.4848 24.7589
134.2086 28.4355
128.7036 25.8931
135.9613 26.9666
134.5354 27.7873
133.6046 24.7645
134.7274 30.4966
133.0842 28.4143
137.3574 31.4138
132.0425 24.6840
134.9467 26.6344
135.9093 25.8646
128.7729 23.4221
132.0779 27.6079
135.3144 25.7049
127.3667 22.6806
136.3612 26.2227
135.0463 28.8328
135.2373 25.1887
134.8502 28.0978
135.6957 25.8924
133.9954 25.5262
135.3045 30.3888
137.7729 30.9852
137.8034 30.9398
134.4175 31.5641
129.6495 25.8424
127.0613 22.9975
132.3347 29.7910
134.9307 29.2904
134.8523 28.1336
135.2841 25.6077
134.0215 24.9297
131.5848 25.5861
130.2304 25.6347
135.4432 25.1439
135.3109 25.1504
135.0853 30.5180
135.5416 25.3402
135.8860 26.2869
134.4212 24.9684
133.6527 24.4580
134.6419 27.9847
131.5184 30.3933
138.3046 31.5562
135.9939 26.8431
133.4792 30.4668
134.7386 30.5189
137.4695 31.4645
132.8114 27.3594
129.2072 29.9721
133.8405 31.0551
134.9773 30.2024
137.0261 32.3895
135.5777 32.8871
137.0493 29.8491
138.3135 33.2016
136.2561 32.3580
134.2529 27.9784
135.7807 32.7093
129.7561 25.5652
132.1354 26.3947
134.8845 30.5372
138.6703 30.6251
129.6444 29.2358
135.2854 28.5608
139.4355 30.0454
135.1097 25.5694
136.1654 29.1907
134.7447 27.4078
136.1462 32.5625
128.7450 29.4798
134.1879 32.0282
138.5023 31.2986
135.9507 29.9916
127.6538 27.4535
133.8278 30.3866
139.3756 30.9032
131.6180 30.6335
136.5803 32.5280
133.1421 32.0544
139.3378 29.0065
137.1638 30.2917
132.8674 29.5710
136.2036 32.8550
134.8462 27.6163
132.6676 31.2148
136.0655 30.6633
137.3472 30.1137
134.8686 30.1893
139.0063 30.5794
137.9379 31.4356
134.4085 28.1021
135.7812 28.6977
133.0123 32.0125
133.9261 28.6522
139.2910 29.1893
139.3165 30.5727
136.8094 32.9970
135.6643 26.1526
130.9756 29.7980
132.7149 31.1549
139.1611 30.8054
139.2032 30.4650
132.9601 30.4003
136.2892 29.8382
139.7083 30.8176
135.2774 32.7390
139.6417 30.7680
134.9310 30.1425
138.1216 31.2470
136.4818 29.9971
139.7304 30.8825
137.1741 30.4454
138.5041 33.1898
131.6699 30.4317
138.4853 31.1586
135.3024 28.2829
134.5185 25.9925
134.4923 27.0050
138.2715 31.4434
136.0201 32.1122
139.3094 30.5475
124.6200 30.7225
134.8552 30.1456
140.0995 34.7451
135.5817 32.8466
135.4007 33.1370
132.6174 26.8364
138.7436 31.4783
135.1926 30.3484
134.7833 28.6849
136.2117 32.4563
134.3124 30.7622
135.7613 28.7356
134.3031 29.0597
133.7404 31.5955
134.2688 29.6099
135.9898 26.5251
128.5454 28.3472
139.2760 29.3926
133.5139 29.3856
136.7187 33.0552
139.2322 29.5422
136.9547 29.0567
129.1740 28.3808
135.1226 30.2407
133.4931 28.0396
133.0580 30.8293
133.5206 30.0495
139.3630 30.6507
138.8996 30.6121
133.7864 29.8808
134.2745 30.7634
136.5320 29.8360
132.7408 30.3734
127.5520 28.1692
133.9780 31.4605
137.1180 30.1321
139.0525 31.2265
134.5352 32.1251
136.0990 30.0064
133.9777 28.5827
134.5450 29.3792
136.9397 29.0289
137.2845 30.0106
135.7656 25.7980
129.1296 27.6720
139.2328 30.1278
137.3345 30.0787
129.9720 25.9433
132.6458 28.8470
133.9818 25.9511
133.2734 27.3306
128.7399 30.0921
131.7855 29.6470
133.9765 32.1786
132.1920 28.8559
136.1059 32.7249
129.4748 29.7265
134.2271 30.8541
137.6002 31.3923
138.9447 31.4133
136.7719 29.7980
135.0508 25.4287
137.2533 29.9018
134.5643 30.9577
137.4673 31.3475
139.2269 30.3265
135.2934 32.6783
133.1875 28.1734
137.1090 31.3820
136.9499 30.1079
139.0162 30.1548
131.6720 30.5769
134.1959 26.1627
135.9973 26.7652
134.2886 26.5917
128.7525 26.2346
131.2977 30.4938
137.3873 31.4072
132.4454 26.9572
139.2895 29.9892
133.4105 28.6444
135.9846 29.9933
134.3991 26.8990
132.7234 30.0253
134.3152 25.6160
134.9032 29.3604
136.8665 31.1918
137.8156 31.4250
138.1786 33.1634
141.6304 35.0791
133.9680 30.6097
135.4806 33.0034
142.6842 36.8181
135.9561 33.1064
138.8849 29.6547
134.8414 31.3655
144.7609 35.8161
136.5081 30.0192
138.8318 30.6369
138.9136 32.6421
136.3496 33.0879
139.7175 30.0694
140.2145 32.3607
139.2675 31.2001
136.7005 30.0039
138.2422 30.9981
135.3952 28.3290
137.0155 30.3500
134.7690 27.4256
142.1587 35.5125
136.4960 29.9371
139.2117 29.4737
136.3198 29.9479
134.6346 32.5172
139.6903 32.1343
141.7579 34.8855
137.5299 33.8141
139.1446 30.2702
138.7637 31.2233
139.4092 30.8177
136.6582 31.3753
133.0992 31.4953
135.1999 33.3484
135.4787 32.7999
137.1007 33.6782
137.0408 30.4132
137.7157 29.3977
128.9061 25.0251
143.9334 36.9715
134.0677 31.5937
136.0927 33.0213
139.2126 30.7004
143.1619 34.8736
143.3232 36.1807
123.5846 32.5371
145.0336 36.5617
139.4700 30.2503
137.9921 30.8117
138.7635 29.9126
138.3230 30.9873
136.2109 33.1162
142.4521 35.9857
138.9293 30.5724
135.8914 32.6648
132.8509 30.9294
134.5620 32.5195
138.8795 31.2929
145.4109 36.2146
130.9246 30.0351
138.7334 30.2130
135.3073 33.0429
139.5330 29.9964
139.9198 30.3039
136.5406 30.5883
138.6964 30.0583
136.5540 30.6954
134.9703 33.6971
136.2688 29.6590
136.2837 33.1501
141.7827 35.4562
138.8892 29.7015
133.9154 30.1555
141.5647 35.2605
135.3681 33.2394
143.1136 35.1935
137.0785 31.0049
139.2727 30.4066
134.6595 31.0766
146.0918 35.6149
139.3824 30.3111
136.2194 33.2677
138.8086 30.6746
137.1431 30.4417
136.8411 29.7878
131.1901 30.0489
138.3286 30.2619
139.0311 30.5073
145.5962 36.7013
128.6264 28.9999
138.4920 33.9147
132.1605 31.4252
133.1924 28.5196
132.6670 29.5454
132.4081 30.6872
132.1061 31.2756
139.4727 34.4093
128.8777 30.0947
134.7961 29.1649
132.0093 30.8873
131.6368 30.7502
131.7133 30.7581
131.9721 30.7917
136.9549 29.8342
131.8291 31.2540
138.1977 31.3049
135.4015 29.4668
137.8668 33.3798
133.3552 31.1474
131.2565 30.4076
134.9900 31.6001
131.1219 30.3533
136.8909 32.6138
131.9330 30.8250
132.7385 30.7314
133.8319 30.1409
141.0295 35.7486
135.0439 30.8081
137.6017 30.2523
131.9670 31.0821
134.3297 28.4183
136.0946 33.3690
139.1928 31.1755
134.7806 28.1000
135.5468 29.3169
137.5586 34.5052
133.1728 31.2261
129.6677 25.8197
135.0102 28.2387
134.2150 30.6227
133.1854 29.7074
135.6919 29.4085
134.6799 28.1217
134.0558 31.4250
129.1365 26.4961
134.8574 28.9924
137.2487 31.1431
131.7433 30.6671
132.2508 31.6988
138.6487 30.4623
138.6115 33.5662
138.9094 33.4662
136.7916 33.0029
132.7488 30.7488
136.6451 29.5692
128.3328 27.9752
132.0845 30.9159
134.6497 27.8319
135.0611 28.7345
138.8956 31.2962
132.1160 30.9996
131.6833 30.5658
135.0005 28.7870
135.4530 33.0761
138.7277 33.5792
136.7362 33.2083
131.9526 30.8960
134.6543 27.5406
138.5398 33.7988
131.9407 30.7102
136.8676 31.0385
136.1541 29.8821
131.4162 30.5814
136.6013 33.2942
135.7547 33.0388
134.6656 30.7108
134.1932 30.8367
135.4610 28.9509
135.1433 28.6538
137.5602 32.3971
138.9338 31.2179
137.2337 31.3051
135.1415 28.1235
131.8954 30.9670
133.2756 31.6057
132.4073 26.4282
133.1692 27.9866
135.3218 29.2401
136.9413 32.9178
135.6302 29.1310
134.9731 29.2137
134.6212 28.1785
134.9920 29.5948
135.1897 28.2942
135.0523 28.0609
136.1003 30.4359
131.9325 30.6656
139.1293 29.9170
133.3793 30.9290
134.4984 26.9137
137.4689 33.5356
135.6996 29.2678
134.7346 27.8714
134.0095 28.8381
141.7218 34.8233
133.3809 31.2925
131.9540 30.7876
132.0582 30.8901
131.4067 30.7521
134.2579 26.2795
133.9692 27.6890
135.0633 28.2741
128.1369 26.3169
136.4340 30.9313
139.1058 30.7076
135.8254 29.9887
138.7944 31.3045
134.5886 28.0127
134.9271 30.1231
134.6754 31.4372
128.1092 28.6044
138.5969 31.3581
134.8016 30.2727
132.8291 30.9607
134.3234 28.1899
134.5895 30.8379
135.6674 31.3934
137.4606 29.1540
133.7272 28.0477
134.9647 29.3971
131.2673 30.9908
134.7569 30.0711
135.2870 28.4385
139.3849 32.5385
138.1995 30.3873
139.2402 31.1225
135.1407 30.1997
135.9601 32.3206
135.3633 28.6714
134.0892 29.4715
139.0638 30.4496
130.9441 30.7881
128.4580 29.0611
134.2106 30.8241
133.7905 28.3597
136.5925 29.5219
128.7729 26.5868
136.8988 30.1996
135.7889 26.9031
127.5184 28.4445
131.2076 26.1638
135.8307 30.3110
134.5679 28.0702
133.3126 27.5988
134.4830 28.3271
133.3252 27.3285
139.5159 30.8600
133.9030 28.6137
132.7449 27.0083
133.9903 29.2368
132.7399 32.0406
131.9457 26.5542
133.9905 30.8517
138.4258 31.4992
135.7592 25.8618
131.6405 27.0746
130.6225 28.2263
127.3485 25.5223
138.6269 30.5431
134.9584 25.4091
129.6103 26.7850
131.0204 26.4346
134.2689 31.4470
134.2697 29.2928
136.1850 30.7430
133.3242 28.0401
135.2508 29.2494
136.9912 30.2108
139.3272 29.7862
133.1442 31.1287
134.5620 30.0060
131.2509 31.1330
138.9057 31.3662
137.5769 30.7549
139.1689 29.6823
133.9516 26.0928
136.1466 32.9972
139.1055 31.2330
135.8730 32.6151
135.7775 32.8013
136.1564 32.4706
138.7703 31.3465
136.6678 30.0799
135.2499 29.9781
131.5320 30.3896
132.1140 30.8195
136.3886 28.8421
139.0679 29.4007
137.7040 31.3686
136.0327 32.7007
132.6234 29.4892
133.0990 27.3364
136.0279 28.5842
135.4126 28.2445
134.7275 28.1444
136.2358 33.3130
137.7069 29.6051
128.0435 27.6972
139.2075 29.5457
132.8218 30.5837
131.4718 26.3015
135.3635 29.7015
134.3969 26.7739
135.7666 32.5130
134.5806 29.6287
139.1078 30.4982
132.6122 32.3068
134.6584 32.4368
134.8041 30.4193
133.8747 25.9344
135.8755 29.9904
137.1533 33.7250
140.0317 34.3105
134.5939 28.7227
132.8447 29.2071
132.0899 30.7499
136.7651 33.0307
133.2444 28.7695
132.3862 26.9462
136.4755 33.0979
134.0933 32.5192
131.4459 30.5745
134.1901 31.1949
135.7045 32.5620
135.5078 32.6584
134.3245 30.8880
134.1157 29.4090
132.9633 29.5150
136.7904 29.8132
135.4886 29.1134
133.1796 28.1842
138.2378 31.4444
140.7464 34.4930
135.3436 30.3249
133.5829 29.9539
136.9277 31.2425
134.2534 30.5175
133.8135 30.9495
133.4489 27.4420
139.6673 30.1802
133.7484 29.9726
138.4926 30.7485
135.6072 32.9452
134.9616 29.0768
138.7636 31.2701
136.4007 30.8765
132.3682 31.1626
135.5364 29.5629
134.2111 26.1231
139.5463 30.3014
127.1129 27.0915
131.3332 30.4667
138.6258 31.4255
132.0479 30.9713
133.5392 29.7408
134.5186 27.0386
132.0043 30.4795
130.1764 26.6563
136.0669 30.4686
134.3854 28.0420
135.4623 29.3795
139.6283 30.7071
134.5136 31.2505
133.4945 30.7171
136.6801 29.9470
137.2598 29.8754
134.9986 28.6545
137.3419 31.2803
137.3726 29.3412
135.3083 29.7692
139.2271 30.0120
134.2911 25.6600
131.3528 30.5839
135.9743 33.4127
134.3981 29.2987
134.9168 30.4990
136.0971 32.4174
139.1145 30.1493
132.4433 30.3522
131.6063 30.7573
129.1288 26.5650
132.1777 31.3424
133.3414 29.6228
135.0887 28.6957
134.2268 25.6747
134.0513 30.9516
136.9381 30.2335
131.4309 30.5683
132.0509 31.2862
133.6367 32.4144
135.4267 29.2355
135.4918 28.8079
134.8965 25.1295
132.4258 30.4247
138.8312 30.9002
134.5884 27.2552
138.6475 31.5846
138.6771 30.4064
139.4503 30.4617
135.3075 30.9127
128.3531 26.3859
134.1504 30.9775
138.1114 31.5215
125.9875 29.3963
127.8841 28.5874
129.5195 25.0041
137.5201 31.5156
128.3616 25.9174
132.8104 26.9899
139.1367 31.0083
128.7678 29.3475
139.1356 31.1848
134.3937 27.9281
135.3367 29.6997
134.8834 29.4199
136.0161 30.3326
134.4859 29.9038
128.3311 28.8999
128.3270 28.7813
134.3440 28.5795
138.0385 30.3791
132.0366 30.8431
134.9748 31.3963
133.6816 31.6669
139.2175 31.0782
134.1391 31.2468
139.1913 31.2073
134.8622 30.2626
131.9055 26.9134
138.8423 30.1145
139.2962 30.8393
139.4805 31.1691
134.9858 30.3770
136.2973 29.6662
134.3040 31.9418
134.5267 30.6368
133.1604 30.4478
139.5203 30.5651
134.4727 27.0293
133.2848 28.8088
135.0297 33.2974
127.5286 28.4583
135.0280 27.9973
135.8976 25.8362
133.2699 30.2037
138.1145 31.6353
137.0152 33.0827
131.4873 26.7666
136.4631 32.7198
135.6691 32.5350
128.8991 25.6653
134.6306 28.3397
137.6178 30.0841
138.5378 30.8553
132.7786 29.6078
132.0625 26.7183
138.2074 31.5234
132.5942 26.8675
128.6004 30.4263
136.9735 29.6859
128.6712 26.5104
131.2444 30.9439
134.9848 27.7216
131.1398 26.1124
135.5551 30.3374
139.5703 30.5205
134.3761 28.7616
134.1769 30.4732
134.7459 29.3011
135.5957 28.5429
133.6864 30.2117
131.3113 30.3421
138.1891 31.4515
139.3000 31.0699
135.0971 28.6520
136.1603 30.0124
134.5989 27.2170
133.8056 31.5780
130.1223 27.4770
136.6964 31.0736
134.7067 31.3529
138.3379 31.4255
134.6277 27.0383
139.7222 30.6292
136.5218 32.5491
134.2440 27.5478
138.8060 29.6692
131.7317 28.9104
132.8762 30.2220
126.6852 26.9484
134.0280 30.2336
133.0829 31.8552
133.7602 30.6368
139.2755 31.2909
137.1292 29.2467
135.3479 32.6154
134.4128 26.0735
134.0130 25.4306
130.7177 26.0814
134.3275 28.6357
137.1480 30.1582
136.0362 32.2604
132.5190 29.8479
129.1967 25.9623
134.5437 28.1241
134.9941 29.3094
136.2629 29.6640
134.2569 24.9283
131.6774 25.9291
138.6371 31.6753
133.0742 29.8158
138.9947 30.8158
136.5589 31.0343
136.9453 33.2485
136.3945 33.0939
134.2720 26.8333
138.0006 31.7159
135.1452 29.4594
136.8878 32.8247
139.1474 30.6926
134.3296 28.9835
130.4127 26.5984
134.4762 28.2494
134.6488 30.0968
136.5142 32.6563
127.8456 27.7463
132.7232 30.5798
135.6139 28.4800
134.8715 30.8715
136.5114 30.0988
134.6986 31.5395
136.0266 26.6428
135.4883 32.2379
132.9986 29.9038
131.8955 25.8997
135.6467 31.5038
139.0897 31.2522
135.0441 29.5819
130.6712 28.6196
138.4568 31.4473
139.6381 30.7209
134.9630 30.2143
138.5774 30.9310
139.2150 30.1061
133.3631 30.4626
139.0088 31.3924
132.9312 31.1621
133.1098 29.4617
132.7774 30.9604
136.6393 28.8321
138.5537 30.6603
135.8093 32.5104
138.6897 31.2384
136.0800 32.2126
136.5825 32.7889
135.9736 28.7301
134.2198 26.4888
134.4117 25.9318
134.7171 30.6670
135.7924 32.5936
138.5000 30.8147
134.7632 27.5657
132.2372 26.8575
132.6147 31.3332
134.0098 31.4443
137.1277 29.8522
137.0027 29.9063
133.0091 29.0560
134.6058 28.1331
134.7243 31.0922
135.1240 33.0085
136.2972 29.7685
137.1145 29.7412
134.9223 31.8669
137.5299 29.4518
134.1129 30.3374
134.9048 28.0154
136.1289 32.6190
132.6985 29.4927
134.4104 30.4523
136.6392 29.5836
134.3018 30.8528
140.0331 33.1696
139.2207 30.4309
139.3062 30.6521
131.2969 30.4466
134.2805 26.0232
131.7559 30.5625
137.1804 29.8841
135.8790 28.6183
136.5261 31.1025
132.8721 29.9215
137.0905 31.4103
136.8450 31.4509
132.5890 30.0107
138.8859 30.4426
131.1559 26.1391
138.3663 31.4788
138.6757 30.6042
137.8928 29.7686
132.5304 30.6176
136.9530 29.7402
135.7716 32.3491
133.8378 29.9455
133.9053 29.9380
136.0489 32.3400
136.5663 31.2392
135.9834 28.7106
138.9482 30.4347
133.2187 29.5726
135.6297 28.6836
138.4140 31.4897
129.3940 24.9662
139.0116 31.3643
139.1543 31.0096
136.1705 28.7473
134.7908 30.8586
138.8360 31.4161
133.3525 29.6017
139.0044 31.3862
138.5786 30.7123
132.6560 26.6816
138.9619 30.4521
129.6910 25.0405
139.2912 30.4770
135.5018 28.5110
136.5506 32.7359
137.3033 30.2848
137.7242 33.2122
139.5198 30.4648
138.7432 31.4423
135.6363 29.0613
136.5765 31.0585
136.4221 32.4858
137.5933 29.5370
139.4809 30.4831
132.9473 31.2682
133.3516 31.5038
138.5914 30.7898
135.3317 32.5062
131.8624 30.4267
132.6821 26.4396
139.1166 30.9913
139.4889 30.5299
135.5477 28.4337
136.1450 30.6835
136.8350 31.2705
135.0349 29.0602
132.7548 29.3542
133.8683 30.3215
131.7630 30.6496
131.2235 30.2115
136.6158 32.6444
136.7083 31.2326
139.1530 30.2774
132.1478 30.7297
133.9870 30.0673
135.4297 28.4509
138.8140 31.4038
133.9935 31.3571
136.0923 29.8297
139.2267 31.3168
137.5035 30.1452
131.6018 30.4091
136.9741 29.9538
135.5158 28.5419
136.3319 28.8502
139.2026 31.2969
136.4532 30.9925
138.0913 30.2204
138.7757 31.4826
136.3218 32.6712
138.0134 31.5719
136.3822 32.4916
136.1952 29.7490
135.1459 28.7658
131.3963 30.3610
131.4346 30.5613
136.9124 29.7260
131.3979 30.5855
134.0566 30.1279
133.1252 31.8124
129.0529 25.3720
131.4163 30.3777
137.4864 31.3924
136.1889 29.7677
138.0012 31.5800
135.7420 28.6121
139.4789 30.6463
134.8802 29.3040
137.5284 31.5642
132.9798 31.4530
136.0903 29.8252
124.8585 29.0751
135.0406 25.4034
135.0249 27.9245
135.4975 29.2568
134.0595 31.6609
135.0753 28.8155
139.0705 30.4216
132.4755 28.5742
134.4658 28.8445
140.7140 33.7816
136.4349 32.4937
134.2035 28.2550
135.4902 27.1962
139.7423 30.4897
134.5038 31.6090
134.6723 29.6599
134.5917 29.1595
134.2798 25.6117
134.2740 31.3199
134.5195 26.2285
126.9076 27.2866
134.3732 31.7331
133.5965 28.5296
132.9548 27.0330
126.5367 28.5777
136.4414 23.2022
133.7832 29.9685
136.2170 32.7791
137.0930 29.1114
134.1691 26.3248
136.6310 31.0441
129.7217 26.5172
136.2516 32.7112
133.0305 28.3497
134.5557 28.0901
134.7147 25.1625
134.8936 33.1227
134.7069 28.2739
130.0407 25.2470
135.4326 31.3242
130.0389 26.8270
126.4085 25.6765
128.3877 30.4751
138.5904 32.4447
134.3477 25.7439
134.5291 30.5532
133.0107 26.0565
134.0737 26.3601
134.6847 31.3048
128.3293 25.5380
131.5668 29.6855
136.3970 26.7107
129.9843 26.6826
134.8332 27.5537
138.7990 30.6329
138.6155 31.1242
133.1908 27.3665
138.1139 30.6731
137.3028 31.3926
131.5355 27.4841
132.0614 31.5662
133.7402 28.0499
131.3582 30.3739
133.6810 30.1551
133.5289 29.0540
127.2194 28.0624
136.7467 27.5027
132.4112 26.5755
131.1814 27.2100
128.4305 26.1562
127.8262 23.4495
137.2783 30.3222
142.0432 34.8261
136.8520 30.3709
136.1632 29.9963
138.1992 30.4324
137.2486 31.1414
139.9178 34.8527
135.5022 33.1945
138.7188 30.2143
135.5684 33.2034
136.1199 30.6459
139.3516 30.6327
139.2458 30.7589
136.5355 33.1247
138.0759 30.7754
136.2952 33.1588
135.6382 33.2813
136.6850 33.6755
139.4976 30.1904
136.1612 33.5004
136.2089 28.9922
138.7176 30.2210
138.3878 30.5330
136.2960 33.1905
138.4380 30.5215
136.3633 33.7781
138.1513 34.3309
136.4409 33.2984
136.2649 33.6509
136.1986 30.2211
135.5639 33.2553
137.0289 33.6682
138.1094 30.9278
136.6131 30.2545
138.9856 29.7028
141.8437 34.6181
136.3562 33.7033
138.2958 30.4418
139.4537 33.9540
136.3233 33.6473
136.1136 33.5190
135.5544 33.1032
136.0865 29.6547
135.4882 33.2381
138.7785 31.2784
138.1646 30.6097
136.0907 33.4189
142.3716 36.3001
137.4763 30.0703
138.6958 30.6363
139.0931 34.2019
136.4298 29.1079
136.2660 33.6098
140.0776 34.6919
136.0429 33.4040
136.4247 33.2257
141.8838 36.1498
138.2591 30.9169
136.3841 33.6919
138.4279 30.8339
135.4137 33.1398
139.4607 29.9531
138.7276 30.1414
135.5323 33.1538
136.0883 28.9931
138.0201 30.8276
135.8742 29.8466
136.2132 33.5690
136.4907 30.9388
141.8098 34.6640
136.9468 30.4017
141.1572 33.2319
138.0535 30.8690
138.1606 30.7145
136.3009 33.6523
135.5176 30.2800
141.3390 34.5463
136.2146 32.7108
140.0048 34.4487
135.6940 32.8187
135.4917 33.2397
136.8232 34.1533
136.1070 33.5004
136.1820 32.7073
137.3028 29.2913
136.2660 30.1096
139.5672 30.4578
136.5417 30.6584
135.4884 33.1073
141.8183 34.7395
135.8996 33.3274
136.8903 30.4972
137.7980 29.6281
137.9982 30.9218
137.5776 30.0796
136.4352 32.8160
137.5142 30.4397
136.9995 33.8605
141.7037 34.6939
135.4279 29.3178
139.2609 34.6664
139.2353 29.7174
139.8726 34.7666
136.2123 30.0824
141.6853 34.3899
138.7285 31.2737
136.5701 33.1870
136.9238 33.7970
136.6284 34.0814
136.5703 33.6592
136.9825 34.2303
135.4664 33.1627
136.9364 33.6983
137.2938 30.2267
138.2081 30.9085
135.8724 30.3178
137.5390 31.3375
136.6815 29.5054
138.7695 30.0322
135.4275 33.1960
141.8408 34.6574
136.5583 33.8321
139.1967 29.7112
136.3706 33.6656
136.6062 33.7801
137.1976 30.5248
136.4722 33.8545
136.3235 32.7501
135.4520 33.1944
139.2744 30.8093
138.5863 30.3675
135.9846 30.4950
136.1193 33.4559
138.8874 33.7900
137.1877 34.4935
136.0964 29.0841
136.9615 33.5950
136.0791 30.5973
136.5864 34.0814
135.5112 33.0461
138.1354 30.7745
141.6455 35.1885
136.0154 33.4436
141.9115 34.4713
138.9832 29.6821
136.5193 29.4540
139.1189 33.7933
138.8128 30.0428
136.3309 30.8339
138.9542 33.7966
137.6564 30.5385
137.6155 30.2043
137.0776 33.4591
136.3333 30.6447
136.9093 30.0202
138.7814 30.1185
135.6255 32.7850
137.3080 29.8752
136.5335 32.8812
136.3165 33.6751
136.5502 30.9957
135.5980 30.6017
136.2024 30.1873
136.2646 29.5284
139.2224 30.8090
138.6878 31.2787
136.3519 30.8433
138.3972 30.8584
141.6927 34.1530
136.5608 33.0585
136.5832 30.1284
136.4554 33.0634
138.2225 30.2423
136.2792 33.6004
135.8412 32.7357
139.0042 34.4670
138.0600 30.7974
136.3922 33.2753
137.1223 33.3441
142.2111 35.7589
137.9473 30.9290
136.1376 30.6274
135.9334 33.3670
138.7733 30.1620
137.3900 31.1580
142.3217 35.3031
136.4168 33.1700
136.1797 30.0666
138.5511 30.4580
136.2445 33.7089
137.3819 30.5313
138.1354 31.3793
138.6447 30.7763
138.4674 30.5487
137.2150 34.4869
139.1951 31.0371
136.8115 33.7254
136.5767 33.1965
136.7162 29.4931
136.2083 30.1680
135.9756 33.3904
137.6234 30.2110
137.1986 29.7667
138.5994 30.4569
136.7215 29.1401
136.7168 33.8951
135.4084 33.2068
139.3428 30.6460
137.1141 31.2788
136.9030 30.0122
136.7844 30.9431
141.8965 34.4758
137.2549 29.6818
136.6616 30.8714
138.9347 29.8589
137.0832 33.5608
139.5549 30.4587
135.4406 33.1116
139.5007 30.0904
136.1679 33.4643
136.2283 33.5956
135.4192 33.1880
138.6820 30.7383
135.4736 32.9809
136.3899 32.7898
135.5158 33.2346
136.1704 33.5296
136.4883 29.4579
138.2325 31.3880
142.0931 35.1892
136.7822 30.3428
137.0008 30.0547
138.2163 30.4424
137.4904 31.2173
136.3751 30.4066
136.3735 30.5553
137.0947 33.3851
141.2976 33.7565
135.8602 29.9056
136.9418 29.1231
136.9403 29.1852
136.8457 33.8051
136.1322 33.5516
136.3526 33.2721
137.0111 33.2374
136.9107 30.4063
137.3689 30.5655
135.4125 33.1023
135.4888 33.1044
135.8837 32.7241
138.0344 30.8575
135.9054 29.1805
136.0854 28.9599
136.9157 30.4129
138.8390 29.9565
137.8575 34.4811
141.6364 34.0027
136.8858 30.3717
139.1959 29.6932
136.3300 33.2486
139.3155 33.8771
138.5936 30.4747
136.5992 30.2285
138.1168 30.8522
138.7175 30.2552
138.0478 29.8825
138.6533 30.4343
135.4732 33.0509
135.9157 30.3456
135.8327 29.0614
136.6827 33.7023
135.4502 33.1120
145.4542 35.6822
144.3607 35.9539
136.2387 33.6562
135.8833 33.3551
138.2906 30.3058
136.4533 32.8228
136.2713 29.6691
136.5505 30.2102
136.8437 33.7808
136.3596 33.2777
141.7207 34.2198
135.4866 33.1135
136.2235 30.3388
138.9655 29.7059
138.5882 30.4333
136.3346 30.8217
139.1257 29.6969
139.3940 30.4413
137.5223 29.3994
136.4907 33.7672
136.9304 34.3328
141.5575 35.1822
136.4488 33.7658
137.6946 29.5931
136.8465 33.2694
138.5467 31.3265
138.8865 34.1246
139.2246 29.6798
135.9322 29.8484
137.4381 29.8173
136.9581 33.4480
138.7773 30.0537
135.9293 32.7449
138.6996 30.2412
138.2770 31.3848
137.7146 30.3041
138.9842 29.7162
136.4186 33.3901
139.2053 29.7084
136.2805 29.5068
136.3233 33.2621
137.0069 33.4860
142.0927 34.9577
136.4872 30.1428
136.6750 33.8993
137.3423 29.3352
136.8022 33.4781
136.1843 30.0420
136.5699 33.6377
137.4244 29.3864
136.3347 33.6658
136.0748 33.4527
138.0585 30.0225
135.3975 33.1732
138.1795 30.0991
135.5898 33.2853
138.7923 30.1733
135.8795 33.3725
138.8569 30.1864
