131.9428 27.6256
133.0083 27.9915
133.1297 24.7363
139.3255 33.3636
132.4195 29.3864
135.0410 29.7988
133.3915 27.8245
138.3290 30.5271
138.7001 29.3962
138.9761 29.7257
131.7628 25.9769
137.0228 29.2300
131.5188 27.7830
136.2546 30.1273
133.7555 32.3575
133.8409 32.5282
138.7517 29.3416
133.4900 29.3289
134.9017 32.3637
138.5358 28.4914
136.6374 30.0368
139.0432 28.9855
134.0961 26.9800
132.8515 31.6564
137.4918 34.1202
137.3110 32.4280
133.4223 27.3428
139.0468 29.0252
137.2350 29.2664
138.2546 29.3111
139.5533 28.9187
137.7807 30.9028
131.5241 26.0323
137.4153 29.6083
138.7194 28.8355
131.1744 26.9408
136.2077 29.0210
137.2148 28.8808
134.4458 28.0597
136.2798 27.9441
131.8455 26.7661
138.8966 28.7287
133.0335 27.8227
136.6484 33.5875
137.4806 29.8487
135.8758 29.9589
134.4286 25.0527
137.3251 34.1561
132.7870 29.6156
134.6030 31.7460
136.0234 30.5789
128.0219 24.5561
136.7962 31.0195
133.1729 26.1382
136.8180 33.8580
136.1597 30.7089
132.7282 24.7981
138.2715 34.2771
134.0161 28.7298
134.5350 29.8762
133.7309 28.0849
130.5853 25.4391
135.8222 30.4277
139.0705 27.4557
136.9718 30.0547
132.5510 31.7510
137.4853 34.2582
138.4635 27.9542
131.3391 30.5925
133.7325 24.7898
138.1877 28.0513
132.0854 27.3504
134.8386 24.7207
139.7608 28.4058
133.8407 28.3453
132.6547 28.5213
137.5669 30.3854
131.0599 30.2114
128.8291 25.7969
136.1528 25.1383
134.7330 32.3686
133.8792 25.3254
138.3384 30.9809
134.4378 25.4340
133.3845 26.8992
133.6617 29.2282
138.0844 30.9881
132.3492 29.4940
126.9729 26.8490
134.0549 26.4462
138.3891 30.2397
128.2217 28.2240
138.4829 30.4131
133.8355 26.2521
138.7962 29.9718
134.0539 28.0353
136.9040 28.0078
135.6454 23.4129
133.4094 27.9001
138.9890 29.6584
134.4274 32.3412
136.8109 28.6511
134.1664 25.4862
135.0207 31.0828
132.3182 26.1053
135.1342 24.2180
138.2894 29.8545
134.3108 31.5535
134.7226 31.4693
133.5336 26.8642
137.4129 30.6845
141.3133 34.3124
134.4293 28.4679
140.5886 35.1531
136.9043 33.2754
133.7775 27.3976
133.8852 26.1488
130.6095 30.0060
130.8433 30.2532
138.2738 30.6520
137.1799 33.9250
138.5651 30.2147
134.0569 25.8592
132.6409 26.7589
138.8755 29.2086
134.8665 32.3497
134.0856 32.2429
130.6606 29.9015
136.8907 30.4758
138.7318 34.0892
133.6160 27.5453
133.6448 27.0416
134.7327 32.2841
136.8240 29.1881
133.9403 28.3253
137.8098 30.4073
133.5520 28.3708
134.3341 25.1204
133.4576 28.2643
133.0533 32.4044
134.7721 27.9235
137.9853 28.6029
134.5137 28.1643
132.4857 31.7181
140.1270 28.2008
139.5189 27.0741
135.3205 24.1549
134.0381 25.1978
137.4743 34.1075
138.6467 29.1773
135.0110 30.4027
134.8441 32.3866
131.4644 30.5157
136.9781 28.9779
130.7674 30.0488
136.2412 29.4868
130.6001 29.9216
132.4571 31.6511
134.8003 32.2953
129.0378 25.6450
132.3214 30.8674
136.8113 30.2940
133.0663 25.2608
131.5522 30.5444
137.5504 30.3513
137.1291 29.6257
143.1415 36.9424
133.5541 28.5980
133.1338 32.0378
130.5067 30.0910
138.9030 29.6413
137.6082 29.9812
130.2207 26.0334
137.5326 34.2106
133.0157 31.6927
137.4600 30.5409
133.7529 31.3810
130.5722 29.6957
130.5730 28.3633
138.9068 34.3885
133.8635 28.1595
133.9927 28.2896
133.8655 28.2104
134.2155 27.2418
140.0046 27.6978
135.2858 29.9102
132.8998 31.7880
132.8483 28.8545
137.2443 30.6525
131.2299 30.4435
130.9948 26.3602
137.7867 30.1166
133.3973 27.0111
139.7162 28.5426
137.9441 34.0749
139.5602 27.1025
139.2645 28.4402
134.6635 28.4037
136.2917 33.2545
134.0744 29.6529
134.8883 32.5031
137.7116 29.9422
137.9630 30.7270
134.1336 28.6115
139.4551 28.3226
139.2354 28.6885
133.2197 28.4660
132.7467 28.8419
137.3059 28.9725
136.9134 28.4781
133.8895 26.1404
126.9447 23.6148
138.3111 29.3613
137.2944 29.7583
132.6514 31.9646
138.2514 34.1213
138.8278 29.5657
138.6184 29.6202
135.1580 29.6503
137.2499 33.5546
138.8433 29.3750
133.0052 27.6677
134.1849 26.1997
125.8355 22.8529
137.5288 29.9947
134.4116 28.3337
139.8872 28.0239
133.1008 28.8178
137.7849 34.1501
132.9181 27.7253
126.0160 24.1045
136.3665 29.1424
136.9609 30.3526
133.7440 26.7104
131.2051 26.9647
139.1615 28.2726
137.5410 29.5303
133.5367 30.2102
133.3825 29.2141
137.3920 30.6755
127.0026 27.7522
140.7046 33.6875
139.0857 28.7496
137.0368 33.1423
133.6157 24.5370
134.5993 32.1263
126.9414 24.6620
132.9391 31.5040
134.1040 28.9384
133.4631 27.2068
133.5140 27.7483
132.6631 30.8108
133.2218 27.1911
133.6037 25.3987
138.4811 30.1810
136.7275 28.9987
134.2587 29.1648
134.7747 29.8169
133.7460 28.2507
137.9159 30.8168
137.8450 30.5306
138.2145 30.2059
135.8983 31.4360
137.4585 32.9485
137.6279 30.0803
134.1171 28.3605
133.3610 26.9497
138.9628 27.4996
133.5157 32.0642
133.1884 27.2810
133.4228 32.2283
131.6315 27.2951
137.8249 29.7751
139.8239 27.3485
136.8351 28.1375
134.6391 24.7385
133.7801 29.2321
139.7392 28.5703
132.6984 27.1316
138.5636 29.3950
135.7010 24.0167
133.3106 27.6427
133.2927 25.1092
127.5978 24.4024
134.7175 28.8624
138.4497 29.8156
139.9562 28.0842
136.5152 31.5668
139.5339 28.5629
140.0368 27.5739
134.0652 25.8185
136.1629 30.7947
133.2735 26.1490
136.0338 29.3215
127.8334 24.2751
133.6962 28.7819
134.8720 28.6316
131.1746 30.3189
138.9118 29.8334
132.4786 31.9046
138.7238 34.3483
136.4968 29.1162
133.3278 29.4268
134.3503 27.4190
132.7024 26.9756
139.2196 28.4217
135.9487 30.3505
127.3433 24.4773
137.1905 29.1572
137.0803 32.0919
134.6678 29.1052
138.3373 30.1497
135.3558 24.2025
126.9685 23.7389
134.4085 28.7703
132.7475 28.5788
127.9093 25.9532
138.2326 30.1978
133.3959 32.2819
135.0630 30.7692
139.1872 28.5874
136.4800 28.4563
138.5556 30.4925
134.9777 32.8497
137.5116 30.5721
133.1788 27.4666
139.7208 28.4267
135.9466 30.1471
138.6387 30.1843
133.2963 27.2887
134.2809 32.5186
134.3060 30.6143
138.3265 29.4577
133.9285 28.2954
133.1746 27.7426
137.0751 32.1826
132.0142 27.6640
134.9842 31.9825
137.0593 29.4020
134.3508 27.8873
133.8596 24.5790
132.8112 25.5822
135.5169 31.0755
135.4357 24.2106
131.8481 27.4578
140.1912 33.2704
138.3431 29.8387
137.5013 30.0915
134.4214 25.6252
135.6107 31.3741
137.9790 30.6608
136.8469 28.8871
137.9472 30.2071
134.1225 28.7127
136.5781 30.6388
138.8352 29.5019
138.3823 29.4738
132.9279 31.4175
137.3706 33.5032
126.4338 27.1282
131.6844 28.4322
135.1577 32.9137
139.6700 28.2193
134.1862 32.9160
135.9977 29.3675
130.8649 29.9369
134.3691 32.7907
135.4174 30.5309
138.1787 30.0481
139.3078 28.4206
138.1339 29.6987
137.0728 28.9434
138.1146 28.2886
134.1384 30.9992
127.6949 25.5114
136.6939 33.2405
137.2545 33.9502
130.7241 29.8377
136.6190 28.8282
139.5111 28.9261
135.2009 30.9955
131.6234 26.8723
133.8959 27.2793
132.0592 27.3521
132.1482 27.9358
134.3549 27.3407
133.1850 25.2833
137.1581 29.7030
135.0415 30.0666
132.4536 26.9765
137.5247 29.7154
135.3237 23.0110
134.8927 24.5274
132.9330 31.4076
133.0504 26.4704
128.1427 24.8653
137.3708 30.2356
139.3137 28.6842
139.8766 28.1296
133.3941 27.9950
131.3578 27.6904
137.9773 30.9462
131.2504 28.1233
137.6864 34.1769
137.9630 30.4864
134.4431 30.9726
135.9448 29.8679
134.3283 25.2442
134.8350 32.2856
138.0860 34.3124
133.3325 29.1411
133.2128 28.5236
134.8091 28.9031
133.6947 26.6131
139.0898 28.5151
135.0018 29.8237
139.4149 28.2433
136.0594 29.2252
130.1432 26.5868
132.7390 29.4107
138.3399 34.2812
134.8072 28.6482
135.9661 31.5047
133.1846 32.8809
136.3906 28.3051
131.5789 27.9990
133.1465 29.5412
130.9417 26.0734
139.8848 28.3979
131.1134 27.6175
139.0386 28.4105
137.6998 31.0857
137.6842 31.0677
137.7583 30.4341
132.7825 31.7040
134.1071 30.0690
138.4647 29.2728
137.4620 29.8305
136.1092 29.3437
133.1376 25.8528
134.6780 28.7166
129.0870 26.9893
138.5669 30.2372
134.9316 31.8067
134.0707 25.1952
134.8350 29.0537
139.3057 28.5699
131.7881 27.1696
134.2557 25.1666
138.0589 30.3591
134.3616 26.1879
128.4711 25.7686
137.0108 32.9924
129.7961 29.5656
138.0514 28.1919
131.5330 27.4830
141.2575 35.1686
133.6605 24.2886
139.7204 28.5326
134.0343 26.9171
134.1046 24.7705
132.7162 26.8341
133.3999 25.3481
137.8691 33.5174
133.3253 29.7425
133.7712 26.6104
132.8159 25.3457
132.8101 31.2493
133.3949 27.3370
131.2773 25.9603
139.1540 28.4778
135.0648 31.5924
137.4375 33.3596
137.7738 33.0206
132.2669 28.2193
137.7498 30.1812
126.3207 26.3489
134.3467 29.3591
137.1811 29.8731
138.7693 30.4833
133.2794 27.5005
136.8417 28.9391
133.5587 27.4456
138.3016 30.4356
136.8024 28.9710
137.5855 29.8129
138.8656 29.7104
134.2893 24.5296
132.9535 31.3757
133.8514 28.3640
138.6994 30.4398
132.5345 28.5236
133.6906 26.4067
138.5714 27.5709
133.5701 26.8249
138.3146 30.3278
127.9043 23.5343
137.8235 30.6386
134.0541 26.5590
138.3301 30.7373
133.4687 29.2354
134.5157 32.3598
139.4865 28.2203
134.2029 27.9429
138.7388 30.2050
139.4883 28.9337
137.2234 29.8301
128.9793 29.0523
137.2808 29.1943
137.1848 30.0391
136.6895 30.9112
137.7253 30.6439
134.3212 28.1582
136.0395 29.5318
139.3576 28.3902
138.2486 30.8213
135.0227 29.8477
134.7088 24.8846
134.5738 31.8897
128.0605 24.7683
137.5949 29.4586
132.3501 29.4762
134.1956 25.6097
139.1355 28.9332
139.8509 27.3068
136.5565 30.9829
138.7994 33.9487
134.0751 25.8834
133.4779 27.4519
133.4372 26.8656
138.7983 28.6343
131.6677 26.8025
138.4395 30.4140
136.2579 30.7914
136.7024 30.9527
130.6982 29.8508
133.0288 31.3143
134.1147 25.8226
133.8586 26.3691
134.1688 27.8046
136.5204 28.3995
138.0231 28.8713
138.1568 30.2849
131.9561 30.7406
137.5052 30.4594
132.6267 31.4498
127.4461 24.8941
133.4927 24.6689
131.5401 30.5809
135.0770 32.9319
134.5298 28.2653
134.5515 28.1080
137.4852 29.9408
134.4384 32.2838
130.6065 27.0021
139.6581 28.7854
132.6757 31.4786
132.9494 32.0392
134.7695 32.4376
136.4765 29.1424
137.2279 29.4628
134.0025 27.7594
132.5806 29.6091
138.8448 30.5315
133.5908 29.2786
136.2365 25.4339
139.7868 28.6503
137.4552 30.3110
137.6036 30.0893
132.9658 31.3315
132.9315 25.9388
139.4268 28.8642
137.3920 29.9296
138.1267 29.8669
138.3995 30.7293
132.0792 27.6951
132.5768 31.5534
127.6815 24.2639
135.4952 28.1191
137.0190 29.9221
136.1750 29.4366
139.4124 29.6086
136.9967 34.0428
137.0987 30.3361
139.4243 28.8632
139.0148 27.6828
136.4039 33.4950
139.0395 29.2710
134.6336 32.6767
137.6907 34.3379
139.6892 27.1880
136.3330 33.5891
139.1978 33.4267
136.9804 29.4414
138.5884 30.7975
139.1855 34.6292
139.4295 30.1175
139.6903 28.3407
136.8084 29.0746
133.9994 28.3227
139.0389 30.3288
137.5884 34.2399
135.4183 32.8972
136.9658 34.0444
136.5177 33.7705
137.4141 34.2087
129.0604 29.2100
138.9297 30.3118
128.0666 27.3938
137.9781 30.9510
137.0216 33.6305
139.5927 28.3186
139.0507 27.5735
138.7339 30.6771
137.5309 29.9638
136.4270 33.3459
135.9039 30.1079
139.2516 28.8337
136.6960 30.2719
137.8919 29.9140
137.4511 34.1989
139.0581 29.2318
136.6013 30.0462
128.4840 28.2990
139.0263 29.4624
142.8812 35.7394
137.4557 30.4354
128.2133 28.4699
138.9800 28.9641
138.3599 28.7355
138.3086 29.5363
138.8125 30.3226
134.9415 29.4213
139.2085 28.1853
137.6647 31.2082
137.5902 31.0268
136.8360 33.4833
127.8478 28.3173
136.4435 30.7565
138.1864 29.1960
136.6914 29.3077
135.3071 24.9577
139.7105 33.5283
137.1757 33.9955
134.4230 29.3965
138.7808 27.9818
141.3277 33.8443
137.6469 30.9089
131.5426 30.3144
138.9766 27.6688
137.9501 34.4059
138.7820 28.6246
140.8018 35.3384
138.9245 29.5155
138.8115 31.8843
138.0953 30.6082
138.9202 28.7963
139.4104 28.3811
139.0981 29.0016
139.4455 29.9915
139.2630 28.3961
139.0759 27.9335
139.7056 28.9106
137.4600 29.0905
136.9812 33.8105
138.8049 28.6966
139.5378 27.1851
137.8825 29.6703
136.2774 33.3194
144.1610 37.9534
133.9031 27.2999
135.9726 30.0114
139.1368 29.1173
139.3090 34.0326
133.8663 28.1201
136.7515 31.5344
137.4292 30.9597
136.9438 29.5683
139.9601 27.5750
136.6038 33.9689
136.3941 30.9190
138.4811 28.6090
136.6791 33.9899
135.9852 30.5867
138.8594 28.0643
138.3664 28.8850
132.4982 31.7789
138.0891 34.1567
137.1565 34.1008
137.8627 29.7469
139.7289 33.4030
136.0472 30.6926
137.4309 29.2267
137.4085 34.1711
137.5440 34.2603
136.6756 30.6054
136.9824 34.2125
137.8624 29.5160
135.1756 32.4095
137.3709 34.1497
136.8298 30.2814
137.4484 34.1551
144.6068 37.9490
139.2684 28.8033
138.6888 28.3483
128.0213 27.9380
136.7126 34.0218
143.6665 37.4906
137.3206 29.6728
139.0629 27.7694
139.3327 28.9501
137.2919 33.1796
135.8948 30.4739
137.3683 34.1964
136.9846 34.1075
137.1063 29.6396
136.8632 30.1020
139.7181 34.1858
139.4312 29.2996
136.4866 33.8274
137.2645 28.7500
137.2671 31.1994
137.0411 28.8685
138.5706 30.1702
133.3128 29.6540
138.1537 34.1574
139.9890 33.8965
139.4991 28.9672
137.3402 34.1639
137.8441 34.2408
131.5707 27.8014
139.1369 28.8094
132.4382 31.6031
135.7534 28.0111
144.5672 35.5441
136.9462 29.3245
136.6259 30.6086
137.2287 29.1191
137.0578 33.3125
139.3122 28.7396
136.1008 28.7363
136.8532 33.4837
137.8563 34.2815
137.0093 34.0034
138.2594 29.4756
137.1832 34.2351
139.0355 28.3119
137.0171 34.1241
139.4043 28.4297
135.8930 30.3100
140.2887 33.1073
139.1316 30.0979
127.3198 26.9577
126.9157 26.4038
139.1825 29.2437
139.0479 29.7965
136.6264 31.0705
137.2345 33.9710
136.1035 28.9068
138.9424 33.1180
137.7392 30.1318
143.2025 37.2301
134.5415 31.3726
137.3279 31.1604
143.3559 37.0100
136.6333 29.6848
137.4881 34.3495
136.9049 29.7819
136.6853 33.4042
129.9352 28.7876
139.1553 29.1401
134.9964 29.6952
139.2595 28.2543
137.4361 34.2203
136.5563 29.8333
137.2144 34.1525
139.8835 34.1410
137.4062 34.2112
137.0673 31.1843
139.3075 28.6612
136.1329 28.2885
133.6722 28.2523
137.5752 32.9765
136.4068 33.5445
136.2960 33.7535
134.4046 31.1436
136.9770 32.5214
133.8525 27.3294
136.8451 29.9553
135.9947 25.5614
136.9671 33.1531
135.9620 24.2337
131.4811 28.8635
135.8373 29.7764
138.4371 29.8409
133.7762 26.8860
130.6189 28.7757
135.5211 27.3407
137.0971 30.6772
133.4352 28.3016
134.8540 32.4028
134.4742 28.5129
137.3172 31.7503
137.7056 30.9845
138.9074 28.5777
137.6715 33.1586
134.4241 31.1162
134.0220 27.9550
136.1646 30.3727
135.8033 29.1655
136.5459 33.6828
137.5177 30.2180
139.7029 28.5591
136.0783 30.6516
136.2805 32.2729
134.4227 25.4737
132.1691 31.0845
139.2751 29.0010
124.0725 30.4597
128.3602 25.8863
134.9070 24.6116
127.7576 26.9225
139.2936 28.6262
139.0926 29.2225
138.3739 33.5122
138.8671 30.2064
138.2915 28.2320
140.5010 27.8178
135.5995 24.7960
136.9664 33.7566
136.5365 28.3346
133.8887 27.8564
134.7800 28.4022
138.7918 28.6179
135.2569 29.9244
134.0812 31.2025
139.3640 29.1559
137.5386 33.1380
139.3518 28.3235
136.7307 31.0792
132.9192 27.8353
137.9705 34.2278
139.1336 27.6464
139.5035 34.8667
135.3824 29.3191
138.1786 33.0545
136.3589 27.9197
136.3355 28.4025
134.8551 25.2517
133.9485 25.9794
137.1526 30.5161
133.9715 26.8320
139.2538 29.0833
135.1590 24.8810
136.0124 29.3519
135.5173 28.3662
137.5593 30.9677
136.6671 29.8743
135.5522 29.2497
139.2196 27.6063
133.3561 27.9591
140.3736 27.8198
127.2840 28.1137
133.2512 27.7830
134.7674 24.9322
137.0816 34.0338
139.0387 29.3637
135.0518 31.8781
136.1837 28.3736
136.1975 29.1385
134.5577 24.6728
137.3519 29.2013
134.7526 28.5022
138.2365 30.1038
127.6668 27.0816
135.1115 29.0048
139.9892 33.5684
136.0469 28.1113
139.3719 28.6266
133.7886 28.8285
130.1553 25.4320
137.3823 30.9054
137.7238 34.1103
137.7724 30.3110
135.4859 23.7906
138.4686 27.2778
138.6135 28.2270
138.9020 33.2847
135.1536 29.6515
133.7478 26.4750
137.6962 30.0487
134.7954 28.2967
141.2651 33.8043
135.0152 31.9403
134.8518 29.0066
133.9256 25.8875
138.1663 34.2008
134.4938 28.5713
138.4875 30.4267
137.5546 31.0803
138.9777 28.6925
137.5064 29.5924
134.4309 25.4283
139.1604 29.1552
132.1474 25.6360
138.7265 30.4003
132.2917 25.8778
136.6902 28.9616
133.7602 28.4475
136.4771 33.6000
136.4260 30.5170
137.6379 30.7035
136.3577 29.1660
137.8050 30.1935
133.2066 29.6918
136.7109 33.2546
138.0675 30.8089
138.1018 33.8750
137.4058 33.2797
135.8351 24.2787
137.8943 28.8423
138.9699 29.0809
132.2254 27.9252
134.3069 25.7744
134.1633 27.7907
139.7099 28.3865
133.5466 32.3663
140.2629 27.8950
126.5385 26.5712
133.9474 31.7229
134.0264 24.6486
133.3123 28.0153
131.5142 30.7209
139.1507 28.9389
134.0954 26.2266
139.2520 34.5456
139.3638 29.1162
137.9177 30.9077
137.5563 33.4618
139.3898 28.3079
128.3321 28.5236
136.9808 33.2916
136.2802 30.7011
133.5876 27.8814
136.8611 29.1349
138.0106 30.8859
137.3610 30.6348
131.0761 25.8819
133.2744 26.6287
138.8498 29.7153
137.0735 29.4355
132.5504 31.7621
133.2465 31.1415
138.9843 29.3590
137.6690 29.8853
135.9386 30.3050
138.6594 33.2422
135.4825 30.7643
137.5965 30.7181
130.4900 25.3665
134.5708 28.6631
128.7710 28.4976
136.1751 30.5190
134.5011 29.0246
133.9413 32.3597
139.1009 29.9793
137.5834 29.1817
132.6862 25.9186
133.2382 25.0925
137.3343 33.6125
137.7455 29.0638
137.1512 31.0516
132.8235 26.6776
137.5472 29.3250
141.2368 34.3134
137.5137 34.3976
134.5180 32.3363
133.6081 26.6636
139.5208 28.4005
133.2570 27.9649
135.0084 31.7841
134.0233 24.7611
139.9283 28.2002
137.5257 31.1703
136.0446 30.3677
139.2599 28.7710
138.5950 28.4154
133.4868 28.4311
138.2274 33.7657
133.8246 29.2571
141.0869 34.7388
127.3549 25.5822
137.9487 30.7320
135.8833 29.8250
136.6015 33.1957
136.5903 33.0231
131.9608 28.0363
133.0706 28.1884
133.2828 25.0973
133.1279 26.3733
137.7851 30.2210
139.0072 29.6314
130.6622 29.8983
138.0917 30.5665
136.8486 29.1188
138.1090 29.4075
137.7054 29.8575
134.9482 31.1011
136.9783 29.1216
136.7744 28.9295
133.4201 26.7449
139.4888 28.8282
139.6560 28.6920
133.9080 24.8097
138.8072 30.0221
136.0686 29.3574
135.4401 32.3552
138.1003 29.9219
137.4792 31.7951
133.8579 24.6753
132.7156 31.9779
132.5435 31.6038
136.4554 30.3272
137.7665 30.9759
138.1638 30.6323
137.8746 30.4114
137.9796 30.1278
133.4158 24.6925
134.7789 28.9632
133.5431 24.5951
138.6018 30.1997
135.0284 32.3409
131.1734 28.0158
137.7152 30.5766
133.6022 24.9156
132.8155 29.4709
139.3022 33.0969
132.1851 27.7615
137.6702 29.9643
138.8421 29.6269
133.0649 28.4225
133.3275 27.2551
134.2066 31.1246
139.8210 27.3636
138.1730 30.0896
132.7333 26.8561
137.4253 29.0820
134.6935 28.7044
126.4062 26.1218
137.1141 29.5940
137.9750 30.3150
135.9656 29.4395
139.5273 29.3879
132.6073 26.8575
136.5292 30.3732
137.5113 28.6065
138.1138 30.8256
134.8499 26.5543
138.8980 29.1792
132.8532 26.0728
139.2511 28.3135
131.6852 30.6590
137.2834 32.5068
137.8888 30.5490
137.0954 29.4962
139.9078 27.9591
137.7488 29.9382
128.2310 25.7301
138.5928 30.4930
137.0228 28.9396
138.5827 34.1582
139.0006 28.9382
135.2188 24.6548
138.6003 30.3366
138.2050 28.8684
137.9384 30.5493
132.1954 27.2260
134.9255 32.4336
137.9663 30.8728
136.2959 30.5697
137.6285 30.2113
135.7506 27.8883
134.9954 32.0204
136.7320 28.9070
128.3373 28.1198
131.7266 26.8695
140.0636 27.9782
138.7427 34.3779
138.5942 27.6469
126.8115 24.1192
126.5654 23.9656
138.7453 27.4403
131.3355 30.3973
129.4679 29.3650
135.0594 24.3609
133.3190 27.2402
132.0107 25.8916
138.2281 30.3624
133.5411 31.5065
139.1693 28.7506
135.5332 32.4937
139.0658 28.7177
135.1782 24.6746
134.9574 31.8732
137.5216 33.5782
139.1290 29.0016
136.8241 29.0051
135.1600 24.6945
136.7966 28.8841
132.6529 31.6929
138.8811 33.2743
129.3911 28.8821
132.2772 27.0927
134.5209 25.5994
136.1996 32.0758
138.8471 30.5924
134.3915 27.9185
138.9227 28.6394
134.0316 27.7595
136.7183 33.4854
137.5715 34.3488
133.9194 27.8807
133.5039 27.0069
136.7959 33.3095
139.0128 28.6314
132.5466 28.1624
132.0103 27.5590
133.0847 27.5994
134.5828 28.3062
139.2730 33.1411
126.9090 27.0012
135.2797 27.9881
132.5850 31.8658
127.4019 26.5652
131.5553 28.2466
134.1354 27.9169
139.6601 28.9166
133.9611 26.1571
129.7909 25.5721
132.6633 31.7994
134.6461 24.8585
138.8277 28.5934
134.8093 32.4816
137.7631 29.4428
137.2634 33.7931
138.3947 32.9897
138.3594 30.8311
127.2456 26.8376
135.0267 31.9632
138.2867 34.1478
128.4223 28.5215
138.8797 33.1633
135.8587 29.6364
134.0183 28.1221
136.8360 33.3860
139.4476 28.6306
135.2783 29.4929
130.6158 29.9952
133.8725 27.7825
136.5297 30.9114
137.0187 31.0166
130.6836 29.8870
133.9022 31.2852
126.7446 26.5243
135.2715 29.7261
133.3409 32.3784
127.4872 27.8247
132.3501 31.3362
133.9543 27.6285
135.8572 30.3486
133.2725 27.2439
136.8406 33.2836
139.7985 28.4310
135.1116 27.9168
138.0432 29.4082
134.2730 31.3591
132.9602 32.1021
137.5748 30.1378
138.8107 28.1429
139.1979 27.6822
138.8913 28.3375
138.1322 33.7163
136.0035 29.4841
134.8340 27.9248
136.2866 28.0202
135.0312 32.1449
136.7950 30.2673
132.6750 27.1168
135.9199 32.4827
138.3482 30.2406
133.7644 26.7636
137.1411 30.8091
139.4564 28.6269
137.3987 33.2184
135.0572 30.4520
138.6816 27.4265
137.2247 28.6810
139.2178 33.9500
137.3388 29.2830
137.7038 30.1035
137.4526 29.2743
134.4232 31.0023
133.9890 27.5746
137.3793 30.2734
135.3772 27.9688
135.1007 29.3904
137.4015 33.5140
137.6840 29.1902
132.6507 31.5560
134.9689 32.5295
131.6816 27.3071
128.7727 25.5998
139.1008 27.7877
131.7190 31.0026
138.6712 34.1515
136.8780 33.4340
135.1831 29.7197
139.0860 28.9755
136.4352 33.1644
138.9395 29.0898
138.6022 31.1553
136.2468 30.8027
141.2247 34.8893
136.7709 29.5238
135.9181 29.5010
136.9078 30.4569
139.0491 28.9957
137.5134 29.6612
136.7878 30.8382
137.1124 34.2811
136.3030 30.0039
136.4759 33.8490
137.9982 32.2041
137.4073 30.6532
136.3393 29.7440
138.9323 30.7988
138.6696 34.4757
136.3858 31.1445
139.2986 34.8700
136.5792 29.6286
136.4101 33.9137
137.0464 30.3633
136.8332 28.8868
138.4361 30.1469
137.3047 29.2641
139.9607 33.0621
136.3283 30.0981
138.8983 30.3523
136.7248 33.9396
136.6537 30.8040
137.7345 34.2993
136.9702 30.2731
139.0379 29.3272
141.5236 34.8050
136.6030 33.2353
138.8419 29.0541
136.7004 30.9446
137.0207 30.2984
136.3611 30.7832
136.2042 33.5159
139.1971 28.5728
137.5904 29.9564
139.1279 29.4400
136.2885 30.1852
137.3529 29.3504
136.5688 33.5537
135.7442 30.1968
137.2415 30.2139
138.2438 29.9893
137.0844 33.2330
136.5140 29.8255
139.3255 29.1465
136.7689 30.0222
145.0267 34.6588
139.5148 28.7399
136.4258 30.2872
141.8729 35.3699
138.9907 28.9796
136.4774 33.1915
136.5671 30.1343
136.7467 30.9891
137.6581 30.6992
137.6056 29.5996
139.1675 30.1176
139.1606 29.2721
136.0823 30.1925
139.1600 30.1702
137.0286 33.6457
137.1904 29.5140
137.7545 30.6768
137.2941 30.7248
136.6967 33.1056
139.4227 29.1474
136.2557 33.3969
139.1273 34.5044
136.8590 30.1975
137.9923 30.9035
138.8414 30.5880
136.3352 33.2511
144.9401 38.0843
137.4308 30.2180
138.3973 29.2543
138.0594 31.3554
143.2083 37.4540
136.9044 33.0706
137.0670 30.3680
136.6238 30.2599
137.0619 34.2577
136.5243 33.1382
136.3902 28.8326
137.2500 30.7253
136.2286 30.5779
139.2880 28.6203
136.9570 33.0969
149.0582 36.0063
136.1411 30.4417
137.7160 31.0786
137.6738 30.4113
139.1345 28.5578
136.0058 30.1584
140.4437 34.4507
136.4847 33.3627
136.6352 29.6266
143.0335 35.6696
136.1552 29.9069
138.7664 30.9375
137.3287 30.6459
137.2852 29.8552
138.9784 29.1599
136.3252 29.5047
136.8425 30.2997
137.6201 30.0423
138.7693 29.0486
136.9667 33.9838
136.4372 29.3873
139.0036 28.2622
135.8107 29.6387
136.6398 33.4112
136.6352 28.8578
142.1676 35.1954
139.2821 29.0837
136.9619 30.8591
137.1160 30.0523
138.8569 29.8000
141.9099 35.3363
138.8497 29.2498
138.5861 34.3745
137.7592 30.7647
145.1386 38.7423
139.0272 29.7509
136.0213 29.6451
136.8286 30.3792
139.0262 30.4457
137.0269 32.5285
137.2395 30.7752
136.7938 33.1451
136.9164 33.0294
137.0729 33.4680
139.1219 29.3752
139.3167 28.9528
138.5404 31.1033
136.9279 33.3409
136.5457 33.8301
136.0883 30.0217
136.7330 29.1276
139.0851 28.7511
136.7855 30.8624
138.2859 31.1615
137.5862 29.7147
139.0186 29.0599
136.7222 29.4649
136.2072 30.5575
136.2378 33.6067
136.8152 30.1194
136.1500 28.8684
137.3571 29.2158
139.1301 29.0264
137.2342 29.7453
144.8976 38.1330
137.2954 34.2470
139.3053 29.0103
136.5461 33.1277
136.8615 33.0849
136.6062 33.4412
142.2161 35.0863
136.0993 30.1417
139.0228 30.7019
138.9556 28.8544
138.3896 34.3446
143.5611 36.7170
137.6074 31.1420
139.1593 28.9453
136.2348 29.0338
136.3659 30.6538
139.7474 34.4321
139.3224 32.6016
137.4102 29.3735
138.8393 34.5270
137.6898 29.8804
137.1431 30.8026
136.8529 33.7475
136.9879 29.9096
140.4270 33.8323
136.0844 29.5613
136.4660 30.2396
137.0562 33.6881
136.4037 30.6267
137.1471 29.8135
139.9981 34.5030
138.6397 31.0333
137.3152 29.9099
136.3555 29.2099
137.9924 31.0801
136.4552 33.2446
136.3800 29.5533
138.3374 29.9148
136.9011 30.2900
140.7491 34.5181
137.1631 33.3834
137.0429 34.1527
136.5381 33.6258
137.6723 30.4583
137.8905 30.9989
139.2007 29.2344
137.2637 31.3318
139.3739 29.0736
136.8070 29.1148
136.7813 29.6255
136.2077 30.4740
136.2226 33.3603
136.5156 29.3679
136.5521 30.1486
137.0491 28.9977
137.1015 34.1844
136.7326 30.8212
136.5691 28.7900
137.0547 33.6787
138.3416 31.0673
136.8372 29.1343
136.7346 29.9078
136.6634 29.8578
139.4296 29.0668
137.4600 30.7981
136.7611 30.9943
136.3558 30.3177
136.8632 33.9788
139.3401 34.6528
136.2549 30.4987
136.2869 28.9628
135.9648 30.4585
136.9252 34.0025
137.5480 29.8801
138.9906 28.4519
136.0708 30.0815
136.2915 29.5226
136.6253 29.1205
136.6564 30.9561
138.5609 31.0105
136.8867 30.8602
136.8073 29.2667
137.1046 34.1940
138.9815 29.2129
137.6071 30.2092
143.0476 37.2935
136.4977 30.7445
138.9362 29.6286
136.4425 33.1553
136.5027 33.8616
135.9576 30.2881
146.3355 37.8467
137.0256 29.8619
136.3452 30.5783
137.4781 29.8249
138.9913 30.4054
139.0668 28.8124
136.1956 30.3577
142.2977 35.6692
137.3759 29.3371
137.0951 29.0181
138.8506 29.2870
136.6900 30.9404
136.6406 31.2393
135.9784 29.6203
138.5238 28.6789
136.5456 33.8938
136.7332 33.1413
137.2800 31.1888
136.1450 30.2356
137.1037 29.5523
136.1234 30.8836
137.3046 30.2442
136.6728 28.9018
139.0872 34.5307
136.5297 29.1774
136.1956 29.8197
139.0066 29.1709
136.7842 33.0674
138.8111 29.2546
136.7394 29.6626
136.7861 30.8616
136.5781 33.1336
138.9288 30.8025
136.6927 29.2892
139.4375 29.5057
136.1327 30.0992
138.8356 30.6210
136.2813 30.7179
136.3785 29.3247
137.4705 29.7896
137.4534 29.6786
136.1936 28.9451
137.5080 29.6392
136.9001 29.7233
138.8854 28.3694
136.7320 30.3587
136.2125 29.6585
136.4405 28.8517
136.4276 29.1729
138.9137 29.0557
136.4631 29.9691
136.1306 30.7112
138.5515 28.7156
135.7392 30.2004
139.0764 28.9691
129.9901 28.8202
133.3351 27.1248
138.9618 34.5348
138.0096 29.5816
132.9166 25.3465
140.4251 34.6510
132.9398 30.2877
139.4600 29.6055
148.3965 35.3167
135.3813 29.4260
132.9728 31.0969
138.6776 28.1341
128.2928 29.0091
139.3963 33.1753
139.4500 34.0725
134.4107 31.5303
132.4236 28.4148
136.9473 29.6706
144.1968 37.1930
138.5109 29.8839
133.5390 32.5338
132.8938 30.4539
134.5937 29.1415
133.8320 27.7809
127.4953 23.1853
132.4316 28.6855
130.9845 30.4131
131.9341 28.9534
134.9495 32.6089
144.0404 36.0810
134.1663 25.8741
135.2093 25.0936
135.5788 25.8296
136.4348 33.8152
138.3698 30.7144
132.5885 28.9864
137.7995 30.7667
138.5412 30.5260
137.8180 30.4287
138.2669 28.4139
126.7917 26.4272
141.4570 35.1145
136.6754 31.0367
134.6190 27.0930
138.6390 33.8877
134.2829 25.3853
138.8217 29.5052
133.5783 31.3798
136.3214 28.6847
139.6168 29.4517
122.1780 27.3878
136.2997 28.9737
135.1350 24.5990
135.9723 24.0365
127.4535 27.9394
135.8182 24.1177
139.6061 28.5207
138.5996 28.0131
139.6481 29.8356
136.7912 32.4563
137.5362 30.5208
136.8161 30.7298
136.2281 33.3743
131.9130 29.0209
138.8794 30.5316
138.4085 28.4899
126.5756 25.2058
138.4292 30.5890
132.1974 29.3221
134.0352 26.0952
142.0860 35.4338
136.3528 33.6581
134.4259 32.6667
138.2117 32.4034
138.8351 27.2781
133.1796 28.3277
139.1556 32.0838
134.9770 24.1873
137.4816 31.1225
138.6375 30.2883
132.6260 26.1347
141.0234 34.0655
128.9400 28.0873
137.9434 30.9623
134.2007 25.2719
136.6576 29.1462
137.5311 30.5090
133.8212 31.0478
128.1028 27.2164
134.0931 24.5793
134.1349 31.5149
137.0222 33.4665
143.9243 36.6393
132.4274 31.3427
127.0060 29.7937
133.1359 32.5579
133.7800 32.1924
137.5794 30.3984
137.2300 29.0071
139.7586 28.5963
139.1207 27.8060
135.6796 32.3413
131.9011 27.0918
134.5646 24.9540
134.7645 30.1380
138.8523 29.2554
132.7107 31.7033
137.2470 33.8924
138.7511 34.2990
134.5939 28.1878
136.0613 30.5036
133.3540 27.0855
133.1521 32.4105
137.2827 32.2958
136.7105 29.1469
137.5142 29.4854
137.8438 30.7614
132.7632 31.8205
131.7412 27.8028
137.8246 34.1917
134.0365 28.1846
133.6743 27.3536
137.1963 29.6428
140.1875 28.1019
133.5535 31.3032
137.3890 32.4319
133.9237 28.2604
131.9769 27.3838
138.2308 30.5992
134.1556 27.6946
133.0355 27.4372
132.3014 31.3404
139.1055 28.1894
139.2689 28.3868
134.6901 32.4098
139.3727 28.7777
137.9727 30.3754
135.2198 32.8725
133.9875 28.7173
133.0409 27.6720
137.3310 30.7056
133.9485 32.1800
131.4445 30.0475
133.3655 27.3670
139.1757 28.4254
139.6018 28.5222
134.6368 24.9669
133.5232 32.2911
137.7322 30.4559
138.0484 30.6382
136.4371 30.2736
138.9290 27.4393
134.3783 25.2547
139.7042 28.6957
134.3793 25.4169
134.8385 24.6392
137.7858 31.2160
133.8346 28.3329
135.1956 32.3745
133.1906 27.3820
134.1885 25.7461
133.0911 27.4495
133.5701 27.6295
136.3207 29.0475
137.7210 30.8692
136.4834 28.8318
137.8677 30.5702
134.2559 25.1653
133.0975 26.6260
126.8080 26.3910
135.8319 30.5980
138.5061 34.2281
132.6292 31.9151
137.2238 30.2366
129.0646 29.2284
134.2717 28.2786
134.8388 24.6825
141.9781 35.3116
134.0381 26.3981
133.7451 26.4945
133.6397 28.2814
134.1183 27.9540
133.5926 26.6300
138.7751 30.2966
140.2046 27.9537
132.8045 25.4276
138.1892 28.9504
132.9712 31.3995
133.9391 27.7508
130.9838 30.3694
136.7049 33.1933
136.6545 28.8178
137.0648 33.7215
135.9013 24.9898
133.5983 29.5717
139.0040 29.3828
138.8717 29.2270
138.9257 28.0410
137.7002 31.0897
132.4857 31.8568
139.3800 28.4928
137.9814 30.9623
136.4287 30.7841
136.8941 29.3324
135.2321 24.8087
131.6779 29.0931
127.2277 27.0695
134.3977 28.8836
139.4716 28.8676
142.0873 35.0115
138.1093 29.0367
133.9281 26.1699
139.1222 27.5077
133.6035 24.5396
138.7676 29.0362
139.4739 28.8558
134.1518 25.6162
139.4494 29.6624
139.4960 29.3445
133.7048 28.9845
140.1238 34.5818
134.4537 28.5050
133.7903 26.3668
133.0462 28.5791
138.4110 34.2665
139.5883 29.1783
135.3920 24.8540
137.1664 31.2191
133.7173 29.1914
135.4388 28.0551
132.5432 31.4758
134.1264 28.2368
138.6289 34.0289
136.6817 30.8729
138.1261 34.1386
137.1501 33.8173
136.4804 28.1475
137.8316 29.1377
139.8250 27.4209
133.6916 28.7080
134.6505 32.4238
139.1199 29.2125
138.5639 30.7963
136.8208 30.9626
137.2617 30.0223
133.5582 32.4333
139.3481 28.2723
133.4252 27.3422
137.4485 30.7781
130.6795 29.8563
139.0019 29.8385
136.7744 29.7752
128.3491 25.7721
136.8204 28.7100
134.2773 26.0373
137.9189 34.1291
140.0572 27.7393
139.5951 29.4879
138.3877 32.7938
128.2441 26.3643
139.5737 26.8228
134.2385 24.8214
138.3164 30.6342
135.7961 30.0996
134.4620 28.5912
133.4437 30.4647
138.8014 34.4691
133.6770 25.5236
134.9628 28.2994
139.5360 30.1156
138.2533 32.2288
138.3881 28.3824
138.1504 29.6725
139.9684 28.2029
138.5322 30.9890
135.4168 25.0182
134.1257 25.7831
136.4175 28.8716
128.7794 28.3515
133.6122 30.3017
138.3337 28.7828
128.3483 25.5667
132.9135 29.5317
127.1248 24.7318
138.2535 30.8660
136.7614 28.7863
128.3016 28.7012
137.1980 34.2002
133.7681 26.6180
137.6471 34.2876
137.6751 29.9285
138.4408 28.4158
135.8594 30.3717
139.4873 28.9101
136.7509 29.2269
137.1375 29.6685
139.2697 29.1924
139.4284 29.0308
139.0542 30.2984
138.1887 32.9655
141.9251 35.6110
139.1972 28.5294
136.5854 33.8526
136.8175 29.8947
141.6116 35.3982
139.7251 34.0054
139.1427 30.3526
138.9292 28.3284
136.8522 29.7945
136.9237 33.9354
144.4374 38.4935
138.9102 28.3207
137.2673 33.2045
139.0112 30.4883
137.7529 34.2417
140.0304 34.0353
137.8095 30.7034
138.2772 32.0946
136.9135 33.3553
138.8174 29.3983
138.2273 34.2426
137.2053 34.2218
141.0742 35.3424
136.9663 33.5973
127.0493 27.3223
137.5171 34.2921
136.7449 33.7382
136.3750 28.9599
136.7472 33.4650
137.2948 31.0153
137.4577 34.1728
137.3868 29.4634
139.9742 34.0251
139.3978 28.9376
136.3855 33.6246
137.2000 34.0754
137.3612 34.2459
138.8524 34.3690
137.5600 29.3940
136.4529 33.5886
136.9290 33.3615
137.1565 34.1966
137.3565 34.2149
135.8970 30.8323
136.3768 33.6429
137.5596 34.1875
136.4416 30.9733
136.9125 30.6640
137.5889 31.1547
136.7205 33.9870
139.0140 30.0762
136.4516 33.7256
136.5805 33.9234
140.2092 34.3933
138.8081 30.8784
136.6586 33.0839
137.0774 29.0975
138.7647 30.6011
137.8639 30.6790
136.6569 33.8903
139.1302 27.8972
140.0593 34.0261
137.6099 30.1036
136.8218 33.9717
133.9280 28.7288
136.6613 33.0822
139.2405 34.6457
136.8439 33.2628
136.1333 28.1041
136.3522 33.7103
141.5360 35.5992
139.8469 34.1336
136.9189 29.3341
138.8458 30.6645
137.0913 33.9275
139.8111 34.0178
139.0117 29.1784
138.3253 29.1181
140.0190 34.0030
137.2767 29.5529
136.8900 33.8006
136.2679 28.1234
137.1193 29.4786
137.3911 30.4776
137.2455 30.7794
138.5196 29.2501
139.2905 29.2824
136.8947 28.9441
137.0675 30.8656
134.0405 28.2552
136.7504 29.5861
139.1085 29.0000
137.1759 34.1817
138.9844 30.4944
141.0779 33.9909
139.4294 28.4560
125.7076 23.0499
129.1448 25.7310
136.6925 33.0803
129.5506 25.9884
132.3540 27.2470
130.6590 29.1883
126.7941 25.1183
134.0967 29.7888
138.1377 34.2799
139.0769 28.6138
136.9616 30.8371
130.3243 26.1401
137.4361 30.5381
139.1833 29.2909
137.2917 31.0630
132.4062 27.5888
143.8644 36.1054
133.0509 26.6392
134.0071 27.5560
137.8103 33.9858
128.6612 25.5849
138.4348 30.6054
132.6307 31.9286
136.6415 29.0728
132.6753 31.8199
138.8940 29.9072
137.6606 33.3980
137.7827 30.5974
137.3250 31.1777
134.4593 24.9986
132.5662 31.6142
139.6301 28.4764
133.9399 32.2802
134.9178 26.6277
137.6100 29.5416
136.6154 23.3842
134.4425 31.3227
126.3094 26.7429
134.8873 32.7295
139.3684 33.3870
133.2842 31.9980
141.1640 34.4028
138.5094 30.1835
130.2104 26.1740
138.6922 33.9819
139.4331 28.4415
137.5776 30.2573
131.6490 27.2054
133.8990 26.6091
137.5302 33.5338
138.9542 28.7520
134.4966 25.4204
136.1922 29.2357
137.5027 30.4455
141.2726 35.4344
134.4497 25.7292
134.3518 27.9523
129.3279 25.5837
135.9163 29.8322
131.4439 26.6569
136.1383 29.2810
139.1170 28.7796
133.1344 28.7166
137.2059 29.0756
138.2084 33.6886
136.8722 30.2043
132.5181 31.7711
135.9110 30.1488
133.7570 26.3394
130.6365 29.6714
136.7419 30.9966
135.9718 30.4119
138.4037 34.3443
136.9063 31.0808
139.5454 29.8297
136.3329 29.1467
136.5251 28.4154
138.5853 30.4965
133.5731 27.2199
136.7522 30.2464
139.5478 33.4774
137.2843 34.2108
143.3590 35.7062
136.2660 29.1804
136.2407 29.1956
131.9529 28.4543
135.7048 25.1282
134.2258 30.1684
137.5392 31.0576
133.6136 25.0539
130.1140 25.9498
138.3915 33.8715
136.5986 30.8265
136.5093 29.0942
133.1397 26.4185
137.0330 30.2925
127.3320 25.0693
132.6196 26.6580
133.0262 32.1593
133.4604 29.8919
127.9759 25.6401
137.6706 30.9832
136.8232 30.1368
136.5843 29.8622
137.5387 29.6635
139.0871 30.1134
136.4532 29.1375
136.1140 30.9925
135.7042 30.1161
139.1863 28.2944
136.6686 30.2625
138.7513 34.4281
135.9703 30.7862
136.2090 30.6915
136.7586 30.0501
137.1693 29.7172
138.9209 28.8693
137.3200 29.3194
137.7133 31.1376
138.6962 30.8022
136.5199 29.8250
136.5440 28.7434
139.1912 28.6745
137.6809 34.3133
137.7433 34.2702
139.3910 28.8499
139.2542 29.2392
137.3389 30.2490
137.2478 29.0945
137.2691 30.3458
138.5394 31.0584
140.8221 33.0618
136.7171 29.8763
136.7017 33.3531
138.9838 29.0089
136.5006 29.9643
138.1328 34.2076
139.0773 30.0031
136.2410 30.4615
137.2190 30.9700
137.1790 30.0072
137.1120 33.4232
137.2266 33.2345
136.1931 30.6966
136.9988 30.3334
137.0036 28.9277
137.9775 30.0887
136.4706 29.1885
136.0013 30.3956
136.7502 30.0672
137.6185 30.4825
136.7329 29.8389
136.7442 34.0117
137.6380 30.3984
137.2710 30.3345
136.7453 33.2950
136.0826 29.4596
136.4134 30.8796
139.0648 29.4036
136.4812 33.6293
137.0020 31.0438
137.3864 30.9332
136.9244 33.4006
136.4429 30.8957
136.9032 29.3343
136.1624 30.6508
138.7724 30.7807
139.1057 30.1147
137.2187 30.9211
136.6072 29.8685
138.9798 29.1095
135.9025 30.8425
137.0487 34.0846
136.6056 29.5913
137.3291 30.7917
137.5936 29.9184
136.9673 30.4713
136.8262 29.8050
136.5091 33.0436
135.8149 29.4994
139.0970 29.4319
139.1515 28.6909
137.3460 31.2298
137.0937 29.3312
136.6270 30.2074
137.5704 34.2129
136.7870 30.3855
136.2100 30.4400
136.1488 30.6392
136.5635 33.8791
138.8346 30.6169
136.8220 33.3064
136.9452 30.9702
136.9583 30.4564
136.0255 30.0874
136.5116 28.6014
137.7961 29.7541
135.7674 30.5765
137.1810 29.0279
138.5639 31.2094
135.7037 30.0960
136.8067 33.4692
136.3149 29.1956
143.8316 37.5857
136.9518 28.9188
136.2819 28.6554
136.5283 29.7623
138.7733 28.6168
138.9823 29.0168
144.7455 38.2771
137.5770 29.7977
136.5285 33.8540
137.5467 34.3047
137.1626 29.3679
140.4998 33.7685
137.1680 30.4262
136.9037 30.3084
135.9168 29.2667
139.2388 32.1115
137.0920 30.9246
139.4769 34.1767
137.2030 29.6710
142.0894 35.0184
136.8699 30.9874
136.0330 30.5449
137.4517 29.4284
137.1241 31.0020
137.4519 33.2379
138.6593 28.9193
128.7187 29.0905
136.6037 30.3286
136.8763 30.7949
137.9476 30.0841
138.3873 30.8264
133.8152 26.3533
135.1463 32.3104
139.8430 30.2699
135.0271 26.2869
132.2218 28.9535
134.4270 29.3138
138.3750 30.2307
136.3704 29.8328
139.0086 34.4624
134.8558 26.7259
130.7162 26.5369
136.9625 30.7644
138.1156 30.9899
134.9507 31.9690
140.9526 34.1237
134.3666 27.5018
130.6218 25.7670
134.4586 25.6711
133.2349 26.5955
133.1546 24.6904
138.4769 33.3210
136.2136 26.3098
133.9292 27.2363
128.7020 29.1026
136.5343 33.0981
124.7260 27.8344
131.9885 27.1022
125.1003 28.5301
131.8655 23.7299
137.6576 29.2593
130.7340 25.8272
138.5422 29.4059
134.8761 31.1547
135.0751 27.1464
132.5074 32.2156
136.1353 29.1724
134.4978 27.7347
135.3080 26.1533
137.7447 29.5237
138.9098 29.0521
132.4036 29.7507
137.0760 30.0107
134.9610 30.3125
138.9274 32.8288
134.5386 29.5566
134.1133 28.3585
139.5272 28.2645
134.1984 24.1469
132.2254 26.6164
134.2171 29.4533
135.5164 30.6129
127.0350 24.3661
127.3360 28.3308
134.4746 28.2181
134.4920 32.2760
139.6682 29.4215
126.3500 22.0987
128.4062 30.2860
134.9897 28.3877
134.2845 31.0468
134.2996 31.3573
138.1234 30.9726
136.4499 33.1740
135.4898 28.1319
134.7921 32.3327
139.1687 34.6015
136.6572 28.8896
132.9331 27.5815
133.3153 27.6251
133.6655 28.2967
134.2413 27.7435
137.8261 29.7680
134.2436 31.1939
134.0024 28.4801
133.9980 22.3144
124.4395 20.5218
126.1408 23.8699
134.5421 22.2901
128.1748 26.4510
133.4606 27.1171
133.0950 27.7824
135.7135 28.3342
136.7539 28.0060
133.4983 26.3300
134.1021 22.2125
133.0003 26.5271
126.7893 25.2746
135.5476 27.6787
131.3943 24.0354
133.4029 25.5700
126.0967 24.5546
135.5975 25.7674
132.7261 24.7711
131.1564 23.3621
133.8076 27.9314
131.5829 26.4719
137.6086 30.4551
130.1535 23.8717
135.8142 24.3010
135.7270 23.7887
127.2320 20.9260
131.3848 25.6761
134.8184 22.9768
123.6200 21.1457
136.1443 25.8072
134.0254 25.7574
133.9830 21.9123
133.6485 24.6889
136.2229 24.3852
131.4354 24.2426
137.9097 28.4818
136.4856 30.0153
136.8888 30.4229
134.8416 31.6455
126.6877 23.3077
124.3140 21.6802
132.9070 29.1651
134.1792 26.2125
132.9490 25.1554
134.4637 22.6346
133.7192 21.8940
128.7810 24.1761
127.7125 24.2228
134.2653 21.2379
133.7960 21.5808
135.5708 27.6768
134.8902 22.1881
135.2174 26.3886
134.3968 23.5458
131.4918 23.4210
134.3405 25.1420
133.2052 32.0921
136.2397 28.6399
134.6197 26.3287
134.6661 32.8420
134.6620 28.2830
136.5985 28.6201
132.1171 27.3068
132.3623 31.3861
134.1064 28.3940
137.6416 32.1964
137.7849 34.2072
137.0931 29.2644
139.2862 33.6075
135.6674 30.7370
134.2997 25.7717
137.4816 34.3310
127.5332 24.3074
133.1102 26.7141
134.6773 28.4086
138.9525 29.9980
129.8990 28.5438
134.0190 26.9828
139.9471 28.1045
136.0923 24.9101
138.2079 29.5367
135.0573 24.9883
137.6735 34.3189
129.1803 28.6915
132.5142 32.3742
136.0121 29.9716
137.9312 30.8815
127.5713 26.9777
134.8199 31.5363
139.1146 28.7883
131.2946 30.5253
137.6519 34.1405
133.9721 31.5755
140.4454 27.9903
136.5886 29.8550
132.3875 29.5983
138.9043 34.3755
135.1460 25.0207
133.8400 31.9038
137.7447 29.9454
137.1497 30.3820
134.9111 27.9595
138.7753 29.9489
137.5362 29.8614
134.8076 25.2405
135.9770 28.0305
133.4628 31.6282
132.4751 28.8206
139.4639 26.8842
139.0935 28.6755
138.6447 33.8735
135.0346 26.4833
130.8665 30.1963
134.0892 32.0650
139.6233 29.0290
138.7368 28.6609
135.3571 32.6531
137.9178 30.9636
139.3215 29.6631
137.3804 32.6843
139.3354 28.9643
135.1214 28.1166
137.3471 30.3769
137.0833 29.4376
139.2001 29.2303
136.9618 29.7211
139.0815 33.1637
132.9512 31.8497
136.8090 31.0485
133.8110 26.5821
135.7528 24.3455
133.6801 25.0140
136.8409 28.9682
135.2895 29.3365
139.6153 28.8025
123.8481 30.0645
133.7845 28.6813
141.0538 35.2548
137.6523 34.3385
137.0050 33.6897
132.2766 27.3524
137.9878 31.1199
134.7850 28.0300
133.4866 27.0509
137.4629 33.1484
134.7701 32.2152
137.4107 28.8544
132.8390 28.8245
133.8592 30.8696
133.5041 28.4580
135.2525 26.1034
128.1086 27.6105
140.3359 27.5551
132.8173 29.1913
138.4071 34.3464
139.9080 27.2928
138.7360 27.8526
134.4400 27.8820
131.3697 27.1710
132.7488 31.2602
134.7221 29.2650
139.9660 28.1521
138.9943 28.4909
134.2927 28.9946
134.8120 32.0388
136.0089 29.7751
135.2286 32.7984
127.1262 27.5503
132.6089 31.3481
137.2849 30.0620
139.0491 30.1056
135.3572 31.3408
138.0105 30.3519
132.5449 28.7964
133.3242 28.1705
138.1066 28.1634
137.1026 29.1566
135.7089 27.0221
128.4445 26.6400
139.6282 28.2531
137.2052 29.8342
127.7478 24.3258
131.1522 27.7758
133.8067 24.4952
132.5243 28.2284
129.6379 28.8730
134.4099 30.1063
130.7951 27.1423
137.5197 34.2719
134.9220 32.1345
137.5914 30.1954
136.9732 31.0424
135.9227 29.5385
135.5257 24.0405
138.3522 30.7139
134.3813 32.2748
137.1147 30.7614
139.7026 28.3457
136.5200 31.6053
131.6540 26.9882
137.8202 30.2512
137.0782 30.1459
139.2641 28.1592
134.7045 31.4481
133.7807 24.6197
134.8480 26.0353
133.2511 25.0956
128.1350 25.3305
130.6936 29.9552
137.6647 29.9916
132.4362 27.2506
139.4696 28.2322
131.3447 27.2175
138.2232 30.3282
133.5810 24.9825
134.7617 29.3924
134.7749 24.4421
133.9157 28.1175
137.7330 29.8059
137.5607 30.4245
138.7698 33.5779
143.5544 37.4033
134.5698 32.3796
137.1798 34.2518
143.6518 36.4667
136.3367 33.2478
139.0996 29.2727
135.1855 30.4984
149.0857 35.6056
137.2408 29.9323
138.8185 30.8135
138.2406 32.1765
136.9569 33.3261
139.5900 28.3059
140.1502 32.2551
138.9842 30.6925
137.1246 30.1409
135.8874 30.4842
134.0798 26.2159
136.7848 29.5843
135.0873 24.8475
144.4491 38.6779
136.9160 29.3805
139.3374 28.1203
136.0632 29.9989
136.1895 31.5106
139.2365 31.1468
143.1598 37.1429
141.5635 33.8948
139.1628 29.1380
136.7105 31.3650
139.6098 29.7155
137.7695 29.8536
134.2644 31.4143
137.3178 33.4090
137.5360 33.9457
140.3828 33.8543
136.8182 29.3671
139.0992 27.7861
126.2258 24.5831
145.0157 36.7297
132.0792 31.5620
136.6080 33.1343
139.1353 29.5104
145.3680 34.1410
145.4568 34.7582
122.1943 32.7757
145.3394 35.0115
139.3146 28.6000
137.3881 30.5634
139.0751 29.2263
136.0278 29.4124
136.4013 33.2518
144.3392 38.9299
138.8848 30.5502
137.7392 34.1351
134.4546 31.0959
136.1257 31.4440
138.9128 30.3519
145.7192 35.6218
131.6151 30.9054
138.9896 29.4801
137.0807 33.8126
139.7439 28.4103
139.4035 29.9090
136.1537 30.4251
139.2104 28.5753
136.6022 30.8597
135.0718 33.4769
136.4248 30.9335
136.6255 33.1564
143.6475 36.3063
138.7982 29.0485
135.0461 32.0093
143.0527 36.2102
137.0573 34.0441
145.8709 34.5648
136.9382 30.8798
138.9161 28.5434
134.8305 32.3751
152.0011 35.7314
139.0183 28.5972
136.5291 33.3278
137.3496 31.2897
136.7965 29.5463
137.3710 30.1088
131.7858 30.9129
138.8338 29.8547
138.7990 29.0838
145.1395 35.4789
128.5768 28.5137
139.1096 33.0506
132.8591 31.5087
131.3214 26.8938
132.5120 29.6332
132.4817 31.6428
132.8713 31.4513
133.2114 27.8070
132.6532 31.5843
133.3121 30.6995
134.0169 32.4612
132.6665 31.6774
136.6059 29.1151
132.8617 31.8241
137.1688 29.1642
134.4402 27.9411
138.1424 33.6100
134.2048 31.3536
131.4694 30.5623
135.0375 31.1655
131.2909 30.3915
138.7193 34.1385
132.6562 31.7673
132.4893 31.7276
134.9261 31.3506
141.6998 35.6271
134.8613 28.2005
136.8544 30.4294
132.7269 31.6180
133.1729 27.1315
136.5483 33.8262
139.1438 29.5188
134.3820 25.3791
136.7265 28.1557
140.7538 33.5594
134.2361 31.4692
127.5003 24.8741
133.5430 27.1334
134.7801 32.2784
133.5337 29.5596
138.0708 29.7576
134.3759 25.2360
135.4211 32.9601
128.4832 25.6632
133.3315 27.6716
137.2590 30.8555
133.1439 32.1653
133.2228 31.3970
138.8130 30.3095
138.7163 33.2631
138.3634 32.7816
132.4795 31.5650
136.1864 30.7033
128.1264 27.4340
132.7770 31.4291
134.3714 24.9300
133.3881 27.3097
138.9531 30.1989
133.0481 31.3702
133.3906 31.9981
133.1868 27.3973
137.2839 34.1441
138.4518 32.8633
136.7651 33.4965
132.6374 31.7579
134.4738 24.7808
139.3497 33.1460
132.6446 31.9646
137.2444 30.9083
137.4849 31.0810
130.6854 30.0405
136.6025 33.4206
137.0527 34.2025
134.7644 28.7914
135.0426 32.4044
133.9725 27.5059
133.3708 27.4983
137.8796 32.5530
139.1622 30.1973
137.6022 30.4097
133.6994 26.6066
132.6815 31.7278
133.9083 31.2634
133.2343 26.2930
131.6862 27.1221
133.9720 27.8595
139.7335 34.1582
136.3833 28.1469
133.6792 28.1953
134.3611 25.3034
133.7419 28.2901
133.9068 26.5591
134.1322 26.0166
138.2384 30.5248
132.7535 31.9470
139.4627 28.3739
134.3210 30.9114
134.5667 24.6169
137.9686 29.2470
134.3045 25.0008
132.3149 28.7417
143.4766 37.4342
134.1626 31.2891
132.6687 31.9022
132.6993 31.4654
130.7458 30.0433
133.5026 25.0358
132.9078 27.3485
133.4337 27.0918
137.7008 30.8392
139.6089 28.6306
138.3268 30.1544
138.8786 29.7706
134.2724 25.1284
134.1004 28.3104
135.1172 31.5076
127.5057 28.1348
138.4037 30.7605
134.1800 28.4736
134.4938 31.2006
133.7469 26.1539
134.9813 30.1015
134.7719 28.3096
138.4162 27.8627
131.4814 27.2891
133.8212 28.1402
130.9088 30.2214
133.8134 28.6409
133.2577 27.2461
137.3153 31.4720
138.5210 30.2751
138.9747 29.1859
134.4261 27.8451
135.6486 29.6984
133.5575 27.1684
133.3761 28.3282
139.7611 28.5224
128.5327 28.4358
134.9867 31.7216
131.7465 27.7155
138.5291 29.3524
128.4474 25.8229
136.9398 29.3237
135.3857 25.9672
127.6191 28.2595
130.4124 25.6486
138.2056 30.1268
134.0070 25.2455
132.0308 28.0462
134.0525 25.7225
132.5894 28.3123
139.4136 29.0780
131.9510 27.9550
132.1438 27.5859
132.3635 28.8315
133.4320 31.6584
133.0804 26.0392
134.9849 32.4903
136.2183 28.8432
135.4967 26.9986
131.6225 26.1606
130.4866 28.4139
126.0435 24.8781
138.8615 29.0225
135.7211 23.4081
128.8876 26.1740
130.5994 26.0124
135.1134 32.4237
133.1262 28.8160
137.9162 30.4138
131.6268 27.0827
133.8994 27.3915
137.1597 29.5729
139.9682 27.6069
134.1724 31.5595
133.9657 28.6424
138.6979 30.4709
136.3124 29.8599
139.7092 27.9530
133.2512 25.0578
137.9380 34.3718
138.8313 29.8664
137.2364 33.9025
138.2371 34.1044
137.2851 33.9389
137.0261 31.1736
137.0566 29.6829
134.3894 27.8921
133.2070 32.1523
132.6223 31.4570
138.3767 28.2730
139.7806 28.0738
137.4649 30.3558
138.0295 34.1869
132.0127 29.0880
132.4257 28.3354
136.4732 28.0289
134.4607 25.8793
134.3992 25.3684
136.5583 33.2920
138.5931 28.5559
127.6773 27.2235
140.1037 27.5494
135.7944 32.7438
131.0129 25.8277
135.3381 27.9706
133.7375 24.8783
136.4184 31.4470
133.7496 28.3913
139.4222 28.5691
133.8419 30.4894
135.9216 31.4529
134.3998 28.4392
133.4111 24.8576
138.1570 30.1513
140.2565 33.6454
141.2354 35.3346
133.1402 27.3525
132.5038 29.6445
132.5482 31.6516
139.4669 34.2140
131.3892 28.1801
132.5734 26.7426
136.8203 33.2806
132.9554 32.4167
130.5861 29.8730
135.0634 32.1519
137.2571 32.3598
137.2532 33.7274
134.8385 32.0585
133.4329 28.6611
132.6752 29.7659
136.1381 29.3695
133.9866 27.6916
131.7870 26.8952
136.4951 28.8264
143.1227 35.7257
136.2705 28.1184
135.0181 29.1373
137.5272 30.5790
134.6644 32.1879
132.7561 31.2621
132.4182 28.0770
140.1270 28.1195
135.1911 29.4555
137.2036 31.1978
137.5161 34.2592
133.3921 27.8495
139.2326 30.0586
137.8608 30.5954
134.3302 30.9287
137.7482 29.2926
133.7473 24.8309
140.0534 28.2748
126.7307 26.4707
131.0479 30.2729
136.4604 30.9937
132.7229 31.5459
134.8383 29.1302
134.4619 24.7582
133.0899 32.4342
129.0221 25.6422
138.0386 30.4890
133.8851 25.7499
134.7115 27.9049
139.5068 28.8683
135.0143 32.0853
132.3423 31.3672
137.0181 29.3690
136.6354 29.1218
133.4330 27.1399
137.4738 30.7527
138.7800 28.2475
134.1147 27.6504
139.3675 28.3487
134.3440 24.5115
131.7702 30.6419
136.6839 33.9515
133.4129 28.3823
134.4706 28.0865
136.9873 32.0037
139.4035 28.4461
135.5300 32.6596
133.0367 30.8011
128.4594 25.4535
133.1997 31.3284
134.3237 29.3779
133.4375 27.2354
134.4992 24.4582
135.0358 32.7389
136.8401 30.0256
130.6737 29.9765
133.2217 31.3052
134.2231 30.5702
134.2160 27.3477
133.9397 27.5143
135.4143 23.2653
135.5400 32.5603
139.2880 28.7160
134.4703 24.6464
136.1283 29.1293
138.7505 28.8532
139.6593 29.9716
135.1189 28.0781
127.5207 25.9098
134.9854 32.4331
137.4508 29.2432
125.4764 28.5942
127.4220 27.6399
126.6193 24.2086
137.1945 28.8566
127.3313 25.7923
132.2089 27.7326
139.5807 28.7557
128.9823 28.5948
138.8821 29.9359
134.0835 25.1550
137.1999 28.3826
133.4170 27.8583
137.9529 30.7290
133.9438 28.5863
127.6126 28.1255
127.9947 28.0754
133.2841 27.0084
137.2512 31.0195
132.8209 31.3829
135.1780 29.7111
134.2467 30.6487
139.5468 28.9255
132.3643 31.6852
139.1428 28.9671
134.1078 28.5023
133.0405 26.1999
139.6289 28.4384
139.2866 28.5127
139.2654 28.9668
134.1192 28.2422
138.3900 30.2495
132.4716 31.3646
134.9508 29.0529
132.9781 32.2855
139.8863 28.5499
134.0080 24.7897
131.1838 27.6044
136.9982 32.3949
127.3997 27.8384
134.4203 25.2001
135.7109 26.8642
135.1282 29.7071
137.4526 29.3403
138.5547 33.9705
132.1366 26.0671
138.0137 34.1930
135.9856 31.4976
127.2493 25.2515
133.9701 25.5682
136.3039 30.8657
138.2488 30.7801
131.9173 29.2579
133.2325 26.2472
137.3996 29.2871
132.3178 26.9992
130.3103 28.8866
138.5210 29.7920
128.2432 25.9357
134.7762 24.8400
130.0549 25.4220
137.8864 29.7000
139.9353 28.0848
132.9932 27.4257
134.5466 32.4133
133.4061 27.9816
133.9228 26.4223
134.9158 29.8446
131.0900 30.2240
136.9619 30.4616
139.4526 28.7169
133.2809 27.3972
138.1283 30.5616
134.9084 24.7936
132.9248 31.2007
129.2674 26.4347
137.8307 30.2372
134.9337 31.5475
137.2747 29.9608
134.8517 24.7435
139.2619 29.5064
137.2035 33.6980
133.1627 25.4765
139.7576 28.0629
131.0576 28.3766
134.8277 29.9589
126.7867 27.6844
134.6496 29.0426
133.9993 31.1920
135.0137 32.4270
139.0221 29.4988
138.8065 27.8320
135.2148 31.1346
135.3905 24.4896
133.6904 24.3617
129.1165 25.3486
133.2329 27.1207
136.6560 29.9057
135.7040 29.3045
133.4632 29.3695
127.1264 24.7999
134.5318 25.0473
133.6173 27.8773
138.0693 30.9690
133.7066 23.7830
129.9725 24.8881
136.5930 28.8327
133.3194 29.1147
138.8905 28.4881
137.9182 30.4544
137.7959 34.2900
133.0804 25.1747
137.1398 29.0415
133.0378 27.4956
137.7869 33.7522
139.3605 28.4544
132.9404 27.9866
129.2233 25.6115
134.0814 25.3785
133.8616 28.4063
137.5287 33.4982
127.7444 26.7140
133.1203 32.5753
134.2525 26.0169
135.9201 27.9598
137.1826 29.8275
135.0547 31.1145
134.8958 26.2822
135.2992 28.9581
133.3864 29.4448
129.7057 24.7669
135.0142 28.3153
139.3851 29.4497
133.9051 27.9103
131.0706 28.3345
136.1942 28.6620
139.4868 29.0779
133.9407 27.8243
139.0386 29.0929
139.8255 28.1085
134.7126 32.5393
138.9571 29.8233
134.0182 31.7261
133.0856 29.2555
134.5120 30.8231
138.1295 28.4110
139.0364 29.2833
136.7703 31.8124
136.9353 31.0497
135.0555 28.7269
138.4209 34.3530
134.9573 27.5014
132.9872 25.1023
135.1126 24.5953
134.6762 28.2225
137.6429 33.2030
138.3318 30.6837
134.9296 24.3277
132.7442 26.7467
133.8577 31.8898
132.1447 31.4710
136.7975 30.9199
136.2389 29.2310
131.9106 28.9203
134.4870 24.8563
134.9902 29.8751
136.4210 31.7114
138.2338 30.3713
138.5030 29.6983
135.0164 31.4228
138.6309 27.1791
134.6232 31.9771
133.9779 25.1912
137.0170 33.9577
131.6237 28.5233
134.6489 28.6745
138.2998 29.1878
134.8405 32.0164
138.0260 32.0050
139.8940 28.1591
140.0540 28.2742
131.0019 30.2178
134.2438 24.5737
133.3483 32.1890
135.9153 29.9767
134.0169 26.5133
137.8292 30.1062
133.7321 29.4650
137.6879 30.0267
137.5702 29.3270
134.9010 29.6359
139.0597 28.4035
137.0177 29.1104
138.7460 30.0410
138.9969 28.1548
133.9579 32.8752
137.3152 31.0685
135.5157 29.5357
134.5257 29.0494
134.4061 29.0561
135.4585 29.8976
137.5688 29.3264
134.9681 27.6629
139.0496 28.3646
133.6842 29.1770
133.9177 26.3869
136.9656 29.0421
126.6082 24.1078
138.7291 30.2287
139.3508 28.6919
136.1573 27.8842
134.7363 28.3477
138.6383 30.3525
133.8442 29.2090
138.6929 30.5050
138.7957 29.8177
132.4128 27.2856
139.4351 28.3579
126.6410 23.8468
140.2154 28.0274
134.1519 26.0186
137.8485 34.1543
136.8644 30.1272
138.1996 33.8708
140.0861 27.8944
136.8134 30.9945
133.9225 26.7096
137.7876 30.3128
137.3855 32.5006
138.7566 27.2879
140.2435 27.9873
134.1507 31.6228
134.1859 31.3018
138.6217 30.0539
135.3101 30.1369
132.7412 31.9041
133.2705 26.5119
139.6512 28.5912
140.1916 27.8809
134.3669 25.8711
138.0044 29.9685
137.7901 30.2675
133.1689 27.2106
131.2811 28.0248
134.9003 30.2022
133.6025 32.3954
131.7538 30.7332
137.2885 33.8095
137.6565 29.5340
139.4350 28.2989
132.5924 31.6386
134.5642 28.9688
134.1083 25.9429
138.5216 30.5482
132.3948 31.3358
138.2342 30.3107
138.8136 29.9819
137.3110 29.9427
133.4670 32.2529
136.5680 29.0958
133.8746 26.2405
137.3636 28.4580
138.7384 29.7615
137.8034 30.1788
138.6315 29.4480
136.6785 30.9826
137.9899 34.1874
137.4446 30.1791
136.8390 31.9588
138.1947 30.4214
133.4090 27.1699
134.5495 30.3522
131.0911 30.2836
138.0409 30.8727
130.7055 30.0162
134.4650 28.7554
133.6489 31.3415
126.8186 24.9691
134.4404 30.2100
137.4135 30.6285
138.0941 30.5408
137.4792 29.9151
134.1381 26.5522
139.9602 28.1105
133.1903 27.9153
137.5955 29.8266
134.3733 31.4426
138.2047 30.2682
123.5940 28.4707
135.2977 22.8459
134.6486 25.0274
134.2693 27.0466
132.5177 31.2280
133.5603 27.8039
139.3548 28.5103
130.3734 26.9295
133.9130 26.2018
141.0044 35.0750
137.2138 33.0574
133.8955 26.0535
135.7683 25.5917
139.4010 28.2264
134.9661 31.8932
133.2708 28.6060
133.0166 27.5841
134.8427 24.2202
135.0148 32.4336
134.2920 24.4991
126.6227 27.8539
135.2195 31.2933
131.6819 27.2538
132.1765 27.6529
128.0221 29.6247
134.2965 20.3465
133.8757 28.7909
137.5123 34.1680
137.7806 28.6175
133.7383 24.4859
138.3345 30.4436
128.2735 25.5911
137.3530 33.3955
131.2868 26.6141
133.8550 24.9576
135.1676 23.2281
136.4097 31.8215
134.4421 25.1726
127.2350 23.6835
135.5350 28.5662
128.5689 25.8097
136.8539 31.4550
134.0751 24.3773
135.0397 28.1410
130.8896 25.1276
133.0129 25.1573
134.9580 29.1219
127.1285 25.0747
134.3135 30.3152
134.6397 26.9753
128.6819 25.4661
134.1464 24.6218
138.8508 29.4619
138.5325 30.6312
132.7715 28.2239
137.1650 31.1337
137.1461 30.6945
130.2928 26.3339
134.6028 30.7911
132.0141 27.8386
130.5853 29.9739
134.6276 29.1910
131.4697 28.3055
127.1140 27.3713
136.8629 27.1044
133.0738 26.1685
129.8937 26.3059
126.8397 25.9589
126.3655 20.9894
136.5814 29.7666
144.8655 38.1339
136.9644 29.7874
135.9973 30.2201
135.8328 30.1701
137.5042 30.6464
140.2275 34.7022
137.2074 34.2073
138.9328 29.8434
136.8361 34.0668
137.7698 30.8308
139.5343 28.9577
139.4405 29.0047
136.7190 33.4935
137.3083 30.5080
136.7088 33.1753
136.7340 33.9991
136.9234 33.7167
139.5765 28.5004
136.5857 33.8571
138.3356 29.1412
138.9254 29.7862
138.1721 31.0606
136.6736 33.1833
138.5853 30.6900
137.0464 33.6877
141.1353 34.5310
136.6581 33.2571
136.9114 33.9516
136.0141 29.9817
136.9019 34.0941
137.4821 30.2440
137.0517 29.9271
138.6783 28.5829
144.4659 38.2719
136.9486 33.8485
138.0507 31.1324
141.8619 34.9026
136.8464 33.9274
136.6608 33.9040
137.3956 34.2736
137.7767 31.0768
137.1581 34.1777
138.3728 31.0964
137.2206 29.3247
136.4520 33.7189
144.6717 38.4744
136.9752 30.4346
138.6690 30.8555
139.9027 32.9593
138.4821 28.5799
136.8027 33.9389
140.2816 34.4872
136.4484 33.7115
136.7628 33.3000
144.9540 38.2324
137.0741 29.1175
136.9379 33.8405
135.8767 30.3499
137.2337 34.1390
139.3553 28.5039
138.9841 29.4350
137.2835 34.2349
138.2756 29.2551
137.1042 30.6238
138.0302 31.0016
136.7327 33.9345
137.7149 30.6563
144.1503 38.1398
136.9299 29.6661
141.3393 33.5159
137.3047 30.5319
137.3691 29.4929
136.8992 33.9490
137.8518 29.6782
143.9227 37.7401
139.0777 34.4313
141.9277 35.6263
138.2379 34.2494
137.1430 34.1721
139.6247 34.6423
136.5826 33.8588
138.9987 34.4017
138.9234 28.1112
136.3489 29.2880
139.6723 28.6772
136.1754 30.4572
137.2874 34.2258
144.0119 37.9939
136.5685 33.8707
136.8726 29.4617
138.5043 29.7207
137.2472 30.6080
137.1896 30.4200
136.4387 29.9544
144.1600 38.0812
134.2306 27.7699
139.3089 28.3095
140.9218 35.2768
136.1223 29.5525
144.0199 37.7500
138.6218 30.9412
136.6576 33.4741
139.1577 34.7300
136.8318 33.0346
136.8693 33.8531
137.2486 34.2120
137.8372 34.4120
136.5440 29.9388
137.1772 29.1677
137.9425 30.8465
137.4557 29.4161
136.4557 30.9443
138.9491 29.1425
137.2584 34.1820
144.2017 38.2056
137.2139 33.3183
139.3126 28.2854
136.9390 33.9028
137.1567 33.4139
136.6404 29.4618
137.1970 33.3899
139.4434 34.4671
137.2528 34.1966
139.3961 28.9551
138.8908 30.3262
137.8112 30.9085
136.4764 33.7501
139.0985 32.9605
138.2190 29.5989
137.0116 34.2278
137.7702 30.8491
136.8544 32.9651
137.4543 34.2569
137.4810 29.8249
143.5582 36.7364
136.6062 33.8824
144.3596 37.9918
138.8051 28.4274
136.7349 31.0909
139.2828 32.6595
138.9136 29.0903
137.7437 30.7438
139.1263 32.8882
136.3732 30.2536
136.7336 30.3744
140.2832 33.9785
137.1106 31.0309
136.9809 30.2298
138.9472 29.3029
137.7604 34.2611
137.3544 29.8247
138.8616 34.4605
136.9396 33.9400
137.7008 30.4331
137.3045 28.8312
136.0081 29.8763
137.4573 31.1580
139.3774 29.0060
138.0418 31.3118
137.7628 30.7737
136.1402 29.1612
144.4839 35.6016
136.8148 33.5751
137.1042 30.0097
136.7804 33.4898
138.6392 30.5280
136.8466 33.9491
138.1638 34.1927
137.1383 30.5913
136.6781 33.2234
140.1037 33.8810
145.0500 38.1661
137.0699 30.6792
137.7275 30.8903
136.5554 33.8672
138.9696 29.6796
137.5021 30.6376
145.1860 37.8171
136.7647 33.3507
136.0139 30.2281
138.7988 30.2143
136.9458 33.8768
136.4165 29.6642
136.1979 28.8791
138.1666 31.2284
138.4845 30.8349
139.0997 29.5219
137.1124 33.2896
136.6349 33.4527
136.5237 30.9898
136.1441 29.5761
136.5098 33.8187
136.7751 30.4340
137.0620 29.2705
138.7827 30.2628
138.5372 28.9900
136.8065 32.9963
137.3274 34.1695
139.5239 28.9410
137.1642 28.9408
136.9790 30.2353
137.2604 30.9620
144.4124 38.1337
135.9476 29.6769
137.1821 30.9654
138.7028 28.9406
140.1408 33.9756
139.7093 28.6036
137.3040 34.1837
139.4238 28.4646
136.4730 33.7133
136.7932 33.9589
137.3196 34.1844
138.3110 31.1751
137.3445 34.1617
139.3185 34.7503
137.1136 34.1883
136.5495 33.8124
136.7014 31.0903
135.9934 29.1125
142.9599 36.9618
136.9718 29.8727
136.8105 30.1617
135.8472 30.2392
137.5716 30.3572
136.0688 29.7642
136.1406 30.4379
140.0331 33.9744
144.2500 36.2471
137.7708 31.0443
138.9294 28.1003
138.4638 29.4954
136.7668 33.0511
136.7025 33.9313
136.6373 33.2267
136.9483 29.7208
136.3915 29.6214
137.2823 34.1316
137.2821 34.2252
138.2611 34.2396
137.2265 30.5920
138.0532 29.9254
138.1688 29.4985
136.9633 29.7181
138.8829 29.3276
140.9547 35.1752
144.4710 36.2532
136.9588 29.7605
139.1917 28.2392
136.6382 33.2018
140.6832 33.2001
138.7291 30.3505
137.0602 29.9796
137.5081 30.0681
138.9264 29.9895
138.5338 30.0334
138.7544 30.2941
137.3813 34.2283
137.9288 30.7767
137.8888 29.7088
137.0467 33.5964
137.3331 34.2013
150.2195 36.1785
145.5503 34.4371
136.9012 33.9543
136.5299 33.8410
138.5145 30.7158
139.0262 34.5302
136.2566 30.7602
137.1057 29.9188
136.9310 33.1146
136.6030 33.2325
144.5511 35.5828
137.2641 34.2275
136.1221 30.4878
138.7035 28.5252
138.7775 30.3126
137.7365 30.7690
139.2124 28.2347
139.4256 28.7500
138.5253 28.7440
137.0928 33.6054
139.5028 34.9026
143.5931 36.2185
137.0629 33.6342
138.4535 29.6372
136.8241 33.6554
136.5289 31.1837
139.7778 32.9222
139.2091 28.2770
137.8786 30.9873
136.7834 29.0701
136.8695 33.1159
138.9337 29.1009
138.6422 34.3919
138.9210 30.0217
135.9085 29.2192
136.6168 30.3619
138.7560 28.4367
136.4733 33.3761
139.3227 28.3215
137.3534 31.1700
136.6259 33.2054
137.1907 34.3253
144.4906 38.3452
137.0949 29.6411
136.8896 33.0143
138.5313 28.4422
136.8142 33.8148
136.0062 29.8098
136.7670 33.8482
138.4698 29.4857
136.9104 33.9049
136.4657 33.7533
138.5065 30.6985
137.2948 34.1316
138.6107 30.4745
136.5839 33.9096
138.9260 29.5179
136.6768 33.9617
138.9641 29.5125
