132.6703 27.9398
134.1154 28.9123
134.0915 26.6625
138.8688 32.8849
139.1727 34.5473
131.4680 30.1443
132.5800 30.5622
134.3098 29.1829
136.2825 30.5547
127.2104 27.1368
136.5089 29.0820
136.4290 33.8313
138.7360 30.1167
131.3398 26.3739
136.7127 29.2880
133.3030 28.5062
136.8082 29.5362
132.3492 32.1750
131.4077 31.0778
138.1989 29.6881
131.3172 30.1441
133.5081 30.0069
135.4059 29.5412
136.2379 30.0383
138.6108 29.9608
135.2516 28.7288
133.0924 32.3374
135.8012 33.2407
136.0900 32.4823
134.7795 28.5735
138.3429 29.5198
138.7576 30.7360
135.6581 29.0424
139.1826 30.1892
136.5992 30.8556
131.1531 26.3926
138.6235 30.4695
138.5794 29.4791
133.2373 28.3144
138.7028 30.5260
137.9215 30.8615
134.2298 30.0391
134.7781 29.4516
133.1208 28.3156
138.4863 29.4269
134.3077 29.0364
136.3525 32.6237
138.6101 30.5027
136.8640 29.2310
134.8422 27.9766
136.0297 33.1063
131.5358 30.1300
131.5536 31.3060
137.3112 29.3413
130.2419 25.8374
137.7562 29.5591
131.9251 26.5471
135.9925 32.5603
136.7855 30.6068
133.6750 26.2061
136.6327 33.2260
132.4591 30.3605
131.0822 29.5662
133.2035 29.6461
131.8622 26.0183
138.8176 30.5723
135.7439 29.1614
136.5180 30.1173
132.3506 32.1009
135.9635 32.9606
135.5952 29.1562
131.8834 31.6869
134.3380 27.3223
135.5723 29.0253
132.5664 27.5120
134.4173 27.7810
138.8126 29.7151
134.4897 29.5137
133.6611 28.2649
137.9995 30.9369
131.6906 31.5778
130.5426 26.8547
134.7708 26.2720
133.6872 30.0657
134.1236 28.4419
138.8765 30.6505
134.2576 28.3041
134.2356 28.6921
132.2032 30.3910
136.2430 29.3432
131.5368 30.0268
127.5656 27.4523
135.1665 28.5980
136.4265 30.7047
128.6844 28.8408
137.5403 29.3693
134.1008 28.5893
139.1688 30.3891
134.5083 29.6721
135.3853 28.8032
134.5906 25.9774
134.1636 29.1249
138.8476 30.2332
132.6444 30.6489
138.1597 30.9630
133.9650 27.7373
135.2197 31.6247
131.4422 26.4265
134.3678 26.2589
136.2258 30.5533
133.5418 31.4132
131.7675 31.5718
134.5557 28.6841
138.0259 30.7133
140.0914 34.8646
133.6536 29.6929
139.6164 34.2088
136.2704 32.7491
135.2334 28.5172
134.5927 28.2702
131.6660 31.5137
132.2796 32.2076
136.3218 30.5467
136.5290 33.1064
138.8563 30.2004
134.9649 28.1948
132.4101 27.4133
139.0522 30.2079
132.8854 30.8921
131.6961 31.4681
131.5765 31.3246
136.6096 29.3915
136.2136 32.7351
134.6828 29.2708
134.7263 28.2813
133.3897 30.0927
136.6970 30.3047
134.4562 29.6666
137.4800 30.8477
133.5808 29.2535
134.6130 28.1073
133.7501 29.3630
131.5129 30.6587
134.8471 30.3420
135.6091 29.1313
133.3436 29.8418
132.5844 32.0075
139.0640 29.7956
139.0909 29.0165
134.1080 25.8433
134.0901 28.3968
136.5954 33.2365
136.2068 29.1684
132.7548 30.5538
132.7263 30.8407
131.4692 31.3520
137.0952 29.4214
131.6329 31.6007
137.4863 30.4358
132.0233 32.1529
132.6450 31.5919
132.6121 30.5645
130.6361 26.8689
131.0667 30.5832
136.6259 29.2133
134.0216 27.1315
131.8175 31.7460
138.1550 30.9119
137.0386 30.1180
141.2962 34.5742
132.9713 29.6671
132.2423 32.0402
132.1515 32.1762
139.1138 30.3708
137.8234 30.8714
131.0036 26.6355
135.9692 33.4457
133.4297 32.4387
137.8498 30.8717
134.0513 31.3348
132.1724 32.0848
130.3440 28.1234
135.9252 32.7165
134.5600 29.5697
133.8799 29.8895
133.7505 29.4828
135.1740 28.7615
138.5462 28.8989
135.7274 33.2070
132.7967 32.4110
133.4521 28.8872
138.3916 30.5330
132.0024 31.7238
131.8995 29.2279
137.3593 30.8561
134.1823 28.7969
139.0779 29.9900
136.4454 32.1187
139.1629 29.0252
138.5879 29.5525
133.5701 29.9072
136.5163 32.5382
131.0240 29.4728
132.8424 30.8597
137.5070 30.9265
137.2124 30.7808
132.6744 30.4012
138.6916 29.4615
139.0622 30.1118
133.5415 29.2905
133.2885 28.8012
137.5550 30.9982
134.7918 30.0636
134.5056 28.5230
130.4368 25.3939
136.4277 30.7046
136.4642 30.2504
132.2467 31.9388
135.9056 32.9047
138.0011 29.5346
136.3526 29.1142
132.3489 30.7864
135.7537 33.1328
138.8392 30.1062
134.0977 28.8347
135.1907 28.4853
129.1102 24.5594
138.5062 30.6283
133.4189 29.6955
138.9151 29.6077
133.1964 29.1341
135.8775 32.8169
133.9663 28.7692
129.6915 24.9827
136.6873 30.5460
136.3812 29.3231
134.6597 28.8126
133.2133 28.4463
138.5587 29.3437
137.7550 30.8898
131.5707 31.3329
131.8808 30.1049
137.9851 30.6914
127.2858 27.8658
140.5963 34.1824
138.6095 29.5908
136.4387 32.2339
134.1557 26.4961
132.5108 30.6067
130.0634 25.3447
132.9924 32.3603
132.3567 30.4838
134.7222 28.5347
134.8762 28.8253
130.9619 30.2939
134.4120 28.9114
133.9459 27.6514
136.5718 29.1830
138.8427 30.6651
132.3166 30.7326
131.4052 30.2922
134.1917 29.7104
136.6245 30.7852
136.9276 30.9341
136.5186 30.7344
135.7597 32.9428
135.9993 33.0104
137.9967 30.9722
133.8889 29.8858
134.1007 28.8514
135.4724 29.5764
132.1560 32.0554
134.2599 28.8355
131.5401 31.2419
132.8976 28.0119
136.9338 30.9623
138.8030 28.9831
135.1404 29.1669
134.3446 27.7635
132.1174 30.2518
139.2563 30.0299
131.8635 26.6698
136.0408 29.2273
134.6371 26.2047
134.5211 28.9890
134.1297 27.3333
130.3104 25.6651
134.4469 30.4520
136.2843 29.2151
138.9576 29.6771
139.2425 32.2513
138.6254 29.7627
138.9644 29.1754
134.2859 28.5604
138.9991 30.5683
132.0938 26.4754
136.5364 30.3896
130.5460 25.5225
133.0418 29.3570
132.7245 30.7100
131.8244 31.8026
137.6401 29.4254
132.8047 31.2363
135.9840 32.9268
136.1136 30.3286
132.0943 30.2808
134.8844 29.1107
131.9286 26.9172
138.9636 29.6314
136.8818 30.4059
130.0060 25.8886
138.6970 30.5947
135.7010 32.9114
132.3178 30.3074
136.2074 30.4841
134.4647 26.2219
130.4483 25.3234
132.8927 29.9459
133.5781 28.9043
128.4017 26.1605
136.3302 30.7133
131.5764 31.1705
135.5205 32.7590
138.6431 29.7459
138.2364 30.9725
138.8967 30.3371
131.9179 31.1023
137.9125 30.8080
134.0486 28.7541
139.1038 29.9856
136.2560 30.3161
136.3836 30.5871
134.2635 29.0630
132.4794 31.1796
133.6076 31.0718
136.2884 29.2002
133.1179 29.7425
133.8719 29.0657
136.0822 33.0795
132.5871 27.3209
132.8729 31.0773
136.7308 30.2207
133.5880 29.7908
134.2713 27.0048
133.9611 27.0592
135.9211 32.6332
134.4451 26.4802
132.7122 27.8803
137.5914 34.2973
136.3472 30.5095
138.6579 30.4443
134.9688 28.2020
135.6624 33.0942
136.5150 30.7540
138.7436 30.8788
137.1824 30.9216
134.0562 29.7199
137.9478 30.5286
138.8106 30.0543
136.3422 29.1659
133.0199 32.3577
135.8675 32.9332
126.6854 26.8503
131.9010 29.7219
131.7558 31.2339
138.6853 29.2541
132.3381 32.0346
136.5376 30.4616
131.8932 31.7909
131.1555 30.5420
135.8130 33.0280
136.2627 30.5740
138.7333 29.4739
136.4389 30.7764
138.5956 30.4928
135.6950 28.9670
134.0356 31.2808
128.8812 26.1951
137.1511 32.7463
135.9231 32.4319
131.9205 31.9530
138.6375 30.5157
139.1606 30.2296
135.9261 33.2074
133.1515 28.0723
135.0477 28.9841
132.5576 27.2024
132.6475 27.2215
135.3013 28.6166
131.4833 27.1275
134.2301 27.8832
136.4422 30.1518
135.7913 32.2571
132.1473 27.0463
138.4515 30.8035
134.4900 25.8108
134.4433 27.0594
132.9263 32.2593
131.9753 27.2772
130.3190 26.3871
138.6192 30.5761
138.6604 29.8503
139.1438 29.8865
133.5917 29.2812
133.3873 28.2805
136.3947 30.6010
131.8389 30.1631
135.9364 32.8840
137.3696 30.9753
133.4407 32.2255
136.7757 30.3278
134.0364 28.3913
133.7205 30.2219
136.8835 32.9874
132.1665 30.5276
133.7284 29.2661
135.8624 31.7678
134.6292 28.2369
138.7017 29.6772
132.5935 31.1024
138.4334 29.2583
138.8707 30.6406
131.7959 29.0026
131.9871 30.4679
136.0297 32.8472
132.8686 30.5352
135.5708 33.1112
134.6836 31.8415
137.5343 31.0357
133.1815 28.6463
131.9382 30.2347
131.0806 26.4675
139.5400 29.8518
133.3465 28.4421
138.1314 29.3401
136.7809 29.2788
138.9734 30.6016
137.0976 30.9912
132.5163 32.3475
131.1017 31.0291
131.7808 31.6406
136.2353 29.1905
138.6433 30.4483
138.3579 30.0571
132.5088 26.4049
133.6601 29.9696
130.1762 27.6722
138.2099 29.6644
133.4609 30.0331
134.1968 28.2781
132.5580 30.5041
138.8615 29.9038
132.7481 28.2996
134.0822 28.1310
136.8008 30.7831
135.1724 28.2866
129.8365 26.6383
136.1061 32.7794
128.3031 29.7487
135.3365 29.3484
132.9374 27.7818
140.2286 34.8389
133.7926 25.8748
138.9433 29.9405
135.3772 28.7601
134.3078 26.7661
132.0738 27.1415
134.0739 27.5827
139.7111 32.8106
131.6207 29.9516
134.7578 28.5191
134.0623 27.3089
132.7865 31.5408
134.7637 28.5113
131.0838 26.3278
139.0443 29.9441
135.3140 31.8584
135.9540 33.0562
138.3066 32.1515
132.6136 27.3187
137.4245 30.9767
127.2143 27.5025
132.1858 30.4652
136.4998 30.1342
138.9308 30.4922
133.9618 29.0219
138.6608 30.4913
134.8562 28.4256
136.4279 30.7403
138.7751 30.7754
138.3166 30.9459
137.7260 29.4157
134.3259 27.0044
132.7377 32.2578
133.7072 29.4656
138.9170 30.3393
132.9444 27.4611
134.1197 28.6383
135.7425 29.1114
134.2731 28.6138
136.3945 30.5622
131.2660 25.4313
137.2748 30.9361
129.0292 29.9123
135.2538 28.4793
136.3561 29.2769
132.1376 30.3489
132.5782 30.6108
138.4593 29.1159
133.7982 29.8084
138.6386 30.0167
139.2557 30.1934
136.4839 30.2305
128.2407 29.3738
138.5322 30.7398
136.3194 30.2026
136.8506 30.5394
137.5616 30.8016
133.6049 29.7660
136.8124 30.3458
138.4754 29.3558
138.9880 30.5396
132.4721 30.4711
134.6175 27.9671
131.2134 31.0435
131.7676 31.4554
130.3534 26.0906
137.6598 30.9818
131.6771 30.2342
133.9940 28.4964
139.2178 30.4589
138.8980 29.0432
138.8931 30.7511
137.0284 32.1880
134.0340 28.6177
134.6943 28.6326
134.0721 28.6547
138.0562 29.2730
133.1668 28.0566
136.3085 30.6688
138.9394 30.6430
136.0328 30.3709
131.7663 31.6053
132.9819 32.4088
134.3425 28.4942
134.5907 28.3258
133.9176 29.7293
137.5130 31.0856
135.0739 29.4657
136.6473 30.9434
131.5701 31.4479
138.2204 30.9411
132.4709 32.1546
130.0653 26.2157
134.0925 26.7624
131.5346 31.3250
132.3272 31.9772
133.1660 29.8706
133.5853 29.8097
138.5925 30.5807
131.1982 30.4619
131.4310 28.9649
139.0452 30.0356
132.4780 32.1153
131.7224 31.3527
132.7436 30.7718
136.1844 30.2398
136.2806 30.2799
134.6650 29.6352
131.5584 30.1636
127.4256 26.8999
138.9887 30.6330
132.0575 30.3782
134.7809 26.1094
139.3259 29.8366
138.5188 30.6099
138.1142 30.9072
132.8622 32.2372
131.7954 26.7361
139.2729 30.3452
137.2895 29.3643
136.6950 30.8474
138.8058 30.2552
132.5014 27.2994
132.2528 32.0971
130.1884 25.6813
135.1212 30.7605
136.7972 29.9601
137.3135 34.4192
137.1678 30.5035
139.5972 30.0329
136.7834 33.8526
136.1052 30.4491
139.4255 30.0727
135.6765 29.4206
136.9931 33.1150
138.7421 30.1457
132.4220 30.5897
136.6449 33.4267
139.0313 28.9304
136.9038 33.1135
138.6133 32.8303
137.2396 30.2975
138.7235 30.3316
138.4570 34.1120
135.7099 32.8437
139.3084 30.6075
139.2391 29.8941
137.2334 29.4849
134.3642 30.2718
138.8335 30.3707
136.1239 33.4793
132.5699 30.7163
136.4511 33.6013
136.7410 34.0429
136.0647 33.4597
128.6344 29.5454
138.4695 29.7813
128.2483 27.7709
136.0782 30.8002
136.9437 32.7277
139.2519 29.5678
135.9006 29.2113
138.6656 30.2013
138.4810 30.4289
136.5291 32.8176
137.3452 30.5432
139.2012 30.3486
136.0442 30.0480
134.9666 29.9143
136.3534 33.6249
138.8789 30.1132
136.3991 30.1507
128.7096 28.9737
138.9783 30.4185
140.6932 34.7236
138.2524 30.5677
128.3663 28.7624
138.7963 29.9391
135.5860 29.2793
135.1958 30.2610
138.2622 29.6437
131.8192 30.4011
138.8954 29.4294
137.0253 29.3840
136.6860 30.8513
135.9357 32.9027
128.1904 28.7297
137.4462 30.6604
135.1254 29.5249
137.1959 30.1352
135.0529 27.8040
138.3414 32.8050
135.8729 33.3347
132.0059 30.2257
136.1327 28.9702
137.4875 34.4468
137.8910 30.7713
128.3528 30.4311
136.5320 28.9979
136.1335 32.2099
138.4454 29.3401
142.5193 36.3847
138.3667 29.5650
141.1586 32.9815
137.1544 30.9102
141.1606 35.5214
138.7007 29.8516
139.2443 29.7933
138.6304 29.6611
139.4985 30.3898
138.9335 29.4795
135.7195 29.2779
139.5782 29.7889
134.9055 30.1619
136.8254 34.1195
138.7339 29.4176
139.0085 28.9857
135.1663 29.4813
136.6561 32.9296
140.9429 34.1110
135.4195 28.4154
137.2052 30.4955
139.1887 30.5519
136.2266 32.1056
135.0270 29.6307
139.2360 32.3028
137.8486 30.8720
136.8481 29.9688
139.3296 29.3743
136.8056 33.3236
136.7098 29.3305
135.4605 29.4841
136.7616 33.7043
137.5790 29.5647
135.5737 29.4108
135.3909 29.5290
132.2139 31.8014
137.6757 34.3928
136.1721 33.4403
136.3806 33.6048
135.2766 29.3795
139.1535 32.7511
137.5787 29.5716
137.4155 31.0840
138.7450 34.1900
136.2682 33.6520
136.0683 33.5050
137.1646 29.5982
136.8205 32.5834
135.0529 29.8231
132.6950 30.6698
135.7118 33.2270
136.5152 30.3155
135.8663 33.3699
141.4816 33.8591
139.0334 30.2001
138.7258 34.1078
140.5765 35.2167
135.9334 29.2582
128.4629 28.6321
135.9864 32.3259
136.7226 33.4646
140.8295 34.7022
136.0695 30.2476
135.8118 29.2751
139.0374 30.2610
136.2710 32.1363
136.8066 34.1586
137.3582 29.4890
136.2671 33.6839
136.6324 33.7620
137.0440 30.0735
136.7088 30.2213
136.3038 32.2601
139.3577 30.5275
136.7985 33.6488
135.3494 30.8575
137.4401 29.5009
137.9978 31.0191
136.2257 29.2781
131.7282 30.0726
136.1340 33.4191
136.5944 32.3442
139.1552 30.3704
136.1804 33.6063
136.1544 33.4689
133.3873 28.7063
138.7598 29.8338
132.3906 31.7910
135.1357 29.3564
141.2491 33.7865
137.2498 30.2865
137.1341 29.5877
138.3248 30.7161
137.4269 34.3429
136.4276 32.3135
138.9362 29.8961
138.4263 30.9432
136.1948 32.9284
136.5457 33.7169
136.6877 34.0434
135.2273 29.7680
136.6143 33.6900
138.9547 29.4410
136.7721 33.7973
139.1485 29.6514
135.9386 30.3513
137.6572 34.4054
138.8790 30.4550
127.8808 27.6294
127.4099 27.3426
138.9628 30.3887
138.9118 30.3842
128.6320 27.7344
136.4663 33.9190
137.2518 29.4411
135.8194 33.3180
138.5000 30.9403
136.3255 33.8753
138.6580 33.8572
137.0611 31.0934
141.0768 34.4469
133.0875 30.8898
136.1376 30.6297
141.6438 34.7556
136.3823 30.0252
136.5276 33.6641
136.6533 29.9499
136.1776 32.8732
128.2480 29.7375
139.0726 30.5035
131.4077 30.0096
139.0405 29.5358
136.1691 33.5402
137.2369 34.3902
136.2648 30.0588
136.2094 33.6863
137.2522 34.3862
137.1316 34.3039
136.3783 33.6092
137.5203 29.5389
138.0862 29.3120
137.5487 31.1390
134.2606 28.9594
135.7699 32.4366
136.6148 32.8219
136.1482 32.0309
133.0121 32.0101
136.0966 33.5558
135.2372 28.9085
136.5901 30.1739
140.6182 35.4164
135.1383 27.8328
136.4287 32.8234
134.3187 26.1500
130.8114 28.4571
136.9284 29.1925
137.5960 29.2739
134.9806 28.2596
129.5862 30.1548
128.7068 27.7683
136.3928 32.4646
134.9405 26.0343
137.9091 30.8599
134.3436 29.5800
131.9519 30.7820
134.0708 29.3455
138.5268 32.2761
136.7690 30.7871
138.8491 29.5780
135.7849 32.4573
133.6250 31.9685
134.8595 29.8117
137.2751 29.5131
138.4386 30.5688
136.2400 32.7199
138.4335 30.9170
139.2362 30.0035
137.3657 30.5880
133.2769 30.9478
134.4683 28.1997
132.6158 32.6193
139.2352 30.5013
125.3226 31.2905
128.5776 26.4288
134.4176 26.5169
127.4192 27.9201
139.2903 30.0911
138.8023 29.6609
139.0495 32.5058
139.4709 30.4987
135.6868 28.6575
136.8169 33.6250
139.0316 28.6097
137.9550 32.7263
134.5714 27.6835
135.7431 33.3055
135.5373 31.3310
135.0771 29.2725
133.4729 29.4947
138.6189 29.6243
136.0771 31.7953
133.7201 31.9526
138.6272 29.6259
136.1719 32.0961
138.0876 29.0006
136.6248 30.7778
134.6660 29.0464
135.6157 32.8063
135.6648 29.0830
136.1750 33.2516
136.2136 33.8637
134.8595 31.0803
139.9413 32.7885
135.4873 28.6036
137.1816 31.0910
134.9758 28.0515
134.8023 28.6139
136.6314 29.4497
134.9114 28.2504
139.4413 30.5277
134.3394 27.8197
136.1870 30.6921
137.8646 31.0802
137.1893 30.7537
136.5708 30.1120
138.6285 31.0108
136.0073 29.1768
134.9926 29.3308
139.1851 28.9273
128.0652 28.1531
135.0702 28.6979
134.0488 27.9532
135.6464 33.2877
139.3049 30.4275
132.7838 30.4389
137.5155 31.0324
136.0190 30.4261
134.3517 27.3594
138.2454 30.9915
133.3090 29.8818
136.2506 30.5603
127.8252 27.5547
135.7211 31.8384
137.3516 32.5099
134.7884 29.9514
138.9495 29.9482
132.7849 29.7676
131.2958 26.0120
137.2375 30.7983
136.0945 32.0420
137.3419 30.9549
134.5052 26.2098
135.5148 29.2383
135.3749 29.6061
138.4845 33.7472
132.6452 30.7303
134.2411 28.6599
137.5446 30.8870
133.5228 29.7284
137.4894 34.4333
133.1188 30.7021
132.5847 30.2410
133.9729 28.5446
136.4782 32.9344
132.5579 30.4533
138.1011 34.3244
137.8730 29.6013
138.9554 30.6934
138.2022 29.4706
138.4322 30.8829
127.3580 27.3771
134.9258 28.1151
138.8991 30.1387
132.1340 26.3283
138.9601 30.3396
131.6667 26.1970
138.7586 30.6976
134.2919 29.6023
137.2291 33.0033
137.5569 29.8820
137.9667 30.7501
136.5903 30.3488
137.3777 30.9034
131.8548 30.2818
136.7359 32.6964
137.0613 30.7784
136.7641 34.1323
138.3216 32.4490
135.8506 33.1473
134.4704 26.2878
135.6805 28.7670
138.5056 29.7757
132.4717 27.0522
134.6110 28.2819
134.4892 29.8155
138.8725 29.5781
132.1243 32.0454
139.1624 29.7671
127.2618 27.6010
133.6554 31.7536
134.3522 27.1328
133.9534 28.9213
132.0516 32.0145
138.6299 29.8921
134.7133 28.5226
135.8401 32.3969
139.1373 30.4640
136.3974 30.8676
135.6255 32.9710
138.7531 29.3065
128.1563 28.9335
136.2839 32.6021
136.5010 30.4129
134.8861 28.7872
136.7622 30.5160
136.4819 30.5173
138.2640 30.8427
131.3506 26.5838
132.5204 26.4512
138.6539 30.0384
136.7687 30.2253
132.2304 32.0048
132.8874 31.3725
138.9593 30.1930
137.9258 30.8536
138.9377 30.5679
138.5599 33.5076
135.6729 33.0142
137.5625 30.8272
131.6048 26.0258
134.0924 30.1352
128.1978 29.2925
137.5442 30.4940
132.3639 29.7943
131.5692 31.3725
139.0139 30.5798
135.0491 29.4587
131.6718 26.3453
134.1915 27.0291
136.1957 33.3791
135.5600 28.7295
136.6848 30.5224
132.2523 27.4385
137.5578 30.9794
137.3878 34.3760
136.7327 33.3267
133.3718 29.9465
133.9269 28.2400
138.9440 29.5328
133.7534 29.2910
132.9057 30.9052
135.9599 33.5332
134.2284 27.4485
138.8097 29.8070
138.7169 30.3387
136.3461 30.4107
138.7593 30.0012
136.0149 29.1910
133.1678 29.3124
138.4970 32.8381
132.2157 30.2847
139.8240 33.8034
128.9532 26.0472
137.3472 30.8001
137.5818 29.5023
137.2683 32.8055
136.0872 32.5336
133.0570 27.4309
133.5004 28.9135
134.1937 26.9157
131.9507 27.3111
137.6091 30.8971
138.8969 30.2141
131.7204 31.5496
137.1249 30.8338
136.2359 29.2770
135.0630 29.7101
137.3217 30.9663
132.6409 30.7486
136.5178 29.2437
138.7185 30.4353
134.3775 28.7194
139.1536 30.1779
139.0620 30.0558
134.1583 27.4805
138.5036 29.8085
136.5580 30.4650
132.3534 31.9004
136.4401 30.7379
140.3656 33.0279
134.2891 26.9365
131.7151 31.2899
132.4563 32.0876
136.5998 29.3877
136.5699 30.5525
136.3271 30.6277
137.0439 30.8395
137.1092 30.9216
134.0383 26.4582
132.4024 30.5112
134.1602 26.4512
137.7729 29.5177
134.0294 30.2474
131.8875 29.9961
138.0432 30.8840
134.1779 27.3471
131.8512 30.0612
138.5334 33.9552
132.3993 26.7497
137.5363 30.9657
138.1872 29.5801
133.4402 28.6837
134.4674 28.7864
133.7017 31.3788
138.9855 29.2175
136.5876 30.7132
132.0781 27.1610
137.5399 30.9874
127.1414 26.8747
132.7171 30.4787
127.3276 26.9812
136.6294 30.2467
137.0761 30.9657
136.5618 29.2279
139.1793 30.1972
132.2338 27.2076
137.3147 29.5819
135.5725 28.7138
136.2410 29.2283
135.2458 25.9457
138.2293 29.5873
131.5042 26.4271
138.5251 29.3348
131.6749 31.5354
135.9964 33.0166
137.0813 30.8826
136.4936 30.2322
138.9200 29.4377
137.2420 30.8863
128.4920 26.1515
139.0461 30.5549
138.7727 30.6113
136.1740 32.3691
138.7071 30.0129
134.3022 27.6543
138.9206 30.2324
135.0899 29.5854
136.7442 30.8291
132.4563 27.3133
132.9438 30.9934
136.6512 30.6717
136.7544 30.3167
138.0810 30.8179
135.3374 28.8081
133.2274 30.3647
138.7735 30.4350
128.0083 28.8856
133.1206 27.7064
138.9742 29.6478
136.3309 32.7404
135.5209 29.2618
130.1684 25.2857
130.4425 25.0584
135.7414 29.1823
131.6482 31.4418
128.2753 29.5836
134.4020 26.3345
134.4090 28.8573
131.6234 26.1584
136.3615 30.6542
134.1912 32.4222
139.1430 30.1725
132.0502 31.5506
138.7815 29.9659
127.4148 26.4731
134.4118 27.6576
133.2854 30.6702
135.9628 32.1341
138.9321 30.0908
138.7480 30.7799
134.3587 27.4950
138.6447 30.8309
132.3811 32.2574
138.4991 33.7031
128.2537 29.5637
132.6376 27.9461
134.3722 28.3952
134.5897 32.5282
138.8457 30.3217
134.2474 29.9656
138.4282 29.4460
134.5876 29.6719
136.4481 33.8846
136.1676 32.7600
136.1213 33.3206
134.6102 29.5819
134.6142 28.5049
136.2637 32.7994
138.5934 29.6189
132.5988 26.9664
132.5898 27.2268
134.0491 28.8486
133.4388 29.7601
138.3194 34.1807
127.3942 27.8750
134.8877 29.5643
132.0532 31.7145
127.6425 27.0561
131.5420 29.6272
134.6437 29.7820
138.9122 29.8931
134.8067 28.2129
130.6199 26.6736
132.0928 32.0154
134.2730 27.9343
138.7318 29.4080
132.6899 30.4856
135.0874 29.5840
135.6614 33.1346
138.5510 33.7096
137.7266 29.5579
127.6394 27.8316
132.7411 30.5948
136.0114 33.1809
128.0252 28.9758
138.4926 33.7315
138.7598 30.7912
134.7395 29.5411
136.0718 32.7104
139.0268 29.9873
133.6761 30.0074
131.7065 31.6986
135.0710 28.8673
136.1759 30.4692
137.4105 30.7095
131.7965 31.7033
133.8636 31.4594
127.3304 27.4327
135.7066 32.0764
132.0963 31.7540
127.9226 28.6285
134.2153 31.4106
135.2009 28.8573
138.8945 30.6531
134.4400 28.7923
136.3510 32.7323
139.0324 29.9762
135.2288 28.9413
135.0554 29.6418
133.1753 31.2886
131.8939 31.4407
138.2303 30.9502
135.4794 29.5080
136.1344 28.9838
138.6350 29.2359
138.3221 32.6308
135.9181 30.2379
134.8042 29.4992
135.4529 28.7134
132.9196 30.7653
136.3745 30.2297
131.8897 26.8102
131.9786 31.2809
136.5400 30.6237
134.8191 28.2811
138.1447 30.5174
138.8638 29.5981
135.8513 33.4325
133.6572 30.0083
136.0734 28.8498
134.9828 29.7223
136.5437 32.2277
138.5242 30.8477
137.5690 30.8993
138.0933 30.9959
133.1819 30.9325
135.1466 28.9216
137.4171 29.5431
134.8594 29.6066
131.4187 30.2794
135.7501 33.2180
134.9149 30.2039
132.5849 32.2700
132.7785 30.9890
132.8428 27.9142
130.2908 26.8104
135.6411 29.2203
131.8859 31.4136
135.7773 32.9509
136.0802 32.6778
132.3198 30.4661
138.7225 29.5736
136.1360 33.1158
138.6059 29.6106
138.3902 30.0515
136.3126 30.7222
137.9903 34.3852
136.5875 29.8856
138.5363 30.2876
136.6411 32.5881
136.3135 30.4251
136.3642 33.8692
138.8562 29.9859
136.6403 32.5792
138.2386 30.2349
137.9324 30.2906
136.1982 33.3489
136.5035 29.7231
136.6605 33.6593
139.7945 32.7100
138.1906 30.3200
136.4174 29.7973
138.6386 30.1335
136.7050 32.6293
138.1588 30.0073
136.8954 32.7856
136.4855 30.1197
136.2822 33.3649
136.7668 30.5090
138.3114 30.3032
135.9090 29.3661
138.3309 30.3327
139.2413 34.4657
136.3922 29.7535
137.8749 29.5837
136.8761 33.1619
137.8829 30.2355
136.3169 33.6013
136.8770 30.4138
138.5846 29.8085
137.9978 34.3598
136.4955 32.8452
138.7357 29.3606
137.7712 30.7670
136.9917 30.4491
137.4240 30.7782
136.1487 33.2039
138.8195 29.7450
138.3635 30.6377
138.7941 30.0955
136.5463 29.6967
138.1681 30.2178
135.7882 32.7574
138.6251 30.5923
136.7657 30.6152
135.3509 30.2432
137.0152 33.8577
136.4204 30.1188
138.9920 30.2637
136.8969 30.2797
143.3275 36.0191
139.3124 29.9918
136.1943 29.8738
138.6456 34.3405
138.7595 29.6575
136.4616 33.1734
136.3913 30.2765
137.5127 30.7618
136.9309 31.0683
137.4232 31.0935
138.8792 30.5181
138.7768 30.0562
137.7877 30.5963
138.7070 30.1132
136.8328 32.8847
136.9466 30.5898
136.9404 31.0936
138.1649 30.3629
136.3067 33.0352
138.9572 34.0036
139.0447 30.3866
136.4105 33.1917
136.1199 33.2855
136.9014 30.3807
136.6030 32.5387
136.7136 30.9819
137.8706 29.6682
136.2931 33.1968
140.7495 34.2095
136.0167 29.8975
135.4707 29.6608
138.5000 30.1920
141.2799 34.1523
137.0416 33.4073
136.5900 30.5194
136.2864 30.3366
136.1871 33.2096
136.3545 33.1368
138.2579 30.2174
137.9411 30.2050
137.8886 30.5536
138.9578 29.8327
136.4368 33.8832
137.0116 33.7116
144.3053 36.4081
137.7435 30.5505
136.3448 30.9313
137.4813 31.0570
138.8912 29.7389
137.5176 30.6066
140.5639 34.9590
136.5076 32.8886
136.5275 30.1419
139.5803 34.6111
137.5310 30.0751
136.7343 32.6575
138.6231 30.1819
138.1963 30.3309
136.9382 30.5602
138.6773 29.5835
137.3487 30.0146
136.5952 30.4246
138.3878 30.6323
138.8927 29.5595
136.9281 33.8595
139.1427 34.4899
137.4721 30.1385
138.9919 29.4870
138.3403 30.2221
136.0763 32.8403
136.4700 32.4226
138.4091 30.3120
138.9892 33.9387
139.0523 30.3486
138.1122 30.4098
137.1933 30.1513
138.6380 34.2675
138.6924 29.4554
138.9535 34.4103
138.8018 29.6638
136.2597 33.3153
136.6322 31.0736
142.8350 36.4552
138.5611 29.7968
136.9531 30.7716
136.3145 30.3822
138.7102 30.1818
134.5489 33.0155
138.2090 30.3522
136.1152 33.1344
137.0070 33.5456
136.4659 32.5992
138.8131 30.0289
139.1205 30.1585
138.3015 29.9718
135.6239 32.8693
136.8545 33.3354
137.7952 30.4210
136.6100 30.7182
138.7883 29.6913
138.0113 30.3523
138.1349 29.8924
137.9479 30.9850
138.6644 29.8869
136.8558 29.8111
137.8853 30.6125
136.3374 33.2300
136.8663 30.2812
138.3746 30.9493
138.1238 30.9723
138.7073 29.9334
137.1353 30.4877
141.2467 34.1354
136.2646 33.5950
139.1037 30.5014
136.2425 33.1674
136.8721 32.8181
136.0018 32.8588
139.0937 34.0486
137.7880 30.3479
138.6393 30.1597
138.7548 29.7856
136.8767 32.7105
141.7055 34.8294
136.3572 30.8964
138.7230 29.8794
137.3837 29.6027
137.9741 30.4972
138.6682 34.3269
137.1102 33.5869
137.1944 34.3869
138.8397 33.9775
138.4330 30.6435
136.4243 32.5224
137.2743 31.1028
138.1511 30.3615
136.5282 32.6000
136.8200 29.9668
136.4949 32.4424
137.0453 30.7654
136.1888 29.9715
136.9678 33.3674
137.7562 30.1453
137.1578 30.1967
139.8698 34.3284
138.4965 30.0881
136.8058 30.6271
136.9764 30.6291
136.1670 30.7300
136.6114 33.0942
136.8259 29.7920
135.4593 29.8052
136.9034 30.4249
140.5046 34.7808
136.9972 33.1267
136.4340 33.7590
136.4486 32.7721
137.2371 31.0951
136.5354 30.9730
139.1177 30.6397
138.6881 30.5479
138.9916 30.3358
136.1853 30.5604
136.5646 30.1279
137.8627 30.3138
137.0759 33.3560
137.1847 29.9374
136.1938 30.2031
138.4631 30.6008
136.5516 33.7957
138.0156 30.3298
138.4536 30.6901
136.9617 33.6621
137.5035 29.5372
136.5240 30.7043
136.8800 30.2211
136.6974 30.2761
139.1002 30.4807
136.5184 32.5151
138.2803 30.6914
137.6581 30.7887
136.3970 29.7280
136.9025 33.4962
136.1244 33.1462
137.9596 30.5173
138.3853 30.2715
136.3304 30.7667
138.9326 34.3053
136.8973 33.7255
138.3230 30.2948
139.0298 29.5449
137.7820 30.4378
137.5412 30.1619
136.6105 30.7000
137.5022 30.8084
137.3050 34.4188
138.2904 29.9271
138.1043 30.3886
137.4470 30.4232
136.5650 33.7551
138.6064 29.5612
138.3704 30.6446
142.4837 36.3853
137.9346 30.3074
138.4107 29.5201
136.1955 33.1775
136.6722 33.6270
136.3097 30.7442
142.8614 36.4615
136.8449 29.9585
137.9252 30.3025
137.1856 29.5230
138.1050 29.6331
138.9795 29.9530
137.8198 30.2654
140.3289 34.9549
138.4332 30.6092
138.4769 30.6641
138.7608 29.6030
137.7398 30.7692
138.0942 29.9597
135.9391 30.2937
135.6009 29.5429
136.6857 33.6757
136.2670 33.1622
136.1268 30.6922
137.6814 30.1611
137.2473 30.3528
138.6805 30.5259
136.4356 30.5854
137.1666 29.5577
136.0020 33.1666
137.2690 30.5016
137.4724 30.0182
138.6001 29.6339
136.4715 32.6212
138.7647 29.5729
136.6202 30.1672
138.0299 30.3858
136.3518 33.1465
136.2410 32.5161
138.6385 30.1429
137.3196 30.1280
139.4649 30.4450
137.8529 30.3592
137.8944 29.6914
137.4605 30.7877
137.5639 30.3462
137.0937 29.5353
137.6353 29.7944
138.5558 30.5923
138.2974 30.3175
136.6374 30.0768
138.9160 29.3933
136.1614 30.2546
137.5439 30.1180
138.5371 30.6287
136.7561 30.7565
138.7772 29.5225
136.2059 30.0136
136.4530 30.8113
135.6997 29.4507
136.2248 30.3836
138.4844 29.6830
128.3489 29.9091
134.5983 28.7121
136.4543 33.1120
135.7492 31.0893
133.8301 27.8454
139.9102 34.2825
130.1915 28.9455
138.9189 30.0772
144.0954 35.9502
135.6581 32.8357
134.1866 31.0295
136.0059 28.8409
127.9192 28.9247
138.9698 34.4235
137.9123 33.9342
136.0161 32.8690
133.2189 31.5175
133.4522 28.8983
130.9011 30.8677
136.6741 29.9137
139.8452 34.2440
137.5249 29.3069
132.0020 31.1338
131.5804 31.2501
132.1615 30.0976
135.2614 28.5408
130.4985 25.2393
131.7148 30.1852
131.9430 32.0633
131.8336 30.3925
133.1757 30.5473
141.3944 35.5289
134.1550 28.4236
134.9471 27.8993
136.1237 26.6658
136.5889 32.9938
136.4101 30.5970
133.1285 29.0185
137.5194 30.7728
139.0183 30.6317
137.6574 30.9387
135.1485 29.5389
127.4195 27.3726
140.5887 34.9935
138.7899 30.3796
135.2957 28.5085
137.3705 32.2262
134.5411 28.3326
137.9403 29.5403
133.5456 31.5287
138.5502 30.5759
139.0496 30.0650
124.8120 28.5487
137.5154 31.6692
134.0732 26.1255
134.4839 27.4780
127.9962 28.6953
134.2284 26.5414
137.5167 29.0609
135.9382 29.0238
138.9037 29.7893
135.3204 33.3891
137.9684 30.4793
138.3875 30.3695
136.0977 33.3887
131.7417 30.0406
138.6049 30.2523
135.6012 29.1866
129.3860 25.9235
136.3559 30.7656
131.6952 29.9227
133.6867 28.3650
140.3823 34.9583
136.3980 32.7508
131.7264 31.0065
137.7049 32.2109
136.1888 28.9308
134.1172 29.1055
138.9851 33.8140
134.1653 26.7505
136.3486 30.8034
138.3431 29.8679
131.5106 26.4093
141.1567 34.8449
128.4718 28.0609
137.3264 30.6467
134.0325 27.9240
136.1716 30.3350
138.0698 30.7364
132.8623 31.7995
138.5773 34.3276
127.9996 27.8389
134.2736 26.5351
133.3199 31.1554
136.2831 32.7823
140.9543 33.8370
132.6794 31.0051
127.9622 29.8684
137.4962 34.3782
134.6735 32.1214
133.8565 32.3702
138.2562 30.9113
138.0790 30.9143
139.2675 30.1258
136.2726 29.0201
134.5246 32.0399
132.9724 27.8157
134.7566 28.0401
131.1684 29.8974
136.2030 29.2444
132.8177 32.4340
135.7315 32.9211
135.9879 32.8356
134.5195 30.3969
138.7506 30.5264
134.1384 28.6995
132.4383 32.2228
136.0395 33.1690
136.8418 29.3024
138.2820 30.7876
136.7238 30.9098
133.0293 32.2077
133.3712 28.5782
136.5827 33.5711
134.4028 29.9843
134.9604 28.5799
136.5616 30.3648
139.3715 29.8291
127.4654 26.6419
133.6948 31.3149
135.9899 33.4932
134.4943 29.6195
132.8472 28.0421
128.2360 29.6763
136.3769 30.6478
134.8101 29.4642
134.5728 28.7413
132.7621 31.0824
130.7550 30.7999
138.1976 29.1822
138.7712 29.6146
132.6459 30.8029
138.3206 29.6385
137.2634 30.8508
131.3873 30.5729
133.6553 29.4506
134.1837 28.7124
138.4967 30.5346
131.8101 31.6152
128.4007 30.1881
134.9892 28.5347
138.9843 29.7277
128.4028 29.3459
138.9203 29.7227
134.2172 28.0463
133.4005 32.4867
137.0454 30.8744
136.5166 30.9011
137.0447 29.5258
135.4651 29.3220
135.1628 28.0006
138.8111 29.6798
134.2548 28.3629
134.3422 26.7518
138.8686 30.6894
134.5965 30.0104
134.4689 30.7138
133.8313 28.8001
134.1879 28.6664
134.1375 28.7935
134.5474 29.0520
137.8352 29.6659
136.8100 30.8419
138.6439 30.4822
138.1023 30.7560
134.3862 28.3325
131.8438 27.2252
127.1518 27.1845
138.8472 30.7101
136.5107 33.3128
131.6402 31.1983
136.1777 30.2779
128.2302 29.4157
133.7446 29.5937
134.2675 27.6029
140.6802 33.3654
134.9633 28.2398
135.2108 28.0895
134.1015 29.4661
134.6333 29.9465
134.1586 28.5076
138.7173 30.0217
139.2175 29.8159
134.0362 27.2141
134.9031 29.8011
128.0667 27.1539
133.7292 31.9939
134.4569 29.5603
131.8305 31.4729
136.2319 32.7682
138.5652 30.6399
137.0289 33.6341
134.7279 27.4810
131.4400 29.7190
138.9898 30.1334
138.6719 29.8442
136.0115 28.8428
136.3651 30.4881
132.3882 31.6734
136.0305 32.3127
138.8184 29.5710
137.3966 30.7564
136.9487 30.6296
137.0416 30.3868
134.7824 27.8033
130.4283 28.6119
127.6120 27.9930
133.0563 29.7307
139.2560 30.2445
141.0460 33.3493
135.0421 29.4969
134.8485 28.3425
136.0525 29.0460
134.2148 26.8372
138.6987 29.3976
138.9458 30.0434
134.3427 28.4182
139.1463 30.3650
139.4434 30.3665
133.9474 29.4901
140.3298 34.6077
133.6060 29.5886
134.5415 28.6501
133.6230 28.9364
136.5717 33.3522
138.9240 30.0721
134.9212 27.6722
136.0597 30.4574
132.0599 30.0486
134.5624 30.3224
132.5541 31.4447
134.9197 30.3522
136.4417 32.0794
137.4944 30.4859
136.4006 33.6533
136.3771 33.4708
135.4464 28.4192
135.6317 28.6661
139.3103 29.3384
133.8241 29.4725
132.5198 30.8644
138.7597 30.0252
138.2353 29.7859
137.8457 30.5697
136.9363 30.1522
131.1183 30.4923
139.1942 29.4796
134.6362 28.8306
137.6447 30.8187
131.8597 31.9534
139.0067 30.5091
136.3730 30.1205
128.7059 29.9433
128.6956 26.2858
129.4990 30.2057
138.1570 31.0252
134.9639 28.0433
136.2326 33.4035
139.0676 29.0795
139.3076 29.9002
129.2057 28.3161
128.5231 29.6866
138.1052 34.0889
128.7475 26.8120
138.4090 28.5990
134.3141 27.8585
136.2266 30.6472
136.4373 30.6374
140.6563 35.4341
133.4874 29.6757
132.3501 32.3898
136.0354 32.7346
133.8778 27.4763
135.3908 31.2642
139.2144 30.3126
138.6998 33.6233
135.8985 28.7937
139.4145 33.2694
135.5870 29.1033
139.1857 29.9502
138.3531 30.0145
134.7094 27.8549
134.0771 28.4224
138.4974 30.4935
128.7348 28.3052
131.8050 31.6475
135.1866 29.8985
128.9044 26.4221
131.8490 30.3101
129.3325 25.7379
135.9605 30.6666
138.5342 30.7108
127.7735 28.9751
136.2558 33.4958
134.5775 28.4603
135.7689 33.2637
137.1485 31.1030
135.6725 29.2384
136.8244 29.3411
138.9618 30.0758
138.5774 34.1104
137.3757 30.3676
137.0020 30.1234
139.1754 30.6456
138.9814 30.2690
138.8194 30.2724
138.7937 33.9059
138.3759 31.9887
140.2566 34.8307
138.6503 34.2765
138.8602 29.7446
136.9408 33.4664
136.6585 30.0624
140.4933 35.0799
136.3433 32.2441
138.8272 30.2318
138.8412 29.3571
136.5732 30.0357
136.2652 33.7518
136.7472 34.0917
141.5959 35.6080
138.8084 29.3757
136.8963 34.1766
138.8573 30.3706
136.3625 33.6450
136.5599 32.4170
136.6678 31.0270
139.9243 32.7948
135.9224 32.8914
138.4963 34.1798
138.4509 29.3517
136.3360 33.5566
136.6842 33.7603
140.6249 35.1663
136.8357 32.6443
127.5218 28.1788
136.1634 33.5150
135.9627 32.5735
137.5269 34.4134
137.4348 29.5545
136.0423 32.7992
137.7512 30.7689
135.8541 33.3141
137.0952 29.5601
136.4922 32.3190
139.1699 30.4338
136.9487 33.2999
136.0516 33.5279
136.3286 33.5844
136.2418 33.3685
137.4062 31.0604
136.9577 32.9861
135.8942 32.8922
136.4998 33.7443
136.1432 33.5065
138.6261 30.6282
136.8345 33.4339
136.0352 33.4590
136.1827 30.7317
137.3607 29.6917
136.1738 30.7634
136.7237 33.7455
137.9088 29.5355
136.8379 33.6411
136.7450 33.7668
141.1347 35.4143
138.7504 30.5689
135.7780 32.9502
137.2505 29.5231
137.7965 29.6463
137.7442 34.3248
137.0058 31.0472
136.9215 33.6202
135.6150 29.3793
136.3295 32.3750
138.0616 30.9639
136.6889 34.0500
134.0643 29.4758
138.8029 34.0779
136.1265 33.0005
137.1227 33.4061
136.2394 32.8494
135.2123 29.3613
138.4148 34.1963
136.7547 33.3746
139.7879 34.2700
137.0361 32.7389
137.2841 30.3119
138.4442 29.9473
135.9683 33.5049
136.3561 32.3063
138.5547 29.5998
135.5336 29.2582
136.6569 32.3997
136.0192 30.3494
136.9391 32.8049
135.0174 29.7132
137.0045 30.5538
137.6219 29.7755
138.1838 30.3551
135.9590 29.2804
136.3267 33.8049
139.1618 30.6682
138.4417 30.3501
138.1836 30.4623
134.5326 29.7302
136.4449 29.9128
138.6796 29.9516
136.3149 33.7639
138.8281 30.3608
140.9320 35.4327
139.2032 29.6982
137.5450 34.3684
128.4325 24.8102
130.7515 26.8815
136.4824 32.7720
131.0370 26.9299
132.2403 27.1646
128.4394 30.2942
128.2436 25.5907
131.0350 29.4468
136.5292 33.5464
138.6833 29.7625
138.1492 30.5645
131.2348 26.7255
138.4276 30.7235
139.0365 30.4338
136.3486 30.5442
132.1599 26.6153
140.9342 33.4217
131.8718 26.7456
135.0126 29.0474
136.4632 33.4690
130.2926 26.8351
136.8946 30.7548
131.9498 31.4509
136.5379 30.4415
132.1077 31.8334
138.8711 30.2223
135.7313 33.1572
136.9520 30.9029
138.8027 30.3504
134.1966 28.1687
132.2468 31.9978
138.7679 29.3917
131.6212 31.3213
135.1627 26.2139
137.5493 30.8717
135.6151 25.2478
133.6919 31.5363
127.0738 27.2099
132.7471 30.8437
138.4010 33.8506
133.9435 32.5538
140.1287 34.8876
136.5001 30.7333
131.2436 26.7695
136.6352 33.1480
138.6161 29.3719
138.2877 30.9253
132.9064 28.0667
135.2151 28.5846
136.2807 33.3649
138.6271 29.7943
134.8020 28.0997
136.6019 30.4317
138.1835 30.7684
140.2210 34.6182
134.6406 28.1089
134.7803 29.8337
130.8362 26.5638
136.5817 30.4756
132.7823 28.8680
136.5437 30.4820
138.5230 29.7268
133.3283 29.0772
138.5526 30.6148
136.5833 33.1334
136.3676 30.1927
132.2209 31.8910
136.6091 30.5402
134.9321 28.5865
131.9260 31.7526
136.4809 30.5519
136.1817 30.4300
136.3981 33.1513
136.2416 30.7146
139.0850 30.3662
136.6289 30.4369
137.5372 30.9755
139.0609 30.4869
137.7179 34.3157
135.1668 28.5077
136.1276 30.1006
138.4106 33.8617
136.4046 33.5020
140.6088 33.8400
136.5977 30.4198
136.5981 30.4591
133.3914 28.8048
134.7220 27.8248
131.7237 31.4922
136.5720 29.1868
134.2273 27.1793
131.0089 26.4800
138.3392 32.5383
137.5196 30.5845
136.5867 30.4331
132.2640 27.6150
136.2029 30.2095
129.8706 26.1158
132.4615 27.5562
132.0072 31.8148
131.0701 29.3929
129.6029 26.4064
137.2664 30.9985
137.0369 30.2918
136.5094 30.2142
138.3943 30.6133
138.0486 29.5543
136.7246 30.7046
138.6615 30.5061
138.6243 30.8002
138.9490 29.4478
136.3512 30.3250
136.2783 33.3805
136.5047 29.4113
137.2409 30.7178
136.8636 30.2725
137.2505 30.2368
138.6889 29.5791
137.5577 29.8121
136.3334 32.3946
136.2620 30.8119
138.3582 29.8708
137.1045 33.6230
136.3929 30.1593
138.4179 30.4258
139.0464 30.0070
135.8503 33.3202
136.2888 33.5490
139.0492 30.2143
138.8076 30.1265
136.3253 30.5166
138.2340 30.7062
138.0002 34.3125
136.3737 30.4899
137.2646 34.3948
138.7765 30.5063
139.1584 33.6800
136.8139 30.2284
136.3781 32.9098
138.6192 29.5683
138.3696 34.2086
136.3459 30.1971
136.2711 33.5530
138.4093 29.6739
137.9964 30.4970
137.6633 30.7953
136.9294 30.1144
136.7711 32.5495
136.8505 34.1355
137.0303 30.8145
135.8932 33.3452
136.8952 30.4066
140.8887 32.7128
138.4291 30.6081
139.0233 34.1628
135.1867 29.6805
137.2321 30.5690
136.9838 33.5003
137.0065 30.7105
136.8510 30.2750
137.4123 30.9755
136.7906 30.2091
136.8069 33.6124
137.5076 30.9848
136.2098 30.4142
136.3593 32.8333
136.6766 30.7656
136.8283 30.8293
138.6554 29.9463
136.9655 33.1817
137.2519 30.8130
137.4763 30.8856
135.9424 32.9629
137.0262 30.8294
137.4330 30.3705
137.1391 30.8385
138.4614 29.9466
138.0004 29.5220
137.6299 30.8345
136.4974 30.2333
138.6220 29.5968
138.6635 30.6313
136.7521 34.0474
136.4764 30.1326
138.9704 34.3200
137.8325 30.7986
138.1360 30.7343
136.2886 30.4129
136.6430 30.0752
136.8813 34.0974
138.6078 30.5398
138.3674 29.4234
138.8511 29.8319
136.6377 29.3091
136.5922 30.6409
136.3345 30.2884
136.2897 33.6727
136.2964 30.3762
137.9835 30.5563
137.0035 30.8038
136.8346 33.6122
138.2789 29.7709
136.4823 32.9417
137.6676 30.8077
136.3345 30.4237
137.6142 30.5987
138.2274 30.7555
135.0993 30.1686
138.6467 30.6196
138.2725 30.6939
140.2607 32.4139
138.6157 30.5621
136.3203 32.9778
136.5584 30.7472
140.9067 34.7393
138.4244 30.6612
138.3072 30.7576
136.4192 30.1424
138.7153 29.3490
138.6679 29.5253
141.7172 35.6816
138.0654 30.7544
136.8635 33.5147
136.4152 33.7015
136.5809 33.7547
136.4683 30.6298
136.5461 32.5597
136.3521 30.4630
136.8270 30.3972
138.5938 30.5737
141.4824 33.1627
137.8241 30.7903
135.8803 33.0631
137.2184 30.4200
139.3323 34.4061
137.3969 30.8383
136.1494 30.5652
138.1909 30.7234
136.6688 30.7163
136.2266 33.6530
135.8449 29.2112
127.3893 28.9947
137.5393 29.8179
136.7409 29.4968
136.6282 30.9495
138.8293 30.4062
134.1642 28.2546
133.8228 30.4010
139.1676 30.0088
135.9290 26.2937
131.6712 30.1154
130.4585 30.5291
132.1486 30.9548
136.4152 30.5792
137.9049 30.5022
136.1277 32.9609
135.5735 25.8163
131.5133 29.5252
137.1740 29.7067
138.4266 29.8821
134.1511 31.5000
139.8308 34.2854
131.2723 26.2854
132.5808 30.4340
131.7884 28.2500
135.2527 28.0992
129.1653 28.4791
132.0014 26.7084
133.9909 26.2537
138.4521 34.0298
134.7974 26.2742
135.3177 28.4609
127.2402 28.4236
136.7253 33.3585
126.7728 29.3190
132.5875 27.9239
126.1028 29.3250
133.7194 25.0683
137.7578 30.9338
130.9570 26.8119
136.0862 29.2918
131.7099 30.9231
136.0226 25.8313
132.6356 31.5256
138.8682 30.4667
133.5830 29.4965
135.3983 26.3154
136.1344 30.9482
127.8954 27.2421
138.8160 29.5612
130.7554 30.2575
136.6617 30.1396
132.7515 31.9098
138.7151 33.2042
131.0061 30.3091
133.7987 28.9646
138.8604 29.5815
134.3901 26.9909
133.0051 28.7142
130.8891 30.1114
135.8573 33.0996
130.5347 25.2454
127.7958 28.3567
134.8526 29.1182
133.2525 30.8315
139.1649 29.8859
130.2570 24.7395
127.2448 28.5477
132.2339 31.0935
133.4534 31.4613
133.4523 31.5472
136.2763 30.5522
136.7625 32.6623
132.2395 30.6884
133.6377 30.9161
138.5884 32.8374
138.7447 30.8913
133.9614 28.9755
133.6125 28.6492
132.8923 29.8245
133.8584 29.7023
137.7543 30.8474
134.5574 32.0753
133.0244 31.8398
132.1308 30.0404
134.4253 26.2923
128.2871 23.4838
129.8072 25.6025
134.6916 26.1051
129.6641 27.5473
132.4834 31.3329
132.8684 30.8846
138.4099 31.0397
133.1100 29.6960
133.9467 29.0085
134.9850 25.3271
132.6676 27.9948
129.0902 26.1357
133.5134 29.9077
133.6390 25.1111
132.9316 28.8791
129.1865 26.3011
135.6669 26.3723
133.5015 27.7055
133.8944 25.0177
133.3438 30.4007
132.7020 28.9681
137.7433 30.1901
132.5005 24.9916
134.7878 27.5794
134.9619 25.9238
129.4191 23.7799
131.8123 28.7342
134.8614 26.5876
128.4959 23.4080
135.9321 25.5577
134.1519 28.3686
134.4882 25.7517
133.7800 28.5629
134.8973 26.3769
134.0594 26.4994
132.9516 29.7601
137.2570 29.4186
136.4718 29.2292
134.5566 31.1277
130.1194 26.4724
128.2059 23.6044
131.3776 30.4793
133.7822 28.6151
133.8797 28.5734
134.7599 26.5505
133.8081 25.5637
131.7537 25.9135
130.3079 26.0060
134.7435 25.4874
134.5757 25.5259
133.1027 30.2441
134.8125 25.5948
135.3529 25.9017
134.0905 25.4658
133.8165 24.4317
134.3361 28.0309
131.5183 31.3397
138.5493 30.8301
135.7797 26.1609
131.9794 31.2192
133.4454 29.5526
138.0607 31.1087
132.5776 27.7087
128.7606 29.9974
132.5702 31.6433
134.4035 29.8799
137.2763 32.2393
136.4462 33.6157
136.4153 30.5178
138.7442 32.4871
136.0647 32.3481
133.8689 28.0302
136.1955 33.2143
130.0670 25.9812
131.7736 26.5465
134.2088 29.9540
138.3439 29.5902
129.6895 29.9694
135.1605 28.4068
139.1468 29.7181
134.6432 26.1633
135.1073 29.9367
134.7417 27.9905
135.8101 32.9522
128.4687 29.5252
134.5090 30.9117
138.7912 30.3776
137.1461 30.7270
127.8427 27.5543
136.2530 33.7038
132.0694 31.1860
139.1120 30.2153
131.8765 31.6679
135.8523 33.0191
134.3396 31.8858
138.7990 28.7711
136.3971 30.0980
131.8749 30.1866
136.0768 33.0723
134.7795 27.9151
133.5055 32.1109
137.2581 30.8623
136.3765 30.1423
133.9209 29.4583
138.5657 29.5766
138.5527 30.4801
134.0177 27.9553
135.4276 28.6651
134.0870 32.3410
133.5416 28.5119
138.7466 28.8808
139.2354 30.0347
136.5123 32.9859
135.1951 26.2759
130.6660 30.0776
133.2457 32.0700
138.7185 29.9234
138.9643 29.7511
131.8120 30.9832
136.8352 30.6118
139.5327 30.4143
135.6528 33.2093
139.3399 30.3444
133.4531 29.6706
138.6311 30.3058
136.9372 30.3823
139.2565 30.3395
136.3762 29.8651
139.1400 32.6366
131.5598 31.1515
138.7359 30.3042
135.1725 28.0500
134.5041 27.0311
134.3391 27.5501
138.8414 30.5932
136.0397 31.9689
139.2632 30.0412
125.1776 30.9241
133.8990 29.5922
140.5423 34.6486
136.1709 33.3817
136.6457 33.4242
132.2150 26.9215
138.9548 30.7111
129.4009 28.4268
134.8148 30.2644
134.3883 28.7678
136.2492 33.4803
132.8410 30.5276
135.4944 28.6895
133.6564 29.0969
129.4878 28.5885
133.6792 31.1742
132.8624 29.5932
135.5011 25.9963
128.6588 28.5406
138.8093 28.9152
132.1649 29.5044
136.3201 32.6520
138.8618 29.1354
135.8002 29.0074
129.0250 28.5752
134.1673 30.0210
133.1297 27.5519
133.2126 31.6447
132.1163 30.9513
139.0501 29.9011
138.0577 29.4787
132.0268 30.2036
132.9625 30.5524
136.8170 30.4287
132.0275 30.9089
127.6888 28.3179
133.4943 30.7566
136.4288 30.2222
139.0623 30.5097
134.7472 31.9044
136.6911 30.7319
133.4749 28.6669
133.9607 29.0606
135.7721 28.8920
136.2644 30.1337
134.8278 26.1458
129.0636 27.9060
138.9552 29.5115
136.4857 30.2052
130.4670 26.2746
132.0054 29.6623
134.0718 26.5706
132.7344 27.1477
128.2627 29.6213
130.8763 29.5885
134.1869 31.3571
131.6456 29.5323
136.0838 32.8995
129.4497 29.9555
132.8329 30.8597
138.3827 30.6374
138.9308 30.5572
136.6695 30.3001
134.5307 25.9724
136.1485 30.2616
132.8044 30.6451
138.4236 30.6793
139.1110 29.7234
135.6644 33.0679
133.1174 28.3400
137.9168 30.8980
136.4584 30.2570
138.2013 29.2719
131.8331 31.6824
134.1649 26.8684
135.7665 26.0999
134.2110 27.2259
128.7504 26.2712
131.8543 31.6425
138.2182 30.7635
132.2582 27.2755
138.9681 29.4614
132.9984 28.8238
136.3515 30.8162
136.8140 34.2512
134.1460 27.3921
131.2058 30.1656
134.2157 26.2709
134.3889 29.2572
137.9535 30.8371
138.6409 30.6065
138.4347 32.4297
141.3852 34.6722
132.6012 30.8352
136.1082 33.5026
142.4043 36.1790
136.3819 32.8800
138.8550 29.5049
133.7406 30.2493
143.8646 35.9466
137.1712 30.1276
138.1623 29.8954
137.8160 34.4934
131.5492 31.9323
139.5952 32.6519
136.0438 32.9979
139.3026 29.8161
140.4998 32.4726
138.8991 30.6853
136.7875 30.2301
138.5053 30.2803
135.0698 28.3551
136.4331 29.9310
134.6957 27.9894
141.4071 34.1962
137.2806 30.3341
138.8835 29.2815
137.1245 30.3150
134.4197 32.5109
140.1028 32.1617
141.2913 34.5793
136.9398 33.0059
138.6272 29.8022
138.6003 30.5644
139.1431 30.2303
137.1959 31.6170
133.1948 30.9428
135.6831 33.2919
135.6101 33.2518
136.7672 32.6322
126.3335 33.0708
136.8239 30.0364
136.1164 29.2187
129.7161 25.3005
142.3629 35.9218
133.3214 30.3299
136.1126 33.0000
138.7992 30.1662
143.3117 34.6969
142.5251 35.4573
123.8798 32.5169
145.2086 36.5689
139.0041 29.9133
137.3908 29.6924
138.4900 29.4009
138.5226 30.2408
136.1844 33.0646
141.9222 34.5902
138.4435 29.7629
135.9943 33.3985
132.7912 32.0241
134.4239 32.2712
138.8992 30.6918
145.1593 36.2598
131.0339 30.1465
138.3486 29.5230
136.0890 33.3507
139.2800 29.6934
139.5607 30.0794
137.8277 30.3899
138.4480 29.3514
137.8619 30.5687
135.4558 33.4166
136.4524 30.8591
136.4806 32.9024
141.8848 34.5843
138.5357 29.3268
132.5747 29.8361
141.4868 34.8035
136.0089 33.4174
142.9134 34.5359
138.0042 30.4403
138.9795 29.8515
133.6548 30.0290
145.2945 35.5977
138.8924 29.8930
136.2707 32.9230
138.9703 34.3561
138.0490 29.7963
136.5750 29.9846
136.8702 30.4631
130.4415 29.9553
136.9855 29.2114
138.4513 29.6505
145.6763 36.5303
128.4076 29.0777
138.0755 34.1311
133.5364 32.2694
133.2374 28.5357
131.5063 29.7728
132.3539 31.7999
133.3089 32.3324
138.4772 34.2218
128.3442 29.7443
134.2420 29.1909
132.6803 32.2569
132.0444 32.0577
132.0890 32.1596
132.4337 32.1794
136.5988 30.4341
132.6361 32.4064
138.6508 30.4493
134.7766 29.8603
138.2746 32.7063
132.9691 31.3487
131.5835 31.4693
134.7415 31.1034
131.4369 31.2822
136.2396 32.1170
132.2559 32.2753
136.0524 33.6539
132.3689 31.8973
132.3916 30.4188
141.2371 35.5657
134.3927 30.3822
136.6491 34.0509
136.0424 30.0327
132.8939 32.3134
133.8940 28.5106
136.8822 33.6686
139.0518 30.6218
134.4220 28.2880
135.0074 29.6482
137.3698 34.4319
133.1621 31.3422
130.0977 26.1535
134.7594 28.3551
132.6365 30.6134
131.9964 30.2509
135.1314 30.1258
134.2965 28.2930
133.1481 30.6850
129.1793 26.6786
134.4874 29.0422
138.2168 30.5791
131.9920 31.7179
133.6047 32.3919
137.8643 29.5755
138.5506 33.8724
138.5233 33.8458
135.8886 32.9101
132.4515 31.9385
136.1777 30.6646
128.2961 28.0600
132.7816 32.2473
134.2553 28.0701
134.7269 28.7498
139.0141 30.5742
132.8360 32.2629
131.9372 31.4802
134.6669 28.8827
136.3488 33.6098
138.6189 33.9764
136.3900 32.5113
132.4582 32.2878
134.2683 27.8420
138.6333 34.1010
132.1663 32.0031
137.9099 30.7221
137.0819 30.6023
131.7831 31.6923
136.3392 32.7040
136.7263 33.3620
133.0129 29.9413
132.7638 30.7216
136.7308 33.8803
135.0853 29.0552
134.9294 28.7564
137.9523 31.9715
138.9148 30.6563
138.0419 30.9672
134.9446 28.1849
132.2888 32.3663
133.6734 30.9753
131.9223 26.5929
133.0110 27.9810
134.8494 29.4179
136.3162 32.1444
135.0861 29.4527
134.5978 29.2387
134.2481 28.3273
134.5074 29.5573
135.0102 28.3045
134.7957 28.1991
137.2910 30.7608
132.2084 31.9625
138.9648 29.4936
132.7709 31.6423
134.1893 27.4838
137.5654 32.6187
135.0758 29.6210
134.3994 28.1946
133.4199 28.8718
140.9541 34.5571
132.9692 31.0034
132.4339 32.2085
132.7142 32.2781
131.8601 31.9788
134.3109 27.0140
133.2782 27.1943
134.5715 28.4552
128.3253 26.3127
137.4120 30.8834
138.6975 29.7927
136.2771 30.7891
138.9217 30.2844
134.1213 28.1206
133.4983 29.5712
134.3246 30.5055
127.9667 28.7521
138.8981 30.3941
133.6032 29.6825
133.0193 32.1478
133.8704 28.2213
133.0742 30.2243
135.6893 31.7341
136.1676 28.8799
133.3581 27.6062
134.3537 29.1523
131.8286 32.0464
133.1750 29.7244
134.6963 28.5877
140.5721 32.7005
136.2427 29.1971
139.0847 30.2019
134.6459 29.9167
135.9293 33.0890
134.7632 28.7645
133.1310 29.1860
138.2140 29.4106
130.8402 30.8806
128.0734 29.0952
132.7093 30.8282
133.4075 27.8224
136.4400 30.5213
128.8244 26.6955
136.5004 30.0314
135.7904 26.3707
127.1751 28.1934
131.0669 26.2336
136.4833 30.8857
134.0070 28.4200
132.7348 27.6322
133.9243 28.5275
132.7332 27.0443
139.0982 30.0823
133.4048 28.8184
132.3859 27.0555
132.8613 29.3952
134.0940 32.2834
131.6461 26.8787
132.3223 31.4577
138.7338 30.6851
134.8840 26.0995
131.8485 27.4798
130.3830 28.3060
127.6881 25.6749
137.6631 29.3309
134.4477 26.0430
129.8155 26.8543
131.1639 26.6893
133.9563 30.3857
133.4255 29.2362
137.4024 30.9151
133.0614 27.7036
134.3233 29.2427
136.6613 30.0222
139.0880 29.3962
133.1368 31.9548
132.8412 29.8991
131.9209 32.1927
139.0444 30.5236
136.7455 29.4102
138.7477 29.2095
134.0434 26.5991
136.2809 32.6764
138.9777 30.3160
135.8934 32.9991
136.2270 33.6469
135.7356 33.1187
138.9205 30.6597
136.7651 30.1349
134.8719 30.1980
131.5413 31.2428
132.4413 32.2299
135.7129 28.8376
138.8657 29.0740
138.3371 30.5947
136.1902 33.3106
131.4854 29.7817
132.6267 27.3102
135.4909 28.3524
135.1098 28.2216
134.2968 28.4284
136.9272 33.0149
135.8026 29.3402
128.1190 27.7501
139.0185 29.1313
132.0616 31.4374
131.4039 26.5165
134.7260 29.9113
134.2137 27.3459
135.9503 33.2616
133.6226 29.3377
138.7422 29.6208
133.8877 32.4990
134.6037 32.4725
133.4200 29.6438
134.0506 26.4602
136.4357 30.8475
137.4680 32.7154
140.2268 34.5890
134.1642 28.7399
131.9250 29.6725
132.2852 32.1191
135.9730 32.9691
132.9099 28.9777
132.3293 27.2927
136.3043 32.7250
134.3770 32.4420
131.7101 31.6018
133.0495 30.5078
135.8995 33.2474
135.6485 33.2454
132.7464 30.6453
133.3223 29.2891
131.8784 29.9927
136.7814 30.4468
135.0146 29.4320
133.1151 28.1129
138.6062 30.6963
140.1351 34.0336
134.9510 30.5203
132.1407 30.4360
137.6973 30.9292
132.4193 30.5615
132.7031 31.1937
132.7560 27.2689
139.5391 29.8359
132.2782 30.3635
137.4212 29.5057
136.5674 33.5235
134.5823 29.0195
138.9814 30.6018
137.5338 30.8535
133.5773 32.0822
134.9432 30.1318
134.2849 26.9249
139.2282 29.8653
127.1974 27.4345
131.7168 31.5172
138.8887 30.6640
132.8725 32.1903
132.2735 30.0224
134.2970 27.6311
131.6251 31.1148
130.3769 27.0070
137.2251 30.8207
133.9612 28.0973
134.7923 29.7713
139.2847 30.2545
133.4061 30.0593
132.4530 31.5389
136.9006 30.2279
136.2014 30.4244
134.6978 28.6770
138.2497 30.6690
135.7843 29.3371
134.7870 30.0944
138.9289 29.5463
134.2966 26.3862
131.6982 31.7152
136.9051 33.8070
133.7278 29.2123
133.5824 29.7353
135.7489 33.0867
138.8097 29.4619
131.4331 30.7841
132.2162 32.1282
129.0679 26.7909
133.3678 32.3249
132.2533 30.0345
134.6258 28.8121
134.2162 26.3318
132.7903 30.8031
136.5734 30.0666
131.7206 31.5911
133.1281 32.4405
134.3496 32.5316
134.8819 29.2857
135.2174 28.9592
134.2719 25.5575
131.6645 31.0592
138.4302 29.6296
134.1494 27.7927
138.7876 30.7136
138.0224 29.3353
138.8310 29.7114
135.4222 31.0827
128.6125 26.4508
133.1769 30.6240
138.6343 30.8241
126.1425 29.8109
127.6532 28.6542
130.0739 25.2667
138.2749 30.8625
128.6271 25.8228
132.4072 26.9772
138.7544 30.0709
128.3011 29.4152
138.7526 30.1536
133.8035 27.7221
134.5526 29.7413
134.0425 29.3175
136.9824 30.7970
133.0979 29.3892
128.1142 29.0346
128.2166 28.8925
131.0606 30.6639
133.8414 28.4301
136.2308 29.1522
133.0503 32.1701
134.6337 30.8830
127.1388 26.6598
133.7044 30.4600
139.0061 30.1896
133.0700 31.0831
138.8992 30.1899
133.4933 29.5208
132.0551 27.3838
138.2394 29.2187
139.0225 29.9608
139.2923 30.5494
134.2590 30.0406
136.5211 30.5948
134.2999 30.8697
132.7371 30.3465
132.0125 31.5126
139.0817 29.8565
134.0707 27.3476
132.6482 28.9773
135.5859 33.4286
127.3497 28.3005
134.4512 28.2159
134.9568 25.8890
131.6564 30.7565
138.6534 30.9056
136.5941 32.4577
131.4745 27.1965
136.1035 33.1240
135.7627 32.9511
129.2868 26.0287
133.9638 28.6879
135.9944 30.2153
137.8048 29.5171
131.5326 30.1880
131.8410 27.1892
138.6686 30.6310
132.2680 27.1026
128.0180 29.8363
136.2265 30.5246
128.8616 26.5635
131.7973 31.9384
134.9309 27.8596
130.9984 26.1482
134.8265 30.3116
139.0663 29.8444
133.7830 28.6563
132.5059 30.7848
134.0121 29.2399
135.1687 28.5980
131.9906 31.0622
131.5960 31.3248
138.8121 30.7079
138.8244 30.0389
134.7909 28.6329
136.8700 30.6595
134.2180 27.5520
133.7241 30.6758
130.1956 27.8299
137.4238 30.9186
134.0384 30.4441
138.8215 30.5028
134.2546 27.6839
139.2053 29.9574
136.0076 32.4942
133.5921 27.3741
138.5045 29.0371
130.9547 29.0170
131.8776 30.7355
126.9436 27.2252
132.4585 30.8351
134.1243 31.1833
132.1229 31.4939
139.0435 30.5257
135.6188 29.1942
135.6380 33.0195
134.4363 26.9391
133.8240 26.0284
130.8518 26.2899
133.6680 28.7341
136.3483 30.0839
135.8330 32.9685
131.1456 30.0841
129.4034 26.2846
134.0681 27.9057
134.2990 29.1711
136.9494 30.5983
134.1629 25.1624
131.4527 26.0585
138.7331 30.8079
131.5399 30.4214
138.5230 29.6593
137.5020 30.8798
136.6457 32.4855
136.6781 32.8740
133.9718 27.1667
138.4747 30.9412
133.8511 29.4827
136.2336 33.0887
138.8342 29.7272
133.7325 28.7550
130.6276 27.0904
133.9774 28.2718
132.9288 29.7631
135.9776 32.5497
127.8910 27.9917
132.0637 31.7107
135.0263 28.6546
133.3991 29.8890
136.8443 30.1005
134.6521 30.9063
135.7175 26.0092
135.4810 33.1537
131.6050 30.2859
131.7175 26.0587
135.6573 31.7476
138.9925 30.3595
134.5414 29.4488
130.1169 28.8291
138.7446 30.5546
139.4529 30.2815
133.2667 29.6709
137.7430 29.5334
138.9260 29.3920
132.0785 31.5995
139.0112 30.6467
133.5087 31.5829
132.1062 30.3260
133.5944 31.5735
135.6390 28.9618
137.6638 29.3695
135.9018 33.2057
138.1898 29.9440
135.8274 32.9917
135.9876 32.9641
135.2411 28.6110
134.0388 27.1326
134.4564 26.8689
132.9577 30.1075
135.9198 33.0481
137.4587 29.4540
134.0620 27.8268
132.2515 27.3205
133.5895 31.9507
133.5044 30.2355
136.2615 30.4541
136.6180 30.3403
131.9879 29.7800
133.9167 28.3077
133.4676 29.9676
135.8476 33.4465
136.3254 30.6556
136.0742 30.3776
135.0952 31.5551
135.7699 29.1092
132.6141 30.6630
134.3219 28.2038
136.3692 33.0539
131.5944 30.0703
132.6684 30.4594
136.0625 30.5242
132.8138 30.9117
140.3636 33.1276
138.8616 29.5360
139.0747 29.8610
131.7298 31.6027
134.2830 26.8270
132.0926 31.7367
136.2674 30.3982
135.1858 28.6799
137.2713 30.9435
131.5736 30.3631
137.8941 30.9350
137.5518 31.0365
131.3321 30.1970
138.1681 29.3656
130.9813 26.2109
138.7956 30.5216
137.7124 29.4183
140.0945 33.2083
136.0818 29.0415
132.2707 31.8850
136.3265 30.4961
135.8589 33.2515
132.3377 30.4333
132.3410 30.3186
135.7903 32.9776
137.3529 31.0415
135.3122 28.6819
138.3301 29.3683
132.0801 30.3007
134.9764 28.7429
138.7863 30.5162
130.0896 25.1998
131.1642 30.9767
139.0442 30.4556
138.9001 30.0226
135.4610 28.7564
133.2799 29.9131
139.0222 30.5039
132.0941 30.2403
139.0250 30.5872
137.7902 29.3983
132.1349 26.7819
138.3889 29.3717
130.3561 25.2763
138.9077 29.6533
134.9939 28.5090
136.0014 32.8090
136.2268 30.0324
138.3365 32.5541
139.1498 29.8158
138.9318 30.4615
134.6742 29.1825
137.4214 30.8612
135.9294 32.6670
135.6716 29.2588
139.1374 29.7717
133.5974 31.5199
133.7552 31.2982
137.7552 29.4651
135.6810 33.2292
131.6996 31.2883
132.0676 26.4870
138.8698 29.9891
139.1359 29.8284
135.0684 28.3717
136.9982 30.8665
137.6551 30.8902
134.1636 29.0019
131.7859 30.0897
132.4979 31.2251
132.0011 31.9452
131.2890 31.0093
135.9798 32.6596
137.5388 30.9456
138.7368 29.3662
132.5766 32.1526
132.4208 30.4856
134.9550 28.4685
138.9486 30.4531
133.4870 30.8266
136.5111 30.7042
139.1262 30.4527
136.0870 30.1727
131.7245 31.3562
136.5129 30.3049
134.9809 28.5911
135.4650 28.9036
139.0482 30.2629
137.2729 30.8859
136.1033 29.2173
138.9344 30.5994
136.1351 33.0306
138.5762 30.8050
135.9801 32.5738
136.3966 30.6858
134.4284 28.7427
131.5860 31.4015
131.7602 31.6694
136.3627 30.4982
131.8096 31.7493
132.5106 30.5340
134.1595 31.5423
129.6566 25.7642
131.5769 31.4192
138.2816 30.6657
136.4278 30.6892
138.5594 30.7406
135.2191 28.5824
139.1238 29.8884
134.1582 29.2486
138.2163 30.8754
133.5935 31.2533
136.4370 30.7223
125.4793 29.4327
134.4982 26.1788
134.6588 28.1584
134.4106 29.6169
133.7499 31.4069
134.9188 28.5558
138.9263 29.6468
131.4228 29.1239
133.5909 29.0061
140.3807 33.5923
136.4669 33.2892
133.7710 28.1880
135.9026 26.9901
139.2565 29.8422
134.0543 30.8391
134.4175 29.5993
133.8696 28.8266
136.5333 34.0006
134.2491 26.2929
133.4952 30.3898
134.6965 27.3180
127.2312 27.5923
134.0342 31.1690
133.3085 28.0586
132.5323 26.9395
126.6468 28.9240
136.6504 23.7955
132.2406 30.6013
136.7983 33.3543
135.1127 29.5254
133.8333 26.6741
137.8495 30.8543
130.0688 26.8154
136.7017 32.7717
133.0160 28.2787
133.8426 28.0337
134.1013 25.7716
135.3133 33.4445
134.2797 28.1394
130.3924 25.4948
135.5419 31.5338
130.1818 27.2397
126.8463 25.9703
128.3060 30.3045
138.9712 32.0556
134.2911 26.6289
132.9671 30.2438
132.4865 26.3103
134.0416 26.8933
133.5613 30.1550
128.8455 25.6096
130.8281 29.8095
135.8802 25.9000
130.1556 27.0427
134.3546 27.9461
137.9481 29.5229
138.7593 30.2145
132.5876 27.1317
136.4801 29.1773
138.3110 31.0029
131.5240 27.8812
134.0921 31.9402
133.0655 27.3928
131.8477 31.4345
132.3275 30.8630
132.5528 29.7360
127.4124 28.0135
136.6261 26.8206
131.9442 26.9268
131.5091 27.8176
128.5994 26.2426
128.6566 24.1798
136.3445 30.0364
141.3013 34.0276
136.7313 29.9401
137.4173 30.6169
136.5323 29.3615
138.1682 30.7316
140.6059 35.2015
136.2890 33.7137
137.9911 29.4947
136.4838 33.7288
136.9867 31.0503
139.0843 30.2057
139.0159 30.2468
136.0393 32.8883
137.0857 29.5297
136.4377 32.8990
136.6290 33.8013
136.9765 32.8977
139.2603 29.9153
136.8822 33.5168
135.4167 29.4984
137.9893 29.4905
137.1994 29.4138
136.4695 32.8726
137.3567 29.4478
136.9687 33.7518
137.4578 34.4380
136.3396 32.7905
136.9309 33.7084
137.5944 30.5584
136.5010 33.7464
136.6251 32.6045
137.6809 29.7963
136.9726 30.0343
138.8018 29.3745
141.2065 34.0044
136.9944 33.7083
136.9430 29.3396
139.0981 34.0847
138.3524 34.1951
136.9485 33.4827
136.8710 33.7485
136.3949 33.6358
136.3772 30.8518
136.2628 33.7207
138.7938 30.7333
136.5576 34.0128
136.7318 29.4065
136.8687 33.4575
141.5581 35.6797
136.1386 30.2940
138.1600 29.8452
138.9129 34.0840
135.4368 29.7370
136.9320 33.5792
140.3966 34.7961
136.8321 33.5934
136.2708 32.8449
141.3123 35.7700
137.8817 29.8598
136.9626 33.5077
138.0036 29.8698
136.1198 33.5924
139.2521 29.7821
138.0645 29.4642
136.3365 33.7368
135.3759 29.5023
137.1707 29.5716
136.4773 30.9391
136.8916 33.6228
137.3140 31.0687
141.0483 34.1297
136.6653 29.9261
141.4841 33.3017
137.3635 29.6609
137.0538 29.5074
136.9359 33.5894
135.6092 31.0064
140.7507 34.0532
135.8532 33.1796
140.2946 34.8380
135.8423 33.2782
136.2754 33.7302
137.0740 34.3095
136.8772 33.7718
135.8185 33.1550
135.8518 29.3059
137.4684 30.4712
139.2566 30.1512
137.9202 34.2935
137.8625 30.4834
136.2921 33.6190
140.8888 34.2730
136.8003 33.8153
136.9409 29.8928
136.2058 29.2205
137.5479 29.7593
136.0352 30.2240
138.7591 34.1904
135.8141 33.0980
136.2285 29.8834
137.1326 32.9769
140.8152 34.2429
134.9368 29.8023
137.1551 34.3871
137.8225 34.3660
139.1066 29.5634
140.6106 35.1551
137.4901 30.5279
141.2260 33.8453
138.7836 30.7606
135.9940 32.8578
136.9554 32.8721
136.9951 34.2572
136.9682 32.9838
137.0479 34.2527
136.2628 33.6504
136.8570 32.6873
136.3866 30.1759
137.7636 29.8372
136.6797 31.0237
138.1917 30.9531
136.1768 30.6766
138.2256 29.4122
136.1723 33.6377
141.1385 34.0684
137.0201 33.6462
139.0745 29.5252
136.9633 33.4568
136.9972 33.2673
136.5979 29.8090
137.0296 33.8097
135.8142 33.1316
136.1788 33.6699
139.0202 30.3035
137.7234 29.5474
136.8860 31.0424
136.8848 33.4738
138.8864 33.9905
137.2427 34.3532
135.2843 29.7772
136.6263 32.5694
136.9586 31.0420
137.0151 34.2981
136.2497 33.5790
137.2049 29.5680
141.6136 34.8709
136.8451 33.8224
141.5028 33.8343
138.8333 29.3527
136.0780 30.7001
138.9430 33.9605
138.2952 29.4094
137.1596 31.0594
138.9152 33.9967
136.2987 29.7900
136.0693 30.1558
136.4248 32.4460
137.7179 30.7905
136.8250 30.3503
138.1887 29.4528
135.8077 33.2763
136.1920 30.4455
135.8527 33.0415
136.9031 33.5507
137.3153 31.0756
135.6974 31.1816
137.5632 30.5513
136.1863 30.7888
139.0049 30.2862
138.7197 30.7693
137.2286 31.0541
136.3210 33.7849
137.9543 29.8920
141.3467 33.7153
136.0797 33.6551
135.9061 32.9623
137.0244 30.1265
136.1325 32.9650
136.6487 29.2681
136.9339 33.5286
135.8286 33.2383
137.6416 34.2497
137.0686 29.5358
136.4814 32.8346
136.5516 32.3497
141.8631 34.3732
137.5168 29.7432
137.1022 31.0167
136.8060 33.7869
138.1549 29.4927
138.2755 30.6608
141.7126 34.1130
136.3163 32.9011
137.4674 30.5536
137.6138 29.5031
136.9486 33.8025
136.4291 29.8039
138.4761 30.8726
138.2079 29.9461
137.4656 29.4946
137.2277 34.3906
138.9799 30.6107
136.9436 32.8378
136.0228 32.8547
136.1208 30.6470
137.5786 30.5235
136.8077 33.7882
136.0704 30.1423
136.1895 30.5225
137.6854 29.5392
135.5817 29.6239
137.0310 33.4968
136.0477 33.5654
139.0679 30.1982
137.7780 31.0652
136.8180 30.3488
137.0661 34.3175
137.9913 30.7504
141.4846 33.8150
135.9621 30.3966
137.9285 30.7787
138.6538 29.3673
136.6937 32.4785
139.2614 30.1298
136.2877 33.8172
136.1758 33.5901
139.2437 29.8428
136.9425 33.3382
136.8908 33.6264
136.0551 33.5800
138.2225 29.9373
136.1915 33.5438
135.8032 33.0647
136.3517 33.7026
136.3176 33.8083
136.9034 33.5111
136.1004 30.7168
138.5173 30.9077
141.2271 34.1645
136.7855 29.9576
136.7105 30.3448
136.5822 29.3536
138.2745 30.7009
136.5364 34.0023
137.6080 30.3549
137.8400 30.6043
136.5706 32.3580
140.9256 33.4697
136.4399 30.9640
135.7226 29.3678
135.6493 29.5771
136.9896 32.9942
136.8870 33.7832
136.4535 32.8180
136.2452 32.3417
136.7016 29.9144
136.5138 29.7829
136.0842 33.5319
136.3130 33.6186
135.7240 33.1540
137.3030 29.6371
135.1988 29.9791
135.3823 29.4573
136.7064 29.9130
138.4339 29.4086
137.3425 34.2860
141.3299 33.6183
136.6777 29.9393
139.0282 29.5030
136.4901 32.8519
136.2805 33.7962
139.0717 34.0649
137.6885 29.5608
136.9809 30.0497
137.4483 29.6986
137.9428 29.5148
136.3640 29.2473
137.7829 29.5766
136.1930 33.5573
136.1237 33.6647
136.7515 30.9986
135.2067 29.6501
136.9563 32.9117
136.1940 33.5944
144.7830 36.1766
143.9171 36.2577
138.9447 34.3648
136.9344 33.7464
136.7835 33.8164
136.7525 29.2966
135.8160 33.0536
136.8634 30.7834
137.0554 30.0831
136.9655 32.9014
136.3937 32.7936
141.3685 33.7135
136.2908 33.6292
137.6660 30.5862
138.7818 29.3472
137.6703 29.5484
137.2113 31.0564
139.0045 29.4599
139.0920 30.0653
136.0891 29.2027
136.9638 33.4321
137.1479 34.3818
141.6040 34.9393
136.9805 33.6021
136.1224 33.6455
135.9881 29.3125
136.0156 32.5155
138.6628 30.8454
138.8776 34.1554
139.0758 29.5268
136.5024 30.9167
135.9539 30.3182
136.1506 32.5739
138.2291 29.4092
135.7198 33.1226
137.9320 29.5048
138.5247 30.9077
136.0484 30.0149
138.8203 29.3539
136.5608 32.7964
139.0942 29.5488
136.1639 30.7804
136.5039 32.8478
136.3316 32.4845
141.2756 34.0834
137.1588 30.1633
137.0279 33.5740
135.8262 29.3532
136.1545 32.6160
137.4574 30.5879
136.9672 32.9245
135.9055 29.3492
136.9450 33.5277
136.8484 33.5580
136.2837 29.3260
136.0031 33.5013
136.5623 29.2724
136.6309 33.7418
138.1609 29.4927
138.4469 34.2581
136.7433 33.8509
138.2998 29.5364
