135.2947 31.1949
136.1162 29.6806
136.4819 30.7272
137.5681 33.4351
137.0011 32.2655
131.8476 30.4292
131.5339 30.1124
135.8427 31.0961
137.7798 30.1120
128.6524 28.0609
137.0877 31.2038
136.1782 32.7756
137.0795 29.4423
135.4541 30.3320
137.9708 30.9186
135.5175 31.0121
135.8216 32.9683
131.1026 30.0879
131.3043 29.9668
138.4495 30.3875
131.7938 30.3028
133.4898 32.6454
135.8095 33.0147
137.2248 31.1879
137.4040 30.2463
137.7132 30.7954
132.7031 32.5780
131.3146 30.4101
136.4197 32.6645
137.1965 31.6346
136.6049 30.5857
129.0245 28.8462
137.7255 29.1261
137.8863 30.3188
136.6641 30.8615
136.4134 31.8674
137.6126 29.6788
135.6577 29.5591
136.9378 30.3607
136.6700 31.7558
136.9597 33.3570
135.6386 31.0683
137.3627 30.5104
137.6650 30.1726
136.5235 32.0516
137.5468 31.2253
132.9021 32.6323
135.2706 30.8748
129.6219 27.7162
136.3311 32.2116
136.3846 30.8333
136.4953 32.5207
137.7758 28.9091
136.5133 32.0504
137.2386 29.1166
137.5240 31.4280
131.3871 29.9266
130.9084 29.7728
137.3108 30.9216
135.2322 29.7960
135.9887 32.4119
135.2868 30.5155
137.2024 31.6023
137.7331 29.5873
136.5718 28.5459
137.0589 31.8616
131.6328 30.1190
131.7734 31.0126
137.2332 31.4686
135.5574 30.2324
137.2581 30.4231
138.1573 30.3262
138.0210 30.5158
131.2683 30.1973
137.4329 31.4206
135.9061 32.2060
131.3219 30.5286
136.5379 30.6781
137.8637 30.5111
135.4387 31.0574
136.8167 30.0574
137.0563 30.2004
135.8755 32.7061
135.7945 28.9243
137.1425 29.8442
131.7517 30.7020
135.8464 29.6347
137.5064 28.7490
136.7496 31.9498
136.3938 30.8741
137.8364 30.5720
137.1097 29.1591
136.7882 30.1991
131.4528 29.9058
135.7956 32.5745
131.3677 30.1033
128.7645 28.0220
137.9252 30.6249
137.5879 29.4049
128.8544 29.0480
135.9597 32.2519
136.1966 30.9438
138.0501 29.6111
135.9915 33.0011
138.1455 30.3301
136.5726 30.1311
135.8091 31.0976
137.3158 30.6491
131.7039 29.9548
137.7792 30.5669
136.0751 29.4984
137.0562 32.1572
135.5115 30.4414
136.5961 30.2689
137.6522 30.0679
135.1453 30.9276
131.1639 29.9545
135.8499 31.1289
137.7809 30.3212
137.2583 33.8141
134.2909 32.3824
137.6884 31.8868
137.6783 31.7042
136.6604 32.1802
136.6800 30.6172
136.8295 30.9386
131.7194 30.5846
131.1994 30.3359
137.9289 30.0295
136.9226 32.3242
137.8218 28.9268
136.9237 30.5907
135.3517 31.1065
138.0421 29.5378
132.0818 31.5388
131.0010 29.8786
131.0942 29.8767
135.6037 32.7399
129.7899 27.5620
136.9562 31.8471
137.6599 31.1990
136.3887 30.9480
133.8116 32.4546
138.1635 29.5719
136.7375 31.7160
137.8672 30.1527
135.5605 31.2223
137.2887 29.0497
136.0976 30.9798
132.6979 30.7422
136.1644 32.9895
136.0183 32.1092
136.9331 31.6444
131.1628 30.0783
137.0021 31.3819
136.7767 30.4233
136.4707 28.5914
136.3131 30.3847
137.0549 32.1560
136.2642 32.1919
131.5447 30.0696
131.5490 29.9688
131.3295 30.0686
138.3775 30.2490
131.1173 29.8864
136.0285 32.2104
131.4208 30.4871
131.6366 30.8048
129.0076 27.9189
131.4641 30.2034
135.3933 29.8848
131.3495 30.0339
136.6772 31.7639
136.4839 29.9232
131.0599 29.8911
137.4791 29.6567
138.0968 29.7778
137.3848 32.7611
136.1383 32.6611
131.2424 30.3185
136.8691 32.4092
131.0905 30.1451
138.0502 30.0315
137.3795 29.4334
135.7958 29.6714
136.3061 32.9104
131.1514 30.2528
137.5027 29.6013
134.8412 31.0442
131.1800 30.2837
130.3572 28.2154
137.0960 31.7239
135.9939 32.7901
135.8033 32.9814
135.8520 31.1494
137.4641 30.9704
136.8477 29.8138
137.0280 32.0391
131.7768 30.9557
133.2278 32.5081
135.5650 30.6132
137.6910 30.3173
131.0403 29.9181
132.5622 31.2631
137.8412 30.0366
135.9514 30.8664
136.9455 32.7680
137.5693 31.8279
129.7119 28.5272
137.1968 29.6257
136.5034 32.2647
136.9442 29.6215
137.8073 30.4649
136.0891 32.7294
137.5624 31.2559
131.8638 31.1970
131.4347 29.9349
137.8123 29.2801
137.4145 30.7150
131.3864 29.8404
137.8659 30.3870
137.9797 29.4799
136.1254 30.9733
134.2055 32.3908
137.5508 29.3518
129.0827 28.0496
138.7265 29.9697
136.7742 30.5472
135.1003 29.7325
137.7008 30.3736
137.7604 29.8201
131.7443 31.0240
137.2757 31.5081
137.2911 31.1983
137.7481 30.6085
131.7837 30.0125
136.9701 31.9490
137.3473 30.2807
135.8985 31.1356
137.8144 30.5414
133.3223 28.6423
137.5928 30.3700
133.9332 32.4375
135.9687 32.4059
134.2034 32.3253
137.2791 31.5781
135.8768 31.0582
137.3125 32.5030
134.6229 29.2527
137.6695 29.5995
136.5807 32.0511
137.0544 32.5314
137.1094 31.1327
135.1934 31.8550
137.7765 30.7381
137.5307 30.2035
131.4266 30.1464
131.5038 30.3920
137.8938 29.9788
128.6407 27.9263
137.5502 32.1396
137.9873 29.2033
136.8858 32.1241
136.4904 30.7105
131.4948 29.9380
134.6539 29.1668
131.3272 30.3616
137.2336 32.8775
131.8205 30.0270
135.6889 31.1930
136.7141 30.4580
132.0733 30.6080
136.8973 30.7430
137.2702 32.8839
136.4962 29.9755
137.2182 30.8856
137.8121 30.4213
131.8948 30.0353
131.4704 30.2965
137.6989 31.1356
137.9505 29.8582
137.4669 31.0743
137.7591 30.2863
137.0045 31.8866
137.1700 31.7593
137.4475 29.3650
135.9711 32.6322
137.3093 31.0957
138.7190 30.1868
131.0314 30.1011
136.9644 31.0491
130.9337 29.9858
135.5262 31.0942
138.1303 29.4408
136.8978 30.6468
136.5306 31.9292
136.7004 30.2727
131.7719 30.3522
137.0793 31.1805
135.9008 29.7726
138.3096 30.7236
136.6060 30.1295
135.8539 31.1271
136.3704 30.7982
135.2408 29.1461
135.9192 32.9549
136.1211 32.2934
137.8549 30.9675
137.2975 33.0660
138.6115 30.2048
137.8496 30.4003
136.6779 30.0785
137.9605 30.1452
135.5958 30.3487
137.2498 30.5752
134.9039 29.4917
135.0047 31.1146
131.5288 31.3873
131.5493 30.1384
137.0902 32.7914
131.2608 30.0676
137.2253 30.9891
131.8509 30.9876
137.3866 31.4889
137.5055 29.4760
131.3918 30.0736
136.8121 31.3321
135.5991 30.5299
135.9348 32.3259
137.8016 30.2777
134.9391 29.4319
137.5079 29.7415
137.4332 32.9805
136.9527 31.5682
131.4281 29.9416
137.6474 30.0444
136.6327 30.2300
135.0624 29.1069
135.0450 31.0590
136.2665 30.2031
129.7513 27.5279
137.4644 31.0320
132.2010 31.1609
137.1348 31.8527
137.0975 29.8397
137.1993 29.9085
137.5385 30.0402
132.1118 31.4493
137.5120 29.4602
135.7784 31.2616
137.5527 31.1038
137.7566 29.4554
137.7059 29.4457
137.4925 30.8413
131.9644 31.2899
135.0191 31.5191
137.9096 30.5418
135.9982 32.6519
135.9424 31.1307
137.1432 31.8537
128.9330 27.9679
135.5554 31.3469
131.5744 29.9698
137.9769 29.8650
136.3035 32.5376
136.7330 30.3469
129.3198 27.6047
137.0284 28.6247
137.0233 31.8473
136.6992 30.4308
135.4285 31.1384
136.9409 31.6510
136.9615 30.2403
137.6355 30.2166
137.0638 31.1715
137.2193 31.5605
137.8854 29.9836
137.9105 30.2011
138.0308 29.3229
135.7981 32.8648
136.8938 29.8003
137.4821 30.3091
136.0786 32.2561
131.3648 30.2452
137.1389 31.4898
128.3342 27.6584
132.4933 31.4900
132.1169 31.4090
137.5063 30.9773
131.5874 30.7855
137.6760 29.5122
130.6594 30.0600
131.1835 29.9309
137.5768 31.2821
137.9006 29.9578
136.6534 31.7845
137.8335 30.1560
136.8997 30.1764
137.3473 30.9904
134.4142 31.0835
130.1903 27.9196
137.4549 33.7294
137.1152 31.4902
131.0809 29.9053
137.2104 30.5499
138.0374 30.3082
136.8248 32.0435
135.8931 29.6651
136.7299 30.4192
135.9006 30.0695
135.3228 31.5624
137.3245 31.0187
135.2435 31.1234
137.2475 28.9303
138.0125 29.8186
136.9143 31.7785
135.5531 31.2637
137.4675 29.7324
136.8291 29.2663
136.7543 30.8971
131.4618 30.7214
135.2227 30.6877
135.4189 29.7586
137.5610 29.8756
136.9920 30.2413
137.8392 30.5421
135.7599 31.1997
135.9091 29.8682
136.9859 33.1029
137.6878 29.9255
131.4145 29.9185
136.8759 31.7034
137.3388 29.5130
131.7764 31.2081
129.1556 27.6839
137.8743 29.6327
136.7147 30.2418
137.2401 31.4617
133.0134 32.6461
131.8846 30.0279
136.4493 30.7840
136.9943 31.9180
136.7748 30.1902
138.0582 29.1247
132.9359 31.1625
137.9545 30.4077
138.1023 29.9393
131.6443 30.3097
132.0660 30.1674
137.3834 31.3539
131.3957 29.9351
136.5266 32.4551
133.7581 31.1674
137.5551 29.7247
134.4865 32.3765
131.3306 30.0220
135.6331 29.5433
137.0820 31.1330
135.8099 31.1943
137.0693 30.9042
135.9995 32.0560
137.3774 33.8582
138.0371 30.0269
138.1801 29.4772
131.4046 30.3814
131.1154 29.8502
131.1857 29.9668
137.6199 30.6573
137.6153 30.3213
137.4856 29.2087
131.2792 30.9780
135.5365 30.0624
136.2358 32.7487
137.2136 33.8523
135.0722 29.6725
138.3989 30.3496
133.9208 32.4754
136.7737 30.2913
131.6502 29.9318
137.0297 29.9295
135.0128 32.0017
137.3911 32.7906
136.0090 29.5895
137.6224 30.4265
137.3952 30.9305
134.7362 29.4213
136.6241 32.6905
128.7269 28.6937
136.2998 32.1195
135.6673 31.2512
137.1483 33.5829
136.5020 28.5778
137.2187 29.5840
137.6925 30.7807
136.9230 29.3722
135.4683 31.3554
137.1644 29.0927
137.5812 33.6182
132.1363 31.9394
137.1715 31.0966
136.7473 29.4978
131.6734 31.2397
136.9193 33.3543
136.1188 31.0964
135.6645 29.6344
137.6974 29.2062
136.8204 32.3964
137.5086 33.2643
137.1333 31.4017
137.4619 33.8870
135.3920 31.1401
137.3727 29.4523
128.5216 27.9905
131.3582 30.0083
137.8643 30.2435
137.1466 29.7370
135.8454 31.2065
136.9348 30.1273
136.6714 30.5737
137.3750 30.0577
137.5788 28.9162
137.9953 29.5038
137.3932 30.9125
137.3737 28.9705
131.3273 30.1474
135.7521 31.1494
137.2455 30.1205
135.9193 29.8600
135.9017 31.2090
136.2589 32.0061
135.8165 31.1445
137.7892 29.9540
134.8311 29.2240
137.3214 29.5411
128.4387 28.3860
136.9846 31.1615
136.2783 32.3320
131.2823 29.8822
131.4497 30.0874
136.8523 30.6471
136.1292 32.5702
137.1763 30.3953
136.2706 32.1762
137.7588 29.4602
129.0718 28.8294
137.1234 30.1067
138.3341 29.7862
137.7395 30.3618
137.4955 30.5728
136.1903 32.4544
137.9645 29.9167
136.5631 31.9513
138.1322 30.0704
131.5560 30.1459
136.7844 30.2922
131.7068 30.4890
132.0356 31.4421
135.3575 29.1804
137.1253 29.8322
131.3458 30.0271
129.8289 27.5919
136.0129 31.1526
137.9690 30.3528
137.5968 30.6373
136.8233 30.1637
137.3555 33.6895
135.8930 31.1262
136.7118 30.0048
136.0129 31.0978
136.8599 30.6294
135.8413 30.2547
138.1602 29.5607
138.0020 29.5707
137.9464 29.4396
129.4301 27.2809
131.0363 29.9838
133.0339 32.4899
136.6842 30.4986
136.5420 30.1313
136.6688 31.9755
137.6277 30.5480
136.1797 32.4151
138.0445 29.9116
131.1019 29.9089
138.1456 30.4343
131.1999 30.1622
135.2974 29.7471
136.2820 30.9795
131.1548 29.9362
131.3360 30.3048
133.7744 32.5152
136.2047 32.5380
137.4696 30.1044
131.4037 30.1253
132.5759 32.3932
137.0779 30.0560
131.2042 30.1791
132.0740 31.0021
131.3050 29.9383
137.8535 29.3981
137.4861 29.9180
135.9973 32.6571
131.8566 30.5710
129.1156 27.7383
137.8799 30.5336
131.7451 30.4232
137.0552 29.2056
137.5495 30.7224
137.3531 30.0342
137.3334 29.7779
131.1402 30.0283
134.8765 30.6118
137.6443 30.6084
136.6940 31.7642
137.6659 29.3080
137.1881 30.4489
137.3999 32.7175
135.2425 31.4429
131.0802 30.1283
135.1007 29.2774
136.0767 32.6927
136.8018 30.3509
136.2643 32.9733
137.9787 29.7042
137.3247 29.1136
136.4460 32.9300
135.5174 32.3941
135.8510 32.0492
135.9357 33.0493
136.5627 32.8627
136.8617 29.9254
132.1921 32.0505
136.7437 32.7246
136.8584 29.7636
136.9577 32.1094
138.0379 33.8787
129.1105 29.1929
135.3264 32.5513
136.8161 33.0924
137.0735 30.7893
137.0321 33.5123
136.2677 33.0794
136.5347 32.3555
136.7437 30.9406
136.5545 31.3944
135.6949 32.8075
134.1202 31.6854
137.3561 30.5938
136.5081 32.9037
132.2971 32.2485
137.0096 31.6772
136.6459 32.5496
137.0901 33.7548
136.7906 31.7502
128.5470 28.7781
136.9584 29.7960
129.4015 28.8280
136.7736 30.5241
136.9037 31.9997
137.0311 29.4161
135.6493 33.0320
137.3619 29.1871
136.7706 30.3233
136.3107 32.1948
137.8900 29.9359
135.6569 32.5257
136.8883 31.2997
136.9900 32.1173
136.0054 32.9460
136.6805 32.6825
136.8958 29.8839
137.5457 29.5698
129.3001 29.1822
137.8419 29.2931
137.5058 32.2086
136.9858 30.9449
129.4621 29.3591
136.8669 29.9243
135.7502 33.1243
136.1494 32.5909
136.9818 29.9963
131.8988 31.5623
135.4951 32.7593
135.5419 32.8214
137.8951 29.4073
136.5144 32.6292
129.1855 29.1930
137.8869 29.7892
137.9772 34.1268
135.7321 32.8330
136.8279 29.8404
137.1709 29.1754
138.1955 34.0302
136.9427 31.5010
131.8233 31.5036
136.6408 30.6377
136.1104 33.0485
137.2976 29.7645
136.8943 33.2361
128.7934 28.1714
136.6626 30.8707
137.5058 32.6619
136.6576 32.9278
137.3621 33.9762
135.6734 32.6974
137.8543 34.1291
137.5876 29.1728
137.2834 33.8798
137.4261 29.6048
137.7173 34.1412
136.8700 30.0562
135.9620 31.8181
136.8965 29.9157
137.7198 33.7449
136.7577 30.7703
136.1465 32.2727
137.0409 33.2048
135.7148 33.0421
137.2192 33.3577
136.7291 30.4754
135.9348 32.7181
136.1364 33.2234
137.6662 29.2525
137.0171 33.4323
136.7164 30.5944
135.7412 33.1017
137.0119 31.3541
136.8906 32.9764
136.7089 29.7967
136.2602 31.7664
135.2726 32.7033
136.2850 33.0995
135.8954 32.5137
137.5903 33.0493
137.2408 29.7161
136.8074 30.2293
137.1293 29.2979
137.5564 34.0962
136.7627 32.8937
135.6242 33.0258
136.1592 32.8229
136.6951 32.7320
135.5314 32.9526
135.6630 33.0589
136.8291 32.6566
135.6173 33.0919
131.4435 30.7881
136.4481 32.7968
136.7406 32.3184
136.1808 33.1824
135.7444 32.9889
137.8177 33.7190
137.7252 33.4909
135.6046 32.6524
136.7354 31.2264
135.9372 33.1807
136.3490 32.9880
136.1862 33.1141
135.7402 33.0496
136.0826 33.2647
135.9506 33.0683
131.5701 31.1099
136.4276 32.7581
137.3363 33.8545
137.3483 29.9261
136.4202 32.7160
136.9275 33.0337
136.9989 32.9480
137.2138 30.7167
136.0742 33.1648
136.8490 32.8113
137.4925 32.7446
135.6542 32.6720
129.2518 29.1902
136.4390 33.1003
136.8430 32.8741
136.7070 32.5945
136.9742 33.1324
136.0804 32.2799
135.6362 32.8001
137.1217 30.6306
136.3707 33.0906
136.4122 32.8598
135.6429 32.9996
136.8673 33.1825
136.5061 32.6126
136.2847 33.0591
135.1805 32.7317
137.2773 30.0794
136.6823 32.9641
137.0637 33.4441
136.7146 30.9735
136.7401 32.7805
136.0418 33.0963
135.6204 32.9325
136.8521 32.7549
135.7661 32.0185
135.6445 32.9532
132.0172 31.5933
136.6899 32.7057
137.1052 33.7200
136.2856 33.1679
135.9923 32.2169
136.2803 32.8432
136.7219 32.4236
135.6855 31.1378
136.8816 29.9257
131.4550 30.8572
135.7850 32.9015
136.9460 33.1892
135.3515 32.5906
135.7846 33.0425
137.1320 30.4202
136.6788 32.6215
136.7592 33.0388
136.9793 29.6571
135.2351 32.5828
136.5762 32.2836
136.3188 33.0794
136.3922 32.9230
135.8981 33.0990
136.6191 32.7965
135.4256 32.8529
136.7130 32.7429
135.4529 32.7531
136.7455 30.9452
136.1490 33.0636
137.1435 30.5792
129.6509 28.5892
128.8048 28.0479
137.1642 30.6557
137.1264 30.7798
129.6531 28.6353
136.3745 32.8320
135.5771 33.0267
136.1151 33.2075
136.7433 30.9955
136.8795 33.3243
136.1149 33.1175
135.9331 33.1435
136.7250 31.2123
136.9951 33.3965
132.3685 32.2675
135.4930 32.6001
136.9277 33.0706
137.1488 33.4893
136.2248 31.6186
136.5289 32.7342
135.3957 32.6633
136.2476 32.5918
129.0836 28.7907
135.4333 32.7046
131.7618 31.2393
135.4254 32.7565
136.4050 32.8608
136.0678 33.1666
136.1530 31.6882
136.2297 33.0607
136.1985 33.1057
136.3261 32.9896
136.7044 32.5292
135.5833 32.8559
137.7585 29.1805
136.2940 31.5398
135.4373 31.0561
137.0501 32.1224
137.3244 31.4696
136.5806 32.6339
131.6912 31.0689
136.7254 32.6076
136.3943 31.0407
136.9150 31.2963
137.9434 34.1170
136.6766 29.7232
136.9825 32.4714
136.4040 32.2085
135.7565 29.2936
135.1033 29.3838
134.6169 32.3463
128.3205 28.4142
136.3086 31.4735
135.6604 30.9835
128.6823 28.2527
129.4299 28.8719
129.4827 29.6154
138.5393 30.2895
136.6185 29.4164
137.1195 30.5646
134.3989 32.4500
137.1761 33.1793
136.9070 31.8505
131.6227 30.8591
135.3939 31.4545
137.1015 33.1066
137.7988 30.1071
129.1974 28.3432
135.4220 32.7101
136.5795 33.0613
131.2844 28.6956
135.8150 32.5359
136.1876 32.6399
137.6775 30.4095
136.2870 32.4112
136.6583 30.3569
135.9307 32.0814
137.6133 29.5137
131.3368 29.7281
137.0388 32.1896
136.8675 32.9160
136.5233 30.7302
133.4230 31.9409
136.1681 31.9232
126.6998 31.6934
129.9012 27.9482
136.8978 29.3159
128.9947 28.4832
136.0696 32.3389
137.5527 29.0957
137.9420 33.8689
137.1868 30.9688
136.4053 30.9590
136.9398 31.9346
137.7314 30.6721
137.1684 31.8350
138.0638 33.9109
136.2012 30.2140
137.1061 33.5127
136.7831 31.7287
131.4114 30.9008
135.7475 32.9353
135.2229 31.0694
137.3200 31.7471
134.6799 32.8298
136.3375 32.9545
133.1123 31.3190
137.2635 30.5298
136.9109 32.3932
137.0091 33.1459
136.9280 29.4811
137.5440 30.6483
136.7827 32.5056
136.0266 31.2015
136.5434 32.9171
136.5575 30.0872
136.9571 31.3898
136.0484 33.1628
132.5361 29.5488
137.9679 33.9182
131.3427 31.1859
136.4385 30.7990
135.2446 32.6483
135.2886 30.7950
130.9693 30.4140
135.8440 31.2062
136.0069 32.9673
129.9705 28.4615
135.8338 30.7856
137.3699 30.9936
136.0116 30.5846
135.6335 32.4625
129.3153 28.9126
135.8823 32.0296
136.7554 30.5658
137.5253 29.6773
137.0453 30.8582
135.8453 31.2739
138.5193 30.0128
136.7139 30.8300
129.8494 28.5562
136.4404 30.7899
135.7331 29.3153
136.2073 33.0146
136.9049 29.7030
132.1513 32.3094
135.5068 32.4987
136.1721 31.7868
137.3913 32.9803
137.2674 29.0091
136.9218 31.2311
133.8650 32.4571
137.8738 29.9084
129.4265 28.8206
136.7638 32.8480
137.4225 33.8138
135.8915 32.6666
137.3385 30.1666
135.2682 31.4831
135.3776 29.1579
137.9081 30.1520
136.6030 32.8263
137.4613 29.4001
136.6169 30.3062
137.6506 31.2126
138.6750 30.2629
136.1257 32.9593
131.4723 29.8938
135.9395 31.1028
137.5907 29.5903
134.3342 32.2654
136.1605 32.9773
132.1680 32.1303
132.3206 32.2038
136.1446 31.0514
137.3772 31.8619
131.6063 29.9381
136.9178 32.1996
136.0042 32.3051
137.8852 30.3188
136.6510 31.8220
138.1761 29.8692
128.8640 27.9895
136.8121 31.2008
136.9950 30.9538
135.5470 30.2987
137.3229 30.0558
135.7287 29.7658
137.1121 29.7961
135.9811 32.5082
138.0529 33.9233
135.6388 32.9897
137.6785 30.3634
137.3674 32.8195
137.8075 29.6423
137.7680 29.3206
131.2801 30.0374
136.6588 32.7096
137.6367 30.5435
136.1762 33.0292
137.3255 33.1842
136.6563 32.6437
137.1605 33.3930
136.5331 29.8378
136.7784 30.7167
136.9756 29.9740
135.3169 31.2523
136.7601 29.9071
137.5558 34.1112
136.0315 32.8245
136.6243 31.6466
131.3425 30.4084
136.0338 32.3068
128.7854 28.1041
134.7408 30.8153
136.7323 30.3160
135.7575 29.5263
131.2883 30.1027
137.6457 29.0021
136.9301 31.2814
136.7372 32.9818
138.0637 30.4359
137.2707 30.9386
136.3875 32.6112
137.6869 31.8146
136.1585 32.0391
129.0318 28.8398
136.5774 32.3879
137.3390 30.4624
135.6543 31.4733
137.6237 29.7101
137.9094 29.8739
137.1918 30.0371
135.4361 30.3728
135.4983 30.3674
136.9885 30.0630
137.9379 29.7593
131.2051 30.0694
131.7242 31.2853
137.3570 30.1707
137.6566 29.7301
136.9515 30.0720
138.7533 29.9689
137.1876 31.5674
137.5373 30.4026
135.5354 29.9791
136.4620 32.4885
129.0047 29.0382
137.0269 33.4635
137.0132 31.0292
132.4752 32.3634
131.2445 29.9772
138.1046 30.1631
135.6803 32.7868
135.7812 29.9310
136.5132 30.7645
137.1173 31.8046
136.7615 31.0095
137.9115 29.9954
135.3092 31.2553
137.4050 29.4087
136.3379 32.8081
136.4558 32.8218
136.0547 32.8085
135.8855 29.4750
136.3421 32.0606
136.0641 31.0608
131.5596 29.9647
136.2020 33.0119
136.0173 31.1078
137.1112 29.7734
136.9831 30.6684
137.8981 29.9186
137.5743 30.1328
136.1326 32.2737
134.1194 32.3746
137.4797 33.5048
131.4618 30.0307
136.8732 32.9431
130.4277 28.0516
137.6620 30.2642
136.1593 32.3513
137.6458 33.8455
137.0759 33.2190
136.6108 32.6054
135.8172 30.2029
135.6209 30.5713
137.2140 29.0544
131.4732 30.2741
134.9777 30.7325
137.5758 29.2983
137.4066 30.1292
131.2433 29.9457
137.7031 29.8112
136.6669 31.8821
136.2522 32.4866
138.0958 29.3108
131.7542 30.1166
136.1554 32.3429
137.1943 30.3974
137.2889 30.9157
137.3682 31.1908
137.2290 30.1803
136.3314 30.9345
137.0639 29.7684
137.7976 29.5931
132.1408 31.4294
137.3492 33.8171
137.7618 30.0716
137.4634 32.4310
136.7130 30.3786
131.2071 29.9795
131.1628 30.2247
136.1894 32.3610
136.9103 30.1969
137.8302 30.0637
137.8515 30.0626
137.9524 29.3328
136.5019 29.9598
131.6187 30.1820
136.5475 30.6235
136.3009 32.2638
137.0275 32.5453
136.1573 32.8330
131.2890 29.8787
137.2222 29.9137
136.1658 31.0066
131.9268 30.5957
136.1026 33.0326
129.6706 28.5995
135.5029 30.5337
137.2713 29.5735
136.1793 32.3021
135.4542 31.1498
136.6709 30.4595
134.7036 31.2097
137.7894 34.0483
137.8600 30.4352
136.9475 30.1325
134.8265 30.7140
137.4531 29.3851
128.8098 27.9446
131.5915 30.1714
128.8471 28.0596
137.8967 29.7558
137.3324 29.5243
137.8833 30.4991
136.7803 31.4066
135.3731 31.3034
136.8212 31.5775
136.8063 29.9972
136.0862 32.3433
136.3056 30.1627
136.3977 32.1456
135.7437 30.2662
136.1253 32.2641
132.0086 31.2154
137.4948 31.3328
137.6689 29.3022
137.8293 29.5282
128.9944 27.8262
137.7298 30.5602
137.7376 30.2258
129.8618 27.6277
138.0832 30.0994
137.4265 29.8040
137.1487 31.5336
137.3856 30.3737
136.3636 30.9310
137.4902 29.9442
138.8542 29.8815
137.6231 30.1029
135.2274 31.6699
131.7624 31.1994
137.8625 29.7334
137.7271 30.4090
137.5246 29.9847
137.0856 31.1267
135.2136 31.1325
137.4133 30.1488
128.8570 28.7568
135.4028 30.6426
136.7278 31.6615
137.6264 31.3323
136.4140 32.1841
134.9256 29.2283
134.7126 29.1255
136.0202 32.0704
131.5571 30.4440
128.6949 28.7109
136.5564 30.6346
136.6908 30.4244
135.8299 29.9734
137.7184 30.1790
131.0409 29.8319
138.3948 29.8675
131.9572 31.3186
137.2129 30.4580
129.1468 27.6573
136.7823 30.3704
135.0622 31.4954
129.0757 27.9136
137.0738 33.1759
136.7864 32.9814
136.8766 29.9397
129.0243 28.0722
138.1359 29.9384
136.3486 30.8645
138.0133 30.2556
131.6746 30.9431
136.4496 32.4393
128.8123 28.7325
137.4700 32.8747
135.3328 30.8666
136.1957 30.9112
131.4732 30.6872
136.8185 30.2215
136.2251 32.7935
136.0593 32.3903
136.0051 32.7067
136.7534 32.1229
136.5946 32.2885
136.8941 31.5679
135.9800 32.6543
135.9028 31.0651
136.5888 32.4908
137.0022 29.9140
135.1768 30.7257
135.7958 29.6230
136.0246 29.8191
133.5798 32.6465
136.0883 33.0615
128.7139 28.2443
135.9138 32.7901
131.3144 30.3601
128.8170 28.1712
132.1931 31.7257
136.1040 32.7060
136.8438 30.1528
136.4267 30.6989
137.5335 34.0126
132.9888 29.3947
131.3127 30.1529
136.3942 30.8115
135.5570 32.6557
132.2042 31.9379
135.8742 32.9720
137.0464 33.0851
136.9036 31.7043
136.4388 32.6158
136.4622 32.0525
129.4556 28.8291
132.2572 32.1902
136.7951 31.6747
128.8377 28.7418
136.3628 32.6197
136.7911 30.5142
135.8651 32.8646
136.1525 32.8698
129.2414 27.8098
137.1680 30.3873
133.4935 32.5407
136.8551 32.7889
131.3139 30.1087
135.5145 31.6060
137.6396 29.3747
137.9409 30.0564
131.5779 30.7249
134.8774 31.0177
128.8076 28.1166
136.6915 32.8269
131.3885 30.4008
137.4414 33.3112
129.1132 28.7639
133.6770 29.7665
136.2755 31.0342
138.0251 29.5348
136.0861 31.0277
136.6100 32.4749
137.2558 30.4703
136.4419 30.8124
136.3489 32.5088
131.7731 31.5941
131.3958 30.8363
136.8022 30.4117
135.7369 32.9851
135.8529 31.4042
136.7673 30.6750
137.8555 33.7040
136.9075 29.7246
135.9145 32.7515
136.7687 30.7206
132.1644 32.0007
137.4768 29.9561
135.7939 29.5232
131.4224 30.4618
137.8967 30.0084
136.3480 30.9328
136.7773 30.6765
136.9683 30.0467
136.2679 33.0257
133.6105 32.4529
136.7792 30.5985
135.8389 33.0826
136.7059 32.7888
136.9035 30.7479
137.3622 29.5148
137.2608 30.9532
132.0027 32.1185
136.4805 30.7323
135.7311 32.6192
135.9113 32.6422
131.2809 29.9579
136.5046 32.7221
133.1311 32.5083
131.1815 30.1065
131.4256 29.9635
135.4752 30.7236
135.3993 29.6455
135.6868 31.4473
131.3647 30.5498
136.5493 32.6045
136.4016 32.7526
131.4245 30.2732
136.8577 30.1685
135.9481 32.4380
137.1431 29.5755
136.8059 30.3599
135.3772 32.6290
135.4225 33.2298
135.4483 32.5488
136.7589 30.7130
136.4549 32.8390
137.1527 30.3067
135.8603 33.2350
136.8070 30.4166
135.8711 33.2956
136.7134 31.1858
136.7052 31.0811
136.5526 31.8111
136.7783 32.7716
136.7217 31.2855
136.8519 33.2397
136.6082 31.6698
137.6018 33.1210
136.7451 31.0413
135.6583 32.2220
136.7573 30.9937
136.6087 32.9428
136.9032 29.9806
136.2742 33.0494
137.2605 30.1687
135.8153 32.5841
137.2144 29.8090
136.7143 31.1274
135.0611 33.0553
136.7094 31.2491
135.5523 33.1314
136.2443 33.3676
136.7122 31.2890
135.7130 32.5137
136.6696 32.7497
136.6708 31.1321
136.6846 32.5728
137.1727 30.0482
137.0230 29.6799
135.9072 33.0871
136.0949 32.4390
137.5727 32.0808
135.9652 32.3314
137.2729 30.3715
137.1149 29.9394
136.4684 33.3679
137.2485 30.3350
136.6469 31.5141
136.7912 30.5889
137.2726 30.4520
136.7584 30.8990
136.6806 31.0210
136.6907 31.2274
136.2860 33.1733
137.1538 30.5483
137.4117 29.7392
135.9163 33.0670
136.6661 32.7371
137.0301 30.2706
137.0870 30.7062
137.2787 30.0684
137.3691 33.9882
136.6826 31.3408
135.4874 32.2721
135.8724 33.0842
137.1229 29.6288
136.9984 33.2488
136.6336 31.3759
137.3895 30.1638
137.4790 30.2921
135.0669 32.8871
135.6497 32.1048
136.8896 30.3904
136.7437 30.8804
135.6903 32.2590
136.7536 31.0307
136.7369 33.0301
137.5177 29.7732
135.6096 32.1676
136.7067 31.0298
136.6843 31.4390
135.8907 33.1178
136.9251 30.4662
136.6506 31.3938
136.4686 32.1476
137.0990 30.1954
136.3926 32.9357
135.9833 32.0902
135.6410 32.9745
136.6556 31.4249
136.3576 33.4486
136.6776 31.0550
135.7149 33.1218
136.8457 33.2833
136.7581 31.0659
136.9440 33.5205
136.2601 33.0839
137.3940 29.7659
136.9276 33.0691
137.2791 30.1896
137.2466 33.8897
136.6804 31.5233
137.3236 33.8841
136.6790 31.4401
136.6339 31.1817
136.7470 31.2305
135.6276 32.2787
136.7710 30.7678
135.9572 32.7161
136.1180 33.1310
136.2185 32.9593
137.2597 33.9159
135.9152 31.9976
135.6128 32.1589
136.8059 32.8167
135.7047 32.1127
136.9499 33.5209
136.7813 30.6544
135.9898 31.7745
137.0251 33.6408
135.9444 32.5923
137.3228 30.0956
136.7939 32.7763
137.3292 33.8432
136.6682 31.2546
136.5092 32.7588
136.6937 31.1540
136.7406 30.9159
137.4625 29.7504
137.5152 29.3863
136.6987 31.0849
137.2173 29.9534
137.1589 30.4771
137.5028 29.3676
136.2732 32.9997
135.8023 33.1221
135.6435 32.2382
135.2103 32.9546
136.6492 31.1227
136.9975 33.2570
136.1045 32.5020
136.4567 32.9913
136.7546 31.0716
135.9541 32.9485
136.8918 30.5023
138.2113 33.9649
136.6776 31.3200
135.5899 32.3636
136.1722 32.6053
135.6612 32.4050
135.2943 33.2013
137.3703 29.4229
135.9883 32.4723
136.3787 33.1786
135.6800 32.1171
137.2542 33.8998
137.1070 29.5978
137.2332 30.3485
137.1125 30.3337
136.7767 30.8477
130.6979 29.9835
136.8576 32.9930
136.7309 31.2575
136.6088 31.6658
136.5198 32.7301
136.6147 32.9349
136.7543 31.0357
136.9121 30.5957
137.1285 29.5524
137.2100 33.7514
136.0479 33.4466
136.7168 33.0024
135.3981 32.4595
137.5146 29.5318
136.7972 30.4393
136.5077 33.5331
136.7523 30.9568
136.7828 32.8672
135.7585 32.9274
136.8621 33.0892
135.6158 32.4772
136.9787 29.7580
135.6675 32.2481
135.3156 32.4365
136.6913 31.4269
137.0578 30.1146
135.8110 31.9016
135.7535 32.0199
137.0302 29.6670
137.5311 29.6684
136.9158 33.0340
136.4427 32.6921
135.1938 32.8903
136.6633 31.4562
136.7502 32.9740
135.7414 32.6999
135.9616 33.1039
135.7044 32.2388
136.6968 31.0781
137.1826 33.5796
137.1009 29.6489
136.4004 32.9754
136.9161 33.2918
135.8143 31.9992
136.9555 29.8067
135.2909 33.0958
135.8882 32.0724
135.9353 32.7277
136.3110 32.8693
136.0203 33.1341
135.9783 32.8186
137.1948 30.5095
136.3534 32.9777
136.7001 30.9457
137.2126 33.7036
136.7163 31.1932
136.7362 32.9211
135.5409 32.4785
136.4859 32.9680
137.1103 30.3203
135.6753 32.3864
136.5589 32.6698
136.6473 31.1821
135.6779 32.4059
136.5457 33.5697
136.9066 29.9617
137.4815 29.7687
137.6446 29.7932
135.5978 32.3409
136.7104 31.3669
136.6747 31.0410
135.2625 33.1704
137.1198 30.1038
137.0624 33.3974
136.5739 32.9709
136.3897 32.4903
136.6812 31.3650
135.7094 32.0492
135.8687 31.8857
136.6467 31.0094
137.1124 30.5957
137.0693 30.6844
136.7086 31.3237
137.2050 30.1922
136.7328 31.0356
136.3230 32.9951
136.6870 30.9839
136.1400 31.6521
137.3431 30.6236
136.4263 32.7487
136.7031 31.1019
137.1122 30.4722
136.0536 33.2286
135.7205 32.5303
137.2536 30.2375
137.2191 30.1348
137.3409 29.8983
136.9648 33.2848
135.2312 32.9174
136.3424 33.1716
137.1320 30.4074
137.2193 30.3156
136.7145 31.0276
136.0672 33.2187
136.4639 32.1871
135.6517 32.2758
136.7104 31.1100
136.7029 31.3244
136.1592 32.7251
137.2204 33.7781
136.7383 32.7165
136.7381 31.0830
137.0500 33.5837
137.6981 29.4135
135.9209 31.9790
135.3902 32.3699
137.3801 30.2800
137.1316 30.3598
136.1320 32.8283
135.6988 32.9032
136.7434 30.9125
137.2928 33.7834
135.8759 32.2371
136.8728 32.9150
136.7131 32.6300
137.6086 29.3374
137.2263 30.4865
137.1765 33.6939
136.7448 31.0949
135.3441 32.9265
136.6451 31.5364
136.6620 31.5599
136.6984 31.3211
137.0431 33.3311
135.6875 32.3488
136.6915 31.2555
135.6743 33.1088
135.3615 32.9841
136.7916 30.5153
136.7227 31.2205
137.1382 33.7296
137.3179 30.5811
137.1407 30.4949
137.4782 29.3803
137.3839 30.4158
136.9284 29.9061
135.6525 32.2117
135.8449 32.7664
136.6763 31.5368
136.6518 31.4949
135.8046 32.0394
136.6705 31.1334
135.9866 32.2429
137.1873 30.7229
137.3580 30.2036
135.6767 32.8783
136.7713 32.7953
136.3837 32.2105
136.0073 31.7462
136.6675 31.3054
137.4377 29.3798
136.4825 33.0694
137.5087 29.3713
137.3647 30.0112
136.7532 30.8662
136.6939 31.4306
136.1795 33.2806
136.7550 31.0388
135.9694 32.1722
136.6569 30.9390
135.7198 32.2289
135.2819 33.0616
137.1983 30.3152
135.9534 32.1373
135.7857 32.9666
135.7128 32.9443
136.9348 33.1207
137.1512 30.5665
136.7093 31.1471
137.4707 29.5549
135.4369 32.8571
136.0503 31.7402
136.6979 31.3105
137.1705 30.4825
137.4300 30.2559
137.4346 29.3661
135.7101 32.4361
136.6995 31.3234
135.7548 32.7668
137.6161 29.8891
137.0232 30.0129
128.5097 28.4364
136.3285 33.4345
136.5501 30.3803
137.2001 31.7239
133.0709 30.9769
136.6073 28.6029
136.7797 32.6036
129.1192 29.2606
137.1187 29.3569
137.6006 34.1037
137.4815 31.4401
134.3074 31.9420
136.6447 30.7793
128.8025 28.1392
135.9609 32.7511
137.1107 31.7750
136.5535 32.5716
135.4335 31.2682
136.4776 31.1744
131.5497 30.4678
136.0192 32.2782
137.8507 30.7929
137.0932 31.9893
136.1669 31.1835
131.1861 29.8991
132.2283 31.0190
131.6084 29.6405
136.1670 30.9983
133.3775 28.9607
131.8093 30.3013
130.9055 30.1034
132.2735 30.1725
135.1437 31.3958
137.1025 33.4640
135.8575 29.5420
136.3410 30.8695
136.6796 30.2258
136.4937 31.6603
137.9640 30.4628
134.2606 32.4059
137.6833 30.0569
131.0543 30.8465
138.2140 29.5855
137.2186 29.6773
136.4690 32.0664
137.1819 32.9344
128.5150 27.9793
137.2238 32.8832
137.4099 30.1490
137.5893 30.7610
137.2471 33.6519
137.3356 29.0432
135.5761 32.3044
132.0104 32.1551
137.3493 30.6317
136.8854 30.5213
127.7321 30.3545
136.9613 33.6761
137.8470 33.6541
136.2732 29.2692
138.0411 30.4061
129.1198 28.7587
135.8627 30.9186
137.3379 30.9685
137.1637 29.1938
137.8815 30.6396
136.9214 29.8349
138.4403 30.3538
137.3635 31.6229
137.1316 29.3821
136.8426 30.1010
136.0607 33.0415
131.8836 30.9534
136.9465 33.6927
137.0974 29.4992
137.3455 28.8015
134.4742 29.1890
137.9776 29.6157
131.0005 29.4912
135.9689 30.0946
136.8886 33.0992
135.6837 32.5721
131.3416 30.0525
137.8516 34.0521
137.3802 29.1063
135.9817 30.3651
136.0456 32.6624
136.0820 31.0434
138.0355 29.8112
136.9724 30.2263
135.7120 29.7655
137.2231 31.9743
129.4256 29.0325
128.8017 28.0151
137.8629 30.2005
135.9118 30.7464
137.9808 29.2396
131.3428 31.2027
137.4342 30.6498
132.0495 31.6015
134.9474 33.1557
129.2576 29.0813
136.7183 30.0385
131.0557 30.9846
136.4083 31.4092
136.8677 32.8175
132.2283 32.1626
128.8325 28.3768
137.0321 31.7686
131.6457 30.5891
131.1071 30.3552
138.1102 29.9376
137.1947 30.0996
137.4193 31.0485
136.7688 30.6991
131.3404 28.8493
135.8903 30.0336
137.3426 29.0705
132.2158 31.9425
137.4945 31.1184
131.1217 30.1693
136.8135 31.8209
137.1847 32.0508
137.1393 31.5168
136.1145 32.4315
137.3979 30.2354
135.7423 31.2629
131.5839 30.6132
137.2796 31.6625
136.8375 31.5047
137.1599 30.1674
137.2558 31.1877
131.1058 28.6221
135.7184 30.5546
137.0522 31.9370
133.2298 32.6017
135.8712 31.1840
137.5743 29.5217
137.7302 30.7385
128.6267 28.0166
135.0296 31.0095
136.9345 32.0178
136.0442 32.7559
135.3569 31.0734
129.1797 28.6553
138.2234 29.9535
136.0542 32.5450
136.1050 31.1137
131.6402 31.1220
132.9247 32.3833
136.8349 30.2951
137.6596 30.9936
131.4388 29.8734
129.0979 29.4449
137.6698 29.2359
137.4987 29.4280
131.7328 30.3860
134.1724 32.5349
136.1509 30.9272
137.3756 29.9852
131.9976 30.9480
128.5571 28.7602
136.7399 30.5421
133.5135 32.0403
138.0152 29.3193
129.1710 28.7643
137.0018 30.0509
136.6896 29.6773
131.2148 30.1018
136.7950 30.4321
138.2346 29.9550
138.5611 29.6908
137.2918 31.2968
136.6905 30.3600
137.1422 30.4110
136.4950 30.7674
136.9789 29.2307
136.7743 30.2758
136.2092 32.8760
133.8634 31.4681
136.1073 31.0564
137.1772 32.0849
136.2444 31.0830
136.5618 30.4152
131.4054 31.1268
136.1012 30.9607
136.3380 32.1556
137.4020 29.5018
137.1468 30.6905
137.2805 29.7606
136.6544 30.2344
135.5038 30.9500
128.4755 28.1394
137.0859 30.8977
137.1682 31.9895
131.1806 30.0625
137.4938 30.6941
128.7495 28.7571
135.2489 31.9201
135.9084 30.2368
137.0370 32.3310
136.7722 30.8483
136.5145 31.2891
135.6932 31.2091
136.2483 32.7028
135.8767 30.9800
136.9827 30.0373
128.5522 28.7717
136.8695 29.9365
136.3843 30.2278
136.2180 32.6179
129.6633 27.6753
130.9748 30.3182
135.8576 32.7489
131.4860 30.4421
136.5537 32.2237
137.4912 30.5938
136.6257 32.6543
136.9126 30.9385
132.0085 31.5688
129.3676 29.4353
137.0799 30.6956
137.4442 31.9130
136.9174 30.4996
136.7563 30.7659
137.3473 29.9978
131.4498 30.5310
136.6504 33.0449
136.9023 33.1768
137.2928 31.1914
129.0776 27.8859
137.2074 30.9113
136.9079 29.7341
136.1385 31.6545
137.2474 29.1412
128.9237 29.2701
129.2861 28.8288
134.3508 32.2091
136.1068 32.2825
136.8521 33.0102
137.1979 31.3025
136.6502 30.6468
136.4041 30.6995
136.2705 30.8894
135.3770 32.8471
137.7745 33.7421
137.4849 29.0688
138.0463 34.0226
136.6213 30.5475
137.6152 30.7602
135.9258 31.8248
133.5425 32.6498
136.8657 32.7631
137.0292 33.0353
134.2378 32.5535
136.0370 31.0490
136.0505 29.3156
136.7173 32.6816
136.8309 29.9204
137.2151 29.1010
135.4280 32.8129
132.5209 32.3947
136.0915 32.9955
131.6858 31.3841
136.0886 32.4647
136.9141 32.2851
137.4594 30.7808
136.8141 31.9800
136.8949 32.1630
136.5869 30.4442
136.7442 29.7900
136.7383 30.3351
133.9369 32.5714
132.4626 30.5124
137.0416 29.6008
137.4536 29.1772
137.4390 30.7894
138.0763 29.9709
137.0746 31.9120
131.5222 30.4402
136.7879 30.7348
128.9728 27.9638
135.4976 31.4840
137.1810 30.7353
131.9285 31.2988
137.1831 30.2356
137.5481 29.5183
128.3953 28.2156
129.9506 27.8103
128.2494 28.3960
136.8815 29.7044
136.1918 30.9272
136.8310 31.7860
137.2503 29.1375
135.3822 32.4246
129.6137 30.8421
128.8952 28.6798
136.3960 32.8660
129.8596 27.7316
137.5787 30.7370
136.7250 29.8315
135.8272 32.4067
137.0913 30.0909
137.1320 33.6889
133.9652 32.4930
131.2815 30.3273
135.8246 32.5206
136.3566 29.3695
132.6606 29.6088
137.7321 30.7958
136.3494 32.3005
136.6036 30.8718
137.4135 33.5103
136.5583 29.9401
136.5845 31.6579
135.8122 32.5509
137.0141 29.3451
136.1386 31.0387
137.0966 30.8433
129.5868 30.8124
131.3184 30.3206
136.3395 32.6568
129.7094 27.7709
131.4668 29.9263
130.0347 27.9566
136.6834 30.3569
137.0543 30.1426
129.2153 28.6694
136.7565 32.9687
137.1112 33.6828
136.7342 33.1488
135.5784 31.2826
136.3072 32.7214
136.7316 30.9049
137.2137 33.7916
135.7295 33.0218
135.5877 32.9268
137.0363 30.8332
135.9649 33.1267
135.2922 32.6375
136.1470 32.2059
136.7033 31.0616
136.9982 30.8494
137.5436 30.5490
136.9729 33.5158
136.3933 32.5468
137.1695 33.4770
137.0361 33.2286
135.7232 33.1879
136.8506 30.6392
136.2696 33.0711
136.2838 31.6354
136.9727 33.1517
137.0421 33.3255
136.2619 33.1985
137.4464 30.6293
135.4354 32.8595
136.3005 31.6348
136.6391 32.6000
136.2335 33.1137
137.2224 33.6996
135.6355 32.6152
136.2717 33.0918
137.1791 30.7485
136.5818 32.7879
136.7763 32.8414
136.7666 30.9555
137.6887 33.3000
136.5638 32.5875
136.9863 33.1137
136.1626 33.1459
135.4976 32.7828
136.6686 32.7599
136.6757 32.8012
137.0633 33.3472
136.7031 32.9612
128.5618 28.1775
136.4920 32.7415
136.2458 33.1744
136.2518 33.0433
137.5453 34.1237
135.6120 32.6522
136.5136 32.5471
137.5120 30.3537
136.5443 32.6085
136.7223 31.3872
136.2905 33.1517
135.9532 32.1119
136.8045 32.8856
136.5714 32.8942
136.3552 32.9209
136.1989 33.1830
136.6418 31.8620
135.4616 32.6650
136.6624 32.7883
137.3060 33.8962
136.2757 32.7095
136.3294 32.9077
136.5023 32.7237
138.1590 34.0729
137.2345 30.6126
136.7671 32.5707
136.6314 32.4997
135.2653 32.7865
135.7365 33.0451
136.0054 31.7428
136.6541 32.6162
135.5744 33.0016
136.7541 32.7233
136.4865 32.7881
136.9990 33.1753
137.1196 33.7140
137.0367 30.6802
136.4035 32.5667
135.6780 32.6584
135.4011 32.9693
135.9465 33.1477
136.7543 31.1180
136.6464 32.8446
135.8793 33.0893
136.2907 33.2893
135.9765 31.7975
136.4227 32.8149
134.0576 32.3109
135.9740 33.1725
136.3995 32.1669
136.4937 32.9447
136.5099 32.5680
135.6130 33.0307
136.1644 33.1142
136.8157 33.0077
136.7557 32.8899
136.8335 32.8283
136.0890 32.9608
138.1313 34.1055
135.3650 32.5520
137.2345 29.4146
136.2030 33.0538
136.4838 33.0507
137.5086 29.3133
135.7227 33.0088
136.4935 32.9961
135.6637 32.4544
136.5596 32.9582
135.9616 33.0698
137.6716 29.7518
135.5472 33.0803
136.7223 31.1873
135.6251 33.0101
136.2761 33.0189
136.7175 30.9965
136.7581 30.8016
136.7693 30.8031
133.2740 32.5677
137.0345 33.3283
135.4284 32.6164
137.1773 29.3940
136.6184 32.7140
137.3284 30.7222
137.0511 33.2400
135.4499 32.7280
135.8687 33.1513
130.2431 27.7547
135.6835 29.7177
137.9979 30.9355
135.8041 29.9907
135.1395 31.6942
128.2156 27.7774
129.5231 27.6943
131.7020 30.9871
136.7117 32.5372
137.0191 29.8292
136.8271 30.2924
135.7866 30.1697
137.5451 29.7075
137.9981 30.5046
137.7937 29.8908
135.7306 30.3548
137.5916 32.0250
135.5829 30.4591
135.3567 31.8601
137.4694 32.9696
137.0812 31.5484
135.4159 29.7711
137.4304 29.5218
131.3513 30.4290
137.7101 29.6095
131.2287 30.1544
137.5010 32.9626
136.8779 30.2089
136.3088 32.8826
137.5303 31.9472
137.5273 29.4149
137.1702 30.5652
136.1078 31.0635
131.2985 30.6990
138.0198 29.3743
131.1607 29.9483
137.2390 29.0235
137.5760 30.2484
135.8853 29.4404
135.1435 31.1194
128.4550 27.8827
131.4293 30.5648
136.6295 32.0568
133.0949 30.9801
137.2318 33.0198
137.5012 30.9785
135.8201 30.1764
137.2414 31.5681
136.3868 32.1478
138.0012 29.5338
135.1819 31.8147
136.9313 31.2171
137.1560 31.6630
136.9932 29.8663
136.8198 31.1248
137.7178 29.5228
137.5114 29.6502
137.4515 32.7876
137.6628 31.8546
136.6763 30.5579
138.0017 34.0858
135.8867 33.0162
135.5879 30.0022
137.7902 29.6001
135.2910 31.0520
137.7155 29.5930
136.9856 30.0036
134.3476 32.4700
137.5566 30.3564
137.4156 31.2580
137.6062 29.4106
131.3026 30.2039
137.7511 29.5955
137.5327 30.9168
131.2968 30.5941
136.8968 32.5925
137.8215 29.6876
137.6376 29.8035
137.5071 31.3942
136.8940 31.2743
138.2245 29.7957
137.7121 29.5167
137.5105 29.3698
137.7816 30.4089
136.7799 32.1961
136.8206 30.9213
137.4599 30.6683
136.3562 32.6768
136.5264 32.7771
137.4294 32.3707
137.7011 29.5132
137.7163 29.5403
135.7269 31.1382
137.2862 29.0234
131.1414 29.9726
136.3503 32.2183
136.3610 30.3564
135.8751 29.9754
137.3315 33.4046
137.3296 31.7870
137.6942 30.5114
137.7416 29.5120
130.2771 28.0498
137.5981 29.4108
135.0149 29.2248
135.4408 30.6839
131.1365 30.1107
131.7632 31.0423
134.9106 29.1687
135.9295 32.0624
137.4116 29.5647
136.2330 33.5107
137.4877 29.9404
137.2963 30.5814
135.4321 32.9551
137.5765 29.9360
137.4998 30.5604
137.7569 29.3619
135.5470 32.6774
137.4501 33.8697
137.4923 30.0082
135.9642 32.4777
136.8532 30.0105
137.3286 33.9361
137.7916 29.6799
137.1702 30.1648
135.8502 32.2697
137.5717 29.2852
136.8039 30.2330
136.7830 32.7398
135.8474 31.9734
137.3741 29.3083
136.4350 32.8455
137.2353 30.1885
136.9367 30.9338
136.9803 32.8993
136.9641 30.7960
137.5844 34.0570
136.3989 32.6055
136.7146 32.5145
137.1324 30.7142
137.6232 28.8731
137.3335 30.2254
136.8254 32.9281
137.3853 30.5449
136.1663 32.8582
137.4523 30.1696
136.0136 33.0701
137.1834 30.6802
136.0952 32.6782
137.2234 30.1286
135.9454 32.5837
137.5804 29.2991
136.1258 33.0973
137.2909 30.1512
137.6098 34.0959
136.6892 32.9352
137.4615 29.2824
135.8423 32.0918
137.5467 30.3161
136.0330 31.9394
136.1697 33.2290
136.4821 32.5780
137.3535 30.3660
136.7316 31.9150
137.1939 30.0565
137.4526 34.0492
137.5257 30.4916
136.1180 32.6312
135.9133 32.8909
136.8294 33.1019
137.7460 29.6373
136.6333 32.9672
137.7142 29.8292
137.2694 30.0750
137.7700 29.4162
137.2466 30.1247
136.7540 32.8365
137.7962 29.4544
136.9708 33.3213
137.8364 29.5251
136.1504 32.4245
137.3609 30.3853
137.8383 29.5368
137.2144 29.3785
136.4826 33.0208
137.5797 30.1405
137.8508 29.5078
136.5256 32.4644
137.4341 30.3376
135.6231 32.3278
137.0455 30.2539
137.3173 29.3371
135.4583 33.0152
137.3102 30.3902
137.4994 29.9199
137.5939 29.3129
137.1553 30.5977
136.6607 32.8707
137.2265 30.1816
135.7947 32.7173
137.4787 30.4060
137.7321 34.0651
137.3895 30.4990
137.2790 30.2017
137.8282 29.5439
136.2364 32.9101
137.5185 30.4916
135.5690 32.5191
136.7898 30.4903
135.5757 32.8412
137.5616 29.8905
137.3667 30.1872
136.6602 32.8565
137.3567 30.2007
135.8168 32.1703
137.3779 30.3794
136.4370 32.8941
137.4535 29.2502
136.8846 32.9950
135.8179 32.5564
137.3406 30.3999
137.3867 30.2248
135.9753 32.1760
137.2854 30.5228
135.9801 32.8460
137.1676 30.5530
137.2178 33.7782
137.4250 30.5035
137.2299 33.7609
137.4307 30.5771
135.8103 32.5930
137.1759 30.3224
136.9110 33.0493
136.4392 33.3264
137.2017 30.4713
137.0402 30.4006
137.4750 34.0348
137.1890 30.2173
136.8055 32.6717
135.5682 32.6770
137.6545 29.3220
137.0713 33.2400
137.4968 30.4305
136.2992 33.1515
136.0535 32.9830
136.5635 32.9393
137.6402 34.1167
137.4704 30.1739
136.1255 33.3458
137.4679 30.1141
137.7231 34.0687
137.2676 29.9895
137.3550 30.6355
137.4260 34.0432
137.3425 30.4285
136.5446 32.4733
137.6253 29.6305
135.9180 32.9072
137.3988 30.4123
135.7379 32.4198
137.3885 30.5150
137.3939 32.1364
137.2365 29.7793
136.3971 32.2251
136.1636 32.3131
127.7608 27.5171
136.7002 31.6204
137.1755 32.4556
138.2644 29.2642
137.8259 29.6532
137.0148 30.3411
135.3670 31.2479
138.0033 30.9630
134.2000 31.7509
138.1861 30.3052
137.0479 30.9167
131.7905 30.1694
132.9035 32.4676
130.8697 29.7218
137.7046 29.9343
137.0202 30.5660
137.5857 31.2659
136.3855 30.6843
131.6029 30.4703
138.1315 30.9746
136.9858 31.0453
132.5007 31.5661
137.3225 31.6458
136.4506 30.6450
132.0972 30.3108
129.5522 27.5913
133.4351 31.5462
136.7912 31.3295
127.9374 28.1837
134.9289 30.9004
136.6544 29.0167
136.3031 33.0034
129.1266 30.9970
136.3259 30.1876
136.8094 31.0533
128.8397 28.0194
136.8123 31.9903
128.7633 28.2317
137.4809 33.7194
135.0165 30.8864
128.2901 30.9853
136.6157 29.7778
138.1567 30.0225
135.4396 29.8245
135.9564 32.7927
132.3629 30.8749
136.3352 30.7352
131.9626 30.1467
137.9694 29.6010
137.6146 31.2286
138.0869 30.7568
136.2699 32.0355
128.9555 28.2256
134.5024 32.9539
132.1980 31.1745
137.6217 29.6241
132.7233 31.2462
138.3978 30.4054
136.5527 32.5840
132.1744 30.7450
135.3954 30.9124
138.5455 29.8008
136.2054 32.2881
137.1328 31.3359
135.6620 30.9060
131.7021 30.1671
136.6409 31.9179
134.5260 29.2701
130.0410 29.3096
135.7000 30.9507
137.3061 31.5848
137.8445 30.7813
133.9316 29.5483
130.7060 30.1331
132.6622 30.3168
130.9489 30.2801
132.5204 30.8433
136.9408 30.4949
137.0595 31.7172
132.1569 30.5417
134.5718 31.5382
137.6085 33.5834
138.4066 29.8538
136.4671 28.6543
137.3555 33.7858
135.5329 29.4926
131.0616 28.6105
135.8097 31.0487
137.7676 29.8333
134.2231 31.9543
132.9333 31.0923
132.4081 30.2724
138.3757 30.5205
134.4077 29.1582
132.4163 28.1634
137.2495 31.3439
132.9323 30.5139
134.8469 31.2284
131.6194 29.8399
137.7974 29.2130
137.2250 31.8093
138.4162 30.4471
137.3761 29.2889
132.7061 31.7952
135.2945 29.5222
138.9950 33.1898
137.1323 29.2780
132.4324 32.0679
135.2985 30.2358
128.8673 29.9639
137.6720 30.6549
137.5562 31.6913
136.7052 29.8401
137.1283 32.0199
133.0759 31.8707
138.1387 29.2011
134.4349 28.9972
137.3137 31.4410
130.1506 28.3470
137.4388 29.1844
134.3053 28.9542
132.8336 31.4372
138.4421 30.1155
135.8852 30.5552
137.1176 29.5372
137.2971 31.5215
137.2765 31.1372
137.2573 31.2758
136.6763 31.8100
137.6760 30.3537
134.7055 31.5565
138.5520 29.7000
138.3284 30.8066
137.1971 32.3712
132.2451 28.5127
134.7764 29.4346
132.2438 30.1718
135.5670 29.2257
138.4520 30.3024
138.4127 29.7092
132.9297 30.8436
134.7382 28.9650
134.9318 30.6327
135.5182 30.3583
136.8625 29.5035
137.7564 30.6419
134.7163 31.6189
136.8892 29.4673
138.2785 30.3967
136.5941 30.8851
137.4006 28.5758
136.2175 30.6620
132.1536 30.9949
129.7850 27.4762
137.1952 29.5442
136.5367 30.2629
131.2091 30.2460
134.2729 32.3278
129.2467 28.7968
136.8962 29.6987
135.4741 31.2043
128.5197 28.1132
129.2698 28.7732
132.1508 31.6975
133.7906 32.3498
137.8036 33.8828
136.7486 32.7832
137.5358 29.8032
137.5560 33.2859
137.1275 31.3899
136.0747 29.4653
137.1780 31.4279
133.3227 28.8168
135.6285 29.5774
133.7324 32.3862
137.4133 29.2033
128.1410 28.1574
137.1025 30.9789
136.9973 31.1130
135.9375 29.4359
136.0017 32.9625
137.4088 33.7966
136.3879 30.0713
136.2193 32.8395
128.7840 28.5908
137.2030 31.9438
137.1352 33.6505
134.1004 31.3215
137.5008 30.4694
137.7534 29.6582
128.5893 28.3275
136.7122 32.3863
132.0116 30.9200
137.2191 30.4013
131.8539 30.7265
136.6145 32.0949
133.4984 29.6301
137.4957 30.8439
137.4592 29.5299
132.2479 32.3414
137.7412 31.1225
137.5079 32.1422
136.6005 30.7153
131.2792 30.3026
137.4921 32.9503
137.8792 29.8491
137.3940 29.1154
133.3874 32.5309
135.9107 32.5003
137.5436 29.7651
136.0358 30.8261
136.5740 30.3490
131.1080 30.5052
135.5751 30.5947
137.5510 30.8638
137.8349 30.7778
137.5843 31.3319
136.3891 30.4199
131.0780 29.8573
131.5872 30.8527
137.5706 30.6255
136.4691 32.0077
130.9137 30.0215
137.6055 29.5060
137.2139 31.1248
136.5347 32.8066
136.2419 31.5724
134.1963 31.8265
137.0899 30.4505
136.3138 31.8355
137.0285 30.3726
138.1017 30.2412
137.5012 33.3008
130.8604 28.9896
137.7994 30.4476
136.6142 31.0103
136.6653 30.3809
136.7735 30.2411
137.2629 30.0277
137.8772 31.6236
136.8290 30.4337
127.1533 31.4517
135.9659 32.5499
137.1760 32.6903
136.5495 32.2154
137.0354 32.0672
135.7977 30.3453
136.7900 30.4440
128.8973 28.8414
133.6877 32.1385
136.0832 31.0925
137.2990 31.4333
131.9837 30.5039
136.3543 31.1214
136.0230 30.9613
128.3499 28.4853
135.1302 31.3958
135.3121 31.0317
128.8656 27.8980
136.3656 30.2191
129.2869 29.7109
137.7625 30.7910
132.0516 31.2428
136.5658 32.4347
136.8300 30.0665
136.7988 31.2512
128.8778 29.2130
134.1869 31.3082
135.6814 30.6201
134.7863 31.3318
131.8259 30.0930
137.5023 30.9857
138.0043 30.2799
131.8917 30.4813
132.3298 31.9072
136.8102 30.4670
131.6121 29.8615
128.3452 27.8632
129.9800 29.1293
135.1362 31.2976
137.8484 30.0135
137.9426 30.3123
133.6812 32.1410
137.8125 29.9264
135.2427 30.7328
135.8699 31.1384
137.0621 31.0018
137.7411 29.5074
136.2731 30.6851
129.5300 30.6857
136.4779 31.7278
137.7524 29.5909
135.1506 29.7803
131.6120 30.4913
136.2692 30.6492
135.2666 30.9351
128.1114 27.9716
132.0238 30.9823
133.8389 30.9648
132.5593 32.2103
137.5621 31.3511
128.3906 28.2856
131.5968 29.9566
137.6602 29.8219
138.1957 30.2054
137.5738 29.6231
136.4604 29.8275
137.6360 29.5855
128.9325 27.9313
131.7299 30.0339
137.1620 29.9282
137.5797 30.8157
137.2387 31.2636
135.5127 31.3831
137.6158 29.8867
137.8341 29.6265
130.6440 29.5755
137.7208 30.5824
131.2414 30.1521
136.2671 31.0881
136.8268 29.5304
136.3737 30.2572
129.7191 27.8665
131.2033 29.8781
137.6501 29.5215
135.2602 31.2595
137.2026 33.5461
136.2106 31.8799
134.8176 31.6451
137.8199 29.3812
129.9165 27.6941
137.2708 31.6190
136.5693 30.7153
131.6088 30.6204
136.2027 29.6028
135.7348 31.3629
137.4372 33.4648
137.5926 30.3586
137.5923 30.1563
137.4951 34.2458
137.4595 33.7850
137.0747 33.4095
136.8341 33.3043
136.0457 32.7219
132.2920 32.0704
136.8241 31.7199
137.1738 33.2580
135.9979 32.4808
135.1241 32.7895
134.4063 31.5888
137.3132 33.8308
137.7146 29.7825
136.8282 32.4277
135.0604 32.9807
135.3971 32.6462
130.5044 30.1016
137.2521 31.9254
137.5182 33.1142
136.3058 32.7346
136.6514 30.7195
137.3955 32.0699
137.0213 30.7525
137.1809 31.1557
136.8379 33.7544
137.2572 30.8319
136.4497 33.3502
135.8575 31.1519
135.9365 32.0179
138.0156 31.5016
137.9988 29.8818
135.9607 31.0546
136.6301 33.8280
137.4602 34.0945
137.7719 29.6392
136.7400 30.9047
137.6127 30.8212
131.2358 30.4393
137.5229 34.0857
137.2533 32.4410
136.5070 33.3882
137.5383 32.0098
137.5476 34.1669
137.0496 29.6516
137.3624 30.7080
137.5428 30.9069
137.5565 33.5769
132.2449 32.1047
137.1171 33.4654
135.2586 33.1958
137.4000 34.1666
135.9819 33.2001
136.4618 33.4408
127.2970 32.5618
135.7560 32.2900
129.5460 28.6873
137.2179 33.0506
137.8732 31.7422
134.4601 32.3765
134.7705 29.1183
136.3700 33.3607
136.7469 33.2553
135.5772 30.9862
136.8342 33.4760
136.5879 31.6773
135.4381 32.9149
136.6301 31.2371
136.1915 33.5601
138.4455 34.1430
137.4540 32.6352
137.0479 33.3118
126.1034 32.2212
137.6002 34.2671
137.0022 29.6208
137.6211 31.8867
137.3771 29.2399
137.0892 29.6460
137.7665 30.2111
137.2147 33.5163
135.8668 32.5452
137.7210 31.8644
137.0941 29.7074
136.5871 32.6583
137.4739 34.2178
131.7501 29.8960
133.0780 31.0471
137.8715 30.4406
137.3085 33.9963
132.6126 31.7722
136.1656 33.4557
137.7997 29.3096
136.6910 32.6652
127.6327 33.3383
136.7636 30.7994
137.0781 31.0647
136.7966 29.8530
137.7885 29.1832
137.1130 32.5614
137.8641 29.8016
136.2481 33.4706
135.6864 32.9338
135.5056 32.5811
137.1548 30.2390
135.9345 32.6621
136.8890 33.2217
135.3971 33.0000
129.7714 29.1555
136.3945 33.9648
135.4864 33.3073
139.1454 34.5206
136.7611 31.1083
136.9018 30.3815
129.0350 27.9083
136.2189 33.7435
136.3937 33.0941
133.8879 32.5175
139.7715 34.2865
136.7649 30.8282
136.7923 31.8173
135.4865 32.7063
135.0706 32.5099
136.2889 31.6645
137.3930 29.8754
131.5839 30.7754
135.2917 31.9373
135.4631 32.3556
137.8963 34.2834
128.9298 29.0903
136.3340 32.7963
130.8302 28.5423
135.3960 30.7334
136.8635 32.7197
131.9978 31.5410
131.4681 31.0483
131.2997 30.5138
135.8787 33.1264
128.7493 28.8039
135.9478 31.0747
131.2330 30.3135
131.3035 30.2793
131.3733 30.2678
131.1966 30.1768
137.6661 29.8091
131.5467 30.8274
137.3747 30.5972
135.6539 33.0878
137.6303 33.7037
131.4307 30.7138
130.9007 29.8654
133.7864 30.2049
131.3497 30.0988
136.3940 33.0903
131.5679 30.6452
136.2772 33.0083
131.5930 31.0675
132.1168 31.9187
137.5941 34.0505
133.9301 30.9063
136.3517 32.8902
136.3463 31.7461
131.2619 30.5237
136.0960 29.5720
136.7143 32.9163
136.0093 31.7928
135.9164 31.0274
136.4042 32.5020
136.2670 32.8590
131.8618 31.6628
135.0530 29.3371
135.5643 31.4359
131.4136 30.1782
132.0631 31.8310
133.0141 32.5760
135.9028 31.1314
132.2923 32.2080
130.2621 28.1350
135.4530 31.5398
137.1900 30.7445
131.4234 30.6653
131.4837 30.8407
135.4668 32.8668
136.4243 32.5750
136.5135 32.5570
136.4854 32.7159
131.4471 31.0794
135.5411 32.5428
129.1317 29.1707
131.3508 30.4690
136.3719 30.8410
129.1120 27.9106
135.5974 31.4156
138.1879 29.9387
131.4175 30.6703
131.3851 30.7162
135.7878 31.2524
136.6921 32.6413
136.1329 32.4485
136.6927 31.9366
131.4473 30.6145
136.1004 31.0793
136.0912 33.0268
131.2270 30.2165
129.0875 27.8353
137.5066 30.1967
136.8909 30.7776
131.2927 30.0668
136.4589 32.4031
136.6701 32.7841
135.0662 31.0083
131.3732 30.0045
136.1353 32.9775
135.3709 31.8375
135.9972 31.1333
137.0805 33.2653
135.9500 31.8161
136.3056 31.7892
136.2904 30.9549
131.4277 30.3071
135.1418 31.0570
135.8452 29.5836
135.4729 31.0369
135.8271 32.8606
136.3744 33.0896
129.0111 27.9131
135.7491 33.0488
134.0692 32.5822
136.0777 31.0190
135.9721 32.8780
136.4701 30.8069
135.6765 31.3949
137.6909 30.3946
136.8110 32.7840
131.3520 30.4738
136.0559 32.3657
131.6506 31.1476
136.0651 31.0667
138.1160 33.9733
136.3798 32.5588
136.3691 30.8744
135.6322 31.1563
136.9880 33.2770
131.5856 31.0483
131.2481 30.2277
131.1855 30.1054
131.1774 30.0890
136.4349 30.6312
135.7926 30.2191
136.0466 31.0590
129.8611 27.6644
129.8053 27.7882
137.4299 30.3874
137.0575 30.2669
137.5394 29.4815
138.0972 29.7356
136.7214 29.6525
135.5319 31.3022
133.7634 31.7940
128.4701 27.9010
137.0679 31.2534
137.2594 31.2892
131.5027 30.9003
136.0567 31.0823
135.0740 31.2230
133.0141 32.6308
137.3472 30.7376
136.0493 28.8095
135.8269 31.2730
132.5410 29.5642
133.8119 32.6235
136.8071 29.9588
137.0977 32.3594
137.6236 30.8003
137.8267 29.4365
133.0327 32.6370
129.6846 30.0073
131.4198 30.2993
128.6436 28.7641
137.3155 31.6411
128.4590 27.9316
136.7470 31.1887
134.8612 31.5163
137.7038 30.4365
131.6046 30.4844
128.1939 28.0892
131.9248 30.2852
135.8286 29.2220
137.7802 29.6649
130.2298 28.1374
137.6819 29.5541
129.4035 30.9002
136.6868 30.4969
128.3899 27.8968
135.9183 30.0137
137.4443 31.0574
136.9219 30.9681
135.4845 31.3290
135.7397 31.1799
135.3987 30.6035
137.8669 30.6023
135.5259 31.3644
135.0999 30.7808
135.2668 31.2655
131.6326 30.4568
135.4624 30.6626
131.3486 29.7348
136.9177 30.9347
137.2646 28.9687
135.2614 30.6981
128.4041 28.6256
129.7732 27.5008
136.4361 31.9963
136.2321 29.9410
128.6679 27.8982
133.1485 28.6857
133.4504 29.4148
133.3474 32.5106
134.1915 32.5357
137.8173 29.4452
135.4866 30.9889
136.2403 30.6305
137.9632 29.5538
137.9452 30.4606
130.9270 28.5875
135.0144 31.7572
130.8236 30.1338
138.0088 30.0750
138.4035 29.3571
136.0664 32.3183
136.4871 30.1693
136.6174 32.0428
137.8177 28.9109
137.2435 31.6698
136.7529 31.8674
136.4791 32.6539
138.1345 29.8466
138.1282 29.6674
133.6851 31.9498
132.5183 32.4913
131.9429 30.9937
131.1456 30.1251
135.2903 31.9797
136.7490 30.5284
136.7987 30.4050
137.0141 31.6895
131.2511 29.5205
135.3559 30.9112
136.6294 30.7108
136.7461 29.7416
136.1948 31.0426
136.1939 33.1952
135.8519 32.8663
129.6272 28.6199
137.4069 29.0402
131.4811 30.8744
137.4560 33.2647
135.5605 30.3026
136.3725 32.4790
136.3702 30.6831
131.4431 31.1393
137.2118 31.7348
135.4954 31.1682
137.1157 29.7653
131.2419 30.1608
131.3331 30.2979
133.6138 32.6502
136.4165 29.5420
136.5441 31.6327
137.6540 33.7564
137.0791 33.4001
136.2334 30.9649
131.8158 31.2867
131.3021 30.4511
136.0614 33.1116
135.3401 30.8381
135.6526 30.4931
136.5040 32.4056
131.7344 31.2230
131.4239 30.2330
132.3484 32.2091
137.0906 31.8387
136.3394 32.8071
131.2176 30.0216
134.5132 32.2314
132.2885 32.0496
137.6292 29.4615
135.8781 32.5450
135.4302 30.8849
137.0548 29.8382
136.8630 33.2789
136.3623 32.4244
132.0168 31.7522
137.1588 29.9053
131.7929 30.3427
131.3674 29.9526
135.4557 31.2917
136.7484 30.9053
131.4970 30.0128
135.7161 32.8353
137.1696 31.6577
135.6798 30.9805
136.0145 32.2797
137.4779 29.4153
133.6390 29.6283
135.9949 33.0656
136.1440 30.8441
136.2395 32.0501
128.8204 28.1258
131.1678 30.1070
136.9815 30.6292
131.4192 30.7810
132.3368 32.3644
136.6330 29.8287
131.5080 30.2950
135.5364 29.6278
137.5287 30.1731
135.7740 28.9998
133.2081 32.5583
136.1881 31.8528
133.8951 32.4146
131.4061 30.9216
137.6449 30.5951
129.1289 28.8606
136.9646 31.3025
135.7274 30.7039
137.3110 30.6206
135.7726 32.8973
136.2872 32.8759
137.1019 31.2598
136.6325 29.9639
131.3436 30.1179
136.4872 32.7605
135.4917 30.8142
136.1585 32.5905
137.3634 31.4539
136.9891 32.3542
137.1532 31.2741
131.4917 30.2437
131.0603 29.9274
129.9280 28.5925
131.3537 30.6123
132.4354 32.3744
135.9560 31.1204
136.5142 30.0154
131.7155 31.3416
137.6616 29.5523
131.7327 31.0703
131.1030 30.1834
130.8490 30.0492
137.1712 33.5059
138.1790 30.7397
136.5345 30.4431
136.9743 28.7856
131.7117 29.9829
138.1308 29.2456
136.4859 30.6148
137.4933 29.0413
138.4529 30.4618
137.0525 29.8156
136.4984 32.4321
130.5003 28.1855
131.3159 29.8844
137.5216 29.7738
127.3494 31.1867
128.5109 28.3099
128.5646 28.5199
134.9295 29.3548
137.3132 29.9285
129.8484 27.5295
135.5868 31.0643
137.5729 30.3339
129.2241 29.1726
137.2261 30.4433
135.6211 29.4442
133.6565 32.4070
136.0162 30.9961
137.5521 30.2982
134.6973 32.1558
136.7966 32.4479
128.2668 27.8651
128.5579 28.3844
131.4508 30.1920
136.4965 29.7816
138.1062 30.8451
131.0682 29.8090
133.2771 32.4645
129.6215 30.1902
128.6157 27.9072
134.1066 31.7146
136.9310 30.4153
131.2063 30.6024
137.6390 30.1119
135.9587 31.0746
135.3239 30.9616
137.7892 30.5304
138.0576 30.5826
137.7440 30.4449
137.1553 31.4336
137.8946 30.0461
134.6203 31.0429
131.4727 29.3664
131.1441 28.6955
138.2651 30.5591
136.6268 30.1063
135.3178 31.0002
129.7726 27.6895
136.5730 32.5712
129.4095 28.6858
136.4357 31.4062
136.7508 29.2969
132.2369 30.9001
137.6886 28.8689
136.6902 32.3680
135.2969 30.9023
137.2717 31.6449
136.9420 31.7839
130.4209 28.0883
136.7816 30.1055
138.3326 30.0030
136.4803 32.1589
133.1652 32.3871
135.3740 31.1552
137.3418 29.9502
134.9968 31.5328
129.1236 29.1510
137.9012 29.9661
130.1189 27.9836
131.9154 30.6871
136.9776 31.1260
135.0563 30.4914
133.2628 32.4968
138.0661 29.1550
136.2722 30.9281
131.4133 30.0327
135.6505 31.1771
137.1157 31.1721
132.3513 31.5485
131.3901 30.4907
138.1386 30.0991
137.4990 30.3835
136.7355 30.3255
137.7567 29.5792
135.9918 31.1174
134.9910 31.7493
130.4208 29.9922
137.3374 32.9802
138.0376 29.6189
133.6998 32.3256
137.4449 29.8191
136.0122 31.0845
138.2278 30.2547
137.1134 31.7978
136.2417 28.5639
137.0408 31.2673
132.6788 30.7065
132.0043 30.5560
128.3400 27.7056
132.3685 30.2877
135.0511 31.0036
131.6046 30.9479
137.3562 30.0819
135.7221 32.1106
137.1180 31.5687
137.0058 29.3249
136.9058 28.8185
135.5596 30.2724
135.5395 30.7684
137.6636 29.7201
137.4908 31.4499
131.1630 29.7297
133.1951 28.7146
135.9321 30.2962
136.2695 30.7020
136.7739 30.4167
136.7725 28.5365
135.7198 30.0494
138.4704 29.8003
132.0060 30.7585
137.6652 29.1887
138.0156 29.3854
136.5540 32.5660
137.0452 32.2244
136.5941 30.3223
137.8393 30.8156
137.4202 30.9885
137.2574 31.6562
138.0642 30.5470
135.8780 31.1238
135.2180 30.4047
135.9883 30.9771
134.8560 31.7946
137.2471 31.6170
129.5452 30.7095
130.7591 29.8376
136.7853 30.2869
134.0233 31.6225
136.5842 31.5425
133.7838 31.1342
136.3946 29.9654
137.5776 31.7997
131.5014 29.9144
135.6248 30.0052
136.9615 32.1702
138.2148 29.8999
136.8371 31.6241
132.8102 30.6952
136.9877 30.4813
136.9698 30.9451
136.6519 32.0355
136.8551 30.5431
136.7671 31.5705
131.8278 29.8128
138.2710 30.0180
135.1618 31.3479
131.5405 29.9145
135.0234 31.3144
136.8265 30.0821
137.5824 30.8788
137.0751 32.0169
138.7010 29.6968
137.3676 31.7217
137.1771 31.7333
137.1955 31.4298
136.6053 30.6508
136.2743 30.7636
135.0443 31.5156
137.1366 31.5058
137.2002 31.1531
135.8874 28.9574
135.0546 30.6536
131.3525 30.6885
136.3981 32.4499
137.8936 29.8028
137.7586 29.5854
131.4579 30.9522
135.9067 28.8380
137.1459 31.5713
137.3587 31.5522
137.7758 29.7526
137.4044 30.5535
132.9749 32.6227
137.8286 30.8102
131.3790 29.8629
137.2829 30.7522
136.8841 32.2403
131.4180 30.0013
131.1741 29.8801
137.7837 29.4142
131.6920 29.9826
137.3432 32.2311
136.7741 31.5574
137.8689 30.9316
130.9725 30.1007
136.6802 30.1861
131.2734 30.4610
137.6926 29.9630
137.8035 30.5354
137.9721 29.3137
132.1885 30.3813
137.2133 29.7970
137.4323 29.4089
131.4483 30.1536
137.7538 30.5535
135.5411 30.0401
137.3886 29.9207
137.2833 30.8882
137.2690 32.2568
137.7578 30.6913
131.4195 30.4671
137.7130 29.9291
137.1468 31.8336
131.6219 29.9543
131.3427 29.9263
137.1303 31.9490
138.0357 29.8249
137.9051 30.5452
137.6668 30.5931
137.3976 33.1121
131.2450 29.8910
137.0003 31.2776
137.4460 29.8544
134.8810 29.2182
131.7350 30.6269
138.0583 29.7254
137.4179 30.1864
137.2744 30.8123
133.6160 32.5370
138.1542 29.9458
131.2639 29.8913
137.5337 30.7021
137.8723 30.5686
135.1306 30.5514
137.8923 31.0222
135.1693 29.0705
137.6132 31.0893
137.5060 30.9970
137.4619 31.3894
137.9941 30.0298
137.3496 33.1768
137.7675 30.5051
137.7966 29.2166
137.6020 30.9152
137.6665 30.3222
137.3188 31.5938
137.0720 31.4365
138.0558 30.1846
135.0096 31.2771
134.7894 31.1203
137.5496 30.7471
137.1550 31.8486
131.0519 29.9638
135.6892 30.3350
129.4092 27.3685
132.9838 32.4810
137.4835 30.1882
136.9889 32.5126
137.7824 30.4520
137.6164 30.8888
137.7947 29.8761
137.9029 29.3207
137.6643 30.7444
131.3963 29.9045
132.2730 31.3776
131.2875 30.1337
131.2775 29.9833
137.1331 31.7059
137.3943 29.4424
137.8888 30.3962
131.2706 30.4108
131.4352 29.8956
137.6533 30.8991
137.8946 30.8090
135.0570 31.4039
137.8435 29.9814
137.9168 30.3097
137.9531 29.6008
131.0995 30.0054
137.8575 30.2571
137.7503 30.7333
137.5913 30.7820
137.8528 29.4397
137.7153 30.2124
137.1687 31.3616
137.8509 30.3218
137.7070 31.2518
137.3619 29.4419
137.2731 31.6570
137.8677 29.9664
137.5995 30.8738
131.2138 29.9633
131.2119 30.0409
137.8718 29.8885
131.1856 29.9696
131.5039 29.8726
134.6223 30.9310
134.8067 29.4644
131.1479 29.8980
137.6139 30.3320
137.9180 29.9309
137.5169 29.6329
137.6660 30.6642
137.9014 30.3613
136.0613 31.0737
137.3227 29.6953
134.9415 31.5941
137.7426 30.0424
125.9931 30.9236
136.4293 30.8882
136.8450 33.0844
136.7881 31.0618
138.4940 30.4930
133.8082 29.9638
136.7720 30.2619
138.6212 29.8452
133.6596 32.1030
135.3175 31.0470
137.4382 32.8160
137.4061 31.5765
136.0766 29.9161
136.7307 30.1921
138.4603 30.5079
134.4602 31.1200
137.2665 31.2694
135.7422 31.1756
136.5178 32.6304
137.2682 28.8535
134.1718 32.5134
137.0034 31.1576
129.2168 28.5323
134.8268 31.3485
135.3645 31.2078
136.1772 30.6198
127.8715 27.6313
136.6174 28.5024
132.2979 30.2471
137.5249 31.6827
136.8460 31.1295
135.9853 29.2560
137.1977 30.1318
135.4434 29.7671
137.2860 32.1056
135.6635 30.9627
136.3129 30.0056
136.0827 29.5556
136.8576 32.0442
136.3007 30.8550
134.5069 28.9991
130.8302 29.0463
135.1545 29.0272
128.1563 27.6236
128.5903 29.1091
137.6094 33.8464
137.0389 30.9248
134.8100 30.6572
135.9172 31.0609
136.2207 30.0541
137.1164 32.1142
130.1556 27.8020
132.6052 31.1500
137.2176 28.5915
131.9709 29.0777
136.8651 33.4790
137.0913 32.3220
137.0734 31.0359
137.8301 29.2169
137.4344 30.4503
135.8952 29.9405
136.1239 32.4375
137.1567 30.9331
132.6636 29.0593
134.9279 31.1308
135.4256 31.1723
131.2031 30.1083
132.1935 30.2600
132.2186 30.9601
129.9140 29.0284
136.7064 30.1833
135.6526 30.9339
135.9053 31.0465
130.5005 27.9360
132.9892 28.4369
136.1141 31.7031
136.8891 32.9905
135.3492 32.6928
135.9410 31.9016
135.7705 33.0634
137.2113 30.3821
137.1480 33.6516
136.6754 32.5423
135.5150 32.9971
136.2340 33.1148
135.6346 32.1998
137.0611 30.6864
137.0772 30.7463
136.5272 32.5024
135.8857 32.8246
136.0747 32.4440
136.3551 32.9650
136.2197 33.2647
135.4080 32.7994
136.7554 32.8668
135.9144 32.7041
135.5372 32.8482
135.6438 33.0449
136.1404 32.4186
135.6472 33.0275
136.5040 32.6621
136.1637 33.0396
136.0932 32.4810
136.5615 32.7646
135.5136 32.4145
136.3185 32.8740
137.1418 33.5606
136.5185 33.0182
135.8782 32.9828
135.2196 32.7303
135.4518 32.7963
136.8993 33.0442
136.2696 33.2021
135.8710 32.4917
135.7297 33.1662
136.2919 32.8529
136.5759 32.7749
136.7524 32.6672
136.8375 32.8330
136.7105 32.5827
135.4333 32.6997
136.6269 32.5385
135.4230 32.7412
136.1446 33.1238
135.6873 33.1164
136.7715 32.7874
137.1130 33.4745
136.0452 31.7511
135.7023 32.8855
136.0862 32.6446
136.8474 32.9140
135.9476 33.1594
136.7087 32.7710
137.0337 33.3029
136.7480 32.7636
136.3626 32.4359
137.1426 33.6229
135.8735 32.8604
136.6773 32.7966
135.8569 32.8374
136.4168 32.8351
136.9244 32.9800
135.2114 32.9487
135.5518 32.9628
136.6098 32.7438
135.8762 33.1307
135.8788 32.9348
135.7505 32.1107
136.7469 32.8457
135.7233 32.1073
136.8977 33.0010
135.3988 32.6628
137.2748 33.9604
135.6935 33.0609
135.7995 32.8520
136.3566 33.0065
135.8381 33.1835
136.9102 32.9754
136.4852 32.5877
137.0549 33.3662
136.1856 32.8023
136.6359 32.5491
136.2769 32.9417
136.7366 32.8073
136.4892 32.5663
135.5976 33.0963
135.5597 32.4140
137.0020 33.2392
135.4435 32.7498
136.3310 32.8366
135.3212 32.4769
136.5296 32.7655
136.9496 33.0473
136.6807 32.9258
135.8827 32.0263
135.6235 32.9978
135.6918 33.0767
135.2052 32.8253
136.1101 33.1640
136.1909 32.7361
135.9729 32.0419
135.8572 33.1324
136.9131 32.9323
135.8742 33.1295
136.0360 33.1519
136.2297 32.9942
135.4378 32.8132
137.0558 33.3247
136.9463 33.3165
135.5560 32.4002
136.8487 32.9796
136.8334 32.7487
137.0807 33.4024
136.8983 33.0536
135.8839 31.8731
136.0533 32.3533
136.3277 33.0022
136.3094 32.8738
136.3567 33.0275
136.3615 32.8334
136.2230 33.1236
136.3696 33.0175
137.1212 30.2574
135.7630 32.9843
135.8784 31.9027
135.6537 32.2658
135.4393 32.6931
135.5380 32.9287
136.1657 33.1455
136.9082 33.0157
136.5117 32.8324
135.4617 32.7708
137.0186 33.2671
136.5867 32.7856
136.2667 33.0656
136.0759 32.7534
135.4854 32.3753
136.4293 32.7724
136.1924 32.7451
136.6005 32.5134
137.0693 30.6989
135.7184 32.5020
135.6674 32.1915
136.6580 32.6477
136.1120 32.6785
135.7399 33.1913
135.8466 33.1014
136.7946 32.8978
135.5403 32.2981
136.0010 33.2560
136.6807 32.5676
135.7882 32.9861
136.8866 32.9804
136.3722 32.9581
136.8949 32.9004
135.4415 32.9023
135.6594 32.1295
136.0641 32.7048
135.5174 32.8023
135.5284 32.3061
136.2420 33.3874
136.0692 32.7660
135.5982 32.2239
135.3555 32.7380
136.4268 32.9986
137.2247 30.3128
137.1157 30.0806
135.4814 32.9761
136.3612 32.6723
136.0011 31.8651
136.4398 32.5954
136.6582 32.6746
135.7943 31.9735
136.8344 32.9941
135.7684 33.1370
135.5445 32.3942
135.9721 31.7844
137.1040 30.7088
135.2486 32.8806
136.8614 32.9532
135.6559 32.2258
136.9371 33.1084
136.3403 32.7990
135.7591 32.8661
136.9024 32.9246
135.7634 32.6972
136.1936 32.6994
136.0274 32.2637
136.5484 32.2209
135.6268 33.0517
136.6696 32.7659
136.5743 32.5003
135.8482 33.0785
135.6019 33.1134
136.1419 32.4384
136.5869 32.9744
136.8756 32.8906
135.8809 32.9125
135.6543 32.4659
136.7067 32.6631
135.4616 32.8774
136.9931 33.1637
137.3047 30.5066
136.8849 32.9094
136.4424 32.3571
136.0158 31.9206
135.6198 33.0003
136.5410 32.6378
135.9055 32.0423
135.2001 32.9077
135.7173 32.9132
135.6124 33.0091
136.1498 33.0669
135.1788 32.9134
136.3344 33.0809
136.1089 32.4937
135.1904 32.8418
135.4627 32.4569
136.7368 32.6460
135.3765 32.7091
136.0253 31.7680
136.9441 33.0802
135.5699 32.9090
135.9305 33.0716
136.2178 33.1100
136.0769 32.5852
136.0671 33.1048
137.0619 30.6947
135.7196 32.0526
137.1378 30.0635
136.1077 33.1685
137.1821 30.3686
136.8699 33.0033
135.6268 32.2107
136.2827 33.4023
137.1122 30.3997
135.3952 32.9589
136.6553 32.9908
135.4564 32.7090
136.2107 33.0924
136.2788 33.0623
135.5263 32.6417
136.1883 33.2595
136.7355 32.8578
136.1460 32.7986
135.6995 32.9750
136.4667 32.9429
136.4363 32.5792
137.0586 33.5119
136.1802 33.0930
136.6046 32.6957
136.6476 32.6405
135.6116 32.1712
135.9475 31.7634
136.9215 33.2359
135.3765 32.6796
137.2250 30.0476
136.9277 33.1201
135.7523 33.0564
137.1879 30.4414
135.9896 33.1659
135.9438 32.0265
135.5685 32.3163
136.4438 33.0654
136.8432 32.8991
135.7224 32.1034
135.7482 33.0873
135.6632 32.5638
136.3912 32.8694
136.6987 32.6270
136.0604 32.4674
136.1233 33.3307
135.1948 32.7462
135.8781 31.9447
136.2075 33.1080
136.5553 32.7339
136.0753 32.5206
135.6818 33.0758
137.0239 33.2693
135.7072 33.1727
135.8327 33.0912
135.2011 32.7605
135.4407 32.8572
135.9365 33.0475
136.8634 32.9375
135.4511 32.6055
135.3638 32.8788
136.1049 32.4440
136.0462 33.1231
136.0754 32.5850
135.5638 32.9018
135.2929 32.7178
135.7262 32.8733
136.9200 33.0122
136.8828 32.9151
135.4916 33.0051
135.5005 33.0611
136.9146 33.0465
135.5375 32.8300
136.6310 32.5484
136.0730 32.5265
135.4277 32.7021
135.8342 33.0985
136.3495 33.0370
136.4466 32.8099
137.8171 34.1739
137.4442 34.0901
136.3352 33.3421
136.0817 32.5492
136.4928 32.8250
136.5972 32.7279
135.6252 33.0105
136.4149 32.6131
137.2332 30.2840
135.2404 32.7426
136.1876 33.1991
136.0468 32.4933
136.8751 32.9643
136.5208 32.7733
135.9174 31.9388
135.4977 32.7842
135.5551 32.9513
135.5592 32.2857
135.4675 32.7906
137.0217 30.7776
135.5366 33.0781
136.6436 32.6566
136.0124 32.6294
136.7874 32.8561
136.8808 32.9909
136.3044 33.0693
136.4424 32.7820
135.6512 33.1062
136.3095 33.2826
135.7568 31.9863
136.1284 33.0189
135.4846 32.7113
136.3817 33.4266
135.4411 32.6727
135.3962 32.3414
136.1733 33.2660
135.5311 32.8794
135.9754 33.0802
135.5010 33.0022
135.8798 31.8272
137.0142 33.2523
135.9360 31.8346
135.5017 32.7979
136.0567 32.3603
135.8347 32.4620
136.8065 32.8786
135.8962 31.8807
136.1003 32.4468
136.4528 32.9634
136.8977 33.0124
135.2940 32.6441
136.5307 32.6951
135.7703 33.0605
136.3751 33.1053
135.9470 32.2301
136.1228 33.3025
135.7988 32.9961
136.5802 32.7768
136.6389 32.6390
135.7259 33.0871
135.9141 33.2264
135.6034 33.0369
136.5663 32.7558
135.5256 32.7569
136.0565 32.5705
136.2083 33.1427
135.9860 32.3354
