130.0688 25.2883
134.6786 30.2612
130.1039 24.3354
141.3407 34.0730
135.0622 29.5212
131.3788 28.1140
130.5576 25.6421
138.0969 28.5752
137.5944 26.8883
138.6185 27.1782
135.4925 27.6927
129.3217 26.1339
135.8058 31.4670
133.9017 32.1023
135.4594 30.5202
137.3791 26.8449
134.3455 29.6717
138.6141 32.6342
137.6357 27.1648
136.0387 30.4196
137.3173 26.1551
132.1879 24.6033
136.6137 28.7113
141.5364 36.0097
136.8762 32.9003
131.2012 25.6509
139.4276 27.1156
135.7158 27.6593
138.9413 28.0443
139.6555 29.6088
137.4823 28.7029
135.6199 27.5668
138.1350 27.2499
129.3414 25.9745
136.1452 30.7855
136.8241 27.9864
132.3647 30.0686
131.5735 27.1890
133.3581 25.9624
137.2265 26.5573
132.4022 30.3126
134.7029 27.6413
136.3978 26.8403
133.9103 22.3781
145.0790 35.7407
135.1157 29.2035
134.2568 31.1761
132.6820 29.2563
124.6337 21.1205
132.1092 28.2335
132.0336 25.2048
136.9901 32.6525
132.5095 28.4793
130.1830 24.6463
141.7648 34.6942
132.3316 30.0134
133.0200 29.1743
130.1648 26.1239
125.6113 22.0986
132.1904 28.8642
135.2520 26.0518
137.1275 30.4513
133.9286 28.0681
141.9931 36.4631
137.1804 27.1688
135.7029 29.2216
132.3061 24.4847
137.3085 27.5486
132.4526 26.5776
133.6248 21.9030
140.0580 27.8831
132.4745 29.8148
131.6358 29.3450
135.6314 27.7919
130.1537 28.0728
125.4731 25.4485
134.5425 21.9176
139.0605 33.8246
131.3321 24.4926
138.1252 28.3351
133.9297 23.1047
131.0415 26.0339
134.2290 29.8335
137.8361 28.7691
134.9070 30.3780
133.0182 23.9956
134.8925 32.8556
126.9596 27.9021
134.2116 32.7215
133.4030 24.1714
137.0651 30.6690
130.1659 26.4880
135.4616 26.9765
130.4133 22.0853
130.6405 25.5899
138.0535 26.9800
134.2506 30.9929
136.9176 30.9164
133.7448 23.2853
134.4815 31.8396
132.5218 25.9921
133.4258 21.3493
138.2767 29.2520
133.1844 31.6580
137.7676 28.8994
133.6638 24.9436
135.5591 27.6121
141.4595 35.9456
131.1764 28.4130
146.2224 34.8333
140.1016 33.1558
130.3318 26.6833
133.3607 23.7548
129.5308 27.3916
131.2477 29.0248
136.8048 27.7237
136.7864 31.7089
138.2150 29.3237
133.3924 23.6108
133.3942 25.0844
137.2360 26.5640
136.4673 28.7321
129.2889 27.6906
137.0496 30.1862
130.4433 25.4710
133.8630 24.6702
138.8288 34.1426
136.1977 27.5269
132.2251 29.4905
137.1177 28.2543
130.5447 25.9196
133.6727 22.2885
129.8679 26.5896
131.2339 30.5094
130.3981 26.4668
135.4467 31.5513
130.7698 25.6688
133.3678 28.0665
139.8706 28.1812
136.5548 25.9235
133.2836 21.0807
133.0410 23.6889
144.4979 35.9850
137.4101 26.9780
132.5023 28.9039
138.8250 33.0055
135.3461 29.1821
137.1033 27.8526
129.5195 27.3546
138.5056 29.0154
130.8278 28.3604
133.3600 28.1762
138.9909 34.2656
125.0794 24.4846
134.9668 28.2560
137.2481 29.6432
131.5845 25.3445
135.3706 29.6538
135.0469 27.7801
135.0026 32.0805
144.2464 38.6824
132.5358 30.4387
136.4769 28.9164
138.0647 27.2722
135.2144 27.8635
127.4536 25.5710
143.3844 36.2062
136.5283 28.6864
134.9661 27.6902
133.6819 31.2959
129.7212 27.7853
129.4843 27.3097
141.4237 34.7043
131.9950 29.3517
132.4174 29.8716
132.2840 29.7494
132.1149 24.7533
140.1136 27.5835
130.6604 27.2353
134.8138 28.2185
134.5263 30.3610
135.9409 27.2506
131.7939 29.6636
126.4890 24.3415
136.5572 28.1851
131.1922 25.9783
139.6700 28.4235
136.1462 25.8114
137.2348 26.4406
131.1852 28.6490
136.9659 33.1253
133.7811 29.9600
138.5518 32.5307
135.8808 27.9559
136.1541 28.0610
131.7916 29.2374
139.0635 27.1241
137.9426 26.8073
134.7368 29.7986
134.0294 30.3745
137.1934 27.9392
138.0614 28.4870
132.9697 24.6119
124.4225 20.0178
138.6991 27.4937
135.2712 31.8660
134.8068 28.1021
143.0188 36.2555
137.7867 27.0567
138.8583 27.7212
130.8058 27.5021
138.3167 31.9623
137.3096 26.5388
129.9618 27.0468
133.3449 22.7869
122.3922 20.6646
136.3630 27.2292
131.8840 29.3747
139.9132 27.8750
134.5707 29.3537
129.9288 26.7216
123.2856 21.1209
137.9997 28.4100
137.2424 30.2944
131.7210 24.5123
128.7676 25.5621
137.0063 26.2217
136.4986 28.0252
134.2235 28.6662
134.8855 29.3592
132.9625 27.8574
128.9619 29.6240
142.8318 35.4892
137.6963 26.4068
139.1151 32.4362
131.2294 24.0487
131.9680 32.1869
124.6364 22.5899
134.0563 31.4364
132.4706 30.0131
131.2466 26.1624
130.4599 25.9646
133.9015 28.2436
129.4034 25.5796
131.4030 24.7552
137.3065 29.5308
136.4184 27.2721
132.6960 29.7328
133.8556 29.4266
130.0533 26.9724
137.5392 28.7495
136.8791 28.2801
137.8894 28.2371
134.2370 30.9881
138.8413 32.1386
134.1052 27.6804
132.4557 29.9874
131.2912 26.2530
136.2512 26.3431
133.0666 28.1588
129.9932 25.6649
136.5822 28.8663
129.5805 25.6525
136.8262 27.8404
136.6962 25.9673
136.6795 27.1248
133.4325 21.9216
134.2390 30.0512
139.6733 28.5128
131.5200 26.3832
138.4498 27.3470
131.8836 21.3648
130.4429 25.8592
130.6900 24.3996
124.5961 21.8108
132.7874 29.8114
138.2281 29.4387
140.0344 27.7166
136.0470 30.0592
139.5068 27.2799
136.5882 25.6583
133.2913 23.7645
132.3238 28.8714
131.9077 25.1202
135.4395 31.4034
125.2619 20.3776
132.5115 29.5495
131.0289 28.4243
129.7734 27.5207
138.2920 27.0762
136.6153 28.9881
142.4632 35.7926
138.2407 28.4571
134.9607 29.3407
132.7765 24.6454
131.0886 26.0641
137.4767 26.4601
132.3082 28.9507
124.8775 22.3751
136.3674 27.3875
134.3023 31.0752
131.8909 28.7890
137.6142 29.5573
133.5680 21.3709
124.0191 20.6667
131.3280 28.2049
132.3861 30.2373
138.0813 29.5571
137.8525 29.0114
132.8197 28.9894
137.0009 26.0263
137.1237 29.8962
137.8563 29.6365
137.1275 31.6854
135.4397 27.8150
130.7507 25.5105
139.7789 27.6192
131.7856 27.5245
136.2120 32.2843
129.7036 25.4639
132.0350 32.2082
133.3849 28.9623
137.6579 29.9073
132.5577 30.2747
129.8158 26.3222
133.7059 31.6577
128.9844 25.4297
135.8522 30.2569
138.6097 28.3949
130.7999 26.2927
131.5007 24.3202
130.7481 25.2152
135.8103 29.0420
132.7212 21.1092
139.4465 31.5136
138.2823 29.5170
134.0195 27.7345
133.5736 22.3730
131.5223 31.2968
137.5508 28.5563
138.2994 28.6868
136.2952 27.9768
132.0588 29.2996
136.4323 30.3944
137.5006 26.8593
135.0359 32.0851
133.3477 31.6253
138.0356 31.6427
129.0145 29.8609
129.2840 26.2914
137.5167 31.6335
140.1393 27.7841
138.8958 33.7363
138.2186 28.5207
129.8906 27.7016
138.1779 32.0033
132.2610 28.9009
136.7389 27.9247
137.8453 26.9781
138.1266 28.7069
138.4269 28.9666
138.6085 27.6740
134.7232 31.4040
123.8726 23.7641
140.0798 33.1074
133.8416 30.7685
138.3981 29.6568
139.8281 27.7031
135.6673 29.3390
132.2165 26.5425
133.2905 25.1253
132.7334 26.4466
128.7541 25.5193
133.3153 24.4083
131.0636 25.3295
138.1383 30.0872
132.9936 29.4850
131.4154 26.5261
135.4498 27.9408
131.4901 23.0527
133.3903 21.7798
133.8994 31.5390
132.5753 25.1969
124.3713 23.2415
135.7299 27.4648
139.4581 27.1988
140.4571 27.3929
130.4878 25.5701
129.0982 26.3987
137.5375 28.5610
128.4516 27.0917
136.0763 27.6624
133.7992 31.8622
136.2897 27.1316
133.4684 22.7273
134.7278 29.7573
134.6956 30.0903
131.6302 28.6488
133.0282 24.4799
136.9952 26.5584
131.8338 28.7397
139.0845 26.9362
138.0549 28.0317
135.0091 30.2078
131.0957 28.5011
131.5876 32.0211
137.1021 29.6088
129.1969 26.2255
135.1656 29.0563
128.2794 25.5903
139.7352 29.6836
128.6296 27.0755
137.1042 26.4318
136.9736 28.3506
134.4467 27.8399
136.8634 28.3714
134.5106 27.9410
133.9171 29.3873
138.4669 27.4664
135.3955 27.6294
135.8446 31.1515
131.6222 24.8397
131.6116 28.7847
137.8963 29.7653
135.3151 30.7475
133.1581 23.2411
130.7810 27.6855
138.6632 27.0831
128.7502 25.5233
133.6400 22.6178
136.5465 27.8225
133.8935 22.5941
124.3217 24.0008
139.2338 32.9330
127.5738 28.4696
138.5611 29.4097
128.7058 26.3886
145.8498 34.4995
132.8667 22.1153
139.5810 28.1388
132.1072 24.6718
133.7528 21.7975
132.8547 25.9340
131.5360 24.8774
135.0599 28.5000
133.1584 23.9268
130.6852 25.0185
132.9240 28.6980
131.4171 26.0569
126.6362 24.7401
137.1907 26.5796
131.8821 32.1351
138.2155 31.8387
129.8645 25.6828
136.6746 28.2082
124.1287 24.5319
132.7845 29.5963
137.4233 30.3477
135.6207 32.4506
131.3702 25.5611
137.7054 28.0759
131.4173 25.9023
138.1914 29.4546
136.7477 27.6381
135.2528 27.8565
138.7582 27.5569
132.8375 21.4401
132.6498 28.3411
132.7087 30.1059
135.1092 32.6454
131.5972 29.1748
132.2145 24.7022
136.1875 26.5038
132.7798 24.8351
138.2944 29.2483
126.0786 20.3712
136.9748 28.2888
133.5023 23.9488
137.3377 28.0287
134.6278 29.4457
139.1595 33.9176
139.8482 27.4321
131.2844 25.9860
137.8731 30.0337
139.6237 28.9233
135.3528 31.6186
127.7782 28.6053
137.4818 27.9752
136.7535 30.6755
134.6833 27.7196
136.0422 28.0741
130.6217 25.9419
136.5700 29.9647
138.8858 27.0491
136.5011 27.8028
131.7030 28.5335
133.8717 21.8011
132.9269 31.5211
124.6459 23.0709
136.5014 27.6927
134.7126 30.5207
133.5449 22.8965
137.9616 26.8902
135.9896 25.5968
132.3139 28.1815
133.5858 22.9156
131.5855 26.1192
131.7959 26.8476
137.5454 27.0702
132.6408 26.0234
135.6168 32.6290
132.2428 28.9026
131.7026 28.0998
133.9373 30.7460
132.7895 28.5772
133.5587 22.7409
133.7059 23.7482
131.5407 26.6584
136.3306 30.1956
139.0423 28.1500
138.0787 28.2884
137.7797 29.0354
136.0962 27.2245
132.9487 28.2570
124.7846 22.8056
131.5793 23.8726
135.1780 29.3414
136.9274 31.7350
130.3078 27.8446
130.9016 25.7993
135.4469 27.5998
135.2791 30.6369
128.4639 25.8939
139.6500 28.8903
134.6606 27.9826
134.8976 28.1672
138.8750 33.3979
136.6854 27.3359
135.4365 27.8669
130.9037 25.8972
135.1655 29.1347
136.7496 31.6639
134.2463 29.7991
134.7817 22.2616
139.7779 28.8610
136.2543 27.2465
135.0813 27.6827
135.1205 28.1822
131.2942 25.1382
139.7220 28.5341
137.7243 27.9251
138.2655 28.8984
137.2715 28.0562
132.3183 26.2184
132.9839 28.5477
124.7148 21.2238
130.8995 27.2531
136.5817 30.5252
138.4071 29.3841
139.5835 28.1686
138.4072 33.4271
137.1189 30.1077
139.6568 29.4715
136.0172 25.8418
138.8544 34.4720
139.7626 27.5622
138.7919 33.7475
136.8199 26.2287
139.8453 32.9745
141.5443 34.4909
137.2791 29.8067
134.4010 32.6096
139.6551 27.8892
139.7952 28.4388
137.2862 27.9411
133.5346 30.2532
139.2276 28.0203
143.3728 36.1869
135.1246 33.2029
139.2240 34.5213
129.2291 29.3713
136.4244 31.7470
127.3698 27.0704
136.2434 27.7886
139.5228 33.4375
139.7835 28.3906
136.8134 26.2822
137.0801 31.2258
137.8999 28.0537
134.9686 27.9018
139.5999 28.4248
137.2191 30.0588
138.2547 29.0573
139.4787 27.3136
136.1895 30.3129
127.2246 28.0596
139.5427 27.3752
144.5020 36.9838
136.8225 27.8377
127.3439 28.2624
138.1454 27.0413
137.8755 27.1441
135.9335 31.9917
136.6644 31.6199
133.8198 29.1581
139.1510 27.0353
137.1173 28.3637
137.4072 28.8726
127.8051 29.1241
134.2518 27.9087
138.6907 27.3771
135.5084 31.1273
134.4401 22.7637
139.6162 32.5282
133.8330 29.5983
137.2616 26.2930
145.3866 34.4615
135.9843 27.6732
131.7046 31.0606
137.3559 27.2908
145.6898 35.3107
137.5877 26.9069
138.8268 27.0368
136.3756 32.0486
137.8121 28.2372
137.7585 26.8123
139.9185 27.8275
139.6770 27.3212
139.6651 27.7546
138.9471 27.0732
139.1326 27.1107
139.5876 28.4973
138.0341 29.4488
138.9021 32.4691
137.2768 26.8347
136.7812 26.2965
138.2172 28.8318
145.1157 37.9860
134.6397 25.4943
135.1674 32.3885
139.6187 28.1471
141.4986 35.2724
132.2109 29.6168
136.9451 28.5788
137.4719 28.6228
137.5394 30.0843
140.0324 27.5220
137.7463 31.5300
134.2158 27.9057
137.4249 26.8134
139.0818 33.0258
132.5893 28.2152
137.8514 26.8411
138.5007 27.6742
135.0125 28.1467
140.8411 35.0105
137.7257 28.2218
132.8389 28.1391
138.3441 28.8802
136.5746 30.2159
137.4063 29.5736
138.8361 33.6635
145.1222 36.0842
137.2456 30.0792
146.7683 38.3490
139.6310 29.1823
137.2419 26.6002
126.6407 27.1175
138.4081 32.3200
146.4034 35.7978
136.5092 31.2271
137.1705 27.0524
139.8098 29.1260
138.6984 32.3169
132.2530 28.2112
144.8031 35.7129
136.3054 30.8679
137.1432 30.4961
142.0572 34.9345
139.7204 29.5735
138.3290 28.9494
137.7220 28.6301
138.3585 28.9432
137.1355 31.4359
134.8726 28.5512
139.7999 29.2109
146.1147 35.4027
129.0541 26.2144
139.9699 27.6408
134.2533 28.0576
131.1353 27.0352
145.0801 33.7920
135.1956 31.9827
136.2525 30.5946
137.9913 28.3821
140.2787 33.3414
139.9297 28.2761
136.7860 27.7691
140.1248 34.1527
139.1719 33.3446
139.3166 28.0782
137.8334 26.8385
140.5360 34.5662
140.0167 27.9753
133.9586 27.9412
139.0110 31.3905
139.0717 27.2352
126.1392 27.5985
139.7084 29.2577
138.8630 27.1772
136.4210 28.1889
138.7909 29.3497
141.2194 34.5828
136.5312 27.8003
144.6204 36.6487
134.3443 32.3998
137.6991 28.5860
144.7692 36.7578
136.7978 30.7887
142.9014 35.8934
136.6306 30.5475
140.2395 34.1104
139.8348 27.9357
133.3108 29.6591
138.8977 27.1293
137.3158 30.2759
145.0033 35.8307
141.3500 33.6034
137.4575 28.7957
140.0851 27.2135
136.5160 30.3362
132.5942 29.8311
139.2981 33.8004
140.1639 34.1505
138.2040 31.8197
133.7338 31.3032
130.3363 27.2452
136.9516 30.3453
135.3846 22.5619
138.8620 32.5394
133.0985 20.8840
135.4585 30.1180
137.1035 27.1728
134.4593 32.7317
134.0374 24.3977
131.4609 30.9315
134.8605 26.3720
134.3308 27.9531
133.1856 30.5309
138.7823 32.8597
130.8299 27.9697
138.0073 28.4153
135.4963 28.0012
137.4721 27.1024
134.6604 31.2647
132.1354 29.6181
138.5663 28.2550
132.0664 28.5845
139.7961 32.9069
136.7539 27.6588
139.2218 30.3863
132.6824 28.0761
139.1140 33.7659
133.9920 22.6504
133.7120 28.9349
139.6263 29.1497
123.0787 30.2207
125.8245 24.5057
134.0389 22.6363
126.3663 26.0127
139.5734 28.2768
139.9766 27.4030
145.0968 36.0651
135.5400 32.1008
137.1823 26.5495
140.4904 27.8717
134.3358 21.3738
138.1731 31.8829
136.3717 30.4135
132.9513 30.1762
130.6488 26.9562
137.6843 27.3742
133.3291 29.5503
133.9757 31.8433
140.0438 27.6832
138.7740 33.3370
140.0056 27.1702
137.8873 29.2209
132.7866 30.8013
145.2655 34.9122
135.7501 25.6496
142.9439 35.8593
131.5634 27.3576
136.2442 26.7365
136.9514 30.7709
134.1066 22.8115
132.6813 25.2648
136.9308 30.4124
134.2667 23.4018
139.8228 27.5977
134.6395 22.3549
136.2997 30.5818
132.1531 28.9368
137.3250 28.8681
136.5208 30.5939
133.8452 29.4457
135.8614 26.0518
132.7938 30.7618
140.2686 26.6923
129.3821 29.3264
131.8440 29.5514
134.3253 22.3512
139.7416 27.5985
139.3711 34.6263
137.3980 30.4180
138.0165 30.0197
133.6124 21.5689
138.2678 28.5430
131.2279 28.5775
137.8600 28.4466
131.7927 28.6198
138.5156 28.6850
139.5174 27.2244
133.0868 30.3505
125.3173 23.2295
136.1597 28.2053
143.6593 36.2379
136.3055 28.1193
131.0314 21.9518
135.4920 26.0651
137.2064 26.9118
141.2899 34.3288
130.7756 26.9154
133.1604 24.3822
136.0914 28.0672
130.6503 27.3822
144.3569 35.0851
131.5197 28.2134
133.3098 23.8608
131.4146 28.7973
137.0938 29.4459
132.3930 28.0272
137.1067 26.4980
136.1888 27.5629
133.5878 22.5575
139.6465 28.9562
127.6663 24.9654
136.6792 29.4972
129.8637 25.1059
138.5310 28.6585
133.0570 30.4893
136.1752 30.4234
135.4834 27.7003
138.5381 28.8522
136.6664 28.1512
135.3790 28.6014
140.2901 33.3914
136.2101 27.8488
142.2997 35.5872
138.1966 31.8792
133.0674 20.9297
135.7767 32.2537
137.2879 26.3879
133.8186 23.8721
130.6217 26.4350
140.0599 27.9862
134.8748 31.4474
140.5513 27.5077
126.2226 27.7342
134.1557 31.3326
133.0663 22.0494
130.2080 26.4356
135.4500 29.6295
139.3120 27.0715
133.5165 22.4624
141.9126 35.6146
139.8343 27.5292
136.4404 28.0914
136.6672 33.7024
139.6294 27.2789
127.4330 28.3236
140.1379 33.0765
132.6648 29.2931
130.6640 28.0313
136.2802 27.8754
136.8872 28.1866
132.9622 27.7055
126.1057 24.3449
132.8382 24.7130
138.9050 27.6990
136.6169 27.4151
133.1499 28.2360
133.6115 27.9919
137.5435 26.5264
136.6757 28.2259
131.3201 27.7653
132.7120 28.1693
136.1821 28.1294
125.7056 21.9783
131.4890 28.5490
126.8064 26.7751
136.2496 27.5855
131.0549 27.7528
134.6835 33.4886
138.0099 26.9681
138.3633 29.1005
131.6390 25.6047
130.8761 24.5453
138.7710 32.4477
136.9598 30.8204
132.2247 27.5004
133.0650 25.2936
136.5074 27.7289
140.2971 34.9535
133.0251 24.7939
139.8799 27.6959
129.8839 26.6405
131.8151 31.7181
133.2463 21.9596
139.9448 27.7689
137.6284 28.7223
131.8516 27.5065
138.4935 26.9265
137.6796 27.4280
130.0005 26.5213
134.0295 30.1660
145.9955 34.7031
123.7613 22.9027
136.9716 28.1544
135.8627 27.3453
140.4333 33.4973
137.8712 31.5380
129.5460 25.3965
134.8604 29.4284
130.9777 24.4359
132.1069 24.7523
137.0033 28.2401
137.5748 26.6438
129.6104 27.2333
136.3660 27.6084
135.6727 27.8221
135.9817 32.1688
136.7371 28.2297
134.3271 31.8370
135.8107 27.6226
137.6761 28.0937
132.8321 24.9836
139.7222 28.4625
139.8536 28.1665
133.2207 22.7961
134.9513 32.5509
137.1649 29.8553
138.3842 32.3831
137.5683 28.0873
137.0471 28.6297
133.1162 22.1759
136.5002 28.8242
133.1297 28.6491
136.5518 29.9675
136.9763 28.3679
136.6303 27.9991
136.7392 28.1834
136.5586 27.4114
131.5307 23.9526
130.9121 27.8717
130.7996 24.1520
137.1488 29.5003
135.1066 27.6267
131.6147 24.2808
135.2175 29.1019
140.9180 33.3912
131.8562 26.3632
135.8717 27.6852
138.7140 27.4545
134.4878 30.0634
134.7591 31.7996
136.5730 25.9601
137.9528 28.3074
132.9592 25.3147
137.7589 28.1924
130.7852 28.0621
123.8981 22.9127
135.6119 31.9875
136.2558 27.6879
135.6019 27.4468
138.9091 27.1601
133.0332 25.4905
137.2102 29.8563
136.1374 30.6766
137.5459 28.6012
134.3644 23.3865
137.2705 26.5325
132.3623 25.9214
137.4985 26.5014
134.3105 31.2269
137.2383 28.3536
136.7593 27.5202
140.1563 27.6822
136.6584 28.2368
125.1113 24.4686
137.2950 29.4711
137.9246 28.2156
142.1034 35.7322
137.1633 26.3245
134.3629 21.8619
138.1332 29.4561
137.9688 27.5264
137.1237 28.3084
132.6811 26.3817
137.4213 28.4901
136.2173 26.7425
134.7105 27.7962
130.3020 26.8407
133.7000 33.1041
138.3136 28.5551
126.6560 26.8216
132.3974 26.0211
140.1341 27.1437
141.8599 35.6614
136.1937 26.3978
124.0682 21.5957
123.7915 20.9328
136.0515 26.4421
132.1354 30.1708
127.6721 28.2631
133.4790 21.3615
127.8863 25.0948
137.4454 28.0353
136.7108 29.4111
137.9468 26.7772
138.8172 32.8276
137.3621 26.4328
133.8972 21.7428
131.6885 31.2615
139.6243 27.3988
137.2593 27.8360
134.3632 21.9448
138.3221 29.8924
134.0820 27.9700
127.7007 27.9789
131.1097 26.2628
133.9525 23.3687
138.7666 33.8810
136.9190 31.5908
130.6400 26.1827
137.3117 26.8229
130.6745 26.2636
139.7787 34.0907
142.8315 35.7858
130.5141 26.0678
133.5741 25.3284
140.2107 33.1831
137.2191 26.3755
129.7861 26.4273
132.7711 26.4288
130.0845 27.0110
131.4017 28.7800
141.2044 33.9271
126.8929 28.0985
130.4228 27.4647
134.0703 28.0376
129.3466 26.6488
131.0384 25.8729
139.7636 29.2545
133.9639 24.2914
125.4976 23.7589
133.0175 28.3546
134.0246 21.8485
137.5872 26.9889
138.7858 34.0643
137.9835 28.4087
140.9533 34.5962
137.8092 28.2449
126.1460 26.2831
138.5668 34.0261
127.1708 27.5063
136.6429 27.1366
131.8022 29.0474
139.5856 28.7965
130.8365 27.1082
129.7338 27.5159
131.1052 25.8799
131.9658 28.1977
134.3029 27.9234
135.1671 29.6385
134.7213 31.8801
133.7369 29.5925
135.7506 29.5726
127.2898 28.5074
133.3845 28.6071
133.9852 25.1708
132.1783 28.8859
131.1561 25.6338
140.0425 33.1502
139.8145 28.4787
130.9415 26.5232
135.2806 31.5116
133.4686 31.4438
132.7357 31.7711
136.3233 27.3395
137.2623 26.2995
136.1698 25.6570
137.2022 26.3584
136.5712 30.0724
130.8891 26.5376
136.2855 26.8675
138.6905 33.7741
137.2253 30.1905
131.4830 26.2806
136.7667 33.0976
137.5151 29.5528
133.5479 24.1339
136.8027 27.4009
139.9776 28.0948
138.8242 32.4447
132.2849 28.6222
136.6046 26.3602
138.3399 29.5583
141.5400 34.9831
136.6031 27.5117
137.3181 28.5239
138.2208 28.4605
134.4007 31.6036
134.2596 25.0497
138.1357 28.3663
130.5879 28.0835
130.9401 27.6386
139.4252 34.1142
138.3564 29.3665
134.4500 27.9822
138.4558 32.3838
130.1313 25.7713
125.0187 24.5235
136.3331 25.7091
131.7157 28.3097
140.0307 27.6827
139.7392 27.5050
138.2162 30.5800
136.5869 27.5347
151.6072 35.6006
136.3093 30.7995
138.5624 28.6824
136.9798 30.0301
139.8852 27.9031
138.4345 28.6734
135.0564 32.2918
135.5277 31.6270
138.4832 34.3667
138.3224 30.0685
135.2394 31.7464
136.5028 31.4396
141.4426 36.3020
132.4236 31.7173
141.2893 36.4467
136.5966 30.8615
141.0483 33.7650
136.9545 30.0911
138.4299 28.9882
137.3174 31.0195
138.5606 29.1469
139.2027 32.1770
135.4021 31.6380
136.1203 31.7123
139.7424 33.5487
137.1811 29.7808
142.4847 35.1332
136.9585 30.5458
139.8633 27.9679
151.1863 36.1699
139.2912 27.1908
138.7506 28.9882
136.9576 30.3438
136.7146 31.1846
137.3306 33.4787
139.6456 27.2779
138.6471 29.1702
139.6894 28.8096
135.7039 31.4125
138.1876 28.4780
137.9008 33.9579
135.8681 27.8016
136.0233 30.7539
137.2473 31.1052
140.2599 33.4434
137.1637 30.4434
139.8727 29.1172
136.7038 30.7912
151.0352 35.7319
139.9597 28.7768
135.5316 31.2601
149.0670 35.9020
139.9329 27.6830
136.3903 30.1139
135.8339 27.8666
136.2238 28.0431
138.2567 28.5751
139.6100 28.1535
139.6802 28.8897
135.7722 30.9798
139.7826 27.7715
140.1764 33.4255
134.8988 32.4297
136.2684 27.9239
138.4555 29.8600
139.7818 34.0688
139.6193 30.2921
137.9014 33.9819
141.7357 34.8538
137.0576 30.4241
136.9853 27.8398
136.7089 31.4247
146.8083 38.3360
137.3971 30.0708
138.3792 27.2170
134.3619 33.1049
145.5914 40.0732
140.2510 33.4772
136.9261 30.0577
137.0134 29.8602
143.4961 36.4041
140.3064 33.9917
137.7727 30.2574
135.7703 31.5201
136.6934 30.9628
140.0829 28.0064
155.2085 34.1904
136.7303 30.9327
136.5294 28.0432
137.7960 28.1223
139.0580 27.1159
136.5977 30.9991
140.4142 34.8701
140.2715 34.2192
136.3648 30.8131
148.6748 35.1921
136.7242 31.0919
138.1836 30.3445
135.1064 32.4228
136.1574 30.8998
139.9658 27.9561
135.2876 31.8205
137.1553 30.1927
138.7358 29.1663
139.6447 27.4940
139.9374 34.0051
135.0807 32.1284
138.0929 27.0085
136.6079 27.5144
138.1983 29.9322
148.4345 35.5661
139.8051 29.7012
134.9336 32.2301
136.8675 30.2367
139.7079 27.6401
148.8818 35.8073
139.9000 28.0572
136.4048 28.0288
146.5798 38.5126
139.7647 28.0428
135.6504 31.2170
137.1377 30.1310
139.2750 28.5244
136.1492 33.7197
135.0259 32.6441
140.2982 34.1024
140.3285 33.4773
139.7855 29.3711
139.9008 29.0368
137.7379 31.2981
137.7215 33.8569
139.8994 34.6186
135.5302 31.4457
135.9091 31.4866
139.8108 27.4211
138.3631 28.5295
138.3771 29.0446
137.6194 28.0838
139.8244 27.7520
136.3712 30.9472
137.1240 30.6977
137.3932 33.6545
137.0824 30.5192
135.1878 32.2471
138.4433 28.8639
139.9890 28.0805
136.2592 30.9636
146.3978 37.8477
143.6115 36.4092
139.7326 29.2107
140.2282 33.9429
140.1396 34.2255
145.4261 34.1329
135.7211 31.0347
136.4547 31.5704
139.6100 27.3831
144.9185 35.0667
144.3869 36.7460
136.6347 28.1527
140.0200 28.1037
136.6598 31.0552
137.0176 30.7812
150.4990 36.4950
138.7634 32.0648
138.4279 28.7131
144.7359 36.2714
137.1801 27.9846
134.9264 32.5887
140.3318 33.3699
136.7041 30.6006
145.4415 35.4476
136.3223 31.3264
135.2204 31.8412
139.4533 33.6475
136.1090 31.1776
136.6348 30.2969
140.7331 35.4695
137.1756 31.2401
136.2348 31.0095
137.9819 30.2407
136.5495 27.7936
140.1965 33.9555
135.4294 31.2899
136.9285 31.3612
136.9627 30.4225
141.3030 35.5056
139.4962 33.6275
137.8074 33.6898
137.2642 27.9369
136.5309 27.8458
139.7067 29.3473
137.0891 28.0596
139.8685 29.3412
137.4595 30.6848
136.4202 30.6037
136.0972 31.0903
137.7592 33.4702
135.6025 31.0364
136.0979 30.4284
138.5226 29.0753
145.0698 36.0455
134.7352 32.5884
137.5623 30.4663
139.3914 33.6078
138.3513 29.1871
138.3603 29.8460
136.6302 30.8017
136.6969 30.8157
139.6332 30.2083
138.8225 29.2386
136.5483 27.6123
135.7152 30.9971
138.8566 32.8966
135.8101 31.1745
137.4615 30.5338
135.6789 27.9259
139.6728 33.5658
138.4526 29.8868
137.9205 26.8355
135.8111 30.9409
135.4467 31.7688
138.3130 29.9399
135.9122 27.9102
137.9140 31.6032
138.7347 29.4926
136.9320 29.7906
145.1323 35.9790
139.9525 27.8767
138.6074 28.8271
144.5088 36.6710
134.7641 32.6216
139.7254 27.6558
140.2560 34.2185
135.3064 32.1227
152.9016 38.2598
136.6787 30.3885
135.9355 31.1364
138.5375 28.6114
139.3601 28.4225
139.9350 27.7507
135.9276 30.8072
145.7037 37.8123
138.1451 28.4194
138.5103 29.4489
139.8148 28.2105
136.6259 27.5045
137.3831 29.0146
135.8894 31.2325
137.8506 27.1655
140.8735 33.9055
139.8810 34.0246
137.1829 28.4164
135.6761 31.0934
136.9796 30.7246
137.7871 28.7954
136.1003 30.6954
138.4859 29.0429
136.8721 31.0193
136.1070 31.4190
139.9314 28.0802
140.8129 33.6601
139.8408 27.9933
136.3986 30.7065
138.0164 28.2701
139.8426 34.0392
136.6928 31.3359
135.4197 31.2818
139.5716 29.6445
135.4758 31.4996
136.6505 31.4332
138.6039 29.7712
136.0295 31.4093
138.6150 29.1318
138.6028 29.3806
137.6697 30.1117
138.4740 28.7347
136.5401 30.4616
137.3627 26.4163
137.0249 29.8447
135.8645 31.4880
135.8852 31.1616
138.5014 29.4798
139.7360 27.4371
135.6798 30.9730
135.5879 27.9434
137.7674 27.0595
132.4591 29.2214
138.8151 27.1889
128.8282 27.8792
145.0207 35.0007
137.7492 30.2812
129.4856 25.1675
140.6817 35.3498
136.1614 28.9279
139.6366 28.0019
148.6930 34.9305
130.7750 26.5399
133.1577 28.3417
137.1813 26.1278
129.3692 29.3998
139.4081 32.6928
134.6755 32.0774
129.0809 26.5336
136.8874 30.2509
145.3660 38.8375
136.6802 31.8187
135.4475 28.2744
132.0611 28.8526
132.3630 29.9754
126.6270 20.3101
128.8219 25.5849
128.9788 26.7728
145.8225 38.4078
133.5744 22.0501
134.6673 22.2233
134.4806 27.2577
137.5485 33.9517
136.8309 29.5336
133.0096 30.6087
135.8484 27.6765
137.4344 29.4486
136.4321 27.4505
137.7580 27.6648
150.2006 36.5265
133.1649 27.8689
134.1310 23.1990
141.0163 34.6546
133.7313 22.7852
138.6671 27.4101
133.9671 31.3033
136.2343 30.5352
139.5241 28.1643
135.1375 32.8365
134.5520 22.5929
130.8709 20.9714
128.4352 29.3132
132.0826 20.4525
140.4700 27.4651
137.2120 26.7115
141.7704 30.5273
134.9714 33.4369
137.6565 28.7571
138.9014 28.4215
129.6613 26.8768
136.0357 31.8954
137.9890 27.2639
121.8131 23.8350
137.4488 30.9366
135.1811 29.6651
133.7001 22.1563
148.3622 35.5849
138.4721 34.3607
138.3902 32.2264
138.6117 31.8365
136.0676 26.3227
134.9183 29.2500
138.5700 31.7513
132.0546 21.0860
137.5056 28.5596
134.6853 32.6754
133.2352 25.7701
141.2884 36.3203
127.8112 27.6601
136.5948 27.5289
133.7117 22.3708
136.4691 31.9095
135.4768 27.8126
134.1584 31.8106
132.9658 21.7397
133.7225 31.4207
143.9894 37.7586
133.0008 28.6696
126.0938 28.9624
135.5801 30.2418
136.6319 28.7746
136.5680 27.0996
138.1455 28.4795
139.8108 29.5782
137.1043 27.0131
138.8674 32.9549
132.6329 26.0105
133.8649 21.8227
132.6246 28.8426
138.2531 26.8959
135.0402 28.1003
141.3007 33.5170
131.5539 28.7175
132.0622 27.8551
131.4043 26.3607
134.1502 33.1697
139.7261 34.3612
136.8109 27.5509
136.4605 27.6447
137.5302 28.5959
133.1529 28.0476
129.6382 25.6426
131.4436 28.6617
130.8645 26.0493
138.4239 28.6588
139.7638 28.2202
134.2333 31.3206
131.7132 29.0076
132.4795 26.4532
136.9764 27.9162
133.6650 25.0324
130.0163 26.2167
133.1693 28.6726
137.4173 26.5997
139.1865 26.8577
138.6552 32.6307
139.5951 28.7492
137.0526 28.3444
138.4665 32.3579
132.6708 29.7285
130.6492 28.2565
133.1752 27.9181
135.8273 28.3060
135.6216 29.0275
131.5857 26.2185
137.3804 26.5219
139.7822 28.1996
133.9450 22.1528
136.5560 29.3648
137.1323 28.4382
137.4145 27.9818
135.4363 31.5457
136.1191 26.0449
133.6452 22.7029
139.8813 28.1294
133.9281 21.9777
133.7308 22.2122
136.9456 28.2196
132.1553 29.5444
137.9751 31.8434
131.3692 26.1067
133.5962 23.0195
130.3025 26.0262
130.8619 25.7184
138.3929 28.7469
137.4132 28.6765
136.2121 31.1720
136.6348 28.2026
133.5262 22.4642
133.6799 24.6292
132.0440 28.5901
141.6634 34.6801
133.1272 28.1073
136.6507 30.6828
130.4238 28.0140
133.7565 21.7190
144.0044 34.2417
133.7737 23.8790
132.8552 24.6331
129.9218 26.5409
130.9329 25.7820
132.8836 24.4703
136.8399 29.6290
140.1863 26.5858
130.9512 25.2567
138.2370 27.7000
134.4613 33.1460
130.7648 25.9729
139.8803 33.2406
138.5094 29.1582
138.9882 32.7079
134.4516 21.5439
134.7316 28.5715
139.7604 27.5998
138.1939 27.1105
139.3764 27.0058
137.0507 28.4956
132.8948 28.1746
139.5214 27.2073
135.9626 27.8452
133.0341 27.9964
137.4316 29.9087
134.4415 22.2822
135.1645 30.2453
131.3941 28.1159
139.6602 28.5345
144.1412 34.7638
138.3275 27.4308
132.7927 24.8426
136.4099 25.9659
132.9923 23.2310
138.1488 27.0642
139.7431 29.5024
133.2908 24.1543
139.5852 27.3947
139.6777 28.4255
134.2884 30.1353
131.0438 28.1533
132.4667 24.7398
134.7677 29.1752
139.6037 28.6871
134.5837 22.4768
137.5721 28.8208
131.7731 28.6300
130.4982 27.2068
135.8384 28.4092
131.2970 28.4981
141.1877 34.9502
133.1945 27.9839
139.8968 33.4023
136.9013 30.8568
136.0385 32.0800
137.9076 26.9377
132.8393 29.9503
139.1130 33.9026
139.8227 28.2692
137.8622 31.4690
135.6315 27.9709
136.7304 30.4390
134.4677 32.1143
139.7872 27.2598
131.1494 25.9130
136.0403 27.8065
134.9544 30.3349
138.8570 27.2672
136.6611 30.7704
125.4762 25.1869
135.6911 31.2193
134.2219 23.1240
140.0439 27.3105
139.2793 28.2362
125.7531 25.4714
135.2728 24.8941
133.7458 21.9004
134.5393 33.3092
132.1314 28.0459
131.4215 28.2326
134.2821 28.7633
132.1824 24.8513
130.5563 27.7539
139.3172 28.5456
137.4413 32.4820
137.2985 26.9473
135.7263 32.6227
139.6423 28.4415
135.0769 33.1099
134.5725 22.4283
133.8512 22.8499
136.7216 30.0258
127.3773 28.0139
134.1703 29.3561
137.7589 27.3044
125.1650 24.1633
135.1636 28.8553
125.4472 21.6644
138.3799 29.8599
138.4895 29.1442
128.1468 29.0271
133.1240 24.4589
136.3974 27.9220
137.4602 27.1202
132.4159 28.3065
139.8279 29.2715
135.3640 31.7403
136.3814 30.7179
139.7596 29.3991
139.8005 29.6150
139.5168 27.7195
149.3446 35.8542
139.0984 27.1033
136.7503 30.7359
146.7766 34.8663
141.6541 34.5164
139.6124 27.8294
137.4022 26.4919
136.6500 30.7349
138.5800 32.0727
144.8489 38.7018
137.2043 26.3434
138.6155 32.3814
136.1807 31.7602
143.1087 35.8950
136.2001 27.9531
136.6132 31.9118
139.2632 27.2297
142.2966 35.0290
144.1890 35.8740
149.0568 35.8324
140.7009 33.5413
127.3048 28.6151
136.4201 31.1535
139.5648 34.1569
135.8464 27.9726
138.5519 29.0044
142.3391 35.0351
139.7486 28.8859
137.6955 33.8749
145.8410 35.5485
141.6905 34.7513
137.7645 28.2088
138.1256 34.1624
145.3017 35.9695
145.8920 35.5479
137.3300 28.8311
137.6264 33.8881
143.7483 36.1993
137.6214 28.7865
137.0073 30.7280
137.1824 28.4222
138.3802 31.8839
139.4182 27.4214
140.3484 34.0165
140.0779 33.2675
149.9351 36.6271
137.9200 30.5312
140.2823 33.4845
137.4679 28.0225
137.1339 31.1211
136.1531 27.7822
139.9453 32.9679
137.0326 26.4297
143.7495 35.8551
136.5117 27.6051
138.5743 32.0318
131.7654 28.6462
140.3101 33.4120
140.4090 33.7040
137.9137 28.1656
137.6793 33.9501
149.5122 36.0560
143.1048 35.8908
135.2486 31.5530
136.7688 31.3436
139.7857 33.4114
141.8159 34.8598
139.9341 27.7975
138.5353 27.3915
141.8181 34.6693
137.3964 27.9887
139.7594 33.3238
135.3344 32.3213
136.9670 29.7517
134.9036 32.4713
135.3845 32.1529
138.2160 27.1781
139.7569 29.4103
138.5663 29.2054
136.4322 27.5398
131.4663 28.7795
136.4700 30.6972
139.8585 27.9037
136.2260 31.7821
147.5580 35.6043
139.8689 28.3095
122.9092 20.2713
125.4604 25.0791
139.9833 33.4977
126.1281 25.3626
131.5369 26.4458
129.5314 27.6127
124.6217 22.1084
133.5874 29.8976
137.3643 26.5973
138.2955 28.0286
127.8225 25.9092
132.8608 27.6915
139.8271 27.2454
132.4735 28.2263
132.0762 26.5432
146.2969 35.4869
131.8377 26.8228
133.7573 24.4729
142.1558 35.4608
137.8988 31.3101
134.4800 28.2473
136.1318 27.6879
133.3722 28.1508
138.9738 28.2710
137.5151 28.6465
135.8354 28.1866
133.8126 21.8812
133.1771 28.2568
140.5568 27.7636
136.5249 28.8275
134.5287 24.2090
136.1081 27.9919
133.5255 20.2447
134.4264 31.4127
129.5253 30.4442
138.4659 32.4402
141.3342 34.6388
135.6293 27.9220
140.8239 35.2846
136.5898 31.9381
128.0177 26.0510
141.1583 34.8010
140.0841 27.5501
135.5661 27.5139
129.2835 25.6499
132.6407 24.6082
139.9994 33.4664
137.2409 26.7030
133.7992 22.3416
137.4599 30.5193
132.8710 27.8210
147.3672 35.3547
133.8660 23.0896
130.3669 26.8668
124.6796 24.2809
135.1243 27.6683
131.3198 25.5871
135.7374 31.1406
137.7673 26.6220
134.3740 29.6368
136.9209 27.8942
137.8207 33.9770
137.1889 30.3038
134.7582 28.2092
132.0173 27.9483
131.4293 24.8317
134.8036 30.4632
132.2590 28.5569
131.8648 28.4803
145.3493 34.9612
137.2831 28.6412
139.7034 28.0221
138.3604 28.8349
136.1533 31.0510
137.0583 29.3789
130.9213 25.9453
137.2531 29.7787
141.4141 34.1735
146.5448 34.6790
138.3645 29.5849
138.3881 29.4449
129.4095 26.5960
134.6229 21.4784
133.5731 29.0808
132.4764 28.0063
133.5202 22.6589
126.9990 25.4076
144.4357 35.8634
136.5979 27.1924
136.8750 27.8358
133.9032 23.3665
136.9888 30.4259
124.2810 22.9757
133.4353 25.7282
134.1041 32.9497
134.5759 28.8251
136.8218 27.5289
136.7132 30.5897
136.9204 30.6714
138.1522 28.4030
139.6913 27.5436
138.5097 29.4551
137.0184 28.7666
132.4715 28.5937
138.4039 27.0165
137.1254 29.9544
137.8243 29.0107
135.1921 27.9290
136.7100 30.7009
136.3342 30.5346
138.8547 27.1365
137.5275 28.1971
136.5380 28.0336
137.6893 30.7885
137.1175 30.4222
137.1069 30.7806
139.8454 27.8758
145.1164 35.6774
142.2017 35.0218
139.7472 29.2458
139.9466 28.1995
136.1007 30.9387
137.9625 28.4607
136.1242 30.6067
134.6397 33.0761
139.6198 32.3614
136.5080 30.7261
139.0490 34.5934
139.6525 27.4206
137.0350 29.8468
139.4229 27.3175
135.7279 31.0619
136.9175 28.4080
136.7522 30.5537
139.8601 33.2992
139.2781 33.5736
135.4809 27.9664
136.9253 30.4042
138.2642 28.6533
138.2962 28.8984
137.8380 30.3688
136.0398 27.7057
136.8188 30.6551
136.0643 28.0463
136.4697 30.7013
138.9006 32.4388
136.2601 27.8383
136.1950 30.5668
137.6668 30.4369
135.0798 27.9329
139.7954 28.3124
137.7519 33.9552
137.5591 28.8479
137.2360 28.5582
135.2807 27.9851
134.8235 32.5215
136.2054 27.8731
137.4583 30.8678
139.6935 27.4874
136.6774 28.3596
136.6341 30.8521
139.8788 27.7907
137.1710 28.8199
140.4840 34.5837
136.3454 30.7744
135.9705 28.1375
136.8664 27.9207
136.9265 30.0485
136.5533 30.6017
136.4310 27.4834
139.8392 28.6502
139.7374 27.4054
137.2402 28.3676
137.2511 30.8186
136.9003 29.8869
137.0761 30.1787
135.6453 31.1661
135.9172 27.9080
140.8422 33.6268
136.7977 31.3675
135.8084 28.0423
136.9734 30.0858
135.6390 31.1475
138.3474 29.3750
137.3967 28.1520
133.7569 28.0285
138.2760 28.8706
137.9697 30.8543
132.5672 28.6145
138.3966 28.8595
144.9277 38.0938
138.5318 29.1544
137.2893 30.4645
136.8921 30.6759
137.5638 26.9376
139.7769 27.4749
146.3661 37.8304
136.6234 27.9097
140.7720 33.7534
142.4586 35.1916
138.2139 30.0824
145.0694 35.0439
136.3506 30.3007
136.9581 30.4254
136.6956 27.4635
137.9007 31.1079
135.7785 28.0088
136.2218 30.9777
145.5384 34.2172
137.0739 28.5357
136.6906 27.3789
137.3490 28.1168
136.1629 28.1874
138.6271 32.0793
138.0912 27.3142
127.2602 28.3694
136.1237 30.4508
132.2222 26.2224
136.1800 27.5328
137.6146 28.9102
133.3869 23.7537
137.5379 31.9344
141.3715 30.4163
134.6068 22.6332
128.6867 26.3708
130.9173 27.7549
137.3142 28.3294
135.2051 32.3935
142.1888 35.2809
133.8108 23.0637
127.2155 25.4762
131.1676 27.5211
137.4458 32.5475
135.9390 29.0629
150.0703 36.5903
133.0191 24.0801
124.9577 23.0386
134.0319 22.1346
132.4974 24.8673
130.3399 24.8296
139.2360 32.7158
134.1806 26.2682
133.4658 24.5246
129.1884 28.6980
139.0966 34.4001
132.5875 26.2902
123.8552 27.7987
126.3074 23.0998
137.3383 27.7977
125.7037 23.3659
138.7030 27.0572
136.0866 28.4623
133.3038 24.5826
131.2513 30.4201
136.9367 30.4875
133.5390 24.2657
133.8422 22.2864
134.1871 32.9911
139.4660 27.1856
133.3210 30.3251
137.2459 30.2813
130.9820 27.5678
139.3222 32.6528
134.0218 29.2037
130.6119 26.5424
140.0122 27.8530
131.8007 21.7555
133.5290 24.8653
132.5418 29.7138
132.5317 27.9261
124.8201 21.2130
130.6859 29.0430
131.1833 27.9902
139.5240 27.9356
121.7472 19.9967
129.4217 29.7016
130.2510 26.5345
133.4383 31.4828
133.3512 31.4860
138.3880 28.8053
140.3968 33.9390
133.9550 25.4313
138.5398 29.6737
129.3819 26.1508
131.5085 25.5487
129.8702 25.4861
131.9671 26.7121
135.7491 27.7393
134.6086 31.6348
130.6400 25.5781
129.0768 22.0961
115.6541 17.7668
122.2245 20.7098
131.4270 22.9350
124.5791 22.9544
131.2167 24.1420
127.5588 24.8245
130.7837 26.5617
133.9613 27.1531
129.8173 25.3436
130.2572 22.9490
129.8113 24.1663
133.3105 23.6337
125.9527 22.8377
130.6438 23.2991
134.3668 22.5828
126.5932 23.7561
126.3886 20.9061
129.8626 25.0679
132.9814 26.5111
125.4801 21.1518
131.9106 21.2262
129.6612 22.0188
121.9881 19.4549
125.5892 21.7599
131.6199 22.9168
111.9128 18.9219
133.4894 23.6457
130.8602 23.9698
129.3470 22.0620
128.6867 24.1857
131.0504 20.3138
123.7148 21.9131
137.9362 26.9944
138.9145 28.7593
133.6884 27.6162
137.4669 28.8073
120.8135 20.4420
116.8204 19.9128
129.4294 26.9556
132.6436 21.4727
128.3969 24.5699
130.8681 23.3977
128.6387 20.1153
126.3753 20.7013
124.9862 19.4485
128.3399 19.3064
128.4699 20.1350
133.4188 24.3702
129.3320 22.5135
132.8502 22.7784
130.9052 22.5324
126.5806 22.3732
133.8174 22.2775
135.4884 31.1490
135.9119 31.2453
135.0677 22.5835
138.8824 33.6795
132.0572 26.7451
136.2699 30.4538
131.4692 26.5133
133.2078 28.6059
131.7856 28.8693
136.4775 32.8593
138.5359 29.5066
141.3887 34.7496
132.1313 28.3643
133.8585 24.0273
124.6111 21.0601
130.3568 27.0949
130.5999 27.4642
138.6627 27.1498
133.9216 24.0304
140.7362 27.4264
134.7354 21.7293
136.2820 31.8357
133.9257 23.9024
127.2627 28.3504
131.3768 30.5811
136.6330 30.8628
135.9783 28.1867
135.9291 29.8671
138.7702 26.8588
131.5435 29.6494
135.5803 30.9763
139.7704 29.7880
134.8735 32.5154
135.5897 29.2910
143.1907 36.3096
134.5513 22.9306
134.2874 31.6516
136.1278 27.8350
136.8112 30.4273
131.4075 26.6707
135.1039 32.4306
135.4955 27.6588
134.3611 22.3030
136.3391 27.2776
133.2622 31.5835
134.5069 30.5068
135.5515 25.5005
137.2790 26.6853
139.9180 32.7794
134.5476 23.9764
130.9055 28.2948
134.9022 31.4637
139.5407 27.3507
137.9316 27.2483
135.8859 32.6435
137.4024 28.5988
139.6081 27.4090
139.7744 28.8061
130.6937 26.6041
136.3451 27.1600
138.3616 29.9969
139.7411 28.4107
136.4517 30.8297
140.6827 34.1315
136.0091 28.4901
135.3750 27.8668
133.8077 23.6169
132.9512 21.0409
132.5813 24.4490
138.2547 28.5786
132.1770 29.4342
139.8899 29.2242
123.1427 30.0382
132.1973 30.0459
144.7054 33.9906
141.7436 34.8876
136.0767 32.9425
131.4606 26.2407
136.7230 28.5402
130.4758 26.8565
130.8178 26.3847
138.7887 32.2551
138.9281 34.1737
138.2058 29.6891
135.0829 29.5792
138.0618 29.1698
130.1721 26.2289
135.0446 25.6136
126.4592 26.1133
140.3618 27.2132
134.2001 30.1968
135.8586 25.4983
136.9264 26.9333
130.5620 26.2762
129.3897 25.6784
132.8393 28.9395
133.3505 29.6797
140.3860 27.5047
137.0804 26.3978
130.8166 28.2557
135.1853 31.9306
138.5882 32.4859
128.4477 29.2778
133.1525 28.7713
137.4193 30.3889
139.4812 28.2769
135.7217 29.3758
137.4364 28.3510
131.7588 29.4164
129.8122 26.4897
137.2444 27.4029
136.3809 28.0833
134.7466 25.5254
140.1382 27.7758
136.9655 30.7302
124.3010 21.0917
128.2917 27.0185
132.7926 21.8717
129.3252 26.7442
133.1236 29.2228
128.1965 26.5146
137.7022 32.6034
134.9263 27.8091
136.8616 28.2733
136.1248 27.3835
132.1933 20.9607
138.2876 29.6950
131.3971 30.8640
132.2891 27.8371
140.3285 27.5564
133.4863 32.5315
129.5769 25.2777
136.9971 28.2969
137.3038 30.0672
138.8758 26.8968
132.9121 31.4485
133.1043 22.2404
134.3449 24.1452
131.4570 24.8608
124.0851 23.8083
130.6454 28.2427
135.8006 28.0248
132.5677 26.2221
139.7274 27.6670
128.8955 25.7647
137.5024 30.4870
131.3454 24.4798
131.4069 28.3830
133.3657 21.0819
130.5837 28.1760
135.8186 27.8128
132.1454 27.7451
141.5002 35.0887
147.7933 37.2890
138.9721 33.7081
144.0234 36.7331
139.6985 34.2426
139.8624 29.2210
132.4630 28.0119
150.5198 35.8902
136.5760 30.5560
136.7252 31.2790
140.0626 33.2441
138.4081 34.3391
139.6956 28.5287
139.9382 32.1085
136.5174 31.3741
136.9530 30.2387
137.9953 27.8147
133.8244 24.3723
136.4180 30.9566
134.4592 22.4847
144.7573 37.2297
137.4100 30.0500
140.2494 27.9350
136.9926 30.1545
133.2637 32.6601
139.5231 28.8058
144.2042 36.7819
144.3383 35.3423
139.9943 29.1134
138.0297 32.4104
139.5995 27.9323
135.4257 31.9434
134.4772 31.4778
138.0754 33.7775
145.1337 35.8095
145.6889 35.3386
135.5289 31.1737
137.5058 27.3569
122.1205 23.4396
144.7598 37.7208
130.9241 30.2618
140.3076 33.9418
139.6124 29.2427
143.5322 32.6304
152.8484 36.2427
121.5924 32.4922
146.1991 34.1534
139.8905 27.6437
136.2920 28.1839
140.1207 27.8810
137.3137 30.6351
143.4243 38.3234
136.6049 31.5327
134.4499 31.5661
137.7315 28.4397
136.0641 32.0058
152.0332 35.6385
139.6011 27.3376
137.9101 31.5467
140.7664 27.4063
139.5353 27.2950
136.0495 32.2078
139.0578 26.9437
134.6431 32.6851
140.0977 33.4403
137.1642 28.8382
140.3592 34.0525
145.4868 36.4357
139.1384 27.1143
139.0206 34.2169
144.8819 36.9570
153.0729 38.5034
136.5570 27.4032
137.3908 26.8100
138.7935 33.6221
158.0358 32.3224
137.6204 26.8561
137.3069 33.7357
134.4037 32.3955
136.5041 30.4697
135.8387 31.1235
131.5976 30.7137
139.2735 27.5768
137.4286 26.8852
152.1058 35.5897
127.1395 27.9249
141.1910 33.6123
133.8060 31.4863
135.3357 28.4788
134.6504 28.0962
133.7172 32.1249
130.0373 27.3687
133.9077 28.0113
134.1647 28.7846
134.9701 31.3005
135.0743 28.1734
138.4083 28.4983
135.1285 28.1950
138.3007 28.3922
130.2944 27.3376
140.9879 34.0877
134.0338 31.3505
135.1680 29.1551
136.5492 29.3274
131.4452 29.5383
133.5272 28.0236
132.9538 28.2129
135.7617 30.0672
148.6970 35.5770
130.6747 28.1320
137.1739 29.9988
134.8694 28.2180
131.3169 25.6517
139.8380 27.6911
133.7294 22.6247
138.7734 29.5359
134.1162 31.3828
124.2746 23.0352
131.2319 26.7037
138.7590 33.8835
134.9325 28.5645
134.8455 32.8969
133.7831 22.3108
137.2883 33.0494
124.9834 24.4066
130.7818 25.7802
136.4936 27.1010
133.5613 32.9541
136.3628 29.9963
136.6962 31.6822
141.3910 35.2260
141.2204 34.3362
134.9374 28.0297
132.6522 28.2392
127.2321 26.6342
136.2605 28.5636
133.6728 22.1660
131.5066 26.1004
139.2497 28.0984
134.7383 32.3970
135.2486 28.2958
129.9126 26.4634
141.2154 34.3807
139.8361 34.1071
134.0184 27.9851
133.6179 21.8322
141.2408 34.4790
136.7176 28.9684
136.3443 27.2880
135.9334 28.0284
129.7521 27.3164
142.2694 36.0497
131.1653 28.1037
138.1322 32.0071
134.2031 24.9959
130.9935 25.7495
141.0489 34.3893
139.3834 27.4099
137.5017 27.8824
132.9003 24.8638
135.2502 28.1274
134.5783 32.1809
132.2073 25.3026
130.7650 25.2498
130.5404 26.1405
141.8609 34.6045
137.3431 30.4773
132.9174 30.1708
133.6657 22.6637
132.9221 30.3882
133.9351 24.1479
133.7839 23.8306
138.4279 28.8186
134.2921 28.0244
140.0720 27.8622
134.4993 31.8253
133.1993 21.4682
136.2726 31.7695
133.6496 22.4982
129.9266 27.1811
147.1308 38.4727
134.5075 31.3829
133.3274 28.0228
135.0261 28.1496
132.2729 24.5025
130.6035 25.4030
136.1850 26.8649
139.6284 28.7404
135.5696 32.6320
137.6103 26.8109
133.5042 22.3331
131.9465 29.3951
135.7998 29.5738
129.0915 29.5636
138.1713 29.7171
131.5082 28.7047
133.7961 31.6394
133.2450 24.0123
131.7650 28.3149
131.0645 28.5108
137.3862 27.3723
128.4003 25.4852
130.5642 27.9878
130.1857 27.9695
132.4037 29.6701
130.2254 25.9878
137.0211 28.4520
134.6963 32.9154
137.3512 26.4417
133.2973 26.1066
131.6327 27.5336
130.9505 26.1703
132.7181 30.4161
139.7955 27.9105
126.7137 27.0626
131.6500 31.4377
129.2201 25.8628
137.9717 27.1009
138.4924 29.5347
134.5568 27.1551
127.5706 28.8050
125.5233 23.9869
134.5850 32.6086
133.2186 23.3549
129.4165 25.5427
133.6655 22.6934
130.0612 27.4448
139.5930 27.9684
129.6461 25.3545
131.6973 26.7316
129.8402 27.2272
134.1738 32.5990
131.3677 25.4871
138.2862 32.3183
138.4818 28.5113
134.6611 25.8879
124.1184 21.9774
137.2999 25.9380
130.6703 22.0712
125.7694 25.1190
127.1525 25.2957
138.1581 32.1820
135.0215 29.5711
137.3953 28.2870
128.9402 25.4398
133.5749 24.5710
136.5335 27.6326
138.9794 26.9365
133.2670 31.7240
132.3774 29.9946
135.9716 32.1139
135.8284 31.3401
139.9513 27.7981
130.8611 24.8786
142.3763 35.3128
138.9776 27.6803
135.1166 27.8600
136.4061 30.8440
130.3068 26.8297
137.9785 29.0517
136.2353 28.5398
137.1502 26.8980
140.6233 27.3070
135.4377 32.1876
132.6325 30.4618
129.8296 26.2649
136.9250 27.1953
134.0678 23.0828
133.8330 22.2407
139.7230 34.0857
137.9534 27.3204
137.2387 25.9738
136.5493 33.2511
125.6831 23.7525
130.4111 26.7386
133.1473 23.6676
133.6011 32.5964
130.3661 27.9060
139.7311 27.6617
134.0663 28.9888
135.7677 30.2178
131.4232 28.8518
131.3169 24.4812
138.3053 28.9805
139.7537 31.5162
144.8582 34.4928
130.2518 26.1461
135.6599 28.5595
134.7131 28.2046
128.7930 27.4062
133.3833 25.6671
139.9963 33.2371
133.0849 32.0565
129.8259 27.4431
138.8705 33.1772
133.4525 30.1206
135.3574 28.2988
136.4553 31.2005
130.3415 26.6046
132.1857 26.0725
137.3061 30.6552
150.7377 35.8616
136.7573 31.1111
132.4791 29.2557
136.2007 28.0944
138.8541 34.0242
133.2174 27.9839
129.4397 25.5693
140.0066 28.4976
131.6269 28.4592
137.3291 28.6702
143.2625 36.1644
130.1724 26.3263
138.2255 26.9234
135.9745 28.0141
134.6592 31.7703
138.3235 29.2390
133.4294 22.2602
139.8849 29.0786
130.8917 28.6593
132.3041 28.0772
133.6448 31.6708
133.1064 29.6926
133.6901 22.2703
134.2997 32.9318
124.8941 24.3544
136.9574 27.9817
133.4407 23.6236
130.6863 26.6303
139.4617 29.9106
138.3390 32.3074
133.0484 28.6109
137.5142 27.8713
138.6769 29.3625
130.8496 26.0307
135.9856 27.4166
137.4847 26.3430
133.4863 25.2110
139.5294 27.2068
133.3157 21.6144
137.9224 29.0375
139.3124 33.2139
133.2283 30.2263
130.8509 25.7564
135.5667 30.9588
139.5483 27.3424
138.9547 33.2955
133.4360 28.6118
124.6880 23.7305
136.3501 29.3629
133.1961 29.8062
131.2476 26.0808
133.2591 21.5372
138.8641 33.7137
137.0719 30.6416
129.7455 27.5583
133.0169 32.0880
132.6588 28.2527
133.5633 24.2416
134.6675 25.8146
130.6882 22.5351
138.9599 33.5618
138.9004 27.0813
133.2741 21.6087
136.9795 30.7109
137.0157 26.6058
139.3436 30.8810
130.2327 27.4080
137.9646 28.1259
124.0246 26.8820
127.8865 29.4662
124.5282 21.4835
136.1056 31.2422
130.8000 25.0915
139.6411 29.4596
126.8477 27.2878
134.6483 32.6255
133.4101 22.7750
136.6638 30.0901
130.0737 25.3018
136.6301 28.2318
132.4477 30.0054
128.7546 29.4271
126.8252 26.9349
131.6624 26.5019
132.5497 28.1162
133.1967 27.9778
130.8984 27.0697
132.4867 28.5540
139.4862 28.5189
132.9108 28.2964
138.0872 26.7247
132.6521 29.7672
132.0455 24.9530
139.8067 27.5881
137.9011 26.9098
138.9741 27.0716
132.3855 30.0697
134.4289 32.8018
133.5355 28.6051
132.0450 28.9469
132.9272 31.8267
139.7214 28.2489
133.2800 22.5435
128.7937 26.1519
136.7637 33.1086
129.0348 29.6275
133.4446 21.9029
134.6984 26.0345
131.3485 28.2031
135.8745 27.6697
142.8219 36.4037
135.7364 29.2106
124.2366 22.8816
133.1397 23.8387
131.8456 28.1142
136.7795 27.9477
132.5359 30.5944
131.7219 24.9637
137.1408 27.7823
132.8763 26.1191
129.5282 26.7740
138.2555 29.4876
134.1418 21.7910
125.0420 23.8430
136.1372 27.5771
139.9646 26.8821
129.4747 25.1702
137.8074 31.7289
131.2372 25.6911
133.1852 23.9592
131.7023 28.2752
129.7736 27.5232
136.7381 30.8364
139.7800 27.4864
130.3142 25.7409
137.6496 28.3194
133.9730 21.7344
133.0331 28.9025
126.0295 25.1264
135.6230 27.8050
134.3307 31.9860
137.0689 29.6166
133.6834 21.9054
137.9967 26.8619
136.5954 31.7229
130.2697 25.0326
140.0227 27.6121
133.3949 29.2878
129.2104 30.0776
130.3987 27.7428
134.8441 31.5390
138.1132 32.0432
138.3087 27.0058
137.2705 26.9895
133.6093 31.2801
134.3565 21.3993
132.6899 22.1033
123.5112 23.4106
132.0267 26.4349
136.9474 29.7633
131.6907 27.6651
134.5146 29.7401
123.8304 22.2071
133.3100 21.4010
130.0873 27.4393
136.2682 27.7041
132.3241 22.4410
125.0304 22.0562
137.8609 28.3302
134.0889 29.8823
137.0303 26.9278
136.6220 28.2167
130.7630 24.4943
137.4922 28.0431
129.3090 26.0208
138.8819 27.0161
132.3912 29.5355
123.4245 23.8654
133.3454 22.8357
130.0318 26.6409
136.6743 31.7669
124.9506 24.7892
131.0935 30.3460
133.2607 23.5664
134.0585 25.2454
136.5568 30.4889
133.8658 31.7984
134.5366 24.8295
131.2412 26.3317
134.8141 29.8026
125.0037 20.9872
130.0609 27.5226
139.4660 27.0047
130.6175 25.8595
128.1224 27.0546
138.8295 28.7742
139.7695 28.3304
130.4527 25.6197
137.6839 26.0781
140.2166 27.2934
138.8858 34.1932
138.1464 27.1081
133.9422 31.3536
134.8022 29.7133
136.4316 33.0167
138.9051 28.5811
137.7979 26.4788
134.2354 31.6078
134.4267 27.9570
130.2001 27.8064
133.7947 24.0342
130.5648 24.6024
134.4263 21.8543
132.0212 29.5288
137.2407 28.0906
131.6045 21.8022
132.8695 24.9166
134.3891 31.6770
137.0130 28.8683
131.4229 27.9299
137.8865 30.1916
128.8060 27.0079
132.6664 21.5093
131.9619 28.8338
135.2015 29.0953
136.9949 27.7081
136.6010 30.8944
135.8044 29.6347
135.1898 26.3264
135.6860 29.8507
131.7684 24.3002
135.2606 32.9273
128.9058 26.9569
130.8291 28.0895
138.4036 27.5830
135.7632 30.3325
135.0308 31.5522
140.1752 27.7144
139.8769 28.2346
133.0624 21.4530
136.7555 28.8198
135.2779 27.5768
132.0529 24.5565
136.5515 28.0844
134.3760 29.5304
135.2165 27.8095
136.6563 27.6591
132.5457 29.4064
137.0162 26.5346
135.8494 27.5454
137.7155 29.8562
136.8718 25.9931
134.6002 31.0174
132.4249 28.1461
131.1580 27.0471
131.7490 28.8583
131.9352 29.1394
131.1395 27.4929
136.4646 27.6769
133.1329 25.0237
137.0862 26.6295
133.2145 30.0582
131.6732 24.5514
136.3934 27.3474
123.7640 21.4183
138.1552 29.6352
139.4832 27.1772
131.2118 27.0377
130.4315 27.9082
138.1359 29.6423
133.7128 30.1073
134.8071 32.7600
139.2099 28.0012
131.8169 26.6158
138.8683 26.9048
123.6371 20.6845
140.0068 27.9088
133.1990 23.0663
136.8086 29.7818
140.1423 27.6506
131.7136 28.0054
131.2694 24.7613
137.1167 28.3536
135.4369 26.3063
139.7773 28.0354
133.2241 31.6353
133.3999 31.4008
137.8022 30.1105
132.9277 29.4743
134.8951 28.2335
132.3458 24.9901
139.7839 27.5242
140.1070 27.3355
133.4361 22.4413
136.2159 27.7070
136.0964 28.0349
128.8792 25.4429
128.6327 27.1844
133.1330 29.2125
134.0907 32.2736
135.4152 29.7429
136.3240 32.0433
136.2538 27.5355
138.9468 27.1062
133.1209 28.7434
131.2671 28.3671
133.1019 23.2169
137.8121 29.5478
133.1777 28.5277
137.8746 28.3832
137.1325 30.6228
136.0132 30.4806
137.0744 29.3656
135.8336 27.5758
131.5746 24.5063
137.0675 29.9559
135.1411 31.8627
137.0070 28.3408
138.5300 27.3991
131.8025 28.1184
142.3018 35.4269
136.9848 27.5192
135.6726 29.2711
136.7964 27.9418
131.6660 26.4086
133.0886 29.0245
129.8219 27.5292
137.0398 28.2422
129.5911 27.3751
130.8904 28.1152
133.4319 32.4335
123.3551 22.7394
133.3738 29.0704
134.7199 27.6967
137.5805 28.7929
135.3062 27.5558
133.3251 23.3583
140.0646 27.6941
131.8927 29.6171
135.0467 27.7744
133.6558 31.3817
137.6178 28.1172
121.9355 27.2809
132.2342 22.6023
133.8499 21.1768
133.7618 23.5619
135.4824 28.1537
130.2469 27.5370
139.7847 27.8173
126.0005 24.2919
133.3212 22.2950
148.0370 35.4760
139.3512 32.7132
133.3172 24.3496
134.6890 21.9395
137.7496 26.7764
135.5496 29.8693
134.3969 29.6744
129.8279 25.6604
133.2103 21.1517
133.1443 22.2556
127.7764 29.6715
135.9107 28.8120
129.3723 24.6510
129.9139 26.1808
130.6012 17.6556
132.2322 30.2423
140.5819 33.7582
136.4766 30.6262
132.2234 21.7996
138.2946 29.0420
136.3331 32.4990
129.5973 25.1708
132.8358 22.1664
130.9522 22.6786
133.2680 21.6720
124.6011 19.9722
131.6366 27.2828
137.4206 28.4550
132.7682 23.3942
130.7671 25.7994
123.9922 23.2319
132.3931 24.0766
130.2671 27.5789
124.5966 22.5367
133.3753 29.2575
133.3517 24.0977
125.3365 23.2380
132.9041 22.5045
138.8999 27.6524
135.3114 32.6460
132.4594 29.3965
131.8937 27.4973
136.9406 30.6016
126.5094 24.0929
134.6796 31.4740
131.5176 25.2179
131.9505 29.1479
128.7073 30.6189
133.7792 25.9053
131.1496 24.7352
125.9398 24.9889
122.5976 23.4927
121.2362 20.6487
137.4632 30.1229
146.3475 37.8222
136.6633 30.5370
134.9319 32.5202
134.1098 27.8889
136.5150 27.5739
140.9892 35.4274
138.5695 27.1318
139.3218 33.5958
136.2209 27.8380
139.7222 30.0263
139.8297 29.6025
137.2356 30.5902
138.9312 32.5275
139.8141 28.4326
138.3433 27.2507
138.3919 27.0891
137.2157 27.9712
137.9172 30.6167
139.6312 33.4952
142.0313 36.1917
138.4627 32.1322
135.8653 30.9812
135.4292 31.8818
136.8152 30.3722
137.9210 27.2424
146.0185 37.0961
139.2133 33.2148
136.9203 27.8039
145.0802 34.0994
139.2180 33.4104
140.0795 33.0814
136.6129 28.0359
144.8763 36.0484
138.1697 29.1132
138.5260 28.7513
137.6763 33.7445
146.7264 37.8902
137.0903 30.1649
138.2116 30.3428
137.4479 26.9090
139.2709 33.3108
140.8625 35.4332
137.6844 33.7736
146.5765 37.9439
138.5966 28.9542
139.3229 33.4427
136.4178 27.3426
144.5563 36.1939
139.9336 28.0307
139.7548 27.5559
138.5081 27.2270
137.3237 30.5154
137.8100 28.1723
139.6811 33.3381
136.6435 27.7209
144.1140 38.3220
136.5783 30.4937
145.4016 35.2887
137.2177 29.6675
138.6172 29.2511
138.4652 32.1247
138.1943 29.3307
144.5853 38.1825
149.2573 35.6861
146.7263 35.0189
140.4914 33.9044
138.5732 27.0521
136.7785 31.0628
139.7898 29.3492
136.2908 31.1171
145.5564 35.7712
144.1921 37.8141
136.3088 30.8014
136.0624 32.0092
136.7011 29.7830
136.5462 30.2075
135.1424 32.0952
144.4639 38.4150
130.9366 26.6905
139.3864 27.1817
150.5091 36.0845
137.7228 30.4084
144.6204 38.2385
137.5597 31.1548
141.2305 36.3759
140.3048 33.3842
139.6538 33.3848
145.5251 35.6783
145.5564 35.1745
137.2216 29.9060
138.2421 28.5132
136.7635 27.8533
138.3056 28.5242
136.6857 28.2775
139.3667 27.1963
145.3789 35.7261
144.4169 38.4325
138.9860 32.7773
139.4182 27.1880
138.5745 32.2473
139.6784 33.5038
136.8232 30.8038
138.8451 32.6844
142.8010 35.3561
139.8314 29.1805
136.2032 31.7263
136.3157 27.8347
137.6454 33.8535
140.8552 33.2912
136.4305 31.8733
141.6279 35.6091
136.1907 27.8940
139.9571 33.3887
138.4699 29.8165
144.3999 36.7188
140.6589 33.3807
146.5345 37.6291
137.2846 26.6652
137.6545 28.7645
139.0879 32.3597
138.8593 27.1047
136.2554 27.7288
140.3232 33.0162
135.5288 31.2557
137.1623 29.9152
145.1523 35.5143
136.1542 28.1108
137.0662 30.4710
139.5155 27.3343
142.5558 35.2812
135.6142 31.0096
139.0536 33.3311
136.9840 27.8093
134.3159 32.7825
135.9013 30.8508
136.9566 28.2871
139.8513 29.1596
134.4490 33.4009
136.4409 27.6673
136.3063 31.1716
145.1021 33.7604
137.7494 33.8982
136.8379 30.3966
138.4479 34.3376
137.5713 30.8148
139.1149 33.1380
142.0578 35.0272
136.6022 30.9114
139.9638 34.0251
141.9441 34.8787
146.4196 38.7175
137.6494 30.1468
136.1948 27.8946
140.7344 33.6476
139.1826 27.2010
137.1636 27.8484
146.6399 38.7471
135.0686 32.4393
136.6527 31.6402
138.4835 32.3152
135.6133 31.0415
137.2253 29.6683
138.1877 28.6169
135.1780 32.9648
139.7448 28.2332
140.2756 33.3021
137.6526 28.7964
137.0833 30.8972
140.0299 34.5661
137.1100 29.9874
137.2866 30.7526
136.7857 31.5344
137.7711 26.9076
140.5513 33.5114
144.6517 36.2458
139.7204 30.0080
138.3146 29.1814
137.0921 30.4363
136.0200 27.7645
145.9931 37.0734
137.1414 30.7180
136.0533 27.8315
137.4491 26.7601
143.3991 36.0320
139.8259 28.7268
145.4785 35.6925
139.8456 28.1014
137.7274 33.7812
139.2967 33.4331
145.5764 35.8206
137.8804 29.6578
142.4183 36.4329
140.0468 34.5936
137.6529 28.6825
136.7295 27.7051
143.4774 37.1767
136.7339 30.5587
137.2713 30.2172
132.9734 27.9452
136.9459 27.7767
135.8756 31.2581
136.2484 31.1618
141.9986 34.9394
142.7817 36.6724
136.5077 27.9665
139.1813 27.1119
139.4116 27.5274
139.8508 33.3137
136.6313 30.4935
136.0755 30.4234
145.1788 35.9212
145.6337 35.6881
137.5410 29.9728
134.3094 32.7072
136.0765 32.0472
136.6325 30.4423
139.7092 27.5258
151.3555 35.5508
145.7342 38.5200
136.6578 30.4869
138.5961 27.0866
139.9676 31.5961
136.6335 31.4616
136.8193 30.4152
138.6094 29.4756
139.3273 27.5221
136.9753 31.4405
136.7217 31.5011
136.5125 27.8931
138.1044 29.3334
140.1577 33.2538
145.4585 35.8430
159.1178 35.8619
151.1898 39.1068
138.4028 32.0710
140.2912 34.0248
137.6912 31.3208
142.8507 35.6140
135.7842 27.8205
136.8128 30.2882
140.7196 33.5657
145.1172 33.7997
145.5789 35.7469
138.2361 28.4480
137.6539 27.1437
136.7064 31.4900
136.3385 27.6903
138.9692 27.0817
139.7713 28.7768
138.1906 27.3065
139.7530 33.4504
141.0241 36.1642
147.3064 35.9759
139.9198 33.3219
135.6790 32.1357
137.9379 34.0902
137.1650 28.8259
138.7568 27.0891
136.6682 28.0017
138.5460 29.1033
139.0905 27.1251
143.4316 36.0631
139.4020 27.7745
136.7751 27.3778
136.9330 29.8467
137.3543 26.8666
139.6163 27.2551
137.1091 28.3877
145.5786 37.1160
136.3940 30.5664
140.1256 33.4913
137.4938 27.1291
140.1913 33.3366
135.9223 30.8645
140.0587 33.1621
139.3070 27.5198
138.9277 32.5884
137.6461 33.7720
137.5410 31.2658
145.2383 36.1055
137.4748 30.8634
139.2129 33.1020
139.3556 27.2882
139.6790 33.3977
139.7969 28.0102
