131.3041 25.8608
132.4378 29.7550
131.9219 24.5891
139.3062 33.8841
132.2741 30.7963
133.0788 28.4320
130.8899 26.8155
136.1385 30.1162
138.8448 28.1061
139.3624 27.9494
136.3926 28.2084
130.1346 26.7818
137.7241 29.2029
134.2076 32.2507
131.8218 31.0755
138.8781 28.1111
132.9878 30.0989
136.3204 33.2021
138.7382 27.6728
137.6311 30.1774
139.1091 27.6730
133.4344 25.0735
135.6123 29.7587
141.4135 35.3295
135.2948 32.3874
131.0857 26.6258
139.6174 27.8626
136.4684 28.2938
138.6841 28.9061
139.9476 29.1111
136.2966 28.7606
136.2859 28.1056
138.8675 28.1739
129.9332 26.2575
136.4378 30.6203
136.9995 29.1937
131.6402 28.4587
133.6768 27.7571
132.6813 26.5740
138.9187 27.6170
131.5088 28.8066
137.7872 33.6159
135.9573 27.8999
136.6872 27.7809
134.4206 23.9645
141.0910 34.7405
132.6803 30.8357
134.5789 32.4332
134.0281 28.3662
125.6143 23.1179
134.9453 28.0578
132.5788 25.5985
135.9030 32.5918
135.0438 28.1247
131.6675 24.9088
140.7680 33.4753
131.7244 28.6047
134.2030 28.7269
131.2074 27.3798
126.8590 23.7662
134.2318 28.0958
137.3064 26.5531
137.1628 30.4715
134.9023 29.1823
141.4296 35.2563
138.2997 27.4639
133.7274 30.8847
133.0762 24.3987
137.8239 27.9958
132.0783 26.5148
134.6490 23.6832
140.2158 28.4313
132.0468 28.7076
131.3859 28.5048
136.1355 28.0886
130.6195 28.4106
126.8245 25.5450
135.7014 23.4335
137.0075 33.0783
133.0566 24.7654
137.0175 29.1340
134.3242 24.4356
131.6455 26.9533
133.1940 29.9810
136.3404 29.1845
131.8766 30.2560
133.7489 24.7018
136.5153 31.4026
127.2208 27.4958
136.2255 31.3596
133.8914 24.8892
136.3478 30.4140
131.3181 27.5591
136.8524 27.4432
132.8598 21.6304
130.9222 26.8038
139.2487 27.8944
131.8820 31.4177
137.2729 29.3365
133.9738 24.5707
133.9361 31.9238
132.7402 26.3131
135.2664 22.8037
136.0740 30.6441
134.4113 31.3382
135.8520 30.0636
134.2808 25.5106
135.9744 27.9299
141.4602 35.5452
132.1566 28.0460
142.4195 36.0086
138.4968 33.5169
131.5712 27.4992
133.8433 24.7722
130.3164 27.9803
130.6599 28.5937
136.9211 29.1044
137.0659 31.8761
136.0612 30.6950
133.8889 24.6739
133.6756 26.0559
138.9707 27.9155
135.5054 29.8818
130.2039 28.0201
137.2215 29.8667
139.1585 34.0087
130.9442 26.5649
134.3286 25.4704
136.5382 33.2348
136.7960 28.2044
132.3328 28.7890
136.4260 28.8943
131.1119 27.2313
134.1388 24.0198
130.9791 27.4960
131.4736 30.9537
131.6738 27.4933
138.0925 29.9489
131.3306 27.1363
134.8214 29.2849
140.1267 28.7194
138.0490 26.9086
135.2747 22.4573
133.4639 24.3524
140.5517 34.3871
138.7878 28.0484
134.3687 28.5308
136.0062 33.2372
132.9160 30.8924
137.2514 28.6739
130.3042 27.9904
137.6065 28.7421
131.0223 28.5454
134.8690 29.1545
136.3492 33.2197
126.5985 25.1931
135.1028 29.8187
137.4362 30.2257
132.1537 25.3272
132.2894 30.9999
135.8668 27.9733
137.4815 30.5256
144.6743 36.8267
131.6808 28.8048
135.3830 29.7441
129.8956 28.1765
138.8613 28.3154
136.1197 28.2401
129.4072 25.7752
140.8150 34.2511
135.5639 29.7327
135.8335 27.9122
134.8403 31.4613
130.5048 28.2084
130.1307 27.7632
140.0936 33.7802
132.1057 28.4957
132.2150 28.7933
132.0293 28.6426
133.5179 25.1597
140.0657 27.7156
132.9492 28.1243
135.1689 29.1663
132.2812 29.7589
136.2456 27.8529
130.8185 28.9693
129.6656 25.5189
136.2706 28.6328
131.4368 26.8292
140.1347 28.7055
138.2353 26.6474
139.3067 27.5343
131.7981 28.1030
134.4203 33.1317
133.1117 29.7167
136.0111 33.1915
136.4172 28.4628
136.6553 28.5162
132.1088 28.6801
139.7678 28.0502
139.4375 27.7139
132.6983 29.9548
132.0178 29.3974
137.0602 29.1258
136.6899 29.6113
133.8124 24.9116
125.7938 21.4482
138.6096 28.6888
137.9459 29.8865
135.1228 29.2561
140.2611 34.1694
138.7264 28.3239
138.7088 28.9511
132.8884 28.1442
137.4599 32.1752
139.0092 28.0072
130.9185 27.6880
134.0322 24.4242
124.2036 21.2156
136.5183 28.0188
131.8473 28.1832
140.2646 28.2906
133.0990 30.0777
130.8888 27.5230
125.0022 21.7946
137.6108 28.7281
137.2599 30.1416
133.1538 25.0218
130.2898 25.9896
139.0736 27.3520
136.9167 28.8807
134.1752 30.0258
132.8141 30.2361
135.5637 27.9614
128.4425 29.7010
141.7056 34.0934
139.2348 27.5497
138.5400 33.1349
132.4328 24.3809
131.8732 32.0385
124.5095 23.4367
133.9500 31.5379
131.9061 28.7054
131.5842 27.0505
130.9914 27.0710
134.6525 30.2536
130.7361 26.3048
132.6949 24.9601
136.1908 31.2248
136.9223 28.3514
132.5249 29.1512
133.6516 29.1044
131.2704 27.7985
136.2393 28.9561
136.5194 28.6473
136.8608 29.4191
132.0465 31.4825
137.8419 32.5081
135.7667 27.9170
132.1013 28.7414
131.8889 26.7598
137.6615 26.9653
134.8790 28.9604
130.6646 26.5281
135.4995 29.9516
130.5692 26.0765
137.2967 28.6610
138.4630 27.0405
137.2109 27.8987
134.5453 23.6181
132.8616 29.7462
140.2282 28.6684
131.6535 26.6182
138.6920 28.4817
134.8621 21.9716
130.8388 26.8997
132.4060 24.7828
125.1777 23.2188
132.8635 29.1476
136.1997 30.3793
140.3501 28.2223
132.4456 31.7184
139.9474 28.3212
138.9109 27.0820
133.8623 24.6695
134.4953 28.4444
132.6265 25.4057
138.0146 29.8644
126.1912 22.5828
132.0860 28.8949
131.8853 28.1376
130.6693 28.3636
138.8545 28.4250
135.3674 29.8882
139.5938 34.2993
137.5983 28.5692
132.8218 30.3292
133.9135 25.1262
131.6477 26.9402
139.2846 27.4821
134.0096 28.2502
124.8183 23.5121
136.9410 28.4281
133.3474 32.7262
132.8445 28.9021
135.9005 31.1583
135.3599 22.7416
125.5243 21.8594
132.5930 28.5599
131.5141 28.9264
126.3564 25.2814
135.8256 30.8774
135.7534 30.5870
134.4628 29.1355
138.9936 27.5299
137.2806 29.7567
136.0497 31.1131
136.1346 32.9380
136.0033 28.1134
130.8997 26.7938
139.9930 28.3660
134.7428 27.7921
137.0849 31.4073
131.0808 26.1430
131.9200 32.1132
134.2171 29.2913
136.7920 31.0167
131.8299 28.6597
130.8042 27.2893
133.4080 31.8805
131.0255 25.8317
132.3872 32.0087
137.7614 28.5150
132.0484 27.1985
132.9328 24.4350
131.7502 25.5282
133.6582 31.0721
135.2253 22.3563
131.1973 25.8567
138.5031 32.6701
136.2172 30.3255
135.8564 27.8346
134.2077 24.1591
131.8239 31.6577
136.3815 29.1030
137.6048 28.8708
136.4645 28.7693
132.4540 28.7748
136.6423 30.3295
138.8642 28.1525
137.5533 30.7253
133.7448 31.4400
137.3471 32.0232
127.7101 29.0841
130.2549 27.1409
136.4482 32.8159
140.3118 28.2344
136.8126 32.9070
137.8635 28.4788
130.9642 28.3603
136.4263 32.9300
134.3976 28.2946
136.8146 29.3350
139.5015 27.8039
136.0994 30.3172
137.4275 28.9805
138.3659 28.5568
134.6976 31.6789
126.0605 24.6759
138.3357 33.4876
132.2439 30.3068
137.4557 29.1224
139.8531 28.5013
133.1357 31.0452
131.7223 26.0698
134.0716 25.7276
132.1597 26.5910
130.5674 26.0330
134.1321 25.1955
132.1170 25.5968
138.1647 29.5862
134.0901 28.6983
132.0753 26.7278
136.1613 28.5066
132.6743 22.4759
134.7518 23.4774
133.5523 31.7922
133.4070 25.6025
125.4110 23.9488
136.2833 27.9671
139.8153 28.0289
140.5977 28.2854
130.8715 26.7179
129.9219 26.8754
136.3794 28.9765
129.2922 27.5522
136.7285 28.6282
133.8125 32.2146
136.4536 27.8564
134.0397 24.1189
132.6560 30.1165
132.6572 29.8926
132.7705 28.6176
133.5278 25.0845
138.9332 27.7023
133.1559 28.5569
139.6273 27.7881
137.6974 28.3089
131.9602 30.3980
131.9152 28.1569
132.1521 32.0350
137.5724 29.9602
130.0779 26.9073
133.1188 30.4356
130.2571 25.7415
140.1779 29.3326
129.6194 27.0802
138.8709 27.5435
136.1582 28.6374
135.8668 28.3789
136.1998 28.6015
135.1622 28.7794
133.5011 29.2733
138.6080 28.5553
136.1837 28.0622
137.8630 29.3522
132.3078 25.4110
132.6255 28.7806
136.1514 31.0312
132.4202 32.2770
133.6787 24.2089
132.5804 28.2011
139.6087 28.0721
130.7410 25.8519
133.9978 24.1728
137.0499 28.9713
134.7061 24.4348
126.3101 25.0436
138.5509 33.3563
128.2283 28.5949
138.2522 29.2082
129.6863 26.6232
145.2146 35.3435
133.8248 23.6205
140.0060 28.5995
133.5242 25.0245
134.4135 23.6763
132.7611 26.6078
132.7289 24.9765
133.9654 30.3247
133.5499 24.8364
131.5800 25.3926
134.4847 29.0364
131.2328 26.6070
129.3398 25.5803
139.0658 27.8141
132.1882 32.3498
137.3827 32.2099
137.3510 33.0941
130.4492 26.5985
136.2907 28.5628
125.2889 25.0957
132.9658 29.2312
136.9183 30.7511
136.9909 31.4133
131.1647 26.3105
137.4471 28.6390
131.2106 26.6571
135.8899 30.8821
137.2731 28.4345
136.1320 28.3048
138.7492 28.6449
134.5953 23.1937
134.7237 28.9192
131.9117 28.7460
136.7947 31.3673
131.3549 28.4283
133.2621 25.0662
137.7088 27.1852
133.5785 25.3450
135.9644 30.6515
126.8624 21.8404
136.3819 28.6039
134.2433 24.8790
136.4733 29.6625
132.9287 30.1792
136.9332 33.0053
139.9157 28.0319
131.5121 26.8858
136.2508 30.9759
139.9923 28.8360
137.9611 29.9498
128.2187 28.7208
137.3564 28.5311
136.9419 30.4524
135.7097 27.8356
136.1317 28.4359
131.3490 27.3164
137.5660 29.7560
139.5949 27.7933
136.5786 29.2567
133.1575 28.5015
134.7723 23.6721
134.6808 32.4121
125.1375 23.8747
137.1089 28.7146
131.9622 30.2733
133.9446 24.3506
139.4339 27.7375
138.2671 26.9005
135.0388 28.1194
139.0934 34.0676
134.0543 24.4316
131.3590 26.5115
132.5240 26.8767
138.7174 27.8994
132.3120 26.3146
136.7057 31.4944
133.9486 28.2456
134.2516 28.0900
132.2754 30.3630
134.5660 29.0677
134.0260 24.3353
134.1897 24.8911
132.3572 26.9678
137.5007 29.5925
138.4952 29.4061
136.8869 29.3806
135.6393 30.4731
136.3204 27.8939
134.7677 28.9955
124.7817 23.7735
132.2069 24.3284
132.7207 30.9182
136.3494 32.7815
131.5750 28.0481
131.4683 27.2496
136.1998 28.0241
131.9109 31.3401
129.1701 26.2550
139.9392 28.8489
135.1439 28.8785
135.2150 29.3749
135.9301 33.2253
137.0617 28.2799
136.3377 28.2514
131.4647 27.1758
132.9620 30.7720
137.4401 31.3717
133.3277 29.9748
135.7380 23.7859
140.1085 29.0499
136.4088 27.9370
135.9648 28.0693
135.3090 29.2302
131.9369 25.5786
139.9982 28.7368
137.4631 28.2479
136.1061 30.2915
136.5215 29.6221
132.0862 26.2792
134.6809 29.1870
125.5707 23.0137
132.8111 27.6941
136.9129 30.3290
137.5910 28.8925
139.4842 28.4600
135.9396 33.4546
137.3317 29.8506
140.1698 29.2018
137.9141 26.6392
137.5211 33.5084
139.7342 28.2395
136.8463 32.8806
138.3389 26.9948
138.8043 33.3951
140.1569 33.7434
137.3622 30.5531
135.7773 31.3423
139.3073 28.4671
140.2356 28.5925
137.4183 28.5504
132.4753 29.3410
138.9035 29.1527
140.8575 34.2353
135.1087 32.6496
136.4267 33.3944
138.0968 33.7614
128.9180 29.4029
137.6640 31.0219
127.6060 27.0752
136.9661 28.5535
138.4612 33.0263
140.1486 28.4906
137.8323 26.9763
138.0309 31.4588
137.4010 28.3156
137.3306 33.3005
135.7292 27.9236
140.0125 28.6673
137.4966 29.9290
135.9485 30.3222
139.7040 28.1883
137.6749 30.0333
127.5666 27.9171
139.5560 28.1591
143.4446 37.2565
137.3451 28.2435
127.6453 28.1810
139.4161 27.8037
138.6093 27.7786
137.7362 30.7956
137.6934 31.2758
133.7468 29.0912
139.5615 27.6994
136.5731 28.7582
136.1698 29.2601
137.8431 33.5906
127.7377 28.5405
135.5875 27.9208
138.6392 28.3076
137.4028 30.5604
135.1265 23.9233
139.9333 33.1293
133.4211 29.2693
139.0569 27.1924
143.7758 35.9912
136.3890 28.1876
131.3122 30.4629
138.0149 27.2632
142.2349 35.5818
138.8912 27.9146
139.3992 27.8758
137.1827 31.6618
137.0747 29.1814
139.3331 27.5954
140.0542 28.2446
139.7553 28.0433
139.2527 28.4294
139.5468 27.6689
139.6115 27.5837
139.6697 28.6457
135.7645 30.7975
137.8450 32.3116
138.9409 27.6012
138.2216 27.0125
136.0985 30.1225
137.5155 33.4721
144.9438 37.5695
134.3910 25.8316
137.7086 30.3574
139.8239 28.4869
139.6160 34.1229
132.4134 28.7532
135.8503 29.4158
136.2847 28.6136
136.9799 30.7924
140.0266 27.6484
137.3974 31.9678
135.6887 28.0599
138.6331 27.5796
137.9638 32.4380
135.2541 28.0094
139.3770 27.3552
138.5064 28.1251
135.1162 29.0684
138.1314 34.5706
136.6198 29.5701
135.4262 28.0679
136.2331 29.9507
136.6979 30.1163
135.8471 31.1550
136.7900 32.8747
141.3985 34.9888
137.4499 30.1098
145.3405 38.9492
140.1230 28.8357
138.8350 27.4719
127.0046 27.0652
137.3719 32.2432
146.3675 37.6217
138.1064 29.4964
138.1605 27.2159
140.1432 28.9644
137.5505 32.3547
134.9176 27.9272
141.5640 34.7723
136.6250 30.7408
137.2362 30.3981
141.3221 33.6298
139.9297 29.0195
138.2069 33.7926
136.1425 30.2268
136.3512 28.8940
136.2910 29.9214
137.5843 31.4936
133.8875 30.3492
140.0875 29.1209
141.5602 35.4357
130.0314 26.7631
139.8236 28.0711
135.0169 28.9256
132.7324 27.4855
144.7431 34.3870
137.9531 29.7583
136.4978 30.3928
136.9210 29.3281
138.4258 33.5639
140.0043 28.4723
137.2491 28.0959
137.7940 33.4900
137.7460 32.6064
138.6801 29.3713
139.3158 27.3782
137.3759 34.3890
140.0259 28.2473
135.5439 27.8910
138.7488 32.5029
139.2514 28.1644
125.9304 26.1478
140.0096 28.8554
139.3508 28.0303
136.0640 28.4380
138.0889 28.9139
139.2216 33.9629
137.1181 28.5666
143.1320 37.4429
133.6677 32.2923
136.4022 28.9131
142.9811 37.3265
136.9202 30.6900
141.2037 34.3400
136.9857 30.2998
137.9512 33.4638
139.8378 28.3804
133.3468 28.7999
139.6141 27.7350
137.1853 30.6039
140.6992 34.5610
140.6212 33.1777
136.1497 28.9720
139.6779 27.9418
136.5472 30.3577
131.6794 28.5246
137.6106 33.0242
137.9272 33.7690
137.7834 32.1526
134.4617 31.4333
137.6237 33.4168
131.6282 27.5165
137.2425 30.0406
135.8790 24.2677
138.0251 32.4934
135.4363 22.1102
131.6973 30.1598
136.8453 27.8982
137.0108 31.3679
134.4390 25.1816
131.5945 30.5487
134.5569 26.2772
135.7587 27.9573
131.9879 28.9864
136.1391 33.0700
132.0726 27.9005
136.2110 29.4457
136.4824 28.2766
138.9521 27.6869
133.8734 32.5533
132.2724 28.7179
137.7839 28.3879
134.4476 27.9191
138.8249 33.5909
137.1149 28.2613
139.8239 29.5674
135.3317 27.8755
137.2511 32.6289
134.4691 24.1664
134.5587 29.4013
140.1638 28.9927
123.5114 29.7277
127.0751 25.2570
134.4819 24.0403
127.2291 26.1509
140.0289 28.3916
139.7981 28.0501
140.8932 34.8121
137.8034 30.7440
138.0677 27.2306
140.5360 28.4994
135.6990 22.8359
137.6436 32.1589
136.4941 30.1055
132.3009 29.0046
132.3199 27.6269
138.9279 27.8542
133.9550 28.5667
134.0378 32.1156
139.9444 28.2751
136.1101 33.4095
139.7788 27.7515
135.8364 30.4322
131.8073 29.2504
142.7342 36.0170
137.7010 26.4026
141.5135 34.0041
133.1870 27.9720
136.4991 27.5401
136.4326 30.2148
134.6725 24.1869
133.5228 25.2937
137.1869 30.0299
135.0311 24.6725
139.9422 28.2818
135.1219 23.8094
136.4854 30.5107
133.8054 28.0920
136.3966 28.9023
136.9592 30.4288
133.7517 28.8828
137.8483 26.4770
131.7705 29.1279
140.7834 27.8680
128.9909 30.4382
131.3945 28.5870
134.8336 23.8840
139.7891 28.2930
136.4466 33.3698
136.5920 30.9178
137.4454 29.1307
134.7204 23.4566
137.2057 28.9822
131.9690 28.0433
136.1860 30.0391
126.7993 26.4113
132.8789 28.6166
137.7463 28.3850
139.7692 28.1934
132.0081 29.0094
126.8972 24.1663
136.0423 28.4872
140.8669 34.2662
136.3571 28.4267
134.0310 21.6033
137.3011 26.7041
138.6705 27.4137
139.1250 33.8565
132.7837 27.8821
133.6173 25.0096
136.2369 28.4414
132.2743 27.6226
142.9433 35.7022
132.8266 28.5411
133.7723 24.7191
132.0599 28.3655
136.0505 31.2338
135.3523 28.1082
138.9112 27.7086
136.7156 28.2787
134.1031 24.1877
139.9165 28.6346
129.9186 25.3022
136.5477 31.3060
131.1245 25.3913
137.6544 28.7047
131.7918 28.7566
138.3960 33.7029
137.0453 29.7639
135.9116 28.0207
137.7754 28.7360
136.4526 28.6591
133.7619 30.4480
138.3132 33.4773
136.8400 28.6741
140.3255 34.0887
137.3924 32.1952
135.3827 22.2195
137.5255 30.8797
139.1293 27.6551
131.2064 25.9180
134.4818 24.6896
131.9737 27.2654
140.2637 28.4717
134.2620 32.4329
140.5487 28.3910
125.9259 26.2581
134.5079 31.4894
134.0248 23.7290
131.1192 27.4516
132.5496 30.9714
139.6250 27.8606
134.1717 24.3258
139.7226 34.1589
139.8159 28.3338
136.7245 28.5329
136.4965 34.0205
139.8281 28.0092
127.8198 28.4245
138.4727 33.5942
134.0227 28.4711
131.4364 28.0777
137.1551 28.3548
136.4242 28.7662
135.5850 27.8278
128.7140 25.4580
133.6539 25.4557
138.7303 29.0341
136.9778 28.0889
134.7901 29.3242
135.1036 28.7068
139.1799 27.8054
136.3820 28.6070
133.7464 28.0753
138.9403 34.1076
135.1943 28.3063
136.1565 28.3423
126.8927 23.7893
132.5345 28.6532
127.3522 27.2408
136.3644 28.0014
132.6478 28.2483
135.2003 32.0105
139.0190 28.2299
136.1446 30.1182
132.1459 25.8106
132.4422 24.8833
137.5768 32.4771
136.2262 30.9073
135.0599 27.8577
133.5187 26.1796
137.1846 28.6774
140.6371 35.1416
133.5579 25.2664
140.0011 28.3045
130.9075 27.5283
132.1359 32.0382
134.1721 23.6754
140.2818 28.4125
136.0994 28.8397
134.6376 27.8178
139.5037 27.7468
138.3913 27.7850
131.0750 27.5317
132.6862 29.5917
142.5807 36.0599
125.0792 24.3230
136.5071 28.8032
136.2908 27.7447
138.0016 33.4889
137.5002 31.9783
130.8730 26.0070
132.8010 29.9284
132.6202 24.7521
133.0223 25.3332
136.2768 28.6532
139.0718 27.9781
130.4512 28.0058
137.0522 28.6526
136.5220 28.3462
137.4353 31.0002
136.4943 28.6837
133.9194 32.0367
136.6706 28.2856
137.5139 28.6101
133.8598 25.7207
139.9679 28.7744
140.0365 28.6782
133.6850 24.0143
137.1712 31.0927
137.4990 29.8742
135.4114 33.1500
136.9667 29.3173
135.9101 29.6944
133.8830 23.8139
135.3888 29.7941
134.6115 29.3773
137.6284 29.9218
136.1030 28.6763
136.6623 29.1577
136.3973 28.6781
137.0206 28.5291
132.3484 24.4348
132.5668 28.3082
132.3081 24.4375
136.3261 31.2630
129.0184 27.2047
135.9375 28.0091
132.7780 24.5310
132.9740 30.7144
139.2608 33.7711
131.5800 26.1129
136.4291 28.2204
138.7811 28.5877
132.6884 29.7327
131.1617 26.3516
134.6849 31.8851
138.5345 27.0695
137.0155 29.2978
133.3794 26.2556
137.2197 29.0548
132.3147 28.1567
124.6914 24.3675
137.8879 30.1187
136.8327 28.8773
136.3212 27.8003
139.2010 28.3542
133.0940 26.4916
137.5079 29.9848
136.4393 30.2522
136.3418 29.0781
135.4349 25.1074
139.0750 27.7835
132.7533 26.0145
139.3202 27.4209
134.6068 32.3649
137.7838 33.5625
136.3243 28.7521
137.1432 28.1246
140.3508 28.1550
136.5649 28.7032
126.4867 25.3147
136.0929 31.2170
137.4468 28.7310
139.6108 34.2053
138.9913 27.8148
135.3281 23.2857
136.0446 30.8908
138.1880 27.8670
136.5052 28.9858
132.1519 26.6096
136.4291 28.9827
136.7641 27.7512
135.8787 28.1147
131.9219 27.5419
133.5926 33.2661
137.5893 28.7675
127.0294 27.0607
132.4246 26.2804
140.5018 28.0073
139.4309 34.1442
137.8002 27.1666
125.2575 22.5178
125.3916 21.8284
137.5735 27.0219
130.9999 29.1906
128.3750 28.4568
135.1522 23.0205
131.0722 26.3508
130.2484 25.4796
136.7896 29.4128
134.4536 31.1184
139.3976 27.6925
137.1316 32.5506
139.1904 27.5767
135.1827 23.3589
131.8357 31.5815
139.7042 28.1429
137.3018 28.4854
135.2757 23.4018
137.5839 28.9495
135.1074 28.7639
138.9367 33.9816
128.2406 28.2536
131.7927 26.9887
134.5150 24.5543
136.8172 32.8261
137.5464 31.3651
131.7596 27.3028
138.8863 27.7947
131.8195 27.3289
137.8827 33.4529
141.3032 34.3877
131.2637 27.3580
133.4722 26.2915
138.4014 33.4816
139.0526 27.4173
130.7123 27.4247
132.0101 26.4430
130.9590 27.6022
131.8504 28.0582
138.9435 33.9473
126.3037 26.7463
131.7603 27.7493
134.9383 29.0193
130.1497 27.2693
131.3629 27.1358
139.8818 28.8778
134.6760 24.9187
127.2653 24.7225
134.7127 29.1391
134.7285 23.6999
138.9677 27.8107
136.3808 33.1758
136.4629 29.7577
138.9954 34.2223
136.6972 29.5035
126.1191 26.1308
135.4015 33.4127
127.6064 27.8736
138.9454 34.0590
136.6186 27.8024
132.1967 28.5170
138.0200 33.5479
140.0936 28.8084
132.8072 27.9894
130.5634 28.1457
131.3233 27.1284
134.6876 28.0213
135.6935 28.0294
132.7106 30.7539
134.6495 31.9161
133.5416 28.8082
132.2252 31.0749
127.2694 27.8721
134.4758 29.4824
133.7136 26.2333
133.7653 28.3146
130.9813 26.5176
138.4374 33.4482
140.2341 28.6995
132.2293 27.2943
136.7227 31.2330
134.3419 31.3872
134.9592 32.2112
136.5181 28.1045
139.0840 27.2884
138.0419 26.6442
138.9292 27.4121
137.1199 29.7299
132.2195 27.2429
136.8403 27.6001
135.4339 33.3750
137.3544 30.2672
131.5182 26.6495
135.0177 32.8289
135.9073 31.1460
133.9297 25.0597
136.8588 28.0570
139.9962 28.4500
137.7479 32.4478
134.3965 28.3573
137.6982 27.1162
136.1794 30.1861
140.2169 33.7935
137.0599 28.4056
136.4421 28.6703
137.2159 29.0187
133.9778 31.6875
134.4506 25.7567
137.6392 28.3584
131.7746 27.9275
132.7939 28.1631
136.9762 33.2330
136.0165 30.5025
135.1182 28.8403
136.0141 33.1091
130.3658 26.2559
126.5364 25.1760
138.0213 26.7750
137.8648 33.5080
133.2615 28.3911
139.8134 28.1042
137.9805 33.3863
139.6843 28.1128
138.4665 31.1574
136.7783 28.1197
146.5004 35.8424
136.7179 30.5616
137.7302 28.4423
137.3338 29.7332
139.8255 28.2321
137.4604 28.6898
137.8663 30.0348
137.7356 29.2808
137.9553 33.7896
138.5392 33.9960
138.0204 29.0193
137.8257 29.6119
138.4762 30.4348
141.5489 35.9228
134.0000 32.7368
141.3585 36.2057
136.9054 30.6609
138.5422 33.6170
137.2563 29.7597
136.4404 29.7954
138.2597 31.0383
137.2177 29.1009
139.7868 33.2651
137.6867 29.3713
138.1755 30.3492
138.3177 32.9390
137.0335 30.9190
141.1958 33.9769
137.3153 30.1526
139.7928 28.3632
145.4773 36.2177
138.0990 33.5304
139.5011 27.9050
137.8257 28.6234
137.3136 29.8910
138.1094 29.3359
137.1820 33.7170
139.6850 27.8038
137.7198 28.7000
139.9252 28.6482
137.5517 29.2701
137.1698 29.0271
137.3463 33.4402
135.8188 27.9241
136.6025 30.1129
138.0711 31.3234
138.4429 33.2432
137.2288 30.5093
140.1246 29.0143
137.0992 30.4342
147.8049 35.4309
140.3290 28.7862
137.5771 29.4483
146.1371 35.5159
139.7727 28.0852
138.0112 33.5003
137.6456 29.8627
136.3149 28.1505
136.8033 28.3952
137.0982 29.1752
139.3525 28.3567
139.9697 28.6871
137.0850 29.6248
139.3387 28.2383
138.4780 33.2126
137.5012 30.4722
136.9489 28.4627
137.9866 28.9175
138.1398 33.5266
139.8014 29.4686
137.3310 33.3946
140.9018 33.4870
137.3807 30.1262
137.0230 28.9031
138.1861 30.7556
137.6258 33.2854
145.4523 38.9990
136.9945 30.8893
138.9227 28.1612
135.5941 31.3458
144.0807 39.0457
138.3559 33.2769
137.1847 29.7707
137.5755 29.8602
140.1118 34.6188
138.1167 33.4922
136.0822 30.5571
138.0488 29.2981
136.3684 30.8624
139.9615 28.2593
138.3997 33.4276
152.8374 33.8712
136.3621 30.8329
136.8715 28.6250
137.4259 28.4364
139.4711 27.6637
136.3171 30.7472
140.5331 35.1102
138.0049 33.5009
136.8186 30.5669
146.0386 35.0005
137.5253 29.1280
138.7537 30.7605
137.7787 30.1821
136.4893 30.6423
139.7926 28.2709
137.8653 29.4530
137.4705 29.9643
137.7184 28.7195
139.5402 28.0420
137.7526 33.2258
137.7928 29.8738
139.3836 27.4541
136.5963 27.9949
137.8854 33.4434
136.7745 29.6266
145.7306 35.2011
140.1243 29.1768
137.4109 30.6105
137.1135 29.9032
139.2648 28.1726
146.0401 35.5510
139.7342 28.2681
136.9355 28.5485
145.9975 38.6889
139.5425 28.2769
137.0568 29.5988
137.4700 29.8976
138.5714 29.7441
136.6686 33.7179
137.4980 30.5786
138.1086 33.6262
138.3230 33.2246
138.4342 33.5530
140.0283 28.9250
140.2192 28.9058
137.9962 31.7353
137.6793 33.5996
137.9682 33.7764
137.4000 29.4224
137.8482 29.1478
139.7206 27.8860
137.6162 28.4116
136.0116 30.2139
137.2672 28.7213
139.7601 28.1933
136.7166 30.7056
136.4409 30.9543
137.3411 33.8114
137.2900 30.3109
137.9011 30.0905
136.6679 29.5930
139.9176 28.3762
136.5556 30.7452
145.3923 39.1573
141.4800 35.3093
140.1548 29.0330
138.1842 33.4917
138.3804 33.4771
137.8380 33.3848
145.0339 34.8065
137.2088 29.5582
138.2435 30.5623
139.6634 27.9517
142.8155 35.7421
143.9164 36.9108
136.6088 28.4772
139.9144 28.3659
136.7056 29.7880
136.4029 30.9235
145.2388 35.9588
138.4662 32.2439
137.2277 29.0205
141.7282 36.0798
137.1078 28.9319
137.5691 30.4709
138.5449 33.5335
137.0780 30.2092
142.2179 35.3170
137.2126 29.3683
137.6305 29.5543
138.1106 32.6746
136.2775 30.4699
136.7815 30.2032
140.9251 35.6168
138.1340 31.5347
136.5043 30.7697
137.7018 28.9442
136.9921 28.7245
138.1205 33.4751
137.7562 29.9045
138.0406 31.2453
137.3825 29.9717
140.9605 35.2651
138.0966 32.6646
137.3809 33.5564
137.3589 28.4339
136.9787 28.7026
140.0996 28.9753
136.6823 29.1240
140.1082 29.1398
137.7765 28.9707
136.8164 30.4095
136.3299 30.5144
137.2259 33.6608
137.6156 30.2309
137.7006 29.7781
137.2076 29.1570
140.4438 34.5713
137.2899 30.7695
136.4361 29.9734
138.0952 32.6429
135.8927 30.4529
137.6846 28.8316
137.0548 30.4898
137.0090 30.5696
139.8630 29.4601
137.8783 28.7509
137.0353 28.1787
137.5173 29.4739
137.7044 32.4000
136.5143 30.0543
136.2318 30.2848
136.2097 28.0689
138.1117 32.8814
137.8661 28.8885
139.2308 27.3834
137.1840 29.5753
137.8465 29.3199
137.6939 28.8620
136.4728 28.1176
137.5733 31.7827
138.0401 28.9323
137.3976 30.5004
140.5193 34.5358
139.7796 28.2838
137.6655 28.5844
143.0930 37.4488
137.4081 30.6670
139.4916 28.1447
137.9961 33.4696
138.0264 33.8150
138.0162 29.7796
148.6306 36.5470
136.9795 30.1165
136.3954 30.2482
137.6708 28.5134
138.6590 29.6060
139.8279 28.0982
136.9805 29.6960
144.0633 38.2467
137.2547 28.9112
136.8579 29.4839
139.7146 28.3386
136.8363 28.1130
135.9981 29.6066
136.5678 29.9593
138.7288 27.7588
138.4171 33.6799
138.2211 33.5535
136.4069 28.4913
137.2660 29.5199
136.7226 30.8362
136.2670 28.8755
136.5394 30.2626
136.6891 29.6087
137.8679 29.0694
137.6293 29.1110
139.8303 28.3320
138.3520 33.4488
139.6644 28.2495
136.8411 30.4617
137.5149 28.3318
138.1829 33.5220
138.5187 30.5421
137.4000 30.5456
139.7665 28.7747
137.4115 29.4390
138.2702 30.6974
138.0394 28.9602
137.8950 29.1711
137.7857 28.6943
137.7750 28.7501
136.5534 31.0588
137.4723 28.7092
136.8565 30.2559
139.0428 27.2938
137.5467 29.8375
137.7243 29.1442
136.6801 29.8343
137.5348 28.8650
139.6490 28.0550
137.7030 29.8944
136.1588 28.1426
138.7780 27.7669
133.7330 28.4472
139.6172 27.9808
129.6141 27.8889
131.1163 26.3777
142.7697 35.9209
136.1258 30.7604
131.3005 25.2039
141.0531 35.3580
135.0862 30.3687
139.3247 28.3628
148.0153 35.0627
132.5630 27.4820
134.8941 29.9877
138.5892 27.2627
129.4823 29.6010
139.0994 33.2208
134.1195 32.4071
130.3766 27.2644
137.0630 30.0710
144.7954 37.5892
137.5319 31.1876
134.6899 30.5041
132.9474 28.6354
131.5900 28.3702
126.6573 21.6854
130.4003 26.6484
130.1425 27.4950
143.9832 38.5231
134.3228 24.0222
135.3539 23.6273
135.8204 26.7390
137.7094 33.6213
135.8407 31.2545
131.6220 29.0947
136.3541 28.2244
136.1553 31.2579
136.8566 28.2590
138.0136 27.9559
145.3773 36.0413
135.5610 28.0419
135.1828 24.9756
139.1322 34.1006
134.1131 24.2242
138.8897 28.3908
134.8597 31.7699
136.4729 30.4445
139.1966 28.7841
136.5735 31.2210
135.2498 23.5949
134.0487 21.4839
127.9856 29.2022
134.6714 21.6151
140.0439 28.2460
138.8197 27.3662
140.0023 31.1544
135.1639 32.3659
136.4800 28.7786
138.1485 28.9683
137.4471 33.3021
130.6519 27.7253
137.8457 30.7628
138.6012 27.7779
123.6058 23.1458
138.1651 31.1922
132.1704 30.8006
134.2828 24.2061
145.8052 35.3211
137.9506 33.7107
136.7136 32.9090
137.6371 31.9482
137.5859 26.7981
132.9323 30.0567
138.1479 31.9170
134.8990 22.4001
136.6073 28.8105
136.7142 31.3590
133.1238 26.3441
141.5609 36.2921
127.9324 27.8498
136.9640 28.3966
133.9669 24.1652
137.7063 30.2841
136.1634 28.1304
134.0794 32.0553
134.5905 23.2082
134.3340 31.3634
138.4205 33.5595
144.5579 36.6885
134.6709 29.0017
126.1895 29.1636
131.8328 31.0517
135.5152 29.8331
136.6739 27.9323
137.3113 28.9799
140.2047 29.2293
138.6282 27.4916
137.0412 32.6503
132.4425 26.3455
134.5596 23.7972
134.3487 28.5833
139.3051 27.6737
135.1799 29.1572
140.4941 33.2220
132.2556 28.4846
135.1434 27.8177
131.7413 26.7117
135.0415 31.1983
137.5872 33.6425
137.1032 28.2293
137.2561 28.4710
136.4306 29.0223
134.7587 29.1645
130.5153 26.1874
132.2316 28.5557
131.6020 27.2254
137.8349 28.5949
140.1223 28.5775
134.8502 31.7349
137.4890 33.5688
132.2547 28.6649
131.8629 26.2322
137.2272 28.8496
134.2195 25.6539
130.6335 27.1332
134.6709 29.3983
139.3144 27.3168
139.5178 27.3934
136.5665 33.0358
139.9987 28.7906
136.5655 28.9642
136.7176 32.7451
132.3463 29.0747
131.2581 28.2788
135.5085 27.9861
135.4273 29.5176
133.7311 30.8788
131.3191 26.5717
139.2612 27.3591
140.0804 28.5729
134.5255 23.9307
134.6678 31.0190
136.2839 28.6213
136.5371 29.4437
137.8527 29.5463
137.4230 26.7448
134.1891 24.0652
139.9634 28.5952
134.4282 23.9803
134.5569 23.7729
136.6512 28.9607
132.0281 28.6474
136.1490 33.0924
131.3525 26.3396
134.0124 24.5055
130.6921 26.9434
130.9816 26.8819
137.4888 28.8554
136.0940 28.9657
137.5939 29.2477
136.4448 28.5912
133.8806 24.0863
134.1854 25.5514
134.3037 28.1254
140.4947 33.4748
134.8060 29.1322
136.9987 30.3184
131.5869 28.0666
134.9432 23.4179
143.6962 35.2080
134.5974 24.7386
133.5808 25.0065
130.9484 27.4802
131.2911 27.2077
133.3871 25.0399
136.5444 31.3304
140.7129 27.8973
131.7251 25.5357
138.3903 28.0437
135.5013 31.4932
131.3947 27.2797
138.4195 33.4015
137.1201 29.2628
137.7971 32.2870
135.7909 23.1456
133.8353 30.2958
139.7674 28.1517
139.3204 27.9472
139.5737 27.4383
135.9154 28.9765
134.7518 28.9777
139.7419 27.9304
136.7766 28.3713
135.5023 27.8817
137.1315 30.7933
135.2797 23.5961
131.7054 30.1386
132.7021 28.5004
140.1289 28.8006
143.8912 35.5161
138.4683 28.0843
133.6015 25.2023
137.8482 26.6450
133.5290 24.0016
139.3419 27.7905
140.0758 29.1995
133.7063 24.7307
139.4099 28.2182
139.5380 28.5562
132.6648 29.6195
140.7656 35.3829
132.3293 28.1207
133.3252 25.0485
133.0667 30.1757
139.5941 28.5946
135.3793 23.5920
136.2512 28.7280
132.4672 28.9183
132.2821 27.4633
135.4692 29.5405
132.1840 28.2505
139.3500 34.1453
135.6720 28.1759
138.3199 33.2746
136.3748 30.9353
137.5229 31.1398
139.4207 27.2887
132.0980 28.9983
136.7793 33.0617
139.9371 28.4804
137.7405 31.7214
135.9707 28.4241
136.9163 30.2171
134.1940 31.8528
139.7473 27.7930
131.2451 26.8116
136.6742 28.1697
132.3177 30.5669
138.8623 28.5418
136.9413 30.5584
126.6436 25.6518
137.3810 29.4173
134.9363 24.4145
140.1484 27.7174
138.8522 29.3998
138.8843 33.2333
126.7602 25.8160
137.1915 25.9859
134.4609 23.6799
135.4349 31.9010
134.9868 27.8319
132.6273 28.6325
134.2102 29.7051
133.1821 24.9011
132.2116 27.8250
138.5192 29.8791
135.7106 31.9336
138.5648 27.3500
136.8070 31.4834
140.2421 28.8532
136.0325 31.4386
135.4307 23.6268
134.1929 24.5069
137.1699 29.6877
127.7741 27.9856
133.6759 29.6493
138.6080 27.7927
126.6708 25.0559
133.3292 30.6306
125.3598 23.5901
136.6355 29.6398
136.9064 29.5125
128.2785 29.1615
133.4909 25.1356
137.0164 28.5700
138.6281 27.5208
135.0478 27.9353
140.1535 29.1299
137.9855 29.5105
136.6644 30.5973
140.0999 29.0882
140.0971 29.2132
139.0129 28.7939
138.8645 34.2317
146.3525 35.3882
139.5355 27.7437
138.2325 33.7229
137.0467 30.4733
145.3038 35.0218
140.8545 33.3156
139.0429 28.7609
139.1063 27.3200
136.9883 30.4158
137.6187 32.1836
144.8372 37.3286
138.9653 27.3273
137.5039 32.3011
137.9952 30.6625
141.6379 34.1967
136.8816 28.4551
137.2028 31.8406
137.9280 33.5472
139.4592 28.0106
141.2151 33.7906
141.0092 34.5278
145.9084 35.6628
138.3393 33.6307
127.0151 27.6473
138.0906 33.7485
137.3837 29.3037
137.8881 33.4332
136.2775 28.2292
137.5992 28.6885
141.4826 33.7667
140.1212 28.9620
137.6634 33.8247
139.3250 34.7257
141.5529 35.4180
140.7715 33.4483
137.1035 29.1518
137.5210 33.5610
137.8267 33.5769
140.8810 34.7601
141.5567 35.4498
136.1277 28.9810
137.6388 33.8620
140.8285 34.2830
136.2112 28.6324
136.6461 30.8862
136.4874 28.5653
137.6671 32.1533
139.0121 28.5506
138.0155 33.8044
138.6690 33.3479
144.9315 36.2507
138.6150 30.8582
138.2965 33.4185
137.3784 28.6657
138.2932 30.8782
136.9132 28.4323
138.7410 33.4817
138.4183 27.1278
141.8029 34.5150
137.1107 28.2679
137.6887 32.1906
132.4834 28.8027
138.3471 33.3977
138.1597 33.5941
137.4878 28.2041
137.7305 33.8639
146.3541 35.5657
141.6666 34.2243
137.6067 30.3075
138.2321 30.9040
138.1993 33.0634
141.0242 33.4382
139.7721 28.2352
138.6853 28.1080
141.1364 33.4248
137.4678 28.3429
138.5371 33.1571
137.7061 30.4463
137.2935 30.6697
137.5854 30.4448
137.9834 29.8436
138.9427 28.1590
140.0503 29.0826
137.2253 29.1404
136.6940 28.1179
132.1691 28.3245
136.8358 30.5040
139.8475 28.2790
137.9150 30.7552
143.0520 36.2432
140.0624 28.4883
124.5117 20.9414
126.8057 25.4898
138.2610 33.3883
127.8627 25.4766
131.9603 26.7684
130.6392 28.1735
124.4958 23.5889
133.3555 29.6436
139.2278 27.5251
137.4878 28.2640
129.0488 25.8897
135.5950 27.8582
139.6770 28.0780
135.3121 28.1974
131.6712 26.2482
142.7971 36.7342
132.5204 26.8237
134.2718 25.3098
139.8514 34.2278
126.4346 25.2567
137.6771 31.5965
135.1903 29.3515
137.1194 28.3948
134.8894 28.9675
138.6640 29.3846
136.4372 28.8429
135.6683 28.8210
134.4883 23.8114
134.8999 28.8580
140.2904 28.3339
135.4643 29.8617
135.5186 25.5496
136.9397 28.6634
135.4788 21.7069
134.3443 31.5377
127.3048 28.6613
136.7309 32.9070
139.5011 33.8914
135.2887 29.0825
141.0911 35.2918
137.1630 31.4598
128.8526 25.9514
139.5089 33.9808
139.9107 28.0854
136.1262 27.9891
130.5189 26.0302
133.5090 25.0115
137.8154 33.1070
139.0724 27.6595
134.2778 24.1411
137.7631 29.0568
135.5790 27.9792
145.4019 35.3533
134.4690 24.4853
131.4592 27.6603
126.6700 25.0257
136.0641 27.7815
131.5142 25.9198
137.7527 29.3035
139.3410 27.5813
133.2675 30.0157
137.2751 28.7762
137.3154 33.8767
137.3261 30.2715
135.1498 29.2195
135.0121 27.8228
132.8725 25.1811
132.3135 30.6060
134.8721 28.2281
134.0157 28.1046
142.6350 35.9504
136.1012 28.6193
139.0362 28.8045
137.6743 28.8075
137.4776 29.3186
135.9828 31.2039
131.4149 27.0426
137.4721 30.2072
139.8617 33.6928
145.2373 34.7109
137.7188 28.9293
137.6885 28.9108
130.3319 27.3330
135.7671 23.2448
133.8752 29.2514
135.3986 28.1535
133.7013 24.1747
129.0717 25.7521
140.9249 34.5207
136.2576 27.9605
137.4206 28.4835
133.9022 24.9067
137.2239 30.1211
124.8802 24.0570
133.2480 26.4149
135.4908 31.3388
134.0379 30.2441
125.9600 25.0350
136.9919 28.2679
137.2497 30.2117
137.1227 30.5617
137.4025 28.6423
139.2735 28.1981
137.5245 28.8525
136.0447 29.2251
134.9331 27.9316
139.4144 27.5262
137.5421 29.9704
136.3329 28.8001
135.8436 27.9903
137.1806 30.3859
136.5863 30.4144
139.4758 27.8098
137.1230 29.0323
136.6152 28.4357
138.2928 31.1509
137.2624 30.4808
136.9605 29.5771
139.8689 28.2370
141.6904 34.9232
141.1154 33.8732
140.2028 29.0556
139.9014 28.5582
136.4579 30.7050
136.4002 29.7306
136.5807 30.2097
136.1555 31.4864
139.6582 32.3752
137.0109 30.4568
137.9004 33.5869
139.6748 28.0331
137.5559 30.1257
139.3275 28.1004
136.8062 29.8331
136.2029 28.4403
137.0195 30.1754
138.6021 33.2992
137.8400 32.5339
136.2020 28.1076
137.3349 29.9511
136.7031 29.5588
136.0965 30.0988
137.7073 28.9087
136.1663 27.9890
137.2417 30.3536
136.7417 28.2798
136.9855 30.4378
137.7888 32.2740
137.0363 28.3094
136.5370 30.3211
137.9646 33.5882
137.3576 29.1922
135.9571 28.1291
139.8120 28.4734
137.5873 33.6933
136.2722 28.7194
136.2997 28.4837
137.8320 33.6066
136.0387 28.3045
137.2240 30.7196
136.9219 28.1270
138.5080 30.8662
139.3163 28.1478
136.2592 28.3690
137.0286 30.5964
139.7495 28.1902
136.1350 29.0582
137.3086 34.3317
136.8246 30.6282
136.3293 28.2573
137.2830 28.4651
137.2417 29.7434
136.9715 30.3555
137.4175 33.2653
136.1378 27.8885
139.8784 28.5761
139.7609 27.9546
136.6455 28.9073
137.9613 29.0543
137.5729 29.9761
137.4476 29.8777
136.8408 29.7992
136.3588 28.0595
138.3928 33.6926
138.0983 30.9817
137.9664 33.6134
136.3586 28.1633
137.2772 29.7572
137.0333 29.6793
136.5255 29.8432
136.7363 29.4121
135.7151 28.2022
136.1844 29.9732
138.0229 31.5756
135.0232 27.9271
137.7597 33.4985
137.3154 28.9987
145.2477 37.3430
136.6875 29.5830
136.5677 31.0448
137.1126 30.5835
138.8762 27.8211
139.7049 28.0346
144.7650 38.8367
137.2214 28.4789
138.3253 33.7449
140.9441 34.0286
137.8536 28.8558
142.8692 35.6469
136.7774 29.9720
137.3711 30.0165
136.6149 27.9689
138.2435 31.6257
136.4713 28.1432
136.5714 30.7808
145.0882 34.8581
136.1714 28.4825
136.3924 28.0002
137.1092 29.0206
135.8172 28.7607
137.6331 32.4128
138.6317 28.3527
128.1580 28.4490
137.7244 29.5012
133.1002 27.4063
136.9224 28.3205
136.1625 29.4820
134.0297 24.6143
135.2387 33.0496
139.8158 30.6839
135.6138 24.4923
129.9891 27.3044
132.6459 28.4012
136.9290 29.4525
137.5564 30.3489
140.4193 33.9024
135.1344 24.8175
128.9480 25.9784
133.8337 28.1540
134.8138 33.3738
132.8806 31.0601
145.2536 36.0269
133.9288 25.0460
126.7791 24.3156
134.8593 23.9834
133.3355 25.5132
132.0726 24.7239
139.1973 33.1571
133.8088 26.9593
134.2369 25.0600
129.7292 29.4330
137.2677 33.5629
123.2320 26.0711
132.6561 26.4531
124.1890 27.6675
129.0658 24.0093
137.3690 28.5285
127.5740 24.5672
138.7258 28.2476
135.5323 29.7238
134.5040 25.2936
131.5267 30.8287
137.3076 30.1702
134.4426 25.1622
135.3229 24.4443
135.8266 31.2784
139.6408 27.7777
131.9268 29.3977
137.2825 30.2108
133.1886 28.5176
139.1309 33.3147
133.5500 29.9100
132.0129 27.4785
140.5448 28.1955
134.4614 22.9857
133.8661 25.6092
132.5298 29.1959
134.8508 28.4156
125.5455 23.0675
129.8444 29.5037
132.2407 28.2683
139.3247 28.6378
124.4370 20.1906
129.5502 30.1419
131.8133 27.8765
134.4277 31.4354
134.7109 31.3742
136.1288 29.9190
138.0720 33.8785
133.9350 26.6322
137.7882 29.0869
130.4112 26.8938
131.4126 26.3722
130.9418 26.5417
132.5567 26.7694
136.8841 28.2703
134.6392 31.6378
131.3723 27.2160
131.4625 22.9004
119.1061 19.2336
124.4006 21.3306
132.6228 23.5650
126.2106 24.2930
132.9020 25.9692
129.9320 26.3851
133.0777 27.5274
136.0483 27.4322
131.8670 25.5427
132.2003 23.4183
132.0312 25.2169
134.0355 25.8099
128.7908 24.2797
131.8872 24.4300
122.1933 22.4593
135.7731 24.4249
129.4199 24.7731
128.3857 23.2141
131.2252 25.9838
131.2641 25.3731
134.9158 27.5461
127.6690 23.3046
135.0789 22.4355
132.9122 22.0387
124.8363 19.9510
127.6819 23.9894
132.9863 23.2508
117.4298 19.8651
135.6081 25.4910
132.7916 24.4676
131.6113 22.7457
131.3143 24.4660
134.2172 21.5706
126.6687 23.4365
138.3143 28.7132
138.1092 29.4197
136.2617 27.7052
135.7935 30.5739
124.0226 20.9810
121.2536 20.4256
131.2487 27.9925
134.4260 23.7939
131.0122 24.8136
132.3873 23.7270
130.4825 21.9846
127.4391 22.4290
126.0548 22.1609
130.2988 21.6552
130.2961 21.9022
134.0765 26.0735
131.6860 22.5500
134.5385 24.4898
133.5889 22.4465
128.7280 23.7975
134.1380 23.9939
135.5050 31.3243
138.1464 29.5731
135.5780 24.6292
136.9065 32.8617
132.6950 27.1637
136.5420 30.1769
131.8150 26.6814
134.6100 29.4923
132.4397 28.7298
136.4545 31.7078
137.9508 28.8356
139.8651 33.8331
134.6810 28.2038
134.4482 24.8116
125.6621 22.8799
131.6696 27.4747
132.2892 27.5567
139.1308 28.2214
134.6547 25.0014
140.5468 28.3896
135.8615 23.3260
137.7459 30.6596
134.5775 24.5577
127.6912 28.0499
131.5282 30.8305
136.4717 30.8985
136.5360 28.3816
131.9361 31.1847
139.3730 27.5941
130.6384 29.0559
134.5993 31.1712
139.9233 29.3952
137.6049 30.3054
132.9932 30.8548
139.7817 34.2831
135.1893 23.8232
133.6443 31.7983
136.9363 28.7418
136.9263 30.2681
132.2851 27.1281
137.6626 30.7236
136.0459 28.2226
134.8660 23.9988
136.2537 27.7426
133.9664 31.3579
132.2838 29.8168
137.6888 26.3791
139.0000 27.6069
139.3541 33.3977
135.6589 25.3960
130.8830 28.4771
133.9149 32.4463
139.4899 28.3221
138.5443 27.9936
136.7923 32.0783
136.2507 28.7231
139.3043 28.2277
136.9276 33.2554
140.0251 28.8510
132.0582 27.4276
136.4714 28.0331
138.0984 29.0261
139.9308 28.6010
136.8161 30.6605
137.7733 34.1943
135.2295 29.5519
135.7848 28.0142
134.1888 24.8514
135.3694 22.2478
133.0620 24.7862
137.6597 28.6743
133.0083 28.8562
140.0166 29.0487
123.4862 29.6218
131.5903 28.5635
144.8661 35.0530
140.7623 33.8133
136.1496 32.0526
131.5882 26.7255
135.9777 28.9395
131.8198 27.5938
132.0454 27.2557
137.5803 32.2796
136.1020 33.2477
135.9419 30.6297
132.7906 30.7006
135.6831 30.7896
130.8793 27.2739
135.8511 26.0766
127.0836 26.5795
140.4102 28.0048
132.2580 29.6323
138.3333 26.6243
138.1790 27.3229
131.5404 27.4981
130.0396 26.0930
134.5009 28.9826
133.1906 29.1951
140.4184 28.1634
138.7444 27.7221
132.1690 28.1183
137.6411 30.4255
136.7534 32.7639
128.1490 29.3436
134.5797 29.3839
136.8817 30.6897
138.7355 29.4647
132.4476 31.1673
136.4231 29.2653
131.2978 28.4664
130.9610 27.3245
137.8053 27.7357
136.6734 28.6912
134.7897 26.0866
140.2514 28.2410
136.8491 30.6446
125.5950 22.7747
129.2178 27.3312
134.0807 23.4612
130.4497 27.3710
134.0081 28.8312
129.4112 26.6227
134.2806 33.2774
135.8537 28.0757
135.9819 28.6492
136.3536 28.0042
134.8866 22.0293
136.2305 30.2025
131.6710 31.1992
135.3058 28.0437
140.4826 28.2613
133.7547 31.3295
131.2580 25.6205
136.4077 28.7529
137.4447 30.0504
139.4350 27.7220
134.3788 32.5578
133.7629 23.7815
135.6489 25.3152
132.3024 25.2369
126.1643 24.7103
131.1527 28.4512
136.4144 28.4607
131.9168 26.4753
139.9453 28.1934
129.8793 26.2385
136.7140 29.6666
133.0296 24.5113
132.8389 28.4990
135.1260 22.8452
131.5041 28.1828
136.6605 28.4257
135.1852 27.9883
139.7906 33.8776
146.7478 38.3629
136.9347 32.9624
143.9655 36.7682
137.4914 33.2017
140.0799 28.7293
135.1099 28.1128
148.5125 35.5397
136.8529 30.1917
138.4734 30.5105
138.8628 33.3092
137.8381 33.7609
140.2601 28.5645
139.9005 32.1590
138.4244 31.0094
137.1350 29.9676
137.2145 28.0690
134.5356 24.9412
136.7637 30.6022
135.1999 23.6701
146.6512 37.7520
136.8888 30.9157
140.1853 28.0970
137.0283 29.8922
133.6153 33.1363
138.6510 29.8394
143.9715 36.8522
143.0987 35.0991
140.1362 28.9845
135.1940 33.2980
139.1283 28.8604
137.1725 29.5850
134.6967 31.5254
136.3158 33.4650
140.7510 34.6502
142.3824 35.4850
137.9463 29.3424
138.3661 27.2854
123.6954 23.1562
145.5513 38.2773
131.1566 30.7131
138.1808 33.4780
139.8560 28.6353
144.4241 32.2657
150.8561 36.0125
121.7597 32.1884
146.8976 34.5711
139.8594 28.2481
136.5839 28.3218
139.8308 28.3315
136.1326 30.8491
137.9366 33.4954
143.4472 38.3493
138.0552 30.7429
134.2873 31.5264
136.1147 28.9820
137.3718 31.3007
148.1589 35.8111
139.6390 28.0316
137.5084 32.1060
140.6319 28.3522
139.4364 28.2151
137.5372 30.7927
139.4577 27.5596
137.1893 30.8454
138.6908 33.4131
136.2031 29.1415
138.0723 33.5528
143.9975 36.4988
139.5157 27.8220
136.8036 32.9198
143.7077 36.5058
137.4887 34.5995
152.2654 36.2445
136.4048 27.9958
138.8090 27.8242
136.7182 33.0911
156.2279 34.2623
139.2309 27.4234
137.7358 33.6258
133.2022 32.1206
136.8489 30.4350
136.3228 30.4640
131.1896 30.3912
138.8001 28.8674
139.1697 27.8464
148.2276 35.8623
127.5210 27.9512
139.3554 33.7590
133.5813 31.6530
134.0015 30.6261
135.0364 28.9613
133.5232 32.1398
131.0744 27.8229
135.0961 28.8235
134.2353 29.4953
134.3387 32.4369
135.2280 29.1768
137.6021 28.5470
135.2198 29.2451
137.5177 28.5790
131.3480 27.8062
138.3959 34.2806
134.4684 31.4503
132.9447 30.8594
134.4708 31.0651
130.6190 29.1143
134.9534 28.8498
134.8006 28.8661
131.9997 31.2990
145.9627 35.5061
131.8240 27.9437
137.4758 29.9522
135.2704 29.3699
131.1275 26.3291
138.1403 33.7392
139.7009 28.3533
134.1365 24.2018
138.2407 29.5469
139.8739 32.8937
134.5888 31.4400
124.9734 24.0997
132.4094 27.0701
136.2045 33.2179
133.9967 30.3294
136.2867 31.3835
134.2173 24.0490
134.3993 32.9685
126.5315 25.1705
130.9715 26.9168
136.4607 27.9571
135.0703 32.1696
133.3280 31.1640
137.6836 31.2312
139.2876 34.2890
138.8788 33.8425
135.1130 28.9408
135.2746 27.9454
127.4799 26.8484
135.6149 29.7155
134.3106 23.8295
131.3722 26.6022
138.5849 29.6517
133.1363 31.2407
135.3828 29.6080
130.8631 27.2711
138.9507 33.7866
137.8692 33.5815
135.0779 28.7782
134.5343 23.6303
139.1586 33.9415
135.4048 29.7877
136.2794 27.9905
136.0654 28.4338
130.6374 28.2010
138.0064 33.4603
138.4610 34.4800
132.5946 28.4084
136.0455 33.0621
134.4592 25.7127
131.0612 26.8419
138.8855 34.0694
139.0779 28.4896
137.3096 28.2256
133.5386 25.2382
135.2130 29.0949
134.6167 31.9296
132.8077 25.5397
131.4193 25.8930
131.3208 27.3422
141.1020 33.4576
136.5798 30.9671
131.9003 28.7651
134.0967 24.1424
131.7953 28.7014
134.5245 24.9276
134.4207 24.7244
136.4448 29.8578
135.0095 29.0441
140.0672 28.2071
133.8866 31.7914
134.8117 23.2132
137.7423 30.7000
134.0416 24.0439
130.8559 27.8615
145.8276 38.6630
134.6561 31.5446
134.8390 29.0288
135.2334 29.1612
132.9312 24.5319
131.0108 26.2832
131.1946 26.4716
136.3176 27.9135
140.1449 28.9497
136.6519 31.4700
138.8911 28.0768
134.1278 23.9478
132.0018 28.5249
132.0715 31.1203
128.4534 29.7906
136.1614 30.2516
132.1685 28.4528
133.6796 31.9670
133.5119 24.8624
133.5104 28.2257
132.0285 28.1893
138.1058 27.5268
130.3968 25.9165
131.5484 28.1318
130.8397 28.5351
132.0347 28.7532
130.7277 26.8733
135.8536 29.1599
135.9835 31.4388
139.0108 27.8710
132.9378 26.7358
134.0435 27.8760
131.8651 26.9067
131.7011 28.7550
140.0296 28.5475
127.2642 27.2843
132.0372 31.7719
130.0766 26.3900
138.7453 28.1794
126.3997 25.4576
138.1431 29.0411
135.8171 26.3646
127.7569 28.7715
127.3801 24.8694
135.8084 31.2611
133.5036 24.4390
130.4197 26.2025
133.9944 24.4256
131.2020 27.9929
139.7917 28.5269
130.9375 25.9941
131.9285 26.5935
130.9499 27.8707
133.4781 31.2658
132.1918 25.6959
135.3419 33.0123
137.9342 28.4981
135.0632 25.9098
129.2420 27.5552
124.5193 23.0266
139.1014 27.5937
133.1373 21.5220
127.3778 25.5650
129.6634 25.7768
135.2307 33.3108
132.7603 30.3185
136.3150 29.1582
130.9760 25.6777
134.2467 25.4056
137.2374 28.2120
139.7754 27.4158
134.3244 31.3699
131.7012 28.5282
137.1530 31.4165
137.9404 29.4901
140.1813 28.2157
132.1808 24.8897
140.8996 33.9734
138.7702 28.8441
135.9338 28.4167
136.6972 30.6806
131.6018 27.6251
135.7327 30.3156
135.5037 29.6661
138.1688 27.2773
140.4912 28.1580
137.8178 30.2075
131.5045 29.0925
130.5681 27.2392
137.0436 27.7639
134.8479 24.4373
134.3161 24.0753
138.0941 33.6049
138.5967 27.8586
126.8936 26.5017
139.1551 27.1409
134.5085 33.0174
128.0099 24.9887
131.8974 27.4915
133.4536 24.2540
133.8758 31.3026
131.4499 28.1388
139.8766 28.3835
134.3009 29.2216
132.1052 31.4299
131.9177 28.1452
132.7748 24.6430
135.9985 30.4279
139.0627 32.6927
144.2905 35.4132
130.7515 26.9554
134.3242 30.7102
135.1097 29.1363
129.7966 27.5846
133.1208 26.5656
138.4624 33.4974
135.0391 31.4383
130.7365 28.2786
137.5881 33.5112
137.6599 33.1337
135.6884 33.2682
132.3399 29.2573
134.5734 30.4255
137.7411 29.1650
131.5602 27.5293
132.1887 26.1936
137.3630 29.2875
147.2921 35.5019
138.1529 29.5985
133.0813 28.7270
136.1189 28.4520
136.6129 33.1163
135.1296 28.6486
130.5098 26.4215
140.3847 28.7978
132.9778 28.4690
136.0301 29.0095
140.7815 34.1959
130.9648 27.2665
139.2500 27.8277
136.2802 28.4443
134.3169 31.6507
136.0633 30.3786
134.0773 23.7839
140.2232 29.1144
130.5105 28.5662
135.1329 28.2286
133.3946 31.8445
133.1776 28.9823
134.2555 23.8892
135.0136 31.1171
126.6416 25.0560
136.4760 29.3463
133.7518 24.6340
132.1376 27.2983
139.9536 29.2793
135.9067 33.2393
134.7356 29.2094
137.3324 28.2100
137.9541 28.9175
131.6328 27.3066
136.1984 27.9741
139.1443 27.2813
133.7470 26.0894
139.7128 27.9284
134.6817 23.3480
135.6669 30.6158
138.3943 32.9111
131.9926 29.0439
131.3517 27.1557
132.8208 31.8931
139.8820 27.9717
136.7569 32.8025
134.4857 29.8205
126.3642 24.3856
133.6445 31.0959
133.1232 29.3475
131.5853 27.0262
134.8296 23.1945
137.0499 32.7498
137.0840 30.5832
130.7142 28.2185
134.7544 32.4821
134.8991 28.6000
134.3030 25.0914
134.2696 25.9241
132.8627 21.9523
137.0718 32.7132
139.5500 28.1582
134.4832 23.5289
136.7449 30.7002
138.8340 27.6661
139.0989 30.4379
131.5221 27.8307
125.5559 24.9798
137.0069 29.1013
124.5387 27.4182
126.7399 27.5170
125.1697 22.8087
137.1229 29.4817
125.4429 24.8632
131.5176 25.9358
139.8893 29.1418
127.4832 27.5423
136.8433 31.2368
133.6166 24.3134
136.8021 29.9495
130.7661 26.4976
136.5125 28.7138
131.6688 28.5427
128.5457 29.6837
127.3173 27.3377
131.8174 26.7189
135.3118 28.2305
134.8217 28.9571
132.8504 27.8982
134.6317 28.6179
139.7452 28.7446
134.7583 29.4355
139.4332 27.7642
132.3618 29.0790
132.8438 25.4040
139.9901 28.3718
139.5502 27.4822
139.7204 28.0789
131.8256 28.5407
136.3767 31.4270
134.3048 29.6114
132.9509 28.9216
135.1124 32.0523
140.0483 28.7636
133.7661 24.0512
129.6588 26.7339
134.4066 33.2042
128.2462 29.5677
134.1993 23.9443
134.7808 26.1345
132.9453 28.3865
136.5876 28.4184
139.8051 34.4234
133.2259 31.0133
124.8404 24.0943
133.6155 24.5155
134.6419 27.9518
136.4330 29.3496
131.5224 29.1676
132.8263 25.2807
136.9382 29.0815
132.5807 26.6337
130.4744 27.8920
136.2447 30.4317
126.5091 25.5089
134.8682 23.6682
126.8368 24.8929
137.0121 28.4879
140.6459 28.0423
130.8009 26.0141
136.0696 33.0636
131.0615 26.7259
133.7730 24.7123
133.2360 28.4630
130.6737 28.3220
136.7691 30.7306
140.0031 28.3704
130.7162 26.8049
136.2606 29.5592
134.9534 23.5493
134.5357 29.2465
127.7060 25.5758
136.4610 28.3512
134.1195 31.9314
137.4403 30.5324
134.6958 23.6759
139.3500 27.7573
137.1362 31.8507
131.5093 25.2651
140.2138 28.0720
133.4095 28.8056
127.9214 29.3055
132.2066 28.0013
134.6067 32.0079
135.6423 33.1375
139.3305 27.9884
138.6419 27.5398
134.9461 31.4386
135.5062 23.0318
134.0775 23.4089
125.9313 24.6388
131.5760 26.3745
137.6135 30.1330
134.2783 27.9377
132.8273 30.3279
124.5375 23.1907
134.8558 23.3690
131.2245 28.0366
136.9052 28.6074
133.6450 23.4070
125.8722 23.5728
137.5372 28.9256
133.0213 29.9039
138.6237 27.6739
136.0296 28.7538
132.1999 24.9796
137.2703 28.9413
130.4950 26.5674
137.3687 34.1495
139.6005 27.8561
131.8379 28.8420
126.2660 24.5400
133.7738 24.2754
131.4435 27.8234
137.0427 31.8232
125.9344 25.6245
131.4229 30.9011
134.0534 24.5655
133.9851 26.6685
136.8078 30.3430
133.8528 32.2476
135.6935 25.6852
132.3105 27.2659
132.6780 30.1151
126.0752 23.3561
131.7342 27.8834
139.5870 27.9754
131.1745 27.1326
129.2964 27.4260
138.2030 29.0359
139.9151 28.6991
131.0192 26.7859
139.1838 27.7334
140.4163 28.1876
135.5890 33.3193
138.8788 28.3864
134.7007 31.4137
132.7099 30.3490
135.3273 31.9059
138.3861 29.2115
139.2726 27.6015
133.6128 31.6266
135.6037 28.6799
131.7326 28.1189
134.5486 25.5374
132.0872 24.9472
135.2953 23.4011
131.7648 28.3712
137.9421 33.3232
136.9262 29.2860
134.6446 22.7217
133.8056 25.6810
133.6921 31.7822
135.6858 30.1530
134.2516 28.0441
137.9194 29.1767
130.0753 27.5138
134.4622 23.4703
133.1384 28.7237
132.6608 31.0863
136.9740 29.0277
136.3933 30.7724
132.1176 31.1455
136.9618 26.5943
131.9183 31.0841
133.0420 24.5117
136.3228 31.7575
129.9346 27.4115
132.2964 28.1996
138.5309 28.5531
132.4147 32.0601
133.5465 32.4943
140.3376 28.2880
140.1186 28.7722
134.6689 23.2078
135.6109 30.0395
136.0782 27.7691
133.4417 24.8881
136.3949 28.6839
133.2611 30.2065
136.0959 28.2805
137.1226 28.8259
133.1770 28.8182
138.7581 27.6146
136.6582 28.3519
136.4802 31.1451
138.9241 27.3226
132.5114 32.5125
135.2459 28.1945
133.1063 27.8857
132.6884 28.9129
132.5834 28.9291
133.2598 28.1325
137.1653 28.7282
133.6858 26.1540
138.7659 27.6910
132.3955 29.2420
133.2729 24.9351
136.9569 28.3874
125.2707 22.3284
136.1555 30.7650
139.7679 28.1361
133.0736 27.6529
131.7391 27.9776
136.1433 30.9287
132.5708 29.4562
136.6798 31.4165
138.5374 29.6252
131.8908 26.5273
139.5468 27.7798
125.3214 21.5490
140.2183 28.5281
133.8619 24.4013
137.4526 30.3468
140.3962 28.1137
134.3965 28.1200
133.0377 25.1316
136.3752 28.7008
137.7626 33.4830
137.2505 26.6811
140.1735 28.5998
134.6446 31.2889
134.8667 31.4456
136.1715 30.7562
133.4811 28.6701
135.2645 29.6222
133.1594 25.5041
139.9216 28.4141
140.4415 28.0672
134.1878 24.2397
136.8715 29.0035
136.2046 28.5041
130.7191 26.2224
129.5863 27.4495
133.9508 28.9799
134.1569 32.3419
132.0476 30.9919
137.0028 31.8137
136.9913 28.5575
139.7456 28.0273
134.5774 29.3801
132.5817 28.6431
133.7735 24.4216
136.0070 31.1402
134.6260 29.7375
136.2995 29.9324
136.3908 30.8443
137.2061 30.7965
135.5554 31.1955
136.7706 28.3000
133.2197 24.8985
137.1384 29.8287
137.4088 30.8469
136.3625 28.7075
138.6922 28.5221
134.4880 28.1065
140.5739 33.9282
137.1367 28.0668
132.8933 31.2124
136.6572 29.3914
131.6729 26.4082
134.1623 29.0531
130.6893 28.3388
136.5051 28.9803
130.4968 28.0583
132.3585 28.3907
134.7994 31.1781
124.0906 23.3950
133.8482 29.1745
135.8373 27.8773
136.2823 29.2522
136.1083 27.9789
134.1024 24.6881
140.3554 28.2872
131.4295 28.5219
136.0578 28.2340
134.5476 31.3801
136.7687 29.4724
122.8529 26.8055
133.1643 22.9147
134.9512 23.2898
134.5177 24.8858
135.1318 29.8421
131.1875 28.0299
139.7691 28.3073
127.9210 25.7322
133.7270 24.4978
145.0604 35.9812
138.6826 33.1576
134.2028 24.7780
135.7439 23.8575
139.1004 28.2173
131.9010 31.1588
133.1429 30.0881
130.4956 26.6036
135.1128 22.7381
134.1285 23.5838
126.4454 28.0541
134.8910 30.8806
130.5256 25.7494
130.4322 26.5940
130.3105 28.8424
132.2637 18.9238
131.6538 29.0387
137.7123 34.3051
136.4316 30.5128
133.8868 23.4422
136.0199 30.7857
125.8504 25.1015
136.4512 31.9158
131.1276 25.6032
133.7769 23.7910
132.4407 22.3966
134.8177 23.3011
125.7799 21.6604
133.3666 27.9994
126.0630 25.4456
136.1767 28.5054
133.6639 23.8905
131.5219 27.4515
126.2792 23.9771
132.6147 24.8365
132.1771 28.0848
124.8872 24.0701
133.7328 29.0745
134.5185 24.8334
126.6854 24.4137
134.0595 23.5431
138.7154 28.8590
136.6754 31.4300
132.0171 29.0574
134.6330 27.9675
137.1663 30.3033
129.1739 25.5822
134.5533 31.5651
132.1117 26.0171
132.8429 28.9532
126.7463 28.4048
133.7660 27.2544
132.4554 25.3412
128.3479 25.4008
124.1910 24.0856
123.9945 20.1497
137.1478 30.6414
145.3914 39.1662
137.0002 30.2244
137.5443 30.5387
135.5736 27.8654
137.0489 28.2192
141.1194 35.6543
139.0945 28.2548
137.9737 32.6777
136.9202 28.4587
139.9061 29.4340
140.0863 29.2577
137.6846 33.4019
136.5975 30.8965
138.1834 33.5676
137.9018 32.3834
138.5165 33.6104
140.2007 28.5962
138.2473 33.7374
138.7559 28.1117
139.1146 28.1775
136.5768 29.3934
138.1801 33.5531
138.2335 31.2232
138.3101 32.9027
141.2250 35.3355
138.0797 33.5566
137.5485 32.1931
136.9607 29.6725
138.0104 29.7657
137.0816 30.0590
138.7933 27.8416
144.7507 38.4879
138.1449 32.6397
136.9425 28.9736
145.0156 35.0002
138.0730 32.5739
138.6712 33.5117
136.8255 28.8305
140.3775 34.4817
135.8348 30.5344
137.7121 28.6398
137.6163 33.8110
144.6693 38.5890
137.3020 29.8213
138.6423 30.8933
139.3913 33.2825
138.6694 27.5829
138.2497 32.7600
141.0049 35.7558
137.6266 33.8017
137.9108 33.5836
145.1636 39.0338
137.5165 28.7829
138.1807 32.6970
136.0254 27.9119
140.2791 34.4577
139.9845 28.3286
139.6630 28.2360
138.7871 28.2450
136.5940 30.8990
136.9520 29.1388
138.5153 33.1341
137.1642 28.4043
145.4698 37.0421
136.8401 30.2989
142.3903 35.3576
137.1292 30.8400
137.7408 28.7427
137.6151 32.2016
135.8315 30.7693
145.6411 37.3026
146.5501 35.3870
143.2045 36.1128
138.1711 33.7749
139.4659 27.4471
137.7951 29.0465
140.2284 29.1402
136.2789 30.5315
141.5107 35.0876
145.9008 37.2063
138.2585 33.7637
136.6493 30.6416
137.5435 31.1299
137.2003 30.8142
136.7140 30.0812
137.7542 29.8387
145.2858 37.1196
132.3337 27.1833
139.6618 27.7790
146.3248 35.7572
137.4958 29.0738
145.3843 37.2448
137.9075 31.7072
137.7225 33.3864
141.4046 36.1847
138.3962 33.3925
138.4617 33.0796
141.3447 34.8170
142.4772 35.6777
137.4281 30.3246
137.3620 28.8245
137.0006 28.8671
137.3629 28.8338
136.1002 28.4808
139.5976 27.9854
141.2288 34.7484
145.2513 37.1421
137.8229 32.3745
139.6801 27.7683
137.6644 32.2308
138.2717 32.8805
136.8232 30.7514
137.7079 32.3105
141.5109 33.9282
140.1641 29.0866
138.0896 30.5232
136.9360 28.5256
137.7240 33.8179
139.6803 33.7421
137.3319 31.4153
138.1881 34.4865
136.8851 28.4457
138.3645 33.1923
137.9465 28.9263
143.9094 36.9272
138.5213 33.6570
144.7981 38.5435
138.8682 27.4745
136.3314 28.6589
139.0174 33.0648
139.4843 27.8645
136.9618 28.3970
139.6237 33.7111
137.5839 29.4605
137.5155 29.8297
142.0711 35.1579
136.2039 28.3176
137.3180 30.1424
139.6390 28.1181
141.1092 34.0684
137.3710 30.6361
137.8154 32.5072
137.2738 28.4156
136.0248 31.2914
137.1531 29.5696
136.6282 28.6424
140.1565 29.0632
135.4301 31.6275
137.0519 28.4091
136.3984 30.1614
144.7923 34.3706
137.6161 33.6274
137.1089 30.0531
137.6151 33.4640
138.2377 31.0264
137.9860 32.4734
141.1421 33.7673
136.5138 30.8031
138.1519 33.5662
141.2628 33.5379
145.1703 39.3750
136.7220 30.9500
136.8652 28.4282
138.3715 33.7220
139.4175 28.0256
137.3055 28.3034
145.4225 39.5242
137.8681 33.5521
137.6203 30.4718
137.6570 31.1949
137.6104 32.2182
137.6456 30.1430
136.9660 30.9963
136.1422 29.9312
136.2744 31.4906
139.7732 28.4873
138.5151 33.4701
137.7974 33.3938
136.2724 28.7893
137.5656 29.0689
137.9020 33.8245
137.4324 29.7765
137.9895 29.1284
137.7424 31.2248
138.9176 27.9185
138.3139 33.2839
141.4813 35.2597
139.9196 29.4275
135.9724 30.3889
137.3284 30.1503
136.4994 28.1687
144.7631 38.4825
136.3019 30.8674
136.6774 28.1760
139.0635 27.7291
141.6993 34.3607
140.2977 28.8649
141.3377 34.8153
140.0208 28.4207
137.6426 33.7790
138.1476 32.6605
141.5240 35.2066
135.6967 30.9913
139.9007 34.6239
137.9413 33.7869
136.4768 28.7867
137.1514 28.0899
143.8142 37.2022
137.0713 30.2086
137.3948 30.2220
135.4223 27.8640
137.2847 28.2926
137.4705 29.3069
136.2832 30.4383
141.3411 33.6122
142.4858 36.8989
136.9176 28.6728
139.5566 27.5482
138.9260 28.5927
138.3481 33.4575
138.5668 33.2186
138.0770 33.5564
136.9100 30.2558
137.6710 30.0840
140.7067 34.6743
141.4524 34.9452
136.9460 30.9168
135.7785 31.3012
137.4076 31.2293
136.8911 30.2414
139.6403 28.1673
146.7409 35.6876
143.6471 38.3054
136.9415 30.2374
139.5008 27.6445
138.1530 33.5463
139.0643 32.3627
137.9735 31.1403
137.1159 30.0584
137.9170 28.8163
138.9590 28.7118
137.7467 31.4025
137.8499 31.2024
136.9419 28.8663
135.8082 30.7764
138.5936 33.4339
141.4947 35.0617
155.0787 34.7072
151.3164 36.5073
137.5627 32.1917
138.0516 33.7932
137.7952 31.7548
141.4772 34.0156
135.9587 28.0358
137.0186 30.0392
138.3651 33.5350
138.0806 33.5203
144.8141 34.3963
141.4282 34.9497
137.6137 28.3761
138.7864 27.7456
137.8986 31.1101
137.0305 28.3894
139.5316 27.6402
140.1886 28.8119
138.7188 27.9200
138.3646 33.0002
141.1955 36.0649
143.9636 36.3801
138.5513 33.2415
137.6176 30.9247
137.8261 33.7240
136.0328 29.4504
139.3721 33.3292
139.5017 27.6340
136.8402 28.9218
137.5139 28.8021
138.2627 33.5874
139.5363 27.8973
141.5859 34.4835
138.9275 28.9427
136.4736 27.9214
137.5585 29.7039
138.8234 27.5862
137.9125 33.4061
139.7220 27.7993
136.6018 28.6426
138.1764 33.5382
144.5667 38.2596
136.6356 30.4874
138.3414 33.2097
138.7272 27.5869
138.6032 33.4193
137.0681 29.6135
138.6524 33.4679
138.9105 28.6035
137.8587 32.3717
137.6935 33.8136
137.8896 31.7100
141.2039 34.8604
138.3156 30.9676
138.4229 32.9461
139.5202 28.0943
138.4570 33.0709
139.6606 28.3319
