129.3669 25.0581
135.1745 29.0854
129.1827 24.1835
141.3275 34.5364
134.8568 28.4898
130.8925 27.9497
129.9116 25.4017
138.1057 28.3294
136.8986 26.0744
137.4981 27.1698
134.4691 27.5619
128.9998 25.7775
134.8552 32.0690
134.1440 31.7653
136.2765 29.3117
136.4547 26.0672
134.2991 29.3134
138.8536 32.3949
137.1523 26.9198
136.9616 29.5907
136.1895 25.2302
131.4581 24.1742
136.9612 28.4389
142.2953 36.2650
136.9868 31.8865
131.2145 25.2311
138.9288 26.8603
135.0043 27.3898
138.9265 27.6451
139.0810 29.7767
137.3226 28.3860
134.8199 27.3769
137.3233 27.2654
128.8729 25.7317
137.0902 30.0434
136.3405 27.4762
132.9526 30.6596
130.7790 26.4428
133.5988 25.8117
136.5239 25.8782
132.5917 30.9199
132.8584 27.5919
135.9990 26.3684
132.6307 21.5610
145.9362 34.8274
134.7864 28.3334
135.6240 30.2692
132.7053 29.6629
123.9498 20.4061
131.3952 28.1376
131.9438 24.8124
136.5232 31.9437
132.1281 28.9315
129.3436 24.4349
142.0241 35.1307
132.6684 30.5406
133.1758 29.5285
129.8413 25.6302
125.2150 20.8225
131.9947 29.2868
134.7943 25.8705
136.2363 30.3714
132.2715 28.0116
142.8897 36.3325
136.6221 26.6817
135.6306 28.2329
131.8808 24.1443
136.9920 27.4178
132.4877 26.3286
131.8200 21.2448
139.9216 27.5245
133.2874 30.3836
132.0328 29.9169
135.0850 27.6125
129.6749 27.5176
124.9755 25.3383
132.9684 20.9207
130.3641 24.3443
138.5083 28.4700
133.3199 22.2897
131.2337 25.4767
134.3340 29.4800
137.7843 28.6704
135.3861 29.0118
132.8473 23.6928
133.7459 32.8468
127.1759 28.2160
133.2988 31.3367
133.2690 24.0008
135.7092 30.8453
130.0217 26.0371
134.6750 26.9791
129.4599 22.1978
130.0953 25.3372
137.0672 26.5012
135.6763 29.8573
135.1145 31.9133
133.3164 22.5536
133.7808 32.1879
132.4854 25.8714
131.3751 20.9205
138.2858 29.2173
134.8067 30.6702
137.8436 28.5830
133.4455 24.7255
134.7584 27.4901
142.5357 36.2570
131.3140 28.7391
146.0020 34.1728
139.5146 32.4769
130.0507 26.2603
132.9748 23.3272
129.1043 27.1090
131.6819 29.6686
136.4988 27.0660
135.4352 32.4206
138.2679 29.2015
132.9753 23.0840
133.1947 24.8822
136.3417 25.7792
136.7431 28.4978
128.7805 27.3668
136.5098 30.4530
129.7280 25.1949
133.7220 24.1524
135.9403 27.2390
132.7387 30.4175
137.1172 27.8537
130.2938 25.4602
132.3568 21.3511
129.2942 26.1317
130.5552 29.9724
130.3488 25.8549
134.6005 32.1655
130.4124 25.2189
131.9804 28.1114
139.7429 27.8851
135.6380 25.4529
131.4569 20.6328
132.8191 23.2118
145.9331 35.0158
136.6448 26.2380
132.4769 29.2619
139.0368 33.5583
135.0200 28.2361
136.6440 27.2912
129.1252 27.0365
138.4227 29.5750
130.6393 28.2414
132.1662 28.2769
124.0920 23.8262
133.5958 28.1013
137.7946 29.4385
131.5265 24.9751
135.3163 28.6232
133.9143 27.7767
133.3614 31.9828
145.6585 38.7026
132.6430 30.8268
136.7070 28.6902
137.2108 26.8734
134.1168 27.7968
126.3436 25.0181
145.4959 35.1904
136.8895 28.4088
133.5740 27.7266
135.2783 30.6015
129.2382 27.5399
129.1962 27.0569
141.4696 35.0583
132.5851 30.2294
133.2692 30.4881
132.8764 30.4820
131.0309 24.4974
140.0910 27.4069
130.0956 26.8776
133.5805 28.1744
135.2707 29.1862
135.5548 27.1169
132.2615 30.3541
125.5864 23.3742
136.2589 27.5368
131.4672 25.5952
139.4651 27.9947
135.2845 25.9888
136.1502 25.7324
131.2985 28.8308
137.7047 32.2592
133.8673 29.7535
138.7277 32.1244
135.1880 27.6484
135.8701 27.7128
132.1610 29.8558
137.8011 26.8684
136.9922 25.9296
134.4280 29.1221
135.0226 29.5182
136.6390 27.3118
137.9537 28.3617
132.5386 24.5478
123.6519 19.4904
137.8112 27.1522
133.8244 32.5951
133.4347 27.9954
145.5772 35.1585
136.8540 26.2828
138.4504 27.2727
130.3596 27.4209
137.9876 31.5120
136.3706 25.7929
129.4188 26.4609
132.2515 21.8464
121.2772 20.5460
136.1320 26.9235
132.4049 30.1960
139.7192 27.7393
134.2486 29.0650
129.5431 26.1852
122.3514 20.9118
137.7541 28.3000
136.3911 30.2892
130.8170 24.2039
127.5144 25.2572
135.9498 25.6267
136.1704 27.6589
133.1716 28.6396
134.5529 28.5851
131.6055 27.6896
129.0728 29.5000
143.1794 35.1017
136.8699 25.5808
138.7714 31.3911
131.1067 23.8812
131.8136 31.7958
124.3408 21.7637
134.8939 31.1435
133.1065 30.4934
130.2128 25.5508
132.4069 28.1346
128.1259 25.3228
130.5135 24.7001
137.7581 29.3745
136.2030 26.7565
132.7644 30.0406
133.7693 29.0210
129.3870 26.3829
137.3723 28.4099
136.8158 27.6269
138.1253 28.1595
135.6242 30.0811
138.2814 31.4422
132.2919 27.3693
133.0563 30.5868
131.3507 25.5651
135.5373 26.4008
131.9445 28.3648
129.0413 25.3990
136.8902 28.5173
128.5611 25.4573
136.2820 27.3012
135.6722 25.4871
136.2673 26.5256
131.5994 21.5578
134.7672 29.4244
139.3915 28.1815
131.3936 26.0176
137.4378 27.0161
130.4384 21.3139
129.9877 25.5537
129.8847 24.2611
123.8273 21.0892
132.9992 30.2606
138.0873 29.5656
139.7634 27.3221
136.4837 29.0757
138.6087 26.8461
135.3756 25.0929
133.0232 23.2091
132.1315 29.2196
131.6710 24.7397
134.8476 31.6022
124.4995 19.3968
132.6890 29.9439
131.0740 28.3339
129.4406 26.9457
137.2067 26.5462
136.8345 28.6821
143.3171 35.3289
138.2666 28.6072
134.7528 28.4930
132.0876 24.3855
136.5793 25.8031
132.1996 29.2736
124.5715 21.3266
136.1387 26.9371
135.7126 30.2333
131.7873 28.9530
137.8868 29.5455
131.5677 20.8289
123.1420 20.1650
131.0768 28.2446
132.7135 30.6209
138.0499 29.7928
137.8194 28.6973
132.6270 29.3823
135.7763 25.1923
137.2814 30.2833
137.8361 29.8776
135.8267 32.0490
134.8538 27.6144
130.4870 25.1946
139.4041 26.9833
130.9535 26.8857
136.1596 32.4534
128.4737 25.2249
131.8786 31.8426
132.8818 29.0971
136.7176 30.5477
133.1114 30.5816
129.5478 25.9500
134.5299 31.4838
127.7897 25.1363
136.6432 29.1142
138.7367 28.0691
130.7785 25.5582
131.0623 24.0118
130.1896 25.1922
135.6731 28.0029
130.9726 20.7576
139.7344 31.0837
138.0492 29.8151
132.1689 27.4543
132.0321 21.6123
131.0059 30.5115
137.4969 28.4037
138.3090 28.6016
135.8361 27.4709
132.5916 30.2122
137.3940 30.0488
136.7031 26.0396
133.5637 31.6862
134.9190 30.7896
137.2449 31.1547
129.4678 29.7823
128.7065 25.8600
136.4687 31.5495
139.9462 27.5300
138.0956 28.5060
129.3751 27.2507
137.9307 31.5941
132.0872 29.2204
136.1941 27.3530
136.8043 26.4144
138.0107 28.3184
138.4045 29.0640
138.2445 27.2662
134.9869 31.0465
123.6341 22.7975
139.5046 32.4248
135.1755 29.9220
137.7710 30.3473
139.6025 27.1348
135.4146 28.3141
131.9660 26.4557
133.0582 24.9390
133.1257 26.1772
127.4654 25.1119
133.1768 24.1434
130.7933 25.0364
136.4053 30.8215
133.0459 29.7828
131.1664 25.8521
134.2788 27.7149
130.9062 22.9590
131.4490 21.4927
134.5011 31.7732
132.1825 24.8941
124.4037 22.3939
135.0387 27.2597
138.8237 26.8206
140.0665 27.2515
129.8180 25.3001
128.5197 25.9772
137.3731 28.4122
135.8331 27.2353
134.3902 31.7325
136.0959 26.7692
132.3671 21.8426
134.4089 28.9489
134.7179 29.0896
131.6979 29.1180
132.8984 24.3344
136.0666 25.8392
131.6921 28.9792
138.3967 26.6953
138.2927 27.9544
135.2231 28.8753
131.0509 28.5188
137.5653 29.2648
128.6340 25.8395
134.8435 28.3258
126.9339 25.2243
139.1421 29.8188
136.2651 25.7500
136.8972 27.6972
132.6655 27.8000
136.5322 27.7562
132.9121 27.8739
133.8644 28.9664
137.6148 27.2021
134.3480 27.5066
136.2747 29.9411
130.9565 24.4332
131.8477 29.4061
137.3674 30.4229
136.0995 29.4557
132.8072 22.5474
130.4522 27.7196
137.3174 26.7250
127.4066 25.2656
132.5067 21.7127
135.9651 27.4000
132.6691 21.4717
123.8409 22.8887
139.0018 32.2752
127.4864 28.4979
138.1016 29.8620
128.0439 26.0245
145.1178 33.9122
131.5034 21.9908
139.5141 27.5379
131.1664 24.3304
132.1051 21.0360
132.8077 25.6273
131.0086 24.6443
133.6867 28.2780
132.9572 23.4629
129.9148 25.0401
132.6134 29.0015
131.6221 25.8929
125.8097 23.8970
136.3040 25.9192
131.7183 31.7971
137.5688 31.4074
129.0904 25.3322
136.4635 27.5605
132.8363 29.8625
135.9359 30.7730
136.2930 33.0260
131.4134 25.0502
137.8992 28.0659
131.7674 25.6196
138.1557 29.6416
136.5315 27.0586
134.2346 27.7240
138.0975 27.2492
131.0738 21.1667
132.0255 28.6082
133.5822 30.2045
133.6502 32.7138
131.9801 29.8263
131.4196 24.3448
135.5661 26.5249
132.3624 24.5034
138.2967 29.2800
125.2463 19.2264
136.9904 27.7642
133.1746 23.5320
136.9653 27.5299
134.3063 29.1650
139.4850 26.9580
136.5749 30.7368
139.3223 28.5326
134.1965 32.4031
127.6419 28.4880
137.4243 27.8392
136.3775 30.1473
133.1658 27.7575
135.6416 27.6724
130.4488 25.4229
137.4508 29.5432
137.7832 26.8029
135.9545 27.3175
131.4131 28.5646
132.0799 21.0161
134.4696 30.5178
124.5575 22.2534
136.0807 27.3061
135.4970 29.1581
132.7501 21.8448
137.0954 26.1127
134.9961 25.1975
131.5804 28.2853
132.7916 21.8694
131.6759 25.9757
131.1619 26.3443
136.8477 26.4681
132.8516 25.7857
136.4917 32.9392
132.0862 29.2058
130.9904 27.6179
135.2447 29.8238
132.4398 28.9054
132.4665 21.7550
133.3596 23.0584
131.2930 26.0077
137.2760 29.5915
139.0018 27.4972
138.3553 28.3490
137.9196 28.7230
135.8750 27.0205
132.1209 28.5210
124.7044 21.9164
131.6212 23.6619
134.9344 28.4050
135.6287 32.2759
129.9242 27.1909
130.8011 25.2670
134.4544 27.4787
136.0979 29.3023
127.4549 25.4681
139.2852 28.4832
133.0462 27.9484
133.6364 28.0213
136.5829 26.7251
134.7406 27.6557
131.1595 25.2899
134.8129 28.3143
135.5399 32.5127
134.4159 29.4961
133.4993 21.2497
139.3190 28.6255
136.0625 26.9347
133.8179 27.6422
133.9756 27.9652
130.9450 24.7241
139.5117 28.2161
138.0392 27.9138
138.3111 28.7034
136.8107 27.4612
132.6619 26.0093
132.4447 28.7982
124.0139 20.5434
130.3399 27.0878
137.0992 30.2787
138.1059 29.8969
139.6367 27.7472
138.3880 34.2146
136.4569 30.6007
139.1013 29.6890
135.3395 26.0960
140.2497 34.1858
139.4389 27.1226
135.9684 25.7082
139.1655 32.4117
141.7388 34.8751
137.0975 30.5479
133.3503 31.4308
139.7386 27.6976
139.4625 28.3273
136.8587 27.5142
134.1413 30.0231
139.2908 27.5291
145.3448 35.2490
136.8643 33.3765
129.0704 29.1221
135.6229 32.8580
127.3093 26.8500
135.8035 27.5953
139.7050 33.1616
139.5948 28.2829
136.0094 25.8166
135.3781 32.4542
138.3811 28.1343
133.6220 27.9878
139.4648 28.0066
136.3230 30.7136
138.3804 28.9974
138.8551 26.9461
137.2175 29.7956
127.3352 28.0827
138.8260 27.0367
144.3338 37.7738
136.3578 27.4002
127.5056 28.5107
137.1414 26.6893
137.1133 26.8094
135.5882 33.0198
135.5482 32.7543
133.5412 28.9927
138.5080 26.8835
137.1683 27.9906
137.3362 28.5262
128.5053 29.4848
132.5545 27.9644
137.7758 27.1397
136.0108 30.4578
133.5916 21.6804
139.4246 32.1111
134.0524 29.2456
136.4920 25.6944
144.9294 33.9040
135.8216 27.3653
137.1348 27.2041
146.2737 34.6013
136.9726 26.2647
137.7451 26.9911
135.9451 32.6463
137.9503 28.1417
136.9576 26.3045
139.8343 27.6376
139.2462 26.9749
139.7675 27.4129
137.9898 26.9648
138.3631 26.9584
139.4171 28.0854
138.0692 29.6554
138.7152 31.6528
136.6790 26.1703
135.8768 25.8485
138.2727 28.6368
145.4668 37.7225
134.3915 25.1261
133.6543 32.8349
139.4962 27.8601
143.1046 36.0330
132.7846 30.6115
136.8122 27.9368
137.5411 28.4803
136.1226 30.8676
139.9745 27.3098
136.6648 31.4714
132.5602 27.9270
136.9043 26.1292
139.2727 33.2155
131.9324 28.5424
137.1072 26.2008
138.3144 27.5009
133.8706 28.0147
142.6898 36.1605
137.7315 28.1121
131.9891 28.4667
138.4665 29.0600
137.4634 30.2040
137.9344 29.6182
146.8115 35.1481
136.2976 30.6768
147.6951 37.8925
139.2001 29.3177
136.5869 25.9932
126.6865 27.3225
138.7405 32.2846
149.3354 36.0926
134.9937 32.3436
136.7037 26.5219
139.3736 29.2400
138.6340 31.8284
131.6820 28.4165
145.9602 35.0043
136.7047 30.1271
135.6175 31.3810
142.5096 35.5594
139.2887 29.7092
138.3784 28.9106
137.7992 28.5711
138.4380 29.1465
135.6753 32.2508
133.5730 28.4264
139.3416 29.2311
147.0719 34.8830
128.4382 25.8241
140.0001 27.4653
132.5567 28.0277
130.4942 26.4639
144.6755 33.2013
133.4511 32.4714
137.3386 30.0866
138.0842 28.3874
139.7495 32.7837
139.8458 28.2711
136.2618 27.4000
140.8951 34.2433
139.3261 33.5310
139.5177 27.4756
137.1543 26.1923
141.6243 35.6030
139.9868 27.8540
132.3063 28.0077
138.7051 31.1179
138.0152 27.0786
126.7090 28.1676
139.3028 29.4223
137.7004 27.0683
136.3910 27.7935
138.6899 29.5673
141.5993 35.2362
136.1017 27.5475
144.6955 37.1020
134.1939 31.3389
137.7737 28.5581
144.6077 37.4789
135.4779 31.4401
144.2314 35.5139
136.9017 30.2705
140.9068 34.4103
139.7991 27.8746
133.6447 29.7411
137.6679 27.0397
135.8578 31.1040
146.1732 35.0343
141.4014 33.6964
137.4033 28.4570
139.8303 26.7581
137.4930 30.0465
133.2686 30.0724
140.8603 34.2266
137.6682 31.4111
135.0851 30.9295
130.0522 27.1078
136.7307 30.3302
134.5313 21.5563
138.6100 31.9570
131.3463 20.7196
135.7344 29.1582
136.7594 26.7062
133.3801 31.4292
134.0623 23.5109
134.5818 26.7134
132.6106 27.9662
134.6438 29.9934
139.2775 33.0826
130.9583 28.0461
138.4205 28.4841
134.5637 27.8032
136.9023 26.8847
135.2934 31.0418
132.8921 30.4542
138.7550 27.9629
131.8820 28.8709
139.2221 32.0648
136.7469 27.1111
139.1663 30.5530
131.9003 28.2923
133.2263 21.6011
133.1751 28.9063
139.0541 29.2168
122.9173 30.0993
125.2444 23.8508
133.0603 21.7749
125.9466 25.6131
139.5069 27.8625
139.9445 27.0272
146.2164 35.0296
133.9489 32.8843
136.6181 25.8349
140.4930 27.5261
132.8935 20.7612
137.9532 31.5475
137.3827 30.1468
133.7919 30.3130
130.3138 26.5091
137.5026 27.5756
133.7180 29.6274
134.2011 32.3419
140.0705 27.3890
139.8092 26.6271
138.0998 29.1801
133.9097 30.5905
145.5373 34.6312
135.1259 25.4980
143.9691 35.4049
130.8075 26.7704
135.9975 26.3217
135.5995 31.1558
133.4246 21.8728
132.5245 24.9969
136.6402 30.2645
133.8229 22.4149
139.6206 27.1482
133.6064 21.3328
137.3375 29.9594
132.0160 29.4640
137.2586 28.6024
136.9896 30.1770
133.7482 29.3061
135.4934 26.2957
133.9109 30.6190
140.0493 26.3591
129.0801 28.9733
132.3124 30.4942
133.0701 21.3744
139.4897 27.3120
140.5062 33.7006
135.5542 31.4176
136.5594 30.8955
131.8445 20.8846
138.4700 28.8155
131.3169 28.8501
137.6419 28.1122
131.5727 28.8020
138.5455 29.0345
138.8131 26.8568
133.9671 30.0679
125.0233 22.5273
135.9608 27.8874
145.8916 35.2940
136.1263 27.6910
129.9602 21.6840
134.9214 25.7596
136.5640 26.2971
141.2498 34.8974
130.2028 26.2653
133.1017 24.2495
135.7022 27.6526
130.3546 27.5043
144.0830 34.5764
131.0369 28.0110
133.0177 23.5033
131.6319 29.1381
137.5042 29.2115
131.4503 27.8443
136.1934 25.7986
136.0504 27.2157
132.3060 21.6657
139.2760 28.9086
126.5774 24.0578
136.9478 29.1464
129.2892 24.9132
138.5491 28.7616
134.3168 30.1244
137.3074 29.9501
134.7919 27.5263
138.4814 29.0861
136.4304 27.5113
134.4461 27.9851
139.9038 32.8173
135.8039 27.5495
143.1501 35.4464
137.6584 31.5039
131.2639 20.6018
136.1465 33.0110
136.4135 25.6001
133.5336 23.1972
130.4822 25.7874
139.8830 27.7702
134.7487 31.7793
140.3284 27.2622
126.8651 28.3366
135.1772 30.8097
131.4841 21.8607
130.2852 25.8787
135.4526 28.5821
138.8106 26.7773
132.0434 21.5517
143.9590 35.8125
139.6159 26.9831
136.3588 27.6946
138.3344 32.9293
139.0254 26.9097
127.4713 28.2448
139.5587 32.3929
132.5723 29.6918
130.5206 28.0050
135.9129 27.7057
136.7154 27.5652
131.6529 27.2586
125.1836 23.6548
132.3530 24.4274
138.4521 27.2108
136.5312 26.9876
132.1400 28.4313
132.0571 27.9435
136.6601 25.7359
136.3934 27.6121
130.5971 27.2919
131.8523 28.3383
136.0731 27.7720
125.4060 20.6111
131.5088 28.9696
136.1621 27.3048
130.7013 27.6989
134.3821 33.1485
137.1972 26.2374
138.3433 29.3516
131.7516 25.2512
129.9730 24.4611
138.6300 31.7089
135.2279 31.8281
131.5432 26.8835
132.7950 25.0675
136.0701 27.2735
140.8848 35.2198
132.7134 24.6467
139.6936 27.2528
129.4115 26.1446
131.4418 31.2222
131.6305 21.4823
139.6941 27.2872
137.6663 28.5888
131.0989 26.8701
137.4430 26.3747
137.3527 27.4896
129.7716 26.0388
134.5513 29.6145
145.2665 33.9862
123.5646 22.1569
136.8722 27.5677
135.2819 27.2211
140.4475 33.1353
136.6766 31.3354
128.8294 25.1257
134.6229 28.6577
130.1496 24.3538
131.3303 24.3569
136.9729 27.6400
136.8214 25.7873
129.2286 26.9109
136.2688 27.0431
135.0465 27.5556
136.0565 32.8675
136.4687 27.6173
133.9107 32.1998
135.0902 27.4053
137.6310 27.9528
132.2225 24.6024
139.4960 28.1027
139.7018 27.9504
132.2736 21.9537
133.2910 31.7718
137.1447 30.4234
138.5812 32.0589
137.3105 27.8244
136.8520 27.9052
131.6368 21.9142
136.8310 28.5757
132.5307 28.8096
137.4366 29.5791
136.7305 27.7206
136.2448 27.4570
136.4436 27.5282
136.4097 26.8436
131.7523 23.6587
130.6830 27.8769
130.3144 24.0091
137.6198 29.2826
133.8614 27.5876
131.4413 23.9642
134.8375 28.2665
140.6098 33.0251
131.7326 26.2381
135.4995 27.3782
137.8228 27.2117
134.8464 29.0798
134.0562 32.3131
135.4629 25.5344
138.0404 28.1878
132.6141 25.0193
137.6931 28.0192
130.5643 27.9883
123.9125 22.0977
134.6172 32.7787
136.0108 27.2459
134.6854 27.3633
137.7853 26.8486
132.7371 25.1845
137.0060 30.4647
137.2152 29.8993
137.3736 28.3460
133.6539 22.2008
136.4159 25.8446
132.3651 25.8733
136.5884 25.7589
135.5682 30.5199
137.2789 27.9912
136.7010 27.0144
139.9186 27.4068
136.3253 27.7166
124.0521 23.8188
137.6759 29.2156
138.0853 28.2226
143.5542 35.3953
136.1804 25.5416
132.8240 20.8418
138.1025 29.4476
137.8583 27.5352
137.1089 27.8850
133.1306 26.0020
137.3624 28.2855
135.7623 26.4878
133.1538 27.8412
129.7103 26.3447
133.0001 32.3439
138.3306 28.6214
126.5432 26.7343
132.5575 25.8607
139.5505 26.7483
143.5612 35.6160
135.4971 26.4114
123.0956 21.1789
122.9104 20.5073
135.4494 26.6946
132.3740 30.9976
127.4749 28.0056
131.5083 20.8208
126.5955 24.4474
137.1645 27.6658
137.1698 29.0398
137.0532 25.9796
138.9594 32.5876
136.4753 25.6981
131.9264 21.0499
130.9760 30.4821
139.1948 26.9533
137.0404 27.5046
132.8806 20.9118
137.2643 30.6343
132.3500 27.9241
127.5288 27.6521
131.1508 25.7100
133.4908 22.5372
135.6179 32.4048
130.8806 25.4675
136.5250 26.1532
130.8885 25.5732
140.7353 33.7304
143.6372 35.3330
130.5630 25.4833
133.5590 25.1437
139.5466 32.5807
136.4323 25.7140
129.4594 26.0014
133.1867 26.1530
129.6160 26.4444
131.7266 29.2439
141.3117 34.3606
127.4274 28.8077
130.1064 27.3867
132.3514 27.9745
128.8166 26.2926
131.3853 25.3675
139.4328 29.2442
133.7457 23.7306
125.0107 23.1612
132.3141 28.5994
132.3786 20.9231
136.9565 26.5978
138.0340 28.2967
141.5229 35.3950
137.9145 28.1439
126.2637 26.3698
139.7001 33.9939
127.1090 27.0777
136.4806 26.6759
132.2796 29.9044
139.2962 28.3558
130.2337 26.6243
129.4636 27.1085
131.5267 25.4262
131.2562 28.0627
132.6660 27.9083
135.0155 28.7035
133.5984 32.0905
133.9075 29.3637
135.6923 28.5035
127.6257 28.8949
132.7045 28.6504
133.8011 24.8795
131.9427 29.1211
131.1472 25.2398
139.4966 32.4604
139.5029 28.3578
130.8281 25.8313
134.5796 32.2922
135.1335 30.7299
132.7332 31.4472
136.2555 26.9408
136.4148 25.6817
135.3343 25.6414
136.4127 25.7791
137.5978 29.8239
130.7079 25.8517
136.0004 26.5996
136.2777 30.5578
131.4482 25.9533
137.3464 32.1633
137.8742 29.4627
133.4207 23.6740
136.9688 27.0920
139.9349 27.9379
138.6259 31.7464
132.0974 28.9061
135.8256 25.8499
137.9645 30.2479
142.1367 35.3720
136.6965 27.0170
137.2769 28.2242
138.3956 28.6571
134.2612 32.3113
133.9545 24.6315
138.3242 28.5046
130.1478 27.7600
130.5357 27.6690
138.2208 29.7644
132.7678 27.9180
138.6040 32.0313
129.4387 25.6746
123.9409 23.8609
135.3894 25.6084
131.2258 28.0057
140.0907 27.5492
139.5288 27.1020
137.5862 30.8802
136.8075 27.2216
151.9610 34.9320
136.9319 30.2474
138.6437 29.0040
136.5743 30.7632
139.9072 27.9222
138.6247 29.0973
133.3731 32.6175
134.5558 32.6703
139.7683 34.5811
137.7744 30.6243
133.7976 32.7292
135.4240 32.8790
141.2540 35.8794
132.3580 31.6535
141.0755 35.9863
135.6823 31.1522
141.5497 34.3011
136.4771 30.7571
138.4865 29.4096
135.6544 32.2374
138.4187 29.8049
138.8865 31.4878
134.2710 32.7358
135.3500 32.9616
139.9862 33.2284
137.2976 30.5363
142.9121 35.3815
135.8215 31.1064
139.8374 27.9609
152.8764 37.7133
138.6135 27.0285
138.7609 29.3102
136.3876 30.5872
135.2156 32.6568
138.5198 33.5558
139.2725 26.9864
138.4792 29.7502
139.4194 28.6771
134.9958 31.9478
138.4165 28.7043
137.6663 33.9488
135.5831 27.6481
137.0532 30.1078
135.6696 32.1938
140.5292 33.2439
135.6172 31.5392
139.4602 29.1944
135.5831 31.3824
151.9739 35.2303
139.5595 28.9206
135.1960 31.5285
151.2052 35.9086
139.9921 27.5243
137.5511 29.8280
135.4705 27.6786
136.1183 27.7933
138.4048 28.7602
139.6391 28.0460
139.3749 28.7184
136.6132 30.0822
139.9207 27.6298
140.2856 33.1311
133.2362 32.2458
136.0298 27.7297
137.9408 30.5091
140.8531 33.9835
139.5254 30.2825
137.7190 34.0226
142.3853 35.4811
136.0911 30.7539
136.6611 27.3224
135.5699 32.7288
147.6335 37.9571
136.0171 31.0718
137.4267 27.1052
133.6793 33.1327
146.6271 39.0943
140.6891 33.3731
136.6409 30.7233
137.2679 30.5215
145.7805 35.8162
141.0194 34.4168
135.8598 31.5797
134.7291 32.4841
135.1806 32.1236
140.1046 27.8971
156.8397 33.4033
135.2333 31.9836
136.4819 27.6541
138.1270 28.2911
138.1828 27.0594
135.2212 31.8796
141.3586 35.5848
140.8277 34.7526
136.7818 30.2602
148.5015 34.6674
135.1142 32.5068
137.3779 30.8554
133.8004 32.9977
136.8658 30.1634
140.0135 27.9081
133.7685 32.7746
136.2545 30.6955
138.6737 29.5604
139.4353 27.1024
140.9970 34.0332
133.3759 32.4789
137.1699 26.6036
136.7717 27.2386
136.9476 30.8816
150.0894 35.9816
139.4483 29.8264
133.2715 32.0873
136.5329 30.6616
139.8213 27.3930
150.9255 36.0187
139.8844 28.1630
136.3090 27.7256
147.6438 38.0789
139.7279 28.0717
135.5027 31.1783
136.2413 30.7619
139.2836 27.9750
136.1488 33.6073
134.4136 33.1980
140.8548 34.5522
140.7337 33.3426
139.4202 29.5288
139.5059 29.1829
136.6146 31.4719
137.7657 33.6604
140.2191 34.9322
134.8274 32.2005
134.8754 32.4853
139.7346 27.1653
138.5692 28.8599
138.4736 29.3518
137.8169 28.1256
139.8783 27.6506
135.9950 30.7580
135.3244 32.0656
138.2589 33.2125
135.6693 31.3314
133.5936 32.8069
138.5172 29.2499
139.9866 28.0475
136.3896 30.3353
146.9570 37.7234
145.8496 35.7141
139.2764 29.3492
141.0780 34.3635
140.7170 34.6718
144.8614 33.5420
136.4597 30.1749
135.6618 32.9072
139.1961 27.0656
145.0088 34.5497
144.4066 37.5790
136.6415 27.6983
140.0338 28.0558
135.0904 32.2346
135.2888 32.1111
152.2886 37.5355
138.5720 31.7778
138.5775 29.1093
146.9195 35.4860
136.8687 27.5337
133.5448 32.8682
139.9954 32.9836
136.5749 30.3779
146.2908 34.7831
135.0579 32.6482
133.8768 32.8472
139.8742 33.2932
135.4826 31.3308
137.0092 30.4869
140.6319 35.3004
135.6982 32.3554
136.1457 30.5590
136.0817 31.3149
136.1995 27.4495
141.1126 34.3146
135.0571 31.6950
135.5813 32.5834
136.3352 30.5582
143.8254 36.1736
139.9494 33.2482
137.8898 33.7008
137.0492 27.6126
136.1882 27.5487
139.2727 29.5853
137.0318 27.6479
139.5125 29.3758
135.5026 32.1423
137.0864 30.3516
136.1294 30.5302
138.6700 33.3368
136.3131 30.2372
137.2465 29.8841
138.4254 29.6031
146.8580 35.2206
133.2897 31.8201
135.5735 31.8117
139.7459 33.3494
138.4335 29.5035
137.3441 30.7419
135.8572 30.9727
135.5184 31.4674
139.4433 30.1820
138.9069 29.3152
136.4939 27.2687
136.4779 30.1091
139.1198 33.6688
136.0007 30.6717
135.4864 31.9208
135.1285 27.8031
139.9908 33.1599
138.1562 30.4131
137.3535 26.2581
136.7294 30.0074
134.2557 32.8492
137.1698 30.8135
135.5473 27.7530
137.1965 31.4159
138.6062 29.7409
137.7471 30.0773
146.6813 35.1515
140.0220 27.7662
138.6618 29.2365
144.5013 37.4609
133.1940 32.0648
139.7742 27.3472
140.7764 34.7846
134.0265 32.9985
151.3789 39.3800
136.7883 30.5315
136.1390 30.5395
138.6686 28.8379
139.4203 27.8953
139.9956 27.6417
136.9681 30.0325
145.4119 37.1357
138.3932 28.6131
138.1221 30.2390
139.7243 28.3075
136.8493 27.1882
137.6881 28.9549
135.6421 31.0895
137.2277 26.9621
141.3710 34.8256
140.9729 34.1194
137.4478 28.1995
136.0743 30.5355
135.3836 31.6926
137.9295 28.6977
137.2359 30.1333
138.4367 29.5759
135.1528 32.3819
134.9252 32.5532
139.9312 28.1115
141.3941 34.1083
139.8224 28.0832
136.9783 30.2975
138.2807 28.4812
140.9674 34.0422
135.4047 32.7990
135.1199 31.5572
139.1154 29.9942
134.6922 32.4495
135.5444 32.8018
138.4462 30.1356
134.9246 32.2891
138.4421 29.6981
138.2349 30.1014
136.0309 31.2531
138.5851 29.1876
136.9800 30.4663
136.7086 25.8217
137.4585 30.3648
134.8354 32.4501
136.0986 30.5199
138.0098 30.3256
139.5247 27.0926
136.5689 30.0049
135.0221 27.8075
137.1484 26.5925
132.3439 29.7142
137.5220 27.1107
145.1696 34.3440
136.0006 31.0965
128.6707 24.9718
140.5071 35.2507
136.2398 28.4908
139.8088 27.8780
148.3635 34.5440
130.4644 25.7364
132.2007 28.4577
136.3677 25.3855
129.2166 29.0488
139.1602 31.9033
133.8138 31.4494
128.2964 26.0702
136.7831 30.4123
145.6640 38.7211
135.8234 32.5819
134.4307 27.8003
131.9887 29.0006
133.0606 30.6877
126.5273 19.4627
127.3435 24.9605
128.4958 26.0888
146.5092 37.8442
131.9586 21.2017
133.7870 21.1371
133.4623 27.2725
137.6725 33.7541
137.5683 29.2633
134.2638 30.2371
135.3105 27.4452
137.7993 29.1646
136.4422 26.9948
137.8223 27.7188
151.7953 37.2393
131.8329 27.6961
133.4643 21.9264
141.8644 35.3736
132.8154 21.8985
137.8082 27.2067
135.4339 30.7511
137.2582 30.0826
139.7812 27.7400
137.0498 33.1317
133.7123 21.5736
130.0031 20.2569
128.6991 29.3151
131.5283 19.4605
140.4690 26.9684
136.5034 26.1545
142.1507 29.9808
135.7511 33.3193
137.6972 28.6855
138.8624 27.8720
129.2239 26.2989
135.4194 32.9677
137.4772 27.4267
122.0744 24.7927
135.8227 31.8344
135.2298 28.5421
132.0988 21.2797
149.8983 35.8490
139.6761 34.8159
138.2433 31.8619
138.3019 31.3996
135.3891 26.6200
134.6879 28.5586
138.0366 31.5449
130.7033 20.4892
137.5218 28.5272
133.1487 31.5907
133.2446 25.5885
141.0201 35.7443
127.6633 27.5139
136.7746 27.0554
132.3538 21.5980
136.2142 32.1801
134.8297 27.6015
133.8790 32.2434
131.2650 21.7883
135.0385 30.9197
144.1951 38.3928
132.6681 29.0542
126.1697 28.6301
136.1529 29.2092
137.0263 28.3394
136.2964 26.5780
138.3170 28.4711
139.4366 29.4478
136.4772 26.3779
139.0210 33.5200
132.7230 25.8541
132.0437 21.1803
132.4769 29.3636
137.5045 26.2446
133.9165 27.8698
141.0024 33.4782
131.8160 29.3143
131.2286 27.3706
131.5253 25.8017
133.2285 32.7423
140.5454 33.8549
136.6687 27.1449
136.2207 27.1689
137.5693 28.4138
131.9145 28.0309
128.8755 25.2961
131.6778 29.1458
131.3495 25.4083
138.3634 28.8016
139.6977 27.9707
135.2502 30.8793
132.0125 29.8135
132.8391 26.1624
136.4385 27.3256
133.3589 24.9054
129.8884 25.8385
132.5686 28.8592
136.6937 25.8782
138.5430 26.8150
138.8147 32.1753
139.2581 28.2669
136.9298 27.8593
138.6452 31.9410
132.8359 30.1423
130.2891 27.9621
131.7936 27.8780
135.6447 27.7579
135.2795 28.0823
131.6481 26.0789
136.5845 25.8027
139.5976 27.9991
132.4146 21.4163
136.8767 28.8988
137.1763 27.9527
137.0927 27.6834
134.4540 32.3102
135.4933 26.0784
132.5795 21.7705
139.8129 27.9406
132.3415 21.0492
132.2912 21.4038
137.0257 27.6382
132.8805 30.3147
137.3361 31.4811
131.5178 25.7732
132.9215 22.1007
129.9669 25.5803
130.5829 25.3547
138.4425 28.9113
137.3875 28.3153
135.5160 31.0347
136.4363 27.5300
132.2216 21.7520
133.5544 24.2400
131.7182 28.8219
141.9329 35.0210
131.8838 28.3066
136.4631 30.1445
129.9950 27.5277
132.0037 21.1131
143.5167 33.6402
133.3241 23.3504
132.5942 24.4412
129.5574 26.1774
130.8205 25.3306
132.6742 24.3283
137.4366 29.3452
139.5563 26.2923
130.6048 25.0911
138.1731 27.5213
133.3871 32.8642
131.0750 25.3671
139.3269 32.7059
138.3006 29.6798
138.9460 31.9553
132.9604 20.7456
133.4826 28.5446
139.6015 27.2271
137.2015 26.7669
139.0412 26.7685
136.8610 27.8593
132.0453 28.3919
138.8738 26.8724
135.5836 27.5568
131.8506 27.9886
136.4624 30.7225
133.2882 21.1033
135.5791 29.0488
131.0446 28.0140
139.3895 28.1660
144.0532 34.2296
137.6799 27.3032
132.1554 24.6410
135.6630 25.7355
132.7598 22.6221
137.1552 26.7831
139.3746 29.4778
133.1515 24.0967
139.0806 26.9289
139.5439 28.2323
135.0456 29.3931
130.9520 28.4088
132.0058 24.3137
134.5355 28.4414
139.4482 28.3816
133.4772 21.4408
137.5234 28.7028
131.5896 28.7397
130.1621 27.0879
135.6186 27.9380
131.4817 28.8705
142.2608 35.7407
131.8520 28.1397
139.8424 33.0434
135.2108 32.1351
136.0087 33.0624
137.1523 26.2564
133.2914 30.2766
139.7071 28.3061
136.6635 31.4806
134.9738 27.7636
136.9446 30.2296
133.8897 31.6192
139.5493 26.8416
135.7176 27.6071
135.6624 29.0703
137.6133 27.0009
136.0719 30.5217
135.8138 30.7290
133.6712 22.0768
139.7601 27.0041
139.3835 27.5853
125.2535 25.1403
135.0216 23.9927
132.2014 21.1654
134.2510 33.1725
131.4072 27.9712
131.1736 28.3236
133.7662 28.7789
131.4764 24.5515
130.3802 27.7764
139.3778 27.8409
137.2453 31.7536
136.6972 26.3553
136.6282 32.9000
139.4069 27.9865
136.9917 33.2971
133.5510 21.3187
133.0206 21.9648
137.5115 30.1660
127.3448 27.9494
134.2304 28.8726
137.3780 27.2731
124.5728 23.6159
134.6079 28.1780
125.2338 20.7530
137.7276 30.5324
138.3569 29.5798
128.0950 29.0446
133.0246 24.3289
136.1338 27.6783
136.9745 26.6823
131.9410 28.6979
139.4317 29.3091
133.9397 32.7135
137.0143 30.1732
139.3470 29.5260
139.4430 29.6381
139.5559 27.2556
150.5841 35.8581
138.2716 27.0105
135.9331 30.7785
147.4336 34.8221
141.9040 35.0784
139.8016 27.6151
136.7560 25.8953
136.3548 30.3448
138.4530 31.7782
145.4258 38.7017
136.4536 25.7050
138.7218 32.0310
135.5903 32.9684
144.7695 35.7394
135.9454 27.7217
135.9446 32.4706
138.4214 27.0337
142.7413 35.4793
145.3972 35.0668
151.0017 35.9084
140.9175 33.4603
127.7813 29.2293
135.0838 31.9161
140.6066 33.5890
135.4718 27.7263
138.4732 29.5468
142.6673 35.4926
139.3723 28.6813
137.7805 33.6420
146.8596 34.8577
142.2169 35.3501
137.8164 28.1590
138.1148 34.3109
146.7952 35.1447
146.9101 34.8744
137.3093 28.5257
137.7519 33.6503
146.0735 35.3649
137.6740 28.7674
135.3648 31.6901
137.3432 28.1728
137.9684 31.5359
138.8398 27.0099
141.0689 34.2408
139.6113 32.7934
151.8493 37.1622
136.3588 31.3158
140.4989 33.2638
137.3402 27.8384
135.5066 32.4023
135.8193 27.5572
139.2459 32.3012
136.3536 25.8260
144.8324 35.7201
136.4307 27.2201
138.4133 31.7049
131.7258 28.8895
140.1621 32.9804
141.2187 33.9450
138.2077 28.3363
137.7075 33.7049
151.2714 35.7210
144.7696 35.7386
134.2115 32.5800
135.3664 32.7116
139.7897 32.9891
142.4588 35.4619
139.9950 27.6430
137.8047 27.2930
142.1989 35.2252
137.1029 27.6997
139.6488 32.9305
134.4612 32.9964
137.7700 29.9522
133.2227 32.0782
134.4328 32.9997
137.3079 26.9639
139.3241 29.5420
138.3412 29.8192
136.5251 27.1680
131.8110 29.3769
136.9058 30.2176
139.8472 27.8782
135.6171 32.9771
149.8885 36.0217
139.7180 28.3153
122.1008 19.8621
124.8418 24.6967
139.8250 32.9926
125.4219 24.8777
131.4712 25.9167
129.0500 27.3301
124.2637 21.1101
133.6974 29.8190
136.5422 25.9946
138.6299 27.6358
126.8706 25.5358
131.6303 27.1171
139.4611 26.8045
131.7229 28.4140
131.8754 26.3586
148.0601 35.4708
131.0879 26.3321
133.6075 24.0194
143.1577 35.5310
136.9140 31.1060
133.2550 28.1909
135.5904 27.4729
132.1432 28.3154
138.8480 27.8764
137.3913 28.4074
135.2317 27.8183
132.0926 21.1715
132.2312 28.5032
140.5543 27.3685
136.8394 28.5640
134.0905 23.3855
135.6093 27.7091
132.9792 19.6269
134.8409 31.2529
129.7634 29.4890
138.7580 32.2462
141.4210 35.0504
135.2690 27.5507
141.8446 35.7341
135.9092 32.2926
127.2369 25.7550
141.8155 35.0748
140.0432 27.2754
134.7289 27.3616
128.1657 25.4159
132.0746 24.3345
140.1150 32.8619
136.4302 26.1082
132.4424 21.4145
135.5638 31.3220
131.5272 27.4753
148.9798 35.3812
133.2365 22.1174
129.9165 26.5732
123.6210 23.3327
133.8390 27.6964
131.3911 25.2047
136.0407 30.2096
136.9396 25.7954
134.4572 29.4465
136.3321 27.3466
137.8400 33.9566
136.3989 30.2972
133.5485 28.1046
131.1564 27.6109
130.5037 24.6147
135.5202 29.2638
131.8820 28.8808
131.4032 28.4192
145.4598 34.6407
137.1923 28.2102
139.9174 27.7109
138.2576 28.7895
136.2410 30.0756
137.3407 29.1002
131.1759 25.4110
137.4028 30.3054
141.4368 34.5831
146.3892 34.1723
137.8459 30.2097
138.0339 29.9162
128.7871 26.2229
133.3021 20.6239
133.1138 29.0469
131.4641 27.8805
132.4873 21.7302
126.0644 24.8758
145.3638 34.9381
136.6279 26.7312
136.2495 27.3231
133.6461 22.4052
136.5277 30.1962
124.3057 22.0963
133.4416 25.6119
132.9504 31.9051
133.7412 28.5556
137.0835 27.2730
136.5642 30.3935
135.5567 31.4115
138.4396 28.6546
139.5927 27.1209
138.0364 30.2911
137.1512 28.4601
132.3200 29.1244
137.3288 26.6876
136.5245 30.7556
138.1701 29.0088
134.1296 27.9243
136.1725 30.5900
137.1789 30.3700
137.7393 27.0877
137.5364 28.1082
136.5522 27.5891
135.8921 31.7534
135.8950 30.9924
135.2437 31.9733
139.8081 27.9074
146.1036 34.9293
142.7506 35.6111
139.2764 29.3978
139.9380 28.0661
136.7360 30.1287
137.9257 28.3638
137.2873 30.0784
133.8618 33.1324
139.6212 32.1718
136.7142 30.2766
140.3587 34.5670
139.3110 27.0505
137.1603 30.5652
138.8177 27.0261
136.3035 30.2967
136.7777 27.8818
136.4016 30.4506
139.5825 32.8996
139.7207 33.3583
134.6749 27.8838
136.3886 30.5242
138.3725 28.7414
138.3996 28.9172
135.7883 31.6540
135.7331 27.5521
135.9678 30.8264
135.8182 27.8311
136.8498 30.2888
138.7468 31.6353
135.9264 27.7047
137.3313 30.0560
135.5766 31.8151
133.9756 27.9445
139.6560 28.3363
137.7035 33.8466
137.5423 28.7229
137.2540 28.1941
134.2320 27.9423
133.2486 32.1710
135.9860 27.7897
135.6265 32.0805
139.5727 27.0755
136.5342 28.0328
135.5080 31.4278
139.9559 27.6953
137.2396 28.5227
141.6509 35.6053
136.9178 30.2244
135.7086 27.8948
136.5266 27.5171
136.6775 30.6786
136.9170 30.2778
136.4881 27.1751
139.5827 28.7524
139.4822 27.0599
137.4187 28.2123
135.3280 32.2911
137.4054 30.4148
136.3441 30.6490
135.6955 30.9834
135.5229 27.7698
141.2615 33.7490
135.4235 32.6763
135.3474 27.8427
136.5017 30.7030
135.8100 30.8180
138.1648 29.9191
137.2464 27.8492
132.2518 28.1983
138.3667 28.9006
137.3339 30.8993
132.4405 29.1757
138.4582 29.2301
145.2305 38.1799
138.3586 29.8213
135.4955 31.6899
135.6045 31.3439
136.9424 26.3999
139.6516 27.1353
147.0189 37.7437
136.3403 27.6161
141.3834 34.2790
142.9388 35.3646
136.5900 31.0596
145.2437 34.5299
137.5319 29.9932
136.3213 30.5367
136.8462 27.2223
137.1626 31.0485
135.2517 27.8347
136.3478 30.3488
144.9252 33.6979
136.9892 28.0385
136.9642 27.0666
137.2556 27.8663
136.0389 27.7304
138.4193 31.5355
137.4170 27.1076
127.3596 28.6000
136.7060 29.5742
132.0765 25.7267
135.9394 27.1629
137.3604 28.7047
133.3002 22.8903
137.2108 31.4008
141.7438 29.5921
133.3878 21.1419
127.7736 25.7288
130.5838 27.7346
137.1614 27.9966
134.7201 32.9805
142.8797 35.2306
132.9169 21.8431
125.9687 24.4631
130.4066 26.9395
136.8971 31.7835
136.1716 27.9984
151.8966 37.3092
133.0272 23.3292
124.6151 21.7957
132.6327 21.1234
132.1206 24.2587
129.3954 24.9056
139.2808 31.6713
134.3291 26.3097
133.3168 24.2755
129.1104 28.4028
139.8384 33.6690
132.8583 26.0484
123.5050 27.4392
125.2450 21.9072
136.8424 27.3910
125.2952 22.6667
137.4867 27.0442
136.2677 27.8350
132.8518 24.3938
130.8631 30.1308
136.4157 30.2076
133.6219 23.2474
131.8345 21.1855
133.0893 32.7560
139.0061 26.9100
134.0081 29.5130
136.2136 30.3705
130.2563 27.1952
139.3137 31.8188
133.6205 28.9494
130.6664 25.7653
139.8180 27.7147
130.0682 21.5817
133.1456 24.9663
132.6558 30.2520
131.6096 27.5359
124.4263 20.3901
131.0481 29.0819
130.8708 28.1357
139.5903 27.3540
120.2939 19.9823
129.2750 29.6350
130.2427 25.6323
134.8869 30.8590
134.9470 30.3027
138.4765 28.9634
140.8102 34.1559
133.8217 24.9219
138.0308 30.1689
128.6325 25.7940
131.8062 24.8281
128.5112 25.3174
131.2439 26.2564
134.8283 27.6434
134.4260 32.3095
130.1290 25.1124
128.0431 20.9202
114.5381 16.8251
121.2802 20.4115
130.0924 22.6165
124.1154 21.5688
130.5128 23.5778
126.6606 23.1940
130.0686 25.6459
133.2535 26.9093
128.5197 25.0825
128.9553 22.5649
128.4514 23.6870
132.9161 22.0631
125.1648 21.2369
129.7656 22.8972
132.7881 21.0453
125.4429 22.5450
125.0148 19.0214
129.0327 24.5958
132.7420 25.9686
124.2321 19.8135
130.1334 20.7434
128.4666 21.0581
124.5993 20.4780
130.7535 22.2905
110.1110 17.9502
132.5724 22.7382
130.1419 23.6533
128.4949 20.8107
127.6196 23.8688
130.2328 19.1437
122.0075 21.4588
137.0381 25.7837
138.6591 28.3286
131.9086 27.1348
137.0426 27.9593
119.6980 19.2971
114.8755 18.9561
128.7455 26.1012
130.9140 20.4848
126.8721 23.9432
129.7956 23.0677
127.3578 18.2192
125.8171 19.1011
123.6390 18.7955
127.2845 17.4785
127.0907 18.5953
133.0341 23.7771
128.4564 21.8847
131.5641 22.4809
129.7748 22.1357
125.6325 20.8131
132.5940 21.3880
135.8229 30.5192
135.4937 31.0271
134.2947 21.4214
139.0560 34.2710
131.4135 26.4844
137.4667 29.9090
131.3641 25.9755
132.6059 28.6439
131.9586 29.7406
137.5612 32.0416
137.9318 30.2712
141.6919 35.3972
131.5233 28.5507
133.6589 23.2852
124.0666 20.3584
130.0072 26.9223
130.2023 27.6059
137.4023 26.9374
133.6893 23.1354
140.5676 27.0898
133.5954 20.9165
135.6521 32.9271
133.5814 23.4727
127.5698 28.5143
131.3155 30.2398
135.5410 31.2036
135.6804 27.8494
136.0756 28.9189
137.9401 26.7263
132.1784 30.4244
136.3275 29.8173
139.4350 29.7092
133.2370 31.9664
135.4316 28.2962
145.9653 35.2987
133.9760 21.8272
134.2233 32.1537
135.4029 27.6269
136.7401 30.2147
131.0996 26.0591
133.4106 32.6481
134.7514 27.3911
132.9702 21.2041
136.4368 26.8039
134.8682 30.7175
135.4485 29.4158
134.9570 24.9479
136.6281 26.0417
139.6059 32.2763
134.1581 23.1179
130.7135 28.3200
134.7892 31.9231
138.9717 26.9269
137.1561 26.9420
136.3746 33.0072
137.5757 28.3047
139.3672 26.8208
139.4011 28.6404
130.3439 26.0738
136.1008 26.7896
137.6450 30.6343
139.5171 28.3039
136.5171 30.0682
141.0435 34.3397
136.3053 28.2288
134.4685 27.8310
133.5694 22.6142
131.2591 20.6543
132.4977 24.2667
138.3357 28.4656
132.6433 30.3190
139.5637 29.2101
122.6601 29.9054
132.4241 30.9410
144.1022 33.3906
142.4780 35.3755
137.2880 32.5086
131.6331 25.9188
136.6650 27.8619
129.9357 26.6298
130.5169 25.8341
138.4668 31.5319
137.6714 30.4774
134.8604 28.6722
138.0906 29.0266
130.1514 25.7100
134.4128 25.1035
125.9355 25.6652
139.9105 26.9292
134.9508 29.2683
134.9362 25.0286
136.2430 26.2218
130.8250 25.5702
128.3719 25.3496
132.6178 29.4705
133.7210 29.5060
140.0472 27.1665
136.0856 25.6510
130.6920 28.0524
133.7604 32.5792
138.6798 31.8706
128.5297 29.3159
132.7042 29.0392
135.8324 31.0382
139.5022 27.6374
135.4050 28.3144
137.2641 28.1368
132.1671 30.1795
129.2151 26.1150
137.1355 27.0779
136.0095 27.6647
134.2740 24.9550
140.0529 27.4120
135.5787 31.1600
123.3558 20.6410
131.3845 21.4385
128.8168 26.2498
133.1466 29.6222
137.5063 31.8918
133.7457 27.7610
136.7184 27.5526
135.9175 27.0981
130.7887 20.7091
137.8667 30.2312
130.8771 30.1630
131.2818 27.4785
140.1319 27.2662
133.9436 30.8947
128.9230 25.0405
137.0238 27.7302
136.3324 30.5594
138.1205 26.7140
134.5838 30.4791
131.8057 21.6149
133.9476 23.2802
130.6312 24.6488
123.8291 22.8797
130.0925 27.8087
135.0532 27.7211
132.7772 25.9130
139.5710 27.2309
127.6965 25.4754
135.6643 31.3766
130.3817 24.4081
131.4333 28.4731
131.7785 20.3619
130.0045 27.8003
135.2640 27.5469
131.1562 27.3174
142.5988 35.8542
146.6009 36.4786
139.5379 33.8923
144.3453 37.4603
140.6397 34.0889
139.5864 29.4132
131.6483 27.9192
151.7909 35.3637
136.5840 30.5558
135.1964 32.7608
139.6995 32.7944
139.6946 34.4939
139.4115 28.3102
139.8829 32.0355
134.9482 32.6841
136.8184 30.3893
138.5339 27.7835
133.6633 23.8837
135.5122 31.4487
133.5156 21.2867
144.0879 38.0664
136.0668 31.0978
140.1030 27.8936
136.6107 30.5242
132.9824 31.6041
139.4267 28.4295
144.4312 37.4333
145.2854 35.1673
139.6226 29.3238
138.3050 32.2424
139.7769 27.3950
135.1535 32.9203
134.9921 31.2354
137.9661 33.9533
146.2847 35.0057
146.5052 34.7624
135.3715 31.2828
137.3377 27.4610
121.7638 24.2141
144.5703 38.9085
130.5966 29.7381
140.9085 34.3799
139.3380 29.4501
142.7623 32.7257
153.2578 37.2983
121.1976 32.6903
145.2750 33.8135
139.8479 27.2998
136.1342 27.9919
140.2641 27.7479
135.5303 32.0312
143.3883 38.1666
135.6107 32.7825
134.5641 31.9857
138.0248 28.0856
135.8800 32.9303
152.4189 35.3048
139.2705 26.9180
136.8771 31.3357
140.6643 27.1458
138.8577 26.9662
136.2970 32.8808
138.5482 26.7757
133.4470 31.6868
139.9841 33.2257
137.2025 28.6050
141.2436 34.4622
147.9261 35.8065
138.2276 27.0913
140.1873 33.7737
144.2937 38.0671
151.3271 39.6215
136.7058 27.0640
136.7140 26.1616
158.0221 31.8818
136.8805 26.3746
137.2885 33.6142
133.8716 31.3677
137.1910 30.2579
136.1037 30.5975
131.2072 30.4157
138.8743 27.0551
136.6127 26.3626
152.5193 35.3326
127.1745 27.9531
141.0565 33.4088
134.6538 31.4124
134.1237 28.0011
133.2764 28.1056
134.4153 31.3937
129.6378 26.8301
132.1814 27.9789
133.5812 28.7699
135.1347 31.2031
133.9192 28.0075
138.5849 28.6518
134.0954 27.9681
138.5573 28.5404
129.9500 27.0973
141.0501 34.6636
135.0459 31.0034
134.7959 28.3454
136.7496 28.8933
132.0184 30.1408
132.0219 28.0693
132.1205 28.5289
136.1928 29.0741
150.1145 35.7852
130.4018 27.9749
136.4816 30.6540
133.6447 28.0859
131.4517 25.2025
139.8017 27.2538
132.6977 21.6709
138.7993 29.3720
135.0331 31.0064
124.3323 22.2409
130.9011 25.9923
133.6892 28.3933
133.6742 32.9292
132.4768 21.4267
138.0244 32.2572
123.8779 23.7247
130.7709 25.3435
136.3501 26.5754
132.8473 32.1916
137.2785 29.4765
135.6609 32.6674
142.9936 36.0041
141.2792 34.9603
133.6246 27.9126
132.0079 28.5759
136.6500 28.3246
132.2035 21.4668
131.6843 25.9188
139.3386 27.3602
133.7453 31.3717
133.9517 28.0487
129.5776 26.1466
141.3571 35.0421
140.7870 33.6455
132.3239 27.9105
131.8853 21.2773
141.3028 35.1943
137.0767 28.7681
136.3010 26.8830
135.4870 27.6857
129.3921 26.8950
144.6571 35.7804
131.0513 28.2217
138.0428 31.6620
133.9242 24.5571
131.1331 25.3159
141.1744 34.9878
138.6554 27.0477
137.8337 27.9719
132.4522 24.6758
134.2541 27.8672
133.9586 31.4456
132.2582 25.1964
130.3849 25.1163
130.7690 25.5338
142.0646 35.1560
135.5874 31.4312
133.8211 30.1850
132.6790 21.7061
134.1620 30.1528
133.7454 23.3777
133.4738 23.1459
138.5191 28.9465
132.5163 27.9369
140.0133 27.6137
133.7414 32.2604
131.4086 21.0536
135.5692 32.8672
132.4397 21.6957
129.4802 26.6271
147.7866 37.1718
134.9848 31.1919
131.9447 28.0369
133.8144 27.9552
132.0424 24.1782
130.2068 25.1009
135.8745 26.5430
139.2707 28.2432
136.4527 32.9493
136.7122 26.0654
132.1928 21.4108
132.3702 30.2057
135.8256 28.3874
129.2260 29.3657
137.7547 30.2522
131.8483 29.0973
134.2703 31.8599
133.0344 23.8250
131.2402 27.9450
130.9882 28.4258
137.1824 27.0635
127.0809 25.0084
130.4240 27.8125
129.7114 27.2730
133.0125 30.3144
129.6086 25.6419
137.0701 27.7481
133.2500 31.7775
136.5266 25.5531
133.5528 25.8805
130.8006 26.8262
131.1610 25.5116
133.7449 30.3166
139.6247 27.7011
126.5963 27.1573
131.0837 30.8378
128.3944 25.4345
137.0689 26.6447
138.0287 30.1456
133.6180 27.2318
127.7303 29.1007
124.7926 23.4451
134.0294 31.1259
132.8414 22.5860
128.3512 25.2520
132.6423 21.6434
129.6367 26.7891
139.5503 27.5279
128.6587 25.2033
131.3000 26.1917
129.2556 26.7180
134.3394 31.0195
131.3448 25.0591
138.6353 31.9662
138.5824 28.6386
134.6861 25.3732
123.6936 21.1935
135.9583 25.1776
129.8299 21.8681
125.0248 24.4279
125.9919 24.4276
138.1003 31.8418
134.9346 28.6279
137.4025 27.8178
127.8773 25.2097
133.4753 24.1007
136.1461 27.2344
138.0144 26.8484
134.6579 30.7592
132.8408 30.6257
135.8065 32.9283
135.2278 31.2253
139.9043 27.3668
130.3044 24.7390
142.7236 35.4156
138.5698 27.1979
134.0293 27.8123
136.6317 30.0817
129.7592 26.4726
138.0647 28.8652
136.6107 28.3427
136.5962 26.1950
140.5288 27.0655
134.5218 32.9107
133.5886 30.4543
129.5947 25.9335
136.6990 26.7991
133.4631 22.1375
132.3932 21.4570
140.7119 33.7669
137.4325 27.2291
136.0602 25.1260
137.8447 32.4663
125.0959 23.1293
130.0037 26.2936
132.8527 23.2586
133.7120 30.9888
130.0050 27.3730
139.5515 27.0819
134.1875 28.7634
136.4155 29.1631
131.7035 29.3799
130.4777 24.4106
138.4235 28.9294
139.9601 31.2631
144.4824 34.1376
130.1359 25.7510
135.2899 27.8616
133.4361 28.2111
128.5145 26.9108
133.4128 25.4213
139.3359 32.6819
133.9044 30.8747
129.4464 27.0357
139.1929 33.8117
133.9553 29.8972
134.3707 27.9617
135.0529 31.9733
130.0603 26.1850
132.3941 25.9951
135.3352 31.7205
151.8571 35.2999
135.0741 32.2336
132.5210 29.5945
136.0475 27.6661
131.8878 27.9190
128.2567 25.2723
139.6730 28.5063
131.4134 28.5896
137.2751 28.1899
145.2485 35.2550
130.1961 25.8750
137.5210 26.3144
135.5489 27.6012
133.9509 32.3724
138.3186 29.3694
132.0627 21.5618
139.3766 28.9982
131.1765 28.7953
131.4118 28.0765
134.5936 31.5616
133.4664 29.7883
132.2267 21.6182
133.1362 31.6249
123.7481 23.6565
136.5380 27.3380
133.0313 23.2043
130.3424 26.0595
138.8683 30.2856
138.4967 32.0222
132.4786 28.9720
137.6811 27.9193
138.4136 29.7229
131.1820 25.4349
135.5529 27.2449
136.7070 25.7724
133.3680 25.0161
139.0491 26.8509
131.5181 21.3144
138.0151 28.7130
139.3507 33.3099
133.9723 30.0159
130.6438 25.3143
136.4666 29.7693
138.9305 26.9085
139.2287 33.6996
132.7158 28.6643
124.2640 23.2014
136.3901 28.7543
133.3363 29.9569
131.4678 21.1692
135.4621 31.5848
129.3941 27.1750
133.1202 31.2480
131.9446 28.4760
133.4330 23.6931
134.6555 25.4033
130.0498 22.4523
139.4189 33.7977
137.8661 26.7712
131.5377 21.0624
135.3863 31.3520
136.1470 25.8107
139.6234 30.7987
129.7786 26.9035
138.3441 28.1072
123.9476 26.4534
129.0172 29.7191
123.5878 21.0206
135.3913 31.2175
130.3051 24.8302
139.0412 29.5353
126.8678 26.7944
133.4218 31.3389
132.4475 21.7636
137.5175 29.9513
129.5444 24.9743
136.2519 27.6866
133.0805 30.5816
128.8306 29.3172
126.6177 26.5965
131.3820 26.1248
131.7291 28.1152
131.8416 27.8080
130.2613 26.5074
132.2845 28.8404
139.2576 27.9170
132.0491 28.6719
137.3368 26.0070
132.9850 30.0265
131.3646 24.5128
139.4937 27.0430
136.8956 26.2039
138.0152 26.7993
132.8689 30.5947
133.2861 31.4317
132.7674 28.6896
131.9453 29.2525
133.5021 30.9268
139.5994 27.7650
132.0985 21.9314
128.0219 25.7073
137.4115 32.0152
129.3467 29.3972
131.6048 21.4084
134.6303 26.0621
131.0765 28.0107
135.2389 27.3910
145.7944 35.4185
135.6525 28.1347
124.0612 21.9895
132.8269 23.6362
131.2211 27.7237
136.3641 27.2729
133.0593 30.6187
131.2297 24.5667
136.5208 27.2747
133.0544 25.8116
128.8248 26.3492
138.2163 29.6297
132.2414 21.0503
124.4255 23.2269
135.9072 27.1399
139.4065 26.4285
128.6103 24.9969
137.1550 31.2517
131.2811 25.2219
132.9330 23.8265
131.2024 27.9264
129.6509 26.8606
135.7668 30.8276
139.3580 26.8541
129.6420 25.4823
137.4503 27.9477
132.1074 20.8837
132.8071 29.4533
125.2489 24.3899
134.8832 27.6169
133.9190 31.6182
137.7633 29.2353
131.8710 21.2288
137.0344 26.0765
135.3566 32.6358
129.3785 24.8999
139.7275 27.2163
133.4010 29.0456
129.7247 29.6961
130.0489 27.2637
134.6635 31.9211
137.8837 31.7514
137.1002 26.5962
136.6198 26.2620
135.2206 30.5633
132.9516 20.5766
131.3829 22.3915
123.2292 22.6115
132.1505 26.2614
137.5721 29.8808
130.8789 27.1087
134.3939 29.2081
123.1331 21.5989
131.5876 20.7448
129.6226 26.7522
136.0320 27.3493
131.2729 22.5101
124.1210 21.2233
137.6900 28.0601
134.1838 29.4120
136.2623 26.1633
136.1705 27.5920
130.1427 24.1996
137.2630 27.7154
128.3534 25.6251
137.6967 26.7968
132.7159 29.8049
122.4247 23.4667
132.3469 21.9136
129.5579 26.0572
135.3917 32.4761
123.9509 23.9707
130.4759 29.8618
132.7016 23.2278
133.7210 24.7260
137.1656 30.1605
134.0269 31.8532
134.1514 24.1703
131.1762 25.6016
134.5273 28.9453
124.3235 20.2149
129.5138 26.9376
139.2103 26.3982
130.2093 25.4674
127.7699 26.7398
138.8771 28.4957
139.6105 28.0798
129.6981 25.2896
136.4506 25.1598
139.7453 26.7850
137.1773 26.4520
135.0566 30.8369
134.5606 28.7718
137.1887 32.0461
138.8887 28.1522
136.9510 25.5579
134.1614 32.1653
132.4908 27.9557
129.8028 26.9726
133.4200 23.0413
129.6042 24.5095
133.2387 20.7957
132.6105 30.2281
136.8408 27.5447
130.2844 21.3574
132.2308 24.5727
134.1200 32.2499
137.0837 28.4312
130.6513 27.5762
136.1973 30.7842
128.2856 26.4635
131.0805 20.8564
131.7288 29.0033
134.5603 28.2830
136.8113 27.0740
135.8327 30.6628
135.7238 28.5686
134.6781 26.5055
135.7520 28.6699
131.4360 23.9231
136.5280 33.1338
128.4634 26.4461
130.6666 28.0843
137.8652 27.3976
136.5257 29.1411
134.4019 32.2203
139.9339 27.4086
139.6670 27.9795
131.2696 21.0688
136.9341 28.4442
134.1430 27.5440
131.2388 24.1659
136.2118 27.4402
134.1995 29.2737
134.2695 27.6650
136.3931 27.0233
132.5235 29.7291
136.1007 25.7834
135.1580 27.2882
136.8437 30.6173
135.7150 25.2970
135.8788 29.8707
131.5928 28.2222
130.5390 26.2383
131.9459 29.4202
132.2633 29.9063
130.4349 27.1165
136.1071 27.1753
132.6073 24.7158
136.1698 25.8699
133.5170 29.9599
136.1678 26.8910
122.8705 21.0393
137.9093 29.9676
138.8294 26.7998
130.4100 26.3441
130.0750 27.4452
137.9622 29.9085
134.0288 29.7415
133.1443 31.8516
139.1622 27.2567
131.4005 26.1617
138.0065 26.6501
122.6632 20.2822
139.8944 27.4935
132.5440 22.1624
137.6398 29.5171
139.8528 27.3517
130.9170 27.4482
130.2286 24.5726
137.0663 27.8773
134.8594 26.3992
139.5733 27.6925
134.7003 30.5598
135.1212 30.4076
136.2174 30.8030
133.0062 29.7288
133.5024 28.0585
131.7991 24.5335
139.3522 26.8920
139.5963 26.9736
131.9652 21.6925
135.7842 27.2678
135.6415 27.5908
127.5544 25.0294
133.1371 29.4299
134.1939 31.5463
135.3648 28.6263
135.6939 32.6521
135.9287 27.1634
137.7060 26.8391
132.6446 29.0238
131.2238 28.5492
132.6552 22.3824
138.0398 29.4652
132.4113 28.6334
137.7431 28.1041
135.6383 31.0023
137.0328 29.6640
137.3867 29.0905
134.9791 27.3764
130.6178 24.2307
137.0627 30.3798
133.6018 32.1609
136.8144 27.7055
137.5467 27.1005
131.0369 27.7136
142.8779 35.4641
136.9286 27.1311
135.3595 28.0878
136.2612 27.3758
131.4871 25.9276
133.0496 29.3623
129.5054 26.9812
136.9568 27.7060
129.2167 27.0628
130.7334 28.0851
133.4666 31.0854
122.7647 22.6968
133.0606 29.1504
133.0419 27.7237
137.3333 28.4471
134.0870 27.5227
132.8520 22.5487
139.7599 27.2782
132.3320 30.3323
133.8189 27.7013
135.1432 30.5100
137.4937 27.9115
121.2733 27.0571
131.7818 22.4853
132.0307 20.5685
133.0248 23.0836
134.6656 27.5835
129.8398 26.9705
139.7942 27.3504
125.0214 23.3700
131.8895 21.3422
149.9089 35.5171
139.2844 31.7768
133.5035 23.7617
133.4197 20.6836
136.5528 26.0903
135.6938 28.5691
134.6123 29.3813
128.8806 25.1879
131.4110 20.5714
131.5141 21.9853
129.3154 30.0123
135.6627 27.9251
128.6052 24.3446
129.7545 25.8760
129.6806 16.7438
132.2520 30.9639
141.2002 33.6367
136.9301 30.0911
130.9204 21.4494
138.3037 28.9561
136.2431 32.2537
128.5500 25.1461
131.2797 21.9091
130.2142 22.4368
131.4842 21.4528
123.5417 19.7859
130.9779 26.5843
137.8179 28.2207
132.6716 22.5441
130.8215 25.0613
123.5103 22.4403
132.6402 23.7766
129.9990 26.8179
124.7625 21.3287
133.3268 29.1177
133.1064 23.8873
125.2528 22.3726
131.6944 22.1092
138.2834 27.0999
136.0054 33.1282
132.5697 29.5471
130.9956 26.7307
135.9705 30.6980
125.6465 23.2667
134.6728 31.3515
131.1308 24.5807
132.1624 29.9339
128.1741 30.1655
133.7438 25.6196
130.0147 24.5343
121.9762 23.9324
119.0088 20.9143
135.9886 31.0721
146.9302 37.6578
136.8549 30.3187
133.2637 32.4751
132.4333 27.9067
136.5444 27.1998
142.5502 36.2713
137.4311 26.9165
139.6180 33.4070
135.8734 27.6491
139.4611 29.9705
139.4894 29.6075
135.4569 31.7312
138.7639 31.7113
139.5822 28.3339
137.4159 27.0574
137.3240 26.7998
136.8950 27.4789
136.3914 31.2471
139.8334 33.1515
144.0843 36.1820
138.4644 31.8840
136.6650 30.0502
134.1554 32.8379
136.7832 30.4135
137.3869 27.2673
145.7647 36.5095
139.3283 33.3647
136.6255 27.2782
144.6034 33.7658
139.3968 33.5733
139.3837 32.4932
136.4355 27.5986
146.6615 35.2044
138.3311 29.0211
138.5652 29.0665
137.8363 33.4822
147.2154 37.5786
136.4345 30.6052
137.5472 30.7618
136.8970 26.3069
139.3160 33.4861
141.9131 35.8509
137.8193 33.5400
147.1322 37.9046
138.6026 29.3887
139.4521 33.4483
136.5011 26.9651
146.7806 35.3668
139.8602 28.0108
139.5442 27.0855
137.4445 26.9919
135.5290 31.5999
138.2380 28.3200
139.6987 32.9806
136.3333 27.3575
145.0326 39.2359
137.0830 30.3368
145.9195 34.7317
137.8505 29.8813
138.3618 29.8672
138.4383 31.8684
138.3580 29.4748
144.9632 38.6462
150.0372 35.6206
147.7430 35.0995
141.2196 34.3803
137.4261 26.8649
135.1147 32.4170
139.3414 29.4427
135.3555 31.5422
146.8077 35.0675
144.3423 38.8276
136.9613 30.2054
135.9728 33.0228
137.6023 29.5660
137.5695 30.0946
133.5617 32.6815
145.1552 38.9335
130.5436 26.0791
138.7318 26.9786
151.9875 35.4870
135.7035 31.6702
144.9750 38.6346
136.0768 31.7313
141.0564 35.8977
140.1432 32.9818
146.6560 34.9974
146.0728 34.6580
136.5112 30.8329
138.4346 28.7244
136.3546 27.4270
138.5297 28.7912
136.5652 27.7929
138.7261 26.9713
146.4364 34.9334
145.1641 38.9511
139.0477 32.0747
138.7880 26.9662
138.6234 32.0196
139.8940 33.1585
135.3632 31.6942
139.0560 32.1927
143.2710 35.1798
139.3906 29.2542
135.6117 32.9659
135.9961 27.6220
137.7780 33.5688
140.5591 33.0840
135.8499 32.7856
144.2843 36.0136
135.9055 27.6903
139.9076 32.9628
137.9158 30.4695
144.4286 37.4886
140.2962 32.9801
147.0396 37.3892
136.6841 26.0761
137.7190 28.7574
138.8092 31.5160
137.7488 27.0066
135.9790 27.4987
139.7747 32.6196
135.2126 31.4932
136.7347 30.6916
145.9809 34.8530
136.0444 27.8076
135.9452 30.9124
138.9253 26.9865
143.0064 35.3648
136.4468 30.0633
139.4937 33.8779
136.6076 27.3429
133.4157 31.4908
136.8655 29.9866
137.0030 27.8645
139.4372 29.2235
134.6718 33.4564
136.2714 27.3378
135.1721 31.8429
144.7254 33.1359
137.7337 33.7707
136.6581 30.4344
139.8227 34.4480
135.7633 31.8356
139.2440 33.4661
142.7173 35.7630
135.5584 31.2326
140.9997 34.0942
142.5132 35.5032
147.3180 38.2478
135.9921 31.2030
135.9156 27.6936
141.3061 33.9587
138.2809 27.0532
136.8688 27.4594
147.8895 37.9688
133.5834 32.8288
135.6170 32.6774
138.7201 32.2106
136.3294 30.2093
137.8442 29.9150
138.3514 28.6373
136.8651 33.2727
139.6225 28.1595
139.8086 32.8111
137.6769 28.7247
135.2823 32.3597
140.4279 34.9194
136.5596 30.7241
135.3327 32.1103
135.5331 32.6121
137.1429 26.2934
140.9600 33.4988
146.8865 35.4607
139.4462 29.9477
138.3974 29.4164
135.9538 30.9120
135.7511 27.5801
145.8383 36.3743
135.3356 32.0569
135.7000 27.6866
136.7857 26.1951
145.1162 35.8281
139.4429 28.6429
146.5570 34.9479
139.6923 28.0541
137.8184 33.5803
139.4321 33.4771
146.9679 35.1162
137.8555 30.2176
144.7520 36.2483
140.2169 34.9168
137.6797 28.7060
136.3855 27.3170
143.7529 36.7845
136.7065 30.3026
136.0568 30.8743
131.7927 28.0315
136.5757 27.3081
135.5475 31.1340
135.2728 31.6886
142.5492 35.5892
144.7469 36.3835
136.3587 27.6291
138.3881 27.0121
139.0332 27.0924
139.7195 32.9247
137.0027 30.3380
137.2463 29.8869
146.3945 35.0365
146.8317 35.0250
136.2152 30.9461
133.6245 31.3259
136.0285 32.9752
137.0242 30.3787
139.4434 27.0769
151.8479 34.7838
146.1339 37.6702
136.9808 30.3214
137.4250 26.9186
140.2626 31.5653
135.3546 32.7705
136.7067 30.4103
138.2033 30.1847
138.7586 27.0966
135.5711 32.4940
135.4468 32.7110
136.1156 27.5687
138.2684 29.4347
139.5938 32.7506
146.7238 35.0682
160.3791 35.9141
150.4398 38.6294
138.3560 31.8138
140.9988 34.2794
136.4003 31.5410
143.4827 35.3021
135.4497 27.6396
136.7921 30.4929
141.1607 33.6515
144.6756 33.1934
146.8242 35.0639
138.4364 28.7006
137.1099 26.8737
135.4651 32.7171
136.0986 27.4357
137.9980 27.0018
139.4231 28.6684
137.5491 27.3144
139.8852 33.1024
141.0768 35.6462
150.5079 36.6292
139.7790 32.9185
135.1533 33.0431
137.6819 34.0516
137.2293 28.3962
137.6158 27.0044
136.4449 27.5547
138.4063 29.7083
138.1526 27.0103
145.0629 35.8220
139.4193 27.2520
136.9118 27.1423
137.6555 30.1430
136.7608 26.2826
139.1820 26.9465
137.2061 28.0428
145.5248 36.5283
137.2880 30.2211
140.5345 33.3056
136.9986 26.7599
139.8824 32.9207
136.8695 30.0044
139.4166 32.6040
138.8144 27.1262
138.8295 31.7670
137.8083 33.4744
136.1453 31.7630
147.1975 35.2785
135.6662 32.0142
139.2417 33.2328
138.5381 27.0318
139.7580 27.9975
