134.9705 30.3931
135.5336 29.0576
136.2965 29.0294
138.3360 33.7816
136.5258 33.4643
132.2184 30.3266
132.4739 30.4245
135.8936 29.8217
137.6893 29.3391
128.1630 27.9971
137.0691 29.6154
135.1509 32.7976
138.3055 29.2232
135.0198 29.6477
136.3084 31.5035
135.4676 30.1537
135.2741 32.5481
131.1091 29.4819
132.1283 30.0431
136.7402 30.9777
132.2242 30.3875
135.0475 32.2262
135.1596 32.6498
136.6368 30.7974
138.2133 29.4332
136.9907 29.6307
132.9389 32.6866
130.9229 29.6176
135.1819 32.9927
135.9108 32.6207
136.7389 28.8681
138.1694 30.3386
137.4620 29.3129
137.1411 28.8759
136.8184 30.3522
137.8079 29.8125
134.8524 29.2538
138.2526 29.2019
136.1483 31.5690
136.9247 34.0390
135.6199 30.1475
138.0315 29.3209
137.8922 29.3184
135.9019 32.2622
136.1537 31.9322
133.0275 32.7286
135.2135 30.1924
129.3547 27.8237
136.0721 31.7634
136.2547 29.2593
135.4649 32.8277
138.2779 29.1425
136.0171 31.9165
137.5103 28.5694
136.2707 32.9077
132.3085 30.1463
131.7534 29.7972
137.3156 29.1044
134.1120 29.1764
136.1596 31.2513
135.0568 29.8272
135.7878 32.6897
137.5727 29.9330
135.4312 27.4944
136.2880 33.1553
132.3303 30.3656
131.2977 29.8723
135.9902 32.2316
134.9354 29.4934
138.2219 29.4061
137.1518 29.7579
137.0072 30.5672
131.3124 29.6999
136.0718 32.6710
136.7262 30.0628
130.7909 29.5440
136.5945 28.8971
137.1673 29.4140
135.3383 30.2131
137.3817 28.7096
138.3719 29.8393
135.6671 32.2939
135.5636 28.1303
137.8859 30.2177
131.5707 29.9130
134.9447 29.2816
137.4328 28.3541
135.8198 32.3444
136.1431 29.2699
137.2948 29.6712
137.1495 28.5544
137.2897 28.7255
132.4393 30.3651
135.8857 32.0681
132.3382 30.1085
128.4140 27.9879
137.0647 29.7054
137.5857 30.3081
128.5535 29.1312
136.6801 30.2796
136.2036 29.4237
137.4254 29.7450
135.2161 32.5762
137.1434 29.7511
136.4806 28.6652
135.8775 29.8365
137.9144 29.1779
132.5629 30.9229
137.3814 29.3962
135.5894 28.9573
136.0594 33.2123
135.2110 29.7427
136.5895 28.7064
137.9158 29.4433
134.7223 30.4363
131.6320 29.7863
136.0632 29.7917
137.5998 29.3382
139.5489 34.4808
135.4410 31.2729
136.9612 33.1278
136.7518 33.1856
135.7449 32.7596
137.1395 28.8213
137.2198 28.8545
131.8697 30.0248
130.7798 29.4183
137.5997 29.4162
136.2245 33.2118
138.3540 29.2651
137.4149 28.8341
135.1081 30.3587
137.3897 29.9608
131.4976 30.1537
131.8106 29.8362
131.1683 29.5983
135.7796 32.1468
129.4769 27.6743
135.9356 32.7844
136.1135 31.9502
136.5493 29.0838
134.6379 32.3416
137.2591 30.4282
136.0316 32.1084
137.6353 29.3392
135.6687 30.0515
137.4808 28.5551
135.9360 29.6042
132.4012 31.5808
134.9822 32.8705
136.8181 29.9451
135.9890 32.2384
131.2327 29.5460
136.4968 30.8662
137.7552 28.8505
135.5881 27.5145
135.9220 29.1007
136.2182 33.1990
136.3990 30.6720
132.4758 30.4360
132.5344 30.6359
131.9964 29.9319
136.6412 31.3069
131.5455 29.7577
136.5874 30.7617
131.4974 29.8472
130.8820 29.6785
132.3743 30.2528
134.4669 29.4768
132.1358 30.0364
136.4123 30.7469
136.3003 28.7587
131.4527 29.6980
137.8639 29.8635
137.2764 30.2004
137.5353 34.1694
135.4497 32.4054
130.9581 29.5257
136.3390 33.3879
131.0521 29.4294
137.3904 29.4699
137.7581 30.2223
134.8859 29.3162
135.1326 33.1267
130.9394 29.4228
137.7522 29.9902
134.3449 30.5948
130.8106 29.3375
130.3527 28.3580
135.7816 32.8491
135.4657 32.4387
135.3819 32.4292
135.9235 29.7490
136.9206 29.5714
137.7340 28.7662
135.6225 32.9175
131.5301 29.9690
133.1584 32.6585
135.5059 29.8482
137.7167 29.2588
131.3669 29.6099
131.8163 30.6016
137.7016 29.4195
136.0016 29.5384
137.7669 34.2739
137.0117 33.5027
138.0990 30.2521
135.8057 32.4498
137.6729 28.7593
137.3776 29.2183
135.3013 32.5623
136.1822 32.2638
131.1638 29.8568
132.4728 30.4536
137.6118 30.3499
137.7021 29.1218
132.4724 30.3224
137.3280 29.2786
137.4904 29.9675
135.9422 29.6361
135.2239 31.3523
137.6909 30.2385
128.8934 27.9868
137.2035 31.1472
137.4131 28.7506
133.8715 28.9771
137.7433 29.2034
137.8012 29.6739
131.3484 29.8499
136.0278 32.7219
136.8524 30.4263
137.1991 29.3585
132.6745 31.1916
135.9097 32.9487
138.1873 29.3837
135.9962 29.6988
137.2774 29.2644
132.0913 27.5447
137.8431 29.2358
135.1059 31.8591
136.2586 31.0724
135.1436 31.5623
136.1523 32.7906
135.9770 29.7236
137.3371 34.1590
133.2551 28.0618
137.6523 29.9075
135.9805 31.9329
137.0173 33.9422
136.8750 29.2942
135.5933 30.4611
137.1458 29.6691
137.9918 29.4098
132.1028 30.0248
132.2091 30.1339
137.6006 29.4135
128.1137 27.9318
137.0589 33.6617
137.7478 30.5845
136.0952 33.0646
136.3602 28.9923
132.4712 30.4492
133.3532 28.1103
131.6212 29.8199
137.9871 34.3057
132.5947 31.0866
136.0386 29.8566
136.8963 28.7985
132.0828 30.3203
136.8892 28.8799
138.3012 34.2178
136.3086 28.8316
137.4295 28.9955
137.4971 29.2279
132.6222 31.3327
132.0597 30.0686
136.1955 31.9009
137.5290 29.4834
136.6203 30.8746
137.7367 29.2557
135.8208 32.8601
135.8071 32.9448
137.8912 30.2599
135.7542 32.1439
136.9089 29.5146
137.1195 31.1284
131.2383 29.3822
137.1442 28.9665
131.4159 29.4900
135.4409 30.2871
137.3870 30.4387
137.7090 28.8466
136.4195 30.6017
136.7019 28.7805
132.3190 30.4696
137.1573 29.5822
135.1690 29.2352
136.4105 31.5679
136.6478 28.7061
135.9565 29.8699
136.2057 29.1678
134.2119 28.8680
135.0566 32.7377
136.2631 30.8973
136.3436 31.3508
138.8200 34.2407
137.0637 30.6200
137.4049 29.3041
136.8576 28.6839
137.4902 29.2582
135.1881 29.6348
137.7628 29.0359
133.6995 28.7040
134.7045 30.4569
132.5613 30.5607
137.2913 34.2463
131.7080 29.8516
137.3301 29.0865
131.3224 29.8602
136.1525 32.7581
137.6173 30.1219
132.3086 30.1875
136.8168 29.5227
135.4572 29.7159
136.4801 30.6083
137.5597 29.2586
133.6385 28.7437
137.8679 29.7874
138.3745 34.2050
135.9316 32.6605
132.3520 30.2508
137.8988 29.4138
136.6508 28.7054
133.7423 28.6211
134.6161 30.4436
135.7207 29.1132
129.4486 27.6150
136.7380 30.7703
131.8021 30.3274
135.6990 32.7662
138.4105 29.7824
137.9932 30.0389
138.1513 29.6177
131.5547 30.1688
137.6861 30.1027
136.0451 29.8448
136.5546 30.8831
137.5730 29.8701
137.5083 30.2887
137.0615 29.2427
131.3112 29.9420
134.6991 30.6668
137.1325 29.5946
135.5758 32.3478
135.9619 29.7425
136.1721 33.0810
135.5823 30.1379
132.6134 30.7654
137.4964 29.6982
135.4543 32.5066
136.8083 28.6685
128.7523 27.5571
136.4849 28.3169
135.7962 32.7836
136.9994 28.6473
135.1905 30.3855
135.9708 32.4017
138.0942 29.0416
138.0303 29.3455
137.0495 29.2944
136.0449 32.8137
137.6067 29.4016
137.4455 29.3391
137.5711 30.3592
135.3825 32.4612
138.0954 29.0034
138.0949 29.3007
136.4647 30.5347
131.9670 29.9905
136.0634 32.4423
128.0192 27.6049
131.7671 30.6297
131.6427 30.2284
137.0625 30.0157
131.1532 29.7003
137.6170 29.9924
131.5758 29.5240
132.2243 30.0169
136.1528 32.4806
137.6218 29.3358
136.4161 30.7809
137.7185 29.2684
138.1876 29.1619
137.1068 29.3691
134.0269 31.2497
129.9982 27.9589
138.7065 33.4690
136.0788 32.2989
131.7540 29.8410
137.9627 29.1424
137.3231 29.5705
135.6215 32.9698
135.2706 29.1473
136.9020 28.8003
135.2776 29.2667
135.4085 30.3290
137.0716 29.2688
134.9175 30.2775
136.8077 28.4697
137.5284 29.5992
135.7469 32.5701
135.3513 30.2507
137.9021 29.6659
136.2999 28.3068
137.0883 28.7595
131.2851 29.7634
134.9464 30.1477
134.3502 29.3180
137.9897 29.7256
138.3344 29.3773
137.1644 29.7325
135.7931 29.9308
135.2767 29.1674
137.6793 34.3542
137.8724 29.5742
132.2629 30.1721
135.8196 32.7544
137.8412 30.2897
131.3003 29.8324
128.6381 27.6203
137.5271 29.8129
137.1910 28.7344
135.9677 32.3326
133.8769 32.8326
132.5530 31.1381
136.1121 29.2471
135.8936 33.0489
137.5197 28.7082
137.7560 30.4701
132.1505 31.4637
137.2954 29.4365
137.3910 29.6073
131.2799 29.7654
132.5279 31.2722
136.1424 32.4517
132.4758 30.3222
135.2559 32.9571
133.7981 32.3526
137.7900 29.7378
135.3518 31.0479
132.2780 30.0992
134.7639 29.2903
137.2546 29.4369
135.9382 29.8212
137.5624 28.9325
136.8943 29.9285
139.4372 34.2091
137.4357 29.4113
137.3854 30.5024
131.7518 29.8863
131.4230 29.7549
131.6036 29.7728
137.3428 29.1729
137.9187 29.2254
138.3631 29.2359
134.8947 29.3190
135.1977 32.6978
139.2756 34.4204
133.8322 29.1164
136.7990 30.9781
134.7974 32.2150
137.4012 28.6827
132.4948 30.7050
138.3663 29.6730
135.3568 30.8742
138.2194 34.2458
135.4848 29.0045
137.6860 29.1618
137.2388 29.1714
133.3714 28.4368
135.2206 32.9073
128.1202 28.6411
136.3551 30.6563
135.6631 30.1292
139.0249 34.3970
135.4132 27.4342
138.1772 30.0899
137.1362 29.4613
137.0889 28.4989
135.2885 30.3395
136.7690 28.5031
138.3822 33.6654
131.3131 30.3436
137.0338 29.2442
136.2635 28.6732
130.8651 29.7440
136.6207 33.7348
136.2857 29.6007
134.8583 29.2391
137.8341 30.4035
135.4685 33.1412
138.5948 33.9577
136.1009 32.3916
139.0366 33.7215
135.2561 30.2105
137.8436 30.3458
128.0623 27.8769
132.4707 30.3094
137.5553 29.2662
138.0231 30.2922
136.0027 29.7260
138.2221 29.1312
137.0774 28.7780
138.1323 29.7604
138.0266 28.8387
137.4276 30.1133
137.1862 29.2521
137.5494 28.4401
132.0856 29.9472
135.7765 29.9464
138.1810 29.9095
135.2137 29.1900
136.0738 29.7574
136.7565 30.1104
136.0320 29.7976
137.7246 29.5097
133.6475 28.3925
137.7500 30.3337
127.8973 28.3140
137.0570 29.2117
135.9126 32.0391
132.3819 30.2216
132.3626 30.2116
137.6946 28.8269
135.6489 32.2761
138.2561 29.2484
136.3681 30.9277
137.5578 29.9827
128.4179 28.7448
138.1175 30.1234
137.2684 30.4297
137.5827 29.3215
137.7515 29.1623
135.6901 32.3364
137.4655 29.5664
136.2043 31.2466
137.3533 29.5864
132.3604 30.2810
137.4962 28.7079
132.0505 30.0648
131.5721 30.1448
134.4440 28.9920
137.8990 30.2533
132.2771 30.1085
129.4515 27.6716
136.1939 29.5388
137.2872 29.5249
137.4958 29.1235
137.8792 28.8854
138.6827 33.5886
136.0517 29.6971
136.9799 28.6655
136.1122 29.6611
137.6911 28.8038
135.4024 29.3062
137.3330 30.5133
137.4173 29.9549
137.4807 30.1214
129.1131 27.4168
131.2153 29.5729
133.2416 32.7043
136.9666 28.7339
136.6444 28.7356
135.9108 32.1885
137.5623 29.1759
135.8880 32.0479
137.4375 29.6213
131.5315 29.7427
136.9555 30.6810
131.2910 29.6529
134.1826 29.2243
136.1334 29.2659
131.4136 29.7036
131.2225 29.6441
134.7659 32.0980
135.4992 32.4773
138.1386 29.5581
132.1765 30.0753
131.7589 31.7864
138.2619 30.0520
131.0088 29.5110
131.8740 30.2285
132.4847 30.2908
137.4911 30.1727
138.0414 29.6548
135.5374 32.4554
132.1653 30.2426
128.5442 27.8496
137.2285 29.8217
132.3029 30.4028
136.9870 28.4090
137.4540 29.1932
138.1497 29.7970
137.9025 29.9506
131.2654 29.6112
134.6672 29.9690
137.4105 29.2288
136.1198 31.7332
137.6038 30.3006
138.0897 29.1244
137.6171 34.1383
135.1230 30.4299
131.1577 29.4197
133.8676 28.8278
135.2288 32.7305
137.8326 28.9275
135.0091 33.1042
137.3567 30.0325
137.7749 28.7248
135.3432 33.1284
136.7014 30.4356
137.0571 29.7868
135.0935 32.6757
135.3913 33.1620
138.2165 29.1328
131.2910 30.4861
136.0210 33.1439
137.6518 28.7653
136.4437 33.2811
138.6273 33.5454
129.1459 29.2957
136.5587 30.6101
136.2445 33.3473
137.9195 29.1069
137.8059 34.3823
135.0753 33.0765
135.3534 32.8927
137.8439 28.9333
137.0927 29.6848
135.7889 32.1153
134.6345 32.0535
137.8463 29.2515
135.3046 33.1236
131.3364 31.0301
136.2178 32.9487
135.9262 32.9682
138.4279 34.3059
136.0002 32.7844
128.2068 28.7900
138.4735 29.5198
129.0242 28.5785
137.8891 28.9159
135.8999 33.0890
137.6242 28.7491
135.5025 32.3086
138.3368 29.1664
138.2279 29.0851
135.8850 32.4229
137.4153 29.7850
136.1740 31.3759
136.4651 31.1857
136.5098 33.4006
135.1988 32.6348
135.8758 33.0222
138.1783 29.1436
137.6227 30.1798
129.0012 29.2814
137.3859 30.6720
137.3866 33.8893
137.7810 29.0537
129.1478 29.0386
138.3058 29.3152
135.0791 32.6492
135.3443 32.7309
138.3949 30.0109
131.0015 29.9844
136.0236 31.7151
135.7751 32.1626
137.3310 30.4652
135.5830 32.8736
129.2555 29.0690
137.4722 29.8871
135.5328 32.3858
137.9680 28.9039
137.3971 28.5476
139.1604 33.4199
136.0084 32.7594
131.1633 29.9675
137.1844 28.8309
134.9491 32.9022
137.7603 30.1872
137.1166 34.1415
128.3667 28.2840
137.0961 28.9099
137.7972 34.0660
135.7590 33.2637
135.9236 31.9856
139.1964 34.0371
138.2903 30.2565
139.4999 34.2091
137.6165 30.2839
139.5797 34.0190
138.4104 29.5286
137.0475 29.6757
138.4551 29.5731
138.7515 33.5955
137.7713 28.8962
136.1142 31.7199
138.7358 34.2835
135.4459 32.3637
138.8748 33.7037
137.7382 28.8325
135.3283 32.6458
134.9166 33.1998
137.6852 30.6061
138.2313 34.3000
137.6140 28.8043
135.1296 32.6116
136.1333 32.2558
137.2606 34.1789
137.2092 28.7034
136.9592 30.5043
136.3182 30.8814
135.0840 33.3105
135.8653 32.2475
138.1875 34.0290
137.7052 30.4329
137.9174 28.9127
137.6712 28.7057
136.1199 33.1992
135.5025 32.3217
135.1827 32.7872
135.9379 33.0659
135.6975 32.1568
135.3183 32.4820
136.6433 33.5170
135.1992 32.5673
130.9444 29.6721
135.2941 33.0220
136.2400 33.0645
134.9300 33.2653
135.4011 32.4280
138.4763 33.6107
138.2232 33.7427
135.9016 32.0638
137.4781 29.1008
134.8448 33.0000
135.1916 33.1517
134.9582 33.1880
135.2343 32.5571
134.9650 33.3354
135.0112 32.7798
130.9708 29.7570
135.1930 33.0531
137.9983 29.9588
135.2208 32.9967
137.3275 34.2288
137.7281 34.3264
137.9429 29.2329
134.8923 33.0764
136.8322 33.7687
138.1791 34.1615
135.8296 32.1686
129.0045 29.2337
135.3669 33.2973
136.8457 33.8039
135.9592 33.1006
137.5473 34.3246
136.2952 31.1746
135.7473 32.2162
138.2070 29.4825
135.1960 33.2820
135.2084 33.0047
135.5775 32.2540
136.8219 33.8603
135.4115 33.0117
135.1006 33.2040
136.3152 30.9934
138.0992 29.9566
135.7877 33.1973
138.8142 34.3090
137.6439 28.9141
136.1296 33.1418
134.8962 32.9005
135.6786 32.1897
136.7266 33.6680
137.1771 29.7603
135.6247 32.2311
131.1815 30.0505
136.0037 33.0381
138.7085 34.3685
135.1470 33.2756
136.8694 30.3207
135.1367 33.1234
136.0116 33.0440
135.6721 30.0994
138.5083 29.7763
130.7137 29.6696
135.4818 32.3934
137.2940 34.2547
136.4721 30.7820
135.2094 32.5819
138.2492 29.8106
135.9191 32.9849
136.0386 33.2364
138.4663 29.4370
136.5869 30.5001
135.6740 32.7848
135.1974 33.1796
135.2094 33.0921
134.9634 32.8040
135.5661 33.0507
135.9284 31.8824
135.9149 33.0881
136.0199 31.7823
137.8039 28.9580
134.9347 32.9852
138.2251 29.4970
129.2126 28.4870
128.4161 28.0086
138.1412 29.3924
138.0182 29.2416
129.2970 28.4812
135.2289 33.0130
135.5245 32.3039
134.8900 33.2196
137.6985 28.9347
136.6539 33.7419
134.8655 33.0396
134.8777 32.9209
137.5739 29.0574
137.5574 34.3744
131.4465 30.9348
136.1795 31.4006
137.3721 34.2629
136.6273 30.8908
135.3801 33.0690
136.2578 31.1569
135.2863 32.8802
128.4483 28.6715
136.1214 31.4871
131.1361 29.8601
136.0741 31.5547
135.2520 33.1133
134.8831 33.1246
136.6523 30.8932
134.9729 33.1526
134.9399 33.0890
135.1220 33.1282
135.9174 33.0390
135.7756 32.1183
138.1765 30.4046
137.1382 29.8783
135.4730 30.2404
136.2638 33.1999
136.2792 32.8662
135.4174 33.1525
130.6275 29.9087
135.4665 32.9913
136.7060 29.1993
136.5299 30.9894
139.3157 34.0743
136.9558 28.5671
137.2177 34.2092
135.6470 32.6649
135.5648 28.7492
134.0368 29.1282
136.0049 30.5778
128.0560 28.5512
136.9672 29.3750
135.9716 29.8055
128.2961 28.2179
129.1224 28.5465
129.5759 29.4652
136.7965 31.5560
136.5474 28.5077
138.2326 29.5046
135.6319 31.2941
138.9607 34.1973
135.8746 32.8357
132.2155 30.1418
135.7359 30.3212
138.8214 33.9184
137.6073 29.4216
136.1573 31.3073
135.7604 33.2894
132.6980 29.5511
135.9692 32.0334
135.5858 32.5105
137.5793 29.3958
135.3458 32.8057
137.9662 28.9273
136.9700 30.0481
137.4840 30.1275
132.9145 30.9825
136.5434 33.5574
136.9803 33.9593
137.0844 28.7288
133.1204 32.6463
137.0935 30.0903
126.4275 31.4933
129.8505 28.0491
136.5832 28.6562
128.6384 28.1901
136.1683 31.5189
138.5882 29.4768
138.7473 33.6841
137.2618 29.2562
137.0941 28.8322
135.7036 32.9235
137.2020 29.9848
136.5023 33.4173
138.7495 33.4942
136.2579 28.9941
138.3633 34.3445
135.7647 32.8233
131.8253 29.9467
135.5878 32.2654
135.2319 30.2800
136.7898 33.4653
136.1369 31.0514
135.2037 33.2748
132.0587 31.8128
138.1097 29.3071
136.1337 33.1681
136.9286 34.0069
137.7243 28.5722
137.5375 29.2742
136.4942 33.3936
136.3544 29.6977
135.6766 33.3341
136.8694 28.7337
136.0709 32.3616
134.8289 33.1351
133.5268 30.4384
138.6330 33.6631
131.0116 30.8165
137.0697 28.8131
136.3600 30.8765
135.3585 30.1243
136.1175 29.9841
135.1119 32.7192
136.0263 29.5081
137.2360 29.5268
135.8990 29.4162
136.2147 31.2773
128.9827 28.4260
137.0855 30.0801
137.8957 28.9821
137.8313 29.9553
137.4504 29.0157
136.2852 29.7905
136.8516 31.2198
137.6925 28.7690
129.5233 28.5526
136.3322 29.3396
135.5277 28.7986
134.9020 33.1631
137.6625 28.7750
131.3951 30.9340
136.5019 30.6813
136.9028 30.6148
137.8636 33.7155
137.3880 28.4478
137.2422 29.7543
134.8332 32.0545
137.6478 29.4555
128.9877 28.5102
135.7520 33.1323
139.0219 33.5468
135.6187 32.4496
138.2613 29.7335
135.0800 30.5575
134.5154 28.9510
137.4835 29.4891
135.5112 33.1448
137.7048 30.3554
136.6342 28.6964
136.1951 31.7137
136.9722 31.2682
135.0195 32.8686
132.5941 30.5789
136.1081 29.6539
137.7604 29.8542
135.3563 31.2565
135.0018 32.9726
131.2664 30.4501
131.4921 30.7455
136.1205 29.4847
136.2914 33.1325
132.5231 30.6776
136.4771 33.3313
136.4675 30.5630
137.4694 29.2890
136.2385 31.1745
137.2833 30.1665
128.5886 28.0641
137.1413 29.0633
137.8939 29.1367
135.0829 29.6109
138.1375 29.8540
134.8412 29.2988
138.0512 30.2168
135.8339 32.1626
138.8058 33.3997
135.4484 32.4154
137.7444 29.2663
137.8271 34.1447
137.6058 29.7539
137.5793 30.3105
132.3037 30.1229
135.4898 33.0604
137.6354 29.2181
134.9495 33.0313
138.7830 33.9669
135.4105 33.0067
138.9102 33.8362
136.4194 28.7601
137.5850 28.7832
138.3876 29.4462
135.0620 30.3635
137.4188 28.6759
135.2672 32.5786
136.6443 30.5326
131.2274 29.7227
136.4396 30.7281
128.3144 28.0631
134.1915 30.3563
136.9980 28.6754
135.2717 29.0226
131.4690 29.8093
138.5273 29.4121
136.9759 29.4812
136.1253 33.2443
137.1257 30.2712
137.5203 29.1756
135.2632 32.8598
136.8303 33.2513
136.9103 30.0061
128.4455 28.6828
135.7272 32.6530
137.8498 29.0435
136.2406 29.9179
137.7489 29.8510
137.6096 29.5485
138.0647 30.0773
135.0412 29.7389
135.1885 29.5865
138.3275 29.3377
137.4782 29.6856
131.2971 29.6648
131.0169 29.8050
138.2137 29.7278
137.8295 29.6723
137.9167 28.8997
137.3985 31.0862
136.0184 32.8345
137.8644 29.3102
134.7287 29.3166
135.4401 32.6201
128.4238 28.8774
138.1979 34.3239
137.6711 29.0988
131.6833 31.3594
132.1047 30.0111
137.2942 29.8415
135.7053 32.2027
135.0243 29.2956
136.3928 29.0666
136.1900 32.9947
137.4426 28.8800
137.5472 29.5078
135.0438 30.3735
137.7615 30.2875
135.2099 32.9372
135.3198 33.1110
135.2962 32.5276
135.5150 28.9048
136.5775 30.5210
136.0391 29.4971
132.5187 30.6498
134.9483 33.0652
136.0936 29.5314
138.3345 29.9342
138.1404 29.1654
137.6057 29.4809
138.1005 29.4222
136.3518 30.7353
134.9688 31.8510
138.5561 33.7586
132.3299 30.2249
136.6024 33.6485
130.2617 28.1762
137.8640 29.3192
136.0811 31.5643
138.7859 33.4526
138.8109 34.2192
135.3603 32.8307
135.2475 29.3107
135.6066 29.6255
137.1671 28.4590
132.1603 30.0973
134.6241 30.1863
137.7217 30.2788
138.1758 29.6511
131.7351 29.8835
137.8380 29.5961
136.0690 31.6797
135.5458 32.5492
137.5281 30.4824
132.5842 30.9826
136.1216 31.3443
138.0939 29.1535
137.0956 29.1254
136.4236 31.0929
138.2921 29.8895
136.2028 29.2544
138.4288 29.5527
137.5854 29.8541
131.7669 30.2360
137.7216 29.3474
137.1605 33.7898
137.1070 28.6655
131.4402 29.7510
131.0243 29.3972
135.9209 32.0289
138.0273 28.9854
137.6900 29.3606
137.6552 29.3596
137.5842 30.3866
136.2843 28.8004
132.4008 30.3723
136.3265 29.0070
136.1123 31.4806
136.7313 33.7764
135.1074 32.7171
132.2763 30.1201
138.0128 30.0267
136.0777 29.4333
132.2500 30.3862
134.9501 32.8947
129.1986 28.4223
135.2634 29.8597
137.8236 30.2477
136.2169 31.1362
135.4780 30.1077
136.8471 28.7392
134.2935 30.6420
137.4071 29.3114
138.0986 29.0256
134.4637 30.0886
137.7953 30.2781
128.3534 27.9557
132.4647 30.4948
128.4494 27.9334
137.5724 29.6679
137.8216 30.3201
137.1562 29.4746
136.8569 30.5181
135.1195 30.3354
136.1145 31.8447
137.5858 28.7479
136.2607 30.9269
136.0856 28.8839
136.1882 31.2816
135.2258 29.5180
136.4627 30.6391
131.7322 30.1538
136.1068 32.4816
137.6526 30.2732
137.5546 29.8732
137.3344 29.2414
137.7545 29.2695
129.5702 27.6767
137.3587 29.4924
137.9870 29.7789
136.0260 32.4325
138.1306 29.2885
136.4680 29.1169
138.1109 29.6594
138.0189 30.6265
137.9562 29.4339
135.3792 30.4879
131.0046 29.7567
137.5734 29.6337
137.6378 29.1884
138.1100 29.6188
137.0345 29.2452
134.7866 30.4899
138.1969 29.6833
128.2938 28.5267
135.3165 29.8150
136.3047 31.0949
136.1264 32.4083
136.1190 31.3570
133.6137 28.5104
133.3888 28.0924
136.8169 29.9583
131.5952 29.8799
128.1231 28.7703
136.4707 28.9223
136.8461 28.7455
134.9831 29.3377
137.8216 29.3281
132.0060 29.8924
137.2322 30.3451
131.3746 30.0187
138.1558 29.2871
128.5387 27.6498
137.4421 28.6918
134.8180 30.5952
138.7510 34.2011
136.0896 33.2554
138.2788 29.1493
128.8986 27.9744
137.3064 30.0486
136.3927 29.1579
137.3191 29.7300
131.5951 29.9184
135.5006 32.7117
128.2541 28.6633
138.4814 34.1581
135.1672 30.2611
136.3207 29.3526
131.4792 29.8515
138.2110 29.1522
135.1480 32.7377
136.1107 31.4891
135.4924 32.4514
135.8591 32.9139
135.5749 32.8211
136.0239 32.6390
135.5477 32.4423
136.1061 29.7262
135.5929 32.8379
138.4441 29.8078
135.0436 30.0191
135.1222 29.1596
135.4576 29.0872
135.1450 31.9565
134.8998 32.9225
128.2886 28.1133
135.4380 32.4691
131.0150 29.5889
128.3642 27.9815
131.4853 30.3149
135.3307 32.6124
138.4456 29.3607
136.4856 29.1436
133.1991 29.3096
131.5873 29.8372
136.3999 29.1526
136.0117 31.8374
131.3825 30.3755
135.2066 32.5936
138.5884 34.2236
135.9473 32.8399
135.4490 32.7756
136.0451 31.9017
128.8382 28.5775
131.4971 30.6805
136.0293 32.5997
128.2832 28.6386
135.3255 32.8005
137.8316 28.8724
135.4434 32.4235
135.0396 32.8773
128.7074 27.6296
138.2966 29.5333
134.6539 32.4047
136.7137 33.6338
132.0005 29.9822
136.1722 30.0157
137.5926 30.1636
137.4516 29.6531
131.3834 29.8416
134.4092 30.5613
128.3864 28.0390
135.6789 33.1774
131.2739 29.7376
138.5976 33.8085
128.4708 28.5418
133.5824 29.9360
136.5609 29.2189
137.4587 30.0078
136.1551 29.5941
135.6177 32.7566
138.1980 29.4040
136.6620 28.9813
135.4613 32.6318
130.9648 30.0346
130.5513 29.5794
137.9369 28.9086
135.2728 32.5379
136.5773 29.5743
137.5687 28.8273
138.4056 33.5377
137.9070 28.8733
135.5172 32.4205
137.4481 28.8223
131.3462 30.3907
138.0439 29.7235
135.0766 29.1840
131.0507 29.6584
137.5585 29.4335
136.5071 29.1642
138.0145 29.0194
138.3476 30.0299
134.9765 33.1359
134.6286 32.3181
137.5763 28.7880
135.0258 32.7362
135.6441 33.0828
137.8301 28.9355
137.6795 30.3262
137.5291 29.1390
131.2485 30.8004
136.6769 28.9363
135.8933 32.0025
135.6136 32.4099
132.2614 30.0821
135.2677 33.0214
133.9670 32.7895
131.4022 29.7175
132.5366 30.4824
135.3358 30.1696
134.2555 29.3049
136.3109 29.8412
130.8581 29.5924
135.5742 32.8663
135.1960 32.9371
132.3711 30.1898
138.3830 30.0622
135.9746 32.3832
138.0295 30.4203
138.3837 30.0054
136.1622 31.6661
134.6952 32.9226
136.2340 31.4775
138.0818 29.0927
135.4764 33.2298
138.1920 29.9161
134.8108 33.1495
138.4063 29.8136
134.9434 33.4128
137.7783 29.1119
137.8294 29.0381
136.0911 32.5155
136.4642 33.3430
137.4156 29.4036
136.9196 33.9094
136.1252 32.6136
138.3101 33.9586
137.9284 29.0711
137.0466 30.2347
138.0861 29.2068
135.7561 33.2294
138.2990 30.1873
135.1439 33.2632
138.1280 29.8247
135.8018 32.6378
137.7046 30.3386
137.8246 29.0789
135.0588 32.6315
137.6354 29.1827
134.9888 32.7749
136.0175 33.5914
137.4195 29.3594
136.0241 32.0275
135.8994 33.1518
137.8131 29.0550
136.0125 33.0479
137.9437 30.1664
138.4666 29.9223
134.9421 32.8873
135.6782 32.6559
137.2739 33.6031
136.1636 31.8210
138.1093 29.5688
137.7886 30.3384
136.0182 33.4697
138.1440 29.6594
136.1984 32.4864
138.3893 29.4894
138.1036 29.5078
138.1235 29.1652
137.8035 28.9969
137.6911 29.1389
135.2797 33.3771
138.2107 29.5642
137.6903 30.1565
135.0234 32.7944
135.9364 33.0904
138.0748 30.1775
138.1648 29.4069
138.0707 29.9301
139.7467 34.0950
136.4580 31.4494
137.0695 30.1733
134.9589 32.8587
137.8649 30.5424
137.9410 34.3466
136.3088 32.0869
137.9759 29.6459
137.8315 29.4656
135.9894 31.7130
137.1546 29.8788
138.1873 30.1600
138.1181 29.1517
136.9214 30.4666
138.0108 29.1411
136.3565 33.2941
137.7486 30.0104
137.1293 29.9415
137.8910 29.0498
136.1966 32.2097
134.9509 32.8745
138.2784 30.0319
136.2904 32.2200
135.8993 32.6079
138.0388 30.1160
135.4682 33.2637
137.0865 30.2237
135.5282 32.3799
136.2547 32.3326
136.2153 33.6358
137.8016 29.0029
135.0263 32.7377
136.9635 33.9693
137.9321 29.1285
137.0377 34.1162
135.1526 33.2341
137.7490 30.1427
137.3144 34.2282
138.1094 29.7357
136.1805 32.4512
139.5988 34.1437
136.2389 32.2790
137.8575 29.1177
137.5272 29.2254
136.9301 30.4348
138.3477 29.4345
135.4564 32.6767
134.9387 33.1660
135.0492 33.2007
139.6937 34.3656
137.1036 30.3415
137.1564 29.9489
136.9497 33.7660
137.1576 29.9373
137.2685 34.2708
138.3938 29.5021
137.0789 30.4320
137.6028 34.3970
135.6254 32.6753
138.0837 29.8315
136.6065 33.4547
137.5431 29.1717
135.5460 33.1976
137.9044 29.1164
137.9827 29.0575
137.7330 30.0625
137.4507 30.7873
137.7959 29.0218
137.8900 30.1574
138.2256 29.6522
137.4321 30.7690
135.0661 33.2106
134.9497 32.8529
137.0256 30.3013
135.8751 31.9102
137.8948 29.0953
137.8305 34.3540
135.5275 32.7043
135.5179 33.2718
137.9051 29.0884
135.1766 32.7591
138.2383 30.0847
139.2450 33.4356
137.1939 30.2146
136.5167 30.9234
135.2756 32.8189
136.1766 31.8234
134.8122 32.8187
137.5505 30.7286
135.8386 32.5593
135.7090 33.3747
137.1432 29.8998
139.6202 34.2385
138.1380 30.3531
138.1537 29.6574
138.1921 29.9782
138.0877 29.1471
131.1401 29.5328
136.9328 33.8445
137.5734 29.2453
136.1299 32.4250
135.5397 33.1154
135.7677 33.2225
138.0875 29.2331
138.3215 29.9288
138.3042 30.2790
135.2762 33.4985
136.1226 33.2112
136.7374 30.5519
137.4379 30.5444
138.4319 29.9002
136.2121 33.6462
137.9224 29.0301
136.4110 33.3557
135.4479 32.4680
136.9686 33.9576
136.1362 31.7251
138.4058 30.0065
136.9990 30.3345
136.8788 30.4602
136.2538 32.3752
137.9367 30.2482
137.1910 29.6057
137.1910 29.7916
138.3929 30.1038
137.6315 30.1268
137.2313 34.1754
135.3002 33.0929
136.0072 31.7083
136.2252 32.3745
136.3904 33.3105
135.6975 32.4780
134.9520 32.8883
136.9900 30.3687
138.0104 29.1404
137.9053 30.5057
135.2942 33.2510
137.0796 34.1176
137.2058 29.9127
138.3951 30.1023
135.3395 32.4380
137.1039 30.3227
135.4307 32.6938
135.2781 33.1988
134.8872 33.0758
135.3149 32.6996
138.1977 29.5664
135.2945 33.2813
137.6821 28.9365
137.7507 29.1010
136.0574 33.2425
136.2758 31.3596
135.5336 33.2589
138.1891 29.9666
136.2822 31.4879
135.5270 33.1158
137.7676 29.0693
136.3386 31.1499
136.2566 33.5663
138.3272 30.1461
137.7675 30.0365
137.7049 29.8942
136.8229 30.4273
136.3218 32.0038
137.8389 29.0093
134.9512 32.7360
137.9527 30.1965
138.5839 34.3218
135.7547 33.1524
135.3430 33.0368
136.3265 31.9088
137.1989 29.7865
137.2155 29.9185
137.5125 28.9316
138.2338 29.5645
138.2094 29.4414
136.6441 31.1062
138.1395 29.9276
137.8709 29.0333
135.2245 33.2283
137.8649 29.0025
136.6679 30.9159
137.8604 29.2938
135.3400 33.1184
137.8742 29.0568
138.2659 29.7554
134.9224 33.2898
135.9788 32.1060
138.1535 29.7682
138.0921 29.9548
137.9101 30.0485
137.2390 34.2559
135.9190 31.9126
135.4788 33.3386
138.2489 29.8094
138.1961 29.7662
137.8055 29.0009
134.9342 33.3310
135.7971 32.6753
136.9075 30.4778
137.8923 29.0913
136.7411 30.9963
135.1942 32.8472
139.5618 34.2438
136.1248 33.1363
137.9408 29.0933
138.1872 34.3161
137.3069 30.8247
137.1061 30.3305
136.9727 30.3399
137.9932 29.5246
138.2143 29.8953
135.1373 32.8797
135.5776 32.3800
137.9846 29.0464
136.7822 30.6439
137.0349 33.9885
136.1719 33.1073
137.4395 30.7942
138.1456 29.5155
139.5835 34.3199
137.8215 29.0506
135.8103 32.0968
136.1763 32.4310
136.1945 32.5879
136.6636 31.1034
138.8212 34.3355
136.3926 31.1805
137.6132 29.1616
135.2073 32.5586
135.6992 32.1991
138.4019 29.7332
137.6340 29.1157
139.1372 34.5109
137.9183 29.3470
138.2436 29.6671
137.4570 30.7656
137.9071 29.4117
138.3189 30.1833
137.0815 30.2000
135.5530 32.5017
136.1919 32.6042
136.2070 32.4160
137.1847 30.0579
137.7553 29.0427
136.5627 30.8227
138.0090 29.2882
138.0201 29.6150
135.5618 32.4180
136.4671 33.3529
135.8403 32.6209
137.0560 30.4947
137.3322 29.7202
137.5461 30.7258
135.7343 33.3010
137.4226 30.7703
138.0157 29.8502
137.9335 29.0235
136.2338 32.2825
135.2431 33.3464
138.0323 29.1918
136.9756 30.3799
137.6033 28.9054
136.9990 30.3694
135.4960 32.3414
138.1897 29.7878
137.0268 30.3510
135.3283 32.5453
135.4307 32.4723
137.3234 34.2513
138.2000 29.5413
137.8214 29.0871
137.4545 30.5041
135.9181 31.9592
136.7223 30.9127
137.2408 30.0526
138.2333 29.6240
137.8902 29.5200
137.5983 30.6929
136.2201 31.4908
136.8106 30.9402
135.6329 32.4447
137.9929 29.5507
138.3016 30.0908
128.1368 28.2966
136.6022 28.8960
136.2589 33.1223
133.6360 32.4147
135.2596 27.5315
136.6268 33.5019
129.2796 29.7469
138.3752 29.2030
139.7867 33.9712
136.1241 32.5818
134.3061 32.1446
137.1145 28.8131
128.4235 28.1628
135.2856 32.7418
136.0328 32.9431
135.5857 32.8343
134.9891 30.5008
136.1074 29.4359
131.7567 29.9104
136.5014 30.7690
136.7080 32.4421
137.2610 33.6110
136.6421 29.5171
131.0358 29.4222
131.8998 30.2901
133.0771 31.6465
136.3419 29.5601
132.6771 27.9856
132.2598 30.3119
131.3040 29.3927
132.5473 31.6334
134.6317 30.6387
139.1698 34.3273
135.3848 28.8346
136.6963 28.9418
137.0436 28.5686
136.2308 32.2997
137.0270 30.5825
135.2881 31.4287
137.8014 29.4317
137.2937 30.3157
137.8224 30.3493
135.9977 31.9633
137.5697 34.3686
128.0259 27.9984
138.6916 34.2125
138.1576 29.5727
137.2654 29.1737
138.9496 33.5573
137.4217 28.5938
136.7291 30.1311
131.3512 30.6194
137.9486 29.3135
138.4541 29.3933
126.7120 29.7294
137.0215 34.0327
138.5088 33.4389
135.8213 28.7363
137.1470 29.5197
128.4352 28.5515
136.2482 29.1692
137.2492 29.2244
137.4939 28.6108
136.6533 31.6825
138.5476 29.5377
136.7166 32.0838
136.7984 33.3927
138.0870 28.9534
138.2237 29.1345
134.9043 33.1647
131.1731 29.8029
137.1129 34.1963
138.3602 29.1807
137.3362 28.5929
132.9026 28.0132
137.2132 30.5468
132.9506 30.7434
135.4718 28.9902
137.5570 34.3346
135.6283 32.6236
131.5803 29.7950
139.2703 33.2902
137.5591 28.7043
135.7010 29.4419
135.5224 32.6196
136.0340 29.2720
137.1580 30.5555
138.3178 29.2772
134.8386 29.3104
137.2162 33.9726
128.8735 28.8181
128.3608 27.9625
137.5057 29.5127
135.9668 29.3690
138.9733 29.7205
137.7392 29.1501
131.2414 30.1365
134.4856 32.9791
128.7751 28.8397
137.2122 28.5921
130.7795 30.6676
136.3901 31.9128
137.0900 34.1032
131.2886 30.6985
128.4170 28.2673
135.8387 32.9340
131.6425 29.8790
130.9946 29.4047
137.3412 29.8862
138.0991 30.0715
136.8158 30.8019
137.6075 28.7984
132.6846 29.6259
135.1848 29.2766
137.5726 28.5853
131.3941 30.4828
136.1998 31.8820
131.0994 29.5706
135.8682 32.7861
136.6325 33.4381
136.0406 32.5918
135.6498 32.5254
138.1589 29.5595
135.9781 29.8652
131.6394 29.8537
136.3786 32.9701
136.1226 31.9025
138.0937 29.9773
136.4760 31.0747
132.3069 29.3661
135.5719 29.6711
136.2124 33.1533
134.4297 32.5119
136.0478 29.9508
137.6124 29.9433
137.2222 29.7890
128.1907 27.7599
134.5989 30.3846
136.0150 33.0227
135.3929 32.4850
135.3282 30.1896
128.5459 28.5949
137.2245 30.2391
135.7243 32.3643
136.1845 29.6083
130.8793 29.7766
132.4468 32.5792
137.7273 28.8056
136.3461 31.4445
132.4732 30.3042
129.0925 29.5213
137.9625 30.4491
137.6083 30.0887
132.2783 30.2392
135.3884 31.4086
136.1090 29.5452
138.0409 30.0019
131.6609 30.1098
128.1224 28.6414
137.0956 28.7886
133.0831 32.6098
137.6824 30.5799
128.4964 28.6660
138.4377 29.8535
136.7401 28.5835
131.2479 29.6356
138.0668 29.0608
137.0588 30.6280
137.6799 30.7612
136.2196 32.0409
136.9788 28.7602
138.3739 29.5111
136.7631 28.8215
136.6810 28.4817
137.8111 28.7775
135.0847 32.7492
134.2756 32.0418
136.1557 29.5387
136.9004 33.7336
136.2084 29.5109
136.7533 28.7528
136.1140 29.4585
136.0480 31.7775
137.7412 30.3227
137.9849 29.1869
137.8197 30.1892
137.0350 28.7097
135.1904 30.2573
128.0438 27.9277
137.6505 28.9623
136.4760 33.2680
132.0493 29.9809
137.6009 29.1163
128.2307 28.6274
136.0395 30.1463
135.6016 29.1751
137.0368 33.9061
137.0229 28.8849
137.0511 29.0634
135.8186 29.9509
135.1574 32.7918
135.9972 29.5061
138.4024 29.3016
128.0650 28.9309
137.7705 28.7798
136.1114 28.9968
135.2506 32.6794
129.3203 27.9217
131.0356 29.2092
135.6195 32.3012
131.2114 29.7007
135.6422 32.7666
137.7465 29.3019
135.8743 33.1043
137.3685 28.8799
131.2993 30.0682
129.3438 29.2407
138.1325 29.2067
136.9694 33.5888
138.1874 29.2916
137.3889 28.8493
138.1072 29.8465
131.0087 29.6352
135.5243 33.3337
136.8503 33.9264
136.3215 31.4017
137.7519 29.1256
137.9853 28.9289
136.9791 30.5440
137.5071 28.5960
129.0312 29.7038
128.7771 28.5445
135.2851 31.2399
136.3432 30.9463
136.9946 34.0179
136.1886 32.1238
136.6772 28.9692
136.5378 29.1347
136.1757 29.2129
135.9108 31.9130
138.3375 33.5436
138.3746 29.1676
139.3079 33.4006
136.6935 28.8569
137.2240 29.6992
137.2312 29.5787
135.2637 31.8857
137.6206 34.2309
138.4517 34.2616
135.5538 31.1812
136.1811 29.4685
135.6962 28.6443
136.3226 33.1918
138.2675 29.1375
137.4332 28.5064
136.1188 31.4622
131.6836 31.5030
134.9816 32.8535
130.8551 29.9065
135.5974 32.5743
136.4387 33.3030
137.5673 29.1953
136.1630 32.8981
136.0172 33.0234
137.1503 28.7444
137.3741 28.6631
137.6874 28.8241
135.5079 31.5111
132.5274 31.5577
138.4821 29.6960
138.4527 29.9706
137.6296 29.1682
137.2886 30.1653
136.7413 33.4536
132.1083 30.0521
137.6624 28.8158
135.9743 30.1016
137.9854 29.2556
131.4263 30.0804
138.2413 29.8464
137.5847 30.1381
127.9300 28.3397
129.7421 27.7309
127.9858 28.5600
137.8193 28.7863
136.5027 29.1966
136.2459 32.8523
137.7454 28.6375
136.7191 30.2471
130.0724 29.9115
128.2611 28.7483
135.1886 33.0663
129.6380 27.9213
137.3417 29.3628
137.0607 28.6841
136.4731 30.7820
138.0662 30.0983
139.0274 34.4681
135.3698 31.5592
130.8348 29.4313
135.9077 32.3276
135.8929 28.7173
133.4612 30.8689
136.7301 30.9799
135.8775 32.4274
137.1974 28.8332
138.5706 33.6655
136.7676 28.6985
136.4148 30.8731
135.9288 32.1980
137.1477 28.5381
136.2256 29.4796
137.7798 29.1066
130.0899 29.9694
131.2331 29.7192
135.3042 32.7194
129.4956 27.8091
132.3972 30.4433
129.9717 27.9181
138.0243 28.9106
138.0843 30.1287
128.5055 28.5253
136.0810 33.0985
138.6069 34.3624
136.5614 33.5446
135.9919 29.8520
135.1473 33.0068
137.7270 28.9307
135.4061 32.4146
135.6669 32.2229
138.0439 29.1958
134.9202 32.8775
136.3990 30.9076
136.4528 30.9312
137.5915 28.9448
138.0721 29.2659
137.6239 29.3318
137.3305 34.3192
135.4139 32.8022
139.0647 34.1045
138.5165 34.2834
134.7875 32.9497
138.3301 29.4447
135.0738 33.2270
136.7312 30.7402
137.6361 34.3470
138.5095 34.2854
135.1927 33.2975
137.6408 29.3281
135.9325 31.9202
136.7834 30.7023
135.5758 32.9786
135.0307 33.1324
139.5101 34.2341
136.0044 31.8338
135.0806 33.1401
137.9688 29.2263
135.6585 33.0375
136.4028 33.3256
137.7272 28.9577
137.9196 33.7175
135.4511 32.9236
137.6993 34.3341
134.9417 33.1029
135.9276 31.9881
135.8784 33.0319
135.7462 33.0606
138.6147 34.3095
135.8230 33.1563
128.1269 28.0862
135.3163 33.0721
135.1767 33.3407
135.0460 33.0854
139.6243 34.0560
135.8905 32.0842
135.4486 32.8426
137.7587 29.4486
135.3761 32.9597
136.2678 31.8618
135.1393 33.2808
137.0346 30.0223
136.4981 33.3843
135.4313 33.1436
135.1560 33.1162
134.9612 33.2373
135.9785 32.6049
136.1680 31.3836
135.6390 33.0970
135.1547 32.9510
135.1869 33.1550
135.3209 33.0894
138.0743 29.3842
136.4061 33.2508
135.6100 32.9803
136.0759 31.6958
135.2882 32.5182
137.1650 30.1068
135.6140 33.0445
135.6491 32.1981
136.0074 33.1343
135.3293 33.1166
138.1191 34.3110
139.0501 34.4053
138.2549 29.5418
135.2638 32.9354
135.8668 32.1115
135.6857 32.2088
134.8883 32.8998
137.6945 28.9910
135.6323 33.0751
135.0923 32.6761
135.5150 33.3720
137.1948 29.9333
135.2210 33.0646
135.2700 31.6039
134.8476 32.9695
135.9236 32.4643
135.4933 33.1582
135.3805 32.8971
135.4170 32.4104
134.8871 33.0538
136.6981 33.5860
136.2567 33.2287
136.6568 33.5602
135.0570 32.8406
136.5062 30.7461
138.3183 30.1996
134.9492 33.0894
135.4958 33.2260
137.5983 30.7149
135.4220 32.4062
135.3815 33.2121
136.2316 31.2507
135.5450 33.1432
135.0101 32.7796
137.6615 29.9606
135.2913 32.5086
137.7614 29.0887
135.4915 32.3624
135.0536 33.1322
137.6687 28.9234
138.0632 29.0788
137.9964 29.0452
134.6338 32.5429
138.1994 34.3091
136.2347 31.2666
138.4945 29.5583
135.6298 33.0058
137.7997 29.2020
138.7379 34.3146
136.0072 31.8434
134.8715 32.8792
129.7962 27.5233
134.6422 29.3910
136.2767 32.4118
134.8968 29.4820
135.2285 30.5100
127.8302 27.8603
129.1582 27.5575
130.7963 29.7197
135.6753 33.0417
138.4273 29.7377
138.3824 29.1923
135.0779 29.5175
137.8415 29.7694
137.0956 30.3525
137.7159 29.5032
135.2880 29.4875
137.0924 33.5809
135.3322 29.7778
136.2150 30.0588
138.5639 34.1674
136.2750 32.8469
134.3243 29.3586
137.6633 30.3147
130.9573 29.5896
137.6425 29.8064
131.0777 29.5916
138.5463 34.1631
138.1219 29.1169
135.1966 32.9310
136.9917 33.5585
137.6023 30.2232
138.0020 29.1300
136.2146 29.4778
130.6122 29.4619
137.5242 30.6911
131.4206 29.7224
137.3663 28.3449
137.9371 29.3472
135.8042 28.4949
134.7073 30.5596
128.0788 27.8182
131.0843 29.7084
135.8726 32.4066
133.3920 32.4686
138.6946 34.2719
136.7204 30.8937
135.1238 29.4981
136.5190 32.9827
136.0817 31.8295
137.4576 30.0532
135.5238 30.5641
137.0152 29.2782
136.3463 32.9193
138.4159 29.5998
137.1243 28.9919
137.5792 29.9087
137.7856 29.8735
138.1042 34.2004
136.9196 33.3526
137.4504 28.6974
135.0965 32.6967
134.6775 29.4955
137.5915 29.7878
134.9958 30.3877
137.6270 29.8201
138.4195 29.5157
135.3445 31.1976
137.8961 29.2634
136.2556 32.4113
137.5743 30.1127
131.2511 29.7277
137.6034 29.8522
136.9721 29.4753
130.6403 29.4525
136.4731 33.4913
137.6107 29.6755
137.8533 29.6626
136.3115 32.9907
136.7496 30.8944
137.2119 30.6658
137.5715 29.9164
137.6130 30.2591
137.4749 29.2019
135.9091 32.9638
137.1794 28.9039
137.5923 29.1134
135.2187 32.8141
135.2788 33.0820
137.0822 33.8466
137.5724 29.9419
137.5727 29.8808
135.7481 30.0811
137.5773 28.5148
131.5276 29.7542
136.1076 31.4553
136.3448 28.9546
135.0215 29.3780
138.8473 33.8717
136.5106 33.3577
137.4920 29.4477
137.5699 29.9144
130.5621 28.1467
137.5751 30.1682
133.6987 28.7243
135.2620 30.1265
131.0886 29.5323
130.8705 29.7503
133.4602 28.4650
137.1278 30.2106
137.4934 30.4898
136.2584 33.6573
137.9303 29.8439
137.9824 29.3809
135.7497 32.1603
137.8533 29.7800
137.6575 29.3212
137.3274 30.6883
136.0237 31.7629
137.9321 29.7494
135.8347 32.6145
138.4454 29.9492
137.4928 30.0590
138.0886 30.0411
136.6840 30.7602
137.5417 30.6992
138.4372 29.8008
136.4057 33.3196
137.1987 30.0229
137.9828 30.4816
135.5166 33.1485
138.1419 29.8769
137.8173 29.0636
138.6844 34.2080
138.1228 29.2829
135.2745 32.9842
136.0806 33.0569
138.0862 29.3018
138.5284 29.2883
138.0833 29.6387
137.0882 33.9318
137.8541 29.3362
135.1239 32.9930
137.9117 29.6116
134.9690 32.9348
138.0781 29.3432
135.3869 32.7534
138.0955 29.9753
135.6093 32.7092
137.5012 30.7307
134.9867 33.0819
138.1200 29.8079
136.0563 33.0954
137.7995 30.6086
137.1104 30.3113
137.7454 29.4432
136.9728 30.6124
134.9930 33.3151
135.5186 32.9212
137.9893 29.4826
136.6326 33.1609
137.9948 30.1286
139.4681 34.1599
137.6759 29.3508
135.3766 32.7878
135.2676 32.6304
137.1932 34.0359
137.4805 30.1571
136.4210 33.1769
137.6828 29.8224
138.0819 29.9452
137.3087 30.6387
138.1029 29.9433
136.3311 33.2226
137.2840 30.6734
137.8121 34.3278
137.3161 30.4758
135.6154 32.7271
137.9819 29.4671
137.3036 30.5231
138.5156 29.8467
135.4961 33.1795
137.7816 29.5621
137.2905 30.5585
135.5503 32.8980
137.8811 29.4477
136.6438 30.7700
138.0691 30.1811
138.1514 30.3728
135.6218 32.2521
138.0877 29.5173
137.8992 29.8567
137.4522 30.7638
138.1910 29.4894
135.9920 33.0434
138.1307 29.8957
135.6466 32.5054
137.8018 29.3802
137.8838 29.3714
138.1389 29.7707
137.3312 30.4072
135.2348 33.1222
137.6913 29.3354
136.0728 31.9303
138.3739 29.4406
135.7671 32.1836
137.8551 29.8467
138.0433 29.6447
135.8586 33.0407
138.0502 29.6271
137.0371 30.4023
137.9418 29.4581
135.3460 33.1566
138.0074 30.4778
137.3070 34.1649
135.8684 32.4314
138.0132 29.4711
137.9852 29.5790
136.8883 30.5247
138.0669 29.4252
135.2157 32.7014
138.2125 29.5429
137.8233 29.3410
139.0580 33.9410
137.7540 29.3015
135.8122 32.5045
138.1986 29.8563
137.4003 34.2395
135.9686 33.5514
138.2011 29.5978
138.2078 30.0108
138.1460 29.9545
136.7447 33.5616
135.9751 31.9046
137.4233 30.7757
138.9769 34.3408
137.7636 29.3686
135.2117 33.2240
134.9375 33.1206
135.5893 33.0747
137.8943 29.5890
135.5642 33.3666
137.9281 29.6471
137.9856 30.0665
137.8489 29.2878
139.5058 34.1467
138.0045 29.4528
135.6085 32.9025
137.5482 30.1711
135.2272 32.7623
137.9194 29.4147
136.2218 31.5523
137.8864 29.3619
137.3535 33.8493
137.9141 29.8913
135.7082 32.5488
136.2007 31.1203
127.4724 27.5728
136.3012 31.0798
136.9762 34.0773
138.3530 29.2197
137.5442 29.8288
138.1812 29.3199
135.6502 29.9756
136.6731 32.6840
134.6890 31.1218
137.2149 30.1576
136.9378 28.8305
131.9593 30.1817
132.7411 32.6276
131.7872 29.8232
137.8518 29.4457
138.1645 29.1202
136.2432 32.5754
136.2640 28.8385
132.1209 30.1404
136.5038 30.9564
137.2016 29.1281
131.8153 30.4970
136.7234 33.2710
135.4466 29.4410
132.3087 30.7562
129.1730 27.9100
131.9375 31.7199
136.9561 29.4518
127.7926 28.9809
134.6017 30.2002
135.9809 28.0147
135.2696 32.9622
129.5273 31.5433
136.1193 29.1027
137.4467 28.8574
128.4656 27.9877
135.4289 32.9536
128.0759 28.0524
134.4779 30.2002
127.3258 30.2665
135.8772 28.3337
137.4936 29.3312
134.3873 29.4458
135.6364 32.3953
131.9358 30.4216
136.2487 28.9169
132.7055 31.5870
137.3568 29.9235
136.2067 31.9850
137.0725 29.6537
136.2285 31.5577
128.5891 28.0290
136.0545 31.1652
132.1962 30.5567
137.6982 29.7202
132.1000 31.0804
136.8591 31.7365
135.4742 32.7422
131.6575 30.0748
135.7265 29.5800
136.9735 31.6177
136.2861 31.1126
136.7898 29.8410
135.6613 30.1123
132.3533 30.2960
135.8501 32.4938
133.3038 28.0818
129.3504 28.8026
135.7599 30.1388
135.7071 32.6576
137.1288 29.9320
133.0236 28.2215
129.6867 29.0555
132.5113 31.8885
130.7126 29.1570
132.1369 30.9595
138.1670 29.1338
136.1250 32.9291
132.6149 31.0761
134.3808 31.3944
138.4167 33.7184
137.4053 30.3629
135.1763 27.6710
135.1665 28.8332
131.9864 29.2811
135.7153 29.9724
137.9273 29.5339
134.0660 32.5720
132.3996 32.1553
132.5052 31.6738
136.8110 29.5689
132.6840 27.6712
131.2464 27.8154
136.5367 29.7951
132.2645 31.7548
133.8885 30.2599
132.7628 30.8995
138.0125 29.8143
135.7314 32.7659
136.9762 30.3281
137.0494 28.1280
131.2859 30.2785
133.2965 28.8831
137.7227 32.0569
136.2225 28.1916
131.3690 30.2390
133.9164 29.2158
128.1049 30.4778
137.1117 29.0270
136.0669 31.4680
136.2367 28.0507
135.4448 33.0221
131.8534 31.2360
138.3861 29.6191
133.7131 27.7689
136.4303 30.6109
129.4587 28.0762
136.8160 28.3498
132.8855 27.5843
131.8304 30.7705
137.4399 29.2617
134.1788 29.3553
137.0467 28.3889
136.1837 31.3088
136.3947 29.1712
136.6038 30.0478
136.5764 30.3622
136.4424 29.0579
134.3120 30.6128
137.4794 30.2095
136.8789 30.6563
135.8205 33.3058
131.8875 28.5066
133.1256 27.8776
132.3562 31.2528
135.2169 28.5596
136.8739 30.0598
137.3550 29.3823
132.1424 31.8350
133.8121 28.1157
134.4864 29.6666
134.7783 29.6699
136.5728 27.7837
136.5579 29.2094
134.2699 30.8165
136.6717 28.1912
136.8953 29.6287
136.2594 28.6640
135.7265 27.3627
136.3165 29.1846
131.6543 30.1910
129.4611 27.4201
138.0747 30.1961
136.8921 28.5765
130.8731 29.4830
135.3112 31.1447
137.9709 28.8799
135.6103 30.1261
128.0182 28.2518
128.8494 28.4772
131.1703 30.0835
134.8007 32.4731
138.9681 33.2556
135.7828 33.0260
137.9853 29.8147
138.6053 34.0136
136.1134 32.3047
135.5914 28.9313
135.8834 32.6427
132.4106 27.7602
134.8493 29.2745
134.7083 32.3251
138.4745 29.6181
127.8704 28.4224
137.2644 29.0736
137.1643 29.2513
135.6432 28.8914
135.1021 32.6960
136.3653 29.0500
135.0101 32.9194
128.1914 28.7316
136.9317 33.4350
138.8555 34.4144
134.2974 31.9790
137.7628 29.2582
137.5121 29.8997
128.1454 28.1340
135.8779 33.0273
131.9097 30.2643
138.2680 29.4081
131.9346 30.0235
135.8633 32.6118
133.4478 30.1505
137.2540 29.2825
137.6043 30.1224
131.2937 31.1329
136.2376 32.2930
137.1306 33.2638
136.9072 28.8719
131.0980 29.4508
138.1938 34.1666
137.6674 29.6141
138.2463 28.8743
134.6248 32.3795
136.0743 31.7189
137.8175 29.8674
136.0528 29.4945
136.8212 28.8809
130.7534 29.3107
135.4610 29.8923
137.3349 29.3889
136.4270 31.3447
136.4166 32.5035
136.3509 28.9730
132.6548 30.3423
130.9758 29.7352
137.7102 29.2233
136.3049 31.0005
131.0876 29.3855
137.5578 30.0986
137.1373 29.9856
135.2949 32.9507
137.1623 29.6244
134.9410 31.2640
138.1347 29.1681
136.6541 30.7175
138.3023 29.6014
137.2096 30.2282
138.1865 33.7802
132.2924 29.8439
137.4979 29.4362
137.0190 28.8423
137.0411 28.7451
137.2441 28.7836
138.1175 29.9045
136.5359 32.7990
138.4355 29.7177
126.6597 31.1338
135.8205 32.1861
137.7202 34.3269
135.5424 32.8765
136.1973 33.1899
135.3499 29.6282
137.7530 28.9145
128.3929 29.1040
134.1695 32.6640
136.1212 29.7579
136.1886 32.8210
132.5030 30.8477
137.0244 29.0317
136.0874 29.3935
127.8093 28.6982
134.8061 30.5262
134.8718 30.4500
128.5616 27.9361
136.2321 28.8890
129.4186 29.6992
137.1319 29.9661
131.6169 30.1967
135.7135 32.6661
137.7334 28.7673
137.1353 29.0500
128.6677 29.3260
134.4886 31.7134
135.4534 29.8309
134.4521 30.6362
132.7047 31.1867
137.0907 30.2000
137.2621 29.4101
132.1350 30.2450
131.5874 30.6013
138.0593 28.9597
132.6139 30.8484
127.9006 27.9653
129.7931 28.5868
134.8978 30.4418
137.6772 29.4030
137.3089 29.6532
133.5968 32.6639
137.7205 29.3228
135.2455 29.8932
135.9534 29.8520
137.4752 28.9524
137.5839 30.0749
136.0860 29.2744
129.8634 30.5297
136.7261 30.4426
137.6398 29.7959
133.9941 29.1129
131.0553 29.6716
135.9957 29.1169
134.9574 30.1951
127.7489 28.1689
131.4895 30.0935
133.9954 31.9639
131.4286 31.0219
136.1111 32.7489
127.8595 28.2602
132.4955 30.5922
137.8624 29.7712
137.2758 29.9455
137.6164 29.8743
136.3275 28.6498
137.6307 30.0535
132.4704 30.7597
137.9877 30.0971
137.2814 29.3822
136.1023 32.2604
135.6436 30.2256
137.9015 29.7727
137.5110 29.7221
132.2750 29.8978
137.4138 29.2651
131.3130 29.6301
136.3221 29.2760
136.9621 28.4812
135.9248 29.0839
129.5394 27.7953
131.8375 29.9475
137.7538 29.9321
134.9045 30.4503
139.0297 33.7684
137.0452 29.9022
135.0083 30.5345
137.4327 30.1993
129.4815 27.7051
135.8725 32.9064
136.4501 29.0533
132.2185 30.1768
135.7814 28.8183
135.9194 30.0731
138.4383 33.5341
137.7957 29.1821
138.1139 29.5402
139.0778 33.6623
138.4854 34.3074
136.9521 33.9816
135.1867 32.7515
131.3388 30.4884
135.9724 32.8721
139.2369 34.2635
135.6444 32.6433
135.9339 32.0839
134.8419 30.9588
139.7667 34.3432
137.6349 30.1207
136.7678 33.6236
135.4405 32.3854
136.0033 32.0666
130.6554 29.4177
137.1856 33.9416
138.5713 33.9552
135.1613 32.9424
137.4140 28.8642
137.5454 33.4527
138.1624 29.4060
136.9646 30.5373
136.7472 33.7480
137.7224 29.3859
135.9070 33.3270
135.9916 29.9721
136.9143 30.7300
136.8875 32.6248
136.9762 31.3688
136.2098 29.6429
136.5343 33.9358
137.4467 30.2577
137.2599 28.9327
137.0958 30.3795
131.2100 29.6716
139.4318 34.1916
137.5214 34.2044
136.4764 33.3391
137.5287 33.5595
138.0085 30.4625
137.6049 29.2730
137.2133 29.8135
138.6322 33.3262
131.4822 30.5341
139.2119 34.6432
134.5861 32.9623
134.8036 33.0391
136.0551 33.3124
127.0968 32.9504
136.5126 30.9211
139.1842 34.6478
137.0111 32.8448
135.6757 31.2183
133.4365 28.1375
135.9945 33.6089
137.0156 33.7533
135.2520 30.3683
136.9719 33.9495
136.1341 32.4234
135.8234 32.2215
137.8742 29.1580
140.3271 33.5298
138.3781 34.1459
138.9637 34.0194
125.4185 32.3961
139.9935 34.1825
138.4280 29.4681
137.1704 33.4225
138.4536 30.0966
138.0561 30.4308
137.4869 29.9204
135.6131 32.7747
137.1884 32.7784
138.0456 30.4168
135.6692 33.0032
132.8165 31.6086
132.4441 32.2693
137.3391 29.6458
139.8275 34.3260
131.5867 30.8240
136.2584 33.5520
137.5461 30.7533
135.6214 33.0090
128.1626 33.7348
137.4406 28.8765
137.4956 29.1331
138.1974 29.0697
138.5387 30.0900
138.7100 34.2961
137.4109 30.2065
135.0783 32.8867
135.9368 32.2122
138.1331 30.0172
135.6164 32.6399
137.1531 34.1354
135.7700 32.1147
129.9086 28.6964
136.8486 34.1198
134.7039 33.1658
142.2699 34.0707
137.7761 29.0363
138.4123 29.6058
136.3413 33.9991
135.8905 33.2838
135.1298 32.0147
142.4284 34.6689
138.1103 29.1484
136.3715 33.1474
135.9237 32.2520
136.2212 30.6073
136.7459 30.7027
137.8971 29.9894
130.6420 29.7602
136.3271 30.1387
136.6363 30.2882
140.6162 33.7005
128.7000 29.1825
135.1741 32.8788
131.6395 29.1521
135.3661 30.0381
137.0525 33.9826
131.2370 30.0333
130.5992 29.7809
130.7774 29.4335
134.8061 32.9413
128.2346 28.7909
136.0196 29.8391
131.0097 29.4932
131.3495 29.7336
132.0172 29.9772
131.2322 29.6695
137.7959 29.7267
131.4918 29.8671
137.8976 29.2319
135.1003 32.6558
138.5755 33.5891
130.8443 29.6218
131.4059 29.5834
133.8709 31.1014
131.9252 29.9438
135.4345 33.2688
131.7148 29.9253
134.9753 33.1496
131.0769 29.7624
131.2085 30.2724
139.2984 34.1652
134.2296 31.8175
135.1467 33.0473
136.9542 30.4336
130.7682 29.4578
135.5704 28.8980
136.0210 33.1322
137.1373 29.8641
136.0612 29.6963
135.5124 32.6231
135.0882 32.9525
130.9732 30.0197
133.7890 28.8349
135.9876 30.0498
132.3704 30.1793
131.1814 30.2209
134.0050 32.8117
136.1482 29.6279
131.4407 30.7322
130.1337 28.1941
135.8855 30.2421
137.9797 29.1291
130.8918 29.6505
131.0114 29.6583
135.8089 32.1073
135.3551 32.7908
135.4458 32.8231
135.4374 32.8909
130.6418 29.7875
136.1833 31.3664
129.2711 29.1645
131.0409 29.6072
136.4228 29.1566
135.9878 30.0195
137.2466 30.1298
131.1047 29.6845
130.6414 29.5139
136.0478 29.9553
135.8199 33.0333
135.7604 32.4838
135.9158 32.4742
131.4179 29.8063
136.2502 29.4368
134.9072 32.9318
130.9357 29.5468
137.9775 29.4573
137.9629 29.0037
131.5984 29.8300
135.5734 32.7873
135.6962 33.0648
134.6785 30.4120
132.4119 30.2792
134.9879 32.8825
136.2160 30.0809
136.2425 29.7259
138.8603 34.0776
137.1878 29.6790
136.9940 30.3660
136.4368 29.3049
132.0461 30.0222
134.7563 30.4764
135.0712 29.1586
135.3514 30.2102
135.5389 32.3633
135.1842 33.2653
135.2725 32.5036
135.5359 31.4296
136.1831 29.5400
135.2929 32.5366
136.6093 29.0068
136.1443 29.8589
137.6842 29.2887
136.4837 33.3770
130.9764 29.5458
136.1030 31.7292
130.9734 29.7529
136.1230 29.4594
139.0381 33.4345
135.4320 32.6638
136.4297 29.2111
135.6377 30.1330
137.5838 34.3667
130.7979 29.7420
131.3053 29.6544
131.1777 29.5672
131.4122 29.6335
136.2206 29.1627
134.9769 29.5326
136.1309 29.5054
129.4334 27.8901
129.4110 27.9315
138.1010 29.2668
138.3493 29.2900
137.6422 30.2982
137.3282 29.7517
136.8835 28.5130
135.8067 29.9479
134.1427 32.1651
127.9724 27.9124
136.8842 30.5630
136.0738 32.1330
130.6076 29.5632
136.1007 29.4817
134.6836 30.3691
133.6506 32.8303
137.4027 29.0336
135.3080 27.5157
136.1982 29.5824
133.3127 31.3852
135.1875 31.8560
136.9658 28.6544
137.2015 33.9561
137.0777 29.5483
137.4763 30.0327
133.9392 32.8525
129.6953 29.7707
132.2247 30.0892
128.1053 28.7174
136.4399 33.0295
128.0583 27.7029
136.8630 29.0499
134.6500 30.7661
137.3981 29.1862
132.0181 30.0234
127.8664 28.1280
132.5298 30.9095
135.1533 28.9396
137.5928 29.6864
129.9556 28.1814
137.5411 29.8807
129.9985 30.9787
136.9417 28.7219
127.9097 27.7742
135.1264 29.3398
136.6666 30.8091
137.0432 28.9469
135.3230 30.3867
135.9146 29.9213
135.2893 29.7736
137.2425 29.6453
135.6021 30.2558
134.9162 30.1772
134.7994 30.5903
131.5176 29.8775
135.2437 29.9392
132.7362 30.7800
137.8707 28.9406
137.1028 28.4186
134.8110 30.2880
127.8728 28.8292
129.4737 27.4806
136.6550 30.4691
135.7908 28.9961
128.0843 27.9212
132.1843 27.8247
133.2285 29.3263
134.2165 32.7573
135.4686 31.0463
137.5472 30.2398
135.2108 30.3167
135.7739 29.3919
137.4703 30.1339
137.2902 29.4708
131.8911 29.1802
135.0072 30.8717
131.4162 29.4325
137.3744 29.4748
138.6323 30.0032
136.3809 30.7766
136.2141 28.9208
135.6684 32.6747
138.4528 29.2569
136.1121 33.0799
135.9408 32.8278
135.3633 32.9246
137.2788 30.0738
137.2954 30.2846
134.1454 32.6592
132.1868 32.5698
131.5540 30.0780
131.0013 29.4818
136.4582 29.9087
137.5969 28.7945
138.1883 29.1200
136.2535 32.9457
133.0011 31.1463
135.0612 30.2569
137.3533 28.7752
137.1117 28.5770
136.4182 29.2772
135.0564 33.2727
135.6557 32.1863
129.2099 28.5891
137.8550 28.6501
131.2274 29.7635
138.4779 33.8299
135.0753 29.6755
135.3875 32.6683
136.2584 29.1302
136.3513 33.0472
135.5714 30.0799
138.2747 30.1134
131.1109 29.6324
131.8684 29.9487
135.1129 32.0248
136.0685 28.7678
136.5967 30.7472
138.6391 33.4607
138.2660 34.2944
136.1502 29.5241
131.1989 29.9357
130.7582 29.5270
134.9324 32.9453
134.9475 30.2935
135.4528 29.6842
135.3927 32.8038
131.3964 29.9271
131.6888 29.9089
131.5174 30.7787
136.0982 33.0101
135.1256 33.0633
132.3592 30.0683
135.3503 31.0281
131.5118 30.5830
137.5096 30.1770
135.8225 32.2325
135.3449 30.0079
138.0378 30.2344
136.5328 33.6264
135.5901 32.5953
131.2849 30.1436
137.9003 30.2273
132.3180 30.4991
132.4829 30.3599
135.3680 30.1895
137.6472 28.8653
132.3717 30.3982
135.7419 32.1222
136.3380 33.0030
135.7307 30.0234
136.6382 30.6085
137.6955 30.3734
133.4247 29.7357
134.9023 32.8635
136.0922 29.3946
136.8125 30.2740
128.3732 28.0197
130.9793 29.4539
137.7960 28.9097
130.6432 29.6368
131.5873 31.1369
136.6293 28.6500
132.2354 30.1088
134.4729 29.3355
138.0655 29.5241
135.6421 28.3139
134.4331 32.6447
137.0795 30.0138
134.8776 32.1814
130.6817 29.6148
137.5531 29.2577
136.4720 31.0906
135.7373 29.8028
137.9799 29.1590
135.4409 32.4269
135.0610 32.8468
136.2981 31.5349
136.5807 28.6802
131.8448 29.9006
135.4366 33.0850
135.4158 30.1411
135.5422 32.4324
136.1887 32.8561
136.7067 33.6239
136.2244 31.6453
132.1693 30.1128
131.9166 29.8627
129.6367 28.3306
130.6608 29.5263
131.5434 31.2635
136.0445 29.7488
136.3499 28.7524
131.0932 29.8685
137.5201 30.1895
131.3846 29.9001
131.2397 29.4525
131.5776 29.5693
138.9312 33.9013
136.3473 31.7568
136.8328 28.8116
136.2450 28.2049
132.7091 31.1107
138.1326 30.3909
136.2315 29.0706
138.0928 28.8687
136.7737 31.0516
138.3900 29.8581
135.4461 32.7527
130.3130 28.3833
132.5406 30.3754
137.9333 29.9037
127.0203 30.7943
127.9295 28.1824
127.9936 28.7085
133.4853 28.6608
138.0119 29.9636
129.4467 27.5663
135.3210 30.1496
137.7834 29.2248
128.7218 28.9715
138.1448 29.1917
135.0773 28.9258
134.4985 32.3957
135.8857 29.5066
137.9196 29.3550
135.1698 30.9928
136.3585 33.3826
127.7745 27.9900
128.0503 28.3841
131.9887 29.9681
136.0478 28.9051
136.3168 31.6981
131.6494 29.7798
133.9557 32.7573
128.1072 27.8281
134.6560 31.3902
138.2693 29.2204
130.6609 29.1755
137.9106 29.3279
135.8804 29.8231
135.3252 30.0265
137.2558 29.5116
136.8687 30.7388
137.4884 29.1651
136.0587 32.2237
137.5684 29.3530
134.2116 30.6065
133.0117 31.3485
132.1343 29.4157
136.8766 30.7873
136.6357 28.7028
134.7379 30.3827
129.4520 27.8310
135.6071 32.6733
128.6879 28.5779
136.9487 29.1318
136.1571 28.4216
132.0471 30.5480
138.0766 28.8246
135.4262 32.8345
134.7722 30.2937
135.9942 32.9124
136.0929 32.7788
130.2849 28.0533
137.4995 28.7341
137.1929 30.4815
136.1174 31.4947
132.8815 32.6372
135.0557 30.3968
138.0611 29.7218
135.0196 30.4291
128.6950 29.1661
137.5680 29.4548
129.9341 28.0003
132.0030 30.1610
137.0592 29.2245
134.8456 29.8024
133.9980 32.7762
137.8320 30.4652
136.0878 29.2769
132.6255 30.4867
135.9341 29.8591
136.9584 29.6964
132.0149 30.6913
131.8677 29.9183
137.3168 29.7015
138.0838 29.3277
136.9286 28.7550
137.6249 29.8662
136.0434 29.5628
134.9689 31.0021
130.2789 28.9301
138.3201 34.1899
137.3943 29.8492
134.3925 32.3368
138.0434 29.8010
136.0845 29.4478
137.2747 29.8032
135.9343 32.8462
134.9470 27.7422
137.0612 30.0621
132.0193 31.0476
132.2128 30.4600
127.8539 27.6987
132.5400 31.7198
134.4643 30.3657
131.7421 29.9037
138.1443 29.8883
136.6969 29.9478
135.9438 32.6379
137.3339 28.5162
136.5313 28.2122
134.7816 29.5447
135.5613 29.7855
137.8538 29.6696
136.3952 32.7656
132.1041 30.0022
132.1736 27.7829
135.6860 29.0014
135.9268 29.3430
138.1736 29.0925
135.5645 27.4575
134.9965 29.1704
137.1098 30.6162
132.0527 30.2916
138.4820 29.6208
137.5223 30.3298
135.7564 32.6791
136.2069 33.2575
136.4658 28.8157
136.8469 30.6789
136.7768 29.5378
136.0465 32.8804
137.0583 30.3260
135.9312 29.4655
134.6502 29.8442
135.9387 29.5431
134.8260 30.7722
135.8791 32.7452
129.9410 30.3356
131.5535 29.5288
136.9208 28.7524
134.4789 31.3169
136.4688 30.9764
134.0540 31.9177
136.2433 28.7921
136.2449 32.9421
132.3328 30.3977
135.0121 29.1107
135.6129 33.0995
137.2424 29.9887
136.0583 31.9799
132.3234 31.6537
138.3259 29.2557
137.7420 28.9837
135.7594 32.3279
137.7793 28.7731
136.4935 30.7751
132.7591 31.4046
137.1765 30.3379
134.7776 30.6979
132.4222 30.5389
134.5470 30.7548
137.5875 28.7201
137.1508 29.5177
135.9963 33.1414
138.6215 30.0854
135.8448 32.9270
135.8560 32.9550
136.1752 31.6353
136.3626 29.0311
136.1821 29.2338
134.8905 30.6974
135.9787 32.8010
137.0465 29.7881
135.1305 27.9556
134.8026 30.1348
130.9486 29.5445
135.6215 32.4395
137.5984 29.4331
137.5969 29.7479
130.6075 29.3281
135.1005 27.5872
136.0143 32.1644
135.9405 32.5450
137.7040 29.6082
137.8199 29.0520
133.5255 32.7879
137.0480 30.0073
132.5079 30.3972
137.2828 28.9470
135.6584 33.0491
132.2002 30.0905
132.4437 30.1470
137.5458 30.0068
132.5828 30.8941
136.9707 33.7404
136.4680 30.7982
136.4250 31.1626
131.2947 29.4071
137.0225 28.6285
130.8662 29.2893
137.8444 29.4767
137.1652 29.3142
137.6088 30.3556
132.3949 30.9258
137.9290 30.1163
137.8148 30.2966
132.1794 30.0963
137.3440 29.2386
134.7038 29.4273
138.0724 29.8182
137.3366 29.0749
136.8030 33.7173
137.1658 29.4393
131.1913 29.6665
137.8229 29.4997
136.1474 32.9589
132.4124 30.5547
132.4023 30.2245
136.1575 33.0259
137.4487 29.5782
137.1385 29.5165
137.3850 29.1720
138.6130 34.1048
132.3617 30.1415
136.8774 29.7442
138.0254 29.7278
133.5123 28.3835
131.8255 30.0085
137.4186 29.7196
138.2319 29.5996
137.4279 28.9927
134.6831 32.2349
137.3850 29.6094
132.2764 30.0850
137.4758 29.1247
137.1889 29.5279
134.8855 29.9971
136.3303 31.3402
134.0654 28.7834
136.3637 31.2309
136.9756 29.7207
136.0716 32.5574
137.4662 29.5132
138.7468 33.9599
137.3710 29.2387
137.8129 30.3681
136.8863 29.6081
137.8133 29.2417
135.9930 32.7596
136.1540 31.5266
137.3727 29.3879
134.5386 30.6578
134.3108 30.5653
137.3124 29.1769
135.8778 32.9416
131.3210 29.5365
135.2592 29.4921
129.0329 27.5485
132.9903 32.6633
138.1711 29.5370
136.4635 33.5064
137.4131 29.2049
137.0088 29.6292
137.7619 29.4379
137.5779 30.3355
137.0475 29.2911
132.3571 30.2319
131.6767 30.3260
131.8149 29.8851
131.8469 29.9057
135.9875 32.8204
137.7902 30.2786
137.3032 29.3237
130.9692 29.4542
132.4583 30.3577
136.9889 29.7189
136.7429 30.7850
134.7083 30.5842
137.6466 29.4086
137.3990 29.3033
137.4417 29.9563
131.2271 29.5467
137.5768 29.2246
137.0314 29.4891
137.1329 29.2964
137.5341 29.9194
137.7964 29.2566
136.1530 31.7112
137.4974 29.2500
136.2196 32.6253
137.9193 30.2940
135.8517 32.7847
137.6375 29.4240
137.0094 29.4074
132.0368 29.9493
131.7677 29.8568
137.6395 29.4770
131.6207 29.8169
132.5144 30.4709
134.1136 30.7397
133.4052 28.5055
132.1045 29.9566
137.8896 29.2559
137.5731 29.4267
137.8461 29.8037
137.2423 29.2177
137.3671 29.2955
136.0239 29.6693
137.8398 30.0268
134.7017 30.7618
137.7756 29.3985
125.6346 30.2585
136.1775 29.0773
135.7834 33.4409
136.9386 28.9572
136.6004 31.4303
133.5924 29.8408
137.1278 28.6808
137.2952 30.8035
132.5178 32.5084
135.3531 29.7198
137.2662 33.9591
136.1371 32.7400
135.7527 28.9328
137.3742 28.3747
136.9793 30.6593
134.1030 30.7645
136.0777 32.1237
135.7548 29.7881
135.0526 32.9380
137.0117 28.3273
135.0204 32.0834
137.1784 29.1055
128.3637 28.6520
134.2458 30.9406
135.2173 30.1629
135.7941 29.3234
127.6088 27.5594
135.7703 27.4478
132.6162 31.7655
136.5362 32.8143
137.0931 29.0598
135.6206 28.2122
138.1663 29.7826
133.9876 29.2006
136.5721 33.1979
135.6720 29.8902
135.8274 28.7428
135.7803 28.2824
135.3696 32.7837
136.4804 28.9336
133.2783 27.7987
132.4590 29.9311
134.2853 28.8324
127.8503 27.5233
128.1955 29.3410
139.1733 33.8069
136.7661 29.0542
134.2257 30.2062
135.6496 29.6733
136.0748 28.8417
135.8184 32.7336
129.8116 27.7404
131.8785 30.6195
136.7113 28.0875
132.9707 29.2890
137.3549 34.3933
136.4819 33.5396
137.0317 28.9523
138.4793 30.0190
138.1019 29.5153
134.9622 29.2832
136.2280 31.1271
137.8030 29.0977
132.6129 28.4691
134.3109 30.6521
135.2221 30.0498
131.1820 29.5810
132.5763 31.5592
131.5375 30.2266
129.2748 28.7035
136.9401 28.4649
135.2516 29.9758
135.5710 30.0978
130.0667 28.2933
131.8890 27.3890
136.6818 30.8797
137.0497 34.0377
136.2238 31.2602
137.0619 30.4459
135.1960 32.5899
138.2171 29.7089
139.2696 34.5127
135.8846 33.0097
135.6893 32.1556
134.9962 33.2290
137.0895 30.0799
138.2292 29.4653
138.1281 29.3440
135.4300 32.9154
135.4449 32.5237
135.7269 32.6310
135.1634 33.1974
135.1140 33.2903
136.0348 31.7174
136.1618 33.2073
135.5423 32.5354
135.8347 32.0827
135.4955 32.3175
135.6965 32.6501
135.5311 32.2946
135.4151 33.1102
134.9642 33.0368
135.5986 32.6799
135.4935 33.0998
136.6639 30.6312
135.1277 33.1767
139.3391 34.4272
135.7016 33.2691
135.2962 32.5524
136.3008 31.0308
135.9448 31.9350
137.0511 34.0718
135.1342 33.2480
135.9956 32.1128
134.8881 32.8621
135.1608 33.0357
135.4904 33.1193
136.2262 33.1728
136.7853 33.6909
135.9819 33.0639
136.1265 31.5479
135.6517 32.9844
136.1013 31.5598
134.8977 33.1012
135.1681 32.5845
136.2097 33.2188
139.0762 34.4161
136.7667 30.8667
135.5830 32.3840
135.3408 32.7396
136.8999 33.8044
134.9060 32.8660
135.8839 33.1046
138.2353 34.2874
136.0801 33.1560
135.4308 32.8396
139.3425 34.4886
135.4463 32.5001
135.7993 33.0975
135.5086 32.4781
135.2213 33.1173
137.2130 34.1854
135.8890 31.8899
135.7156 32.1515
135.6127 33.0268
134.9835 32.7686
135.3397 32.5375
137.1611 30.0644
136.1213 33.1777
137.1653 29.9614
137.0050 34.0286
136.2108 31.3162
139.5538 34.2228
135.2579 32.5461
135.4924 32.4734
135.2034 33.2255
134.8528 32.8853
137.1064 34.1167
135.4210 32.9453
138.4393 34.2790
135.1014 32.9631
135.6767 32.9981
135.0761 33.1114
136.1011 33.1486
135.4077 32.9484
135.2741 32.4967
136.5153 30.8250
137.7328 34.3697
136.0180 31.8206
135.2201 33.0801
136.7784 30.5007
135.4127 33.0872
137.3985 34.2859
135.8586 33.0988
137.1450 30.1621
135.5305 32.3242
135.2333 32.5594
136.1268 31.4437
134.8955 33.0623
135.1605 32.9027
137.0899 30.2982
134.9070 32.8447
137.2249 34.1752
134.9472 32.7869
134.8494 33.0317
135.0393 33.0830
135.9875 31.8142
138.6565 34.3090
137.1236 34.2112
136.6044 30.7149
136.8104 33.7564
136.7991 33.6806
138.8313 34.3290
136.9368 33.9781
137.2003 29.6995
136.0025 32.2381
135.2390 33.2552
135.1465 33.1134
135.2316 33.2476
135.2609 33.1042
134.9946 33.2014
135.2959 33.2557
138.1452 30.0141
135.3512 32.5163
137.1896 29.9677
136.9715 30.2116
136.1217 31.5766
135.7853 32.0872
134.9256 33.1951
137.0761 34.0893
135.4433 33.1365
136.0054 31.7913
137.9400 34.3464
135.5469 33.1105
135.1315 33.2388
135.2299 32.7858
136.8607 30.3914
135.3424 33.1443
135.1619 32.9082
135.5996 32.9518
138.1954 29.4144
136.0264 32.0245
137.1052 30.0909
135.6352 33.0775
135.2823 32.7825
134.8114 32.8916
134.9878 32.7806
136.4243 33.3487
136.9836 30.2060
134.8161 33.1847
135.8510 33.0288
135.3133 32.5536
137.0694 34.0389
135.2148 33.2018
137.1238 34.0915
135.8838 31.9763
137.1670 29.9764
135.3143 32.7547
135.8896 32.0151
136.9722 30.2093
135.2306 32.7841
137.0790 30.1820
136.1763 31.3626
135.4621 33.2727
138.2037 29.7551
137.9571 30.1987
135.7496 32.1006
135.2112 32.9965
136.8204 30.7976
135.3364 32.9442
135.8065 33.0828
137.2078 29.8050
136.7676 33.6794
134.9431 32.8082
136.6532 30.6437
137.1871 30.0035
138.1454 29.3839
136.0007 31.7595
136.8594 33.8461
137.0544 30.1715
137.2332 34.2198
135.1879 33.0999
135.5557 32.4213
137.1587 34.1283
135.6697 32.4809
135.1953 32.8827
136.3787 31.1460
135.6861 32.8287
135.4540 32.3605
135.7225 33.0852
135.5163 32.9414
135.0296 32.7857
135.1931 32.5648
135.6567 32.6704
135.5247 33.1918
136.9870 33.9638
135.3677 32.5315
136.1549 31.6791
135.9277 33.0734
135.8321 32.0943
137.7250 34.3593
138.0051 29.4179
137.0511 34.0228
135.5474 32.8374
137.0597 30.4045
135.5925 32.2392
135.4551 33.0839
137.1236 30.2170
136.0078 31.7030
135.5118 32.4279
135.5829 32.2619
134.9543 33.0454
135.9819 31.7315
135.2180 33.2612
135.5469 32.6967
136.1159 31.4501
136.5865 30.7472
136.0925 33.1251
136.1544 31.5003
136.8316 30.8125
137.3308 34.2604
135.7375 32.1638
135.0321 32.7891
135.0555 33.2374
135.4190 32.7281
134.8967 33.0459
138.2130 29.4335
137.1748 29.7966
137.9502 30.1871
134.8877 33.1322
138.2270 29.7767
136.9173 33.9219
137.0966 30.1484
135.9633 33.5874
138.2319 29.8828
135.8357 31.9774
135.7501 33.1701
136.0477 31.7644
134.9296 33.1482
135.0284 33.1951
136.0737 31.7022
135.0051 33.3153
136.0828 33.1650
135.1263 32.8894
135.4462 32.4520
135.2691 33.1569
135.2928 32.9754
138.2278 34.3120
134.9611 33.1939
135.4771 33.0177
135.5928 33.0749
137.1226 30.0104
137.2094 29.5945
136.9809 34.0449
136.2366 31.2366
138.0136 30.0374
137.2611 34.2218
135.2711 32.5272
138.2295 29.6659
134.8347 33.0307
137.0947 30.3036
136.8716 30.4930
135.3306 33.2677
136.7633 33.6860
137.1638 29.9756
135.1334 32.6444
135.9120 32.2285
135.3389 33.2251
135.8813 33.0694
135.6750 32.6526
135.0604 33.3846
136.2829 31.0479
137.1627 30.1409
134.9473 33.1976
135.4370 33.0792
135.5610 32.6628
135.2354 32.5593
138.0991 34.3224
134.8611 32.8254
135.0797 32.6871
136.2424 31.1567
135.8773 32.0420
135.0098 32.8102
136.8468 33.8280
136.2563 31.2148
135.9720 31.7842
135.6953 32.6359
134.8934 33.0580
135.4478 32.7114
135.7471 32.1611
136.2434 31.2125
135.5429 32.4226
137.1501 34.1523
136.9913 33.9896
135.6875 32.1546
135.5101 32.3045
137.0710 34.1037
135.8307 32.1020
135.6209 33.0142
135.5487 32.6782
136.1410 31.4771
135.0307 32.7382
135.2145 33.2576
135.2724 33.1240
140.0912 33.8368
139.8560 34.1830
135.4833 32.7032
135.3602 33.1557
135.4888 33.0827
135.5347 32.3139
135.2670 32.9798
138.1998 29.7725
136.2521 31.1649
135.0321 33.2958
135.6336 32.6657
136.9101 33.9121
135.3793 33.0960
137.1050 30.3232
135.9460 31.9314
135.6955 32.1925
137.0047 30.1893
135.9741 31.8613
138.1560 29.3421
135.4221 32.3827
135.7509 33.0862
135.4477 32.7118
136.4530 33.3633
137.0514 34.0206
135.1112 33.2414
135.2288 33.0901
135.2079 32.5470
135.3885 33.3784
137.1696 29.6502
134.9727 32.9319
136.0079 31.8560
136.0294 33.5974
136.1290 31.5647
137.0139 30.1757
135.1454 33.3581
135.8363 32.0494
134.9038 32.9410
135.6918 32.1567
137.1885 29.6204
137.8728 34.3608
137.1680 30.0722
135.9417 31.9288
135.9850 32.2792
136.0994 31.8055
136.4781 33.4098
137.1881 29.9712
135.6812 32.6535
135.4408 33.2812
137.0828 34.0785
136.4147 30.8341
135.4792 33.1174
135.1796 32.6061
135.4249 33.3515
136.7791 30.5811
134.9905 33.3354
135.2475 32.5949
135.5010 33.1177
135.5451 33.0810
135.1702 32.6120
134.8103 33.1733
135.4661 32.3729
135.3322 33.1340
135.9033 32.0398
135.4866 32.6999
134.9839 33.2376
136.1235 31.8920
