131.8006 27.1138
132.6562 28.5300
132.8710 24.6895
139.0582 33.2616
132.0390 29.3663
135.2944 29.0117
133.0089 27.7714
138.1744 30.8464
138.8861 29.2160
138.9989 29.3946
131.4931 25.9051
137.3763 30.3311
131.2700 27.5470
136.7943 29.1525
132.6792 31.8295
132.7777 32.1435
138.9968 29.0660
133.1740 29.1932
134.6417 32.6702
138.6619 28.2441
136.8140 29.4635
139.2735 28.5969
134.0897 26.3041
133.4831 31.1341
137.7203 34.3331
137.2687 32.3777
133.1382 27.3708
139.2289 28.6399
137.5366 30.2998
138.5583 29.1847
139.6727 28.8056
136.8163 30.9546
131.4459 25.9874
137.2102 30.5828
138.8813 28.6221
131.0434 26.7858
136.8130 28.7871
137.9062 29.6561
133.8427 27.8864
136.2740 27.9519
131.9474 26.6232
139.0583 28.4443
132.5270 28.3607
136.6708 33.0555
136.8613 30.5376
136.1962 28.9846
134.4808 24.8125
137.4430 34.3458
132.4706 29.6898
133.2137 32.0890
135.6439 29.6960
127.3333 24.2052
135.8033 30.1267
133.1613 25.9132
136.2890 33.3220
135.6868 29.8846
132.3916 24.8126
139.3809 34.6372
133.6273 28.5700
134.9006 29.4863
133.3953 28.0813
129.9756 25.2331
135.6415 29.6392
138.8443 27.2138
136.6786 29.7816
132.9598 31.2170
137.7395 34.3775
138.7072 27.7863
131.4152 30.5400
133.6201 24.5968
138.2080 28.0007
132.0852 27.0367
134.6807 24.5002
140.0901 28.2692
133.4964 28.3104
132.2756 28.7871
136.6134 30.6282
130.5740 29.8211
128.5389 25.6908
135.9153 24.8980
134.2228 32.9083
133.6799 25.2625
137.9153 31.1470
134.5372 25.1954
133.1821 27.0144
133.3354 29.0732
137.3437 31.1430
132.0196 29.5242
126.8426 26.6200
134.1295 25.8592
138.4442 30.5194
127.9063 27.9967
138.4706 30.6236
133.9688 25.8505
138.8212 29.8603
133.6291 27.8832
137.0643 28.0944
135.2964 22.7489
133.0065 27.8268
139.0429 29.3092
133.5307 32.6822
137.5803 29.0962
134.2377 25.2159
134.6315 31.6529
132.3850 26.1498
135.1375 23.9362
138.4055 30.1878
133.7198 31.7084
133.4748 32.1897
133.5563 26.7017
136.2691 30.4102
141.1026 34.8354
134.1346 28.3961
140.0694 34.8742
136.8767 33.2988
133.4722 27.2282
134.0327 25.7356
130.5607 29.1712
130.4218 29.8685
137.9358 30.9658
136.7244 33.9145
138.5830 30.3335
134.1963 25.5115
132.8385 26.7326
139.1103 28.8493
134.5166 32.6385
132.9833 31.7038
130.5997 29.2032
136.3666 29.6461
138.6773 33.7369
133.2131 27.4979
133.5887 26.8045
134.1335 32.8814
137.3790 30.2406
133.6719 28.2749
137.1839 30.8366
133.1407 28.1449
134.3458 24.8616
132.9505 28.1022
132.2665 31.9932
134.0084 27.6739
138.2445 28.6819
133.9609 27.9447
132.8852 31.1990
140.2519 28.3678
139.3644 27.0273
135.3515 23.8262
133.8813 25.0253
137.5144 34.2902
138.9125 28.9444
135.0289 29.8089
134.5151 32.7164
131.5322 30.5875
137.6754 29.7027
130.5460 29.3255
137.2730 29.4715
130.7594 29.2856
133.1804 31.0954
134.4228 32.7357
128.5725 25.4678
132.9848 30.7468
136.5445 29.4431
132.9590 25.1498
131.6793 30.7258
136.5099 30.5764
136.8097 30.3880
142.8909 36.5921
133.0941 28.3667
132.6791 31.5173
130.3810 29.2329
138.9996 29.3609
137.0402 30.7175
130.1304 26.0397
137.9296 34.3296
133.5275 31.1346
136.3139 30.4216
134.4749 31.2122
130.6893 29.2084
130.6478 28.3806
139.2317 34.0282
133.6147 28.1556
133.7096 28.2644
133.6008 28.1559
134.0471 26.5973
140.1947 27.5832
135.4129 29.0309
133.0626 31.3057
132.5325 29.1260
136.2009 30.0766
130.8821 30.1451
130.9133 26.1818
137.3476 30.7340
133.1958 27.1167
139.9869 28.4090
138.3230 34.1144
139.4352 27.0370
139.5102 28.2342
134.3296 28.2781
136.7776 32.4893
133.9001 29.4081
134.7147 32.7110
137.4250 30.6620
137.4279 30.9911
133.7814 28.4142
139.7458 28.2097
139.4981 28.4055
132.9254 28.6774
132.4197 29.0591
137.9208 29.8065
137.7321 29.1311
134.0298 25.7571
126.4700 23.3021
138.6130 29.3408
136.7785 30.4108
132.6995 31.3415
138.6962 34.0924
138.9664 29.3249
138.7776 29.5271
135.3088 28.8187
136.6444 33.6804
139.0666 29.0613
132.4830 28.1357
134.4267 25.6285
125.6576 22.2811
136.8111 30.6077
134.1467 28.2315
140.2653 27.9284
132.9129 29.0610
138.1030 34.2001
132.4393 28.2221
125.5011 23.8052
137.3678 29.3385
136.4845 29.5980
133.8017 26.2148
131.0558 26.7816
139.3400 28.0999
137.6978 30.4055
133.5860 29.9788
133.0867 29.2681
136.2043 30.3735
127.0521 27.8274
140.6957 33.5177
139.2818 28.4106
136.8188 33.3858
133.4242 24.3834
133.6985 32.7667
126.4156 24.5156
134.1562 30.8613
133.7126 28.7523
133.2883 27.1870
133.0692 27.7622
133.2070 30.4932
132.7234 27.5175
133.3744 25.3511
138.5215 30.3861
137.5668 29.7205
133.9049 29.0215
135.0201 29.2950
133.3428 28.1834
137.1440 30.9655
137.3520 30.8641
138.1303 30.6713
135.1689 31.4066
137.3579 33.2285
136.9560 30.6379
133.7876 28.3233
133.1721 27.0004
138.8460 27.2611
133.3389 31.2827
132.7058 27.6325
132.6591 31.5684
131.4012 27.0635
137.8607 30.5239
139.7511 27.2754
137.0764 28.1971
134.4085 24.5725
133.4414 29.0757
139.9887 28.4302
132.6496 27.2437
138.7739 29.2903
135.5497 23.6294
132.9121 27.7157
133.1942 24.9384
126.9687 24.1056
134.3353 28.7996
138.5611 29.9764
140.2999 27.9811
135.5625 31.3179
139.8445 28.4052
140.0609 27.4503
134.1726 25.4878
135.5310 30.0235
133.2800 25.8758
136.6566 28.8335
127.2175 23.8175
133.4083 28.5681
134.4696 28.3819
130.6271 29.9892
138.9324 29.5931
132.5182 31.3287
139.2778 34.2114
137.4634 29.6413
133.0187 29.4838
134.1344 26.8331
132.7691 26.9822
139.4077 28.1978
135.8452 29.3466
126.8259 24.2530
137.6822 30.0707
136.8513 31.8006
134.4225 28.9089
138.3440 30.4992
135.3334 23.8833
126.4428 23.5171
134.0859 28.6943
132.3956 28.8283
127.7894 25.7592
138.2001 30.6754
132.5443 31.6558
134.9350 30.4448
139.4074 28.3126
137.2974 28.7226
138.4901 30.6407
135.2893 32.7397
136.4648 30.4996
132.7459 27.7706
140.0651 28.2795
136.0363 29.1179
138.6926 30.2443
132.8826 27.4520
133.3642 32.6865
134.6263 30.3250
138.6152 29.4728
133.5970 28.2458
132.6624 27.9789
136.9249 31.7824
131.8371 27.1457
134.2431 32.6169
137.1457 30.4135
133.7315 27.4943
133.6679 24.4115
132.5165 25.6169
135.0317 30.9316
135.4040 23.8424
131.6712 27.0754
139.3770 32.7806
138.4363 30.1288
136.5241 30.4520
134.5259 25.2675
134.9154 31.6802
137.3351 30.9812
137.6321 29.4339
137.6011 30.7426
133.7990 28.6262
136.2414 29.4633
139.0044 29.2182
138.6293 29.4507
134.2708 30.8197
136.8544 33.7616
126.4554 27.3274
131.4925 28.0571
135.6849 32.6608
140.0408 28.1060
134.3716 33.1666
136.5981 28.8334
130.6937 29.3785
134.4994 33.1031
135.2179 29.9129
138.1326 30.5931
139.5430 28.2288
138.2743 30.2159
137.7734 29.6092
138.1801 28.2891
134.3541 31.5792
127.4206 25.3871
136.9508 33.0119
136.9057 34.0846
130.8598 29.4627
137.3867 29.0855
139.6544 28.7928
134.9966 31.0036
131.5692 26.7032
133.6983 26.8642
132.0680 27.0305
131.8687 27.4189
134.1848 26.7695
133.0327 25.2137
136.8258 30.2731
134.9316 29.6654
132.5253 26.9006
137.2141 30.5813
134.8324 22.3591
134.6434 24.3918
134.2585 30.8137
133.3515 26.4127
127.5999 24.6755
136.3058 30.1999
139.5874 28.4275
140.2589 28.0147
132.9803 27.8844
131.0940 27.5441
137.0902 31.0633
130.9672 28.0850
138.0383 34.2628
137.6259 30.8175
134.0604 32.0848
136.3851 28.9345
134.2853 24.9787
134.2212 32.7807
139.1347 34.5624
132.9596 29.2310
132.9164 28.8250
134.4339 28.7634
133.8377 26.1829
139.2709 28.2466
135.1923 29.1208
139.6785 28.1421
136.7036 28.7982
129.8876 26.5599
132.2602 29.4769
134.4102 28.4279
135.2241 31.5297
137.2675 28.6230
131.3509 27.6989
132.8785 29.6404
130.9253 26.0175
140.1662 28.3353
130.8376 27.5942
139.1263 28.1706
136.5864 30.8759
136.3882 30.8759
137.0756 30.8395
133.5427 31.0566
134.3545 29.6956
138.7332 29.1554
136.8763 30.5540
136.9875 28.9644
132.9940 25.6618
134.2517 28.5901
129.0101 26.7354
138.5945 30.3553
134.0656 32.6304
133.9356 25.0286
134.5480 28.8452
139.5685 28.3350
131.5363 26.9373
134.2647 24.9351
137.8501 30.8015
134.7671 25.6119
128.1583 25.6591
136.9906 33.2468
129.2529 28.9580
138.0748 28.2555
131.1948 27.3045
141.7417 35.6559
133.5465 24.1129
139.9912 28.4005
134.0120 26.3021
133.9433 24.6617
132.8134 26.7972
133.2845 25.2462
137.4525 33.9677
133.3198 29.7105
133.8776 26.1118
132.6050 25.3468
134.1454 30.5903
133.0859 27.4395
131.0125 25.8687
139.3486 28.2391
134.2037 32.4760
136.9747 33.7490
137.5307 33.3991
131.9580 28.0242
137.2941 30.7509
126.0891 25.9063
134.1711 29.2071
136.6630 30.1325
138.7722 30.4408
132.8912 27.6334
137.6183 29.5841
133.2197 27.4401
138.2652 30.7374
137.5983 29.6977
137.2430 30.6466
138.9292 29.4701
134.1739 24.3323
134.2329 30.6586
133.5140 28.2935
138.6928 30.4580
132.1977 28.7111
133.7823 26.0048
138.6176 27.4787
133.6696 26.5446
138.2768 30.6659
127.6243 23.0250
137.1311 30.9324
134.2094 25.9464
138.0753 30.9656
133.1655 29.2093
134.0287 32.9115
139.7853 28.1300
133.6276 27.6108
138.7732 30.1891
139.6495 28.7488
136.6456 30.2455
128.7377 28.8549
137.7196 30.0960
136.6160 30.0308
135.9452 29.8349
136.8108 30.8280
133.8624 27.9646
136.8513 28.9356
139.6142 28.2202
137.7988 31.0166
135.2641 29.1159
134.7356 24.6284
133.3139 32.2949
127.4579 24.5415
137.8181 30.3047
132.0047 29.5072
134.2680 25.2770
139.3423 28.5422
139.6954 27.2016
135.7213 30.1562
138.6869 33.5766
134.3129 25.4907
133.1685 27.4248
133.3740 26.8627
138.9274 28.4503
131.6676 26.6112
138.4508 30.6347
135.7278 29.7938
135.7437 30.0485
130.8571 29.4184
134.3233 30.5982
134.3144 25.4324
134.0466 25.8950
133.6753 27.3689
137.3564 28.7544
138.3488 28.9313
138.0860 30.7175
132.3642 30.8913
136.3999 30.4256
133.8101 30.8467
126.9974 24.6837
133.2866 24.5138
131.5326 30.6695
135.6169 32.6973
134.1697 28.1226
133.9481 27.8670
136.7374 30.5211
133.4978 32.6398
130.4721 26.8689
139.7600 28.7688
133.8816 30.8699
132.6774 31.4439
134.5392 32.7366
137.4489 29.7342
137.1782 30.5238
133.5527 27.4385
132.3807 29.7245
138.8541 30.4277
133.3221 29.1488
136.0612 25.2363
139.8744 28.6727
136.4003 30.3677
136.9236 30.6581
134.3053 30.7122
132.7533 25.8153
139.6460 28.6310
136.6336 30.4199
138.1983 30.4324
138.0944 31.0037
131.9948 27.2061
133.5770 30.9436
127.0348 23.9689
135.3867 28.0841
136.7209 30.0693
137.1894 29.2361
139.4009 29.4078
136.6487 34.0061
136.4693 29.8862
139.6798 28.6166
139.0327 27.4540
136.7157 32.9134
139.2193 28.8561
134.8127 32.9333
138.3467 34.2982
139.5509 27.1376
136.5700 32.8781
139.1024 33.5982
137.0278 30.4329
138.3298 31.0521
139.3331 29.9686
140.0714 28.1926
137.5631 29.9628
133.6487 28.3184
139.0379 30.0628
138.0471 34.2705
136.0025 32.6433
136.4784 33.9199
136.4109 33.1585
137.6775 34.3621
129.0368 29.1887
138.9393 30.1183
128.0818 27.2080
137.4102 31.1150
136.4105 33.5500
139.9237 28.1877
138.9718 27.3066
138.6526 30.7619
137.1066 30.7060
136.8388 32.9397
136.1132 29.1356
139.5006 28.5084
136.5612 29.4718
137.9021 30.6362
137.7552 34.3401
139.2479 28.8088
136.8846 29.4658
128.2156 28.0828
139.1590 29.0728
144.4017 36.1918
136.4156 30.5481
128.0714 28.3069
139.1729 28.5985
138.5206 28.3755
138.5436 29.6508
138.8356 30.2552
134.9656 29.0049
139.4626 28.0447
136.6282 31.0663
136.4615 30.9746
136.6476 33.1886
127.6394 28.0995
135.9148 29.7642
138.5549 29.0711
137.2574 30.2104
135.2373 24.7830
139.6143 33.4347
136.9123 34.1056
134.3123 29.2642
139.0680 27.8613
141.5854 33.9753
136.7566 30.8826
131.7489 30.7603
138.9985 27.4687
138.8576 34.5044
138.8964 28.4359
140.6599 35.3244
139.0367 29.1977
138.3535 31.6900
137.8969 30.9604
139.0936 28.4697
139.6790 28.2330
139.2909 28.6042
139.3456 29.8476
139.4427 28.1758
139.3600 27.8008
139.6573 29.0665
138.0193 29.8954
136.4593 33.7027
138.9525 28.4811
139.4510 27.1802
137.9937 30.4723
136.8396 32.7650
144.8532 38.5721
133.7680 26.8367
136.4363 29.0001
139.3398 28.6938
139.1518 33.8888
133.5653 28.1574
136.0705 31.1168
136.2997 30.7666
136.9408 30.2764
140.0588 27.5248
136.1397 33.5113
135.7678 30.0961
138.6193 28.3442
136.2093 33.6588
135.7499 29.7663
139.1415 27.9072
138.5609 28.5581
132.8371 31.2868
138.8325 34.2948
137.0780 34.2276
137.9447 30.5377
139.5731 33.3222
135.6837 29.9648
137.8663 30.0736
137.6685 34.3256
138.0087 34.3357
136.2759 29.5567
136.9684 34.2399
138.1056 30.2775
135.1912 32.5594
137.5352 34.3577
136.5999 29.6042
137.6647 34.3311
145.2519 37.9404
139.5142 28.4857
138.8453 28.1414
127.8095 27.7005
136.2582 33.7692
144.0993 38.2355
136.9735 30.5847
139.1670 27.5838
139.5205 28.6300
137.0544 33.6036
135.7724 29.6371
137.6684 34.3649
136.7420 34.0746
136.8440 30.4204
136.7656 29.7669
140.0730 33.8528
139.4810 29.1086
136.2550 33.2686
137.9831 29.5822
136.1021 30.7620
137.7406 29.4774
138.6299 30.2925
133.2065 29.6438
138.8896 34.3143
140.2749 33.5253
139.6295 28.8100
137.5665 34.3551
138.5885 34.2842
131.2750 27.4932
139.3314 28.4511
133.1012 31.1671
135.4806 27.9906
144.5968 35.1086
137.2280 30.4327
136.2524 29.5206
137.7668 29.9510
136.6839 33.4689
139.5535 28.4594
136.5668 28.4916
136.6311 33.2380
138.6753 34.3067
136.5793 33.9302
138.5284 29.5589
137.3507 34.3791
139.1703 28.0927
136.9009 34.1420
139.6720 28.2434
135.9531 29.3710
139.7531 32.7971
139.0900 29.7483
127.1338 26.7781
126.5446 26.2320
139.3298 28.8344
139.0643 29.4285
135.7844 30.4025
136.9816 34.1281
136.6097 28.6340
138.7738 33.1808
137.5298 30.7964
142.8535 37.2641
133.4275 31.9924
136.1611 30.7871
142.9054 37.1755
137.0800 29.8631
137.9592 34.3994
136.8427 30.0391
136.7512 33.1681
130.0957 28.4195
139.3442 28.7221
135.3084 28.9712
139.4803 28.1033
137.7623 34.3646
137.0528 29.6732
137.2818 34.3162
140.2517 33.7188
137.6789 34.3626
135.9398 30.6499
139.5270 28.3938
136.8666 28.3759
133.4185 28.1839
137.1982 33.6238
136.6491 32.9006
136.2584 33.1584
133.8460 31.9635
137.2079 32.4577
133.6333 26.9859
136.7647 29.8477
136.0308 25.4912
136.7707 33.4780
135.8888 23.8500
131.4570 28.9402
136.1829 28.9483
138.5516 30.0446
133.9003 26.4064
131.0889 28.9271
135.0454 27.4935
135.9805 30.2170
132.9555 28.1956
134.7285 32.6948
134.2257 28.3468
136.7686 31.5816
136.8642 30.9728
139.0273 28.3247
137.2185 33.7659
133.8210 32.1567
133.5168 27.8410
136.3120 29.1601
136.0562 28.6183
136.2771 33.1607
136.7141 30.6254
139.9965 28.4251
135.8641 29.6748
135.8041 31.9360
134.5063 25.1814
133.1181 30.9178
139.5011 28.6466
123.7518 30.3471
128.2621 25.7720
134.7418 24.5098
127.5609 26.7979
139.5792 28.3697
139.2824 28.8302
138.1522 33.7158
138.8853 30.0505
138.4673 27.9711
140.5840 28.0689
135.7074 24.4150
136.2902 33.5857
137.3462 28.7541
133.3900 27.8287
134.5091 28.2734
138.8822 28.4272
135.5005 29.1659
134.3434 31.5264
139.5154 28.8913
137.0515 33.7674
139.5601 28.1405
135.6781 30.7379
132.4462 28.4020
138.8015 34.4657
139.0767 27.3351
139.9276 34.1245
135.5372 28.5325
137.9278 33.3955
136.3916 27.9563
137.1646 28.5767
134.9556 24.9529
133.9859 25.7506
136.4683 29.8970
134.2303 26.1659
139.4234 28.6993
135.2127 24.6469
136.6347 28.8323
135.6515 28.2118
136.4221 30.8832
136.8481 29.6470
135.6961 28.5980
139.1302 27.3317
132.7570 28.0441
140.5688 27.8219
127.3209 28.4021
132.6572 28.0389
134.9215 24.6479
136.6003 34.0000
139.1944 28.9289
134.4630 32.5319
136.8963 28.4308
136.9756 28.8952
134.3553 24.5166
137.7839 30.0608
134.3894 28.3530
138.2410 30.5564
127.5583 26.8964
134.7419 28.7536
139.8128 33.1427
136.3970 28.1553
139.6394 28.4024
133.4257 28.6461
129.5508 25.2689
136.1575 30.6359
138.1846 34.2202
137.2551 30.8184
135.3402 23.2880
138.3131 27.3115
138.7812 28.0144
138.7182 33.1765
135.3376 28.7775
133.9420 26.0206
137.2849 30.7013
134.5858 28.2276
141.4966 33.7897
134.2162 32.6316
134.5906 28.8291
134.0476 25.5863
138.7646 34.2713
134.0948 28.4096
138.4587 30.6217
136.2965 30.7096
139.1600 28.3872
137.5471 30.5123
134.4528 25.1591
139.3007 28.7380
131.9253 25.6424
138.7199 30.4206
132.0747 25.9302
137.5529 29.5276
133.3963 28.3435
136.5612 32.9537
136.3422 29.3416
136.6679 30.7399
137.3787 29.4187
137.3988 30.7482
133.0945 29.7366
136.8699 33.1344
137.5081 31.0692
138.1602 34.0320
136.8970 33.6866
135.7554 23.9380
138.2271 29.1492
139.1783 28.7014
131.9773 27.5848
134.5916 25.4281
133.6669 27.4111
140.0648 28.2325
132.6452 31.8558
140.5083 27.9371
126.2846 26.2922
134.1079 31.4545
133.8758 24.4931
132.8806 28.0075
131.5996 30.8281
139.3471 28.5620
134.3474 25.6716
139.2029 34.0869
139.5115 28.8468
137.3052 31.0539
137.1871 33.8828
139.6589 28.1751
128.0718 28.2932
136.8099 33.3095
135.7132 29.6899
133.2916 27.9700
137.4958 30.1364
137.3115 30.9925
136.1823 30.2402
130.6429 25.7683
133.4259 26.5816
138.9285 29.4782
137.0105 30.4245
132.9726 31.1967
134.4305 30.5437
139.1655 28.9735
137.4071 30.6447
135.8618 29.2587
138.4411 33.0713
135.2628 30.2120
136.6078 30.7689
129.8923 25.1558
134.1475 28.5837
128.5331 28.1486
136.0922 29.3806
134.3102 28.8692
132.8227 31.8281
139.0729 29.6257
138.0220 30.0104
132.5672 25.9120
133.1123 24.9725
136.7957 33.8250
138.2556 29.6257
135.9915 30.2910
133.0233 26.7137
137.8893 30.1719
141.3457 34.8706
138.1090 34.3851
133.8133 32.8761
133.7663 26.3542
139.8427 28.2471
132.7616 28.0238
134.2413 32.5306
133.8536 24.6192
140.2708 28.1120
136.2906 30.8609
136.0175 29.2339
139.5023 28.4780
138.7148 28.1983
133.0684 28.2234
137.9903 33.9143
133.5292 29.0761
140.4231 34.9182
127.0607 25.3579
137.4169 30.9302
136.2323 28.9345
137.0379 32.8238
136.9834 32.5907
131.7468 27.4819
132.8165 28.5556
133.1805 24.9843
133.4117 26.1717
137.2424 30.7710
139.0686 29.2999
130.6509 29.2022
137.7994 30.8906
137.5030 30.0927
138.4548 29.6010
137.5212 30.6275
134.5065 31.8609
137.5651 30.0905
137.5970 29.4917
133.3960 26.6788
139.6896 28.6543
139.8387 28.5942
133.7308 24.6799
138.8293 29.9077
136.8477 28.9055
135.3354 32.3814
138.1241 30.5202
136.7974 31.5444
133.7442 24.4789
132.4933 31.4143
133.3244 31.0425
136.6131 29.2284
136.6847 30.9066
137.7636 30.9807
137.3261 30.8416
137.8302 30.6725
133.2210 24.5946
134.4634 28.7563
133.3413 24.4759
138.6399 30.3065
134.6320 32.6313
130.8870 27.9788
136.8881 30.7445
133.4847 24.7319
132.4369 29.4842
138.8920 32.9872
132.0094 27.4032
137.4114 30.6658
138.9424 29.3670
132.9072 28.6796
132.9992 27.4156
134.2970 31.5820
139.7617 27.3292
138.1576 30.5889
132.8576 26.8073
137.9715 29.9190
134.2599 28.5586
126.1672 25.5984
136.8825 30.3599
137.7644 30.7647
136.4773 28.8247
139.5066 29.4824
132.7560 26.7784
136.4789 29.2914
137.9400 29.0332
137.3942 31.0660
134.8339 26.2408
139.1140 28.8086
132.8719 26.0409
139.4358 28.1307
132.0365 30.8669
137.2937 32.4953
137.2621 30.8867
136.9756 30.3863
140.2444 27.8778
137.4755 30.6891
128.0137 25.6285
138.5373 30.6136
137.7154 29.6557
138.7849 34.1488
139.2173 28.5648
135.2064 24.3451
138.5879 30.4435
138.4607 28.6112
137.3949 30.9239
132.2996 27.0269
134.5905 32.6814
137.2111 31.0173
136.1546 29.2668
136.8054 30.6622
135.2509 27.9227
134.3612 32.5790
137.5538 29.4055
128.0578 27.7789
131.7316 26.6332
140.3841 27.8635
139.2527 34.1306
138.6775 27.5441
126.2936 23.9026
126.1148 23.7031
138.6617 27.3292
131.2496 30.3532
129.1888 28.8474
134.9761 24.1751
132.9836 27.4141
131.7280 25.9114
138.0984 30.7857
134.3725 31.0092
139.4075 28.4223
135.6744 32.3825
139.2626 28.3828
135.1220 24.3990
133.9597 32.6685
137.1486 34.0073
139.3171 28.6008
137.5883 29.7772
135.1758 24.4025
137.5797 29.3964
133.4562 31.0735
138.6800 33.1590
129.2579 28.5282
132.3502 27.0228
134.7822 25.2627
135.6286 32.0345
138.8803 30.4781
133.7727 27.5580
139.0668 28.3703
133.5975 27.3998
136.6991 33.0893
138.1259 34.3655
133.4731 27.7166
133.4497 26.9124
136.8372 33.2174
139.1701 28.3268
132.2281 28.3859
131.9431 27.1214
132.5600 28.0479
134.3073 28.2049
138.9033 33.0711
126.7166 26.7673
134.6312 27.9884
132.8040 31.2972
127.2764 26.3648
131.3258 27.9534
133.5983 27.6619
139.6658 28.9270
134.1959 25.7639
129.3921 25.4584
133.0289 31.2381
134.6722 24.6345
138.9006 28.4218
134.6204 32.7544
138.0354 30.2478
136.8194 33.9621
138.1920 32.9669
138.0658 31.0613
127.0588 26.6165
134.5318 32.4945
138.9732 34.3349
128.1892 28.2518
138.5799 33.1017
136.2421 28.8893
133.7076 28.0734
136.7139 33.2104
139.7383 28.4155
135.3573 28.6560
130.5689 29.2338
133.4784 27.5930
135.7371 30.0071
135.9323 30.3197
130.7828 29.3851
134.4397 31.4005
135.5267 28.9236
132.4750 31.9626
127.3039 27.5036
133.4852 30.8637
133.6703 27.2146
135.7628 29.3736
132.8826 27.5230
136.8819 33.2405
140.1193 28.2929
134.3946 27.8634
138.3933 29.7530
133.9532 31.9687
132.4327 31.6293
136.8617 30.6643
139.0575 27.9708
139.2177 27.4145
139.0174 28.1329
138.0780 33.8868
136.7240 28.9014
134.0965 27.7229
136.3806 28.0442
134.6209 32.5388
136.6101 29.5764
132.6647 27.2217
136.0849 32.2420
138.3341 30.5793
133.8773 26.3131
136.1368 30.1681
139.7119 28.4180
136.9926 33.6927
135.0863 29.8279
138.5928 27.3134
137.9299 29.4901
139.1982 33.7509
137.6842 30.2217
137.2327 30.7828
137.8447 30.1276
133.8435 32.1396
133.7550 27.1030
136.3960 30.2935
134.7253 27.9829
135.0917 28.7509
136.9164 33.8769
138.1325 29.9768
133.6456 30.9710
134.9025 32.6368
131.3940 27.0977
128.3024 25.4565
139.2009 27.5518
131.6014 31.0343
136.6462 33.1959
135.4653 28.8743
139.2741 28.5866
137.0574 32.9657
139.1332 28.7282
138.6398 31.2426
135.8593 29.9444
141.4682 35.6677
137.1388 30.1613
136.4346 28.8499
136.4519 29.7742
139.2289 28.5948
137.5665 30.6138
136.0269 30.0051
137.2842 34.4018
136.9648 29.2934
136.1662 33.3988
137.7686 32.3410
136.4093 30.6331
137.1500 29.4849
138.9024 30.7723
139.7621 34.6125
135.7553 30.9275
140.2290 34.2026
137.1320 29.8740
136.1074 33.5071
136.4476 29.9551
137.5952 29.4168
138.5329 30.3978
137.7149 30.2242
139.4532 33.0401
136.8611 29.2646
138.9354 30.1815
136.2014 33.6532
136.0420 29.8765
138.4500 34.2917
136.6355 29.8706
139.2038 28.9090
141.2649 35.3150
136.9405 33.1778
139.0373 28.7490
135.9477 30.0935
136.5328 29.9339
136.0042 29.7460
136.5657 32.9684
139.3990 28.2825
137.3195 30.7801
139.2428 29.0126
136.7434 29.2095
137.6837 30.3440
136.5570 33.1085
135.9039 29.3504
136.4266 30.2751
138.3745 30.4105
136.8334 33.5856
137.0886 29.6761
139.4764 28.8269
136.8635 29.7749
145.2582 34.3607
139.7719 28.5292
136.6391 29.3126
142.8678 35.6135
139.1656 28.6155
137.0003 33.0962
136.8203 29.4924
135.9028 30.1904
136.9022 30.9689
137.7678 30.4704
139.1084 29.7688
139.3215 28.8541
136.5815 29.0885
139.1095 29.8391
136.4845 33.6409
137.1678 30.5879
137.1552 31.0122
136.2543 30.5187
137.0022 33.2518
139.5271 28.9100
136.7885 32.9066
139.5844 34.0954
136.6632 29.7512
137.4731 31.1506
138.8985 30.4926
136.9487 32.9204
145.5043 37.6226
136.5920 30.5888
138.6430 29.1292
137.8473 31.4620
143.2133 37.6528
137.0805 33.4029
136.4415 29.9623
136.6795 29.5012
137.1898 34.3463
137.0494 33.0990
137.0535 28.8057
136.2112 30.5078
136.2021 29.4047
139.5257 28.3532
136.9551 33.5023
150.6757 36.1295
136.2832 29.2549
136.8311 31.1282
137.1248 30.8879
139.3144 28.2643
136.4275 29.0638
141.2210 34.5833
136.8859 33.0729
137.1058 29.9453
144.5509 36.0093
136.9510 29.1679
138.7522 30.9678
136.3172 30.4709
136.7213 30.5203
139.1598 28.7814
137.3001 29.6426
136.5976 29.6875
137.3703 30.7796
138.9501 28.7771
136.4978 33.9246
137.3522 29.8673
139.1890 28.0610
136.2097 28.9222
136.7872 33.1360
137.4169 29.1566
143.0367 35.4596
139.4420 28.7181
136.0657 30.2091
136.6367 30.2079
138.8796 29.5714
142.8252 35.5639
139.0205 28.9202
137.1022 31.0436
145.9941 38.0059
139.0624 29.3774
136.8469 28.9692
136.5673 29.6537
139.0380 30.2194
137.4197 32.8218
136.2293 30.4516
136.9410 33.3671
137.1369 33.3944
136.5585 33.5624
139.2500 28.9439
139.5074 28.6302
138.4885 31.2193
136.6299 33.3918
136.1912 33.3732
136.7839 29.0621
137.5011 30.0681
139.2667 28.4040
135.9869 30.0343
137.9675 31.3105
137.6293 30.6075
139.2146 28.6566
137.1810 30.1555
136.1636 29.4348
136.4713 33.0336
136.7751 29.7293
136.6837 28.6334
137.8139 30.0898
139.3235 28.6239
136.8212 30.5352
145.5051 37.6814
137.5646 34.4214
139.5061 28.6792
137.0480 33.1387
137.0077 33.3955
136.7565 33.0977
142.9618 35.3566
136.6394 29.0769
139.0036 30.6027
139.1327 28.5181
139.6928 34.6462
143.0407 36.9479
136.6255 31.0486
139.3545 28.5641
136.9532 28.8446
136.1783 29.4993
140.9918 34.2280
138.9946 32.4162
137.7229 30.3208
139.6764 34.8033
137.6513 30.6867
136.1466 30.3399
136.3103 33.5177
136.8133 30.1217
140.7816 33.7498
137.0451 29.0883
136.7404 29.3694
136.5005 33.7048
136.2001 29.5147
136.7658 30.3520
140.9806 34.3373
138.5968 31.1547
136.7108 30.5487
137.3992 29.5224
137.3183 31.2055
136.9935 33.0472
137.2622 29.6908
138.4662 30.2117
136.5856 29.7923
140.8654 34.5059
136.7583 33.6556
137.0134 34.2548
136.5069 33.1441
137.0980 30.9068
137.2133 31.1591
139.3527 28.8170
136.4217 31.1087
139.5285 28.7992
137.5326 30.0774
137.0308 30.0911
136.2760 29.2981
136.8040 32.8021
137.3276 29.9873
136.7949 29.4249
137.7102 29.7588
137.1814 34.3033
136.0687 29.8908
137.3012 28.9643
136.4845 33.7018
138.0276 31.2510
137.5259 30.1283
136.9117 29.8150
136.9920 29.7890
139.5668 28.8220
136.5231 30.7632
135.9174 30.2411
136.5943 29.2587
136.3369 33.8170
136.3793 29.2855
136.9783 28.8367
135.9382 29.5447
136.4437 33.9038
137.3372 30.7389
139.0765 28.2177
136.6571 29.0439
137.3018 29.5683
137.5028 29.9160
135.8841 30.1736
138.4342 31.1653
136.0284 30.0780
137.3426 30.3359
137.2000 34.3078
139.1703 28.8203
137.1040 30.8252
142.6926 37.1846
136.0940 29.6623
139.0045 29.3025
137.0301 33.0243
136.1755 33.4235
136.1890 29.2412
146.5441 37.6739
136.8126 30.2246
136.2531 29.4196
137.1213 30.7035
139.0135 30.1774
139.2565 28.4505
136.4506 29.1955
143.9691 36.0117
137.7151 30.2913
137.7217 29.7943
139.0254 28.9477
135.9135 30.1179
135.9358 30.9483
136.7173 28.9221
138.6475 28.4638
136.1608 33.4898
136.9854 33.3280
136.1937 30.8416
136.5634 29.1322
136.9877 30.4965
135.6330 30.4122
136.4666 30.3461
137.4858 29.2852
137.4618 29.8771
137.0845 29.2782
139.1945 28.7731
137.0600 33.3314
138.9906 28.9372
137.0079 30.0166
135.9924 30.0324
137.0239 33.1557
138.9011 30.7805
137.3150 30.2163
139.4462 29.3652
136.7687 29.0998
138.8886 30.5415
136.0089 29.6774
137.3919 29.7465
137.1734 30.7185
137.3360 30.6792
136.7908 28.7346
137.5754 30.5959
136.9353 30.1654
138.9751 28.1713
136.5769 29.5404
137.2038 29.3805
137.1690 28.9151
137.4406 29.6119
139.1072 28.7158
136.9678 29.4377
135.8170 29.9076
138.6845 28.5309
135.6534 29.3605
139.2633 28.5638
130.2959 28.4493
132.9574 27.3420
139.8860 34.4353
138.2491 30.1557
132.6859 25.2574
140.5748 34.4893
133.1114 30.2944
139.4169 29.5099
148.6536 35.0698
135.4251 28.5813
133.8511 30.4600
138.9039 27.9430
128.1089 28.9879
138.9821 32.9333
133.7153 31.6085
131.9951 28.4112
136.7925 30.1275
144.5697 37.9163
138.5958 30.0135
132.4969 32.1253
132.8866 30.1911
134.4441 28.9247
133.4673 27.6228
127.1444 22.8477
131.9310 28.5464
131.5900 28.6017
134.8724 32.6338
144.7449 36.3581
134.3832 25.4027
135.2535 24.7530
135.8022 25.9027
136.3039 33.3035
138.2885 30.9291
132.2494 29.0432
137.1490 30.8883
138.4984 30.6363
137.4524 30.8636
138.4111 28.0774
141.5894 35.3718
135.8286 30.1336
134.5466 26.6744
138.7428 33.5339
134.2605 25.1265
138.9702 29.2268
134.4511 31.1770
136.8883 28.6120
139.5229 29.7428
121.5523 27.2909
137.0064 28.8762
135.1313 24.4095
135.6898 23.3422
127.2763 27.7562
135.7506 23.5732
139.8820 28.3583
138.9133 27.8225
139.6172 30.2346
137.0971 32.1627
136.4887 30.7456
136.2350 29.5980
136.7397 32.8649
131.6379 28.7151
138.9195 30.3761
138.5612 28.1367
125.9810 24.8885
138.4598 30.7838
131.9502 29.2916
134.3778 25.5166
143.2119 35.5696
136.2234 33.2040
134.2985 33.0703
137.8578 32.2917
138.6089 27.1629
132.9199 28.5813
138.8452 31.9362
134.9633 23.8629
136.3962 30.8545
138.6473 30.3614
132.7600 26.1074
141.4402 34.1372
128.7514 28.0346
137.4232 31.0196
134.2101 24.9970
137.4925 30.0210
136.5163 30.5300
134.6018 31.5235
128.0628 27.1041
134.0268 24.3485
133.9542 31.7984
136.5289 33.6226
143.2741 37.0386
133.7172 30.8198
126.6508 29.6211
132.4488 32.1174
132.9520 31.5707
136.7198 30.5956
137.8510 29.7993
139.9421 28.5130
139.2497 27.6498
135.7055 32.2705
131.8102 26.7968
134.6069 24.6701
134.9248 29.6978
139.0795 28.9257
133.5930 31.0236
136.8913 33.9807
139.4977 34.4005
134.0986 28.0657
135.9234 29.4100
133.1387 27.1641
132.3826 31.9907
137.4241 32.3805
137.4327 30.1122
137.7064 30.3545
136.9654 31.0047
132.9956 31.2832
131.5370 27.3769
138.3525 34.2516
133.7129 28.1189
133.3906 27.2300
136.8809 30.4009
140.3588 28.2408
134.4963 31.0678
137.5399 32.6452
133.6922 28.1869
131.9952 26.9758
137.9720 30.9588
133.7609 27.2120
132.4950 27.8754
133.2691 30.9838
139.3277 28.0307
139.4317 28.1844
134.3887 32.8369
139.6631 28.5166
137.5253 30.8999
135.7495 32.6077
133.7104 28.5655
132.4987 28.1537
136.0978 30.4039
133.1955 31.5661
131.5339 30.4661
133.0469 27.4372
139.3240 28.1842
139.8902 28.3599
134.6653 24.7274
132.5403 31.8570
137.1237 30.8054
137.7480 30.9276
136.6887 29.2163
138.7726 27.1994
134.4073 24.9442
139.8372 28.6654
134.4398 25.0807
134.6313 24.5014
136.7871 31.0986
133.5088 28.2568
134.9842 32.5785
132.7921 27.6569
134.3866 25.3390
132.6110 27.8259
133.1642 27.6569
137.1771 29.0174
136.6493 30.9281
137.2558 28.9557
137.4109 30.8527
134.2285 24.8891
133.2397 26.6864
135.5571 29.8738
139.3978 34.5727
132.9075 31.2669
136.5148 29.9516
133.9941 28.1322
134.7486 24.4373
142.5971 35.4058
134.2346 25.8603
133.8550 26.0547
133.1906 28.1234
133.5967 27.6811
133.6984 26.2930
138.7895 30.2701
140.4531 27.9106
132.6363 25.4049
138.4935 28.6637
134.3567 30.7659
133.4858 27.4602
136.9032 33.0985
137.4178 29.1274
136.5840 33.7239
135.6842 24.6926
133.4274 29.4224
139.1584 28.9817
139.0932 28.8446
139.2116 27.8880
136.5762 31.0039
132.8768 31.2531
139.6266 28.2901
137.2715 31.1316
135.9896 29.6195
137.1442 30.3909
135.2753 24.5522
131.5780 29.1268
127.1778 26.8364
134.0988 28.8445
139.6755 28.6864
142.5642 35.2487
138.4795 28.9187
134.0061 25.7986
139.0109 27.2321
133.4441 24.3363
138.9611 28.7481
139.6954 28.6557
134.1657 25.3273
139.4215 29.5672
139.5039 29.3333
133.4823 28.8185
140.7552 34.2235
134.1239 28.4145
133.8431 25.9470
132.8665 28.9459
139.5415 29.2611
135.4132 24.6023
136.0840 30.6724
133.5244 28.9441
135.0526 28.0338
133.8525 30.8652
133.8697 28.2152
138.7307 33.8689
135.7658 30.1300
138.7938 34.1880
136.5563 33.8597
136.9771 28.3348
138.3137 29.6248
139.8029 27.3714
133.4291 28.5087
134.2673 32.9312
139.2872 28.7755
138.4573 30.9488
135.8154 30.2534
136.5712 30.2111
132.6093 31.8917
139.5749 28.1217
133.1055 27.3793
136.4224 30.6535
130.7853 29.4626
139.0268 29.5102
136.9190 29.8405
128.1929 25.6153
137.5623 29.1387
134.7139 25.5370
138.5004 34.1961
140.2340 27.5965
139.5271 29.7481
138.2748 32.5564
128.0268 26.2340
139.2606 26.6696
133.9616 24.7487
138.0745 31.0097
136.0252 29.1705
134.1326 28.5157
133.6807 30.2328
133.6079 25.3910
134.6593 28.2108
139.4992 30.2318
137.8121 32.0677
138.5672 28.0333
138.3630 30.0899
140.2954 28.1699
138.3137 31.1820
135.3307 24.7691
134.2953 25.4049
137.1331 28.8985
128.4338 28.2484
133.7163 30.0828
138.5369 28.4249
127.9788 25.4554
132.5894 29.5836
126.7984 24.4939
137.9192 31.1756
137.5108 29.1960
128.0059 28.4549
137.3857 34.3571
133.8896 26.1387
138.2221 34.2912
137.5305 30.7378
138.5859 28.0914
135.8225 29.5097
139.6554 28.7192
137.3572 30.2551
136.8534 30.3936
139.4137 28.8236
139.5764 28.7868
139.0494 30.0175
138.1586 33.0930
143.3333 35.7467
139.3945 28.2524
136.2122 33.3812
136.8714 29.8423
142.6988 35.5992
140.0128 33.7146
139.1163 30.0941
139.0493 28.1220
136.9012 29.9667
136.4381 33.7912
145.2633 38.5535
139.0279 28.1107
136.9897 33.6234
139.0358 30.2825
138.4356 34.2469
140.3450 33.7389
137.2501 31.0111
137.9365 32.0383
136.6952 33.3009
138.9743 29.1076
139.3077 34.5972
137.3820 34.3574
141.9310 35.8084
136.4804 33.4421
126.8770 27.1456
137.9672 34.3608
136.2979 33.4191
137.1735 28.9707
136.6956 33.1228
136.1787 30.6548
137.6864 34.3323
137.5501 30.5090
140.2598 33.6920
139.6064 28.6790
136.5335 32.9750
137.1405 34.2232
137.6413 34.4025
139.5038 34.2019
137.8689 30.2636
136.6131 32.9863
136.6896 33.3548
137.2995 34.3467
137.6326 34.3835
135.5243 30.4350
136.5529 32.9796
137.9733 34.2900
135.7360 30.3721
136.1681 29.8652
136.5605 31.0008
136.2275 33.6537
139.0032 29.7789
136.4060 33.0954
136.1625 33.4757
141.3128 34.3681
138.7597 30.9081
137.0465 33.1023
137.6741 29.9908
138.7887 30.5966
137.3749 31.0087
136.2289 33.4638
139.3470 27.7152
140.4565 33.7226
137.1495 30.7877
136.3361 33.7281
133.6602 28.6169
137.0762 33.0799
136.8519 33.3059
136.4760 28.1198
136.3881 33.0785
142.7348 35.7292
140.2787 33.7830
137.2038 30.4137
138.8658 30.5987
136.5927 33.9207
140.0597 33.7279
139.1922 28.7824
138.5893 28.9009
140.3022 33.6544
137.0729 30.6066
136.3508 33.5880
136.7330 28.2037
137.0683 30.5432
136.4005 30.4451
136.2301 30.4026
138.7253 29.1200
139.4040 28.9352
137.6343 29.6021
136.0476 30.3030
133.7723 28.1904
137.0375 30.0629
139.3031 28.5980
137.2856 34.3224
139.0046 30.2972
141.4291 34.0832
139.7186 28.2665
125.6351 22.4707
128.7321 25.6037
136.9902 33.0368
129.2639 25.9139
132.4483 27.1314
130.7289 29.0046
126.5231 24.8280
134.1803 29.5460
139.2578 34.6694
139.2625 28.3063
136.1397 29.8682
130.1438 26.1472
136.2796 30.2777
139.3458 28.9181
135.9780 30.5382
132.2368 27.5053
144.1818 36.7260
133.1444 26.7605
133.7997 27.0520
138.0481 34.0663
128.1836 25.4671
138.4577 30.7675
132.6384 31.3726
137.5363 29.7619
132.9123 31.2901
138.9135 29.6599
137.3283 33.7938
137.0587 30.9065
136.0189 30.7563
134.4884 24.7345
133.3298 31.0994
139.8990 28.3054
132.9101 31.6746
134.8253 26.3728
137.7487 30.4020
136.4393 22.8945
133.6880 31.8465
126.2364 26.7159
135.0795 32.7793
139.1238 33.2461
133.3563 31.2611
140.8101 34.6059
138.5737 30.3405
129.9957 26.1706
138.7130 33.6390
139.6888 28.2499
136.6619 30.5731
131.4081 26.9827
133.9782 26.0742
137.1155 33.8685
139.1204 28.4292
134.5431 25.1339
137.1192 29.0408
136.3631 30.4177
142.1034 35.7881
134.7705 25.3354
133.7478 27.7065
128.8977 25.4546
136.2678 28.9454
131.4191 26.5147
136.9981 28.9660
139.3416 28.4333
132.9363 28.9790
137.8014 29.8675
138.1050 33.6386
136.5650 29.5831
132.8172 31.2852
136.0530 29.1473
133.7354 25.9155
130.8756 29.4379
135.7102 30.2295
135.8465 29.4032
139.3158 34.9796
135.8387 30.4362
139.4699 29.9925
137.3304 29.2586
137.3832 28.7545
138.5019 30.6404
133.3008 27.1783
136.6042 29.4696
139.3529 33.3612
137.4954 34.4281
144.4877 35.9184
137.2305 29.1306
137.1914 29.0995
131.6933 28.2364
135.6371 24.8165
134.3854 29.7927
136.2796 30.7290
133.5607 24.9196
129.9948 25.9579
138.3702 33.9278
135.9937 29.7565
137.4797 29.6072
133.5539 26.2086
136.4825 29.7262
126.9076 24.8862
132.8471 26.6956
132.4252 31.6617
133.5651 29.7739
127.6090 25.5553
136.8805 30.9844
136.6986 29.7804
137.0151 29.7007
137.6064 30.5856
139.0582 29.7884
137.4418 29.5558
135.5555 30.7132
135.8410 29.2965
139.3503 28.0993
136.6687 29.5283
135.6141 30.3799
135.8786 29.7427
136.8086 29.7299
136.9073 30.4817
139.0938 28.5452
137.6790 30.3022
136.8128 31.0941
138.6311 30.9062
137.0457 29.6471
137.2609 28.8678
139.4146 28.3593
138.3499 34.3060
138.4901 34.2850
139.6269 28.5787
139.4045 28.8957
136.4503 30.4089
137.8027 29.8809
136.3943 30.2395
138.3841 31.2003
140.6194 32.9135
136.9181 29.8164
136.7950 33.2690
139.1545 28.6329
136.9580 29.5183
139.1180 34.4667
139.0479 29.6477
136.3819 29.2638
136.0874 30.5906
136.7386 30.2431
136.6075 33.5359
137.0449 33.6478
135.8914 29.7696
136.5359 29.8785
137.6958 29.5622
137.9698 30.7532
137.4473 29.7384
136.0429 29.3572
136.7986 29.7053
136.8623 30.8673
136.9196 29.8577
136.3195 33.7431
137.0001 30.8779
136.3814 30.2208
136.8232 33.2951
136.9953 29.0315
135.8171 30.0467
139.1876 28.9786
136.5786 33.0239
135.9106 30.4801
136.2840 30.7448
136.6672 33.3650
135.7944 30.1217
137.2966 30.4169
135.9251 29.7212
138.7571 30.7996
139.0670 29.7817
136.1004 30.5895
137.0188 29.7371
139.1548 28.7263
135.4977 30.4697
136.9342 34.1118
137.1098 29.9512
136.2231 30.6068
137.3618 30.7718
136.3947 29.8397
136.8672 29.9539
137.1856 32.9345
136.1847 28.8461
139.1891 29.0309
139.3514 28.3533
136.2328 30.9200
137.3690 30.4890
136.7612 29.5268
138.0315 34.2574
136.5178 29.6374
136.4190 29.2380
135.9336 29.6575
136.2130 33.3981
138.8621 30.5408
136.8068 33.3412
135.9513 30.3475
136.4146 29.8232
136.6133 29.0383
137.2364 28.7279
137.8600 30.5628
135.5937 29.9745
137.7965 29.7633
138.5273 31.1663
135.8545 29.2931
136.6521 33.2667
137.3082 29.2720
144.4233 38.3372
137.6497 29.5394
136.8148 28.5512
137.0810 29.7201
138.8780 28.4441
139.1545 28.6416
145.5884 37.8350
137.4429 30.7118
136.2373 33.3259
138.1028 34.2943
137.3594 30.5300
140.8830 33.6693
136.3614 30.0867
136.5694 29.7769
136.3420 28.7591
138.9632 31.8904
136.0339 30.4297
136.8975 30.5456
142.7980 35.3372
135.8835 30.3592
135.9707 29.5351
137.7261 30.3552
135.8529 30.4965
136.8565 33.7096
138.8843 28.6998
128.5887 28.7130
136.5476 29.3296
135.9639 29.5054
137.7239 30.7483
137.8050 31.1799
133.9320 25.9147
134.8786 32.5665
140.1549 30.6484
135.1809 25.9982
131.6802 28.6961
134.2867 29.0011
138.2781 30.6194
137.1031 29.4335
139.2910 33.9927
134.7630 26.3313
130.5391 26.4065
135.9705 29.7712
137.0767 31.2683
133.9049 32.6571
141.5207 34.6101
134.1373 26.8459
130.0157 25.5371
134.7208 25.2653
133.4961 26.4517
132.9670 24.6458
138.4449 33.1311
136.0017 26.7003
133.9365 26.6698
128.5983 28.8405
136.9685 32.6431
124.2458 27.5583
132.0019 26.7638
125.0753 28.2215
131.2220 23.5909
138.0284 30.1052
130.3761 25.6616
138.6703 29.3536
133.7881 32.2275
134.6340 26.9923
132.0071 31.6882
136.8589 28.8572
134.0980 27.2873
135.3346 25.9708
138.0166 30.3157
139.0505 28.7106
132.1587 29.4984
136.6745 29.8782
135.0740 29.4306
138.3944 32.8616
134.3410 29.2098
133.9815 28.1836
139.8714 28.1589
133.9830 23.8603
132.6085 26.6004
133.9162 29.2075
135.3472 29.9883
126.6356 24.0424
127.6155 28.7512
134.1406 28.1335
133.3728 32.4928
139.6030 29.8497
126.1006 21.3170
129.2031 30.0716
134.7791 28.1733
134.1380 31.9658
134.1730 31.5267
137.4760 31.1733
136.7803 32.8451
135.5044 28.0440
134.2958 32.6889
139.6551 34.1777
137.5022 29.3367
132.3800 27.9645
133.1538 27.4994
133.2963 28.1472
133.8278 27.2485
137.6742 30.5954
134.1050 32.0758
133.6879 28.3228
132.8491 22.1213
123.7737 19.8677
125.7047 23.3714
133.1948 22.1939
128.0595 25.9987
133.1801 26.9030
132.5010 27.9774
136.0291 28.1151
136.9506 28.0897
133.4087 25.8754
132.8841 22.4217
133.1980 26.1559
126.1738 24.8942
134.8785 27.6899
130.6192 24.1512
133.0509 25.2211
125.1392 24.0583
135.7547 25.7522
132.0817 24.6742
130.5315 22.9896
133.3673 27.6368
131.6468 26.3536
136.4213 30.2621
129.7128 23.8477
135.5162 23.8180
135.2616 23.0284
126.9898 20.5282
130.8491 25.3710
134.1001 22.1549
122.9322 21.0131
135.9009 25.8457
133.9863 25.2457
132.6736 21.9839
133.3345 24.3583
135.9979 23.5658
130.4561 24.3851
138.2132 28.8063
136.8500 29.2318
136.3373 29.3024
133.2505 31.9975
126.1136 22.7497
123.7173 21.1715
132.2841 29.1342
134.5408 25.4166
132.4450 25.1202
133.4609 22.4198
132.5522 21.8129
128.2856 23.5908
127.0706 23.7164
133.0185 20.8116
132.6211 21.2109
134.9895 27.7085
133.6680 21.6172
135.0290 26.1895
134.2607 23.2503
130.7779 23.3769
134.4143 24.8541
132.5423 31.6029
136.7935 28.5189
135.0302 25.8684
134.9276 32.9737
134.3738 28.2025
137.3108 28.8107
132.2050 27.0496
133.5011 30.8288
133.7786 28.3288
137.5724 32.3005
138.4129 34.2563
137.4582 30.3464
139.3357 33.6238
135.3912 30.0759
134.6457 25.3577
137.8463 34.4352
126.9740 23.9922
133.1270 26.9151
134.3789 28.3290
138.9478 29.7810
134.1861 26.2972
140.3324 28.0102
135.9926 24.8035
138.4716 29.7478
135.0815 24.8199
138.3437 34.2784
129.0486 28.4548
132.0744 32.0077
136.6617 28.9684
137.3467 31.0369
127.2581 26.8646
133.6063 32.4817
139.3113 28.4414
130.9377 30.3221
137.9578 34.1918
134.0818 31.5655
140.3837 28.4045
136.9646 29.6430
132.1012 29.6140
139.2819 34.0522
135.1535 24.8203
133.8559 31.2425
137.5680 30.6266
136.5245 29.8640
134.2506 27.8183
138.8109 29.8703
137.0442 30.6622
134.8770 24.9699
136.0467 28.0373
133.8426 31.1374
132.1613 28.9197
139.1938 26.7654
139.2516 28.3550
138.6423 33.4490
134.9306 26.3466
130.4329 29.7900
133.2574 31.5891
139.6013 29.1118
138.8695 28.4759
135.4571 32.6721
136.9125 31.0881
139.3220 29.3477
137.3984 33.0376
139.5110 28.6442
134.7107 28.0688
136.2713 30.1975
137.0232 30.5181
139.3482 28.8183
136.7249 30.0991
138.5638 33.2270
132.7332 31.4496
135.9268 30.0905
133.9766 26.0919
135.6770 23.9924
133.5426 24.9280
137.6455 29.6360
135.0652 28.6787
139.7531 28.6848
123.6089 29.9743
133.4215 28.4933
141.8804 35.7624
138.4256 34.2868
136.3547 33.4619
132.2816 27.2259
136.9419 31.1466
134.1100 27.8587
133.3816 26.9763
137.0536 33.6012
134.2921 32.7302
138.0163 29.7044
132.4713 29.1010
134.5968 30.6685
133.1249 28.2071
135.3473 26.1166
128.0172 27.2829
140.4975 27.5768
132.5081 29.2159
139.7707 27.1803
139.0045 27.6662
133.8157 27.5256
131.1781 26.9570
134.0257 30.6370
134.4852 29.0867
140.3222 28.0385
139.1040 28.2411
133.9904 28.8101
134.0657 32.7283
136.5980 28.9181
135.6413 32.5544
126.8466 27.4538
134.0362 30.6418
136.5572 30.0914
139.0418 29.8231
134.5323 32.0192
137.7048 30.8495
132.2083 28.8451
132.8478 28.1083
138.1433 28.1695
137.5572 30.1936
135.1869 27.2954
128.1033 26.4815
139.9466 28.1348
136.7609 30.2662
127.0412 24.0411
130.8712 27.7840
133.6172 24.3336
132.1749 28.4062
129.7310 28.3869
134.6506 29.6998
130.5737 27.0723
137.8490 34.2880
134.5297 32.5184
136.8425 30.6761
135.7363 30.4743
136.4288 28.8522
135.4913 23.6144
138.1932 30.8895
133.1451 32.4111
135.9904 30.0748
140.0824 28.2026
135.6683 31.1656
131.4719 26.7444
137.3353 30.8266
136.6403 29.7941
139.5125 28.0208
133.3213 32.1087
133.7083 24.3571
135.2407 25.8060
133.0926 24.9548
127.7058 25.1626
130.5920 29.1969
137.1972 30.6968
132.4487 27.1800
139.7502 28.1351
131.1910 26.9520
138.2084 30.6972
133.5330 24.7427
134.6713 29.0847
134.7310 24.2175
133.6531 27.9972
137.5931 30.6168
136.3659 30.5394
138.8372 33.4332
143.9897 38.1260
134.0745 32.9516
137.3364 34.4360
143.5540 36.8689
136.8938 32.9157
139.2351 28.8669
135.2434 29.9599
149.3795 35.4265
136.8643 30.4385
138.8171 30.8027
138.0196 32.0995
136.7390 33.4294
139.9279 28.1749
140.0758 32.3388
138.9253 30.6431
136.5551 29.9639
135.9666 29.5526
134.3191 25.7034
137.1715 30.1278
135.1533 24.5883
145.1117 38.9906
137.2163 30.3886
139.6285 28.0376
136.6842 28.9986
135.4357 31.4128
139.4354 30.8967
142.7064 37.0536
141.9218 34.4608
139.3303 28.7231
135.8882 31.2906
139.5509 30.0263
137.8799 30.5120
133.8801 31.8817
136.8391 33.8529
137.5420 34.2063
140.8591 33.6884
137.1420 30.3764
139.2105 27.5820
125.5530 24.3796
144.8122 36.7467
131.9918 31.2946
136.9880 33.1204
139.2203 29.0838
145.3883 33.8335
146.2622 34.9043
121.9756 32.6892
145.8218 35.3939
139.5540 28.3467
136.3562 30.6429
139.2438 28.8353
136.8134 28.9017
136.9690 33.0831
143.9037 38.9796
138.9232 30.4329
138.1306 34.2180
133.7502 32.1533
135.5461 30.9458
138.9394 30.1616
145.6375 34.8693
131.3817 30.9011
139.1082 29.1255
136.4044 33.7325
140.0902 28.2433
139.3442 29.7065
136.3037 29.2433
139.4091 28.2924
136.0717 29.8185
135.3683 33.3745
135.6158 30.5233
137.0148 33.2800
143.7544 36.7765
138.9809 28.7922
134.8473 32.5240
143.6200 36.3869
136.8914 34.1429
146.6008 35.2233
135.9378 30.2360
139.0423 28.2958
134.6105 32.7153
152.6867 34.8182
139.1762 28.2903
136.8133 33.2792
136.3340 31.1186
137.0217 30.1307
136.6781 30.5054
131.7320 31.1066
138.8754 29.6501
139.0374 28.7525
145.1467 34.6432
128.3061 28.3060
138.7905 33.0034
133.9607 30.9265
131.2173 26.6838
132.4097 29.8063
133.1496 31.1594
134.1203 30.8485
132.6785 28.0033
133.5730 31.0186
133.9160 30.3443
132.9304 32.0355
133.4198 31.1071
137.4967 29.8916
133.0553 31.3051
137.6516 30.1376
133.7583 27.6589
137.9088 33.8518
134.1004 31.8015
131.4541 30.6059
134.6880 31.8088
131.0755 30.2562
133.1787 31.1842
133.1097 31.1716
134.1047 32.4660
143.0454 35.6921
134.4597 28.1095
136.5035 29.6069
133.5859 31.0379
132.7657 27.4543
136.2928 33.3010
139.2366 29.1007
134.3899 25.0902
137.0906 28.2950
140.7532 33.3699
133.8902 31.8946
127.0567 24.7081
133.4129 26.9898
134.3634 32.7356
133.3492 29.5240
138.2180 30.3501
134.3930 24.9275
136.2181 32.4639
128.1364 25.5247
132.9696 27.6872
136.1602 30.3057
132.5324 31.6802
134.4507 30.8730
138.8529 30.2348
138.4977 33.1437
138.2014 32.6620
133.4081 31.0527
135.8254 29.7542
128.1169 27.2067
134.0626 30.8420
134.2547 24.7176
133.1209 27.3251
138.9578 29.9694
134.3668 30.8540
133.0893 31.3988
132.6736 27.7534
137.4064 34.3205
138.3101 32.6530
136.7222 33.0537
133.2151 31.1846
134.2648 24.5955
139.0017 33.1228
132.5173 31.4347
136.1296 30.3651
136.2827 30.7803
130.6201 29.2944
136.8281 33.0456
137.0713 34.2563
134.4091 28.6219
134.9009 32.6049
133.7642 26.9992
133.0462 27.5443
137.9805 32.6263
139.1178 29.8867
136.8298 30.7307
133.8326 26.2047
133.3743 31.1264
134.4311 31.4212
133.3625 26.0325
131.5295 26.8321
133.5166 27.6159
140.0600 33.8086
136.9031 28.3006
133.3666 28.1580
134.3428 25.0283
133.3912 28.2137
134.0927 26.0008
134.4248 25.5687
138.1498 30.8303
132.7045 31.3732
139.7519 28.2198
134.1617 32.0548
134.3741 24.4247
138.4035 29.5858
134.2187 24.7892
131.9479 28.6514
143.7665 38.0247
134.2325 31.5652
132.8354 31.3060
133.9510 30.8339
130.4785 29.2726
133.4234 24.8915
132.4696 27.6964
133.1840 27.1398
136.8048 30.7490
139.8835 28.4681
138.3911 30.4603
138.9478 29.5222
134.2242 24.8766
133.8596 28.2368
134.1564 32.4423
127.3689 28.0004
138.1919 30.9147
133.8283 28.3613
133.6850 31.8620
133.7354 25.8087
135.1660 29.4328
134.4790 28.1804
138.5316 27.7615
131.3190 27.0053
133.5895 28.1188
130.5999 29.6020
133.4109 28.4863
132.8663 27.4849
136.3978 31.2419
138.5189 30.4816
139.2212 28.7905
133.8246 27.4067
135.8204 28.8571
133.3420 27.0543
132.8862 28.2442
140.0219 28.4258
128.2914 28.1030
134.3422 32.4287
131.4753 27.3338
138.7242 29.2852
128.2451 25.6694
137.2006 30.3993
135.5069 26.0390
127.4544 27.9730
129.9245 25.4637
138.2336 30.5613
133.9284 25.0152
131.7853 27.4476
134.2103 25.3487
132.2983 28.5865
139.5669 28.8414
131.7103 27.3990
132.0397 27.2248
131.9021 28.7450
133.9536 31.0465
132.9753 25.8847
134.7782 32.6921
136.7760 28.6692
134.9902 27.1495
131.7040 26.1188
130.5042 28.3446
125.5366 24.4574
139.0960 28.6940
135.3647 22.8003
128.7766 25.9978
130.4732 26.0358
134.8477 32.5957
132.8354 29.1495
137.4019 30.8838
131.4977 26.8184
133.6642 26.9550
136.8508 30.4485
140.0309 27.4992
133.9818 31.7273
133.6000 28.5372
138.6631 30.5101
137.0731 29.2764
140.0579 27.9024
133.1015 24.9748
138.8592 34.4135
138.8683 29.6717
136.8604 33.9840
138.8641 34.2960
137.0208 34.1091
135.8712 30.5372
136.8242 30.2595
133.7339 27.5523
132.4846 31.6853
133.9427 30.8356
138.6038 27.9476
140.1411 27.9617
136.5167 30.4307
138.7725 34.3038
131.7169 28.9329
132.0609 28.3949
136.5885 28.0481
134.8299 25.4779
134.4196 25.0593
136.8745 33.0867
138.6965 28.3475
127.6288 27.0359
140.1153 27.4348
136.3275 32.1986
130.4865 25.7007
134.6655 27.9563
133.6373 24.6805
135.5031 31.0616
133.4202 28.2622
139.6941 28.3724
134.2417 30.1603
135.2356 31.4249
134.0622 28.3378
133.3080 24.6931
138.1364 30.6759
140.1529 33.2616
142.1826 35.6411
132.6510 27.7343
132.3665 29.8573
133.0934 31.1872
131.1270 28.0465
132.7578 26.7070
136.8525 33.2379
132.3756 31.9367
130.7235 29.2123
134.6768 32.5044
137.3519 32.4197
136.7601 33.8777
134.2977 32.6581
133.1586 28.4979
132.7665 29.9772
137.1066 29.0670
133.6015 27.3191
131.7428 26.6348
137.2564 28.9643
144.5384 36.1258
136.7032 28.1956
134.8298 28.8306
136.4303 30.6556
134.1617 32.8028
134.1177 30.6729
132.0293 27.9936
140.3844 28.1515
135.2084 28.7315
135.9858 30.7628
137.8709 34.2910
132.9635 27.8236
139.1774 29.7258
137.1953 30.9288
134.1686 32.0268
138.1403 30.0645
133.6499 24.6719
140.2222 28.3796
130.4946 29.9574
135.6284 30.3238
133.9064 30.9289
134.7041 28.9194
134.2393 24.6270
132.4142 31.9510
128.5652 25.4198
137.6980 30.9388
133.9667 25.4841
133.9972 27.6469
139.7150 28.6951
134.3721 32.6661
133.2433 31.0084
137.1803 30.4295
137.4763 29.9537
133.2724 27.1185
136.3294 30.5116
138.9842 28.0495
133.7438 27.1488
139.5850 28.1855
134.2474 24.3259
132.2231 30.8423
136.2054 33.5927
133.0057 28.2342
133.8307 27.8105
136.5372 31.5617
139.6640 28.2637
135.8478 32.4323
133.7321 30.3861
128.0088 25.2728
134.4281 30.9249
134.1431 29.2734
133.2364 27.1822
134.4080 24.2812
135.2643 32.7253
136.8083 29.7729
130.5623 29.2777
134.4069 30.7729
134.6869 30.2124
134.0715 26.6905
133.6938 27.0719
135.0475 22.7598
135.7737 32.3791
139.5756 28.4444
134.1785 24.5410
136.8192 28.8053
138.9674 28.6045
139.6832 30.3556
134.5385 28.0073
127.0965 25.7389
134.8577 32.5228
137.8695 30.0972
125.1638 28.3619
127.1956 27.2535
126.1203 23.9610
137.8769 29.6503
126.9832 25.6541
132.0742 27.3617
139.7699 28.6305
128.8288 28.3018
138.8876 29.7540
133.9038 25.0255
137.6480 28.7399
133.0180 27.7621
137.3793 30.9389
133.5589 28.4868
127.2440 27.9995
127.6039 27.7887
132.9739 27.2288
135.8976 30.5423
134.1941 30.6490
135.3711 28.9303
134.7220 30.3347
139.6443 28.8389
132.8036 31.2221
139.3321 28.5824
133.8013 28.3972
133.1299 26.0109
139.9499 28.2806
139.5009 28.2686
139.4799 28.6354
133.7929 28.1607
138.3783 30.5485
133.7521 30.6892
134.5981 28.8969
132.3715 31.6892
139.9036 28.6737
133.8442 24.6124
130.8937 27.4894
136.8084 31.9403
127.0910 27.7282
134.3454 24.9052
135.2374 27.1428
135.2834 28.9317
137.7028 30.2633
138.5541 33.8891
132.1004 26.0477
138.6391 34.2870
135.3176 31.1957
126.8669 25.0155
133.9894 25.2640
135.7959 29.8133
137.7824 31.0085
131.6804 28.9918
133.2847 25.9751
137.7743 30.1713
132.3817 26.8830
130.6806 28.6296
138.6132 29.8954
128.1904 25.7304
134.8169 24.5361
129.4160 25.2502
137.9521 30.4470
140.2986 27.9620
132.4573 27.8204
134.1709 32.8955
132.9480 27.9013
134.0009 25.9239
135.2568 29.1055
130.8107 30.0290
136.3034 29.6207
139.7259 28.5248
132.9136 27.5516
137.9003 30.8612
134.9078 24.4830
134.1662 30.5882
129.1025 26.3546
137.4505 30.7566
133.6275 32.4837
136.4510 30.1398
134.7199 24.5883
139.3492 29.1598
136.6470 33.6605
132.8311 25.3818
140.0857 27.9788
130.8299 28.2558
135.1494 29.2422
126.9621 27.8231
134.3421 28.8181
134.4388 31.3852
134.9601 32.5318
139.1463 29.1190
139.0536 27.7096
134.5822 31.8531
135.3228 24.2469
133.6120 24.1288
128.4420 25.1396
132.9010 27.3729
136.8708 29.6198
135.9626 28.5881
133.0839 29.2837
126.5324 24.5975
134.5187 24.7409
133.3003 27.8990
137.5410 31.1095
133.6133 23.5983
129.0530 24.6029
137.4237 29.0922
133.0811 29.0788
138.9894 28.2678
137.2402 30.8679
138.4427 34.1703
132.9385 25.0279
137.7774 29.8396
132.4383 27.8250
137.5322 34.0020
139.6263 28.2850
132.6001 28.4478
128.7516 25.3144
134.0215 25.1124
133.5148 28.2984
137.0383 33.7784
127.5660 26.4663
132.3872 32.2581
134.5131 25.5216
135.7594 27.9024
136.7932 30.2995
134.4075 31.9875
135.0459 26.0254
135.0200 28.4025
133.0593 29.4664
128.6348 24.4696
134.6889 28.1793
139.4470 29.2859
133.4646 27.7182
130.9155 28.1730
136.7348 28.5278
139.5719 28.9371
133.4299 27.5543
139.2824 28.7217
140.1729 28.0006
134.5229 32.7380
138.9854 29.5378
134.0776 31.6331
132.7147 29.3626
134.3191 31.7742
138.2429 28.3459
139.2341 28.9146
136.1669 31.1886
135.6314 30.6038
134.6015 28.4002
134.5017 27.3370
132.7892 25.0176
135.0200 24.4020
134.1920 28.0778
137.5654 33.3754
137.9667 31.0243
134.7832 23.9657
132.9275 26.7065
134.0912 31.3783
132.4388 31.1791
135.8740 29.8816
137.2731 29.2422
131.5630 28.5373
134.3203 24.5045
135.1065 29.2472
135.3996 31.3125
138.0381 30.8165
138.6293 29.7930
134.0847 32.4292
138.3443 27.1416
133.3963 32.4542
133.7250 25.0664
136.4246 33.7496
131.3832 28.1721
134.2163 28.5256
138.6337 29.0398
134.0599 32.7321
137.3668 31.8210
140.2525 28.0372
140.2030 28.3806
130.4565 29.6907
134.1645 24.3797
132.5726 31.5998
136.1819 29.0000
134.0624 25.9384
137.5028 30.6909
133.3896 29.3406
137.2129 30.7009
137.8970 30.1788
135.0325 29.0437
139.1549 28.1713
137.6001 30.0612
138.7800 29.9836
139.2531 27.9791
133.4975 32.9408
135.9972 30.5656
135.7130 28.6898
134.2115 28.9007
134.0525 28.9315
135.5954 29.0216
137.8989 30.1699
134.3175 27.5139
139.1321 28.1466
133.4301 28.9488
133.9692 25.8814
137.6310 29.9159
126.0837 23.8863
138.7525 30.2273
139.6300 28.4480
136.0146 27.9069
134.4597 28.1952
138.6440 30.4126
133.5167 29.0495
138.6476 30.5520
138.8420 29.6824
132.4077 27.1989
139.7025 28.2168
126.1245 23.5818
140.4229 28.1043
134.3360 25.5391
138.1915 34.1682
136.7055 29.6121
138.2428 33.9801
140.3703 27.8225
135.7313 30.1462
133.9049 26.1366
137.2345 30.7894
137.4030 32.5310
138.5175 27.1953
140.4256 28.0885
133.9708 31.6825
134.3050 31.4313
138.6809 30.1129
135.2807 29.4347
132.6992 31.3282
133.4885 26.3711
139.9005 28.4561
140.4277 27.8278
134.6105 25.4181
137.9131 30.5977
137.2184 30.7732
132.6922 27.4921
131.0292 27.9229
134.8398 29.7502
132.6271 31.8396
131.9417 30.9164
136.7871 33.8784
137.8036 30.3601
139.7211 28.1959
133.4174 31.0166
134.2209 28.7990
134.2681 25.5014
138.4659 30.6706
133.4302 30.8234
138.1687 30.7150
138.8323 29.8672
136.6083 30.2927
132.5830 31.6732
137.4990 29.7772
133.8978 25.8064
137.7884 28.8110
138.8423 29.6245
137.3386 30.7547
138.8332 29.2914
135.7165 30.0977
138.6346 34.2606
136.4901 30.3136
135.9574 31.3939
138.0022 30.8456
133.1438 27.1715
134.6458 29.9620
130.5814 29.9086
137.3275 31.0274
130.6093 29.2529
134.0629 28.6069
134.5127 31.0537
126.3659 24.7528
134.5354 29.7958
136.2594 30.3071
137.6539 30.9561
136.7094 30.5061
134.2825 25.8908
140.3029 28.0167
132.6321 28.2069
137.2383 30.6294
133.8608 31.7593
138.1190 30.7209
123.4046 28.2011
134.6393 22.2841
134.6294 24.7338
134.3758 26.3277
133.4945 30.7654
133.0888 27.8137
139.6252 28.3074
130.0653 26.7897
134.1452 25.6493
141.2867 35.4716
136.7620 33.4011
134.1049 25.6383
135.8394 25.4965
139.6146 28.1726
133.7831 32.6920
132.9344 28.9341
132.5568 27.9195
134.9010 23.9506
134.6805 32.7012
134.0074 24.4567
126.7078 28.4953
134.9101 31.3728
131.4729 26.8926
131.9729 27.2350
128.6777 29.7022
133.5652 20.1670
133.3219 28.5890
137.5974 34.1872
138.1485 28.7442
133.5684 24.1927
138.3777 30.6022
127.8020 25.4972
136.8146 33.4858
131.3079 26.3794
133.6371 24.6910
134.8831 22.4467
135.2159 31.8623
134.4304 24.8154
126.7964 23.2763
135.5683 28.2717
128.2732 25.5803
136.1243 30.7342
133.8223 24.2466
134.5818 27.9636
130.1015 25.0516
132.9521 24.9498
134.5977 28.7234
126.8448 24.7755
134.5349 29.7818
134.4602 26.5729
128.1834 25.1908
133.9500 24.3304
139.0151 29.2374
138.5394 30.6780
132.4987 28.5892
135.9816 30.3089
136.4433 29.8577
130.1000 26.1882
134.3230 31.6517
131.8876 27.1852
130.2586 29.1739
134.4126 28.8850
131.0280 28.1867
126.6592 27.4304
136.7748 27.1106
132.9892 25.9560
129.6343 26.2041
126.1812 25.6487
125.9093 20.5759
137.0866 29.7293
145.4736 37.7199
136.8461 30.1209
136.3141 29.1208
135.9839 29.2477
136.5488 30.7434
140.5734 34.3733
137.3622 34.3584
138.9612 29.5713
136.3857 33.8993
137.1102 31.0504
139.6478 28.8227
139.5932 28.7834
136.6624 33.1346
136.3174 30.2965
136.9515 33.2577
136.2308 33.6832
136.3972 33.5253
139.8964 28.3237
136.2043 33.3758
138.6199 28.9671
138.9717 29.5108
137.6009 31.2366
136.9627 33.2274
138.5234 30.8360
136.4814 33.6868
140.6042 34.8959
136.9060 33.2070
136.3962 33.8035
136.6071 29.0057
136.5207 34.0104
136.6295 30.6027
136.7169 30.1362
138.7652 28.4025
145.2220 38.3621
136.4139 33.7054
137.4102 31.2391
142.0970 35.3695
136.3024 33.7003
136.2059 33.4766
137.7211 34.3867
136.8438 31.1219
137.2298 34.3093
137.9804 31.2821
137.4860 30.4249
136.4068 33.1120
145.4616 38.1592
136.4495 29.7733
138.6239 30.9396
139.2904 32.8554
138.6198 28.3158
136.2700 33.6490
141.2211 34.4770
136.4143 33.1067
136.8048 33.2858
145.6337 37.6677
137.6543 30.0784
136.3864 33.7029
135.9498 29.4073
137.2737 34.3110
139.6140 28.2855
139.1325 29.0616
137.5144 34.3756
138.5894 29.1623
136.2115 30.0628
137.5065 31.2100
136.2296 33.5857
137.1174 30.9750
144.8359 38.7940
136.9221 30.1868
141.4351 33.5766
136.2900 30.3173
137.4835 30.5492
136.3648 33.7808
137.9860 30.4621
144.5049 38.5177
139.3399 34.0896
143.3746 35.7605
139.3985 34.7024
137.1863 34.2883
140.3344 34.0575
136.2250 33.3566
139.3244 34.1304
139.1978 27.9447
137.3925 29.6307
139.8812 28.5489
136.2896 29.2811
137.5008 34.3868
144.6566 38.7442
136.2380 33.3312
137.0976 30.3173
138.6306 29.7902
136.2382 30.2687
136.3529 30.0893
137.0039 29.4279
144.8346 38.7071
133.7117 27.3049
139.5157 28.1407
141.5343 35.7613
137.0997 29.1366
144.6117 38.5029
138.4914 31.0448
136.7031 33.1222
140.1283 34.2521
137.0992 33.2861
136.3223 33.6333
137.4175 34.3837
138.6937 34.4392
136.9908 29.5743
137.6830 30.1287
137.4203 31.1267
137.7273 30.3469
135.7503 30.2489
139.1674 28.7718
137.3937 34.3592
144.9142 38.7760
136.8326 33.6535
139.5210 28.1305
136.4100 33.7838
136.7069 33.6506
137.2006 30.0593
136.7810 33.6947
139.8376 33.9526
137.4253 34.3610
139.5960 28.6829
138.9174 30.1680
137.1557 31.1030
136.3258 33.1816
138.9058 33.0587
138.4641 29.8569
137.0430 34.2670
137.0968 31.0540
137.1772 33.2179
137.8226 34.3633
137.1563 30.7193
143.0236 36.9456
136.1975 33.4147
145.0854 38.3019
138.8741 28.2380
135.8413 30.5244
138.9158 32.5286
139.1293 28.7351
137.1091 31.0055
138.9044 32.9665
136.6737 29.2686
136.5264 29.5165
140.6882 33.8276
136.0136 30.5293
136.6190 29.8497
139.1412 28.9190
138.4210 34.2742
136.8410 30.5997
136.4330 33.8575
137.1827 30.9142
137.9776 29.6590
136.6803 28.9832
136.3580 30.9530
139.5534 28.7244
137.6229 31.4016
137.1637 31.0191
136.8748 28.8461
144.6286 35.2147
136.5055 33.2995
136.6711 30.1482
136.6221 33.2307
138.6608 30.6183
136.3221 33.7239
139.1153 34.4867
136.2259 30.0818
136.9444 33.2333
140.3778 33.5769
145.4976 37.5553
136.1806 30.0589
136.9915 31.0567
136.2025 33.3461
139.0284 29.3472
136.5853 30.7547
145.0803 37.3509
136.7697 33.2667
136.3447 29.1046
138.8177 30.1398
136.3982 33.7782
137.1990 29.6402
136.7820 28.6804
137.7754 31.3661
138.3076 31.0543
139.2008 29.1024
136.7656 33.5621
136.7428 33.1024
135.7437 30.3614
137.1509 29.2098
136.2659 33.2742
136.4702 29.5881
137.4158 30.4159
138.8101 30.2138
138.7285 28.8413
137.1549 33.2839
137.5370 34.3686
139.6527 28.8012
137.8083 29.6601
136.6207 29.8349
136.1621 30.6083
145.1757 38.3349
136.5832 28.9080
136.1009 30.5794
138.9177 28.6964
140.4619 33.6884
139.9379 28.4787
137.4589 34.3646
139.7065 28.2825
136.4089 33.1069
136.2737 33.6907
137.5295 34.3637
138.0358 31.3441
137.4551 34.3448
137.1762 34.3146
136.2472 33.2814
135.8123 30.5735
136.4539 28.6786
142.6777 36.7213
136.7856 30.0741
136.7276 29.6847
135.9498 29.3157
136.8091 30.7823
136.8775 29.0248
136.2923 29.2726
140.2900 33.6573
143.9421 36.9930
136.9540 31.1426
139.2223 27.9369
138.6420 29.4747
137.0771 33.2792
136.2030 33.5602
136.9328 33.2029
136.8807 30.1582
137.2177 29.6552
137.3445 34.3293
137.4737 34.3891
139.3691 34.7141
136.2371 30.2412
138.1202 30.5874
138.4717 29.7363
136.8817 30.1932
139.0835 28.9730
141.6201 35.7929
144.0067 37.0537
136.8583 30.1387
139.4081 28.0714
136.9599 33.1935
140.4476 33.1118
138.7514 30.3680
136.6973 30.1166
136.8890 30.7376
138.9397 29.7399
138.6092 30.1654
138.7877 30.2747
137.6441 34.3813
137.3979 31.0849
138.0073 30.4900
136.4916 33.5783
137.5243 34.3738
151.8694 35.9803
146.1138 34.6642
136.3798 33.7997
136.2299 33.2997
138.4181 30.9347
139.8233 34.1750
135.8531 29.8453
136.7032 30.2123
136.9512 33.4409
136.9328 33.1689
144.6103 35.1608
137.4579 34.3990
136.1169 29.3768
138.7754 28.3372
138.8060 30.2711
137.0885 31.0111
139.4126 28.0676
139.6887 28.5137
138.6747 28.5407
136.5294 33.6623
140.3508 34.2120
143.8423 36.7411
136.4939 33.6166
138.6192 29.7119
136.3971 33.3419
135.7991 30.8882
139.2291 32.8399
139.3956 28.0937
137.1122 31.1465
137.5676 29.9309
136.9681 33.4102
139.1627 28.7329
139.7236 34.3384
138.9191 29.7953
136.3101 28.7064
136.5439 29.4507
138.8370 28.2468
136.8627 33.0137
139.5380 28.1515
136.2322 30.8929
136.9642 33.1837
137.3600 34.4553
145.2500 38.4000
136.8739 30.4004
137.1161 33.3732
138.6622 28.1967
136.2720 33.5717
136.6796 28.9622
136.2572 33.5001
138.6626 29.4465
136.3713 33.7441
136.3182 33.1817
138.4329 30.9279
137.4262 34.3516
138.6450 30.5926
136.1299 33.4294
139.0542 29.1818
136.1865 33.5910
139.0897 29.1477
