134.2004 29.7588
135.2689 28.5772
135.6681 28.3626
138.7045 33.5131
136.3257 33.9007
133.2644 31.6356
133.0115 31.8034
135.4502 29.0700
137.7224 30.4094
127.7297 27.7799
137.7567 28.7009
136.3344 31.9967
137.4173 30.8776
133.9093 29.0587
137.2405 29.3409
135.1475 29.3694
135.8819 31.0319
132.5781 30.3125
133.4406 31.8237
137.5878 29.3100
133.2323 31.5935
135.5770 30.7494
136.0670 31.5124
138.2425 29.5627
137.1612 30.4650
137.2194 28.7173
132.8649 32.7103
132.1244 30.2538
135.7520 32.4401
136.3839 32.2867
136.4300 28.6237
136.5575 30.4382
138.6878 29.1000
137.0302 28.6815
138.0395 29.0578
137.9751 30.0866
133.8174 28.8240
137.5153 30.6196
137.4517 29.3854
138.1603 34.3994
135.2518 29.4013
136.9159 30.7133
137.4159 30.5123
136.0680 31.5434
136.1799 30.0085
132.9154 32.7473
134.9638 29.5107
137.2301 29.5355
135.4975 28.8320
136.4092 32.3636
137.5884 30.5565
136.7531 29.6767
137.1445 28.3757
135.5948 32.7458
133.2239 31.8824
133.3522 31.2524
137.8664 28.6697
132.6471 27.7676
137.3562 29.2313
134.1817 29.1991
136.3469 32.1975
138.1892 30.1265
134.1458 26.8669
135.4093 32.9785
133.0619 31.6380
131.7368 30.3058
135.6644 30.7735
133.7341 28.7204
136.9131 30.5210
137.5950 28.7838
138.3279 29.6454
132.6011 30.4446
135.9812 32.4964
137.0421 29.0001
131.9753 30.2115
136.0336 28.5265
137.5929 28.7272
134.9185 29.4789
136.7007 28.2802
137.1430 30.1930
135.8501 30.5173
134.4424 27.4653
137.6378 29.9959
132.9134 30.7026
133.7399 28.8462
136.7408 27.9826
135.8806 31.4269
135.5282 28.6337
138.7103 29.0664
136.4655 28.2081
136.7657 28.3714
133.0074 31.7100
136.2744 30.0374
133.1960 31.9749
128.0518 27.8400
137.3978 28.7047
138.0456 29.7742
128.4644 29.4005
137.4203 28.9837
135.6886 28.8035
138.4708 29.2194
135.8137 31.1074
137.5735 28.7568
135.7131 27.9780
135.4822 29.0256
137.2840 30.7883
132.8193 31.5687
138.6281 29.1947
135.4358 28.2879
135.2089 33.0702
134.2634 29.1477
135.8545 28.2272
137.6756 30.3378
134.1707 30.1004
133.2279 30.9567
135.8118 29.0333
137.8027 30.4681
141.0483 33.8963
135.5889 29.9021
138.6579 34.3439
136.8118 33.9067
136.2576 32.3473
137.0226 28.5302
136.8730 28.4266
133.3591 31.3889
132.2127 30.2998
138.2233 30.2013
135.3756 32.8782
137.2672 30.6165
137.1347 28.4765
134.6095 29.6428
138.4343 29.0832
131.8471 30.3525
133.3650 31.3048
132.1182 30.3736
136.1682 30.2178
129.0918 27.6169
136.2368 32.3343
136.3486 29.8457
136.2516 28.6007
135.4294 31.3502
138.3247 29.7702
135.9017 30.6416
138.0169 30.3552
135.2821 29.1881
137.1441 28.2433
135.2711 28.9092
132.2592 30.8015
136.2192 31.9059
137.0926 28.9004
135.7581 30.7294
132.5892 30.3744
138.0092 29.1324
138.4897 28.7576
134.2538 26.5828
135.3832 28.4235
135.4075 32.8573
137.2372 29.0659
132.9911 31.7671
132.9080 31.7104
133.4687 31.6874
136.4273 30.0395
133.1163 30.8650
138.3726 29.7189
132.9512 30.7168
131.7953 30.0426
133.1629 31.9617
133.2651 28.7461
133.4024 31.8051
137.3753 29.0928
135.6866 28.0472
132.9727 30.6752
137.8528 30.0367
138.5513 29.5697
139.7652 34.3826
135.5677 30.6757
132.1138 30.2798
136.1210 33.7428
132.5755 30.4072
138.4865 29.1329
137.9127 29.8730
133.7355 28.8720
135.2946 32.6649
132.5378 30.2395
138.1356 29.9290
134.2340 30.8231
132.4076 30.1921
130.3880 28.4400
136.0431 32.3167
135.8048 30.7672
135.7558 30.5893
135.3674 28.9886
136.9844 28.7596
138.3451 28.6615
136.1732 32.1688
133.0622 30.7968
133.0078 32.6814
135.0282 29.1190
137.7825 30.4685
132.8726 30.5410
131.5285 30.2843
137.9603 30.2367
135.4435 28.8980
138.7243 34.4211
137.2650 29.9744
136.3639 31.9310
138.1322 28.7063
138.1437 28.7944
135.7222 30.9126
136.3911 32.7328
131.7428 30.1851
132.9873 31.7470
138.0036 29.6517
138.4558 30.1455
133.0013 31.7324
138.0136 28.8099
138.4531 29.1861
135.2810 28.9503
135.0470 30.1292
137.9910 29.7628
136.3012 31.7259
136.9682 28.4141
132.3165 27.4903
137.8921 30.3602
137.9475 30.1803
132.3744 30.4247
135.9770 32.4763
137.7183 28.9243
137.7702 28.7055
132.5254 31.5256
135.4437 32.6693
137.2012 30.4357
135.4958 28.9277
137.7094 28.6000
130.7207 26.8443
137.3755 30.6390
135.4298 30.3673
137.7691 29.2481
135.1623 30.1922
135.8549 32.4758
135.5188 28.9546
131.6721 27.1679
138.1609 30.0524
136.7034 29.6387
137.9864 34.4241
136.7722 28.5832
135.2935 29.5279
137.9240 28.7984
137.1030 30.6297
133.4858 31.7747
133.3691 31.8807
137.9343 30.4113
127.5576 27.8819
138.5232 34.4172
136.9244 30.0139
135.2434 32.9660
135.7826 28.3448
133.0010 31.7873
132.0283 27.1756
133.3366 31.1347
132.7062 31.3955
135.8710 29.0585
136.5810 28.4911
133.1438 31.2259
136.4757 28.5266
135.7102 28.2853
137.7775 28.6426
138.6156 29.1386
132.5769 31.3915
133.3352 31.7219
136.1765 30.0771
138.3013 30.1466
138.2167 29.4249
137.7018 30.4231
135.8633 32.4713
135.4269 32.6448
137.8088 29.7205
135.9538 30.1181
137.0020 28.5825
135.9774 30.8191
132.7337 30.3837
136.9434 28.4706
132.9135 30.5898
135.0627 29.5333
138.0384 29.7591
138.3038 28.6732
137.0383 29.0858
136.0995 28.5225
133.1073 31.6860
137.9675 28.9675
134.3416 28.9499
136.7463 29.6920
135.9415 28.2856
135.6580 29.0736
135.6514 28.5167
132.6491 27.7003
136.1522 31.8356
137.2945 29.1209
137.7611 29.3249
139.8194 33.5497
138.0848 29.3755
138.5198 28.9166
136.3165 28.4920
138.6143 29.1253
134.1955 29.0002
138.5054 29.9393
132.2311 27.3775
134.1545 29.8794
132.8868 31.7256
133.3163 31.0961
137.8401 28.6937
131.8741 30.3345
135.7820 32.5430
138.1674 29.9109
133.2586 31.9253
136.7698 28.7905
134.6721 29.1223
137.7799 29.0732
138.6958 29.6291
132.0723 27.5176
137.9509 30.0180
136.0596 32.4466
133.1715 31.8438
137.5835 30.3805
135.8922 28.3204
132.3705 27.2734
134.0815 29.8936
135.1516 28.5729
129.1249 27.4135
138.1181 29.4923
132.3082 30.4954
136.3159 32.1416
137.2490 30.1311
137.6705 29.9040
137.4526 30.3166
132.0650 30.3984
138.0625 29.8911
135.8663 28.9632
138.0980 29.2269
138.4892 29.8179
138.1929 29.9064
137.0959 28.5567
131.8932 30.3426
134.1517 30.3272
137.5174 28.8297
135.6199 30.6189
135.4076 28.9845
135.3668 32.8129
135.1149 29.2501
132.7085 31.7762
138.6797 29.6941
135.7187 30.7909
136.1275 28.4382
128.3723 27.1322
135.4996 27.7513
136.3310 32.2285
136.2869 28.2275
134.4938 29.8145
136.3932 32.0481
138.3139 30.1945
137.3792 30.4571
137.3503 28.6100
135.7583 32.5580
137.9442 30.3328
138.6586 29.2313
138.2499 29.5323
135.7798 30.7013
138.6791 30.0145
137.1747 30.5092
137.2466 29.0970
133.5555 31.7397
136.2446 32.6183
127.4173 27.5059
131.2482 30.0851
132.7617 30.6193
137.9392 28.8426
132.2095 30.2844
138.1311 30.0479
133.2168 30.8406
133.4691 31.9783
136.0308 32.5581
137.9018 30.3203
137.6524 29.1060
137.6807 30.4284
137.3476 30.6809
137.6391 28.6603
134.5577 31.7018
129.6203 27.7444
138.8161 32.7493
136.5241 32.5295
133.3936 31.3729
137.4821 30.6409
138.4924 28.9888
135.2984 32.7332
134.7735 28.8971
136.5346 28.5543
134.5021 28.9654
134.7599 29.6234
137.3767 28.6224
134.2854 29.5452
136.0171 28.4334
138.4930 29.8294
136.4135 32.3285
134.6571 29.5785
138.0354 30.0362
134.9800 27.2444
136.4890 28.2786
132.2927 30.3941
134.3912 29.6098
132.9980 28.2150
137.7112 30.1834
136.9281 30.5969
137.9538 28.9181
135.3255 29.1157
134.8227 28.8449
137.8122 30.3200
133.2062 31.7999
136.0995 32.4536
137.8934 29.6988
132.4953 30.3834
138.5985 29.7059
136.6335 28.3293
136.0599 31.6283
135.5126 32.2939
132.7689 31.3469
135.4188 28.6988
135.1098 33.0182
137.1641 28.3499
137.4169 29.7201
131.9295 30.5867
138.1539 28.7511
138.6008 29.1345
131.5201 30.1534
132.7336 31.3103
136.1244 32.6633
133.0022 31.8696
135.7173 32.5112
134.2552 32.7204
138.2109 29.9249
135.0668 30.0057
133.3119 32.0189
133.7180 28.7555
138.4298 28.8730
135.3926 29.0709
138.0062 28.6169
137.3489 28.8849
140.1067 33.2401
138.5874 29.2065
137.7231 29.7112
133.4019 31.3156
132.7403 30.6375
133.2292 30.9494
137.9091 28.6246
137.3620 30.5742
137.1572 30.7657
133.8772 28.7510
135.8916 31.5222
132.5714 28.2807
137.4044 29.4000
135.4467 31.1577
136.7270 28.2663
132.9609 31.5626
137.1395 30.2362
134.9291 29.9628
135.2930 28.4597
138.4998 30.0278
137.5708 28.5693
131.5882 27.5985
136.1793 32.3294
128.0193 28.9684
136.9195 29.2358
135.1658 29.3374
140.0236 33.6239
134.1945 26.6405
137.5609 29.8340
137.4548 28.7667
136.3308 28.1646
134.6322 29.6306
136.0050 28.4337
138.8733 33.7511
131.3192 29.8638
137.1852 28.5824
135.5261 27.8344
131.7777 29.9936
137.2554 34.2043
135.9816 29.0194
133.8391 28.7653
137.2764 29.8770
134.8787 33.1761
139.1594 33.4490
136.2241 32.6373
139.4812 33.1493
134.8354 29.4188
137.7144 29.7719
127.5183 27.8121
133.0246 31.8791
138.6699 29.5992
137.3390 30.0205
135.4858 28.9214
137.6504 30.5867
136.7290 28.4049
137.4050 30.3938
138.7882 29.2519
138.4892 29.3769
137.7177 28.7729
137.0073 28.0607
133.6241 31.7789
135.3169 29.1661
137.4738 30.1862
134.7166 28.8229
135.6616 28.9770
137.2430 28.8877
135.7744 28.9712
137.9278 30.2948
132.7012 27.1865
137.7768 29.8386
127.4607 28.2667
137.3389 28.6003
136.5284 29.7815
133.1063 31.8564
133.1757 31.9530
138.1428 28.6346
135.8675 30.2052
137.2713 30.7019
138.0227 29.2109
138.5090 29.7101
128.1693 28.7159
137.3802 30.1797
138.4334 29.6610
138.5662 30.0293
138.0871 30.3785
135.7680 30.5205
138.6144 29.7366
137.6190 29.1363
138.4744 29.0482
133.1270 31.7996
137.0792 28.3280
133.4110 31.6402
132.8031 30.6138
133.1220 28.1809
137.6020 29.9684
133.3403 31.9448
129.0007 27.5506
135.6624 28.8362
138.3710 28.9654
138.4738 28.9011
138.8513 29.1086
139.0599 32.9699
135.6478 28.8803
136.4337 28.3865
135.7154 28.9131
138.0035 28.6414
134.7401 28.9205
137.9694 29.7130
138.5576 29.2546
138.5306 29.4675
128.6177 27.1670
132.4774 30.4180
133.6394 32.8661
136.5061 28.3328
136.2206 28.4946
135.8972 30.3200
138.7316 29.3049
136.2877 29.9021
138.6365 29.4000
133.0483 30.7689
138.0452 29.5075
132.5429 30.4421
132.7585 27.9450
135.5466 28.4826
132.6610 30.4972
132.4292 30.3758
135.3169 30.9850
135.7241 30.8820
137.3897 30.3859
133.4240 31.8549
131.3422 30.7220
137.2572 30.0932
132.3634 30.2987
133.2176 31.0560
133.0442 31.9161
138.5196 29.6883
137.5590 30.3367
135.8458 31.1325
133.2612 31.6875
128.1230 27.6062
138.4243 29.0730
133.2153 31.7527
136.2276 27.9444
138.6062 28.9157
137.3996 30.3508
137.8710 29.9741
132.7400 30.4171
133.9583 29.3163
138.5365 28.9288
137.1752 29.4459
138.1411 29.7328
137.5427 30.6288
139.4804 34.0821
134.4585 29.6588
132.6553 30.3889
132.3641 27.4716
136.2276 31.8725
138.7912 29.4760
135.7874 32.3613
138.5448 29.6784
138.5437 28.8645
135.0747 32.8526
138.1840 29.3130
137.9476 29.0456
135.9586 31.4236
134.9619 33.0001
137.4511 30.8414
130.8961 29.7135
135.2463 32.9648
138.0462 28.6579
135.5339 33.0863
139.1151 33.2735
138.3818 29.5137
135.8619 33.4662
137.7586 30.6511
135.7772 32.3688
136.1657 32.2799
138.9701 29.2127
138.0287 28.9616
136.3085 30.0379
135.4118 31.4866
136.9319 30.8339
135.1854 32.7420
130.7431 30.1185
135.5790 32.7133
135.5838 32.5498
135.9930 32.4428
128.2586 29.3303
136.6679 30.9566
128.6980 28.4218
138.8814 29.4223
135.1274 33.0394
137.9736 28.7197
136.0613 30.2860
137.9657 30.6425
138.3933 30.3679
136.3394 32.6723
138.6559 29.8239
137.8242 29.3641
137.8282 29.6106
136.1503 33.7395
135.9814 31.5973
135.3241 32.7521
137.3569 30.8457
138.0155 30.0143
128.9666 29.4265
137.0837 29.9891
139.7913 34.4706
138.5553 30.1575
128.7873 29.0711
136.7918 31.0001
135.9159 31.2401
136.3036 31.8741
136.3414 30.8385
131.4701 29.8405
137.3009 29.4723
136.1687 30.2341
137.8240 29.9026
136.1873 32.3137
128.7585 29.0077
138.3979 30.1329
135.8610 30.6590
138.8181 29.5768
136.9421 28.3205
139.4089 33.0673
135.8454 32.5559
131.6278 30.1377
137.1651 28.6488
136.2822 32.0087
137.8318 30.0551
138.4214 34.4438
127.9796 28.4201
137.1364 28.6820
139.3023 33.9768
135.3189 33.2953
136.8749 29.8048
140.7174 33.5237
136.3388 30.8145
140.1220 33.4235
137.8280 29.9284
140.3103 33.4332
136.5789 30.9714
137.9341 28.9314
136.5502 30.9237
138.9884 33.4359
138.8361 29.0419
137.5771 29.4934
136.0108 30.3591
139.4996 33.1723
138.6365 28.8784
136.1436 31.7116
135.3928 32.5748
136.7861 30.1611
137.9972 28.6176
135.8774 31.2494
136.3481 32.8146
139.0202 34.6774
136.9854 28.4826
138.4697 29.8436
137.9883 29.2745
134.7901 33.1886
136.0752 31.5300
139.7633 33.3961
137.4899 30.0948
138.8032 29.5783
138.1088 28.7933
135.3097 32.9830
136.0769 30.3116
136.1897 31.7407
135.2978 32.8445
136.3278 30.0713
135.8155 30.8016
136.4673 33.8884
135.8758 31.2076
131.8775 30.1917
135.6787 32.4518
135.6197 32.7092
135.0835 32.7923
135.8701 30.6195
138.8392 33.4684
138.8255 33.5583
136.3049 30.1489
138.7702 29.2012
136.2363 32.1807
135.1999 32.7289
135.2598 32.6782
135.8799 30.9569
134.7957 33.1043
136.1092 31.7519
131.7044 30.0747
135.6534 32.4683
137.2894 30.4835
135.9051 32.3403
139.2122 34.8856
136.9054 30.8983
135.9433 32.2836
137.5577 34.2366
140.3309 33.6300
136.0457 30.3712
128.8277 29.2727
134.9737 33.2676
137.6914 34.2713
135.2358 32.9725
139.8245 34.3869
138.2815 29.4511
136.0179 30.4210
136.6279 30.7990
134.8360 33.1783
135.9801 32.2875
136.2195 30.1630
137.7042 34.3005
135.3716 32.6637
135.0324 32.8448
138.3026 29.5270
137.1539 30.4722
135.2094 33.2113
138.6399 28.9722
135.3688 32.8944
136.2402 31.9466
136.3117 30.0720
137.1698 34.1260
138.5365 29.1718
136.1133 30.2005
131.4313 29.9306
135.4532 32.6980
134.8339 33.1269
138.2733 29.1832
135.2393 32.7161
135.4232 32.7252
135.2466 29.3266
136.5982 31.1468
131.8135 30.0428
135.8923 30.5485
139.1312 34.8175
138.4405 29.5785
135.8845 31.0383
136.8526 30.4779
135.6598 32.5098
135.3382 33.1715
137.0334 31.0008
138.1124 29.2677
136.3573 32.3905
135.0818 32.8158
135.5440 32.5110
136.1681 31.7899
135.1565 32.8301
137.2011 29.6283
135.2629 32.8671
137.4218 29.5441
138.8684 29.4262
136.2551 32.1630
136.6458 30.7345
128.8191 28.3188
127.9583 27.8096
136.6735 30.8292
136.9154 30.8860
129.0649 28.3290
135.8716 32.3482
136.1366 30.2733
135.4237 32.5650
138.8325 29.1273
137.2132 34.1903
136.1577 32.1804
136.3446 32.0964
138.8418 29.2778
139.8133 34.4988
130.6604 29.9817
138.0414 29.4348
139.4952 34.8696
137.9782 29.7245
135.1673 32.8003
138.2291 29.4901
136.2228 32.3267
128.1287 28.6597
137.8272 29.3963
131.7102 30.1834
137.5712 29.3900
135.2541 32.7070
135.7583 32.3849
137.8681 29.7731
135.4473 32.5622
135.9669 32.2665
135.5253 32.5101
135.3191 32.7737
136.3720 30.0375
136.3932 30.6848
138.3199 29.1057
135.2698 29.5055
135.4060 33.2609
135.6723 32.7385
134.8841 33.1637
131.6410 29.7296
135.3167 32.7006
136.5556 28.8104
138.1288 29.5941
140.4459 33.4104
136.4351 28.2774
138.6172 34.6035
136.3344 32.5906
135.3054 27.8832
132.7617 28.3730
136.6367 29.2524
128.1363 29.3641
137.2090 28.9303
135.8125 29.1112
127.8574 28.4814
129.0520 28.2298
129.1654 28.8338
136.2595 33.1510
136.0203 28.1271
136.8791 30.5441
135.6385 29.9789
135.8238 32.4638
133.4336 31.9453
135.6876 29.4670
139.8241 33.1700
137.7930 30.5236
137.6268 29.3086
135.4819 33.3604
133.5376 29.9794
135.9716 30.3817
135.9788 31.0138
138.0970 30.4313
136.4134 32.3186
138.9881 29.3238
137.9582 29.2032
138.2402 30.0983
132.6486 32.2075
136.7936 34.0188
137.8920 34.2959
136.8207 28.3529
133.1735 32.7576
138.2716 29.1072
126.2061 31.7775
129.7501 27.7044
135.8559 28.4102
128.2144 28.0168
137.8632 29.3801
137.0696 30.9871
139.0961 33.4127
138.3272 28.8951
137.0739 28.5159
135.3956 32.7059
138.7825 28.9927
136.4306 33.9543
139.2707 33.0023
135.8347 28.6480
139.5212 35.0399
135.8313 32.4413
133.6669 31.5848
136.1351 30.2177
134.9252 29.6206
137.3129 34.2043
137.2674 29.4580
134.8452 33.2310
131.7969 30.5687
136.7835 30.7712
135.2397 33.1936
138.1817 34.3830
137.9864 28.4146
137.9879 30.4018
136.1714 33.7662
136.2871 29.0254
135.4449 33.4572
136.6940 28.5844
136.1534 32.6869
135.9124 32.2975
134.2669 31.3953
138.8756 33.6685
136.9919 28.4862
138.1206 29.4048
135.2838 29.2085
136.0651 29.1990
135.9710 31.3519
135.4936 28.9298
138.5340 28.9287
135.5871 28.6894
137.8120 29.4476
128.8565 28.1481
138.4811 29.1285
138.5167 30.1174
137.7954 30.1940
138.4328 29.0116
136.5300 28.9036
136.0005 30.6397
138.2513 28.7452
129.0594 28.6254
135.7455 29.0491
135.3890 28.1137
135.6360 32.4658
138.2921 29.0151
130.8421 29.8998
138.2755 29.2742
137.7921 29.7693
138.8844 33.5003
136.7626 28.1330
138.6584 29.2001
135.3857 30.9000
137.9268 30.3383
128.6159 28.3038
135.1590 33.2000
139.2551 32.9556
136.1615 31.6573
137.3277 30.2541
134.2978 29.9359
133.5087 28.4344
138.2792 30.2321
135.0628 33.1898
137.7393 29.8593
135.9442 28.2403
137.0118 29.3915
136.1149 31.3894
136.3761 32.1113
132.7958 31.7641
135.6760 28.9320
138.1007 30.0305
135.4651 29.9568
136.1519 32.2347
130.9104 29.6369
130.9100 29.8368
135.4934 28.7984
135.3725 32.8670
132.9064 31.5990
136.0823 33.6376
137.4861 29.0598
138.6874 29.0910
137.5452 29.1428
138.5680 29.2859
128.0186 27.8998
137.2272 28.5464
137.5996 30.7645
134.0071 28.9145
137.4414 30.2097
133.7648 28.7514
137.4895 29.9610
136.0031 30.2669
138.9702 32.8576
135.9166 30.9283
137.5841 30.5727
138.4595 29.9450
138.1387 29.7383
133.3488 32.0097
135.0529 32.9765
138.4455 30.1468
136.1051 32.2292
139.3762 33.3240
135.3357 32.6801
135.9070 28.2618
137.6030 28.5089
136.7937 30.5790
134.5105 29.5822
136.9319 28.3186
135.8544 31.1911
137.8046 29.0996
132.4818 30.4224
137.8566 29.1161
127.8167 27.9056
134.0046 30.5222
136.3258 28.2664
135.0869 28.6230
132.9220 30.6561
137.0671 30.8105
137.2348 28.6169
135.5990 33.3351
138.3430 29.0813
138.7646 29.3663
136.3591 32.2835
137.6094 34.1827
137.6679 28.9079
128.1818 28.6252
136.4553 32.4489
138.5828 29.8669
136.2758 29.0743
137.8736 30.1738
138.4041 30.0555
137.5898 30.0175
134.0272 29.1614
134.1260 28.9953
136.9402 30.5889
138.6512 29.6084
132.6102 30.4412
131.7682 30.1089
137.3553 30.3090
137.9785 30.1304
138.6689 29.2038
136.6199 32.3005
135.8336 32.4963
137.1978 30.6881
133.5806 28.5668
135.9595 31.5993
128.1604 28.8256
138.7862 29.7578
131.1503 30.2436
133.4772 31.8036
138.5331 29.1402
136.0157 30.3038
133.9570 28.8685
135.8053 28.5507
135.5491 32.7201
137.5373 28.5376
138.5205 29.9868
134.2850 29.7230
137.7767 29.7818
136.0688 32.2971
135.0505 32.9912
135.6712 30.8281
135.4099 28.1037
137.7284 29.0936
135.3264 28.8250
132.9658 31.7970
135.9558 32.3077
135.5876 28.7179
137.3008 30.0609
137.5169 30.7093
138.1016 30.2551
137.3621 30.4020
137.2281 29.1499
135.2643 30.4673
138.7035 33.4677
133.1845 31.8872
136.9001 34.0378
129.9827 27.9955
137.4938 30.5119
137.3195 29.3116
138.7006 32.6970
136.3403 32.3018
134.5503 28.8935
134.9790 29.0275
136.3998 28.1029
133.3776 31.8014
134.0224 29.6145
137.9688 29.7443
137.3676 30.3462
133.2762 31.1262
137.9080 30.2504
137.0147 29.4195
136.0197 31.4756
137.8243 29.6367
132.7536 31.6265
137.2128 29.2490
137.4266 30.6284
137.1097 28.5341
138.1309 29.2292
137.3619 30.1534
135.6491 28.5480
136.9352 30.3966
138.3271 30.0244
133.1498 30.8432
137.6451 30.4409
138.6462 34.4210
136.3583 28.2293
132.7293 30.5538
132.5234 30.3050
136.3776 29.9124
138.5691 29.9359
137.7156 30.4078
137.9503 30.3622
138.0602 29.6313
135.6934 28.0915
133.1427 31.8263
135.7372 28.3788
137.3827 29.2527
137.3354 34.2642
135.8644 31.5735
133.1866 31.8334
137.7823 29.9263
135.5942 28.5927
133.2284 31.6653
136.3533 32.1509
134.5244 29.2151
137.7044 29.9247
137.5211 29.1955
135.1171 29.2165
136.4089 28.5032
134.1841 30.7556
138.5086 28.8441
138.3102 30.1917
133.8081 29.5011
137.8788 29.6983
127.7914 27.7278
133.0000 31.7608
127.9906 27.6914
138.5771 29.8720
137.7905 29.7779
137.5864 28.7831
138.2284 29.1701
134.4335 29.6394
136.6296 29.8001
137.5979 28.4668
137.2766 29.1346
135.6163 27.9281
137.4948 29.2361
134.1830 29.0367
137.5998 29.0920
133.1006 30.8800
136.1065 32.6010
138.1848 29.6998
138.5634 29.6530
138.1138 28.7957
137.5396 30.5273
129.2715 27.4044
138.4725 29.0829
137.7290 30.0768
136.4081 32.5873
137.2208 30.4968
136.0106 28.5837
137.6040 30.1966
136.1497 30.8015
137.4765 30.4383
134.8824 29.5956
131.8268 30.1254
138.4409 30.0055
138.7074 29.6749
137.5155 30.3184
137.2384 28.7036
134.1447 30.0792
137.3761 30.3281
127.9513 28.4468
134.6844 29.0582
137.8760 29.1913
136.2585 32.6189
137.0060 29.2708
132.1942 27.2653
132.0741 27.1293
137.2507 28.8649
133.0136 30.7565
128.1090 28.9722
135.8247 28.4101
136.3734 28.5312
133.8983 28.7838
137.5553 30.4389
133.6422 31.7278
138.3307 29.2257
132.1585 30.4003
136.9199 30.6265
128.1400 27.3824
136.7833 28.2962
134.1463 30.0984
135.5104 33.2808
137.6674 30.7258
138.5837 29.2807
135.9755 28.6138
138.6600 29.1805
133.2019 30.9476
136.4153 32.0819
128.0493 28.6662
134.7250 29.6881
135.9531 28.8233
133.1414 30.7721
137.6667 30.6902
135.9274 31.5965
137.3999 29.3142
135.8153 30.8247
135.7743 32.4833
136.2290 32.3631
135.9125 32.6182
135.8278 30.9066
135.8043 29.0122
136.3420 32.3130
136.6815 30.4378
134.5202 29.2868
134.4794 28.9420
135.1614 28.6367
135.4736 30.3997
136.2994 32.1027
127.8699 27.9638
135.8333 30.7912
132.0452 30.2990
127.9786 27.6829
131.3117 30.0374
135.9435 31.4586
137.1507 30.8752
136.1716 28.7548
132.9019 28.5896
133.1855 30.9399
135.9485 28.6661
137.0751 29.6919
131.1951 29.8094
135.8852 31.1831
135.8416 32.4926
136.4422 32.1390
136.8492 29.7135
128.3685 28.3092
131.1208 29.9049
136.0487 32.6100
128.0473 28.5560
136.4162 32.1001
138.7966 29.1196
135.8215 30.6611
136.3627 32.2466
136.8426 30.4955
135.5252 31.2909
137.1208 34.0741
133.4360 31.7096
136.2987 29.1237
138.2289 29.8753
138.5506 30.0057
132.4269 30.4775
134.2167 30.4963
127.9305 27.8509
135.1870 33.2533
132.2403 30.3972
138.8660 33.4533
128.0511 28.4281
133.7951 30.4827
136.3664 28.7344
138.4808 29.3198
135.6259 28.9834
136.4445 32.3492
136.8035 30.6162
136.4335 28.6053
136.0402 31.5557
131.2456 29.6687
131.9227 30.0305
138.8982 29.2735
135.8560 31.0554
136.8883 28.8486
137.8615 28.6795
139.0066 33.2880
138.8311 29.3791
135.8195 30.7602
137.3923 28.5221
131.1011 29.7894
137.2422 30.5901
134.2786 28.9650
131.9104 30.2744
138.2754 30.1848
136.2208 28.6704
138.6337 30.0766
136.7921 30.3367
135.6069 32.4750
135.4766 31.2452
137.6803 28.5267
136.0893 31.6344
135.0616 33.0412
138.8186 29.2211
137.7567 29.8658
138.7577 29.2586
130.6296 29.8333
136.4095 28.6038
136.6192 29.8235
135.8774 31.1159
133.3831 31.9532
135.5181 32.5605
135.7095 32.0735
132.9272 30.5854
132.8760 31.8250
135.0311 29.5386
132.9372 28.3224
136.4862 28.9881
131.8968 30.2169
136.1461 32.3300
136.1226 32.3022
133.2414 31.9926
136.4202 31.0908
136.3107 32.7472
136.3150 30.8476
136.4655 31.2799
137.4739 29.7188
136.3078 32.1566
137.8975 29.6507
138.2354 30.5269
135.0329 33.2009
136.8861 30.4861
135.6651 32.4371
136.4276 31.1606
134.8087 33.2720
138.4860 30.3619
138.7347 30.0611
136.0303 32.7868
135.9224 33.4616
138.8533 29.6807
138.0323 34.2975
135.9761 32.7478
139.7008 33.4752
138.5340 30.3255
138.6356 29.4726
137.5006 30.9320
135.2976 33.2450
136.3967 31.3111
134.8451 33.1705
136.9143 30.5888
136.1945 32.5664
137.4035 30.3757
138.3836 30.4110
136.0340 31.4422
138.4299 30.3728
136.4064 32.0345
136.7611 34.1892
138.8391 29.6023
136.1397 30.4507
135.2094 33.1116
138.7286 30.1020
135.4306 32.7140
137.2241 30.4896
136.4158 31.0530
136.3949 32.2138
136.4302 32.5554
136.5530 30.1359
136.7838 30.7188
137.2639 30.3806
136.6029 34.1481
136.7776 30.6679
136.0094 32.8680
136.7185 31.0501
136.7376 30.7535
137.8196 30.7660
138.8717 29.7225
138.4862 30.3481
135.0456 33.3929
136.6592 30.7236
137.5796 30.3729
136.2745 31.8642
135.2568 32.9226
136.9336 30.4547
136.6884 30.8826
136.9880 30.5546
141.2855 34.2829
136.7547 30.0776
138.6519 29.4545
136.4297 32.2313
136.2949 31.1244
136.2534 33.0496
137.0697 30.7602
137.3277 30.7261
137.6412 29.5297
138.6037 29.2177
136.4070 30.8499
137.8985 30.7184
138.5143 29.9588
137.8808 30.7383
135.6036 33.2373
137.7050 30.3534
138.5478 29.2346
138.5853 30.2576
136.2556 32.9100
136.4204 32.1533
136.5240 30.6886
136.1566 33.0057
136.2219 32.5241
137.1381 30.4341
135.0529 33.2195
138.6408 29.3509
136.0026 30.7731
136.0798 32.9599
137.0605 34.2249
138.9114 29.6519
136.1528 31.7297
138.1458 34.2895
137.9172 30.7308
138.3313 34.3750
134.8705 33.0766
137.4920 30.4484
136.8201 30.6681
136.0615 32.8544
136.1619 32.9562
138.1793 30.6097
138.6432 30.1435
138.5312 29.9293
136.9239 31.0425
136.5580 32.4165
135.2487 32.6860
134.8964 32.9947
141.4469 34.5836
138.6079 29.8447
138.6359 29.3120
138.0323 34.2262
138.6204 29.2360
136.7809 31.0491
138.4534 29.9819
139.8539 34.2995
136.4568 32.5806
136.8742 30.6507
136.3645 33.8389
138.7890 29.8797
135.0612 33.1905
138.1341 30.5948
138.5655 30.2782
137.7002 30.3245
136.2429 30.8580
138.8429 29.8487
137.2931 30.4611
136.7354 30.6497
136.2783 30.7931
134.9379 32.9110
136.4461 32.2429
138.6715 29.6396
137.1371 29.6719
138.2514 30.5452
136.5057 32.4323
135.0922 33.2410
138.4099 30.4084
136.4879 32.1145
136.4099 30.9169
138.6174 29.9310
138.0606 29.8790
136.4406 32.2047
136.2432 30.4772
136.3467 31.9856
136.2494 31.0629
136.2896 32.5948
138.5698 29.2550
140.7379 33.6353
136.2969 31.1034
136.7799 30.6557
136.9761 30.4460
137.7799 30.7694
132.8300 30.5632
138.0561 34.2616
138.5639 30.2530
136.0931 32.8487
135.0316 33.0354
135.2880 33.2647
137.3998 30.9590
136.4477 30.9183
136.4327 31.3169
135.1457 33.4919
135.3531 33.0927
138.5921 29.7512
137.3866 30.1712
136.4946 31.1678
137.0589 34.2563
138.7325 30.0692
136.0162 33.6203
135.9798 31.1127
138.1227 34.3369
137.3628 29.7048
136.3804 31.1126
138.6803 29.5878
138.4728 29.9819
136.0705 32.9531
137.2924 30.3442
138.5313 29.1152
138.6591 29.1899
136.4085 31.2233
137.8320 30.2124
138.9173 34.5790
135.2066 32.7490
137.5534 29.5020
136.0963 32.9360
135.6772 33.2620
136.5698 32.6161
136.4086 32.1572
138.6512 29.7369
137.9586 30.7200
136.2796 31.1112
134.8801 33.1328
138.3538 34.3613
138.7100 29.3489
136.4387 31.2213
135.9388 30.6759
138.6201 29.8735
136.5560 32.4609
134.9508 33.0472
135.8059 32.3649
136.4586 32.0078
136.7140 30.6908
134.9340 33.2517
138.8148 29.2212
138.6069 30.2245
135.4113 33.2380
138.0555 29.6584
135.1192 33.2449
136.8580 30.4967
137.6787 29.7028
135.0120 33.0503
138.7296 30.1020
138.2578 29.6828
136.8821 34.1103
136.3935 31.2769
137.6142 30.3989
137.8781 30.3269
138.5704 29.3933
136.4254 33.0412
138.8837 29.7751
136.2067 31.7703
137.1490 30.4418
140.5681 33.8492
135.1575 33.1185
135.2221 32.7765
136.5774 33.0251
138.6674 29.2523
138.7115 29.3336
138.4279 28.9406
136.6529 30.7278
136.6705 30.8260
137.4326 29.7982
136.9119 30.5262
138.7786 29.9969
134.8975 33.0623
138.8673 29.8035
137.8169 29.7512
137.0287 30.8260
135.1100 32.8354
138.6911 30.1378
136.7312 30.5746
134.8677 32.9737
136.0367 30.6807
136.8344 30.5824
136.9787 30.5256
137.1942 30.5944
138.8054 34.5881
137.1493 29.7690
135.2016 33.2873
136.7617 30.5642
136.8200 30.5753
138.8939 29.6782
134.8192 33.0195
136.3131 32.4758
138.5366 29.9564
138.3367 30.4721
137.3408 29.8456
136.4272 32.2066
135.3623 32.8861
138.4495 30.3920
136.4039 30.5536
138.6547 29.7659
138.6619 29.6652
136.9463 30.7691
136.8566 30.4960
136.4144 32.2454
136.0040 31.0765
138.6633 30.1661
138.1838 29.9618
138.2316 34.3168
135.4884 32.7902
136.2674 30.7740
136.7340 30.7086
141.0246 33.8702
138.7431 30.0317
136.3648 30.2055
136.0866 32.8800
135.9974 32.8192
137.3427 29.8331
140.8407 33.7311
137.9760 29.7805
138.7303 30.0535
135.8792 30.8537
136.1930 30.3538
136.5080 31.1499
138.7757 29.9324
140.9895 34.0656
136.9238 30.8208
136.7231 30.6190
136.2524 30.8604
136.9596 30.8074
136.4205 31.3157
138.6917 29.4503
136.2208 31.6917
135.9590 32.7912
136.0701 32.9200
138.7328 29.4097
138.7896 29.9539
138.2676 29.8523
136.8715 30.8478
136.9069 30.7644
136.0733 31.3654
136.0454 33.6109
136.2429 32.5129
138.2754 29.9918
138.7677 29.8799
136.2403 30.9425
135.5319 33.3375
136.2668 30.7665
136.9632 30.6847
138.7177 30.0775
136.1514 32.9477
134.9870 33.3212
137.4859 30.9305
138.6475 29.6005
138.5612 28.9449
138.6491 29.7790
136.0465 30.5592
136.7963 30.5875
138.6371 29.6547
136.0104 31.3310
135.9947 31.2400
136.7018 30.7046
138.4619 30.3668
137.4740 30.1920
136.9729 29.7966
137.7296 29.7472
138.7360 29.7573
136.7527 30.6220
137.1874 30.7665
136.3086 30.7396
137.9287 29.5601
137.2622 29.9006
136.2567 31.6789
137.6507 30.3401
136.4177 30.6392
127.8099 28.2959
136.1980 28.6290
135.3325 33.0148
134.6106 32.6129
134.2054 27.6277
136.9062 33.9760
129.6667 29.8899
137.8304 30.7626
141.4536 34.0995
136.1237 32.3929
134.8608 31.9465
137.0174 28.6100
127.9532 28.1938
136.5118 32.3553
135.9552 32.3209
136.3228 32.3894
134.1131 30.0818
135.3473 28.7545
133.1456 31.0716
138.2892 29.5040
137.1418 33.7721
136.9416 28.9751
132.1335 30.2571
132.8325 30.6840
131.9616 31.7891
136.2411 29.0027
131.5698 27.1196
133.1597 31.4253
133.0094 30.6565
132.4778 30.9814
134.0674 30.0635
140.6125 33.4081
134.9999 28.4687
136.6249 28.5373
136.4075 27.8785
136.1769 33.0767
137.9492 29.7552
135.0978 30.1720
137.6994 30.4773
138.4570 29.1972
137.5115 30.0393
136.3080 29.9262
139.2207 34.9815
127.5673 27.8974
139.8312 33.6672
137.0039 30.5868
137.6931 28.4040
139.2397 32.8641
136.8497 28.3564
137.3302 29.0882
131.3702 29.8339
136.9103 30.7575
137.5383 30.8336
125.9790 29.4151
138.7989 34.4433
139.1045 32.6413
135.5020 27.7507
137.3697 28.2936
127.9836 28.4246
136.0797 28.4023
137.9774 28.4857
137.2424 28.4769
137.0348 33.3903
136.9901 30.8840
136.2939 33.4318
137.3528 34.1742
138.6663 30.0642
138.0600 30.4864
135.1572 32.7375
131.4553 29.9844
138.5298 34.5258
138.0285 30.5868
136.8692 28.4798
131.0233 27.4211
137.8547 29.8767
132.6958 32.1937
135.2825 28.0600
139.8650 34.2226
136.3727 32.5715
133.1433 30.9162
139.3562 32.7990
137.4265 28.6471
135.2367 28.9008
136.5831 32.4427
135.4193 28.4344
137.7413 29.7965
137.3654 30.7230
133.8078 28.7768
139.2485 34.8022
128.5912 28.7725
138.6702 29.9715
135.4928 28.6893
139.0655 30.0321
138.1196 30.3661
131.5242 29.9295
135.8459 32.3114
128.6194 28.4894
136.4969 28.1049
130.6064 29.5134
136.4403 33.2412
138.2788 34.3648
130.5066 29.6396
127.9593 28.3614
135.8674 32.3662
133.3720 31.0891
132.4389 30.2162
138.6324 29.1865
137.5162 30.0156
137.9193 29.4647
137.8058 28.5377
133.5863 30.8661
134.5809 28.8401
137.3242 28.3555
131.0090 29.7216
136.3730 30.0296
132.1925 30.3235
136.1927 32.3368
136.2902 33.8066
136.1085 32.5793
136.2177 31.7838
137.1615 30.5753
135.5821 29.0920
133.2590 30.9465
135.6349 32.7907
136.3845 29.9939
137.5590 30.0891
138.0750 29.4840
133.2992 30.0712
135.0929 28.9381
135.4324 32.8172
135.4944 31.6218
135.7994 29.2384
138.2089 30.0863
138.4614 28.9587
127.7417 27.4887
134.0424 30.0550
135.4293 32.6361
135.7449 30.9837
134.9586 29.5113
128.1207 28.6247
138.4644 29.3585
135.8349 31.0522
135.5772 29.0061
131.6234 29.9283
132.0252 32.4267
138.3047 28.5536
137.8036 29.3674
132.9210 31.8010
128.9921 29.5407
136.7061 30.1930
138.1344 30.0448
133.4337 31.9458
135.4106 29.9193
135.4075 28.9880
137.5531 30.2112
132.7310 30.6356
127.9816 28.5805
136.8264 28.5172
132.9719 32.7031
137.1872 29.9345
128.1585 28.7187
137.0185 30.2367
136.1879 28.4500
132.5374 30.3217
138.1487 30.4098
137.9699 29.6617
136.2247 30.5519
135.9591 31.1670
136.7263 28.5762
136.7315 30.5980
136.5225 28.3502
136.0038 28.4060
138.5759 29.0621
136.0240 31.7511
135.0616 31.8993
135.5800 28.8363
137.7700 34.2908
135.7771 28.7863
136.2096 28.6157
135.3838 28.8999
136.8589 29.6511
137.6729 29.7973
137.4424 30.6448
137.9374 29.7866
136.6192 28.3426
134.7687 29.5426
127.6476 27.7711
138.6427 29.0181
135.5620 33.0744
133.4268 31.6472
138.7299 29.4521
128.0175 28.6088
135.8006 29.3044
135.3263 28.5204
138.1288 34.3522
136.8415 28.5856
137.1413 28.4978
135.4878 29.1426
136.0053 31.6822
135.5209 28.6891
137.0253 30.7914
128.3468 29.5666
138.5008 28.9114
135.6361 28.4048
135.9116 31.5157
128.8949 27.6050
132.5794 29.9940
135.8464 30.4239
132.0740 30.3529
136.4199 32.2853
137.4282 30.7445
135.1940 32.9806
137.2177 28.3915
131.5796 30.2297
137.1337 30.9224
137.9486 34.2687
136.6591 30.8380
137.5071 28.4812
137.3531 30.3973
131.8748 30.2046
135.2633 33.3669
137.9922 34.3495
137.8018 29.3477
138.0067 30.4657
138.7153 29.7899
138.3619 29.8353
137.1891 28.3025
129.3593 29.9796
128.4412 28.2592
135.1437 30.1165
138.0634 29.1954
138.1243 34.3521
136.1116 31.5060
136.1920 28.7404
136.5197 28.6759
135.6173 28.5255
137.1046 29.6628
138.7811 33.3302
137.6010 30.7297
136.1413 28.6666
138.4603 29.0429
138.5285 29.0374
135.6221 30.2053
140.5072 33.7909
135.5677 29.9389
135.6313 28.8558
135.0210 27.6919
135.5308 32.9142
137.9953 30.6570
136.8956 28.2210
137.9783 29.4556
131.0923 30.3275
136.1586 31.8605
131.5667 29.7850
136.3347 31.8669
135.6154 33.2200
138.7999 29.6379
135.8078 32.5544
135.3290 32.8140
136.9950 28.3423
136.9929 28.4836
138.3351 28.7980
135.6956 29.9953
132.6027 31.2000
136.5157 31.1748
136.3667 30.9708
138.6821 29.9874
138.6225 29.5923
136.6796 33.9003
133.3722 31.7618
138.1521 28.7881
135.8942 29.2894
136.9093 30.7896
132.4596 30.5022
137.2138 30.2895
138.1826 29.9325
127.8128 28.7152
129.3815 27.5041
128.0394 28.8368
138.6829 29.1286
136.1672 28.7902
135.8353 32.6426
138.1057 28.6380
137.7774 29.0592
129.7513 28.9996
128.1178 29.0639
135.6871 32.4480
129.5086 27.7996
138.5967 28.8747
136.5740 28.1938
138.3139 29.3970
137.3639 30.2707
140.8498 33.8570
135.5509 30.0965
132.3358 30.3467
136.5981 32.7519
135.3216 27.6191
134.3990 32.2375
137.8469 29.4918
136.5365 32.2616
137.2055 28.5767
138.8128 33.4842
136.5403 28.5077
138.0087 29.2633
136.1193 31.2667
136.4247 28.2827
135.7814 28.8444
138.1086 30.4639
129.6641 29.0925
132.2289 30.3824
136.1373 31.7830
129.3243 27.6920
133.1328 31.7080
129.6336 27.5079
138.9207 29.6216
137.3116 30.2113
128.0251 28.3493
135.4159 32.7979
136.6176 33.9394
135.7077 29.0384
135.9249 32.3463
138.8541 29.2034
135.9670 30.4328
136.1137 30.2833
137.3925 30.8288
136.3415 32.0193
138.3828 29.6355
138.3832 29.5964
138.6211 28.9816
137.0297 30.9273
137.7170 30.6513
136.4641 32.2179
140.3753 33.0690
140.6245 33.8054
136.3053 32.1375
136.6516 30.9302
134.8800 32.9967
138.1629 29.7739
140.6615 33.8163
134.8730 33.2412
137.7535 30.6856
137.0221 29.7420
138.1206 29.7912
135.5827 32.5292
135.5059 32.5296
139.8971 33.6084
137.2196 29.5820
135.4158 32.5750
137.0181 30.8671
135.2419 32.7825
135.7050 33.2942
138.8572 29.2660
138.9255 33.6259
136.0894 32.2862
135.8583 32.3158
136.6450 29.9774
135.3382 32.7564
135.2017 32.8295
140.7075 33.8369
135.1391 33.1001
127.7143 27.9897
135.2656 32.7077
134.9669 33.3871
135.8410 32.3318
136.2480 30.1866
136.4001 32.2441
137.3912 30.7147
135.9610 32.3202
136.1300 31.3681
134.8060 33.1541
138.2406 29.0586
136.0620 33.5964
134.9686 33.0041
135.4148 32.5917
135.0889 32.7802
136.0998 32.5635
137.9358 29.3923
135.0207 33.0473
136.2075 32.2503
135.0816 32.8312
135.2210 32.7334
136.7285 30.7965
135.5281 33.0393
135.4387 32.6283
137.6376 29.5833
135.8831 30.9567
138.6412 29.3709
135.1357 32.8584
136.3917 30.0709
135.2711 32.8905
135.0629 32.8662
140.0340 33.6236
136.6464 30.7176
136.0271 32.3214
136.2190 30.1794
136.1520 30.3432
136.3090 32.0034
138.8665 29.2844
135.0893 32.9251
135.9456 31.3890
135.3358 33.3418
138.6282 29.2155
135.6418 32.4613
135.5135 30.1125
136.2820 32.1201
136.2974 32.6301
135.0171 33.0290
136.2333 32.2737
135.8663 30.5932
136.1489 32.1492
137.0536 34.0321
135.4196 33.0324
136.6688 33.9233
136.3247 31.9422
138.4162 29.6010
136.3104 31.0887
135.9196 32.2993
135.0080 33.1837
136.2603 30.8029
135.9383 30.4849
134.9091 33.0959
138.0625 29.4349
134.9925 33.0732
136.0722 31.6875
137.8870 30.2545
135.8924 30.9046
138.6176 30.1820
135.9642 30.5075
135.4686 32.5536
138.7388 29.0514
138.3501 30.4291
138.5894 30.2196
135.6799 31.3414
138.1729 29.5065
136.6898 31.0933
135.3937 32.6499
137.3607 30.7902
140.9862 33.9125
137.2285 29.6650
136.3112 31.9914
129.2336 26.5782
133.4642 28.8950
135.9033 32.8601
133.7699 29.0987
134.6122 29.6499
127.1615 28.0000
128.7772 27.2138
131.6001 29.9283
135.2043 32.8881
136.7477 30.4194
138.3829 30.3488
133.9699 29.0829
138.0417 30.0417
138.4016 29.1440
137.9412 30.2902
134.2302 29.0016
139.0943 34.6841
134.4994 29.2519
136.3992 29.0152
135.8763 32.6994
133.0038 28.4025
138.0120 29.8771
131.9582 30.2545
138.1737 30.0861
132.1651 30.3354
137.4705 30.7379
136.2456 32.2421
138.3089 34.2896
138.0614 29.8672
137.4815 30.6719
135.6981 28.8106
132.0999 30.1467
137.0008 29.9889
132.7810 30.5785
136.7229 27.9837
137.2660 30.5966
134.9075 27.0311
134.2171 30.3279
127.5612 27.7223
131.7484 30.1644
136.4416 32.0916
133.6699 32.7354
140.6918 33.7530
138.0104 29.5646
134.0165 29.0910
135.8334 33.0809
137.1728 29.5612
138.5738 29.3593
135.0844 29.7500
137.2427 28.6575
135.8565 32.7214
136.6907 30.5276
137.0508 28.5003
138.3891 29.9429
138.0630 30.0323
140.1765 33.8621
138.1599 34.2512
137.0829 28.2744
136.0631 31.6336
133.4563 28.8844
138.3992 29.9784
134.3207 29.8293
138.1845 30.1023
136.8562 30.5052
135.1842 29.9678
137.2223 30.6363
136.2026 32.8178
138.1803 29.9291
132.0562 30.3620
138.2369 30.0968
137.0137 28.6852
132.0891 30.1941
136.5261 33.9889
138.2734 30.0867
137.8939 30.1856
135.4396 32.9194
137.6537 29.6564
137.7377 29.6378
138.3624 29.9638
137.9341 29.8124
138.5659 29.1121
135.7642 32.4460
137.0659 28.5708
138.7081 29.4335
136.3761 32.0815
135.1605 32.7992
138.3150 34.3587
138.3196 29.9983
138.3326 29.9971
135.3598 29.3276
137.2168 28.2996
133.0617 30.7763
137.2321 29.2492
135.9338 28.5036
133.8419 28.9014
139.3316 33.3435
136.3091 33.9335
138.7481 29.8597
138.3604 29.9662
131.3629 28.7174
138.1901 29.9150
132.0953 27.5358
134.8621 29.5469
132.3991 30.3846
131.5226 29.8915
131.7417 27.5033
138.7280 29.3975
137.2736 30.2677
136.9923 34.1214
137.1914 30.6725
136.8453 30.8074
136.2265 30.3207
137.5753 30.4835
137.3947 30.7638
136.9359 30.1240
137.4002 29.4995
137.2578 30.6808
136.2147 32.5933
136.5489 31.3414
138.0960 30.2275
137.0278 30.4544
138.1775 29.9122
136.3652 30.5778
136.5344 31.2709
135.7765 33.3571
138.7311 29.4118
136.2542 30.9918
135.1033 33.0407
136.8729 30.5485
138.3424 30.3632
136.7546 30.9637
135.6689 32.4862
135.4893 32.7453
136.7587 30.8736
138.0606 30.6230
136.8020 30.7149
138.2952 34.2478
136.9559 30.8292
135.7987 32.4079
137.2688 30.7200
136.3217 32.2379
136.7406 30.8217
136.5616 32.2998
136.9481 30.5057
136.3704 32.5513
136.3318 30.6278
135.6336 32.4607
136.8474 30.6032
135.4863 32.7315
136.2571 30.9398
138.5965 29.9167
137.3908 30.7122
138.2162 29.9065
134.8108 33.0778
136.1216 32.2985
136.8618 30.7984
136.5415 33.6548
137.1237 30.4597
140.1733 33.4133
137.4028 30.7518
136.5256 32.4173
136.1153 31.6232
138.9352 34.4772
138.0426 30.1736
135.8485 33.1357
137.8932 30.3322
136.9748 30.5303
137.1335 30.0836
136.9490 30.5145
135.5406 32.9130
137.0490 30.1158
137.7590 29.9869
136.3789 32.5022
136.8930 30.7856
137.6140 30.0357
136.5057 31.1497
135.0289 33.0656
137.6315 30.5619
137.5050 30.0218
136.1267 32.3194
137.0557 30.7967
138.2179 29.9320
136.7988 30.4740
136.2910 31.1396
136.1930 30.3553
136.7513 30.7411
137.2342 30.6716
136.2799 30.7285
136.6763 30.6984
135.5686 32.6252
136.8669 30.5382
136.6010 32.5838
137.1078 30.8035
136.9261 30.8302
136.8168 30.6113
137.9471 29.9716
135.1559 32.8223
137.3264 30.7758
136.2416 30.4266
136.8002 31.0417
136.0671 30.3919
137.5263 30.5144
136.8691 30.7383
135.4095 32.6939
136.8300 30.7420
138.4937 30.0199
136.9530 30.7971
135.0244 32.9537
136.2637 30.9271
136.4044 32.7593
136.8123 30.7942
136.9492 30.7762
138.4305 29.9752
136.7403 30.7620
136.2267 31.8108
136.6763 30.6748
137.0136 30.8331
140.7627 33.1518
137.1237 30.8362
136.3697 32.7059
136.8049 30.5314
139.7133 34.5255
136.6949 30.6798
136.6182 30.5932
136.8993 30.4947
137.0778 34.0191
137.0294 29.7026
136.3237 30.6397
139.8304 33.6860
137.1575 30.8011
134.9475 32.9898
135.2326 32.7399
135.1801 32.8525
137.3046 30.7130
135.5546 33.3688
137.2238 30.7260
137.0910 30.5163
136.9831 30.8460
140.1536 33.4424
136.8076 30.7949
136.1066 32.3235
137.9146 30.1727
136.5491 32.4880
136.9165 30.8118
137.7284 29.6066
136.9082 30.8282
137.7156 30.2779
136.4017 32.0691
137.2290 29.1009
126.9406 27.4501
137.3248 29.2456
138.1099 34.5075
137.4652 30.1411
138.6568 29.5528
137.2369 30.4050
135.4687 28.9646
136.8931 33.8503
134.6907 30.7882
138.3197 29.0551
136.2670 28.0134
133.1658 31.0021
132.1271 32.4818
133.2486 31.0310
137.8178 30.2811
138.4485 30.2092
136.0283 32.7590
135.5142 27.7130
133.2447 31.6988
137.7044 28.9519
137.7050 28.7058
133.0198 30.7406
136.8368 33.9093
134.4501 28.8891
133.1400 31.3944
131.0935 30.3599
137.4933 28.4421
128.5285 29.7974
134.1755 29.2565
134.3396 27.0461
135.9169 32.3638
129.8767 31.4537
135.4990 28.7213
137.4100 28.4987
127.9056 27.8036
135.3360 32.7395
127.3726 28.0589
133.8674 29.5471
127.2470 30.1076
134.4146 26.6268
138.4837 29.4007
133.2060 28.5412
136.0273 31.4163
132.4564 30.5709
135.7240 27.9020
132.1515 31.4060
138.7302 29.1258
135.9976 30.1692
136.8145 28.2629
137.6546 29.5404
128.1690 27.7769
137.2496 29.5075
133.0255 31.0395
138.2282 30.1569
132.5455 30.5211
137.2885 33.5704
136.4521 32.2301
132.8692 30.7308
135.3117 28.7281
136.7754 33.4775
137.8122 29.3181
136.1979 28.8282
135.3242 29.5318
133.4454 31.8287
136.4190 32.6363
132.2662 27.1303
128.9566 28.7589
135.9984 29.1914
135.9401 31.7328
138.0649 28.9529
131.3810 27.1703
129.0783 28.7862
132.4268 30.9349
132.0381 29.6392
132.0641 30.5649
137.5622 30.6784
135.2199 32.9558
132.7336 31.6625
134.7705 31.2458
138.7513 33.4220
138.6814 29.3624
134.5564 27.9365
134.6141 28.4344
132.8926 29.7442
135.3421 29.0716
137.8440 30.2016
134.6162 32.6462
131.9097 30.8916
132.6660 31.0529
135.8246 28.3227
130.7772 26.7077
130.3802 27.9471
135.7368 28.4629
131.1071 30.3345
133.4672 30.6474
132.3959 31.2941
138.2826 29.5957
135.8425 31.7397
137.2142 28.9036
135.3629 26.9532
131.2146 29.7836
131.6114 27.8141
136.6336 31.7794
134.5399 26.9175
131.4686 29.8853
131.8815 28.0548
129.5054 30.6189
136.4301 28.1701
135.5896 29.3978
134.5284 26.6030
135.9445 32.0383
130.9163 30.1601
137.4365 29.7787
133.2694 27.1766
136.2870 29.0863
135.4176 27.3384
131.2005 26.8077
130.9483 29.9687
137.3596 28.4712
131.9883 27.3126
135.9766 27.4693
137.0738 28.8256
135.3264 27.7106
135.7546 29.0352
136.7086 28.4451
135.0577 27.9162
133.8798 30.4390
138.2999 28.9483
137.9577 28.9375
135.2079 33.1393
131.5775 28.5369
131.0335 26.9174
132.3582 30.6270
134.8762 27.9037
136.4931 28.7700
136.8518 28.5935
131.1706 30.6812
133.4578 26.9469
133.0209 28.3870
133.4513 28.6844
134.5906 26.5083
135.4983 27.7721
134.0771 30.5060
135.3352 27.4220
136.3993 28.1659
135.0240 27.3128
134.6176 25.4844
135.9716 28.6892
132.3763 30.4943
129.0158 27.0583
137.2329 30.0968
136.2219 28.0270
131.8559 30.2170
135.4546 29.7731
138.8826 29.4478
135.0818 29.5092
127.6461 28.4952
128.5417 28.3168
131.8054 30.1343
135.7475 31.0395
138.6463 32.3980
135.3242 32.7490
137.5361 30.3263
139.4305 33.3782
136.3958 32.7243
135.4125 28.2990
136.0556 32.5385
130.9813 27.4188
133.7870 28.7356
135.5938 31.2758
136.5661 30.6629
127.8723 28.6641
137.4964 28.5797
137.8813 28.9105
135.5752 27.9138
136.0423 31.7187
135.8560 28.8528
136.3049 32.2916
128.1307 28.8756
137.4942 34.1276
135.1024 31.9681
137.3715 30.6927
138.4166 30.0598
127.7253 27.9756
135.4363 32.6433
132.9462 30.8093
136.9661 30.4422
133.4636 31.6701
136.3591 32.5345
133.9954 31.2735
138.1569 28.8096
138.1083 30.0351
130.8728 30.1853
136.1989 32.7272
139.3548 34.7210
136.8488 28.4535
132.4816 30.3976
138.1815 30.2247
138.8117 29.5334
135.5839 31.0865
137.3011 29.4686
138.2034 29.9830
135.8147 28.7003
136.7883 28.6030
132.4076 30.2489
135.1668 29.0845
138.6444 28.7378
137.7239 29.4166
135.9234 32.9070
135.9493 28.3611
132.8357 32.1589
131.7945 29.9914
137.4944 30.6211
137.8711 29.1084
132.6162 30.4988
138.5074 29.8821
138.3338 29.0126
135.8155 32.4162
138.1113 29.0028
134.8496 30.3787
137.4868 30.7105
138.4432 29.7414
136.9152 30.3721
138.6090 29.4260
138.8748 33.6369
133.4938 32.0520
137.9711 30.4202
136.7807 28.6159
136.6894 28.2752
136.9235 28.2107
137.6868 30.0875
135.5404 33.0721
136.7367 30.5081
126.2858 31.3371
135.7968 30.5269
139.8865 34.2304
136.1269 32.4097
135.4350 32.8572
134.4008 29.2634
138.7411 28.9168
128.6285 29.7784
135.7705 31.8788
135.8803 29.0054
135.7405 32.6040
132.8370 31.5003
137.1376 28.6609
135.6270 28.6052
128.2352 29.9075
134.1431 30.2706
134.1499 29.9634
128.2759 27.5970
135.7338 28.1793
129.4160 29.7215
138.2799 28.8507
131.7784 30.3796
136.4771 32.3506
138.1436 28.7619
137.0764 28.6540
128.6818 29.7769
135.1924 31.4595
134.7956 29.0941
134.1419 30.3630
132.4090 31.5239
138.0838 29.0978
137.9113 28.7707
133.3249 31.6809
131.2420 29.8851
138.7717 29.6367
132.6252 31.5749
127.3322 27.9333
134.1224 29.9850
138.0770 30.3136
138.4308 29.1272
134.2281 32.7929
137.7435 30.3188
134.7723 29.0810
135.4814 29.1207
137.6848 28.6650
138.3550 29.9377
135.7333 28.4232
129.7675 29.3615
137.8262 29.0704
138.5667 29.8872
132.4595 27.9562
131.4764 30.0777
135.5222 28.2910
134.5620 29.4433
127.4146 28.0869
131.7111 30.2523
135.0014 32.0254
130.5156 30.0270
135.9358 32.4890
127.3710 28.2631
132.8583 31.7129
137.8573 30.0550
138.5136 28.9811
138.3286 30.0223
135.6539 27.7891
138.1949 30.0397
132.9041 31.4988
137.5398 30.0607
138.1245 28.9629
136.5158 32.2415
135.1386 29.4344
137.8649 30.0777
138.5129 29.8762
133.5292 32.0015
138.4978 28.7289
132.5070 30.4738
135.7549 28.5620
136.2684 27.9678
135.3770 28.5146
129.3636 27.7089
133.3563 31.2489
138.1440 29.8998
134.4168 29.5138
139.7893 33.1658
137.8486 28.9908
134.2552 29.8407
138.3325 29.9197
128.9176 27.5400
136.0483 32.2704
135.7334 28.7036
133.2473 31.7791
135.2561 27.7402
135.7218 29.2344
138.7234 33.4482
137.6655 30.5973
137.4426 30.3549
139.7728 32.8893
140.5250 33.9480
138.4782 34.3599
136.2777 31.9374
130.7895 29.6295
135.5923 32.6632
140.7727 33.3743
136.3747 32.6024
136.1360 31.1290
134.6503 30.4057
141.4198 34.6576
137.8460 30.3235
137.0426 34.0434
135.9380 30.8946
136.4051 31.8980
131.8470 30.2759
138.9108 34.6180
139.8980 33.2440
136.1513 32.3149
137.8153 28.7891
139.0751 33.7448
136.5920 30.8074
138.2621 29.7510
137.5438 34.2051
137.7801 30.7586
135.8866 29.1289
137.8399 29.7989
137.2824 33.9829
137.1190 33.1666
135.9610 28.9303
137.7992 34.3568
138.1775 30.1237
137.5957 28.6599
138.5551 29.6728
132.4079 30.3239
140.3382 33.2534
139.7333 34.6622
136.0347 33.4054
139.0712 34.0262
136.3645 31.2282
137.7672 30.6641
138.5352 28.9692
138.6479 32.4414
131.2526 29.9197
136.0339 32.2667
136.2044 32.1700
135.6532 33.3132
127.0988 33.0821
137.7042 29.9489
138.4292 34.2023
136.2158 29.7056
132.2801 27.1515
139.0204 34.4809
134.4571 29.9166
138.3412 34.2452
136.0826 32.8575
136.6747 32.2957
137.7319 30.7975
141.8748 33.8297
141.0047 33.3601
125.2898 32.4879
141.7906 34.8518
136.8088 31.0538
136.4725 31.3336
136.3105 31.1637
138.3236 30.3394
136.1624 32.4027
138.6278 34.1285
136.2766 30.9167
135.4117 32.6358
132.0479 31.5066
132.0760 30.7656
138.7181 29.1674
141.7990 34.6573
130.7800 30.1332
136.6025 33.9706
136.2331 30.7456
135.3223 32.6843
129.0745 34.3343
137.8607 28.7723
138.7852 29.0012
138.7614 30.1357
136.4578 30.7747
138.1901 30.2267
136.0735 32.3980
136.6399 32.5550
137.0155 30.3735
136.4941 32.6569
138.4537 34.3901
136.5492 30.0656
130.4500 28.4309
138.2843 34.3753
135.4348 32.5808
143.1803 34.2565
138.6463 30.0625
136.6835 30.5802
137.6027 34.4176
135.4562 30.6892
143.0691 36.0021
137.6380 30.8019
135.6319 33.2917
136.6410 32.9447
136.9746 29.4413
138.0361 29.8420
137.1716 30.5962
131.6335 29.9875
136.6870 29.1500
137.4591 29.1556
142.5212 35.3164
128.5552 29.2443
136.3324 32.0422
132.8628 30.0412
135.0341 29.3263
138.2233 34.3038
131.4873 30.0130
131.7153 29.8530
132.2547 30.1678
136.2681 32.0876
128.1479 29.0806
135.6585 29.1469
132.4093 30.3302
132.6561 30.5024
133.5462 31.7688
132.3435 30.4071
137.8737 30.2924
133.0433 30.7549
137.2840 30.7288
135.9603 31.5017
138.9585 33.3143
131.7824 30.1327
132.8662 30.6073
134.6231 31.7692
133.3837 31.5308
135.0545 33.2247
133.3527 31.2086
135.6677 32.4154
131.8811 30.2246
131.1731 29.7357
140.6494 33.2985
135.0920 31.7300
135.8950 32.3252
138.5918 29.4683
132.1739 30.2335
135.3445 28.1021
135.3470 32.8832
138.4093 29.0516
135.7164 28.9563
136.0415 31.5809
136.2857 32.1698
131.4311 29.7786
132.3120 27.5328
135.9340 29.1594
133.2005 31.9834
131.1637 29.7436
135.8354 32.0051
135.7721 28.9028
130.8999 29.8193
129.9800 28.0709
135.8347 29.3502
138.0458 30.4759
131.8851 30.1601
132.1639 30.2280
136.3321 30.1380
136.3941 32.0776
136.4003 32.1348
136.2534 32.2711
131.7605 29.8745
138.0504 29.4191
128.8040 28.9002
132.1705 30.2978
135.9894 28.6855
135.8452 29.1709
138.5113 29.0747
132.0495 30.2990
131.9005 30.1384
135.8884 29.1757
135.2833 32.7781
136.5534 32.3592
136.4860 32.4713
132.8999 30.6039
135.7773 28.7586
136.3019 32.0982
132.1080 30.3136
137.2211 30.6475
138.7200 29.8742
133.1534 30.9048
136.3999 32.3976
135.0988 32.9644
134.1146 29.8565
133.0731 31.8698
136.2894 31.9818
136.4025 29.1000
136.1022 29.0526
139.9758 33.0169
138.4769 29.0602
138.5010 29.3184
136.1657 28.8309
133.5383 31.7599
134.1529 30.0476
134.1984 28.9058
134.9913 29.4457
135.8776 30.5088
134.8511 33.1574
135.8257 30.6903
135.8817 29.8377
135.7102 28.8629
135.7737 30.8064
136.3022 28.6366
136.0014 29.0413
137.9462 30.4354
135.9814 33.5075
132.0862 30.2699
137.4410 29.4886
131.7802 30.0606
135.6252 28.6745
139.2532 32.9417
136.0026 31.5542
135.9832 28.7585
135.2827 29.3252
139.8273 34.3208
131.7049 29.9714
132.7383 30.4648
132.5790 30.3527
132.6978 30.5544
135.7520 28.6110
134.0820 28.7989
135.4392 28.9352
129.1461 27.5110
129.0384 27.7177
137.4657 30.5355
136.9888 30.6739
138.1229 29.7891
138.5386 29.1379
136.1648 28.5188
135.5300 29.0695
135.0392 32.0085
127.3102 28.0044
138.4160 29.1762
135.8195 30.7509
132.0523 30.0936
135.5990 28.7164
134.0201 29.9262
134.5882 32.7324
137.8188 28.4755
134.2620 27.6324
135.5517 28.9982
133.4895 32.4652
135.3073 30.4312
136.3086 28.5550
138.6016 34.4060
137.3896 28.8463
138.5627 29.3230
135.5755 32.0798
133.4420 31.8575
128.1428 29.4862
135.6898 32.8439
127.6467 27.3247
136.4739 28.6679
134.2808 30.1117
138.3826 28.6430
133.2443 31.4067
127.3651 28.1125
132.8834 31.6374
134.3943 28.8370
138.0576 30.2864
129.7177 28.1061
138.4074 29.9043
136.3899 28.0706
127.3403 27.7835
133.9624 28.8575
138.4199 29.4639
136.7934 28.3118
134.7250 29.6937
135.7095 29.0481
134.4173 29.1360
138.3669 29.0328
135.3667 29.2791
134.6653 29.4331
134.1366 29.9591
132.8367 30.4848
134.6592 29.3115
132.4973 31.7892
138.8349 29.2012
136.2981 27.9686
134.3647 29.5240
128.3837 29.8900
129.0714 26.9282
137.5679 28.9706
135.4702 28.0008
127.5769 27.5691
130.8705 27.6238
132.9090 28.7477
135.6221 31.8440
135.4070 29.9129
138.2733 29.8950
134.8889 29.4896
135.2221 28.6974
138.4601 29.8253
138.3449 28.8453
132.9582 30.0177
134.4821 30.0417
132.9904 30.5994
138.5454 29.1299
136.3495 30.7401
137.6179 29.0828
135.8456 28.2207
136.3712 32.4744
137.1243 30.7333
135.3695 32.7889
135.9624 32.4558
136.1017 32.2670
138.5908 29.1250
138.6255 29.5622
135.6452 31.9980
132.0010 32.4611
132.6390 30.6010
132.4869 30.3593
136.7650 28.9661
137.9477 28.5429
137.9560 30.5547
135.6760 32.6577
132.2957 32.1296
134.5785 29.5750
137.1832 28.4159
136.3965 28.3279
136.1039 28.7052
134.8373 33.0347
136.1413 30.0925
128.8240 28.4520
138.1921 28.6923
131.9547 30.3452
138.8143 33.4435
134.0007 29.0800
136.0126 31.6373
135.7212 28.6132
135.5857 32.7101
135.2261 29.1582
137.1172 30.0863
132.4874 30.3384
133.5540 31.6063
135.4518 30.5106
135.6006 28.0402
138.3761 29.3698
139.0347 33.0101
140.2966 33.7643
135.6150 28.8711
131.6252 30.1786
132.0220 30.2286
136.3194 32.2412
134.2486 29.8230
134.6511 29.0963
136.3896 32.2617
132.7292 30.4776
133.1717 30.9918
130.8503 29.8373
135.4384 32.6745
135.6922 32.4648
133.2037 32.0321
135.2491 29.9948
131.1298 29.8825
138.4377 29.9142
135.8977 30.6291
134.9137 29.1561
137.3400 30.1763
136.7706 33.9934
136.2718 31.8623
131.4406 29.9276
137.6395 30.0398
133.2224 31.7260
132.9708 31.8872
134.7568 29.4535
138.3707 28.8857
133.1063 31.7442
136.4490 29.9251
135.6201 32.7484
135.5531 29.2150
138.3938 29.2913
137.8470 29.7605
133.5361 30.1145
136.1671 31.8668
135.6390 28.6958
137.8708 29.0187
127.8798 27.8161
132.2772 30.3425
138.7465 29.1140
131.9643 30.0666
131.0227 30.1590
136.0350 28.4286
133.5156 31.9485
133.2391 28.6779
137.3273 30.5401
134.6064 27.4059
135.6673 31.5719
138.1527 29.1211
135.4744 31.0403
131.8382 30.1015
138.7015 29.7052
138.2285 29.4975
135.4090 29.1000
137.6750 30.5749
135.9293 30.6445
136.1220 31.8258
137.5566 29.4712
135.9444 28.2907
133.4261 31.4746
135.1049 32.8876
135.2079 29.3483
135.7175 30.7314
135.7509 32.5746
136.9666 34.0289
137.2802 29.5176
133.4583 31.8805
133.5290 31.5784
129.3438 28.0572
132.0440 30.0788
130.9977 30.1890
135.6065 29.0153
135.7480 28.1019
131.7344 30.1303
138.1052 30.0219
132.5231 30.4950
132.7886 30.3318
133.2804 30.8238
139.7185 33.2091
136.2020 30.1383
136.6587 28.5959
135.0422 27.0959
132.4906 31.5832
136.9308 29.9812
135.6791 28.4239
138.9559 29.1154
137.3392 29.4205
137.0640 30.2404
136.2620 31.9167
130.0402 28.1105
133.0156 31.9289
137.7754 30.0021
126.7079 30.7885
127.4981 27.9935
128.1610 29.5574
132.0727 27.3060
137.7481 30.0639
129.0378 27.2380
134.7252 29.4645
137.4225 30.5892
128.3858 28.9570
137.3288 30.7397
134.4826 28.6487
135.4744 31.5486
135.0933 28.8918
137.6025 30.3757
134.5580 30.1791
135.9413 33.5358
127.2125 27.9262
127.6978 28.3046
133.3042 31.5581
135.4707 28.2939
136.6046 29.8350
133.3125 30.8194
135.4965 32.2240
127.6955 27.5656
134.8122 31.0116
137.3315 30.6892
132.0129 29.5617
137.1916 30.6632
135.3008 29.0917
134.8422 29.2929
138.3539 28.6971
137.9765 29.3514
138.5392 28.9497
135.9178 31.3778
138.3533 30.1471
134.2345 31.1130
132.0111 31.8685
133.1003 30.4144
138.0263 29.3893
136.0078 28.4282
133.9460 29.8085
128.9991 27.6882
136.3568 32.0972
128.1844 28.1386
136.9054 28.4164
134.9101 27.2554
132.9121 30.7756
138.7814 29.2823
136.3668 32.2505
134.2539 29.4129
135.7916 32.5181
136.0293 32.4283
129.9053 27.9634
137.0897 28.4100
138.4963 29.5143
137.5224 29.2424
132.4386 32.5772
134.3737 29.6285
137.5548 30.3008
134.3345 29.7257
128.3465 29.1189
138.2828 30.1588
129.4924 27.9941
133.4415 31.5111
137.3391 28.4891
133.8915 28.9925
135.4763 32.1607
137.5454 29.7008
135.3738 28.6197
132.8249 31.8773
135.5772 29.1275
137.4334 28.7077
132.9961 30.8157
133.4657 31.6501
138.5310 29.0694
137.2999 30.5035
136.4917 28.5978
138.4395 29.9678
135.5603 28.7422
134.4810 30.4966
130.2702 28.6052
138.4947 29.3141
135.2695 31.8750
137.8381 30.0703
135.3965 28.7637
138.4032 28.8964
136.0982 32.3116
134.3144 28.1689
137.7493 28.9118
131.1023 30.2986
133.2823 31.3662
127.1817 27.6316
132.5386 31.1801
133.9886 30.3665
133.4336 31.3376
137.3216 30.2913
137.0375 28.9061
136.1331 32.4456
137.0064 28.0615
135.7460 27.6391
133.4855 28.7017
135.1422 28.9474
137.7078 30.2811
135.8596 32.7486
133.3310 31.7121
130.7344 27.5882
135.3305 27.9230
135.3683 28.6979
138.5832 30.1682
134.1600 26.2310
134.0262 28.7483
137.7273 29.5533
133.1389 31.2522
137.1966 30.1925
138.2356 29.6682
136.4585 32.4668
135.4344 32.8836
135.7994 28.3260
138.1842 29.3933
136.2827 28.9045
135.9716 32.4353
138.0401 29.0808
135.4521 28.5674
133.6115 29.2946
135.4556 28.6881
134.2474 30.1491
136.3384 32.2972
129.3470 29.0477
133.1342 30.7987
136.4303 28.4988
134.6488 30.8900
138.2834 29.5803
134.8529 32.1381
135.7600 28.0496
135.8510 32.5117
133.1171 31.5816
134.0008 28.7553
134.9604 32.9917
138.3081 28.9260
136.2467 30.0136
131.7224 30.6732
137.4393 30.7924
138.8990 29.0952
135.6499 30.7499
138.0829 28.6790
137.8262 29.0457
132.2141 31.5392
138.4621 29.3216
134.2521 30.3888
132.9785 31.4880
134.2140 30.5520
137.5150 28.6335
137.8486 28.6932
135.3116 32.7965
136.5462 30.4957
135.9097 32.3590
135.2292 32.8079
137.0267 29.2080
135.6657 28.5396
135.7627 28.5515
134.2741 30.0862
136.0556 32.4055
137.4946 28.9387
134.5364 27.6580
134.0333 29.6193
132.3768 30.0226
135.7672 31.1193
138.1278 30.1544
138.6494 29.6514
131.7729 29.8606
134.4581 27.8437
135.8086 30.2933
136.2981 32.0283
138.1340 30.2079
138.7390 29.5408
134.3107 32.9094
137.5766 28.8040
132.9298 31.7670
136.9037 28.4040
135.1223 32.8436
133.3030 31.7822
133.0967 31.9722
138.4867 29.4965
132.8284 31.6666
138.0504 34.3405
137.8240 29.0715
138.0405 29.2314
132.8399 30.5023
136.3064 28.2236
132.3092 30.1352
137.7495 30.3381
137.4225 28.6836
138.1819 29.6110
132.8439 31.1720
137.7961 29.8492
137.8912 29.6476
133.3324 31.8094
138.0824 28.7256
133.4799 28.7066
137.6880 30.0821
137.8478 28.6980
137.5948 34.3158
137.7409 28.6929
132.2829 30.3487
137.8198 30.3183
135.7869 32.4598
133.0246 31.5940
133.0709 31.8449
135.5695 32.5932
138.6214 29.3772
137.5847 28.6883
138.1326 28.7336
133.1742 31.9772
136.8937 28.7926
137.7651 30.1443
131.9949 27.2819
133.1730 31.1256
138.5396 29.1552
137.3112 30.3544
137.6290 28.6143
135.4088 31.1203
138.5853 29.0471
133.2870 31.9527
138.5229 28.9853
137.8728 28.7717
134.2088 29.3725
137.6629 29.1577
132.5019 27.4476
137.8928 29.2273
137.1718 28.7170
136.1667 32.4683
138.6957 29.5454
139.2660 33.3730
138.2812 28.8728
137.7688 29.6430
136.7210 28.7533
137.5389 30.5214
136.1832 32.3277
137.0392 29.3068
138.4441 28.9225
134.1779 30.5138
134.1396 30.5453
137.9351 28.7092
135.7931 32.4145
132.7521 30.4959
134.2064 28.9645
128.5123 27.3231
132.8841 32.6956
137.3828 30.3615
136.4717 34.0076
138.3575 28.9004
137.3306 28.6797
137.8660 30.2821
138.2052 29.7066
137.0409 28.5720
133.1379 31.8477
131.9357 30.3825
133.4389 31.4238
133.3307 31.3569
136.1500 32.3148
137.8603 29.7237
138.0332 28.8153
132.3959 30.2761
133.0131 31.7404
137.2048 28.7220
138.2848 29.3903
134.1068 30.1390
137.9089 30.3502
138.4836 28.9819
138.5978 29.4650
132.5430 30.4333
138.6205 29.6834
137.1675 28.6913
137.5130 28.6934
138.4325 29.2866
137.5628 30.4866
136.9790 29.4639
138.6573 29.1892
135.8795 32.6604
137.6903 29.7656
136.2562 32.2792
137.9370 30.3220
137.1398 28.5919
133.4927 31.7528
133.3625 31.3033
138.0535 30.2602
133.2221 30.9933
132.9710 31.7404
134.3541 31.4225
131.7227 27.4580
133.5325 31.7977
137.3689 30.5878
138.1204 30.2417
138.0046 29.9991
137.6212 28.6502
138.2953 28.8955
135.4124 28.9570
138.0036 29.8390
134.2148 30.4491
137.6789 30.4099
125.6799 30.1853
135.6660 28.0197
136.7102 28.4737
135.9348 30.2995
133.4883 30.1973
136.5621 28.3769
137.2449 29.7249
131.7517 31.0373
134.9413 28.6846
138.2985 34.3086
135.9283 32.5121
135.3882 28.2026
136.6323 27.9597
137.9238 29.3071
134.3304 31.1062
135.8947 31.2778
135.3731 28.7944
136.2616 32.2431
136.4889 27.8642
135.3517 31.1181
137.2210 28.4110
127.9247 28.2178
134.4303 31.4398
134.6664 29.3421
134.7588 29.0205
126.9020 27.7376
135.0647 25.7007
132.4877 31.1587
135.6643 32.8069
136.8746 28.7889
134.4021 27.0360
137.6880 30.1903
132.4566 27.8890
135.6002 32.8150
135.2105 29.1487
134.9881 27.6114
134.4593 27.0195
136.1674 32.0191
135.7775 28.4703
131.9685 27.2570
134.1025 31.9711
132.5380 27.9872
127.2274 27.3273
129.5274 30.6831
140.7048 32.8378
136.5199 28.3168
133.8238 29.9693
134.4955 28.9786
135.5896 27.9472
135.9828 31.6160
129.2521 26.9576
130.9753 30.1308
135.7725 27.5304
132.8411 28.3655
136.5700 34.0913
136.2310 28.7232
136.7055 30.3607
137.6304 30.2893
134.4853 28.7584
137.2661 29.2477
138.9203 29.4210
131.5888 28.0212
134.1461 31.4059
134.4907 29.3509
132.2636 30.1968
132.3235 30.9733
130.8258 29.6484
128.8099 28.5761
136.0243 27.9558
134.7264 28.9593
134.8570 29.5512
129.6304 27.7284
130.8277 26.4276
137.9685 29.7303
138.2613 34.3537
138.2029 29.5246
138.3941 29.9962
135.9019 31.1822
136.8518 30.5530
141.1962 34.2536
135.4377 32.6505
136.4652 30.0141
135.0458 32.8092
138.5827 29.2775
136.6444 30.8350
136.7766 30.9037
136.1742 32.2680
135.9951 31.3025
136.4006 32.5649
135.0269 32.8355
134.8276 33.0876
137.5544 29.4850
135.3291 32.9877
136.1462 31.6166
136.4750 30.0307
136.1593 30.2053
136.4201 32.5521
136.2042 30.1681
135.0324 32.9363
136.0792 32.2311
136.4921 32.4771
135.0462 32.9288
138.4751 29.8043
135.0693 32.8087
135.3312 33.2783
135.9159 31.0624
138.3262 29.5104
136.9412 29.7881
138.1996 34.3625
134.9170 32.9409
136.0149 30.6799
136.3951 32.0855
135.9355 32.2973
134.9898 32.9970
135.4161 32.8745
137.4141 34.2177
135.3458 32.7597
137.8747 29.4659
135.4881 32.5910
137.7914 29.4239
135.8960 32.3001
135.8507 30.9937
135.3495 33.0131
139.9781 33.6493
137.7518 29.7361
135.9932 31.0108
136.4321 32.0568
137.9187 34.2861
136.2001 31.8521
135.1398 32.9569
140.3132 33.8524
135.2687 32.9305
136.3914 32.3449
141.1790 34.1401
135.9574 31.1034
135.0910 32.9996
135.9981 31.1760
135.3822 32.6075
138.6291 34.4795
137.2451 29.6395
136.4854 30.0146
135.3311 32.6742
136.0349 31.6348
135.9208 31.1491
138.7090 29.3782
135.3116 32.9360
138.6564 29.2730
138.0822 34.3922
138.1471 29.5259
140.1112 33.4560
135.8986 31.0866
136.0247 31.3423
134.9046 32.9693
136.2630 31.9301
138.2799 34.3680
136.0451 32.3003
140.4900 33.7873
136.1690 32.2491
135.4391 32.6199
135.6102 32.4666
135.3218 32.8815
135.9973 32.3200
135.8302 30.7465
138.3736 29.7999
137.3360 29.6246
135.5791 32.4850
138.5636 29.7803
135.1850 32.7554
139.2295 34.8972
135.1890 32.8635
138.6609 29.5238
136.0148 30.3872
135.9068 31.0709
138.0108 29.4630
136.0853 32.2019
136.3591 32.2493
138.6741 29.4898
136.2718 31.9305
138.6789 34.4755
135.9644 31.6722
136.1680 32.1824
135.7825 32.3664
137.3749 29.5471
140.7283 33.8441
138.2627 34.4209
138.4366 29.8201
137.5761 34.2652
137.4139 34.2100
138.0021 34.3941
138.5906 29.1082
136.5904 32.6344
134.8696 33.1495
135.4506 32.5542
134.8648 33.0862
135.3453 32.6298
135.1717 32.7217
134.8845 33.1205
137.0452 30.4319
135.9758 31.1999
138.6640 29.3090
138.4736 29.2413
137.8419 29.4950
136.6337 29.9143
135.3137 32.6348
138.2572 34.3616
135.0030 32.9782
137.4109 29.5319
135.0087 33.0150
134.8536 33.0937
136.4475 32.1323
138.5813 29.4823
135.0129 32.9455
136.3526 32.2398
135.8302 32.4049
136.6795 30.8112
136.1201 30.4726
138.6263 29.3093
135.0418 32.9823
136.4349 32.0854
136.2639 31.9826
136.1155 31.7548
135.7883 33.3523
138.4963 29.2844
135.7561 32.3572
135.3297 32.7329
135.9945 31.2995
138.3015 34.3447
134.9924 32.8795
138.3555 34.3585
136.9749 29.7633
138.6631 29.3523
136.4690 32.1173
136.7028 29.8898
138.5052 29.2885
136.4424 32.0919
138.6529 29.4751
138.0891 29.4542
135.0240 33.2327
136.9029 30.5347
137.3674 30.3457
136.6085 29.9298
135.9739 32.3127
137.6857 29.7960
136.0743 32.2904
135.1276 33.0045
138.6729 29.2539
137.3815 34.1997
136.2772 31.8962
138.4863 29.7780
138.6339 29.3322
136.7134 30.8680
137.5092 29.5416
137.7604 34.3075
138.6019 29.2968
138.7059 34.5183
135.3957 32.6027
136.0091 31.2186
138.4373 34.3856
136.5667 32.4607
136.3829 32.2631
138.1958 29.6877
136.2346 32.3506
136.0563 30.3274
135.0712 32.9771
135.9584 32.3457
136.3526 31.9330
135.8808 31.0633
136.4680 32.5404
134.9577 33.1421
138.0963 34.3527
135.9375 31.1473
137.5481 29.6134
135.2313 32.8571
136.3896 30.1403
136.8493 30.7850
138.2101 34.3430
136.3387 32.3607
138.5766 29.8046
136.3056 30.0954
135.0597 32.9188
138.6644 29.4855
137.6228 29.4974
135.9864 31.0987
136.2126 30.1799
136.0319 32.2536
137.5653 29.5055
134.8568 33.1257
136.5017 32.4218
137.9633 29.4380
138.4250 29.8563
135.3330 32.8486
137.9793 29.4997
137.6046 29.7868
136.3123 30.1205
136.2419 31.8068
134.8635 33.0514
136.4827 32.1916
135.9780 32.2919
136.6672 30.8446
138.5732 29.1811
137.3562 30.3664
135.7261 32.3947
136.9069 30.5076
137.9844 34.3677
138.6641 29.4170
136.8382 30.4990
136.9429 29.7403
135.0802 33.1346
137.4566 29.5566
135.6532 32.4300
135.2173 32.6905
137.5110 29.4998
134.8208 33.0114
135.2818 32.9403
136.3841 32.2251
135.9691 31.0645
135.2059 32.7130
135.9654 32.3281
135.1155 32.7733
135.5726 32.5140
135.0179 32.9745
138.5877 29.3182
138.5528 29.1155
138.2017 34.3671
138.2231 29.5273
137.2147 30.4859
135.8448 30.8788
136.8571 30.5493
136.1720 32.1904
138.6336 29.6370
138.4641 29.9743
134.8546 33.1294
137.3505 34.2018
138.6542 29.3193
135.9740 31.4340
136.2960 31.7128
134.9171 33.1147
135.1907 32.8781
136.4455 32.5514
134.8180 33.3036
138.2952 29.4828
138.6665 29.4835
135.2921 32.6449
135.1924 32.7608
136.5120 32.3471
135.8978 31.1044
136.1114 31.8177
135.9559 31.4841
138.2418 29.4849
136.5478 30.0408
136.3197 31.9476
137.7239 34.3169
138.2249 29.5132
137.3416 29.5342
136.4508 32.5584
135.9448 32.3054
136.4845 32.1614
136.2764 30.1555
138.2420 29.5477
136.0108 31.2727
138.4165 34.4168
138.0532 34.4016
136.4335 30.0285
136.0526 30.3175
138.2124 34.3813
136.3289 30.1247
135.2955 32.7139
136.5197 32.3499
137.9378 29.4219
136.0242 31.6447
134.8473 33.0959
135.2395 32.7032
141.6542 34.5118
141.4861 34.5156
136.4917 32.2276
134.9955 32.9219
135.0921 32.8560
136.0711 30.3238
135.9888 32.3153
136.9588 30.5160
138.2663 29.5523
134.8011 33.1363
136.4623 32.5289
137.9508 34.3712
135.1942 32.7514
138.5941 29.8034
136.9746 29.7575
136.2330 30.2003
138.5367 29.2908
137.2793 29.5931
136.7449 30.9164
135.9855 30.4274
135.0782 33.0366
136.5224 32.3571
136.0479 33.6342
138.2750 34.3381
134.8841 32.9735
135.5259 32.5270
135.8144 30.9021
135.0341 33.3329
138.4597 29.0993
136.3350 32.1216
137.1732 29.6756
136.7407 34.2399
137.8555 29.4664
138.5636 29.3684
134.9463 33.3648
136.6980 29.8720
136.3009 32.2173
136.4328 30.0304
138.4682 29.1073
138.6159 29.3914
137.0324 29.7199
136.5372 32.7763
137.2151 29.6778
136.1309 33.7087
138.6401 29.3264
136.4437 32.5466
134.9968 33.2568
138.3247 34.3649
138.4006 29.5387
135.0018 33.0098
135.9169 31.3011
135.1116 33.3266
138.4220 29.8906
134.7864 33.0723
136.0157 31.4344
134.9978 32.9881
135.0337 32.9552
135.9556 31.3193
135.5157 32.5236
135.9795 30.5074
135.0929 32.8064
136.4893 30.0468
136.5155 32.2976
134.9824 32.8591
136.3455 30.2438
