132.8973 28.1539
133.9759 28.3568
133.7173 25.2324
139.0167 33.4378
132.8642 29.4052
134.9417 30.7234
134.4059 28.5827
138.5110 30.2772
126.7436 26.5357
138.9015 29.8533
139.3748 30.1490
132.1246 26.1548
137.1305 30.8656
132.5400 28.6088
137.1941 29.8603
133.6238 30.7164
134.1480 30.8330
139.2179 30.0692
133.6377 29.8284
135.2831 31.6777
138.3402 29.1656
136.4915 29.9602
139.3807 30.0478
135.6960 28.0288
134.1670 31.6149
137.4680 33.0362
137.4555 32.4305
134.4216 27.9587
139.2714 29.8666
136.5078 30.6474
137.9116 29.1926
139.7006 29.5352
137.9756 29.9030
131.4991 26.2283
136.1550 30.1315
139.0384 29.3732
131.9736 27.5986
137.0028 31.0651
136.0900 29.1587
135.3945 28.6909
136.5560 28.3908
132.1837 27.4798
139.0933 29.4213
134.1578 28.3574
136.7912 33.2818
136.1640 29.8930
137.9758 31.0290
134.4175 26.0532
137.5484 33.0855
133.0788 29.5624
133.8260 30.6543
138.2734 30.8923
129.4890 25.1831
138.4308 30.8587
133.0733 26.5010
137.5416 32.9371
138.1160 30.6705
133.2640 25.1859
137.4178 33.7614
134.6143 29.5804
133.9784 30.2460
134.7331 28.8329
131.7737 25.8955
137.9945 31.1110
138.7367 28.5395
136.6418 30.2756
134.1953 32.2069
137.6079 33.3939
138.3257 28.4332
131.4378 30.5318
134.2237 25.2944
138.1528 28.4513
132.7579 27.7704
134.8087 25.3361
139.5848 29.2352
134.6209 28.8561
133.5208 28.1535
136.6038 29.1873
130.9536 29.9501
129.6290 26.0331
136.2759 25.4102
135.4222 31.8742
134.1915 26.3660
138.6806 30.9992
134.2721 26.6867
134.1008 27.7526
133.9260 29.7531
138.5788 30.5505
132.7529 29.3621
127.3737 26.9429
135.2656 27.8881
138.2852 29.9467
128.6178 28.3638
138.8028 30.3852
134.1418 27.4870
139.2781 30.3765
134.8935 28.5786
137.0578 28.2816
135.8986 24.5432
134.3895 28.6504
139.3727 30.2132
134.9762 31.2695
135.8759 29.6728
134.0900 26.5080
135.6463 31.4602
132.2786 26.2206
135.1152 24.8292
138.4609 29.8696
133.4035 31.4807
133.6039 30.6233
134.2399 27.7879
137.0314 29.2946
141.2008 33.6446
134.9677 29.1676
140.8818 34.6884
136.6574 33.5167
134.9711 28.1966
134.2650 27.5323
130.9703 30.0240
131.2763 30.4321
138.5179 30.3789
137.6796 33.0777
138.9066 30.5197
134.3587 27.2622
132.6365 27.0739
139.3586 30.0840
135.2012 31.7842
133.6356 30.6474
130.9272 30.0089
136.3224 29.5840
137.7288 34.0411
134.8136 28.2787
134.5165 27.9244
135.4501 31.8453
137.2733 30.7358
134.7792 28.8361
137.1480 29.1997
134.2837 29.0556
134.3327 26.2614
134.2685 28.9947
134.4135 31.9872
135.5883 28.5038
137.8904 28.7386
135.1354 29.2386
134.0349 32.3647
139.8508 28.9302
139.6441 27.8775
135.1683 24.7816
134.2121 26.3380
137.6629 33.3808
138.8412 29.7268
135.0627 31.0121
135.1855 31.7010
131.1570 29.9795
136.4280 30.5492
130.7816 29.9178
137.6436 30.5509
131.0580 30.2435
133.9766 32.4610
135.0948 31.5232
129.9598 25.8818
131.3640 30.0124
136.3376 30.0302
133.6491 25.7262
131.0381 29.9525
136.6018 29.2026
137.0683 30.5490
143.2571 35.9434
134.3856 29.3062
133.9480 30.8682
131.2037 30.3531
139.3615 30.2922
136.5326 29.0891
130.6227 26.0649
137.3843 33.1265
134.1137 31.2502
136.9099 29.2462
133.3518 30.9503
130.9383 30.1458
130.6381 28.1814
137.6372 33.9765
134.8134 28.6153
134.9841 28.8425
134.6770 28.8854
135.8997 28.0780
139.5195 28.4072
136.3050 31.6173
134.1839 31.3754
133.6356 28.6000
136.6626 29.4129
131.4682 30.4869
131.6771 27.0190
137.0072 29.1178
134.1030 27.8305
139.6381 29.3131
137.8796 33.5548
139.7030 27.8862
139.3880 29.2924
135.0888 29.7253
137.0003 33.8054
133.3325 30.0144
135.1134 31.8016
136.6857 29.0205
137.7623 29.6601
134.7667 29.5311
139.3873 29.0841
139.4150 29.7585
134.0600 28.8968
133.4598 28.6521
136.1263 29.1452
136.0664 28.5028
134.1739 27.4665
128.4229 24.3925
138.2530 29.6109
136.9140 30.6371
134.2574 32.3426
137.7477 33.7574
139.1505 30.2282
138.8406 30.0153
134.9204 30.7040
137.3332 32.5796
139.3059 30.1479
134.0093 28.2457
135.0315 27.7848
126.6180 23.5776
136.0969 29.7361
135.0492 29.1061
139.6442 28.8331
133.6732 28.8596
137.7277 33.5131
133.9751 28.0934
127.2630 24.4163
137.5965 30.8217
136.3280 30.0524
134.9109 28.0485
131.9842 27.7738
139.1709 29.0027
136.2876 29.0696
132.1085 30.5456
133.5665 29.5738
137.0917 29.2932
126.9726 27.4505
139.9124 34.6723
139.3044 29.6897
136.4700 33.3831
134.0534 25.0902
134.9191 31.1628
128.2336 24.7732
134.0529 31.9921
134.5975 29.8006
134.3344 27.9073
134.6578 28.2107
131.6102 30.3215
134.3350 27.9689
134.0334 26.0487
138.7438 30.2326
137.2042 30.9711
134.5319 29.9543
134.4047 30.4111
134.6938 28.8842
138.1122 29.9611
137.4812 29.3343
138.1705 29.8470
137.0654 32.0919
137.4402 32.5141
136.5916 29.1903
134.9482 29.1373
134.2654 27.9605
138.6210 28.4355
133.5258 30.6882
134.1066 28.0398
134.2626 30.8691
132.5581 28.1499
136.7200 28.9392
139.6238 28.1819
137.0389 28.4193
134.7240 25.3463
134.1371 29.7980
139.7351 29.2843
132.9651 26.7643
138.7263 29.7994
135.8570 24.8058
134.3708 28.3635
133.8478 25.5337
129.1967 24.9940
135.0662 30.1943
138.7858 30.0245
139.6264 28.9580
137.5888 31.8877
139.5193 29.5088
139.5726 28.4222
134.2416 27.2662
138.3900 30.9101
133.1737 26.5432
137.6874 30.8048
129.5121 24.9795
134.1600 29.3048
135.0434 30.4468
130.9865 29.9006
139.2067 30.3031
134.1444 32.5205
137.6179 33.8866
137.4610 30.9577
133.4380 29.5861
135.8328 28.1719
132.9028 26.8181
139.3636 29.1760
138.0762 30.6621
128.5844 24.9296
136.2604 30.3679
137.1846 32.2738
134.8286 30.2077
138.5012 30.0292
135.3386 24.8399
128.4497 24.4621
134.9031 29.6499
133.7212 28.2913
128.2610 26.0487
138.2311 29.7821
134.3206 30.9586
136.1212 31.6882
139.3460 29.6097
135.8523 29.6957
138.9530 30.6384
134.6521 31.8105
136.7978 29.2677
134.0407 28.2025
139.6595 29.3147
138.1379 30.8001
138.6168 30.2990
134.4241 28.1459
134.8148 31.2750
132.7767 31.7385
138.6109 29.6893
134.8925 29.0515
134.2135 28.5119
137.1544 32.2582
132.9448 27.8435
135.4786 31.9857
137.2103 30.7664
135.2809 28.7698
134.3267 25.1646
133.5175 26.0179
137.0893 31.9540
135.3979 24.9128
132.8219 28.1874
139.6604 34.7009
138.5281 29.9374
136.2023 29.6570
134.4718 27.1990
136.7355 32.0250
138.0405 29.8199
136.3419 30.5632
137.5182 29.3667
134.7146 29.2581
137.3030 29.6816
139.2751 30.1957
138.7266 29.6770
133.8343 32.0132
137.5302 32.7402
126.1566 26.6191
132.4046 28.9259
134.4281 32.0431
139.4160 28.8490
134.3705 32.1295
137.7061 30.8394
130.6518 30.0344
134.5083 31.3375
136.7159 31.7964
138.2896 29.8006
139.3543 29.2132
137.9856 29.4952
136.0770 30.1805
138.0330 28.7573
133.9895 31.4150
128.5230 25.5507
136.8835 33.4998
137.5934 33.0901
130.8275 30.0335
136.2960 30.5978
139.5946 29.7077
136.6133 31.7923
132.1973 27.6153
135.4126 28.2250
132.7691 27.7532
133.0677 27.8412
135.7928 28.1141
131.5225 26.2503
133.8557 25.7009
137.0792 30.6158
135.8597 31.1962
132.8741 27.1647
136.1980 29.4646
135.6871 24.2767
135.1178 25.0641
133.8360 32.0657
132.5372 26.5936
129.3569 25.3695
136.2430 29.5190
139.4231 29.5992
139.6119 28.8936
134.2888 28.8179
132.4207 28.5179
138.4017 30.4418
132.2106 28.8327
137.6048 33.3669
137.4219 29.4560
133.2656 31.7665
137.9583 30.8419
134.2609 26.5158
135.4488 31.9938
137.3446 33.8507
133.7640 29.6414
134.0594 28.9285
135.3415 30.4511
134.3430 27.7123
139.3663 29.4031
134.7441 30.6052
139.2327 28.9279
137.6097 31.0756
131.1093 26.9112
133.1133 29.4218
137.3545 33.9868
135.0525 30.3592
136.8908 32.0709
133.7252 32.9331
135.7518 29.3935
132.6401 28.7094
133.2088 29.5097
131.0432 26.2327
139.7862 29.0803
132.3244 28.4011
139.1580 29.2015
138.5642 30.6261
138.6302 30.8201
137.1124 29.2227
134.1782 31.9539
132.4062 30.5306
138.6705 29.6840
136.1445 30.0198
137.7608 31.0110
133.2957 26.4698
135.0892 30.2001
129.6221 26.9878
138.8335 30.4249
135.4859 31.6766
134.2590 26.3363
134.9780 30.4591
139.5158 29.4562
132.5816 27.9734
134.2776 26.2332
137.9011 29.5730
134.9830 27.7610
129.1128 26.0621
136.6710 33.4960
129.4862 29.6412
138.1332 28.4635
132.7160 28.3315
141.3447 34.2034
133.8869 24.8681
139.6935 29.3815
135.4693 28.0577
134.3313 25.2636
132.8342 26.9032
134.0256 25.7676
138.3417 33.1640
133.0387 29.6124
134.6892 27.9164
133.6908 25.6422
133.2956 32.1893
134.3640 27.9389
131.4709 26.1930
139.4489 29.2814
135.9612 31.7089
137.3879 32.5821
137.8156 32.7103
133.1272 27.9331
136.7582 29.1126
126.7346 26.7701
134.1225 29.8878
136.8867 30.4812
139.0511 30.7240
134.1880 28.3399
136.6094 30.7485
134.5854 28.0645
138.2374 30.0056
136.8705 30.8825
136.2194 29.4114
139.1664 30.2273
134.5379 25.1606
133.9868 32.1317
134.6062 28.9862
139.0187 30.6785
133.3576 28.0994
134.1530 27.5722
138.5253 28.0924
134.1488 27.8435
138.4094 30.0801
129.4098 24.5623
137.3422 29.3979
135.0777 27.9308
138.6636 30.5979
133.7343 29.6678
134.9785 31.3148
139.2703 28.8205
135.1482 28.7829
139.0406 30.5504
139.6600 29.6537
136.8194 30.5163
129.2330 29.1806
136.0519 30.0944
136.7369 30.5025
138.2566 30.7313
137.3354 29.4089
135.0855 28.9842
137.8342 30.8351
139.3174 29.1821
138.7869 30.7336
134.9206 30.7245
134.5932 25.7925
133.5489 30.6351
129.3899 25.2595
136.2681 29.1653
132.7730 29.3204
134.1907 26.9812
139.5279 29.9682
139.6607 28.2325
138.3160 31.0821
138.2753 34.0640
134.1937 27.2954
134.5788 28.0668
134.0764 27.7184
139.0213 29.3232
132.1647 27.6341
138.4360 30.2014
138.3292 31.0235
138.3468 30.6809
130.9297 30.0471
133.9331 32.0580
134.2124 27.2785
134.2918 27.6451
135.2403 28.6583
135.7571 29.4650
137.5077 28.8448
137.8050 29.6002
131.2170 29.9588
136.5952 29.2916
133.8677 32.1958
128.7193 25.1801
133.9806 25.2694
131.0827 29.8279
134.3793 32.2325
135.0660 29.3277
135.1861 29.0736
136.1263 29.7476
134.6210 31.0878
131.3799 27.5601
139.7215 29.4147
133.9101 32.1664
134.3608 31.5904
134.9016 31.5640
137.5762 30.9020
136.9057 30.6758
135.1316 28.4498
132.8409 29.4457
139.1723 30.6848
133.7904 29.6951
136.3069 25.5764
139.8327 29.0753
136.2428 29.4791
136.4745 29.2200
133.7266 32.1033
133.0057 26.4251
139.5892 29.7499
136.5006 30.5271
137.6894 29.3501
138.8450 30.6848
132.9446 27.8295
134.0927 32.1476
129.2375 24.9910
135.7020 28.5678
136.7795 30.2487
137.7122 30.7483
139.9014 29.7099
137.0719 32.9782
136.3187 30.1194
139.6848 29.6384
138.6021 28.6201
137.0620 33.3608
139.4577 30.0853
134.8720 31.5725
137.3339 33.6633
139.6502 28.0073
137.1252 33.6574
139.4018 33.2591
137.1838 30.6169
139.0080 30.7059
137.5101 34.0536
139.9271 30.2360
139.5717 29.0184
137.0328 30.9479
134.9802 28.7967
139.3015 30.5595
137.4255 33.2519
134.7209 31.7771
137.1194 32.9016
137.1849 33.3434
137.3780 33.0966
129.1658 29.0488
139.1891 30.5066
128.1369 27.5531
138.1729 30.0371
136.5789 32.9774
139.4206 28.8887
138.6418 28.5326
139.1152 30.6494
136.0615 29.8537
136.9485 33.4008
137.9014 30.6983
139.5176 29.7613
136.3310 29.6754
136.9998 28.7853
137.3196 33.1506
139.3889 30.0844
136.5790 29.7946
128.7410 28.4295
139.5181 30.1865
141.2327 35.1823
136.4341 29.2188
128.3528 28.5359
139.2585 29.7606
138.0922 29.1730
137.9275 29.3726
139.0229 30.4244
134.2900 30.0836
139.1277 28.8263
138.5378 30.7828
138.0524 30.1002
136.6091 33.4056
128.1482 28.5110
137.9982 30.4874
137.3997 28.9260
137.3613 30.6418
134.9514 25.5367
138.9277 33.6282
137.3055 32.8014
134.0935 29.8690
138.3719 28.5503
140.3561 33.9052
137.6395 29.8066
130.7214 29.3445
138.6053 28.5572
137.2252 34.0587
139.0031 29.2077
141.0392 35.6398
139.1996 30.0831
139.6435 32.4614
137.6867 29.5558
139.2337 29.5211
139.3971 29.0204
139.2578 29.8781
139.9436 30.0514
139.3177 29.1070
138.4877 28.7959
139.9715 28.9807
136.4313 28.5514
136.7524 32.8768
139.0307 29.3206
139.5881 27.9291
136.9462 28.7003
136.9915 33.8530
143.4779 36.3396
135.2805 28.1338
137.9097 30.7991
139.6261 30.0488
138.0960 34.0677
134.7494 28.4143
137.9221 31.6080
137.5186 29.7219
137.0777 30.4636
139.6788 28.3704
137.2093 33.6719
138.2128 31.0058
138.1910 29.1922
137.2223 33.3915
138.0613 31.0594
138.4256 28.8155
138.0798 29.2303
133.9979 32.2992
137.5397 33.5854
137.1854 32.8906
136.9341 28.7103
138.9547 33.4937
138.0808 31.0690
136.0676 29.1919
137.2926 33.0704
137.3541 33.1675
136.8036 29.4971
136.9628 34.0374
136.7809 28.6526
135.2793 31.9617
137.3833 32.9737
136.3934 30.0329
137.3929 33.0512
143.7510 36.5212
139.4945 29.6209
138.5254 29.1220
128.3862 28.1759
137.8249 34.1573
137.2395 33.4299
143.3206 35.9969
136.7624 30.6869
138.5572 28.6784
139.5194 29.7539
137.9249 34.0169
136.2936 33.1616
137.9520 31.0986
137.2001 33.0161
137.2341 33.1537
137.0433 30.4783
136.5410 30.0572
137.8490 34.2052
139.7326 29.8617
137.1955 33.4610
136.1778 28.6093
138.4275 30.9231
135.8880 29.5308
138.7095 30.2089
133.1946 29.6344
137.5650 33.5940
138.4166 34.2085
139.6197 29.7264
137.1977 32.9347
137.4480 33.4829
132.7437 28.6601
139.2728 29.6200
133.8951 32.3321
135.9839 28.3885
143.3909 35.5705
137.2329 30.6269
136.8554 29.5159
135.9294 29.5941
136.4191 33.3824
139.3974 29.5141
136.1241 30.5712
136.5907 33.4056
137.3692 33.6394
137.0364 32.9485
137.7139 29.1752
137.3199 33.4337
139.1160 28.9482
137.2341 33.2312
139.3700 29.0525
137.9370 30.9982
140.2993 33.6192
139.4775 30.4656
127.5716 27.1749
127.0695 26.7093
139.5126 30.0597
139.4582 30.2866
138.2314 31.0299
137.2431 32.8015
136.3881 30.8365
139.5936 33.1102
136.4893 29.0440
143.1673 36.1049
132.6885 31.5484
138.3591 30.5854
142.7428 35.8044
136.8102 29.8881
137.3080 33.5789
136.8371 30.1274
136.7158 33.4459
129.8174 29.5963
139.5614 30.0265
134.3803 30.3061
139.2380 28.8642
137.3398 33.1233
138.1549 34.5026
136.6986 29.7661
137.2092 32.9641
138.3953 34.4676
137.8185 34.3815
137.3315 33.1322
138.4215 30.9167
139.1955 29.5581
135.6043 29.3487
134.4342 28.7567
137.2353 32.3827
137.1014 33.4112
137.0301 33.9712
132.9845 31.5958
136.3439 32.7648
135.2157 28.1598
136.6408 30.1810
135.0990 25.8244
136.7372 33.5133
135.6733 24.9540
131.6351 28.7834
137.7005 31.0732
138.7490 29.8707
134.8200 27.9543
130.0794 28.6851
137.6805 34.2333
136.2702 26.8709
136.7630 29.2172
134.3469 28.7824
134.8415 31.3681
134.7187 29.1379
138.2325 32.0735
138.0039 30.0171
139.3259 29.3146
137.2502 32.5047
133.6362 31.7206
135.0141 28.4196
138.0208 31.0935
136.8373 31.0267
136.7414 33.0506
136.0953 29.7253
139.6920 29.2701
137.9275 30.5157
134.5551 32.6904
134.2878 26.8401
131.7734 30.8588
139.6632 29.9113
124.5611 30.7542
128.4273 26.1807
134.7879 25.0666
127.5798 27.2567
139.4955 29.4119
139.2254 30.0156
138.5985 33.4050
139.3665 30.3523
137.8418 28.8091
139.8846 27.6611
139.0167 33.5881
135.1593 25.4050
137.0158 32.5758
135.5664 29.3000
135.1966 28.3348
134.9133 29.4220
139.1641 29.2369
135.9358 31.1557
133.9612 31.4731
139.4336 30.0888
137.3591 32.4414
139.1276 28.9837
138.1376 30.3136
134.0694 28.0012
137.5543 33.4610
138.5768 28.5920
137.6589 34.0773
135.3154 30.8291
138.5935 32.8744
136.3797 28.3513
135.7426 29.2640
134.4531 26.5717
134.2025 27.1864
136.2642 29.7344
134.7032 27.9614
139.6833 29.9401
134.9381 25.4561
137.6078 30.8218
135.5251 29.8028
137.9355 29.9665
136.6826 29.8333
136.4924 30.9670
138.8466 28.4430
134.4830 28.5083
139.9090 28.3103
127.5570 27.8746
134.5514 28.1715
134.4329 26.0173
137.2461 32.8153
139.3994 30.0929
135.4209 31.7675
135.7197 29.6460
137.3736 30.9352
134.5254 25.2993
135.9221 29.6883
135.0573 29.8690
138.3487 29.8540
127.7097 27.2524
135.3061 30.6444
138.9204 34.3614
135.8205 28.4762
139.4607 29.4986
134.4475 29.4377
131.3447 25.8507
137.6127 29.7090
137.6271 33.1702
136.7875 29.1231
135.5831 24.6519
138.7214 27.9531
138.3432 28.9729
138.9207 33.1476
134.9612 30.7440
134.1996 27.6527
136.6848 29.0705
135.1729 29.2071
140.3884 33.8816
135.6059 31.9894
135.0014 30.4015
134.1233 27.1169
137.5841 33.7754
134.9417 29.8137
138.7856 30.4629
138.6060 30.8628
139.2031 29.6102
136.0332 29.6653
126.9607 26.6960
134.3448 26.8798
139.4264 29.9243
132.9613 25.9945
139.1276 30.5499
132.6693 26.1269
137.0414 30.9532
134.6344 28.9340
137.0401 33.1833
137.2176 29.7093
137.2112 29.4415
137.5913 30.8549
136.9223 29.1151
133.1149 29.5667
136.8076 33.5075
138.0417 30.0020
138.1937 33.6834
137.2614 32.5106
135.6085 24.9706
137.4253 28.6814
139.3062 29.9623
133.0087 27.7545
134.2705 27.2141
135.3288 28.4814
139.5666 29.1562
133.6207 30.7586
139.8460 28.7198
126.9227 26.9019
133.1430 31.3137
134.4585 25.1964
134.1272 28.6612
131.4609 30.5487
139.3613 29.9108
134.7154 27.8445
137.6601 33.8573
139.6461 30.0057
137.9476 29.8897
137.4143 32.6724
139.3164 28.9389
128.4497 28.6481
136.6224 33.4579
138.2461 30.6548
134.5334 28.2555
137.1969 30.7806
138.4748 30.4727
136.8739 29.3427
131.5925 26.1761
133.3184 26.7840
139.2759 30.2771
137.1783 30.6816
134.2188 32.1894
132.9989 32.0091
139.4048 30.1796
136.5161 29.1072
138.2206 30.9832
138.8666 33.0516
136.7989 31.8634
137.1716 29.3623
131.6578 25.8848
135.0587 29.9372
128.9289 28.7927
137.9049 30.4769
134.6483 29.8284
133.8600 30.7114
139.4393 30.4975
136.4734 28.5589
132.8784 26.2635
133.7598 25.5052
137.4601 32.7483
136.9129 28.5710
138.3464 30.6239
132.6437 26.7798
136.2544 29.0698
140.5470 33.9592
137.1375 33.8963
135.0570 31.3648
134.0492 27.5497
139.4525 29.0728
134.2850 28.7403
135.5710 31.8094
134.3399 25.3524
139.6559 29.1092
138.4725 31.0239
138.1665 30.8245
139.4424 29.8157
138.6296 29.1859
134.1586 29.1148
138.4914 33.8728
133.9824 29.7918
141.5522 33.9564
128.2031 25.5991
137.8066 29.7887
137.9430 31.0180
136.9363 33.5279
136.8364 33.7939
133.0507 28.4528
133.8224 28.4219
133.6970 25.5138
132.5554 26.5584
136.9232 29.1495
139.4258 30.3323
130.9477 30.0463
137.8927 29.7545
137.2285 30.8710
137.2412 28.9010
136.6185 29.0225
134.9770 31.0433
136.9806 30.7970
136.7463 30.7880
134.1771 27.7641
139.5453 29.7110
139.6571 29.4304
134.3222 25.3867
139.1756 30.3521
137.7091 30.8558
134.7701 32.4718
137.9598 29.4823
138.5586 32.3949
134.3480 25.1952
134.3339 31.8802
134.1081 32.1943
136.7494 29.6280
138.3689 30.4233
138.3375 30.1046
137.5047 29.3516
137.3474 29.2585
133.8639 25.2018
134.9595 30.3545
134.0269 25.0998
138.8949 30.3979
135.4485 32.1866
132.2403 28.7892
137.1288 29.4172
134.0570 25.4180
133.0877 29.4255
139.3975 33.4375
133.0105 27.5612
136.5065 29.0989
139.2321 30.1707
133.7203 28.3586
134.3026 28.0529
133.8802 31.2457
139.6307 28.2262
138.1286 29.7211
132.8363 26.9745
136.1755 29.1030
135.0036 30.1570
127.0846 26.3882
137.0752 30.6270
137.3029 29.2649
137.8136 30.9378
139.7658 29.5668
132.7846 27.1220
136.7286 29.5004
137.0890 28.5116
138.6022 30.4367
135.6167 27.0802
139.2411 29.9722
132.5726 26.3251
139.2358 29.0386
131.1012 29.9338
137.2498 32.3442
137.6460 29.5286
137.1537 30.6955
139.5731 28.7461
136.7690 28.9984
128.6715 25.8905
139.0651 30.6100
136.2722 30.4174
137.8181 33.8726
139.3103 29.9470
134.8233 25.3705
139.0365 30.5286
137.5964 28.9891
137.7414 29.5366
132.7397 27.5781
135.1743 31.8713
138.2959 30.2016
138.1924 30.7525
136.6731 29.1724
136.5187 28.2423
135.5498 32.0260
136.8723 30.8652
128.5553 28.4583
132.2990 27.9300
139.6484 28.8628
137.5431 33.9817
138.4916 28.1655
128.2091 24.5678
127.8999 24.3681
138.6768 28.2004
131.0429 29.9710
129.4300 29.5980
135.1927 24.8951
134.2233 28.0699
132.5250 26.0892
138.2810 29.9464
133.2556 30.9353
139.4224 29.7492
134.7409 32.3990
139.3567 29.6603
134.9101 25.3621
135.5916 31.9642
137.4664 32.7039
139.4031 29.8987
136.8178 30.9338
134.8281 25.3227
136.3369 30.6556
134.1123 32.1644
139.0125 33.1645
129.4651 29.4854
132.5764 27.4999
134.2719 27.0909
134.7977 32.8195
139.1515 30.6910
135.2895 28.7158
139.1595 29.4446
135.0812 28.4527
136.6732 33.2805
137.3948 33.4258
134.9827 28.4435
134.2986 27.8258
136.7252 33.5335
139.2229 29.4735
133.3166 27.7194
132.8617 27.9489
133.9745 28.1963
135.1068 29.2420
139.5202 33.4260
127.1765 27.2871
135.7999 28.4151
134.2378 32.1404
127.6393 26.7530
132.2251 28.9290
135.1369 28.5296
139.6473 29.3343
134.2536 27.4219
130.4972 25.8183
134.2192 31.9400
134.5256 25.7382
139.0277 29.1113
135.0280 31.6183
136.6947 28.6205
137.3753 32.7491
138.6479 33.0170
138.6786 30.6944
127.4918 27.1312
135.4880 31.8351
137.6786 33.6112
128.5456 28.6805
139.3532 33.2547
137.6035 31.1679
134.8738 28.5015
136.6625 33.3553
139.5162 29.3769
135.1460 30.8366
130.9969 30.0832
134.8866 28.3300
138.2994 30.7187
137.9046 30.1341
130.8611 30.0218
133.6311 31.0538
126.9286 26.8006
135.6613 30.9912
134.1433 30.9997
127.9045 28.2136
132.7718 32.3096
135.1843 28.3134
138.1538 31.0370
134.1157 27.9435
136.7242 33.5380
139.7042 29.2069
135.9075 28.3427
137.0368 28.7678
133.6087 31.3067
134.2030 31.1732
136.2410 29.3640
138.4169 28.9399
138.7140 28.5633
138.9929 28.9481
138.3345 33.6465
137.6787 30.9885
135.7171 28.3856
136.2899 28.3818
135.4476 31.9853
136.3911 29.9475
132.8798 26.8206
134.4974 32.3173
138.4044 30.0503
134.5638 27.8390
137.1881 29.5126
139.4110 29.3572
136.7489 32.6104
135.2066 31.0951
138.6544 28.0718
136.1372 28.5002
138.2147 34.0748
136.0230 29.9853
136.5988 29.0556
136.0158 29.4103
132.7086 31.7440
135.1893 28.3191
136.1346 29.8866
135.9422 28.3972
134.5025 30.3256
137.1842 32.5913
136.4911 28.6044
134.0513 32.0729
135.1745 31.9994
132.6021 28.0889
129.7016 25.9915
138.5300 28.6747
131.6215 30.6296
137.7867 33.7662
136.6218 33.2970
134.9255 30.7039
139.1959 29.7381
136.7990 33.8679
139.1100 29.6870
138.6435 31.0163
138.0731 30.9014
141.0007 33.9237
137.0496 30.1560
137.3101 31.1668
138.3503 34.2650
136.2612 29.9127
139.2704 29.7409
138.5549 34.3292
135.9651 29.8043
137.3144 29.6598
137.1554 33.7961
137.1686 29.8942
137.1195 33.2764
138.4230 32.4779
136.4604 29.2878
137.1785 29.9806
139.0710 30.7976
137.2786 34.2070
137.8793 31.2061
137.4255 34.2508
136.9164 29.8858
137.0099 33.8408
136.3933 30.2113
136.0195 30.2880
138.3963 29.8050
135.9251 29.9281
139.9861 33.5063
137.1031 29.8176
138.9897 30.5060
136.8834 32.9828
137.3205 29.6984
137.3838 33.5119
136.4463 30.1694
139.2976 30.0432
141.1634 33.8849
136.8922 33.5213
138.9010 29.4859
137.8890 30.3038
136.4640 30.2255
137.9974 30.5914
136.9393 33.8697
139.2724 29.3700
136.0916 29.4192
139.4635 30.1430
137.1157 29.7605
135.9485 29.8469
136.7238 33.2461
137.2921 31.2460
136.5367 30.4164
137.8319 29.3699
136.1722 33.4081
136.8336 29.7897
139.5605 29.9979
136.5240 29.9522
144.6711 35.8728
139.5197 29.3938
136.8210 29.6083
141.4469 34.2950
139.0924 29.5500
136.8825 33.7082
136.5010 29.7118
138.0332 30.4221
137.0511 29.1933
136.1877 29.1161
139.5043 30.3907
139.4457 30.0728
137.7859 30.5197
139.4097 30.4642
136.4468 33.1050
137.0052 30.7378
137.0683 29.2176
136.6183 29.2586
136.7580 33.7417
139.6022 29.8665
136.9331 33.7931
137.5841 33.9253
136.4621 30.0945
138.5961 34.3178
137.8382 29.8007
138.9300 30.6280
136.8626 33.8517
143.5586 36.7525
136.1560 30.1140
138.1407 29.3691
138.4016 31.1286
143.0740 36.4345
136.3577 33.6808
136.3779 30.2156
136.3945 29.6958
137.0392 33.9722
136.8085 33.8031
136.1591 30.5590
136.5982 29.2300
137.7785 30.3428
139.3239 29.3761
136.1581 33.4714
146.1198 35.6186
137.8475 30.4907
138.0385 30.0620
136.5872 29.1099
139.2419 29.3320
137.8746 30.6990
140.5319 34.4881
136.9133 33.4502
136.9054 29.9152
141.0641 34.9072
137.5144 30.2188
138.3528 34.2791
138.8962 30.9308
136.4034 29.3243
136.8176 30.6021
139.0963 29.7018
137.4549 30.4034
136.3667 30.0190
136.0807 29.4738
138.8621 29.3909
136.8369 32.9027
137.4618 30.5133
139.0317 28.8958
136.9769 31.1414
136.7487 33.3783
138.2480 34.2298
136.2136 30.5638
141.4925 33.9621
139.5132 29.8394
137.0662 29.4558
136.7667 30.3160
138.9328 29.9423
141.5021 34.2363
138.9432 29.5750
137.3284 33.9678
137.3154 29.3184
144.2184 38.5396
139.2830 30.1880
137.6916 30.8966
136.2905 29.9233
139.2682 30.5579
135.7337 32.9290
136.6614 29.3115
136.6573 33.7326
136.2419 33.6021
136.3369 33.2286
139.3832 30.0470
139.4635 29.7398
138.6492 30.9918
136.4748 33.5037
137.0126 33.0887
137.7195 30.4873
137.2227 30.9061
139.1770 29.5005
137.4202 29.7648
138.5777 30.9815
136.1174 29.2822
139.2367 29.7863
137.1500 30.2872
137.7411 30.2684
136.9301 33.8924
136.5007 30.0244
136.2775 30.7503
135.9340 29.5650
139.3317 29.8592
136.9334 30.6140
143.5123 36.8167
137.2561 33.1357
139.5730 29.8823
136.7811 33.8137
136.4821 33.7323
136.7487 33.3559
141.5539 33.8873
137.7040 30.4075
139.1407 30.7793
139.1162 29.4678
137.2410 34.1724
142.4624 35.7283
138.1703 30.2984
139.3029 29.7812
136.9283 31.0058
137.6931 30.1940
137.5940 34.3444
138.0529 34.4785
140.1548 33.1615
135.9383 29.7253
137.3050 34.2117
136.3464 29.0451
136.8032 29.3317
136.5883 33.0192
136.7755 30.1743
138.4560 34.2536
137.6450 30.9023
136.7351 29.6250
136.4872 33.0229
137.4242 29.8796
136.9419 30.4947
140.3437 34.9619
138.8380 30.8874
136.7237 30.5964
137.5208 30.8616
138.3646 30.4494
136.8911 33.6885
137.3155 30.2354
138.1386 29.5316
136.4301 30.0993
140.1331 34.6289
136.2749 33.3485
137.0860 33.0053
136.8735 33.2177
136.6556 29.0900
137.9479 29.9310
139.5866 30.0508
138.1651 31.2361
139.5782 29.9243
137.0974 30.9123
136.8992 29.9974
137.6555 30.1827
136.7922 33.9818
137.3523 30.4243
136.4712 29.7100
135.9761 30.1240
137.2295 33.2602
137.3851 29.7698
135.9998 30.3409
136.4952 32.9994
138.6277 30.8449
137.1458 30.8505
136.5800 29.9350
136.6138 29.8432
139.6190 29.8153
137.9557 34.2493
136.8615 29.3264
137.9249 30.3225
137.0407 29.6894
136.8504 32.9187
137.5365 34.0810
137.7422 30.3437
136.5649 30.9115
137.9624 30.8372
136.9186 32.9510
136.0063 29.7437
139.0732 29.0776
137.7436 30.4967
137.5306 30.4812
137.3186 30.9031
137.9343 30.3297
138.7611 30.8937
137.2937 29.6594
137.3090 30.6736
137.2625 33.3943
139.1130 29.7801
136.2061 29.3341
142.9397 36.5085
137.5370 29.9559
139.1498 30.0370
136.8045 33.8515
137.1173 33.3039
137.9066 30.9036
144.4773 38.4722
136.8513 30.2312
137.5491 30.0386
136.1280 30.1636
139.1468 30.4823
139.2531 29.5588
137.6094 30.1741
140.8716 34.7254
135.9442 29.7534
135.9497 30.1161
138.9791 29.6222
137.8724 30.2454
137.9619 31.2077
137.6056 31.0514
138.3708 29.2790
137.1142 33.2434
136.7026 33.7531
138.3023 30.6776
137.5476 30.1349
137.0841 30.6270
137.8733 31.2325
136.4626 30.4117
136.3859 30.6676
137.4967 33.9406
137.4519 30.7821
137.4939 30.2618
139.1493 29.7770
136.5094 33.7612
138.9183 29.5778
136.8319 29.9397
137.4103 29.7497
136.8048 33.7894
137.6075 34.2494
139.0963 30.7716
137.3366 30.5735
139.7953 29.8181
137.6826 30.3910
138.9062 30.6272
137.9480 30.5361
137.5298 30.6253
136.0959 30.1376
136.0200 29.9808
136.4701 30.8727
135.9792 29.6806
136.8826 30.1024
139.0147 28.9884
136.3227 29.8062
137.5473 30.4075
136.2879 30.6958
137.4504 30.8662
139.0227 29.5560
136.7461 29.7114
138.0450 30.7995
138.4105 29.2838
138.0002 30.8727
139.3091 29.8397
129.8257 29.5429
134.1593 27.9316
137.4450 33.9807
136.8731 28.8793
133.8128 25.8578
140.2785 34.3882
132.1572 29.8745
139.7366 29.6919
146.5835 35.6229
136.2274 31.3040
132.8346 32.2311
138.2862 28.7922
128.3077 29.0164
139.0625 33.5606
138.0264 34.0553
132.8459 31.4430
133.5480 28.0999
136.8982 30.2304
143.4084 35.7687
138.6606 29.8103
134.6164 31.2058
131.9369 30.4644
134.6123 29.9961
134.9234 28.2607
128.4365 24.2169
133.3083 29.1340
131.2785 30.7401
132.6748 29.1472
135.0082 32.2000
142.0360 35.7864
134.3317 27.4763
134.5752 26.2515
135.0538 26.6162
137.0098 33.6935
138.4937 30.3397
133.4087 28.8566
137.6943 29.7400
138.9254 30.6699
136.9940 29.1856
137.9233 29.0103
126.9457 26.6954
141.2548 34.4464
138.3538 31.0151
135.5374 27.9766
138.1793 33.7784
134.2326 26.6057
139.0483 29.9737
133.7700 31.1087
136.0012 30.2342
139.6911 29.4923
123.4487 27.5138
136.3249 30.9905
134.8294 25.0650
135.9143 25.1631
127.9646 28.2493
135.4116 25.0429
139.4072 29.3803
138.2928 28.5820
139.6925 29.6408
135.7020 32.9980
136.6489 29.1558
137.1397 29.5833
137.1138 33.5179
132.5291 29.2947
139.0752 30.7758
138.2168 29.0829
127.5110 25.4328
138.2913 30.1308
132.6322 29.1862
134.0321 27.6272
141.1501 34.6059
136.9792 33.1757
134.7118 31.6328
137.9568 32.7724
138.8362 28.1339
133.9088 28.5255
139.8567 32.6878
134.9521 24.9327
138.2742 30.4931
138.8372 30.5823
132.3335 26.2832
139.9233 34.8639
128.7970 28.0148
138.2045 30.2759
134.2580 26.4221
137.3442 31.0898
136.7951 29.2545
133.3524 31.9408
127.9719 27.4926
134.5830 25.0024
133.1158 31.2082
136.2555 33.3314
142.8132 35.4713
133.1655 32.1817
127.3949 29.8970
134.2208 32.8964
132.7105 30.7453
136.5639 29.2339
136.0783 29.3575
139.7365 29.2286
138.6529 28.7588
134.9030 32.6596
132.5454 28.1624
134.5496 25.8664
134.3491 30.4794
139.0430 29.8814
134.1102 31.8032
137.5673 32.9247
137.7800 33.8904
135.3231 29.0001
138.1625 31.0838
134.0653 27.9279
134.3003 32.1986
137.1442 32.2844
137.3593 30.9917
136.2411 29.2432
137.7256 29.6176
134.3231 31.5262
132.8095 28.6879
137.6320 33.5478
135.0202 28.7327
134.7238 28.0921
137.0081 30.6032
139.7379 28.8677
133.9443 31.2872
137.1722 32.3183
134.7595 28.8636
132.7674 28.2976
138.3165 30.0604
135.4619 28.3710
134.0958 27.9324
133.0703 32.1905
138.9818 28.8915
139.3363 29.1661
134.8111 31.4481
139.4740 29.6120
137.4590 29.3454
134.6416 31.8548
134.6898 29.2927
134.0038 28.2407
136.6947 29.3659
133.0673 30.6105
130.7871 29.2751
134.4460 27.9363
139.2246 29.2798
129.1320 28.9905
139.5236 29.3094
134.4535 25.9867
133.3447 30.7714
137.2081 29.1863
137.8768 29.7160
136.9471 29.6355
138.6225 28.4041
134.3898 26.4877
139.6032 29.3559
134.2033 26.8310
134.9114 25.1208
138.5994 31.0033
134.8641 28.8665
135.3184 32.3431
133.9408 28.0735
134.2045 27.2018
133.9681 28.0150
134.4852 28.2560
137.3764 31.0337
137.9537 29.8226
136.6390 30.7784
137.2325 29.4192
134.3042 26.3522
132.7589 26.6391
126.6820 26.5834
138.0241 31.1169
137.7339 33.7004
134.2797 32.0684
136.6133 30.3871
128.9757 29.1918
135.0462 28.9904
134.6988 25.3069
141.6280 34.5834
134.6043 27.7767
134.5269 27.5833
134.4989 28.8666
135.0334 28.6554
134.0818 27.6697
139.0449 30.5680
139.7749 28.8273
133.4598 25.8933
137.4346 28.9082
133.8936 31.9179
135.0193 28.4149
131.4317 30.4932
136.7705 33.6830
136.1582 30.4991
136.6391 32.9603
135.8610 25.5211
133.3573 29.7778
139.3414 30.0537
139.2008 29.8982
138.3920 28.7793
138.4706 30.5602
134.0805 32.4713
137.6764 33.9682
139.3741 29.3049
138.1241 30.2193
138.1615 30.6464
137.3139 30.7596
134.9204 25.4423
131.6776 29.0130
127.4817 27.3680
134.7934 29.5701
139.6536 29.6470
142.0103 33.9642
137.2955 28.8387
134.2404 27.4862
138.6974 28.4209
134.0754 25.1037
138.9024 29.4595
139.5315 29.6572
134.2074 26.9413
139.8512 29.7783
139.7441 29.6681
134.3132 29.3612
140.7658 34.6681
134.9541 29.3131
134.2398 27.6431
133.7451 28.3487
137.3974 33.8133
139.7413 29.4421
135.1776 25.3864
138.3797 30.8331
133.9909 29.6945
135.7605 28.5836
133.7337 32.3230
135.0125 28.6817
137.9722 33.7880
137.9350 30.2707
137.5045 33.6423
137.0389 32.7083
136.2001 28.3698
136.9331 28.5766
139.6530 28.2169
134.1839 29.1602
135.0459 31.5773
139.4292 29.9788
138.8128 30.6889
137.8677 30.1489
136.7871 30.4639
134.4385 30.9161
139.1934 28.8886
134.2807 28.0182
137.1838 29.3611
130.9446 30.1482
139.4216 30.3855
136.6709 29.9607
128.7450 25.9150
135.8708 29.7011
134.3403 27.4939
137.5214 33.5054
139.5823 28.5417
139.9556 29.1809
139.1297 32.8691
128.6559 26.4413
139.6480 27.2257
134.3764 25.4917
138.4118 30.2086
137.8774 30.8942
134.9732 29.4276
131.9028 30.6418
137.2613 34.1840
134.0185 26.1203
135.1890 29.5700
139.9229 29.9946
138.8595 32.5254
138.1173 29.0428
137.5612 29.0574
139.7155 29.0896
138.6433 30.9918
135.1138 25.5236
134.1754 27.1118
136.6689 30.9145
129.0103 28.2126
132.0674 30.6045
138.0889 29.2216
128.8811 25.9734
133.1497 29.4853
127.9001 25.0824
138.2175 30.1431
136.0747 30.2847
128.4978 28.9315
137.2598 33.0304
134.3475 27.7754
137.4200 33.3009
136.4151 29.0025
138.2410 29.1279
137.9165 31.0622
139.5546 29.6705
139.8952 33.1309
137.3426 30.6507
137.0166 30.5307
139.6189 30.0079
139.5831 29.8076
139.3236 30.5406
138.1978 32.8864
140.8860 34.6943
139.2791 29.3225
137.0674 33.1155
136.6666 30.0296
141.1570 34.4493
138.3386 34.1309
139.3563 30.5851
139.0156 28.9528
136.7860 30.0683
136.9127 32.9183
143.7778 37.2752
139.0082 28.9828
136.2582 33.2251
139.2683 30.6477
137.3931 33.4213
138.0628 34.2136
137.3308 29.3046
138.6695 32.2937
136.5910 33.5114
138.9339 29.7614
137.4163 33.7042
137.3062 33.3724
140.8255 34.5366
136.5460 33.0824
127.3456 27.6124
137.3645 33.2603
136.6928 33.1243
136.9824 30.9653
136.6877 33.3904
137.7224 29.9678
137.4328 33.0908
136.0575 30.0845
138.0948 34.1978
139.5737 29.8209
137.1513 33.3947
137.2209 32.8885
137.3420 33.1910
137.5743 33.8264
136.2025 29.0627
137.0305 33.2492
136.5576 33.5297
137.2279 33.1445
137.2914 33.0290
137.6455 31.2494
137.1309 33.5612
137.3512 33.1107
138.1705 30.7347
136.5553 29.3901
138.3212 30.4997
137.2326 33.2503
139.2057 30.3662
137.1775 33.4565
137.2022 33.3321
140.5791 35.1508
138.9741 30.9304
136.7465 33.8109
136.4173 30.5809
138.8640 30.6182
137.2478 29.3244
137.0855 33.1524
138.5023 28.8103
138.0954 34.1957
136.2457 29.2743
137.0931 33.0324
134.4517 29.1686
139.8448 33.1434
136.7733 33.8007
137.3773 34.2421
136.7220 33.5982
136.0223 28.4055
137.1433 33.6343
140.8469 35.0139
137.8522 34.2602
137.2545 30.6214
139.1000 30.6502
137.1113 32.7530
138.1270 34.1757
139.1932 29.8198
137.8376 29.1559
138.1305 34.2011
136.6701 30.6075
136.6821 33.0275
135.9911 28.4223
137.0958 30.7322
136.1752 29.5799
136.7404 29.3197
138.4501 29.5142
139.6607 30.0907
136.2163 30.5281
137.1177 29.4790
134.8050 28.7625
136.9604 30.0284
139.3576 29.8554
137.2516 33.1365
139.2464 30.6196
139.9209 34.7633
139.4156 29.0726
126.3463 23.8117
130.0426 25.9670
136.8595 33.6408
130.3103 26.1684
132.8763 27.3599
130.1126 29.1273
127.3286 25.4344
133.3975 30.0800
137.3070 33.7754
139.3380 29.4733
137.5978 30.0865
130.8431 26.2044
136.6716 29.3488
139.5189 30.2480
138.3675 30.5282
133.1405 27.1760
141.8797 35.2126
132.8957 26.5718
135.2239 28.3323
137.6999 33.4783
129.6010 25.9936
138.4069 30.3020
134.2420 31.9399
137.3755 30.7979
134.2312 31.7898
139.3348 30.2714
137.4766 32.7309
137.3614 29.3197
138.5574 30.8826
134.3867 26.0826
134.0521 32.1324
139.3659 29.1420
133.7622 30.6797
135.7034 27.0110
136.4264 28.9793
136.5916 24.4267
133.3962 31.6107
126.5039 26.7016
135.0553 31.9184
138.9518 33.5796
133.2836 30.9308
141.2457 33.6833
138.3811 30.0805
130.7977 26.2375
137.8213 33.9014
139.3255 29.1650
136.4692 29.2785
132.5553 28.0495
135.0036 27.9373
137.5798 32.8773
139.2636 29.5823
134.3473 26.8903
137.6551 30.8411
136.8023 29.2388
141.0665 34.4188
134.3443 27.2758
135.3212 28.4811
130.1695 25.7235
137.9362 30.8255
131.9589 27.2263
137.6648 30.8475
139.3396 29.8075
133.7667 28.8148
136.0081 29.7192
137.9254 33.7668
136.4802 30.1168
134.1532 32.1911
138.0247 30.8076
134.6002 27.6825
130.8374 30.1166
138.2995 30.5727
138.1498 30.8253
137.4009 33.8403
138.2296 30.5073
139.7525 29.8807
137.5724 30.8184
135.8056 29.2320
139.0822 30.5762
139.7740 33.2268
134.8406 28.0517
136.3798 29.9333
139.1536 33.5999
137.2951 33.0169
141.6758 35.2704
137.6096 30.8453
137.6138 30.8302
133.1358 28.7212
135.0880 25.6470
132.4176 30.5471
138.5098 30.6887
133.9191 25.5184
130.5782 25.9546
138.3647 33.8222
138.0381 30.5072
137.4884 30.8250
132.2303 26.7030
136.4299 30.2183
128.4538 25.2101
132.4827 26.8364
134.1957 31.1223
133.1119 29.9386
128.9087 25.7387
137.6963 29.8912
136.4707 30.0075
136.6216 29.7601
136.0045 29.5552
139.2253 30.3659
137.4080 30.8822
137.8442 31.2262
137.2878 31.2226
139.1852 28.9387
136.3531 29.7575
137.2764 34.0165
137.7680 31.1420
138.0015 30.5257
136.4926 29.9386
136.9832 30.5795
139.1077 29.4705
135.9475 29.7571
137.6113 34.2165
138.2966 30.4863
138.9395 30.7147
137.3731 34.3150
136.7190 29.7283
135.9980 30.2549
139.4042 29.4505
137.3927 33.3571
137.3763 33.3947
139.5407 29.6308
139.5231 30.1385
136.3290 30.2972
135.9690 29.4013
136.3236 30.2659
138.7945 30.9670
140.7571 33.2546
136.5961 29.8857
136.7091 33.5002
139.1376 29.6460
136.6297 29.6713
137.4264 33.6193
139.2960 30.3094
137.6462 30.2052
137.5603 29.7342
136.7916 30.4284
136.4014 33.2034
136.2052 33.3989
137.9963 30.5728
137.7362 33.9926
136.4233 30.1674
135.9074 29.9124
137.1511 28.8910
137.4669 30.7867
137.5518 34.3817
137.9844 30.7037
136.4822 29.9349
136.6714 29.0751
136.6270 29.8876
137.2029 33.5794
136.5563 29.0852
136.3076 30.2419
136.7520 33.5500
137.6204 30.8729
138.0920 30.5575
139.3634 30.0575
137.0659 33.3358
137.9054 30.1149
137.4564 29.5947
136.5344 33.5453
138.0066 30.4144
137.2515 30.6934
137.9313 30.5026
139.0089 30.7167
139.2111 30.3707
137.3162 29.4975
136.6055 29.7721
139.1380 29.6876
137.6699 31.2418
137.0871 33.0984
136.8975 29.8646
136.9665 29.2574
136.2318 29.1888
136.2333 29.9357
136.7426 29.9911
136.2501 33.7827
137.0339 31.1379
139.1698 29.9878
139.2973 29.4868
138.4262 30.8771
136.9826 30.7971
136.4154 29.7156
137.3512 33.2240
136.2759 29.8156
137.6918 30.2789
138.0075 30.6399
137.1872 33.3572
139.0492 30.6225
136.6931 33.6186
137.6081 29.8587
136.2421 29.9652
137.8111 30.6551
135.7835 29.6985
136.7448 28.6974
137.4846 31.2472
135.9353 29.4669
138.7409 31.4826
137.2803 31.2122
136.5966 33.4941
137.4396 30.8996
143.3466 36.0625
135.9291 30.1015
135.7938 30.0892
136.7779 29.7590
138.9720 29.1662
139.1076 29.6115
143.4327 36.9856
136.2423 29.1468
137.1834 33.4694
137.3169 33.5193
136.8416 30.7394
138.5268 34.2768
136.2785 30.1518
136.3860 30.0787
136.8628 31.0825
140.2012 32.6716
137.3533 29.5779
137.8000 34.1403
136.9858 30.6280
141.2985 33.8799
137.7368 29.9678
138.0005 30.9928
136.0731 29.2927
138.1201 30.4065
137.3221 32.5222
138.7853 29.4761
128.7716 29.3238
136.6784 29.3313
138.0815 30.3901
137.4157 29.1623
138.7892 30.8625
134.0662 27.5228
135.5694 32.3154
140.1148 29.7702
135.5080 27.1001
133.2675 29.2408
134.5528 30.0762
138.5938 30.1726
137.4142 30.0884
137.6726 33.9671
135.9285 27.0345
131.5153 27.3618
137.8477 30.2899
138.8180 30.5635
135.3204 32.3323
140.3356 34.7135
135.3129 28.7291
131.3066 26.4855
134.5716 27.2034
133.1927 26.7564
133.4567 25.2081
138.6914 33.0897
136.3148 25.8401
135.3461 28.1440
128.5578 29.2002
136.9435 33.5371
125.5151 28.2059
132.6724 27.6276
125.3155 28.8420
132.8559 24.2183
136.5121 28.9942
131.0100 26.2013
138.4567 29.6013
134.7437 30.9870
136.1319 27.1949
134.3664 32.3220
137.5620 31.0816
135.1425 28.7724
135.6324 26.7860
136.5569 28.7950
139.2175 29.6292
132.0571 30.1461
136.7330 30.3426
135.1617 31.3276
139.3347 33.2209
133.9163 30.3143
134.6521 29.0132
139.4326 28.8985
134.6073 24.7629
132.0294 27.2817
133.6617 30.2628
136.7356 31.8085
128.5671 24.6093
127.5198 28.0315
134.8188 28.7364
135.0905 31.6454
139.9686 28.9540
127.2493 23.2583
129.0501 30.5380
135.1082 30.3062
133.6498 31.3738
133.7339 31.2997
138.5961 30.5342
137.0117 33.4058
135.0980 29.7681
135.3717 31.9833
138.5051 33.8350
136.7481 30.8320
134.1536 28.1075
134.1170 28.5921
134.4589 29.0965
135.0952 28.6551
136.7956 28.9757
131.7518 30.9683
133.5461 31.2863
134.8018 29.3176
135.1828 23.7192
126.0273 21.4055
127.4411 24.6656
135.6839 23.8795
129.2311 26.7734
134.9670 28.5515
134.5179 28.9961
135.7572 30.0992
136.8316 28.4842
134.5618 27.7185
135.7633 23.6102
133.5342 27.0937
127.9376 25.6401
135.8463 28.5465
132.9402 24.0152
133.8382 27.0706
127.8326 25.1172
135.2758 26.5901
133.8439 25.6329
132.7292 23.9190
134.7464 29.1498
132.0625 27.3924
137.4067 29.6329
131.1826 24.2509
135.8532 25.3170
136.2308 25.1186
127.7528 22.3139
131.8376 26.4631
135.6420 24.2463
125.6944 21.6282
136.6515 26.0372
134.6445 27.6198
135.4616 23.5309
134.3073 25.8684
136.5074 25.4025
133.2401 24.4421
137.4039 28.8542
137.1263 30.0834
136.6751 29.7605
135.5198 31.9253
128.3568 24.5681
125.8245 22.5149
133.5346 29.7596
134.5545 28.1165
134.0046 26.0623
135.5595 23.8990
134.4213 23.7439
130.6908 24.8533
129.7899 24.9591
135.6557 23.3542
135.5373 23.3665
136.1065 28.4594
135.9839 23.9116
136.0610 26.5537
134.6500 24.1777
132.8431 23.8284
134.3701 26.2126
133.9298 30.7759
136.0148 30.2486
135.3321 27.2157
134.8524 31.8363
135.2288 29.1847
135.8113 29.7843
132.7290 27.9392
133.4723 32.3127
135.0717 28.9126
137.4786 32.3697
137.4406 33.5006
137.0946 30.8052
138.9367 33.4646
136.8848 31.9023
134.0493 27.0944
137.4122 33.4385
128.8165 24.9311
132.9964 26.5470
135.0426 29.4233
139.2760 30.3529
129.6765 28.6353
134.8557 28.1473
139.6077 28.8640
135.8854 25.2274
137.6536 29.1575
134.7378 25.5976
137.5055 33.3357
129.2469 28.9694
133.4827 32.6901
137.9130 31.1418
137.9351 29.8220
127.6933 27.1209
134.7702 30.9751
139.3845 29.7323
131.4447 30.5548
137.6400 33.2883
133.0806 30.9859
139.9505 27.8766
136.6327 29.8201
132.6582 29.3122
137.5575 33.9870
134.6505 25.8541
133.1201 31.4071
136.9425 28.9559
136.4182 30.2566
135.2704 28.8190
139.0786 30.1713
136.1378 29.8581
134.3424 26.6765
136.0659 28.3770
132.9224 30.8579
133.3739 28.6296
139.6330 27.5967
139.2721 29.5024
138.1265 33.9654
135.6057 26.8912
131.1131 30.1395
133.1235 31.4667
139.7069 29.4664
139.0042 29.2835
134.8522 32.2161
138.3510 30.3076
139.8953 29.9262
136.8671 32.2732
139.6213 29.8433
135.4751 28.7250
136.1412 29.9014
137.0712 30.6020
139.5067 30.0720
136.9706 30.1738
138.8620 33.3326
134.2463 31.6090
138.2996 31.0665
134.6007 27.7194
135.3546 25.1194
134.0926 25.4783
136.9650 30.8859
135.8297 31.0210
139.5296 29.4905
124.2878 30.4052
134.7459 29.1212
140.8893 34.5133
137.3213 33.6099
137.1001 32.7151
132.8240 27.3883
138.7922 30.8474
135.4136 28.7199
134.1756 27.9381
137.4015 32.4969
135.2768 31.6727
136.3391 28.4958
133.5893 28.6306
132.7106 31.9460
134.1377 29.1436
135.1878 26.7454
128.4946 27.9669
139.9120 28.1427
133.5715 29.2603
137.3019 34.0882
139.6717 28.1978
138.3364 28.3703
135.2957 28.6271
132.3592 28.0886
133.5039 32.1660
134.6208 30.1051
139.7069 29.0590
139.2693 29.4520
134.8094 29.8967
135.2388 31.6019
138.0121 30.8170
134.8338 32.0385
127.3918 27.8352
133.5849 32.4052
136.8292 30.5108
139.2769 30.5565
135.8946 32.2011
138.0965 29.6550
133.4613 28.4754
134.0328 28.8542
138.0934 28.5693
136.8969 30.6337
136.4254 26.3541
128.8987 26.8550
139.3496 28.9194
136.9424 30.6514
129.2424 25.1448
132.0781 28.6277
134.1049 25.1503
133.2730 27.8680
129.6443 29.7585
133.5607 30.3515
133.3757 32.7650
131.5298 27.8840
137.5361 33.4553
135.3896 31.7533
136.4354 29.2824
138.5072 30.9033
137.7390 30.8384
135.6888 24.6992
138.6266 30.6399
135.1794 31.2326
137.0905 29.5763
139.5403 29.1033
136.9701 32.1853
132.4260 27.8314
136.7722 29.2121
136.7546 30.4684
139.1003 28.9042
132.9763 30.6175
134.1895 25.2372
135.2272 27.0026
133.7681 25.5504
128.9093 25.8501
130.7692 29.9402
136.5107 29.1663
132.8624 27.2780
139.3346 28.8379
132.1953 28.3064
138.1561 29.8291
134.0517 25.4602
134.2927 30.1154
134.9071 24.9683
134.5658 28.7315
136.6161 29.0385
136.5356 29.3484
138.6256 33.5995
142.9727 35.9212
134.9294 31.3925
137.2809 33.1140
142.3099 36.1972
136.9798 33.6279
139.0481 29.7340
135.4783 31.2052
146.9514 35.8472
136.8899 30.6419
138.9678 30.7625
138.6792 32.1722
136.6307 33.5056
139.5742 28.9003
140.2555 32.3411
139.3659 30.6617
136.7340 30.3342
137.4166 31.2988
134.5688 27.6282
136.9579 30.1360
134.7882 25.5361
143.4102 36.9082
137.2498 30.7724
139.1645 28.6948
137.8910 30.7496
136.2764 32.2576
139.3566 31.5086
143.0086 35.8361
139.7501 34.1066
139.3606 29.8752
138.0510 31.2095
139.8380 29.5723
136.0978 29.3991
133.8230 31.4141
136.2439 32.9448
137.4491 33.0257
138.3438 34.2270
137.1739 30.2351
138.5917 28.6937
127.4457 24.8105
145.0245 37.4402
133.1200 32.3321
136.8057 33.7396
139.4835 30.1537
144.3067 35.1352
144.6120 36.2167
122.6793 32.5772
145.5266 35.9303
139.3471 29.3670
136.3085 29.4003
139.2099 29.8975
137.0208 31.1665
136.8613 33.6243
143.6081 37.6352
138.9779 30.6342
137.5261 33.3608
133.1454 31.7590
136.0692 32.3798
139.3153 30.5881
145.8675 35.9393
131.3734 30.0467
139.2372 30.0944
137.1455 32.6902
139.6111 29.0834
139.9941 29.9199
137.7889 30.5371
139.1801 29.5343
137.7917 30.1865
134.6846 33.6007
138.1311 30.5209
136.8745 33.7203
142.1474 35.6793
138.8400 29.4298
135.0248 31.2848
142.1967 35.7697
136.8876 32.7691
144.4700 35.3150
137.3194 29.6654
139.2082 29.3667
135.4046 31.7251
149.0775 35.6570
139.2674 29.3925
136.8813 33.3600
138.5718 30.6523
137.0225 30.1193
136.6381 30.5992
131.2429 29.9726
138.9708 30.2230
139.1787 29.7782
145.5796 36.5004
128.7483 28.6527
139.6288 33.2962
134.0293 31.8027
131.9796 27.7011
132.6779 29.3779
133.9472 32.2570
133.9708 31.9597
129.5099 29.7198
134.2167 28.4983
134.0611 32.0919
131.7591 30.6155
133.8236 30.7272
134.1147 32.0714
137.4606 30.9038
134.2116 31.5458
136.2956 30.5277
135.5098 28.4096
138.4359 33.6769
133.4403 31.1728
131.1245 29.8833
135.4753 31.2996
130.9015 29.8138
137.8691 33.7043
134.1752 32.0239
133.9907 32.3681
134.8660 30.9524
140.9862 35.3143
135.2493 29.1745
136.2948 29.8642
134.0822 31.9549
133.9444 27.6066
137.1391 33.3270
139.5791 30.2827
134.2805 26.7004
136.4203 28.4686
139.5544 34.8961
133.5654 31.2583
128.7050 25.1551
134.4404 27.8681
135.0845 31.5207
133.4530 29.6388
137.2596 28.9340
134.2937 26.4792
134.4421 32.6587
128.9902 26.0352
134.2579 28.3488
137.4021 29.7353
133.8985 30.8589
134.1201 31.6050
138.9232 30.4519
139.1733 33.0742
138.8015 32.8887
138.0816 34.1137
133.8563 32.3478
138.1691 30.7552
128.2439 27.7004
133.8857 32.0822
134.4457 25.8253
134.3643 27.9838
139.2620 30.6174
133.8188 32.0404
133.2099 30.6759
134.1758 28.0465
137.3100 33.0239
139.0577 32.8954
136.6987 33.2812
134.1386 32.0762
134.5310 25.5354
139.5907 33.3887
134.2017 31.9907
137.5623 29.8156
138.2745 30.4723
130.9859 30.0396
136.8220 33.3771
137.2176 33.7066
135.0290 30.2129
135.2529 31.8505
135.2135 28.3027
134.3956 28.0193
137.7351 32.4309
139.4253 30.5766
136.4736 29.2303
134.3461 27.6324
134.1394 31.9953
133.6153 31.0922
133.0561 26.5064
132.5390 28.0792
134.9622 28.4050
137.9990 34.0987
136.0435 28.4242
134.5068 28.6730
134.2539 26.5559
134.6435 28.7983
134.6040 27.7913
134.3299 27.4498
138.0505 29.9177
134.3024 31.8302
139.3202 29.0142
133.0942 31.8054
134.5693 25.3064
137.0110 28.7105
134.3998 25.9267
133.4029 28.5598
143.2838 36.0846
133.5542 31.1484
134.2105 32.0401
133.9771 32.0978
130.9488 29.9402
133.8986 25.4296
133.7530 27.5035
134.4414 27.8572
137.7982 29.8351
139.5514 29.4867
137.9437 29.6969
139.4494 30.3930
134.2217 26.2601
134.7759 28.9895
135.7148 31.9252
127.7562 28.2211
138.9832 30.7148
134.8286 29.1829
132.8939 31.5632
133.9725 27.2928
135.0617 30.8578
135.2014 29.7229
138.1939 28.2225
132.4875 28.3520
134.6085 28.7268
131.2664 30.6511
134.7004 29.2124
134.5443 27.8736
138.6026 31.8366
138.6595 30.3718
139.3572 30.1190
135.5368 28.5352
136.5316 31.5073
134.8185 28.0840
133.9383 29.0193
139.6222 29.2661
131.0566 30.5221
128.8537 28.6217
135.4147 31.6985
132.8833 28.5460
138.3593 29.6836
128.7211 26.2284
137.1576 30.5504
135.1873 26.7269
127.6735 28.3023
131.2696 26.0340
137.9092 29.6192
134.1970 26.3474
133.1026 28.2123
134.1567 27.0182
133.3949 27.8278
139.7384 29.6457
133.0030 28.6350
132.8604 27.7443
133.5630 28.7393
133.2177 30.8068
132.8222 26.4732
135.2393 31.8851
136.9520 30.9539
136.2046 26.4473
131.6113 26.5201
130.7519 28.2004
126.7560 25.2917
139.1636 29.8262
135.8013 24.5935
129.4233 26.5219
131.0250 26.1074
135.2915 32.2956
133.9366 28.8949
137.4604 29.3621
132.4507 28.0044
135.0803 28.3329
136.9715 30.4368
139.5273 28.4007
133.2913 31.1755
134.6633 29.3067
131.0791 31.0950
139.0635 30.6914
137.0477 29.8789
139.2999 28.5258
133.7325 25.4442
137.2330 33.9437
139.3865 30.3305
137.4532 32.9269
137.5774 33.6787
137.5419 32.8524
138.4753 30.9747
137.0292 30.5040
135.4272 28.4915
133.9541 30.7984
133.8566 32.1086
137.9623 28.9371
139.3989 28.6561
136.2764 29.4086
137.5461 33.5950
132.5386 29.1969
133.1982 27.9176
136.6230 28.3549
134.5346 27.4097
134.2617 26.7326
136.9909 33.3450
138.5159 29.2505
127.7474 27.4712
139.6815 28.4182
134.4026 32.4853
131.7304 26.1270
135.8740 28.4160
134.1767 25.3740
137.2092 32.1891
134.3781 29.0303
139.4270 29.3788
131.8999 31.0013
136.2517 32.2226
134.9671 29.2664
133.8359 25.2514
137.8911 29.5229
138.6710 34.3667
141.2465 34.3328
134.0108 27.9636
132.7428 29.2503
134.0800 32.1501
137.7324 34.1789
132.2952 28.6996
132.6682 27.0138
136.7256 33.5169
134.1242 32.9263
131.0955 30.2529
135.3736 32.0976
137.1910 32.2873
137.3025 32.6737
135.4119 31.6390
133.9087 29.0944
132.7741 29.3299
137.6761 30.8972
135.2231 28.3431
132.3952 27.8272
136.4866 30.7964
141.3141 35.1202
135.9333 28.5578
134.6862 30.2590
136.8057 29.2275
134.9921 31.2915
133.3180 32.1934
133.4617 27.6790
139.8825 28.8018
134.8493 30.4984
138.4961 30.8022
137.4353 33.3839
134.3739 28.4761
139.4310 30.6131
137.4846 29.4619
133.3896 31.8156
136.6537 28.6114
134.1398 25.2858
139.8841 28.9040
126.8577 26.7108
130.9571 29.9265
138.4016 30.9847
133.9364 32.0809
134.6534 30.0966
134.4793 25.3962
134.3627 32.1217
129.8209 26.0660
137.7185 29.5217
134.0622 26.7465
135.6288 28.3903
139.7327 29.5744
135.6354 32.0585
133.4176 32.2543
137.2228 30.7088
137.4028 30.9171
134.2551 27.9117
137.1135 29.4604
138.5049 29.0471
135.3226 28.4015
139.2756 29.0156
134.7076 24.9718
131.1208 29.9240
137.1923 33.2306
134.0728 28.8896
135.1680 28.9700
137.1965 32.2309
139.4240 29.1795
134.6109 32.0507
131.7027 30.5370
129.1721 26.0745
133.8371 31.9017
134.1391 29.8612
134.3989 27.9569
134.7067 24.9475
135.1333 32.1308
136.6275 30.0475
130.9464 30.0546
133.9950 31.9357
132.3374 31.6419
135.5341 28.2786
135.1222 28.2846
135.3906 24.4184
134.6616 32.2524
139.3607 29.6705
134.4797 25.3886
137.5618 31.0684
138.9928 29.5519
140.0298 29.4597
135.4092 29.0581
128.1475 26.0983
135.0589 31.9829
136.0724 29.5483
125.8496 28.9636
127.7439 28.1600
128.0917 24.4551
135.9331 29.3923
128.0214 25.9071
133.0113 27.5704
139.5048 29.6062
129.0663 28.9190
139.1574 30.4031
134.2282 26.2703
136.4233 28.5325
134.5133 28.6588
137.9954 29.9491
134.3388 29.3352
128.2167 28.4389
128.2311 28.4338
133.9480 27.7284
138.3639 30.7313
133.9899 32.1136
135.2800 30.8896
132.6797 31.7789
139.6692 29.5912
133.7617 32.5474
139.4030 30.0384
134.8036 29.2098
132.4633 26.5124
139.4051 29.1564
139.2884 29.4311
139.5048 30.0479
134.9662 28.9794
138.2742 30.0427
133.4051 32.3723
134.9649 30.5267
134.5488 31.7919
139.8952 28.8988
134.3942 25.3715
132.2966 28.4707
136.5070 32.6029
127.7152 28.3144
134.3133 26.6639
136.3472 26.2354
134.7364 30.6103
136.0975 29.7233
138.2958 34.0388
131.9555 26.3675
137.6767 33.6071
137.0200 32.1260
127.9927 25.5423
134.2393 26.8444
138.3499 30.8103
138.6943 30.6508
132.6056 29.3371
132.8084 26.5809
136.1472 30.0965
132.7850 27.2801
129.9942 29.4356
138.5703 30.0844
128.5841 26.1404
131.1640 30.6259
134.6044 25.7700
131.1756 25.9276
137.1042 28.8779
139.6855 28.9767
133.9771 27.9151
134.9431 31.4019
134.3197 28.6759
134.9198 27.8605
134.8588 30.6234
130.9895 30.0438
136.2280 29.6734
139.5710 29.6039
134.4568 28.0457
138.3522 30.0377
134.8233 25.4078
132.8134 32.0902
129.9832 26.7704
136.9802 29.1270
135.4108 31.5044
136.4709 30.5316
134.7967 25.3560
139.9835 29.9419
137.6762 32.9397
133.9936 26.0928
139.3058 28.7116
131.6893 28.6570
134.6848 30.7770
126.4914 27.0523
134.9149 30.3199
133.5677 31.0103
135.0831 31.9026
139.4775 30.2614
138.4097 28.4428
136.6705 31.8558
135.0356 25.1506
134.0155 24.8781
130.4911 25.6224
134.0048 27.8234
136.5345 30.0094
136.2491 31.3152
133.7098 29.9222
128.2374 25.2922
134.4019 26.2965
134.3964 28.5267
138.3972 30.4148
134.1029 24.3648
131.2058 25.5222
136.3479 30.6127
133.3947 29.5541
139.1909 29.4009
137.5478 29.5115
138.3288 34.1325
137.2787 33.9747
133.6262 25.7520
136.0182 29.7619
134.3387 28.3183
138.1040 33.6164
139.3824 29.3015
133.9087 28.2440
130.2871 25.7510
134.1722 26.6801
134.6763 29.1594
137.7935 33.1162
127.8789 27.1896
134.3988 32.3597
134.7951 27.6797
135.7114 28.9493
137.0146 30.5352
135.5540 31.5840
135.3506 27.0376
135.9783 31.1455
133.5239 29.7222
131.0416 25.5071
135.3090 29.8826
139.7627 29.8131
134.8606 28.5436
131.5542 28.6962
136.4928 30.6947
139.7502 29.6577
135.0247 28.7040
139.3787 30.1898
139.4568 28.8648
134.6789 31.5434
139.4411 30.4087
133.1903 31.2283
133.5195 29.5035
133.1012 31.6683
137.8835 28.7732
139.3637 30.1857
137.1406 32.2527
138.5037 30.7804
135.8603 30.9034
137.4140 33.9870
136.1381 28.0080
133.6227 25.5516
134.8852 25.1687
135.1409 29.3865
137.5110 32.6586
138.6561 30.5157
134.9045 25.3862
132.8027 26.9105
133.2903 31.4327
133.3833 32.3651
138.3233 30.6731
137.6764 30.8184
132.7332 29.1104
134.4179 26.2641
135.0746 30.8696
137.0214 32.3014
138.4074 30.0754
138.6421 30.0215
135.7499 31.6110
138.8604 28.0121
134.9416 31.1183
134.2349 26.4849
137.5469 32.9762
132.4161 29.1094
134.9983 30.0820
138.3278 29.5662
135.3595 31.6728
139.0303 32.3100
139.5908 29.0124
139.8113 28.9926
130.9854 29.8921
134.5215 25.1470
134.1588 30.8686
138.0036 30.8918
135.2974 27.9093
137.0242 29.1427
133.7534 29.9154
136.5939 29.1464
136.2746 29.1400
134.3463 30.3086
139.1894 29.2579
131.3164 25.9587
136.8197 30.8153
139.0468 30.3055
138.6797 29.0069
134.3872 32.3372
138.3952 30.6048
136.3373 31.4370
134.8049 30.1156
134.7522 30.0120
136.5491 31.5471
136.3576 28.9980
136.1895 28.0905
139.1873 29.1982
133.8475 29.6983
134.9727 27.8811
136.7863 30.8126
127.9097 24.5093
139.1730 30.5150
139.4647 29.6412
136.6923 28.2609
135.1120 29.7273
139.0303 30.6328
134.0951 29.7915
139.1167 30.6488
139.0715 30.2801
133.0222 27.1633
139.3271 29.1623
128.1028 24.4137
139.7725 28.8907
134.7256 27.6935
137.7306 33.6292
136.5275 30.1309
138.2108 33.6974
139.7316 28.8666
138.4745 30.8844
135.3597 28.0784
137.0498 29.1732
137.4410 32.4317
138.7580 28.1943
139.8521 28.8759
133.4208 31.2770
133.5092 31.1183
138.9193 30.3364
136.4145 31.6265
134.3803 31.6338
133.1888 26.6467
139.5568 29.4803
139.7693 28.8814
134.7132 27.5980
137.5394 29.3023
136.9209 29.1875
134.2691 28.0714
132.2162 28.8036
134.8630 30.8629
134.1158 30.8637
131.2703 30.0106
137.7854 33.1802
136.4719 29.0096
139.3726 29.0081
134.1628 32.1844
134.8671 30.1658
134.5973 27.5490
138.8771 30.7145
133.3007 32.2869
138.1910 29.8771
139.3066 30.3958
136.7112 30.5780
134.1154 30.8071
137.4695 30.7781
134.6952 27.7180
137.2110 28.4950
139.2679 30.2792
137.0419 29.1154
138.8493 29.8825
138.4377 30.9315
137.6467 33.6325
136.1494 29.8263
137.3251 32.2787
138.2257 29.9222
134.5326 28.0137
132.6994 30.5472
131.2529 30.3107
138.4763 30.4351
130.9204 29.9847
134.8841 29.9481
133.5625 30.9481
127.8194 25.1441
132.7046 30.5378
136.8769 29.3426
138.1982 29.9054
136.2033 29.5108
135.3231 27.9462
139.6799 29.0517
134.2864 28.6176
136.4064 29.2326
133.6994 31.4839
138.1685 29.8161
124.1769 28.7226
135.7078 24.2718
134.4344 26.3492
135.3461 28.2308
133.1939 32.2074
134.6363 28.1949
139.3996 29.3798
131.6308 27.5086
134.1165 27.7401
141.5764 34.1735
137.2798 32.4422
134.0811 27.4095
135.1122 26.2416
139.4221 29.0179
135.7276 32.0955
134.1353 29.0463
134.0889 28.3255
134.8243 24.8962
135.3097 32.0580
134.5488 25.1589
126.6487 26.9375
135.6231 32.2292
132.6540 28.4421
132.9892 27.6474
126.8109 28.3991
135.6078 21.4813
134.6008 29.7086
137.5431 33.6121
137.9077 28.5777
134.2532 25.1703
137.9172 30.0104
129.3774 25.9618
137.7760 32.9215
131.9891 27.3800
134.3667 26.0852
135.3504 24.2642
136.7392 32.2891
134.3180 26.5401
128.6567 24.6601
135.3281 30.2239
129.3976 26.1863
125.4903 25.2268
129.4700 30.0689
138.0304 31.6209
134.3960 24.9181
135.0825 29.5822
132.2880 25.4537
133.5439 25.6493
135.1994 30.8665
127.5604 25.6098
132.9369 30.4806
136.0345 27.2606
129.5441 26.0289
134.5721 25.5119
138.9765 30.1054
138.8517 30.7566
133.4232 27.8621
138.4769 30.7524
136.9592 29.4157
130.9293 26.8603
132.7322 30.6082
132.8870 28.3960
131.1219 30.1286
134.6303 30.2121
132.6670 28.8303
127.4773 27.8168
137.0274 27.3052
133.1140 26.5528
130.6886 26.4901
128.1085 25.8460
126.8679 22.2862
136.7669 29.8488
143.5576 36.8141
136.8773 30.1970
137.8940 30.6902
137.8537 31.0668
136.7026 29.2127
140.6708 34.4954
137.2759 33.2257
139.1677 30.2321
137.2589 33.3001
137.3778 29.4499
139.5980 29.6118
139.5637 29.7992
136.6670 33.3744
136.1453 29.7603
136.8293 33.6561
137.2112 33.1860
136.6120 33.0423
139.5414 29.2115
137.0760 33.1106
137.8464 29.1745
139.1844 30.2100
138.6177 30.7784
136.8571 33.6333
138.7574 30.6410
136.5029 32.9933
140.6542 33.8675
136.8551 33.5047
136.8606 32.9280
137.7897 30.6209
137.2105 33.1540
137.8514 34.2772
136.0852 29.8642
136.8194 30.2939
138.8986 29.1086
143.5157 36.6188
136.7563 32.9274
138.5616 30.8396
141.3253 33.7768
136.8455 32.9317
137.0818 33.1010
137.3427 33.3175
138.2067 30.2527
137.2347 33.1330
138.7633 30.9618
136.5106 30.6382
137.1313 33.2507
143.8425 37.2569
136.2892 30.0519
138.8418 30.8096
139.9997 33.5570
138.2592 29.2492
136.9446 32.9650
140.5999 34.5889
137.1420 33.2704
136.7536 33.5477
143.6016 37.0205
136.4613 30.6909
136.7125 32.9212
137.7785 31.1801
137.2206 32.9516
139.4159 29.1892
139.1885 30.0716
137.3122 33.2654
137.6594 29.0781
136.3046 29.5216
138.0994 30.1009
137.0139 33.0256
136.9392 29.2145
143.4467 36.5328
136.9629 30.2070
141.3566 33.2016
136.2036 29.5487
136.1711 30.3260
136.8542 32.9221
136.6577 28.7539
143.4874 36.1351
137.6765 33.9048
140.9193 34.6334
137.4167 33.6749
137.2281 33.1287
137.5352 34.3181
137.1069 33.1488
137.6502 33.8770
138.5027 28.9682
137.5443 30.7077
139.6861 29.3120
137.7574 30.3374
137.3035 33.1634
143.3670 36.4850
137.2134 33.3472
137.1312 30.3419
138.5605 29.8070
136.2864 29.4681
136.2594 30.1453
137.5052 34.1247
136.8714 29.7786
137.8635 34.2838
143.4368 36.4628
135.4656 28.3549
139.2782 28.9569
140.7742 34.5461
137.6837 30.7151
143.6030 36.0969
138.8616 30.9622
136.7018 33.3671
137.3844 34.2398
136.4908 33.7873
136.7219 32.9737
137.8736 34.3867
137.2646 33.1244
137.1128 34.1174
136.6527 29.7486
136.1294 30.3339
137.6557 29.6101
135.9772 29.5602
138.2022 30.7597
139.1015 29.8101
137.2061 32.9916
143.4408 36.5679
136.2613 33.2939
139.2538 28.9170
136.7672 32.9231
136.2787 33.2825
137.1385 30.1814
136.2522 33.2806
137.6502 34.0604
137.2454 33.1089
139.5522 29.7994
138.9874 30.4976
137.5761 29.6123
137.1057 33.1864
139.9705 33.0328
138.1105 34.4716
137.7179 29.1794
136.9639 34.0326
137.4501 29.4959
136.3378 33.6683
137.3443 33.2371
136.0763 30.0558
142.4527 35.7069
137.1373 33.1610
143.6949 36.3867
138.9587 29.0414
138.2278 30.7093
140.1717 33.1961
139.0720 29.7445
137.1728 29.3227
140.0205 33.0623
136.9291 29.6525
136.3105 29.7755
138.1234 34.2190
137.7962 30.0471
136.5242 30.2104
139.1453 29.9431
137.4518 33.3988
136.6178 30.6015
137.3710 34.1082
136.7641 32.9193
136.6562 29.0959
136.1357 28.7200
137.7640 30.6389
138.2742 30.4686
139.5584 29.8481
138.4707 31.1197
137.2045 29.3668
137.1211 31.0948
142.9420 35.3159
136.5565 33.3489
136.7871 30.3507
136.6047 33.4441
138.7458 30.5041
136.9344 32.9554
137.5270 33.5916
136.2537 29.5558
136.8484 33.5681
138.4723 34.2125
143.9388 37.2046
136.4443 29.4275
137.4704 29.5505
137.1804 33.2553
139.1891 30.1459
136.6045 29.2270
144.2215 37.3591
136.7176 33.5444
137.9012 30.6741
138.9537 30.4515
136.7000 32.9022
137.1421 30.0138
136.3688 30.7888
138.5373 31.0039
138.7277 30.6844
138.2051 34.4356
139.5575 30.2270
136.3207 33.4223
136.7274 33.3532
138.2256 30.7285
137.6798 30.7054
137.1696 33.2634
136.2968 29.7566
136.9777 30.8239
138.9526 30.4434
138.3411 29.3970
136.3111 33.6668
137.1393 32.9120
139.5874 29.6274
135.9136 29.4022
136.5195 30.2106
137.4926 29.7379
143.6521 36.4565
137.6449 31.0331
137.4494 29.6782
138.8835 29.3975
138.2090 34.2168
139.6805 29.2899
137.2698 33.0253
139.4713 29.1572
137.0953 33.1813
136.9723 32.9896
137.1945 32.9726
138.6147 30.9594
137.3491 33.0523
137.4995 34.0816
137.2282 33.1553
137.0538 33.0804
138.2198 30.6647
136.7136 31.0310
142.9002 36.1527
136.8208 30.1961
136.4629 30.0295
137.8951 31.0595
136.3633 29.2411
137.7008 30.5626
137.7897 30.3899
138.2640 34.1993
141.9918 35.1030
137.9685 29.9754
138.4705 28.9370
138.3282 29.5463
136.5325 33.7990
137.0559 33.0542
136.8769 33.5186
137.7061 34.2067
136.9254 30.2038
137.1947 30.0632
137.2099 32.9100
137.3065 33.1656
137.4999 33.6427
136.2543 29.5094
137.3874 29.0045
137.4975 29.0004
136.9428 30.2270
139.0449 29.8165
140.1786 34.1875
142.6470 35.2868
136.8991 30.1933
139.1891 28.8887
136.8760 33.5791
140.6799 33.3390
138.8951 30.4725
136.7835 30.2801
136.0499 29.8326
139.1539 30.2887
138.6701 30.0543
138.9379 30.4380
137.3175 33.1260
137.6368 29.5449
136.8903 28.6953
136.4629 33.0896
137.2784 33.0501
147.2519 36.0242
144.6704 35.1740
136.8602 32.9105
137.1723 33.2209
138.7115 30.5436
137.4136 34.0956
138.1078 30.7143
136.8620 30.3591
136.4283 33.6757
136.8911 33.4956
143.2538 35.4682
137.2978 33.1713
137.8840 30.4775
138.9163 29.0970
138.9201 30.4589
137.2036 29.3465
139.1632 28.8996
139.4899 29.5303
138.4762 29.3192
136.4246 33.0660
137.6158 34.3991
141.9755 35.6405
136.5186 32.9921
138.5126 29.7414
136.5870 33.1444
137.9962 31.2371
139.7434 33.6227
139.2185 28.9230
138.0523 30.0171
137.0052 30.8950
136.5291 33.7433
139.1024 29.7941
137.4434 33.8148
139.1329 30.3013
136.7801 31.0654
136.4195 29.6064
138.9454 29.0533
136.9433 33.3716
139.2774 28.9691
138.2629 30.4806
136.8786 33.5684
136.9912 34.0577
143.4026 36.7017
137.0477 30.4889
136.2410 33.5857
138.4544 29.2114
136.6403 33.0584
137.7661 30.6935
136.8070 32.9850
138.4236 29.5878
136.7881 32.9112
137.1204 33.1864
138.6696 30.4570
137.0965 32.8350
138.7308 30.3868
137.2017 33.1443
139.1717 30.0673
137.1429 33.1363
139.1917 30.0499
