132.7319 28.1606
133.8356 28.2450
133.5282 25.1454
139.1074 33.5177
132.7971 29.3579
135.0088 30.5892
134.2144 28.4500
138.5727 30.2964
126.7845 26.4700
138.9100 29.8243
139.3371 30.0775
132.0844 26.1272
136.7098 30.6438
132.3018 28.4610
137.3967 30.1449
134.0571 30.8039
134.3941 30.9944
139.1835 29.9589
133.6141 29.7385
135.2748 31.6554
138.4718 28.9602
136.5966 29.6860
139.3528 29.8771
135.4399 27.8843
134.0809 31.9890
137.5119 33.2967
137.4123 32.4779
134.2626 27.8455
139.2415 29.7396
136.2023 30.1608
138.0998 29.2064
139.6698 29.3314
138.1526 30.0582
131.5170 26.2023
136.1763 29.5682
138.9479 29.2455
131.8095 27.4394
136.6333 30.8700
136.2875 28.8968
135.3276 28.4648
136.5910 28.2738
132.1012 27.3327
139.0368 29.2905
133.9360 28.2464
136.8591 33.3006
136.3480 29.3903
137.6973 31.0982
134.3973 25.7377
137.5394 33.3312
133.0146 29.5122
134.1385 30.6959
138.0712 31.0011
129.2895 25.0940
138.3107 30.9402
133.0411 26.4695
137.4989 33.1642
138.0105 30.8407
133.1362 25.0959
137.4158 33.9567
134.5636 29.3738
134.1330 30.2110
134.5873 28.6474
131.5965 25.8373
137.6867 31.1878
138.8402 28.2165
136.4755 29.9447
134.0189 32.3539
137.5602 33.5867
138.3378 28.2878
131.3685 30.4918
134.1652 25.1526
138.1868 28.3225
132.6374 27.7946
134.8110 25.2050
139.5743 29.0486
134.4980 28.7281
133.3514 28.1694
136.9552 29.1599
130.9528 29.9081
129.4638 25.9950
136.2704 25.3702
135.4384 31.7608
134.1287 26.0500
138.6292 30.9979
134.1954 26.3428
133.9504 27.5473
133.9687 29.6784
138.5851 30.6048
132.6783 29.3004
127.3142 26.9094
134.9547 27.6750
138.3942 29.9954
128.5549 28.3345
138.8129 30.3753
134.0377 27.2298
139.2639 30.3373
134.7409 28.4256
137.0773 28.1889
135.8425 24.3490
134.2314 28.5075
139.3548 30.1376
135.0139 31.3257
135.9965 29.2793
134.0282 26.2656
135.5457 31.2390
132.2942 26.1939
135.1243 24.6894
138.5081 29.8241
133.2775 31.4514
133.9958 30.6647
134.0923 27.5816
137.3541 29.4186
141.3163 33.7727
134.9576 28.9356
140.8231 34.8496
136.5732 33.4120
134.8089 28.0538
134.1148 27.2567
130.9205 29.9568
131.1771 30.3483
138.5595 30.4128
137.6526 33.2396
138.8936 30.4871
134.1770 26.9680
132.6060 27.0687
139.3042 29.9325
135.2559 31.7752
134.0045 30.7117
130.8419 29.9611
136.6714 29.3758
137.7965 34.1125
134.6510 28.1403
134.3810 27.8033
135.4624 31.7133
136.9555 30.6618
134.6658 28.6893
137.4800 29.2906
134.1549 28.9242
134.2983 25.9192
134.1384 28.8623
134.3151 32.3080
135.5837 28.3272
137.9766 28.6637
135.1509 28.8926
133.8616 32.4302
139.8434 28.7131
139.6200 27.5541
135.2014 24.6463
134.1383 26.0215
137.6343 33.5368
138.8459 29.6659
135.1115 30.9145
135.2310 31.7023
131.1982 30.0049
136.1255 30.0479
130.7651 29.8643
137.4374 30.7188
130.9418 30.1274
133.7144 32.4819
135.1484 31.5640
129.8156 25.8042
131.4797 30.1323
136.4565 29.5711
133.5226 25.6113
131.0950 29.9272
136.9641 29.1639
136.7543 30.4201
143.5546 36.1367
134.2398 29.1594
134.2738 31.0943
131.0764 30.2514
139.3484 30.2044
136.8408 29.0059
130.5547 26.0341
137.4385 33.3989
134.2316 31.6537
137.2463 29.3200
133.8674 31.0658
130.7907 30.1023
130.6154 28.2111
137.6811 34.0888
134.6357 28.4813
134.8334 28.6628
134.5548 28.7276
135.6798 27.9575
139.5524 28.2274
136.1466 31.2930
134.2063 31.8040
133.4862 28.5572
137.1064 29.4630
131.3884 30.4532
131.5154 26.8874
137.3239 29.1493
134.0024 27.6222
139.6385 29.1079
137.8706 33.6673
139.6340 27.5800
139.3392 29.1119
135.1153 29.3599
136.8716 33.8819
133.4635 30.0002
135.1313 31.8684
137.0333 28.9774
137.9800 29.8255
134.7200 29.2853
139.3307 28.9191
139.3641 29.5482
133.8680 28.7951
133.3173 28.6196
136.3518 28.8899
136.1784 28.4073
134.0550 27.1946
128.0801 24.2393
138.3766 29.5415
136.5491 30.3687
134.1281 32.4694
137.7531 33.8670
139.1841 30.1770
138.8748 29.9895
134.9897 30.5729
137.3897 32.7333
139.2821 30.0266
133.8577 28.0935
134.7473 27.5352
126.5110 23.4088
136.3697 29.3106
135.0248 28.8472
139.6145 28.6505
133.5443 28.7755
137.6721 33.6982
133.8392 27.9473
127.0736 24.3148
137.2296 30.8575
136.4098 29.5768
134.6491 27.8293
131.8167 27.5692
139.1376 28.8466
136.5523 28.9053
132.3589 30.5688
133.5988 29.5105
137.4160 29.4201
126.9265 27.4624
139.9572 34.5977
139.2411 29.5275
136.4651 33.2195
133.9145 24.9669
134.9704 31.2250
127.9942 24.7336
133.9018 32.1565
134.5861 29.5843
134.1898 27.7585
134.4525 28.1122
131.6483 30.3882
134.1333 27.7921
133.9090 25.8632
138.7563 30.2137
136.7975 30.7839
134.5798 29.7741
134.4647 30.3188
134.5624 28.7303
138.2483 30.0678
137.7692 29.4620
138.3103 29.8806
137.0236 32.0151
137.4425 32.5790
136.9415 29.1135
134.8396 28.9059
134.1020 27.7310
138.7341 28.1671
133.9512 30.7643
133.9562 27.8452
134.4724 30.9978
132.3615 28.0377
137.0274 28.9053
139.6209 27.8866
137.0401 28.3473
134.6905 25.2169
134.1588 29.7050
139.6922 29.0853
132.9707 26.8451
138.7354 29.7454
135.7892 24.6543
134.1854 28.2150
133.7266 25.4201
128.9433 24.8907
135.0880 29.8654
138.7860 29.9870
139.6278 28.7667
137.4535 31.9348
139.5144 29.2896
139.5704 28.1799
134.1078 26.9390
138.1993 30.9924
133.1215 26.5146
137.3837 30.8578
129.2648 24.8902
134.1018 29.1903
135.1031 30.1147
131.0138 29.8832
139.2380 30.2790
133.9580 32.5561
137.6430 34.0556
137.0858 30.9171
133.4637 29.5645
135.6796 28.0206
132.9142 26.8823
139.2903 29.0373
137.9380 30.8224
128.3642 24.8414
136.1034 29.7940
137.1938 32.2686
134.8930 29.9813
138.5498 30.0196
135.3363 24.6917
128.1243 24.3071
134.8978 29.3914
133.5390 28.2507
128.2236 26.0301
138.3591 29.8060
134.4921 31.1281
136.0021 31.4098
139.2986 29.4129
135.9410 29.2786
138.9130 30.6427
134.5986 32.0430
137.1492 29.3328
133.9163 28.0382
139.6304 29.0920
137.9435 30.9337
138.6880 30.3211
134.2361 27.9613
134.8900 31.3744
132.5771 31.5961
138.6174 29.5984
134.8072 28.8263
134.0278 28.3804
137.1420 32.2733
132.8287 27.9041
135.5814 31.8350
136.8774 30.6391
135.2205 28.5108
134.2296 25.0209
133.3664 25.9222
136.9867 31.8505
135.3970 24.7632
132.6181 28.1921
139.7752 34.3527
138.5735 29.8954
136.5114 29.2876
134.3102 26.8856
136.6659 31.9044
138.1953 29.9089
136.0849 30.0430
137.7975 29.4545
134.6612 29.0966
137.5471 29.9636
139.2673 30.1019
138.6914 29.6077
133.5944 32.0445
137.5613 32.8385
126.1645 26.7008
132.2765 28.8771
134.4259 32.3499
139.3882 28.7067
134.3622 32.3829
137.3756 30.9026
130.5852 29.9661
134.5633 31.6333
136.5770 31.5926
138.3781 29.7802
139.2966 29.0529
138.1646 29.4883
136.0473 29.6306
138.1118 28.6670
133.9858 31.6821
128.3545 25.5228
136.7854 33.5235
137.5972 33.2563
130.7245 29.9989
136.0467 30.1184
139.5941 29.4830
136.4364 31.5824
132.0835 27.4548
135.1894 28.0623
132.6505 27.7940
132.9506 27.9000
135.6174 27.9702
131.5017 26.1971
133.6617 25.6083
136.7562 30.4355
135.6350 30.8789
132.7851 27.2289
136.5542 29.1598
135.6222 24.0382
135.0819 24.9408
133.5831 32.0863
132.5975 26.5994
129.1895 25.2618
136.5799 29.2350
139.3971 29.4160
139.5955 28.7254
134.1356 28.6801
132.1648 28.3461
138.4388 30.5254
132.0379 28.7108
137.5758 33.5951
137.7295 29.6066
133.0006 31.6628
137.7246 30.9548
134.2323 26.1416
135.4996 31.8575
137.3340 34.0434
133.7568 29.5527
133.8915 28.8192
135.3009 30.1026
134.1844 27.5286
139.3090 29.2253
134.8308 30.4952
139.2052 28.7731
137.2373 31.0457
130.8966 26.8419
133.1282 29.4036
137.3876 34.1346
135.0933 30.0144
136.8282 32.0074
133.6920 32.9588
135.8827 28.9681
132.3989 28.6131
133.2477 29.5115
131.0110 26.2336
139.7473 28.8981
132.0263 28.2151
139.0992 29.0482
138.5220 30.6907
138.5647 30.8383
137.4610 29.3285
134.0485 32.2097
132.7716 30.5508
138.6897 29.6014
136.2629 29.4786
137.4033 31.0431
133.2232 26.4058
135.1263 29.8331
129.4841 27.0206
138.8210 30.4072
135.4881 31.5211
134.1959 26.0018
135.0074 30.2093
139.4467 29.2560
132.4208 27.8926
134.2318 25.9188
138.0615 29.6376
134.7301 27.5161
128.9929 25.9795
136.5354 33.3972
129.5128 29.6129
138.1562 28.3510
132.4636 28.2440
141.4082 34.3600
133.8100 24.7590
139.7001 29.1508
135.2284 27.8770
134.3004 25.1464
132.8264 26.9489
133.8650 25.6382
138.3336 33.2552
133.0087 29.5758
134.4680 27.7049
133.5227 25.5549
133.0019 32.0987
134.1888 27.8092
131.4559 26.1654
139.3546 29.1224
135.8743 31.5239
137.4267 32.7135
137.8108 32.8028
133.0334 27.9845
137.1166 29.1128
126.6780 26.7131
134.2032 29.8258
136.6227 30.2487
139.0382 30.7275
134.0244 28.1864
136.2410 30.3164
134.4445 27.9636
138.3554 30.0753
136.4887 30.5617
136.5776 29.1561
139.1912 30.1977
134.5067 25.0119
133.7466 32.1565
134.4892 28.8435
138.9974 30.6792
133.2201 28.1512
134.0327 27.3155
138.5194 27.8891
134.0500 27.6106
138.4880 30.0958
129.0682 24.4195
137.6477 29.5664
134.7961 27.7253
138.6642 30.6132
133.7548 29.6098
135.0293 31.3839
139.2507 28.6812
135.0579 28.5398
139.0301 30.5515
139.6326 29.4427
136.5220 30.2197
129.2768 29.0901
136.0779 29.5525
136.4557 30.1577
138.1765 30.8506
137.6283 29.5693
135.0301 28.7184
137.5941 30.9289
139.2949 29.0282
138.7570 30.7316
134.9875 30.6104
134.6259 25.5175
133.9792 30.6877
129.2013 25.1762
136.5501 28.9777
132.6995 29.2802
134.0947 26.6451
139.4490 29.7683
139.6453 27.9112
138.1346 31.1439
138.4505 34.1142
134.0781 26.9894
134.4160 27.9599
133.9760 27.5041
138.9650 29.1841
132.0657 27.4447
138.5063 30.2466
138.1501 31.0714
138.2704 30.7860
130.8226 29.9966
133.6554 32.0925
134.0872 26.9673
134.1519 27.4213
135.1673 28.4223
135.8848 29.0649
137.6691 28.8243
138.0375 29.7040
131.3286 30.0301
137.0155 29.2747
133.6048 32.2428
128.4746 25.1061
133.8332 25.1403
131.2027 29.8895
134.3901 32.4506
135.0817 29.0032
135.1837 28.7581
136.3989 29.3156
134.7407 31.1732
131.2260 27.4390
139.7189 29.1985
133.6408 32.2218
134.3102 31.9754
134.9626 31.7025
137.2615 30.8962
136.5259 30.3878
135.0186 28.2831
132.7522 29.3976
139.1627 30.6975
133.8183 29.6390
136.3280 25.5750
139.8472 28.8853
136.6352 29.2330
136.8312 29.1099
133.4612 32.0985
132.9744 26.3676
139.5389 29.5377
136.2396 30.0272
137.9451 29.4273
138.8269 30.6826
132.8425 27.8844
133.8466 32.2573
129.0095 24.8753
135.7408 28.3776
136.6023 30.0515
137.4465 30.8595
139.8351 29.5971
137.2037 33.2556
136.2868 29.6245
139.6082 29.4302
138.7087 28.3373
137.0118 33.5542
139.3986 29.9404
134.9259 31.7280
137.2976 33.8757
139.6327 27.6945
137.0127 33.8091
139.3176 33.2882
136.8952 30.5510
138.9688 30.7278
137.6200 34.1881
139.8718 30.1309
139.5453 28.8765
136.6236 30.7247
134.8308 28.6364
139.3027 30.5502
137.4652 33.4984
134.6521 32.0108
137.2716 33.1574
137.1333 33.6152
137.4285 33.3820
129.0833 29.0524
139.2042 30.5097
128.1398 27.5036
138.2721 30.1737
136.8090 32.9538
139.4062 28.7836
138.7753 28.2634
139.1001 30.6696
136.2571 29.3833
136.8792 33.5189
137.7090 30.8661
139.4574 29.5730
136.6357 29.4275
137.2811 28.8720
137.3827 33.4241
139.3462 29.9535
136.8118 29.7152
128.6971 28.4084
139.4741 30.0415
141.3281 35.2600
136.7534 29.1254
128.3138 28.5138
139.2133 29.6237
138.2289 29.1126
138.1496 29.4075
139.0273 30.4572
134.3895 30.0152
139.0879 28.6909
138.4758 30.8569
138.1407 30.2873
136.6412 33.2982
128.0986 28.4885
137.9524 30.6894
137.6529 28.9847
137.1214 30.6574
135.0497 25.4028
139.0609 33.6635
137.4207 33.0319
134.1996 29.8172
138.4308 28.3969
140.6034 33.8336
137.8600 30.0473
130.9133 29.3671
138.6988 28.2925
137.2811 34.1941
138.9382 29.0845
141.0049 35.6117
139.2083 30.0176
139.3287 32.3631
137.9202 29.7237
139.1410 29.3797
139.3683 28.8996
139.2148 29.7517
139.8642 29.9712
139.2675 28.9853
138.6249 28.5133
139.9433 28.8723
136.6250 28.5242
136.9998 32.9666
138.9841 29.1947
139.5457 27.6119
137.1507 28.7506
136.8830 33.9234
143.6774 36.6020
135.0727 27.9771
137.6848 30.9356
139.5419 29.8554
138.3193 34.1299
134.5656 28.3064
137.7197 31.6494
137.7823 29.9789
136.8430 30.3864
139.6268 28.1323
137.1161 33.8634
138.0263 31.0960
138.3662 29.0670
137.1817 33.6561
137.8030 31.1444
138.5226 28.5645
138.2322 29.1740
133.8182 32.3957
137.5526 33.7776
137.3224 33.1689
137.1646 28.7692
139.1378 33.5619
137.8421 31.1500
136.3017 28.9608
137.3785 33.3477
137.4079 33.4602
137.1988 29.6785
136.9591 34.1034
137.0157 28.6806
135.3422 31.9231
137.4635 33.2221
136.4477 29.6468
137.4626 33.3077
143.9889 36.8156
139.4304 29.4655
138.6005 28.8958
128.3317 28.1212
138.0594 34.2252
137.1908 33.7008
143.6249 36.2431
136.4046 30.3373
138.6782 28.4023
139.4640 29.5956
138.0952 34.0938
136.4810 32.9903
137.6723 31.1634
137.3241 33.3084
137.2716 33.4677
136.7682 30.3783
136.5436 29.7959
138.0932 34.2477
139.6749 29.6808
137.1311 33.6960
136.3474 28.4859
138.3127 31.0010
136.0480 29.1934
138.7376 30.2027
133.1617 29.5973
137.5790 33.7833
138.7784 34.3624
139.5879 29.5244
137.3391 33.2212
137.4409 33.7249
132.4659 28.5621
139.2171 29.5006
133.6484 32.3791
136.0438 28.2739
143.6682 35.6619
136.9253 30.5763
137.2503 29.7283
136.1096 29.2404
136.4597 33.2150
139.3577 29.3860
135.9073 30.1656
136.6193 33.2841
137.3459 33.8500
137.2043 33.1871
137.9582 29.2565
137.2765 33.6994
139.0748 28.8268
137.2471 33.5337
139.3350 28.9495
137.6640 31.0899
140.4341 33.5035
139.4784 30.3953
127.5526 27.1190
127.0361 26.6521
139.4441 29.9104
139.4216 30.2071
138.0510 31.1194
137.3858 33.0253
136.0966 30.5034
139.4254 33.0987
136.8249 28.9859
143.3812 36.2610
132.5931 31.3720
138.3376 30.7159
143.1678 35.9464
136.9347 29.9577
137.2663 33.8172
136.7415 30.0516
136.6802 33.4241
129.7104 29.3488
139.4890 29.8499
134.4697 30.2201
139.1973 28.7437
137.4017 33.4097
138.2836 34.4410
136.9391 29.8316
137.3224 33.2582
138.6186 34.5612
138.0538 34.3575
137.3856 33.4187
138.2957 30.9946
139.2164 29.4161
135.7270 28.9576
134.2775 28.6569
137.2816 32.4511
137.0314 33.6043
136.9836 34.0733
132.7753 31.5141
136.5397 32.6920
135.0097 28.0075
136.5364 29.9157
135.3384 25.7033
136.5800 33.4858
135.6681 24.8453
131.6417 28.7954
137.3541 31.0992
138.7073 29.8397
134.5899 27.7712
130.1374 28.6384
137.9014 34.3282
136.2075 26.9691
137.1289 29.2724
134.1344 28.7035
134.9622 31.5100
134.7131 28.9814
138.1086 32.0002
138.0983 30.2093
139.2079 29.1741
137.3413 32.5918
133.4082 31.7300
134.8913 28.2874
137.8140 31.1274
136.4744 30.7762
136.9393 33.0901
136.3736 29.3209
139.6731 29.0772
137.8484 30.7268
134.6762 32.7670
134.2131 26.4768
131.7856 30.7936
139.5953 29.7021
124.4262 30.7596
128.4051 26.1651
134.7961 24.9653
127.6292 27.1715
139.3936 29.2594
139.2188 29.9232
138.6497 33.5448
139.3164 30.3224
138.0229 28.7818
139.9602 27.6232
139.2312 33.5715
135.3033 25.2970
137.1635 32.7839
135.7649 28.9182
135.0811 28.1987
134.9542 29.1741
139.0993 29.1065
135.6907 30.8692
133.9382 31.7698
139.4432 29.9459
137.4071 32.5162
139.1604 28.8586
138.1673 30.4967
133.8937 27.8725
137.5736 33.6634
138.7655 28.3228
137.8207 34.2291
135.2730 30.6105
138.4565 33.0423
136.4093 28.2604
135.8383 28.9026
134.4178 26.2052
134.0944 26.8861
136.5821 29.4235
134.5070 27.8105
139.6308 29.7348
135.0004 25.3214
137.2445 30.8767
135.5511 29.3568
138.1049 30.1739
136.8466 29.8203
136.1754 30.6865
138.9388 28.2155
134.3180 28.3928
139.8520 28.1629
127.4447 27.8576
134.3325 28.0838
134.4514 25.7034
137.3875 33.0132
139.3549 29.9718
135.4587 31.6701
135.7610 29.2350
136.9933 30.8660
134.5329 25.1648
136.1065 29.3009
135.0804 29.5203
138.4154 29.8446
127.6989 27.2132
135.2610 30.3660
139.4151 34.6316
135.8996 28.3539
139.4158 29.3127
134.3761 29.2919
131.1754 25.7787
137.8254 29.9418
137.6609 33.3799
137.1462 29.1587
135.5212 24.4777
138.7288 27.7016
138.4633 28.7438
138.8541 33.2397
135.0112 30.5997
134.0766 27.4056
137.0198 29.0471
135.1939 28.9104
140.6178 33.8151
135.6898 31.8174
135.0449 30.1310
134.0006 26.8360
137.5517 33.9588
134.9798 29.4862
138.7915 30.4530
138.5203 30.8900
139.1511 29.4407
136.2769 29.2624
126.9186 26.6368
134.2411 26.5052
139.3623 29.7967
132.8394 25.8697
139.1068 30.5714
132.6180 26.0605
136.6445 30.7162
134.4892 28.8121
137.0579 33.4113
137.4844 30.0295
137.5530 29.6382
137.2868 30.8744
137.2729 29.1557
133.1142 29.5462
136.7054 33.5160
138.2029 30.1605
138.1988 33.7374
137.3211 32.6348
135.6008 24.8549
137.5627 28.6700
139.2584 29.8179
132.9207 27.8191
134.1584 26.9037
135.2257 28.3051
139.5356 28.9835
134.0941 30.8906
139.8197 28.5223
126.8552 26.8562
133.2800 31.2473
134.4019 25.0560
133.9672 28.5707
131.3969 30.5094
139.3130 29.7579
134.5049 27.5866
137.7420 34.0019
139.6052 29.7960
138.1165 30.0856
137.4905 32.8118
139.2758 28.8125
128.4129 28.6031
136.5954 33.3239
138.1428 30.7838
134.3766 28.1299
136.7974 30.6553
138.4932 30.5340
137.2528 29.4421
131.5530 26.1297
133.2754 26.7814
139.2738 30.2174
136.8414 30.5530
134.0556 32.3528
132.7588 31.9611
139.3654 30.0580
136.8541 29.0153
137.9790 31.0565
138.7521 33.1617
136.6909 31.7031
137.4920 29.5481
131.5031 25.8020
135.0777 29.5778
128.9075 28.7125
137.8633 30.6939
134.6903 29.6450
134.1883 30.8018
139.4580 30.4247
136.6703 28.5471
132.8455 26.1971
133.6382 25.3973
137.5154 32.8819
137.0347 28.5407
138.3175 30.7353
132.6768 26.7908
136.5444 28.8791
140.8133 33.9328
137.1296 34.0342
135.0672 31.4059
133.9455 27.3639
139.4179 28.9363
134.0936 28.6104
135.5891 31.6424
134.2929 25.2109
139.6387 28.9015
138.3674 31.0573
137.9912 30.9450
139.4032 29.6141
138.6362 28.9713
134.0277 28.9991
138.5109 33.9033
134.0256 29.7263
141.6174 34.1452
128.0656 25.5837
138.0187 29.9638
137.6339 31.0870
136.8385 33.5732
136.6847 33.7865
132.8398 28.4593
133.7091 28.3242
133.5931 25.4054
132.6288 26.5523
137.2615 29.1950
139.4158 30.2451
130.8500 29.9897
138.0853 29.8791
136.8188 30.7017
137.5111 28.9802
136.9371 28.9637
135.0217 31.0332
136.5596 30.5080
136.3410 30.3874
134.0374 27.5057
139.5230 29.4989
139.6685 29.2157
134.2624 25.2332
139.1879 30.3443
137.3970 30.9201
135.0310 32.5493
138.1265 29.4971
138.3913 32.3495
134.2732 25.0543
134.2446 32.2029
133.8856 32.3029
137.1203 29.7593
138.3956 30.5192
138.4215 30.1517
137.7693 29.4531
137.6779 29.3537
133.7057 25.1027
134.9940 30.0899
133.8667 24.9942
138.9020 30.3867
135.5329 32.0384
132.0544 28.6662
137.5005 29.5770
133.9667 25.2890
133.0836 29.4319
139.4464 33.4436
132.9221 27.6449
136.8352 29.0113
139.2295 30.1106
133.5789 28.3033
134.1097 27.8812
134.0309 31.5180
139.6212 27.9206
138.2739 29.7385
132.8209 27.0167
136.4391 28.8696
135.0233 29.8245
127.0512 26.3137
136.7791 30.4668
137.6327 29.3796
137.4783 30.9949
139.7826 29.3672
132.7426 27.1495
137.1067 29.6116
137.1867 28.4797
138.6013 30.4611
135.4220 27.0253
139.2108 29.8524
132.6245 26.3003
139.1998 28.8905
131.1985 29.9571
137.2434 32.3907
137.8922 29.6573
136.8215 30.5429
139.5541 28.5673
137.0655 28.9747
128.6179 25.8391
139.0318 30.6201
136.0757 29.8557
137.8372 33.9656
139.2698 29.7806
134.8815 25.2265
139.0124 30.5338
137.7821 28.9952
137.9558 29.6487
132.6594 27.5891
135.1894 31.8935
138.3792 30.2851
138.0500 30.8780
137.0207 29.1448
136.4648 28.1375
135.6323 31.8720
136.4604 30.5420
128.5403 28.3926
132.1239 27.7161
139.6454 28.6660
137.5841 34.1410
138.5041 27.9643
127.9520 24.4609
127.6456 24.2650
138.7262 27.9471
131.0825 29.9391
129.4632 29.5527
135.1655 24.7682
134.0629 27.8827
132.4786 26.0192
138.3845 29.9724
133.8016 31.0168
139.3749 29.5558
134.9338 32.5299
139.2839 29.4874
134.9308 25.2309
135.6569 31.7757
137.5382 32.8479
139.3443 29.7480
136.4488 30.6368
134.8804 25.1995
136.0727 30.2010
133.9310 32.2970
138.9207 33.2283
129.5058 29.4488
132.5168 27.4651
134.1751 26.7575
135.0246 32.8368
139.1425 30.7111
135.2445 28.4674
139.1030 29.2874
134.9568 28.2967
136.7284 33.2306
137.3598 33.7192
134.8210 28.3002
134.1497 27.6548
136.6531 33.4778
139.1592 29.3232
133.2436 27.7498
132.7138 28.0077
133.8634 28.0538
135.1197 28.9387
139.5421 33.4104
127.1455 27.2220
135.8518 28.2856
134.0907 32.3507
127.5981 26.7222
132.1028 28.8284
135.0071 28.3601
139.6633 29.1592
134.1270 27.1539
130.4298 25.7727
134.0988 32.2166
134.5316 25.4862
138.9718 28.9982
135.0854 31.7183
136.9093 28.6384
137.4641 32.9405
138.5610 33.1194
138.6692 30.7186
127.4809 27.0517
135.5497 31.7063
137.6796 33.7943
128.5206 28.6253
139.2572 33.2248
137.2549 31.1568
134.7115 28.3708
136.6534 33.2870
139.4703 29.2117
135.1684 30.6307
130.9290 30.0063
134.7702 28.2132
138.1888 30.8493
138.0312 30.3666
130.7775 29.9846
133.9963 31.2695
126.8768 26.7591
135.5019 30.7092
134.3799 31.2910
127.8400 28.1505
132.5791 32.2604
135.0749 28.1668
137.8925 31.1048
133.9762 27.7617
136.6486 33.4709
139.6810 29.0132
135.9223 28.2219
137.2961 28.8289
133.7233 31.4999
134.3282 31.5770
136.6039 29.1550
138.5359 28.6687
138.8345 28.3155
138.9587 28.8108
138.3364 33.6737
137.3302 31.0292
135.7408 28.2489
136.3488 28.2884
135.5414 31.8710
136.5226 29.6238
132.8899 26.9083
134.5837 32.5402
138.4880 30.0702
134.4038 27.6738
137.5048 29.7572
139.3893 29.2179
136.9652 32.6633
135.2138 30.9501
138.6765 27.8624
136.3008 28.4224
138.4277 34.1633
136.1134 29.4707
136.9259 29.0163
136.2677 29.1150
132.5540 31.6327
135.0840 28.1693
136.3184 29.4138
135.9989 28.2733
134.6173 30.2238
137.3033 32.7499
136.7391 28.5678
133.8212 32.1967
135.2021 31.9964
132.3953 28.0289
129.5538 25.9185
138.6630 28.3967
131.5684 30.6398
137.8604 33.8729
136.6711 33.2070
135.0031 30.5979
139.1588 29.6319
136.6798 33.8636
139.0620 29.5989
138.6225 31.0552
137.8786 31.0386
141.2061 34.0796
136.9814 30.2399
136.9555 31.0825
138.7505 34.4062
136.4393 29.5211
139.2092 29.6195
139.0896 34.5558
136.1354 29.3753
137.5738 29.9607
137.1154 33.9642
137.3209 30.1772
137.1464 33.5578
138.3440 32.4698
136.8610 29.2478
137.2581 30.2227
139.0770 30.8182
137.4196 34.3036
137.6428 31.2717
137.5984 34.3277
137.0270 30.0369
136.9476 33.9438
136.3010 29.7697
135.9228 29.8219
138.4547 29.8279
136.0077 29.4860
140.0919 33.4239
137.2940 30.1007
138.9972 30.5303
137.0860 33.1921
137.5781 30.0168
137.3704 33.7635
136.3913 29.7883
139.2686 29.9411
141.3589 34.0714
136.7927 33.5937
138.8653 29.4435
137.9312 30.5508
136.3437 29.8260
137.9237 30.7973
136.8438 33.9352
139.2246 29.2467
136.3860 29.1518
139.4205 30.0283
137.3414 30.0658
136.0663 29.4137
136.7973 33.2761
137.0139 31.1872
136.2645 29.9943
138.0526 29.4602
136.2191 33.3121
137.0372 29.9656
139.5045 29.8323
136.6108 29.7529
144.7009 35.7375
139.4895 29.2631
137.1584 29.8227
141.5259 34.5166
139.0422 29.4677
136.7542 33.7662
136.8104 29.6493
138.0439 30.6392
137.3766 29.3381
136.4653 28.9359
139.4882 30.3213
139.3996 29.9419
137.6953 30.7316
139.4214 30.4212
136.6608 33.0086
136.6254 30.5376
137.3989 29.3705
137.0013 29.2940
136.6060 33.7182
139.5574 29.6935
136.8232 33.8652
137.6729 34.0598
136.4413 29.7482
139.1285 34.5651
138.0514 30.0164
138.9298 30.6504
136.7440 33.8817
143.8792 37.0764
136.1663 29.5969
138.3021 29.3361
138.3161 31.1907
143.2643 36.6041
136.2901 33.5637
136.2864 29.7576
136.7156 29.5402
137.0099 34.0602
136.6766 33.8070
135.9422 30.1636
136.9629 29.2571
137.7848 30.5902
139.2800 29.2628
136.1676 33.3975
146.5056 35.7867
137.7854 30.7074
138.1656 30.2733
136.9393 29.0989
139.1859 29.2115
137.7003 30.8692
140.5131 34.5118
136.8632 33.5542
136.9798 30.0438
141.1635 35.0189
137.4977 30.4909
138.7548 34.4289
138.8866 30.9489
136.8140 29.2492
136.4543 30.3210
139.0605 29.6327
137.3323 30.5712
136.4378 29.6351
136.3951 29.1844
138.8219 29.3421
137.0878 33.0641
137.2742 30.6386
138.9916 28.7649
136.6485 30.9993
136.7326 33.3809
138.6033 34.3451
135.9910 30.1357
141.6906 34.1690
139.4506 29.6978
137.4058 29.7177
136.5333 30.1096
138.9433 29.9856
141.6114 34.4645
138.8979 29.5508
137.3940 34.1201
137.6138 29.5075
144.4437 38.7069
139.2737 30.1405
137.3900 30.9763
136.4666 29.5448
139.2696 30.5643
136.0148 32.8378
137.0841 29.4006
136.5073 33.6638
136.2058 33.5066
136.4735 33.1019
139.3424 29.9403
139.4172 29.6008
138.6219 31.0264
136.4202 33.3700
137.1256 33.3538
137.6353 30.6988
136.8224 30.7922
139.1289 29.3922
137.6490 30.0669
138.5310 31.0274
136.3908 29.0586
139.1815 29.6727
137.0274 30.3606
137.7658 30.5377
136.8484 33.9501
136.5437 29.7620
136.0127 30.3987
136.1390 29.2146
139.2785 29.7324
136.5762 30.4070
143.8511 37.1312
137.3262 33.4551
139.5051 29.7032
136.6462 33.8110
136.3710 33.6176
136.7532 33.3721
141.7388 34.0743
137.6580 30.6410
139.1557 30.7878
139.0560 29.3692
137.3598 34.2787
142.8534 35.8591
138.2374 30.4895
139.2606 29.6560
136.5282 30.7891
137.7643 30.4687
137.8192 34.3686
138.2885 34.4124
140.0603 33.0117
136.1159 29.3238
137.4616 34.3124
136.6514 28.9309
137.1935 29.4834
136.8149 33.0044
136.6666 30.0457
138.8774 34.4263
137.3300 30.9755
137.0774 29.7946
136.7397 32.9513
137.6075 30.2081
136.6668 30.3376
140.1977 34.9397
138.8182 30.9265
136.3630 30.2625
137.1865 30.8789
138.4047 30.5759
136.7746 33.7407
137.2556 30.4204
138.2764 29.5641
136.4027 29.7263
140.1754 34.5655
136.3767 33.1979
137.2386 33.3242
136.9462 33.3459
137.0038 29.1043
138.1158 30.1490
139.5000 29.8825
138.0403 31.2863
139.5279 29.7453
136.6902 30.7495
136.8958 30.0689
137.7145 30.4608
136.7333 33.9828
137.1888 30.5302
136.7879 29.6073
135.9678 29.6327
137.2571 33.5639
137.6142 30.0840
135.8882 29.9043
136.7505 32.9365
138.5946 30.8859
136.7283 30.6994
136.6680 29.7918
136.7789 29.7941
139.5584 29.6396
138.2747 34.2652
137.2573 29.4975
137.9671 30.5706
137.3197 29.9804
137.0838 33.1009
137.6717 34.1934
137.7499 30.5968
136.2438 30.6194
137.7295 30.9861
137.1319 33.1600
136.2207 29.3294
139.0406 28.9783
137.6582 30.7050
137.3773 30.6545
136.9261 30.8312
137.9641 30.5748
138.7369 30.9255
137.5641 29.9574
136.9996 30.6641
137.2411 33.6750
139.0834 29.7127
136.5425 29.1350
143.1655 36.6669
137.7022 30.2590
139.1430 30.0057
136.6702 33.8519
137.1359 33.5752
137.6493 31.0287
144.8026 38.5171
136.6878 30.1341
137.6757 30.3448
136.1191 29.6275
139.1607 30.5145
139.1873 29.4396
137.6643 30.4551
140.9015 34.9003
136.1140 29.3354
135.9551 29.6386
138.9407 29.5961
137.9327 30.4977
137.7545 31.2787
137.2527 31.0679
138.4991 29.1132
137.1547 33.5333
136.5674 33.7114
138.2578 30.8221
137.5988 30.4280
136.7622 30.5048
137.6409 31.2781
136.2296 29.9537
136.0795 30.2587
137.5849 34.0940
137.1212 30.7950
137.4594 30.5190
139.1092 29.6969
136.3912 33.6587
138.8814 29.5532
136.8823 29.9975
137.6390 30.0487
136.6634 33.7924
137.8245 34.2981
139.0953 30.7974
137.0991 30.6086
139.7392 29.6607
137.6380 30.6330
138.9087 30.6536
137.8818 30.7543
137.2973 30.7241
136.0980 29.6126
136.1056 29.4931
136.1655 30.5635
136.1825 29.2950
136.8005 30.0950
138.9790 28.8707
136.5924 29.5125
137.4355 30.6170
136.0298 30.3134
137.0741 30.8604
138.9784 29.4893
137.0203 29.8343
137.8640 30.9644
138.5321 29.1245
137.7245 30.9769
139.2534 29.7015
129.7419 29.3272
133.9929 27.7444
137.5316 34.1584
137.2138 28.9124
133.5885 25.7513
140.3675 34.3644
132.3440 30.0035
139.7415 29.5333
147.0237 35.6531
135.9940 30.9603
132.6001 32.1457
138.4119 28.6263
128.2668 29.0376
139.1927 33.5710
138.2279 34.1524
132.7860 31.2894
133.3671 28.1015
136.7425 30.1346
143.8308 35.9979
138.6574 29.8044
134.6465 31.3686
132.0973 30.4960
134.6589 29.8355
134.7720 28.1616
128.1851 24.0295
133.1632 29.0030
131.2536 30.6711
132.5592 29.1214
134.9812 32.2086
142.2336 35.8154
134.1704 27.1989
134.6355 25.9048
135.0300 26.3675
136.9241 33.8291
138.5251 30.4042
133.2709 28.8021
137.9174 29.9336
138.8923 30.6603
137.3601 29.2899
138.0156 28.9547
126.8637 26.6563
141.2307 34.6092
138.2032 31.0768
135.3322 27.7916
138.2544 33.8610
134.1691 26.2617
139.0460 29.9432
134.0765 31.3921
135.8951 29.7632
139.7020 29.3080
123.2670 27.4897
136.1893 30.7468
134.8448 24.9801
135.9842 24.9586
127.8642 28.2019
135.4661 24.9083
139.4004 29.2125
138.3691 28.4615
139.7441 29.4630
135.9449 32.9326
137.0122 29.1676
137.4629 29.8193
137.0034 33.7616
132.4395 29.2164
139.0666 30.7749
138.2928 28.9716
127.3186 25.4168
138.3770 30.2392
132.5900 29.1386
133.9667 27.3829
141.1571 34.7533
137.0634 33.3936
134.7683 31.7731
138.0173 32.8073
138.8923 27.8890
133.7609 28.4588
139.5394 32.5781
134.9332 24.7864
138.2891 30.6551
138.8222 30.5625
132.3977 26.2587
139.8266 34.7861
128.8359 28.0234
138.2924 30.4331
134.2040 26.0866
137.0126 31.0213
137.1403 29.3062
133.1025 31.8493
128.0003 27.4221
134.4953 24.8963
133.4965 31.2322
136.3335 33.2497
143.1828 35.6281
132.8822 32.1440
127.3811 29.8543
134.2062 32.8608
133.2331 30.7716
136.9325 29.1861
136.2920 29.0584
139.7883 29.0316
138.7533 28.4784
135.1257 32.6828
132.3694 28.0145
134.5792 25.5714
134.4757 30.4688
139.0686 29.8177
134.0159 32.0589
137.5818 33.1372
137.8354 33.9663
135.3112 28.7006
137.9525 31.1337
133.9730 27.7154
134.2616 32.4205
137.1446 32.3053
136.9721 30.9061
136.5082 29.0245
137.9272 29.7727
134.2551 31.9327
132.5630 28.6133
137.6166 33.7049
134.8593 28.5457
134.5257 27.9959
136.6904 30.4166
139.7622 28.6644
134.0514 31.5985
137.1819 32.3600
134.6683 28.6998
132.5629 28.2414
138.3907 30.1181
135.4225 28.2060
133.9530 27.7484
132.8124 32.1591
138.9374 28.7243
139.2924 29.0219
134.8405 31.5862
139.4558 29.4316
137.7734 29.4675
134.6580 32.0679
134.6191 29.1303
133.9031 28.0828
137.1375 29.4382
133.5588 30.6624
130.9047 29.2763
134.2844 27.8275
139.1654 29.1270
129.0866 28.9351
139.5377 29.1365
134.4854 25.6563
133.9105 30.8741
137.5015 29.2909
138.0840 29.8508
137.3137 29.8590
138.7570 28.1300
134.3114 26.1236
139.6198 29.1564
134.1147 26.4878
134.8785 25.0279
138.4919 31.0536
134.7123 28.7085
135.4263 32.2114
133.8508 27.9256
134.0971 26.8766
133.8088 27.8880
134.3378 28.0975
136.9402 30.9403
138.1008 29.9589
136.2626 30.3770
137.5702 29.5869
134.2421 26.0082
132.7918 26.6670
126.6896 26.5286
137.7758 31.1570
137.7424 33.8737
134.1405 32.3298
136.4031 30.0043
128.9852 29.1495
134.9899 28.7484
134.7015 25.1908
141.6426 34.7497
134.4361 27.5628
134.2873 27.3957
134.3699 28.7334
134.8554 28.4788
134.0142 27.4271
139.0437 30.5703
139.7362 28.6132
133.2851 25.7954
137.6134 28.9424
133.6910 31.9961
134.8471 28.2746
131.3217 30.4475
136.6216 33.6312
135.9682 30.0313
136.8906 32.9730
135.9493 25.4716
133.3485 29.7137
139.3232 29.9443
139.1687 29.7877
138.5220 28.5447
138.4859 30.6339
133.8670 32.5308
137.8047 34.1377
139.3596 29.1524
138.2544 30.3886
138.0951 30.7956
136.9496 30.6892
135.0008 25.2960
131.7157 29.0869
127.4378 27.3013
134.7613 29.3819
139.6464 29.4279
142.0605 34.1043
137.5266 28.8644
134.0772 27.2252
138.8528 28.1660
133.9535 24.9698
138.8296 29.3964
139.4931 29.4733
134.1245 26.5931
139.8114 29.6310
139.7043 29.4775
134.2108 29.2682
140.6796 34.8213
134.9702 29.0585
134.1321 27.3818
133.6313 28.2916
137.4170 34.0003
139.7494 29.2717
135.2289 25.3036
138.2794 30.9287
134.0463 29.5975
135.8221 28.3871
133.4820 32.2872
134.8495 28.5295
138.0480 33.9231
137.9604 30.4883
137.5075 33.8373
137.2292 32.8925
136.2576 28.2822
137.0465 28.5577
139.6022 27.9415
134.0530 29.0777
135.0519 31.6632
139.3664 29.8508
138.7898 30.7186
137.9638 30.3764
136.5087 30.1908
134.5916 31.0593
139.1885 28.7633
134.1007 27.8648
137.4733 29.5525
130.8323 30.0873
139.4202 30.2997
136.7437 29.8540
128.6929 25.8691
135.9921 29.3036
134.2288 27.2696
137.5116 33.7315
139.6055 28.3536
139.9867 29.0995
138.9021 32.8442
128.6224 26.3949
139.6862 27.0787
134.2744 25.3403
138.4952 30.2638
137.5739 31.0088
135.0000 29.1602
132.0210 30.6524
137.3745 34.2570
133.8867 25.9560
135.2345 29.1902
139.8720 29.9024
138.6673 32.5525
138.2149 28.9678
137.7954 29.1550
139.7190 28.8798
138.6227 31.0020
135.2392 25.4072
134.0683 26.8046
136.3329 30.6038
128.9805 28.2425
132.2563 30.6323
138.2229 29.1522
128.8494 25.8810
133.1699 29.4733
127.7725 25.0548
138.3481 30.2963
135.9666 29.7679
128.4874 28.8756
137.3375 33.3588
134.2218 27.6074
137.4409 33.5823
136.7189 28.9143
138.3862 28.9699
137.6246 31.1313
139.5320 29.4946
139.7188 33.0367
137.0401 30.6521
136.7438 30.3981
139.5503 29.8285
139.5321 29.6318
139.3329 30.5227
138.2314 32.9724
140.8833 34.8460
139.2258 29.1923
137.1416 33.3928
136.6731 29.8791
141.1983 34.5770
138.6396 34.2534
139.3817 30.5602
138.9805 28.8250
136.7458 29.9944
137.1250 33.1092
143.8295 37.4273
138.9679 28.8423
136.4125 33.0602
139.2706 30.6442
137.3967 33.6744
138.3686 34.2588
137.6199 29.4817
138.5745 32.2727
136.5303 33.3739
138.9259 29.7557
137.4234 33.9052
137.2829 33.6402
140.7665 34.7157
136.7526 33.0061
127.3059 27.5289
137.3899 33.5620
136.8460 33.1503
136.5659 30.7368
136.6763 33.3264
137.9068 30.2327
137.4829 33.3465
136.0722 29.5748
138.3959 34.2583
139.5245 29.6223
137.0855 33.6304
137.3518 33.1530
137.3781 33.4819
137.6379 33.9870
136.4764 28.8782
137.0381 33.4574
136.4997 33.3870
137.2838 33.4645
137.3775 33.3275
137.3624 31.2744
137.0433 33.7355
137.4358 33.3766
138.0519 30.9071
136.9725 29.3998
138.3365 30.6453
137.2208 33.5506
139.2267 30.3698
137.0970 33.6805
137.1693 33.6184
140.4530 35.0823
138.9789 30.9307
136.5928 33.7668
136.1214 30.1033
138.8699 30.6377
137.5741 29.5071
137.1527 33.4119
138.6372 28.5256
138.4177 34.2586
136.5740 29.0924
137.2012 33.3091
134.3638 29.0625
136.6254 33.7688
137.5321 34.3180
136.6033 33.5350
136.0895 28.3045
137.0490 33.8144
140.8420 35.0921
138.1230 34.2693
136.9510 30.5879
139.0957 30.6808
137.2766 32.9744
138.4275 34.2515
139.1562 29.7287
138.0386 29.1884
138.4351 34.2858
136.3023 30.2075
136.9185 33.0413
136.0855 28.3195
136.7167 30.5764
136.5123 29.2788
137.1563 29.4400
138.5186 29.4343
139.5913 29.9070
136.0051 30.0688
137.4575 29.7342
134.6789 28.6209
136.9540 30.1047
139.3012 29.7199
137.3064 33.4474
139.2466 30.6252
139.9114 34.6755
139.3649 28.9709
126.2437 23.6775
129.8707 25.9061
136.6727 33.6682
130.1826 26.1036
132.8035 27.4158
130.1783 29.0792
127.2429 25.3852
133.5497 30.0720
137.2993 33.9772
139.2605 29.3145
137.7765 30.3495
130.7535 26.1834
137.0998 29.3676
139.4980 30.0986
138.3516 30.6349
133.0929 27.2792
142.1148 35.5167
132.9057 26.5932
135.1275 28.1773
137.7079 33.6126
129.4563 25.9115
138.5096 30.3854
134.1411 32.2296
137.0010 30.7331
134.1272 32.1186
139.3049 30.2228
137.5537 32.8385
137.6438 29.4602
138.4423 30.9426
134.3706 25.7487
133.8125 32.2419
139.3770 29.0251
134.1115 30.7472
135.4959 27.0000
136.7024 28.8584
136.6154 24.2568
133.1656 31.5457
126.4312 26.6859
135.0297 32.0118
139.0557 33.6184
133.8828 31.0192
141.3483 33.8300
138.5021 30.1321
130.7019 26.2137
137.8974 33.9743
139.2983 29.0341
136.8574 29.1790
132.3627 27.9560
134.7230 27.7231
137.6239 32.9755
139.1831 29.4268
134.2361 26.5223
137.3335 30.8900
137.1502 29.2665
141.0143 34.5935
134.2308 26.9806
135.2346 28.3225
130.0610 25.6788
137.6887 30.9388
131.8674 27.1001
137.3354 30.8969
139.2939 29.6307
133.6250 28.7288
136.1832 29.2802
137.9829 33.8081
136.4330 29.7210
133.9501 32.3409
137.8042 30.9441
134.3602 27.4334
130.6970 30.1146
138.2451 30.7072
137.9567 30.9541
137.4306 34.0444
138.2081 30.6893
139.7639 29.7121
137.2372 30.8409
135.9441 28.8822
139.0362 30.5925
134.6138 27.8912
136.5190 29.5708
139.2896 33.6231
137.3709 33.3115
141.7813 35.4665
137.2773 30.8745
137.2756 30.8652
132.9081 28.7188
135.2463 25.5246
132.7786 30.5745
138.4638 30.7488
133.8368 25.4013
130.4965 25.9353
138.4076 33.8755
138.0201 30.7096
137.1319 30.8094
132.3481 26.6567
136.3362 29.7519
128.2370 25.1585
132.5019 26.8261
134.3538 31.4925
133.2213 29.9554
128.7385 25.6573
137.9232 30.1625
136.4886 29.7221
136.8551 29.7698
136.2488 29.2192
139.2589 30.3749
137.0254 30.8557
137.5868 31.2842
136.9646 31.1585
139.1499 28.8189
136.6301 29.5290
137.3620 34.1366
137.4674 31.2090
137.9296 30.7417
136.5760 29.7167
136.6904 30.4469
139.0390 29.3640
136.0833 29.3611
137.8142 34.2861
138.3306 30.6434
138.9216 30.7505
137.5501 34.3561
136.9609 29.8318
135.8994 29.7825
139.3302 29.3258
137.4017 33.6436
137.3867 33.6646
139.4981 29.4619
139.4905 29.9843
136.1792 29.7986
136.1618 29.1151
136.2061 29.7685
138.7616 30.9960
140.7827 33.2739
136.6955 29.7834
136.6622 33.4922
139.0883 29.5449
136.9285 29.7362
137.4334 33.8223
139.3030 30.2925
137.7054 30.4887
137.7749 30.0034
136.5763 30.2207
136.5551 33.0616
136.2885 33.2545
137.9061 30.7878
137.9240 34.0503
136.3520 29.7688
135.9767 29.4701
137.4458 29.0152
137.1331 30.8162
137.7839 34.3758
137.8158 30.8850
136.5738 29.7041
136.9995 29.0946
136.7242 29.8108
137.1285 33.7758
136.8891 29.0631
136.2103 29.7319
136.6604 33.5443
137.2792 30.9403
138.0253 30.7674
139.3203 29.9576
137.0430 33.5386
138.0120 30.3560
137.7083 29.8474
136.4892 33.4043
137.9863 30.6521
136.9481 30.6642
137.8568 30.7391
138.9879 30.7520
139.2508 30.3822
137.5870 29.7520
136.8335 29.7667
139.0874 29.6027
137.3879 31.2742
137.2012 33.3626
136.9935 30.0113
137.2967 29.4073
136.5076 29.0225
136.3857 29.5139
136.7397 29.9309
136.2344 33.7420
136.6759 30.9897
139.1853 29.9433
139.2375 29.3670
138.3254 30.9683
136.5749 30.5791
136.7231 29.5767
137.3997 33.4938
136.5133 29.4861
137.7191 30.5511
137.8867 30.8428
137.1541 33.6220
139.0387 30.6579
136.5906 33.5616
137.7899 30.1428
136.3722 29.5368
137.6652 30.8411
135.8678 29.3265
136.9997 28.7391
137.1858 31.2380
136.1140 29.1576
138.6186 31.4507
136.9445 31.1412
136.5729 33.3920
137.0410 30.8852
143.6243 36.3095
135.9267 29.6457
135.7686 29.7058
136.9867 29.8903
138.9274 29.0523
139.0624 29.5231
143.7192 37.1729
136.5040 28.9877
137.1183 33.6981
137.2822 33.7596
136.4311 30.4481
139.0218 34.4756
136.2509 29.6651
136.3939 29.6875
136.5060 30.8811
139.8777 32.5822
137.6140 29.8584
138.0332 34.1814
136.6386 30.4580
141.5322 34.0693
137.8778 30.2414
137.7697 31.0961
136.2980 29.0542
138.1290 30.5995
137.3627 32.6602
138.8061 29.3741
128.7303 29.2787
136.9878 29.3315
138.1000 30.4542
137.7710 29.2680
138.7571 30.8519
133.9220 27.3277
135.7014 32.1622
140.1495 29.8047
135.2849 26.9725
133.1791 29.1221
134.5878 29.9427
138.6050 30.1603
137.4841 30.3156
137.7359 34.0686
135.7920 27.0283
131.3482 27.1887
137.9536 30.4412
138.7632 30.5803
135.5439 32.1152
140.2979 34.6992
135.2102 28.4461
131.1949 26.3711
134.3941 26.8828
133.2179 26.7386
133.3396 25.1135
138.6512 33.2365
136.3625 25.9028
135.1695 27.9721
128.5979 29.1647
136.7591 33.6404
125.3277 28.1794
132.6206 27.5824
125.1999 28.8584
132.7100 24.1436
136.7703 28.8388
131.0339 26.1407
138.4875 29.5533
134.9183 30.9585
135.9373 27.2173
134.1823 32.5022
137.1406 31.0561
135.0591 28.5150
135.5359 26.6705
136.7403 28.7636
139.1172 29.5139
132.3042 30.1494
136.4763 30.0233
135.2465 31.1395
139.2159 33.1236
134.1299 30.2200
134.5279 28.8772
139.4356 28.7692
134.4621 24.6391
132.0260 27.1234
133.9102 30.1487
136.5886 31.6309
128.2427 24.5419
127.5064 27.9608
134.7619 28.5933
135.1343 31.6410
140.0384 28.8681
127.1164 23.0212
129.0169 30.7334
135.1034 29.9147
133.5549 31.5124
133.8170 31.5014
138.5867 30.5871
136.9312 33.5435
135.2413 29.3339
135.3837 31.8708
138.5155 33.9655
136.3710 30.4655
133.9574 27.9178
134.0068 28.4348
134.3745 28.9236
135.0232 28.4330
137.1404 28.9451
131.6054 30.8962
133.7918 31.4678
134.7162 29.0855
134.9904 23.4751
125.7136 21.1878
127.1889 24.5627
135.4598 23.6204
129.0644 26.6811
134.7578 28.2743
134.3045 28.7568
135.7528 29.5584
136.9624 28.3225
134.3518 27.4329
135.5687 23.3096
133.3412 27.0117
127.7540 25.5741
135.9463 28.3015
132.7064 24.0323
133.7737 26.7574
127.6254 24.9535
135.1954 26.3560
133.6761 25.3978
132.4400 23.9055
134.5642 28.8988
131.9009 27.2188
137.6382 29.7193
130.9789 24.2265
135.9107 25.1124
136.1039 24.9202
127.5923 22.0733
131.8609 26.3231
135.4465 23.9705
125.2913 21.5919
136.5690 26.0124
134.4345 27.2500
135.2855 23.2772
134.2011 25.5276
136.4588 25.2247
132.9189 24.4004
137.5715 28.7639
137.2811 30.2046
136.9866 29.7075
135.5282 31.7075
128.0290 24.3252
125.6842 22.2255
133.4540 29.6318
134.4669 27.8819
133.7788 25.8402
135.3190 23.6557
134.5105 23.4346
130.4393 24.7196
129.5127 24.8388
135.5820 22.9650
135.4356 23.0234
136.1774 28.2738
135.7938 23.6316
136.0080 26.5780
134.6095 23.9896
132.6144 23.8042
134.3234 25.8838
134.2377 30.9256
135.8706 29.7548
135.0959 27.0936
134.8420 31.9595
135.2458 28.8687
135.8830 29.3907
132.5478 27.9526
133.1743 32.2453
135.0016 28.7055
137.5111 32.3699
137.4068 33.7567
136.7054 30.6210
139.0411 33.5618
136.8004 31.7315
133.9762 26.8605
137.3753 33.6847
128.5712 24.8488
133.0309 26.5534
135.0590 29.1334
139.2816 30.3325
129.7044 28.6081
134.7273 27.9783
139.6247 28.7046
135.9065 25.1706
137.8860 29.2393
134.8341 25.4197
137.4843 33.6212
129.2046 28.8880
133.3586 32.6998
137.6618 31.1735
138.0934 29.9959
127.7233 27.0605
134.9074 30.9800
139.3082 29.5624
131.3316 30.5012
137.6127 33.5393
133.6148 31.0499
140.0050 27.8658
136.7923 29.7734
132.5556 29.2763
137.6247 34.0913
134.7255 25.6011
133.1460 31.2748
137.1920 28.9751
136.3587 29.7854
135.3191 28.5432
139.1145 30.1830
136.3485 29.3826
134.3410 26.2837
136.0996 28.2835
133.4648 30.9142
133.2102 28.6313
139.6127 27.3169
139.2113 29.3565
138.2483 33.9496
135.3860 26.8615
131.0580 30.0760
133.0987 31.3489
139.6764 29.2562
138.9074 29.1482
134.9513 32.3404
138.4511 30.3913
139.8120 29.8126
136.9280 32.3462
139.5905 29.6448
135.5477 28.4825
136.3651 29.4304
136.7274 30.4664
139.4561 29.9227
136.7953 30.1288
138.9346 33.3855
134.1599 32.0115
138.1490 31.1176
134.3786 27.5215
135.4364 24.9901
133.9737 25.3608
136.5963 30.6094
135.6562 30.6744
139.4958 29.3326
124.2540 30.3287
134.5896 28.9875
140.8400 34.6565
137.2766 33.8701
137.2282 32.9398
132.7848 27.4402
138.7476 30.8651
135.3521 28.4963
134.0082 27.7541
137.4177 32.6093
135.3344 31.5989
136.5040 28.4540
133.4746 28.5705
132.5384 31.8439
133.9834 29.0386
135.0980 26.5468
128.3914 27.9308
139.8824 28.0135
133.4385 29.1742
137.3682 34.2045
139.6850 27.8939
138.3492 28.2356
135.2419 28.4064
132.1162 27.8713
133.1646 32.0922
134.6899 29.9677
139.6801 28.8519
139.1863 29.2656
134.8542 29.6292
135.2783 31.5265
137.7719 30.9499
134.8221 32.1476
127.3035 27.8019
133.2970 32.3442
136.5095 30.2153
139.2847 30.5308
136.0282 32.0033
138.2027 29.6671
133.3155 28.4661
133.9276 28.7340
138.1908 28.4561
136.5101 30.3319
136.3762 26.4887
128.8327 26.8037
139.3200 28.7775
136.6558 30.4119
129.0483 25.0148
131.8929 28.4889
134.0037 24.9905
133.1815 27.9075
129.8009 29.6114
133.8513 30.3396
133.3094 32.8034
131.3617 27.7379
137.4641 33.7161
135.3769 31.6620
136.7730 29.1559
138.3656 30.9739
137.4939 30.9118
135.5992 24.5678
138.6433 30.6521
135.1374 31.1724
137.4287 29.8028
139.4867 28.9411
136.9660 32.1477
132.3128 27.6761
137.1594 29.2432
136.4676 30.1482
139.0485 28.7357
133.4977 30.6416
134.1320 25.0734
134.9881 26.8331
133.6287 25.4484
128.8339 25.7330
130.7290 29.8929
136.8297 29.0702
132.8420 27.3138
139.3438 28.7121
131.9724 28.0512
138.3205 29.8852
133.9637 25.3209
134.4183 30.0094
134.9281 24.8355
134.4615 28.5881
136.9269 28.9779
136.9412 29.2876
138.7094 33.6253
143.3275 36.0901
134.9908 31.4850
137.3652 33.4214
142.5571 36.1988
136.8569 33.7396
139.0222 29.7160
135.4744 31.0177
147.4454 35.7850
136.5907 30.4360
138.9630 30.8000
138.5995 32.1657
136.5388 33.4205
139.5078 28.7738
140.1711 32.3444
139.3621 30.6504
136.4719 30.0216
137.2318 31.2669
134.3880 27.3872
136.9449 30.2009
134.8475 25.3637
143.6884 37.1545
136.9460 30.7101
139.1203 28.5758
137.7194 30.8875
136.4119 32.1276
139.2406 31.4900
143.3985 36.0162
140.1260 33.9621
139.3136 29.7602
137.8279 31.3076
139.8757 29.4187
136.4724 29.1294
133.8303 31.6299
136.5079 32.8322
137.5413 33.2240
138.7185 34.3335
137.0097 30.3295
138.7126 28.4215
127.2411 24.7431
145.1066 37.3780
132.8777 32.3327
136.6670 33.7406
139.4559 30.0387
144.5418 34.8888
144.7308 36.0829
122.5595 32.6541
145.5717 35.7134
139.2857 29.2395
136.6513 29.2347
139.2163 29.8162
136.7275 31.0521
136.7570 33.6876
143.5625 37.7397
138.9758 30.6604
137.5563 33.5517
132.9034 31.6275
136.2504 32.2425
139.2977 30.5638
145.9262 35.9360
131.4169 30.2018
139.2489 30.0227
137.2913 32.8779
139.5986 28.9393
139.9175 29.8608
137.7180 30.7323
139.1471 29.3826
137.8927 30.4550
134.7759 33.5981
138.0853 30.7211
136.7417 33.7710
142.3583 35.7961
138.8371 29.3846
135.1396 31.3533
142.3793 35.9008
137.1345 32.9826
144.5901 35.1296
137.5882 29.9660
139.1217 29.2074
135.4120 31.6340
149.6303 35.7802
139.1855 29.2563
136.8517 33.5124
138.5116 30.7356
136.9326 30.1714
136.3389 30.2558
131.3479 30.0830
138.9923 30.2277
139.1207 29.6456
145.6448 36.3823
128.7233 28.6075
139.5504 33.2417
133.8598 32.0088
131.8332 27.5105
132.6081 29.3214
133.7186 32.3505
133.7571 32.0738
129.5656 29.6767
134.0339 28.3842
133.8579 32.2128
131.8035 30.6353
134.1898 30.8349
133.9364 32.2477
137.1036 30.8695
134.1691 31.9508
136.0851 30.0239
135.4645 28.2715
138.4267 33.6819
133.7800 31.3689
131.2042 29.9386
135.4373 31.1265
130.9832 29.8125
137.9427 33.8427
134.0429 32.2556
133.7915 32.4395
134.9505 30.9809
140.9608 35.2855
135.2928 28.8436
136.5220 29.5087
133.9225 32.1597
133.8281 27.4752
137.1274 33.5715
139.5368 30.1329
134.2126 26.3343
136.5592 28.3769
139.7773 34.5320
133.7756 31.4528
128.4760 25.0887
134.2874 27.7536
135.1231 31.5664
133.4955 29.6223
137.5609 29.0479
134.2710 26.1038
134.4191 32.7303
128.9283 25.9418
134.0844 28.2263
137.6721 29.9942
134.2546 31.1075
134.0399 31.9281
138.9300 30.4687
138.9736 33.1110
138.6333 32.9447
138.3289 34.1478
133.6137 32.3669
138.0202 30.9181
128.2140 27.6421
133.5994 32.1267
134.4137 25.5530
134.2044 27.8405
139.2611 30.5864
133.5640 32.0562
133.7145 30.7591
134.0118 27.8775
137.3897 33.3021
138.8346 32.9131
136.7747 33.2160
133.9859 32.2698
134.4969 25.3421
139.5937 33.3497
134.1025 32.2614
137.7825 30.0674
138.3035 30.6071
130.9214 29.9688
136.8107 33.4131
137.1459 33.8920
135.0625 29.8943
135.2924 31.8326
135.0910 28.1423
134.2148 27.9038
137.7596 32.5365
139.4493 30.5176
136.8606 29.1676
134.1736 27.4509
134.0039 32.2257
133.9654 31.3141
133.0296 26.4911
132.3392 27.9636
134.8115 28.2759
138.2342 34.1773
136.1349 28.3278
134.3606 28.5627
134.2142 26.1961
134.4927 28.6747
134.4136 27.5980
134.1913 27.2000
138.2280 30.0340
134.2117 32.1688
139.3046 28.8982
132.8295 31.6945
134.5811 25.1576
137.2244 28.7229
134.3633 25.6392
133.2002 28.5687
143.5366 36.2926
133.8716 31.3830
134.1147 32.2737
133.7141 32.1599
130.9120 29.9077
133.7887 25.3318
133.6757 27.4034
134.2955 27.7270
138.0528 30.0119
139.5554 29.2898
138.1272 29.7992
139.4497 30.2850
134.2016 25.9295
134.6360 28.8285
135.7931 31.7126
127.6406 28.1660
138.9327 30.7269
134.7252 28.9897
132.7281 31.4380
133.9017 27.0852
135.0653 30.7369
135.2303 29.3186
138.2536 28.1127
132.1846 28.1523
134.4977 28.5823
131.2307 30.5692
134.5810 29.0525
134.3014 27.7490
138.3497 31.7557
138.6934 30.3690
139.3444 29.9724
135.4765 28.3385
136.3952 31.2411
134.5838 27.9236
133.7850 28.9098
139.6505 29.0606
130.9847 30.4567
128.7943 28.5746
135.4589 31.5475
132.6446 28.4690
138.4809 29.6378
128.7082 26.1401
136.9252 30.4799
135.0883 26.5053
127.5852 28.2722
131.1643 26.0004
138.1421 29.6971
134.1808 26.0067
132.9381 28.2545
134.0960 26.6795
133.2623 27.8798
139.7505 29.4316
132.7737 28.5982
132.7289 27.8250
133.3625 28.6856
133.8185 30.8844
132.8920 26.4330
135.2709 31.8790
136.5235 30.6796
136.1723 26.5663
131.5626 26.4790
130.6590 28.2240
126.6483 25.2455
139.1112 29.6921
135.7396 24.4133
129.3423 26.4355
130.9446 26.1032
135.4145 32.1520
133.7607 28.8116
137.7124 29.4802
132.2941 27.8561
134.9142 28.1802
136.7709 30.3040
139.5636 28.1761
133.7350 31.2779
134.6216 29.1262
131.0180 31.1153
139.0383 30.7052
137.1730 30.0459
139.3300 28.3750
133.5779 25.3670
137.2389 34.1155
139.3494 30.2623
137.4786 33.1813
137.6049 33.8228
137.5853 33.0463
138.3418 31.0296
136.7563 30.3642
135.3351 28.3189
134.2549 30.9663
133.5698 32.1536
138.1029 28.8920
139.4263 28.5380
136.6446 29.2083
137.5285 33.8073
132.4394 29.1204
133.1131 27.9673
136.6360 28.2794
134.3663 27.1429
134.1949 26.3578
136.9285 33.5109
138.5995 29.0575
127.7339 27.4123
139.6525 28.1668
134.4431 32.6256
131.6656 26.0708
135.9390 28.2815
134.1289 25.2306
137.1837 32.1377
134.2901 28.8911
139.3976 29.2157
132.0448 30.8781
136.3364 32.0977
134.9442 29.0099
133.7014 25.1521
138.1104 29.5942
139.1635 34.6440
141.2349 34.4779
133.9040 27.8009
132.6752 29.2551
133.8536 32.2792
137.9494 34.2303
132.1257 28.6565
132.6239 27.0262
136.6385 33.4484
134.0540 32.9055
130.9558 30.1287
135.4744 31.9815
137.1765 32.3135
137.4157 32.8120
135.3993 31.5162
133.7883 29.0051
132.7026 29.3191
137.3859 30.9407
135.1017 28.1992
132.2655 27.6803
136.1688 30.4036
141.4164 35.2368
136.0148 28.4010
134.7838 30.1464
137.1949 29.2976
135.0348 31.3505
133.0122 32.0970
133.3402 27.6942
139.8731 28.6500
134.9276 30.3663
138.4033 30.8858
137.4158 33.6111
134.2141 28.3496
139.4761 30.5297
137.7928 29.6173
133.0871 31.7364
136.8574 28.6048
134.0592 25.1688
139.8633 28.7281
126.8022 26.6674
130.9762 29.8960
138.2330 31.0382
133.7141 32.1371
134.7236 29.9689
134.4194 25.2638
134.3175 32.3997
129.6948 25.9794
137.9405 29.6420
133.9654 26.4918
135.6255 28.2507
139.6792 29.3709
135.6936 31.9062
133.1007 32.1942
136.9425 30.6169
137.0513 30.8562
134.1267 27.7234
137.4896 29.6610
138.6060 28.8029
135.2476 28.2347
139.2442 28.8900
134.6339 24.8738
131.2053 29.9606
137.1991 33.5353
133.9230 28.8100
135.1528 28.6804
137.1865 32.2151
139.3937 29.0435
134.6855 32.2956
131.7676 30.5491
129.1070 25.9610
133.5976 31.9774
134.2008 29.8079
134.2316 27.8245
134.6842 24.8245
135.1154 32.1346
136.6349 29.8562
130.8667 29.9888
133.7811 32.0560
132.2834 31.4003
135.4259 28.0970
135.0084 28.1355
135.3867 24.2253
134.8147 32.4329
139.3521 29.4785
134.4732 25.2173
137.1522 31.0196
138.9221 29.4297
140.0487 29.4446
135.4772 28.7167
128.0607 26.0880
135.0773 32.0029
136.3129 29.1797
125.7284 28.9389
127.6618 28.0805
127.8240 24.3500
136.0906 29.0513
127.9580 25.8756
132.9495 27.6262
139.5164 29.4042
129.0504 28.8361
139.1481 30.4055
134.1471 25.9652
136.6462 28.4567
134.3018 28.5190
138.1367 30.0831
134.3028 29.1746
128.1203 28.3878
128.2242 28.3559
133.8633 27.5642
138.2741 30.8177
133.6973 32.1782
135.2559 30.6494
132.4998 31.6388
139.6514 29.3626
133.4989 32.5084
139.3598 29.8692
134.7438 29.0115
132.5251 26.5102
139.4097 29.0176
139.2430 29.2536
139.4738 29.8554
134.9271 28.7335
138.3803 30.0968
133.1243 32.3223
135.0348 30.3033
134.4440 32.1157
139.9240 28.7177
134.3432 25.2202
132.0267 28.3093
136.7151 32.5038
127.7066 28.2155
134.2757 26.2479
136.3785 26.3225
134.7961 30.5158
136.3368 29.2821
138.4574 34.0713
131.9874 26.3218
137.6279 33.8176
136.9739 32.0658
127.8934 25.4996
134.1093 26.4896
138.2093 30.9123
138.7010 30.6456
132.4916 29.2799
132.8762 26.5538
136.1545 29.5311
132.6842 27.3178
129.9438 29.2884
138.6263 30.0656
128.5174 26.1110
131.0672 30.5324
134.6391 25.5051
131.0579 25.8312
137.3795 28.9406
139.6358 28.7723
133.8551 27.7379
134.9882 31.5137
134.1996 28.5379
134.6181 27.6359
134.9024 30.5172
130.9288 29.9702
136.6142 29.3522
139.5116 29.3786
134.2468 27.9197
138.4113 30.0545
134.8298 25.2569
132.6015 32.0354
129.8783 26.6480
137.3503 29.1758
135.4182 31.3369
136.2450 30.0088
134.7820 25.2279
139.8896 29.8489
137.6458 33.0979
133.8120 25.9135
139.3443 28.5608
131.5684 28.6221
134.7915 30.6964
126.5075 27.1151
134.9357 30.0592
133.9612 31.1895
135.1361 31.9381
139.4357 30.1386
138.4781 28.2610
136.5424 31.6360
135.1233 25.0255
133.9221 24.7813
130.2902 25.5702
133.9252 27.6287
136.5917 29.7357
136.1311 30.9925
133.6403 29.8083
128.0702 25.1885
134.4584 25.8846
134.2573 28.3633
138.4379 30.5088
133.9886 24.2476
131.0286 25.3959
136.0617 30.1074
133.4577 29.4903
139.1130 29.2003
137.7970 29.6327
138.5851 34.1575
137.2598 34.0829
133.4612 25.6515
136.1772 29.2877
134.1195 28.1280
138.1216 33.5791
139.3551 29.1272
133.7467 28.1106
130.1792 25.6674
134.1249 26.3247
134.5908 28.9756
137.7704 33.1726
127.8199 27.1251
134.4132 32.5286
134.5542 27.4053
135.8632 28.6208
136.7034 30.3773
135.5452 31.3809
135.1727 26.8951
135.8611 30.7627
133.5481 29.6603
130.8351 25.3738
135.3635 29.4368
139.7869 29.6192
134.6708 28.3870
131.5238 28.6393
136.1191 30.2341
139.7145 29.4451
134.8929 28.4827
139.3903 30.0328
139.4689 28.7037
134.6925 31.7107
139.4123 30.3238
133.4720 31.2473
133.5203 29.4196
132.8723 31.5313
138.0024 28.7166
139.3412 30.0673
137.1399 32.2330
138.4009 30.8498
135.6662 30.4754
137.4598 34.1571
136.0253 27.8802
133.4539 25.4584
134.8902 25.0786
135.1591 29.0323
137.5299 32.7858
138.6518 30.5344
134.9231 25.1750
132.7868 26.9552
133.2902 31.3322
133.1005 32.3103
138.2405 30.7672
137.3693 30.8611
132.6525 29.1014
134.4644 25.8272
135.1105 30.6797
137.0114 32.2544
138.4879 30.0817
138.6908 29.9813
135.6803 31.4063
138.8812 27.7400
134.9886 31.1450
134.1627 26.1153
137.5280 33.1855
132.2864 29.0005
135.0169 29.7423
138.4164 29.4538
135.3686 31.5650
138.8025 32.2830
139.5856 28.8235
139.8095 28.7736
131.0090 29.8864
134.4715 25.0156
134.3820 31.0227
137.7604 30.9904
134.9861 27.7022
137.3570 29.1826
133.7216 29.8292
136.9436 29.0816
136.5689 28.9326
134.4029 30.1961
139.1436 29.0832
136.4258 30.4567
139.0586 30.3198
138.7223 28.7794
134.3734 32.5048
138.3671 30.7011
136.1594 31.1197
134.8387 29.8769
134.7661 29.7798
136.3824 31.2777
136.6530 28.8368
136.0807 27.9663
139.1335 29.0253
133.8964 29.6267
134.6812 27.6410
136.3962 30.4427
127.6751 24.4214
139.1643 30.5097
139.4261 29.4432
136.6567 28.1605
135.1506 29.3445
139.0007 30.6253
134.1326 29.7029
139.0888 30.6580
139.1091 30.2760
132.9540 27.2538
139.2961 28.9898
127.8211 24.2755
139.7725 28.6652
134.4827 27.4100
137.6754 33.7930
136.4985 29.7837
138.2123 33.7678
139.6940 28.6453
138.3444 30.9333
135.0772 27.8674
137.3780 29.2468
137.4154 32.4776
138.8144 27.9154
139.8128 28.6503
133.6162 31.3563
133.8853 31.3071
138.9282 30.3219
136.2458 31.3423
134.3082 31.9990
133.1587 26.6432
139.5533 29.2638
139.7442 28.6475
134.4951 27.2949
137.8169 29.3778
137.2916 29.2398
134.0725 27.8602
132.0495 28.6870
134.9390 30.8030
134.3803 31.0335
131.3403 30.0809
137.7503 33.2940
136.7714 28.8924
139.3335 28.8546
133.9665 32.3121
134.9006 29.9005
134.3799 27.2534
138.8533 30.6971
133.0078 32.2242
138.3129 29.9206
139.2865 30.3548
136.3943 30.1963
134.3520 30.9347
137.1474 30.7518
134.4400 27.4463
137.2749 28.4463
139.2514 30.2076
137.3691 29.1616
138.8672 29.8510
138.2876 30.9860
137.6128 33.8145
136.4137 29.3756
137.2687 32.2912
138.3299 29.9615
134.3543 27.8692
133.1321 30.5754
131.1677 30.2171
138.5061 30.4884
130.8615 29.9319
134.9026 29.6482
133.9978 31.1142
127.6657 25.1118
133.1248 30.5575
137.2516 29.4452
138.3035 29.9471
136.5422 29.2025
135.0395 27.7415
139.6520 28.8349
134.0930 28.4944
136.7375 29.0778
133.5708 31.5627
138.2958 29.8550
124.0206 28.7394
135.6116 24.0361
134.3917 25.9620
135.1956 28.0237
132.8772 32.1485
134.5484 28.0766
139.3735 29.2229
131.3960 27.3526
133.9666 27.4817
141.5372 34.3929
137.2810 32.5590
134.0370 27.1299
135.1558 26.0338
139.3455 28.8335
135.8373 31.8704
133.9226 28.9641
133.9614 28.1311
134.7622 24.7999
135.3766 31.9624
134.4910 25.0162
126.5267 26.9599
135.8082 32.0098
132.4421 28.2465
132.8523 27.7480
126.9962 28.5580
135.3491 21.2348
134.4943 29.4970
137.4936 33.7505
137.8704 28.4967
134.1118 25.0204
138.1729 30.1803
129.2450 25.8324
137.7204 32.9659
131.8013 27.2492
134.2427 25.7478
135.2873 24.0867
136.8059 32.2501
134.3320 26.1138
128.3674 24.4943
135.3925 29.8208
129.2838 26.0817
125.4075 25.0506
129.5168 29.9200
137.8700 31.5726
134.3177 24.7785
135.1333 29.1942
132.0325 25.4519
133.4039 25.5569
135.2367 30.5716
127.5065 25.5367
133.2518 30.5232
135.8030 27.2779
129.3807 25.9671
134.4543 25.2999
138.9808 30.0849
138.8333 30.7415
133.3987 27.8382
138.3700 30.8268
137.3652 29.5872
130.8349 26.7232
133.1012 30.6451
132.7333 28.3106
131.0335 30.0425
134.7089 30.0506
132.4011 28.7966
127.4493 27.7001
137.0757 27.2121
133.0219 26.5285
130.5779 26.3977
127.9526 25.8612
126.7483 22.0823
136.9421 29.9129
143.8881 37.1274
136.7360 30.1148
137.7274 30.8653
137.5352 31.1237
137.0713 29.2617
140.6207 34.6101
137.3085 33.5312
139.1855 30.2113
137.2477 33.6073
137.6700 29.6745
139.5819 29.4330
139.5252 29.6215
136.6769 33.3136
136.4244 29.3617
136.6869 33.6666
137.2389 33.4972
136.8438 33.0096
139.5083 29.0685
137.1579 33.3889
138.0608 29.2109
139.1985 30.1866
138.5833 30.8129
136.7186 33.6611
138.7583 30.6539
136.7647 32.9346
140.8992 33.8832
136.7550 33.5562
137.0929 33.0943
137.6316 30.8021
137.2610 33.4787
138.1442 34.2864
136.2842 29.3984
136.6173 30.1126
138.8566 28.9882
143.7629 36.8965
137.0111 33.0157
138.5143 30.8903
141.5237 33.9611
137.0749 33.0955
137.1724 33.3779
137.3465 33.6055
138.2849 30.4144
137.3016 33.4407
138.7146 30.9830
136.1874 30.1988
137.1340 33.5251
143.9544 37.4859
136.3752 29.5929
138.8315 30.8319
140.1296 33.4429
138.4258 29.0924
137.1342 33.1834
140.5446 34.6601
137.1300 33.5420
136.6526 33.5298
143.9285 37.3213
136.1504 30.2754
136.9740 32.9886
137.4935 31.2143
137.3429 33.2355
139.3609 29.0735
139.1937 30.0061
137.3275 33.5558
137.8943 29.1454
136.6976 29.3297
138.2366 30.2949
137.1571 33.2766
137.3002 29.3461
143.6646 36.7835
136.8204 30.1791
141.2304 33.2449
136.5543 29.2717
136.0489 29.8057
137.0849 33.0912
136.9423 28.7514
143.7115 36.4107
137.7750 34.0213
140.9028 34.8051
137.4344 33.8894
137.2946 33.4384
137.7150 34.3627
137.1624 33.4293
137.7418 34.0051
138.5947 28.6931
137.2757 30.7861
139.6825 29.1309
137.7512 30.5876
137.3528 33.4617
143.5720 36.7073
137.1694 33.6171
136.9453 30.3604
138.5975 29.7839
136.6783 29.2792
136.2603 29.6364
137.6585 34.2237
137.1040 29.9588
138.1375 34.2934
143.6496 36.7108
135.3981 28.2076
139.2427 28.8437
140.7229 34.7055
137.4458 30.8452
143.8272 36.3740
138.8371 30.9638
136.7130 33.3413
137.5474 34.3223
136.3825 33.6719
136.9629 33.0387
138.1454 34.3411
137.3338 33.4317
137.1804 34.2174
136.9140 29.7902
136.0038 29.8298
137.9079 29.8231
136.2133 29.2080
138.0771 30.9145
139.0794 29.7295
137.3254 33.2917
143.6661 36.8210
136.3860 33.1418
139.2231 28.8041
137.0222 33.0270
136.4089 33.1358
137.0713 30.2928
136.3945 33.1325
137.8109 34.1521
137.3226 33.4104
139.5058 29.6185
138.9918 30.5152
137.8340 29.8560
137.1366 33.4713
139.6656 32.9044
138.3016 34.4282
137.9544 29.2624
136.9585 34.0955
137.7298 29.7252
136.2554 33.5448
137.3809 33.5301
136.1266 29.5404
142.8628 35.8426
137.1807 33.4512
143.9062 36.6605
138.9256 28.9135
138.1356 30.8759
140.0808 33.0605
139.0436 29.6585
137.5028 29.5115
139.7793 32.9029
137.2287 29.9086
136.5950 29.4789
138.4570 34.2840
137.9388 30.3036
136.4167 29.8570
139.1266 29.8674
137.4590 33.6568
136.2837 30.1979
137.4776 34.2223
137.0222 33.0375
137.0096 29.1116
136.3181 28.5676
137.5856 30.8124
138.2866 30.6277
139.5091 29.6709
138.3837 31.1684
137.5365 29.5735
136.7445 30.9438
143.1444 35.4377
136.6269 33.2387
136.5615 30.1348
136.5979 33.3457
138.7576 30.5116
137.1283 33.1687
137.5463 33.7924
136.6219 29.3074
136.7400 33.6029
138.8372 34.3808
144.1476 37.5230
136.8792 29.3668
137.7463 29.7920
137.1764 33.5420
139.1992 30.1050
136.9866 29.2469
144.3230 37.6083
136.6316 33.4967
137.7521 30.8437
138.9544 30.4515
136.9700 32.9774
137.1973 30.2178
136.0783 30.4350
138.4696 31.0528
138.7178 30.7027
138.4289 34.4668
139.4975 30.0854
136.3484 33.2688
136.7350 33.3506
138.1083 30.8876
137.4533 30.8385
137.1638 33.5520
136.5995 29.4680
136.5723 30.5881
138.9539 30.4473
138.4693 29.2880
136.2446 33.5712
137.3108 33.1938
139.5653 29.4477
136.0935 29.0944
136.4180 29.8528
137.7335 30.0183
143.8648 36.7460
137.2942 31.0623
137.6903 29.9640
138.8366 29.3159
138.5314 34.3126
139.6714 29.1104
137.3667 33.3155
139.4190 29.0296
137.1251 33.4528
137.1462 33.2259
137.3315 33.2674
138.5719 31.0050
137.4221 33.3199
137.6297 34.2012
137.2854 33.4807
137.1464 33.3528
138.1356 30.8406
136.3791 30.7846
143.0842 36.2286
136.6800 30.0636
136.5024 29.7155
137.5891 31.1240
136.7056 29.1177
137.5502 30.7383
137.7556 30.6315
138.5819 34.3075
142.2130 35.4042
138.1208 30.1926
138.5819 28.6685
138.4270 29.5072
136.4122 33.7014
137.1767 33.3266
136.7672 33.5795
137.9103 34.2649
136.7810 30.1504
137.2200 30.2638
137.3494 33.1881
137.3521 33.4676
137.5163 33.8538
136.6304 29.2787
137.6603 29.1242
137.7413 29.0883
136.7802 30.1727
139.0268 29.7702
140.5792 34.0790
142.9133 35.4664
136.7593 30.1219
139.1448 28.7662
136.7590 33.6247
140.7137 33.3446
138.8958 30.4699
136.5837 30.0804
136.2310 29.3791
139.1719 30.2876
138.6953 30.0454
138.9393 30.4402
137.3796 33.4232
137.8806 29.7331
137.1313 28.7562
136.6831 32.9898
137.3697 33.3450
147.7162 35.9024
144.7340 34.9356
137.0949 33.0840
137.1822 33.5187
138.7150 30.5613
137.5268 34.2172
137.9754 30.8848
136.6208 30.1860
136.3380 33.5433
136.7897 33.5700
143.4834 35.5583
137.3454 33.4773
137.8250 30.6932
138.8766 28.9743
138.9246 30.4625
137.5282 29.5460
139.1337 28.7724
139.4553 29.3747
138.5459 29.1605
136.6568 32.9642
137.8171 34.4198
142.1393 35.7599
136.7725 32.9244
138.5501 29.7008
136.7570 33.0803
137.7928 31.2974
139.8840 33.5156
139.1796 28.8084
138.1894 30.1953
136.5902 30.6828
136.4072 33.6329
139.0748 29.7013
137.4949 34.0075
139.1512 30.3059
136.4390 30.8387
136.7850 29.4910
138.9084 28.9235
136.9074 33.4970
139.2459 28.8576
138.2678 30.6468
136.7638 33.6172
137.0050 34.1349
143.6812 36.9565
136.7714 30.3828
136.1979 33.4896
138.5417 28.9915
136.8504 33.0660
137.5577 30.8463
137.0143 33.1016
138.4857 29.5364
137.0369 33.0358
137.1489 33.4775
138.6781 30.4850
137.2908 33.1063
138.7460 30.3964
137.2324 33.4732
139.1665 30.0114
137.2078 33.4442
139.1823 29.9921
