134.7693 30.0218
135.4427 28.8503
136.1091 28.7728
138.4963 33.5949
136.2840 33.5292
132.7061 30.7062
132.7991 31.1194
135.9701 29.3782
138.4850 29.7943
128.0024 27.7161
137.5494 28.9320
135.5142 32.2913
138.6618 30.1103
134.5902 29.3960
136.7939 30.2398
135.5758 29.7461
136.0036 31.7143
131.9458 29.7771
132.8410 30.7800
137.0547 30.1456
132.6626 30.6927
135.7097 31.3504
135.8552 31.9652
137.5132 29.8093
138.1210 30.3259
137.3217 28.9627
132.8960 32.6793
131.3918 29.5690
135.0432 32.8053
135.6708 32.3865
136.7204 28.6409
137.1540 30.9132
138.3812 29.1122
137.1282 28.6672
137.5479 29.3160
138.1196 29.8121
134.5413 29.1584
138.6664 30.0020
136.8282 30.1930
137.2942 34.2930
135.6498 29.7874
138.2589 30.2948
138.3439 30.0380
136.0299 31.9434
136.2593 31.0364
132.9678 32.7086
135.3339 29.8569
129.1385 27.6733
136.6340 30.4744
136.0454 28.9874
135.4589 32.4807
138.6843 29.8876
136.4194 30.7365
137.6114 28.4790
135.6137 32.8791
132.8512 30.9157
132.6414 30.3171
137.7912 28.7519
133.5079 28.5363
136.9286 29.9279
134.7768 29.5340
135.5338 32.4096
138.0954 29.5560
134.8007 27.3019
135.7039 33.0975
132.6659 30.7958
131.4538 29.8107
136.0827 31.5497
134.4931 29.2567
138.0021 30.4466
137.5991 28.9644
137.6552 29.7439
131.8177 29.8566
135.6779 32.6242
137.0860 29.3161
131.2931 29.4880
136.5314 28.6441
137.5919 28.8454
135.3691 29.8464
137.4095 28.4922
137.5779 30.5583
136.1338 31.4071
135.3092 27.6747
137.6815 30.1999
132.0257 30.0860
134.5219 29.1978
137.3185 28.1823
136.0055 31.8277
135.9505 28.9432
138.2245 29.0615
137.1028 28.3955
137.2828 28.5260
132.7125 31.0000
136.2393 31.0464
132.9673 31.0592
128.2925 27.7323
137.4402 28.9658
137.7243 29.9525
128.3986 29.0650
137.2314 29.3777
136.1185 29.0414
138.2074 29.1959
135.9281 31.6917
137.5811 28.9589
136.2208 28.4406
135.9667 29.3816
138.5900 29.9889
132.6504 31.1778
138.2709 29.0891
135.5596 28.6974
135.5654 33.1783
134.9246 29.4749
136.3669 28.4786
138.3844 29.9215
134.4991 30.1130
132.4273 30.1903
136.1929 29.2866
138.5011 29.6840
140.2039 33.7637
135.6860 30.4818
137.5893 34.0172
136.7845 33.6563
135.5068 32.5502
137.1846 28.5918
137.2695 28.5918
132.5775 30.4275
131.5248 29.5557
138.5322 29.5949
135.6488 33.0984
138.5480 30.1565
137.5792 28.5825
135.0768 29.9823
138.1122 29.1551
131.5549 29.9085
132.6132 30.3631
131.5619 29.7216
136.2377 31.1922
129.3191 27.5854
135.5708 32.5624
136.3195 30.9144
136.5448 28.7876
135.2814 31.7480
137.7528 29.7047
136.1703 31.6049
138.5321 29.6832
135.7497 29.6170
137.5647 28.4462
135.8047 29.2188
132.0383 31.0351
135.3978 32.3402
137.1411 29.2148
136.1207 31.6076
131.8996 29.8208
137.4406 29.5763
138.2236 28.8596
134.8869 27.1868
135.6583 28.8563
135.6283 33.0732
137.0760 29.6159
132.7559 31.0644
132.7279 31.2110
132.8643 30.6202
136.4088 31.0373
132.2555 30.1271
137.5822 29.7229
132.0104 30.0531
131.0844 29.4326
132.8969 31.0965
133.8739 29.1060
132.8219 30.7693
137.1658 29.5962
136.0695 28.5581
132.1568 30.0210
138.0261 29.8728
137.9621 29.3216
138.5451 34.3033
135.9687 31.3637
131.4576 29.5949
136.0913 33.4597
131.8118 29.7779
138.2436 29.0820
137.7965 29.9912
134.4838 29.2190
134.8874 32.9811
131.8634 29.7065
138.0094 29.7729
134.2188 30.5019
131.8031 29.5885
130.4106 28.3613
135.3493 32.6693
136.0487 31.5861
136.0722 31.3822
135.9050 29.3171
137.1813 28.9878
138.1128 28.7687
135.2787 32.6036
132.0617 30.1075
133.1404 32.6719
135.5360 29.4756
138.5978 29.7654
132.1513 29.9642
131.5844 30.0570
138.4459 29.6981
135.8902 29.1623
139.2792 34.5323
137.6194 34.1545
137.3089 30.5439
135.9023 32.1462
137.9825 28.7219
137.9714 28.8496
135.9666 31.5976
136.0034 32.2619
131.3095 29.6297
132.7288 31.0987
137.6217 29.9863
138.6349 29.5721
132.7786 31.0382
137.8817 28.8304
138.1228 29.2408
135.8249 29.2450
135.3727 30.6205
137.7456 29.8947
136.4661 31.7700
137.4570 28.5477
133.2732 28.1727
138.5842 29.7578
138.2025 29.7474
131.6774 29.8521
135.6107 32.6422
137.5034 29.2873
137.6602 28.8382
132.6835 31.4660
135.2933 32.8812
138.1180 30.2975
135.9901 29.2248
137.7478 28.7703
131.4090 27.1962
138.5320 29.9902
135.5886 31.0331
137.1898 29.7734
135.4419 30.7665
135.5854 32.7200
135.9908 29.2677
138.0062 34.3731
132.6186 27.4675
138.0376 29.6416
136.4320 30.6375
137.2322 34.2578
137.0110 28.8317
135.6822 29.9620
137.6758 28.9385
138.2596 30.1705
132.8674 30.7310
132.8737 30.8696
138.5289 29.6342
127.8809 27.6889
137.5482 34.2133
136.9671 30.8365
135.4275 33.0499
136.2317 28.7264
132.7816 31.1174
132.8381 27.5104
132.4790 30.2481
132.5462 31.1495
136.1950 29.3712
136.8191 28.5981
132.4420 30.4938
136.8016 28.6415
136.1429 28.6316
137.8256 28.7107
138.3794 29.1188
132.5349 31.3127
132.7671 30.6637
136.2998 31.0809
138.4330 29.4911
137.4386 29.8657
138.5384 29.8252
135.3670 32.7051
135.2177 32.8722
137.6481 30.1067
136.1588 30.9665
137.1799 28.9011
136.4659 31.5080
132.1321 29.8703
137.1693 28.6796
132.2689 29.9774
135.4351 29.9308
137.6792 29.8773
138.1776 28.8086
137.0090 29.6208
136.5829 28.5440
132.6483 30.8177
137.7269 28.9570
134.8984 29.1561
136.4894 30.7678
136.4133 28.5060
136.0872 29.4056
136.0561 28.8724
133.5945 28.4238
135.6258 32.1273
137.0293 29.7366
137.1329 29.9986
139.2010 34.0900
137.4843 29.8693
138.2264 28.9619
136.6932 28.4828
138.3557 29.1461
134.8882 29.3883
138.5745 29.4302
133.1469 27.8993
134.5679 30.0633
132.7941 31.2408
137.8649 34.4220
132.5423 30.2610
137.7624 28.7517
131.5092 29.7835
135.5799 32.7341
137.9003 29.7431
132.8505 30.9655
137.0549 28.9881
135.2958 29.4247
137.2789 29.5521
138.5661 29.4008
133.0636 27.9815
138.1412 29.8010
135.6116 32.6128
132.7809 30.9614
138.3587 29.9617
136.4086 28.5024
133.1853 27.8144
134.4648 30.0471
135.4726 28.8678
129.3828 27.4613
137.4333 29.9660
131.7830 30.1084
135.4948 32.4007
137.6905 30.4823
137.7495 30.1565
138.0902 30.1579
131.6229 29.9663
137.9047 29.8062
136.2049 29.3143
137.4366 29.7113
138.2090 29.4124
137.8803 29.7547
137.3075 28.7957
131.4970 29.7912
134.3997 30.3069
137.5328 28.9685
136.0278 31.3539
135.9466 29.3037
135.4721 32.9923
135.6510 29.6763
132.8623 31.4746
138.4265 29.3981
136.0312 31.5634
136.5909 28.4562
128.5556 27.1456
136.1647 28.2014
135.5028 32.4859
136.8176 28.4420
135.0219 30.0641
135.9108 32.1665
138.7232 29.6545
138.3187 30.1442
137.4062 28.7906
135.4925 32.7354
138.4718 29.6258
138.3761 29.2152
137.6917 29.8160
136.0664 31.4938
138.7592 29.6032
138.2625 30.2187
137.0784 29.5776
132.8297 30.6546
135.9331 32.4041
127.7185 27.3381
131.4180 30.0668
131.8987 30.0711
137.6073 29.1052
131.5746 29.6753
138.0423 29.6007
132.4989 30.1250
132.9867 30.9455
135.8516 32.5912
138.4838 29.6478
137.2362 29.6236
138.5264 29.7969
138.5941 30.0455
137.5318 28.8336
134.3007 31.4468
129.8706 27.7867
139.0870 33.1018
136.0153 32.1839
132.6377 30.3646
138.6174 29.9281
138.1429 28.9896
135.1326 32.9216
135.1201 29.0500
136.8322 28.5935
135.0292 29.1232
135.3824 29.8873
137.4473 28.7919
134.8423 29.9107
136.6151 28.3435
138.3485 29.3879
135.6273 32.3311
135.2678 29.8734
138.2416 29.7361
135.9804 28.0537
137.0191 28.5334
131.5879 29.8187
134.9463 29.8633
133.7616 28.8794
138.1826 29.9324
138.2833 30.3625
137.7200 28.9922
135.8832 29.4724
135.1332 29.0314
139.0542 34.5110
138.2981 29.7884
132.7696 30.8197
135.5435 32.5800
137.6369 30.1253
131.7453 29.8272
138.2309 29.3780
137.1967 28.5318
135.9681 32.0342
134.5726 32.5652
132.5015 31.0890
135.8608 28.9626
135.2764 33.1060
137.6247 28.5359
137.1362 30.4907
131.8329 30.7303
137.9495 28.8594
138.2991 29.1549
131.3482 29.6717
132.4645 31.1174
135.9506 32.5035
132.8822 31.1454
135.0279 32.7757
134.1011 32.4696
138.0735 29.5862
135.3909 30.4251
132.9591 31.0458
134.4035 29.1809
137.9347 28.8938
135.9176 29.4248
137.9719 28.7323
137.2840 29.1612
139.2777 33.7551
138.3863 29.1543
137.4031 30.1629
132.5542 30.3593
131.9568 29.9762
132.4489 30.1764
137.8637 28.7908
138.4659 30.0299
138.6026 30.1198
134.5708 29.1325
135.7275 31.9908
133.2522 28.6664
136.8457 30.3783
135.3737 31.6081
137.4297 28.4829
132.6316 31.0411
137.6664 30.4943
135.2697 30.3653
135.4606 28.7736
138.6366 29.5494
137.6495 28.7374
132.6756 27.8150
135.1939 32.5952
127.9784 28.5743
136.9359 29.7050
135.6907 29.7140
139.4586 33.9695
134.7977 27.2200
137.5448 30.3205
137.5008 28.8999
137.0039 28.3623
135.2060 29.9436
136.4927 28.3851
138.3878 33.6514
131.0902 29.7856
137.3186 28.7880
136.0031 28.4717
131.0504 29.4172
136.7164 33.8095
136.3569 29.1647
134.5167 29.1222
137.1817 30.5028
134.9988 33.1867
138.8788 33.6673
135.9483 32.4307
139.4347 33.3123
135.3033 29.8196
137.5112 30.2371
127.8117 27.6612
132.8404 31.1903
138.5341 29.3619
137.3685 30.4820
135.9753 29.2628
138.6956 29.9105
137.0627 28.5677
138.0571 30.2185
138.6282 29.2227
138.0209 29.3064
137.6063 28.8121
137.5138 28.2960
132.9914 30.7356
135.8497 29.5243
137.8291 30.3044
135.0448 29.0487
136.1071 29.2791
137.1865 29.2604
136.1245 29.3242
138.3932 29.6561
133.2494 27.6722
137.6025 30.1495
127.7608 28.1414
137.3717 28.7729
136.3455 30.8230
132.7980 30.9818
132.8893 31.0533
138.1102 28.7538
136.1162 31.1237
138.5966 30.1095
137.3416 29.6506
138.0431 29.4214
128.2635 28.5689
137.5715 30.3966
137.8152 29.5427
138.6038 29.5644
138.6429 29.7055
136.1230 31.4222
138.4014 29.3653
137.0938 29.8411
138.1904 29.0459
132.7471 30.9273
137.5960 28.5229
132.7864 30.6303
131.9261 30.0505
133.9315 28.7581
137.6122 30.2277
132.9417 30.9644
129.2787 27.5422
136.1097 29.1074
138.0229 28.9420
138.2237 28.9249
138.5301 29.1050
139.0371 33.2741
136.0594 29.2143
136.8454 28.4690
136.1206 29.1907
138.0269 28.7267
135.1266 29.1560
137.5633 30.0307
138.1685 29.2397
138.0029 29.3726
128.9637 27.1934
131.7505 29.7955
133.5614 32.7493
136.9078 28.5244
136.5178 28.5214
136.1911 31.3130
138.5042 29.2467
136.2708 30.8395
138.3746 29.2747
132.2169 30.0833
137.4153 30.0158
131.7804 29.8529
133.6017 28.6442
135.9040 28.9224
131.8913 29.9283
131.7178 29.7907
135.3031 31.4958
136.0058 31.5990
138.1453 30.1659
132.8815 30.8360
131.4014 31.0763
137.4615 30.5267
131.6651 29.6634
132.3256 30.3312
132.8978 31.2104
138.0123 29.4481
138.1641 30.0457
136.0112 31.7310
132.7043 30.7119
128.3427 27.5539
138.0262 29.0302
132.6805 30.8194
136.9366 28.2698
138.2686 28.9646
137.9889 30.2426
138.0259 29.9298
132.0016 29.8922
134.4957 29.6517
138.1813 28.9255
136.6793 30.4001
137.7687 29.8562
138.6548 29.8838
138.8675 34.3390
135.0285 29.9902
131.9909 29.8281
133.2911 28.0726
135.6373 32.1657
138.5484 29.1911
134.9005 32.8295
138.0416 29.2787
138.1525 28.8110
135.0004 33.0605
137.5252 29.3951
137.5706 29.0987
135.8263 31.9048
135.0172 33.1280
138.6754 29.9757
130.8424 29.8535
135.4667 33.1151
137.9034 28.6835
135.9771 33.2325
138.9365 33.4006
129.2639 29.1336
137.5149 29.5246
135.9795 33.3963
138.6664 29.8234
139.2278 34.5998
134.9818 32.8307
135.1875 32.6511
138.5234 29.1392
137.6535 29.0112
136.2359 31.0328
135.1540 31.6927
138.3888 30.1134
134.9821 33.0152
131.0607 30.3772
135.5430 32.8704
135.3064 32.8698
135.5558 32.6834
128.1113 28.8639
138.2249 30.5177
128.8820 28.4331
138.5972 29.2113
135.3374 33.1293
137.8788 28.6636
136.1527 31.2174
138.7555 29.9742
138.7836 29.7844
135.8283 32.3913
138.3071 29.3330
137.0159 30.0142
137.0905 30.1713
136.2071 33.4665
135.8361 31.9096
135.2728 32.9726
138.6479 29.9910
137.8682 29.8679
129.0063 29.2158
136.9109 30.7208
138.5095 34.2901
138.6850 29.5156
128.9136 28.9746
138.3849 30.3485
135.9007 31.7732
135.6532 32.2040
137.3392 30.9117
130.9028 29.5705
136.6459 30.3660
136.2370 31.2041
137.5890 30.0372
135.3430 32.6174
128.9443 28.9000
138.2502 29.4177
136.0952 31.5568
138.6256 29.2703
137.4332 28.4253
139.4446 33.1576
135.5296 32.7006
131.2640 29.6966
137.2250 28.6150
135.2745 32.4217
137.8664 30.0392
137.5220 34.3791
128.1778 28.1569
137.1166 28.6799
139.3639 34.4361
135.5811 33.3045
136.4116 30.8488
139.9779 33.7072
137.2130 31.0231
139.1672 33.9787
137.7119 30.0079
139.3967 33.8711
138.0702 30.5913
137.5506 29.0221
138.0171 30.6219
138.8816 33.4619
138.3812 28.9686
136.7601 30.4250
136.1280 31.3439
139.2693 33.3925
138.2180 28.8693
135.7688 32.0725
134.7795 32.9504
136.9467 30.8636
137.9185 28.6706
135.9074 31.7302
136.0334 32.3000
137.8227 34.3819
137.1554 28.5344
137.8176 29.4857
137.2072 29.7492
134.8743 33.2608
136.0483 31.9187
139.0168 33.7688
137.4354 30.3352
138.6409 29.2528
137.9395 28.6789
135.5977 33.1307
136.1711 31.2808
135.6202 32.2020
135.3517 33.0329
136.2420 31.0432
136.0371 31.5479
136.4773 33.5945
135.9475 31.7154
131.2527 29.5498
135.0771 32.8498
135.6175 32.9354
134.7650 33.0511
136.0866 31.4946
138.6501 33.5118
138.4668 33.6291
136.2669 31.1505
138.2580 28.9785
135.0640 32.6282
134.9276 33.0128
134.7935 32.9902
135.9932 31.6856
134.8012 33.2335
135.6105 32.1438
131.1019 29.5279
134.9644 32.8471
137.8359 30.3037
135.0784 32.7683
138.0948 34.3622
139.1240 34.5251
138.4180 30.1833
134.9415 32.7801
136.9693 33.9531
139.5887 34.1666
136.2079 31.3544
128.9250 29.1381
135.0857 33.3031
137.0177 34.0033
135.4008 33.1004
138.6444 34.3975
137.3470 29.8047
136.1927 31.3807
138.0026 30.5316
134.9149 33.2419
135.0883 32.7437
136.2114 31.1521
136.9895 33.9936
135.0947 32.9350
134.8491 33.0774
137.3571 29.7506
137.7486 30.4404
135.4488 33.2553
138.1585 28.8466
135.5517 33.0623
135.3340 32.3651
136.2346 31.0883
136.7826 33.8029
137.9949 29.0309
136.1758 31.1500
131.0988 29.6740
135.3773 32.9437
134.8759 33.2259
137.6519 29.2893
134.9057 32.9925
135.3840 32.9549
135.7231 29.6763
137.9048 30.7677
131.0596 29.3820
136.1151 31.4656
137.9594 34.3990
137.5100 29.6160
135.9805 31.7023
137.6008 30.6314
135.3323 32.8487
135.6824 33.2349
138.4371 30.4227
137.4038 29.4869
135.5125 32.5087
134.9366 33.0646
134.9970 32.9000
135.5648 32.1915
135.1173 33.0389
136.5298 30.6103
135.3548 33.0567
136.6491 30.5041
138.5445 29.1846
135.1148 32.5905
137.9400 30.5535
129.0655 28.3054
128.2365 27.7614
138.1255 30.4524
138.4127 30.2314
129.1893 28.3063
135.0773 32.7895
136.1835 31.2708
134.7424 32.9321
138.3335 28.9639
136.7256 33.8168
134.9936 32.6472
135.2606 32.4654
138.3915 29.0687
138.6304 34.4060
131.0185 30.1811
137.1064 30.0282
138.2221 34.3359
137.3981 30.0562
135.0341 33.0181
137.2784 29.8476
135.2478 32.6235
128.2762 28.4898
136.9532 30.1045
131.2678 29.6483
136.8159 30.1722
134.9717 32.9864
134.8534 32.8421
137.3440 30.1419
134.8365 32.9336
134.9390 32.7680
134.9363 32.9123
135.2997 32.9866
136.2527 31.0399
137.2168 30.9819
137.8638 29.0309
135.6346 29.8186
135.7860 33.2631
135.6715 32.8662
135.0035 33.1668
130.7566 29.3124
135.0199 32.9075
136.7041 28.9691
137.3662 29.9595
139.6106 33.8200
136.7850 28.4247
137.7578 34.4284
135.6235 32.3950
135.6355 28.3748
133.3973 28.7252
136.4984 29.8042
127.9135 28.6922
137.2625 28.9344
136.1612 29.3268
128.0016 28.1802
129.1439 28.3185
129.3734 29.0755
136.3193 32.5221
136.2476 28.3592
137.9596 30.4906
135.7784 30.4942
135.3638 32.7327
132.8772 30.9366
135.9760 29.8117
139.3088 33.5334
138.4562 29.7220
136.9046 30.0198
135.7180 33.3595
133.2712 29.8531
136.1770 31.2885
136.0499 31.8622
138.5527 29.6706
135.4344 32.4251
138.6599 29.2521
137.5900 29.2188
137.9903 29.5926
133.3213 32.0656
136.4717 33.6943
137.1420 34.1712
137.0544 28.5291
133.2089 32.7140
137.7615 29.1471
126.2918 31.5864
129.8828 27.9120
136.2762 28.4932
128.4776 27.9966
136.9561 30.1518
138.5233 30.3801
138.8546 33.5532
137.8384 28.8452
137.0979 28.6262
135.1821 32.8709
138.1751 29.0894
136.2878 33.5561
139.2773 33.1820
136.2016 28.7770
139.2012 34.8722
135.2937 32.7464
132.8571 30.5640
136.1949 31.1731
135.2415 29.9904
136.8296 33.7921
136.8190 29.9873
134.9226 33.2396
131.7085 30.9821
138.2652 30.3381
135.5986 33.1863
137.2888 34.2635
137.8882 28.5634
138.4828 29.5762
136.2138 33.4646
136.4344 29.2932
135.6205 33.4240
136.8038 28.5490
135.9328 32.4501
134.8578 32.7492
133.9072 30.8726
138.6016 33.6146
137.0832 28.6067
137.2977 29.6809
135.5326 29.7331
136.2600 29.5571
135.8814 31.8882
135.9052 29.1390
137.9726 28.9356
135.8214 29.0676
137.0414 29.9942
129.0066 28.1710
137.8991 29.1203
138.6292 29.4611
138.0050 29.9821
137.9935 28.8137
136.5558 29.2533
136.3322 31.5126
138.1039 28.7210
129.2430 28.5352
136.2159 29.0692
135.5497 28.5215
134.8499 32.8682
137.9817 28.7531
131.0310 30.1686
137.4529 29.5428
137.4357 30.0817
138.3886 33.7319
137.3739 28.3263
138.1882 29.0940
135.3905 31.4118
138.4660 29.6549
128.8568 28.3149
135.3520 33.2401
139.3588 33.1718
135.9575 31.9992
137.8360 30.3746
134.8316 30.1481
134.1611 28.7779
138.4555 29.4930
135.1647 33.2456
137.6332 30.1248
136.4159 28.4649
136.6501 30.4019
136.3735 31.8001
135.3709 32.4159
132.8230 31.3274
136.1089 29.1897
138.1231 29.7008
135.5830 30.5206
135.0825 32.6660
130.8193 29.8170
131.0214 30.0158
135.9708 29.0831
135.6069 33.0400
132.6827 31.1306
136.2000 33.4000
137.1779 29.5511
138.3804 29.1228
137.0925 29.8196
138.0603 29.2445
128.3283 27.8200
137.3463 28.7120
138.6353 29.9227
134.7143 29.3657
137.8384 30.2717
134.4963 29.1644
137.5260 30.3372
136.1927 31.2493
139.1522 33.0882
136.0906 31.6649
138.5621 29.8849
139.2498 34.3510
138.2561 29.4640
137.7521 29.8396
132.9384 31.0528
135.0660 33.0953
138.6299 29.5619
135.0123 32.6875
139.1436 33.5367
135.0430 32.9233
139.4395 33.3713
136.2607 28.5638
137.7934 28.6273
138.1183 30.4631
135.0332 29.9429
137.4653 28.4968
135.9292 31.7555
137.4226 29.4357
131.6842 29.8002
137.3086 29.5825
128.0941 27.8201
134.0752 30.2721
136.8798 28.4640
135.2546 28.8848
132.0005 30.0287
138.5367 30.3010
137.3352 28.8556
135.8517 33.3120
137.8851 29.1926
138.4450 29.1812
135.3347 32.5370
137.0910 33.8467
137.4236 29.1661
128.3037 28.4918
135.7156 32.3475
138.6362 29.4774
136.4857 29.3665
138.0553 29.8785
138.4529 29.5375
137.7515 30.2396
134.6728 29.4558
134.8624 29.3648
138.2876 30.3298
138.3453 29.3544
131.8455 29.8589
131.1748 29.5489
137.9222 30.3115
138.2316 29.7351
138.5495 29.1600
136.5757 31.7704
135.4810 32.7361
138.3837 30.1085
134.3246 29.0769
135.8387 31.9728
128.2614 28.6779
138.6111 29.4074
131.3592 30.6270
132.8591 30.7508
138.1516 29.1038
136.1846 31.2238
134.6959 29.1767
136.2729 28.8118
135.5197 32.9097
137.6646 28.6357
138.4724 29.5114
134.8923 29.9969
137.6149 30.1027
135.1716 32.7058
135.0357 33.1244
135.9533 31.5306
135.5620 28.6128
137.3524 29.4559
135.8227 29.1201
132.8036 31.2670
134.9582 32.7469
135.9849 29.0930
137.5368 30.4708
138.6782 29.9787
138.4626 29.5916
138.2293 30.1740
137.0547 29.6667
135.4320 31.1041
138.6128 33.5314
132.8170 30.9510
136.5850 33.7279
130.2190 28.0311
138.4180 30.0095
136.8232 30.1216
139.1101 33.0088
135.3624 32.4911
135.0003 29.1477
135.5166 29.3176
137.1364 28.3267
132.8049 30.7655
134.5336 29.8676
137.7288 29.9695
138.0401 30.2694
132.4359 30.2729
138.3335 29.7309
136.6767 30.2501
135.9099 31.9842
137.4270 30.1769
132.6944 31.2922
136.8748 29.9659
138.6141 29.9723
137.3213 28.7357
137.3862 29.7657
137.7008 30.4238
136.0726 28.8993
137.9037 30.5394
138.1662 29.4730
132.2246 30.2047
138.4638 29.8159
137.6605 34.2434
137.0201 28.4587
131.9063 29.9641
131.8902 29.7324
136.2964 30.8811
138.6985 29.4818
138.4593 29.7745
138.5370 29.6964
137.6592 29.9534
136.0863 28.5986
132.7660 30.9885
136.1898 28.7435
136.8941 30.0416
136.8110 33.8733
135.7244 31.9682
132.8332 30.8623
137.8965 30.1112
135.9422 29.0205
132.6568 30.7355
135.2933 32.4472
135.0939 29.5598
137.7121 30.1224
137.0853 29.8166
135.6136 29.6451
136.7560 28.5252
134.1897 30.5626
138.2135 28.9486
138.7261 29.6146
134.3210 29.7549
137.6423 30.0422
128.0926 27.6676
132.7701 31.0879
128.2441 27.6251
138.4011 29.4607
137.6072 30.1580
137.5753 28.8958
137.6631 29.4091
135.0564 29.9269
136.3969 30.7899
137.7737 28.6124
137.0196 29.7557
135.9409 28.6288
137.0260 29.9073
134.8741 29.3558
137.2257 29.5697
132.1875 30.2092
135.9023 32.5048
137.7982 29.8193
138.1699 29.3792
137.9168 28.8353
138.4991 29.8807
129.5197 27.5360
138.2032 29.0461
138.0564 29.9867
135.9264 32.2823
138.2881 30.2293
136.4109 28.8252
138.1490 30.0433
136.9517 31.2206
138.3125 30.0271
135.3368 30.0247
131.2179 29.5032
138.3633 29.4647
138.6267 29.4711
138.1783 30.0910
137.3525 28.8054
134.5058 30.1380
137.9749 30.2741
128.1580 28.3004
135.2174 29.4697
137.2799 29.7245
135.9322 32.3877
136.8092 29.9840
133.0713 27.7321
132.8735 27.5110
137.2150 29.1880
132.1406 30.1006
128.0717 28.6937
136.3422 28.6835
136.7346 28.5312
134.6073 29.1980
138.4282 29.9507
132.9844 30.6490
137.8252 29.3596
131.5827 29.8584
138.2699 30.2903
128.3706 27.2980
137.4796 28.5052
134.5267 30.1989
135.8127 33.2990
138.7180 29.9688
138.1413 29.2109
136.3525 28.8468
138.2581 29.1373
132.2693 30.1839
135.6424 32.2744
128.1390 28.5006
135.1874 29.9613
136.3148 28.9862
132.1993 30.0974
138.7079 29.9418
135.7207 32.0163
136.8761 30.0738
136.0548 31.6306
135.3615 32.7862
135.3819 32.5776
135.7052 32.6866
136.0481 31.6757
136.1782 29.2413
135.4337 32.5490
137.5499 30.7382
135.0079 29.6842
134.9204 29.0693
135.3512 28.9029
135.6734 31.0717
135.2273 32.4509
128.1228 27.8866
136.0574 31.6208
131.4352 29.6146
128.2061 27.6888
131.2906 29.8902
135.8825 31.8948
138.5555 30.2729
136.4621 28.8870
133.2199 29.0392
132.2816 30.1679
136.3291 28.8720
136.4896 30.7039
131.0629 29.8142
135.9437 31.7557
135.4521 32.7464
135.5580 32.3490
136.4414 30.7843
128.6680 28.3423
131.1532 29.9933
135.8414 32.6254
128.1771 28.4451
135.5172 32.3549
138.4563 29.0301
136.0783 31.5010
135.2959 32.4665
137.8516 30.5213
135.3947 31.7294
136.7631 33.7696
132.7619 30.6437
136.4633 29.4351
137.9094 29.6806
138.4048 29.4177
131.6953 29.9166
134.2758 30.3533
128.1900 27.8024
135.3607 33.2863
131.5893 29.7921
138.6988 33.5759
128.2801 28.3095
133.6732 30.1209
136.5994 28.9190
138.0791 29.2688
136.0978 29.1710
135.5830 32.3943
138.0664 30.4210
136.6419 28.7511
135.8649 32.0061
130.7645 29.6370
131.1806 29.2992
138.6422 29.2167
135.9803 31.6871
136.8620 29.1019
137.8547 28.6679
138.7745 33.4004
138.5777 29.1820
136.0802 31.5758
137.5830 28.6049
130.9967 29.8054
138.1083 30.2255
134.8660 29.1183
131.3673 29.6138
138.5215 29.5400
136.5094 28.8738
138.7377 29.5725
137.3929 30.7717
134.8183 32.8743
135.3252 31.7081
137.8087 28.6222
135.7372 32.0552
135.2006 33.1604
138.5232 29.1313
137.6010 30.1319
138.4074 29.1299
130.8038 30.1495
136.6554 28.7019
136.3456 30.8273
136.0292 31.7624
132.9203 30.9727
135.0187 32.8769
134.7842 32.4344
132.0844 29.9927
132.8282 31.2806
135.4343 29.8412
133.6505 28.8328
136.5774 29.2898
131.2636 29.5143
135.3602 32.6512
135.1502 32.6626
132.9331 31.1050
137.4412 30.9496
135.9675 32.4093
137.0601 31.0480
137.4673 30.9662
136.7094 30.5885
135.1099 32.4983
137.0522 30.2308
138.7511 29.8093
135.1706 33.2725
137.5746 30.6272
134.7896 32.8674
137.5793 30.8579
134.8282 33.3558
138.6962 29.6844
138.6817 29.5052
135.9445 32.6839
136.1329 33.3719
138.4728 29.3160
137.1936 34.1411
135.8526 32.7342
138.9171 33.7929
138.7392 29.6763
137.9089 29.2467
138.5912 30.1538
135.5212 33.2793
137.2718 31.0625
134.8997 33.2373
137.8212 30.4704
135.7295 32.5595
137.5130 30.3581
138.6936 29.6520
135.8979 31.8549
138.6348 29.6213
135.5387 32.2508
136.2415 33.9021
138.4473 29.2527
136.2652 31.4793
135.4469 33.1875
138.6936 29.5277
135.3750 32.9523
137.6501 30.4164
137.5770 30.8780
135.2750 32.4686
135.6629 32.4030
138.4087 34.2020
136.3805 31.1468
138.0579 30.4199
137.4249 30.4844
136.1616 33.7683
137.9267 30.4861
136.0016 32.7432
138.1940 30.5505
138.0557 30.4313
138.6829 30.0106
138.6150 29.3123
138.6632 29.6305
135.0928 33.3837
137.8987 30.5597
137.8043 30.1303
135.5659 32.2165
135.3824 33.0729
137.4175 30.6690
138.1491 30.4705
137.7760 30.4708
140.2802 33.7551
136.4918 31.0231
137.9409 29.2168
135.3407 32.4271
136.9780 31.1469
136.2288 32.5605
138.2102 30.1644
138.3924 29.9856
136.7345 30.3753
138.0032 29.0730
137.2395 30.9082
138.7067 29.9572
137.8523 29.4679
138.6824 29.9579
135.9716 33.2890
137.9897 30.0293
137.9524 29.0885
138.7069 29.6108
136.1149 32.4315
135.3334 32.4426
137.3820 30.8312
136.1886 32.6597
135.7619 32.5179
137.5278 30.5113
135.1984 33.2956
137.9567 29.2115
136.1296 31.6696
136.1316 32.7098
136.3951 33.8951
138.6242 29.3124
135.6924 32.0871
137.2785 34.2036
138.6808 29.9111
137.4291 34.3412
134.8888 33.1826
137.8094 30.1846
137.9917 34.3802
137.9182 30.4451
136.0405 32.6809
136.1521 32.6134
138.6963 29.8190
138.5651 29.4617
137.8551 29.4333
138.3238 30.4808
135.7004 32.2667
134.8073 32.9910
134.8215 33.1411
140.8926 33.6458
137.9312 29.3851
138.0341 29.1209
137.2796 34.1171
138.0224 29.0987
137.8886 34.4169
138.2289 30.5451
137.8826 29.5013
138.8397 34.4581
135.6569 32.4040
137.8916 30.4370
136.4010 33.5376
138.5356 29.3432
135.2119 33.2619
138.6975 29.8262
138.7442 29.6476
137.9367 30.0480
136.7638 31.2187
138.6408 29.3887
137.6455 30.3570
137.8496 30.5720
136.7859 31.1808
134.8177 33.1087
135.3452 32.4345
137.9212 29.3078
136.4722 30.6437
138.7037 29.7586
139.2548 34.6795
135.6123 32.3347
135.2679 33.3012
138.7215 29.7221
135.6062 32.2592
137.3241 30.8901
139.6040 33.2571
138.0359 29.3550
137.5202 29.9432
135.4424 32.3973
136.3414 31.4064
135.4526 32.2725
136.8109 31.2454
135.7929 32.4669
137.9825 29.0857
139.7543 33.9389
137.1128 31.0835
137.9049 30.5012
137.5482 30.6109
138.6823 29.9671
131.8163 29.8905
137.2376 34.1346
138.6238 29.5680
136.0419 32.6352
135.1436 33.1695
135.5142 33.2815
138.5515 30.2103
137.4651 30.8500
137.3000 31.0908
135.1789 33.4732
135.6778 33.1863
137.7323 29.4628
137.2430 30.5042
137.6221 30.8862
136.4105 33.9184
138.7216 29.5346
136.1065 33.4020
136.0423 31.7873
137.2662 34.2180
136.6393 30.6287
137.4268 30.9462
137.9083 29.3124
137.8180 29.4758
136.1275 32.7327
137.4803 30.4813
137.9378 28.9708
138.0690 29.0508
137.3970 31.0022
137.9140 29.9485
137.7611 34.3955
134.9812 32.9953
136.6995 30.3686
136.1140 32.6911
136.0234 33.3032
135.8741 32.2252
135.3095 32.4554
137.8968 29.3599
138.6979 29.9405
136.9892 31.1433
134.9792 33.2165
137.4653 34.3481
138.1368 29.1483
137.4316 30.9930
136.0928 31.5435
137.9815 29.3716
135.6698 32.2945
134.9781 33.1707
134.8911 32.8247
135.7329 32.1838
137.9186 30.5339
135.0145 33.2824
138.2998 28.9643
138.6798 29.5951
135.7528 33.2716
137.2218 30.1058
135.2865 33.3060
137.5455 30.6601
136.9049 30.4186
135.1228 33.1683
138.6814 29.5283
137.4026 29.8781
136.3430 33.7747
137.2996 31.0387
137.9278 30.0937
138.1315 29.8300
137.7448 29.3430
136.2340 32.3847
138.6588 29.3875
135.6824 32.0950
137.5014 30.5120
139.9131 34.2511
135.3611 33.2122
135.0145 32.9848
136.2357 32.2352
138.0901 29.0720
138.1417 29.1480
137.9194 28.7487
137.8833 30.5866
138.0842 30.5092
136.8285 30.5569
137.6599 30.5507
138.6999 29.4872
134.9318 33.1761
138.6707 29.4021
137.2625 30.1807
138.4078 30.1385
135.0136 33.0548
138.7117 29.5746
137.6713 30.6422
134.7516 33.1555
136.2097 31.6409
137.7868 30.5113
137.6782 30.5117
137.8239 30.3287
137.7779 34.4340
136.4881 30.7641
135.3493 33.3451
137.6645 30.6571
137.7699 30.5572
138.6251 29.3193
134.7354 33.1953
135.6519 32.4895
137.8640 29.4658
138.7178 29.7429
136.8114 30.5856
135.3880 32.4375
135.5340 33.0597
138.7408 29.7426
136.7510 31.1266
137.9577 29.3594
137.8868 29.3284
138.2216 30.2236
137.5846 30.6239
135.3203 32.4952
136.0865 31.7886
138.7477 29.6207
137.6866 29.7816
137.3679 34.2663
135.5650 33.0047
136.7697 31.2029
138.0068 30.4863
139.9192 33.9186
138.6815 29.4936
136.2751 31.2036
136.0622 32.6731
135.9462 32.7640
136.7760 30.6210
139.7707 33.9912
137.3255 30.0951
138.6192 29.4801
136.0054 31.6402
136.2219 31.3559
137.7277 30.8025
138.6053 29.4072
140.3651 33.9612
138.3212 30.2163
137.7899 30.5986
136.7795 31.1999
138.3161 30.1877
137.2970 31.0684
137.9901 29.2271
135.9337 32.0251
135.8940 32.7700
136.0898 32.7008
138.1160 29.1957
138.6377 29.4238
137.5959 29.7641
138.3443 30.2788
138.1583 30.2563
136.0356 31.8818
136.1682 33.3996
135.7020 32.5021
137.7996 29.6708
138.3645 29.3396
136.8186 31.2128
135.7430 33.3535
136.7664 31.1791
137.9661 30.3367
138.7185 29.5340
136.1398 32.6032
135.0562 33.3505
138.5905 30.1251
137.8747 29.3407
138.0601 28.7898
137.9155 29.3621
136.1637 31.5153
137.7373 30.5728
137.8921 29.3419
135.9697 31.8466
136.0279 31.8046
138.0189 34.3875
137.9290 30.5359
138.7000 29.6695
137.3507 30.3943
136.4248 30.8380
137.1476 30.2862
138.1686 29.2906
137.8448 30.5687
138.3035 30.0329
136.8516 31.1331
137.0323 30.2056
136.7852 30.6650
135.9774 32.0268
138.3073 29.9777
137.2639 30.8670
128.0338 28.1209
136.5692 28.6545
135.6441 33.1021
134.1682 32.4853
134.7798 27.5630
136.6133 33.6810
129.5946 29.8599
138.7418 30.0264
140.6434 33.5209
135.7702 32.5618
134.6061 31.9568
137.1148 28.6134
128.2397 27.9542
135.6084 32.2865
135.4335 32.7360
135.4296 32.5357
134.6856 30.0817
135.8603 29.0328
132.4183 30.2447
137.4615 29.6019
136.9829 33.4922
138.3218 34.0945
136.9066 29.1088
131.6273 29.6161
132.0466 30.2434
132.7100 32.1819
136.4274 29.1468
132.2329 27.5404
132.6748 30.6483
132.3167 29.9616
132.2449 31.1995
134.4132 30.1948
139.7324 33.7519
135.2636 28.6986
136.7068 28.6871
136.9344 28.3426
136.2148 32.6857
137.5085 29.9922
135.4685 30.6246
138.4924 29.8964
137.9281 29.2912
137.4507 30.3595
136.2852 30.8226
138.5210 34.4081
127.8823 27.7432
139.3156 34.1145
138.0517 30.3386
137.7051 28.7256
139.3848 33.1207
137.4657 28.4545
137.1984 29.3192
131.0981 29.8706
138.2429 30.2331
138.6588 30.2486
126.2505 29.3286
137.5672 34.2809
139.1782 33.0549
135.7787 28.3800
137.5460 28.7919
128.2161 28.3269
136.2803 28.7846
137.7897 28.7462
137.6160 28.5014
136.5275 32.6398
138.3851 30.4728
136.5638 33.1779
136.8901 33.7942
138.7613 29.4971
138.7463 29.8928
134.5928 32.9696
131.1524 29.5948
137.6001 34.4426
138.7678 29.9951
137.3306 28.4576
132.0339 27.5704
137.5451 30.1065
133.3913 31.9191
135.4917 28.6372
138.7857 34.4194
135.6281 32.4540
132.3134 30.1676
139.5299 32.9942
137.7462 28.5759
135.5226 29.2235
135.8086 32.2324
135.7633 28.9128
137.3197 30.2445
138.6265 30.1143
134.5108 29.1755
137.9260 34.3324
128.7202 28.6839
138.5351 29.5178
135.7396 29.0783
139.0707 30.0690
138.6637 29.6487
131.1337 29.7539
134.6878 32.7812
128.7520 28.6087
137.1507 28.3991
130.5210 30.1426
136.3266 32.6679
137.4238 34.3356
130.6488 30.0987
128.1764 28.1407
135.3173 32.7601
132.5473 30.2497
131.7755 29.6951
138.1955 29.1939
137.5622 30.3340
137.1952 30.1872
137.8838 28.6390
133.1322 30.2652
134.9340 29.1374
137.7061 28.4822
130.9096 29.8544
136.3274 31.1398
131.5166 29.6619
135.5138 32.6082
136.3753 33.5124
135.8620 32.5418
135.8810 32.0739
138.1156 30.2806
136.0621 29.4293
132.4385 30.2017
135.7754 32.9291
136.3107 30.9771
137.7332 30.2881
137.3398 29.8866
132.9449 29.7710
135.4911 29.3489
135.5898 33.0400
135.1768 31.9656
136.2016 29.4873
138.0965 29.5154
138.0213 28.9636
127.9911 27.4422
134.3572 30.0456
135.3240 32.9260
135.9855 31.5962
135.4628 29.7771
128.2685 28.4494
138.0083 29.2241
136.0870 31.7048
136.1053 29.1759
130.8905 29.4125
132.2286 32.4496
138.1502 28.7729
137.0034 30.2120
132.8121 31.1819
129.0222 29.4114
136.9402 30.9381
138.0575 29.5876
132.9213 30.9901
135.5927 30.5565
135.9364 29.1577
137.8419 30.2541
131.9004 30.1202
128.0978 28.4549
137.1290 28.5588
133.0244 32.6764
137.0507 30.6864
128.2745 28.5192
137.5818 30.6668
136.5387 28.3940
131.7936 29.7928
138.6912 29.7245
137.4183 30.0918
136.8199 31.1507
136.2261 31.8160
136.9294 28.5875
138.0270 30.5044
136.7450 28.5604
136.4980 28.3306
138.2610 28.8873
135.6555 32.0892
134.7059 31.9235
136.0057 29.1451
137.0872 34.0238
136.1918 29.0507
136.6581 28.5507
135.9195 29.0900
136.5004 30.5010
137.5025 30.1944
138.5700 30.0638
137.7402 30.0633
136.9516 28.5171
135.2416 29.8841
127.9212 27.6549
138.2658 28.9385
136.0012 33.2068
132.7424 30.6425
138.5172 29.2704
128.1208 28.4780
136.2272 29.5815
135.4368 28.9490
137.3052 34.2528
136.9932 28.6556
137.1944 28.7205
135.9252 29.5158
135.5507 32.1937
135.8075 29.1275
138.5269 30.2047
128.1133 29.0382
138.1991 28.8462
135.9459 28.7883
135.8447 31.8933
129.1379 27.6910
132.0514 29.5288
136.1051 31.3588
131.5264 29.7513
135.5328 32.4317
138.5440 29.9505
135.3636 33.1330
137.5393 28.5924
131.3929 29.7826
138.5667 30.1131
137.2686 34.0617
138.2422 30.3694
137.5970 28.6059
137.9213 30.2592
131.3206 29.5744
135.3848 33.3734
137.1288 34.0990
137.0684 30.0652
138.6388 29.6870
138.6624 29.3617
137.7443 29.6709
137.5910 28.4755
129.2525 29.6957
128.7223 28.2930
135.3802 30.5943
137.2881 29.6870
137.2782 34.2547
136.1041 31.9798
136.6256 28.7364
136.5768 28.8548
136.0210 28.8683
136.4749 30.6967
138.5925 33.4267
138.7202 29.9732
139.5352 33.2322
136.5989 28.6529
137.9891 28.9728
137.9882 28.9675
135.7564 30.9402
139.0104 34.4701
139.8637 34.2249
135.7212 30.4156
136.1080 29.0338
135.6485 28.1672
135.7913 33.0912
138.7760 29.9104
137.4214 28.4138
137.0320 30.0687
131.3988 30.7094
135.3802 32.3180
130.7766 29.4819
135.7820 32.1722
136.0143 33.2885
138.5683 29.3595
135.6162 32.7861
135.3529 32.9829
137.1566 28.5556
137.3755 28.5055
138.0901 28.7890
135.7903 30.6102
132.3488 31.2317
137.8775 30.7441
137.5433 30.8632
138.6505 29.5055
138.0361 29.3139
136.6660 33.6621
132.8225 30.7535
137.9721 28.7205
136.2011 29.5803
138.3307 30.2535
131.6880 29.9408
137.7103 30.4523
137.9387 29.7209
127.7768 28.3626
129.6610 27.5918
127.9827 28.5567
138.3118 28.9195
136.4663 28.9138
135.7610 32.7961
138.0739 28.6716
137.3443 29.3459
129.9669 29.1807
128.0834 28.7108
135.0466 32.8512
129.6170 27.8052
138.1194 28.9139
137.0320 28.4683
137.4881 29.5726
137.5850 30.4330
140.0757 34.0864
135.7321 30.6544
131.6720 29.6299
136.0265 32.2188
135.7670 28.3221
133.8446 31.5614
137.0263 30.3101
135.9689 32.1629
137.2015 28.6264
138.6430 33.5476
136.6522 28.5079
137.3795 29.6123
136.1369 31.9009
137.0620 28.3931
136.1752 29.0429
138.6416 29.7171
129.9442 29.2210
131.5642 29.7505
135.6966 32.1178
129.4473 27.7051
132.6837 30.8856
129.9794 27.6919
138.7398 29.3434
137.4727 30.4701
128.3300 28.2599
135.4735 33.0058
136.4510 33.6289
136.0755 29.3816
135.0381 32.7639
138.3767 29.0072
136.1246 31.4013
136.1962 31.2591
138.6087 30.0741
135.3695 32.3794
137.4734 29.6971
137.5089 29.7035
138.1258 28.8326
138.4535 30.2602
138.5598 29.7776
137.9953 34.4083
135.5153 32.3844
139.7060 33.5529
139.9006 34.2123
135.1431 32.5140
138.1676 30.5194
134.8335 33.1439
137.5640 29.8922
138.9449 34.4555
139.9282 34.1990
134.9524 33.2837
138.5773 29.8208
136.4518 30.7490
137.5566 29.9146
135.1686 32.8647
134.8972 32.9163
139.2199 34.0932
136.5732 30.5385
134.9102 32.9460
138.4490 30.1832
135.1755 33.0199
136.0406 33.3242
138.4277 29.0561
138.3447 33.7124
135.2223 32.6773
139.1010 34.5219
134.9094 32.8120
136.3435 30.9894
135.2922 32.9788
135.2175 33.0402
139.9913 34.1701
135.3741 33.1902
127.9832 27.8755
134.9979 32.9772
134.9848 33.3770
134.9414 32.8158
136.2512 31.1996
135.4122 32.4662
138.4288 29.9189
135.1415 32.7434
136.2488 31.8369
134.8688 33.2361
137.7195 29.1224
136.2067 33.4141
135.0439 33.1362
134.9369 32.9362
134.7917 33.0511
135.8016 32.5894
137.0452 30.0174
135.1737 33.1615
135.1550 32.6431
134.9046 33.0488
134.9851 32.9889
138.1462 30.3870
135.9247 33.1876
135.1742 32.9043
136.7625 30.4354
136.0170 31.6696
138.0379 29.1913
135.1401 33.0460
136.2453 31.1136
135.4352 33.0688
134.9793 33.0607
139.4468 33.9929
137.8802 30.5932
135.1288 32.7145
136.2372 31.1864
136.2157 31.3408
135.2978 32.4216
138.4560 29.0961
135.1648 33.1073
135.8640 31.8528
135.4664 33.3811
138.0792 29.1028
135.0170 32.8671
135.6321 30.7652
135.1284 32.5518
135.8612 32.4164
135.1308 33.1843
135.2489 32.6173
136.0919 31.4611
135.0013 32.6596
136.7319 33.7483
135.7703 33.1686
136.5669 33.6578
135.4508 32.3336
137.5114 29.6027
137.2369 31.0318
134.9176 32.7748
135.1773 33.2594
136.8246 31.1861
136.1207 31.4193
135.0131 33.1855
137.1744 29.9194
135.1403 33.1938
135.6369 32.1152
138.0564 29.8379
136.0419 31.6408
138.6827 29.5704
136.1367 31.4425
134.8844 32.9231
138.2319 28.8857
138.7480 29.7520
138.7471 29.6222
135.5226 31.7597
137.2240 29.9356
138.1749 30.5882
135.1718 32.9385
138.5595 29.9621
140.0517 34.0213
136.5452 30.6635
135.3605 32.3603
129.6415 27.0327
134.0902 29.1890
135.9470 32.7273
134.4057 29.3318
135.1178 30.0519
127.4852 27.7276
129.0521 27.2963
130.9287 29.3766
135.2242 33.0631
137.5921 30.6916
138.8314 29.9113
134.6487 29.3735
138.1803 29.7348
137.8808 29.2366
138.3801 29.6553
134.9510 29.3008
137.7893 34.2351
135.0942 29.5185
136.4986 29.4389
135.8225 32.8234
133.7126 28.9021
137.8114 30.0082
131.3605 29.5700
138.1381 29.5401
131.5153 29.6714
138.6622 29.9140
135.2148 32.6372
137.4476 34.1305
137.8246 29.8363
138.6274 29.9109
136.1325 29.0727
131.4079 29.4122
136.9115 30.8192
131.9889 29.9636
137.2567 28.1969
138.3047 30.0927
135.7945 27.8643
134.4227 30.2604
127.8242 27.5925
131.2173 29.6051
135.9128 32.1511
133.6638 32.6384
139.9220 34.0912
137.3268 30.0934
134.6977 29.3685
136.1925 33.1523
136.5800 30.6317
138.1049 29.3173
135.4937 30.1148
137.3116 28.8133
135.8650 32.8684
137.7892 30.6261
137.1803 28.6887
138.1055 29.4505
138.1053 29.7202
139.6932 34.4668
137.3570 34.0288
137.5389 28.5048
135.7660 32.0224
134.0959 29.2186
138.2080 29.4495
134.8048 30.0630
138.1486 29.5221
138.0402 30.5078
135.4619 30.4680
138.3822 30.0887
136.1378 32.5494
137.9268 29.6535
131.5186 29.7896
138.1477 29.5121
137.2279 28.9029
131.4087 29.4343
136.3008 33.5903
138.2761 29.4755
138.2113 29.7923
135.6570 33.0138
137.0346 30.3424
137.2012 30.3770
138.0938 29.4481
137.7087 29.9301
138.2990 29.0455
135.3571 32.8238
137.2060 28.6499
138.5012 29.2554
135.4924 32.3332
134.9364 32.9951
137.4533 34.2718
138.0912 29.4805
138.1189 29.4583
135.8201 29.6835
137.6304 28.4361
132.2315 30.0864
136.8463 30.0283
136.3189 28.7116
134.6102 29.2590
139.1375 33.5232
136.2515 33.5054
138.5624 29.4728
138.1013 29.4565
130.9712 28.3500
137.9028 29.6974
133.0824 27.9987
135.3286 29.8205
131.6740 29.7301
130.8874 29.4114
132.8146 27.7819
138.0761 29.2352
137.2322 30.5418
136.4039 33.8355
138.0276 30.2171
138.2564 30.2983
136.2478 31.3444
138.1000 30.0390
138.5056 29.8844
136.8723 30.8045
136.6585 30.4323
138.1249 30.1374
135.8021 32.5422
137.5876 30.9484
138.0445 29.6239
137.5434 30.5611
137.6572 29.8654
136.8226 31.0964
137.6879 30.8694
136.0569 33.3417
138.1576 29.2005
136.9940 31.1354
135.1936 33.2091
137.6766 30.5507
138.6682 29.5935
138.3147 30.3479
135.0658 32.8310
135.4624 32.9670
138.2799 30.3501
138.7999 30.0500
138.0167 30.3910
137.4624 34.2336
138.3447 30.1480
135.0689 32.8154
138.2639 30.0457
135.1840 32.5996
138.2035 30.3814
135.6556 32.3109
137.5968 30.5514
135.6267 32.4881
136.8026 31.1322
134.9282 32.8855
137.8048 30.4960
135.4736 32.9843
136.9215 31.1674
137.9984 29.3895
138.4100 29.9033
137.7314 29.8517
134.7904 33.2084
135.3038 32.6993
138.2035 30.2607
136.7496 33.5492
137.5667 30.5093
139.1924 33.9802
138.4949 29.8925
135.5495 32.4037
135.8453 31.9959
137.7323 34.2951
137.9692 29.7493
136.1315 33.1606
138.1534 29.7671
137.6822 30.5044
136.9852 30.6772
137.6333 30.5386
135.8136 33.1048
136.9381 30.7404
139.3622 34.5576
137.5778 30.1037
135.5783 32.4804
138.2093 30.2406
137.4272 30.2463
137.7686 30.8292
135.1704 33.2178
138.3247 29.8146
137.2864 30.3585
135.3154 32.6760
138.3055 30.1001
137.6674 29.8054
137.3166 30.7333
137.0955 31.1229
136.2229 31.3861
138.0457 30.3997
138.0382 30.1964
136.7768 31.1743
137.9281 30.5217
135.4100 32.9185
137.6398 30.5602
135.8958 32.2140
138.3769 30.0399
138.3163 30.1783
137.8136 30.5096
137.7176 29.9276
135.0119 33.0701
138.4832 29.9207
136.3247 31.4270
138.2799 30.4918
136.2063 31.3771
138.0634 30.0855
138.1050 30.3298
135.3030 32.9681
138.0863 30.3424
137.9332 29.4539
138.2646 30.1899
135.0255 33.1259
137.0063 31.1244
137.9874 34.3420
135.9381 32.3588
138.1740 30.3087
138.2055 30.2159
137.8203 29.5377
138.0952 30.3704
135.7053 32.1200
137.8691 30.5590
138.3750 30.1042
140.0809 33.4620
138.4476 30.0252
135.8757 32.4027
137.5887 30.6196
138.2851 34.3115
136.1729 33.8626
137.8772 30.5584
137.3880 30.7630
137.5705 30.5993
136.7921 33.7563
136.4644 30.7351
136.7709 31.1547
139.2672 34.1197
138.4021 30.0014
134.9459 33.1559
134.7554 32.9652
135.1706 33.0807
138.2775 30.0130
135.6412 33.3968
138.2345 30.0789
137.6526 30.4600
138.3950 30.1356
139.1914 33.9893
138.1845 30.3043
135.3341 32.6898
137.9172 29.8957
135.5630 32.3629
138.2701 30.1843
136.8959 30.3833
138.3100 30.1859
138.4698 34.2224
138.0817 29.9824
135.8883 32.1262
136.9242 29.8729
127.3021 27.2265
137.0181 29.8601
137.3563 34.3640
138.4369 30.0361
138.1581 29.3824
138.0715 30.3519
135.7919 29.5183
136.8331 33.5675
134.6158 30.9024
137.9207 29.1397
136.9124 28.4979
132.4665 30.3003
132.3698 32.4834
132.4729 30.2736
138.3928 29.8428
138.8279 29.7128
136.0203 32.6418
135.9864 28.5864
132.8219 30.6375
137.3656 29.5962
137.6110 28.7564
132.2164 30.1623
136.7514 33.6593
135.1357 29.1487
132.5429 30.6739
131.5591 30.7088
137.4052 28.8261
128.1318 29.2897
134.5712 29.7827
135.4484 27.4103
135.1657 32.7583
129.6268 31.4442
135.8984 28.9083
137.5246 28.6283
128.2213 27.6888
135.1023 32.8863
127.7990 27.7636
134.4078 29.7883
127.1463 30.0695
135.5481 27.6109
138.3995 29.2796
134.0006 28.9895
136.0908 31.8510
131.8823 30.2322
136.1282 28.5982
132.5133 31.6323
138.2077 29.2239
136.2169 31.3551
137.4028 28.7741
136.7661 30.4491
128.3599 27.8767
136.7437 30.0710
132.3719 30.4608
138.3060 29.6023
131.9705 30.3505
136.7090 32.6567
135.5280 32.3911
132.1112 30.1203
135.5539 29.2560
136.5491 32.8005
137.2324 29.7988
136.8081 29.1667
135.7582 29.7573
132.9670 30.9625
135.7901 32.3716
132.9254 27.4448
129.1769 28.6104
136.1257 29.6302
135.5979 32.2297
137.7519 29.0026
132.4656 27.4854
129.4063 28.7254
132.2107 31.2110
131.4493 29.2005
131.8020 30.4259
138.6186 29.9975
135.3703 33.0044
132.7633 31.3449
134.6634 31.2326
138.5822 33.5312
138.0121 29.4719
134.8613 27.9195
134.9261 28.7718
132.6449 29.4950
135.8036 29.5244
138.3497 29.8688
134.2791 32.4867
131.8380 31.4144
132.3073 31.2349
136.7305 28.8187
131.9227 27.0791
130.7853 27.8437
136.4411 29.1177
131.5959 30.8018
133.6430 30.1529
132.7028 31.4068
138.0544 29.6779
135.6598 32.1670
137.3803 29.2949
136.6994 27.8647
131.0139 29.4667
132.6582 28.1930
137.2996 31.8937
135.9414 27.8214
131.2150 29.5391
133.0392 28.4567
128.4214 30.0576
137.1409 28.6187
136.2583 30.0936
135.9612 27.6989
135.1528 32.6353
131.3188 30.4009
137.8150 30.1702
133.8874 27.5185
136.7887 29.5527
129.0441 27.7327
136.6342 28.1580
132.2607 27.1468
131.3735 30.0049
137.9546 28.7569
133.3463 28.2823
136.9634 28.1562
137.0105 29.7283
136.0022 28.7519
136.5974 29.3333
136.9969 29.2042
135.9578 28.6645
134.1088 30.3320
137.9728 29.2584
137.4709 29.6453
135.6223 33.2601
131.7635 28.4974
132.2844 27.2718
132.0415 30.6448
135.2717 28.3515
136.9719 29.2760
137.6427 28.7345
131.3966 30.9633
133.7704 27.6133
133.9264 29.0448
134.3484 29.2294
136.0504 27.5385
136.3187 28.6718
134.2787 30.5097
136.5386 28.0510
136.9871 28.8382
136.0274 28.2817
135.0182 26.7419
136.2917 28.8979
131.7591 30.0968
129.4157 27.2530
137.3557 30.5067
136.7589 28.3723
131.3406 29.5314
135.5273 30.4357
138.6283 29.2960
135.6154 29.7547
127.7371 28.2530
128.8221 28.2268
131.2689 29.6479
135.7329 31.5881
139.1093 32.7979
135.2548 33.0184
137.9666 30.1153
139.0917 33.6069
136.0192 32.2336
135.5315 28.6843
135.6200 32.5545
131.7160 27.5216
134.4115 29.2052
135.4509 31.6534
137.8341 30.6465
127.8913 28.3539
137.6139 28.6848
137.6687 28.7985
135.7237 28.5436
135.7090 32.0417
136.2667 28.8837
135.2143 32.5486
128.1275 28.6365
137.1620 33.9035
134.6950 31.9466
138.5145 29.8995
138.1799 29.4820
127.9433 27.9439
135.2854 32.9424
132.0875 30.2776
138.0149 30.4599
132.8122 30.5763
135.8006 32.4263
133.6393 30.6376
137.8105 28.8140
137.9664 29.7997
131.1431 30.5202
136.0577 32.4583
137.9753 34.0996
136.9460 28.6343
131.8154 29.7839
138.3653 29.5744
138.7689 29.3173
135.4703 31.6323
136.6558 30.4050
138.1323 29.7743
136.0892 29.0351
136.8807 28.6503
131.7690 29.5766
135.5655 29.5013
138.2169 28.9686
136.9646 30.2935
136.0800 32.8384
136.2225 28.7561
133.2691 31.6494
131.0142 29.5370
138.5317 29.8395
137.1972 29.7348
131.8931 29.8066
138.0788 29.5208
137.8627 29.0511
135.1146 32.7754
137.8100 28.9346
135.0137 30.7681
138.7010 29.9143
137.6681 29.7304
137.6981 30.5892
137.9776 29.3305
138.3677 33.7003
133.0435 30.9972
138.4411 29.5344
136.9872 28.6308
136.9936 28.5468
137.3386 28.5323
138.0029 30.1751
136.0976 33.1338
137.6734 30.7558
126.3194 31.1371
136.1474 31.2939
139.0557 34.5767
135.3808 32.6322
135.6217 33.0487
135.0049 29.4713
138.4396 29.0125
128.2702 29.2098
135.1158 32.1819
136.2213 29.2704
135.5841 32.7811
132.5503 31.0388
137.1237 28.7781
135.9510 29.0131
127.7834 29.0807
134.4601 30.1932
134.5558 30.1011
128.4774 27.5827
136.0142 28.6926
129.5059 29.6281
137.8022 29.0444
131.5897 29.9859
135.7089 32.3267
138.1592 28.7449
137.2210 28.7223
128.4629 29.2762
134.9048 31.5648
135.3659 29.4593
134.3069 30.3323
132.7319 31.6286
137.7548 29.1780
137.7453 28.8470
132.7594 30.6970
131.2283 29.9328
138.6868 29.4244
132.6339 31.2934
127.6175 27.8262
129.6608 28.2944
134.6320 30.0473
138.5721 29.7192
138.1126 29.0338
134.0851 32.6791
138.4457 29.8146
135.2404 29.5258
135.9872 29.4251
137.8011 28.6967
137.9941 29.5569
135.9707 28.9170
130.0159 29.9125
137.5235 29.2990
138.3297 29.5093
133.2943 28.5001
131.1919 29.5842
135.8551 28.7925
135.0752 29.7714
127.7104 27.9624
131.4557 29.8855
134.4679 32.0108
130.9963 30.2801
135.6846 32.6508
127.7170 28.0634
132.7172 31.1828
138.0691 29.8560
138.0657 29.0878
138.1832 29.5328
135.9983 28.4678
138.0313 29.6106
132.5355 30.9286
137.7611 30.1545
137.8709 28.8742
136.0321 32.1422
135.6630 29.7785
138.1470 29.8817
138.3417 29.3798
133.0642 30.9327
138.1729 28.9252
131.7877 29.8355
136.1605 28.9400
136.8965 28.3292
135.6857 28.8294
129.5914 27.6201
132.5372 30.3512
138.0230 29.7449
134.8777 29.9641
139.4930 33.4073
137.6580 29.0461
134.7173 30.1470
138.0098 29.4882
129.2480 27.5342
135.3769 32.6967
136.2993 28.8213
132.7298 30.8176
135.6779 28.4221
136.1440 29.5619
138.6339 33.4437
138.6011 29.8581
138.1358 30.1017
139.6315 33.3701
139.9451 34.2477
137.4420 34.2568
135.5756 32.2017
130.8277 29.8193
135.3799 32.8182
139.8608 33.6983
135.6105 32.4136
136.2477 31.7594
134.7865 30.6185
141.0714 33.7014
138.0283 29.9749
136.7796 33.7630
136.1012 31.6284
136.1082 31.9381
131.1117 29.5632
137.7475 34.3221
139.1844 33.6342
135.1613 32.6545
137.5871 28.6607
138.1089 33.7452
137.9388 30.5236
137.6476 29.6607
136.9076 33.8907
138.6023 29.9554
135.9237 33.4830
136.1917 29.4697
137.2890 30.2976
137.1253 33.6500
136.5614 32.1322
136.2063 29.1996
136.8897 34.0262
137.9405 29.7359
137.4269 28.6642
137.9096 29.3615
131.6326 29.7611
139.2523 33.8706
138.5339 34.3626
136.2742 33.3193
138.5331 33.9842
137.0551 31.1704
138.5436 29.7511
138.0008 28.9769
139.0051 32.9019
131.2224 29.8892
134.8138 32.6799
135.0380 32.6382
135.8962 33.3526
127.1130 33.0608
137.3508 30.0820
137.5210 33.8960
135.9928 30.3673
133.0194 27.4979
136.1893 33.9195
137.6972 34.1925
134.9747 30.0994
137.3745 34.1720
136.0284 32.6192
136.1318 32.0317
138.6624 29.9188
141.4045 33.4919
140.0606 33.5259
125.2227 32.3857
141.3143 33.9310
138.3022 30.4719
138.1478 34.1882
137.4494 31.0401
137.0714 31.1215
138.3382 29.5842
135.4219 32.6291
137.5248 33.6515
137.0406 31.0605
135.1664 32.9121
132.6213 31.8996
131.9429 31.4721
138.2483 29.1474
141.2293 33.8289
131.1381 30.1991
136.2691 33.6391
136.7985 31.1982
135.1085 32.9380
128.6929 34.0539
137.6420 28.6643
138.3099 28.9831
138.8571 29.6958
137.5994 30.8673
138.0531 29.6616
135.0919 32.6968
136.0549 32.1141
137.4190 30.5743
135.7489 32.3526
137.5654 34.3825
136.3252 31.1385
130.2447 28.4589
137.3138 34.3011
134.6828 32.9085
143.0201 34.2915
138.6285 29.4306
137.8689 30.6065
136.7481 34.0891
135.8755 33.4053
135.5927 31.2289
141.9765 35.5315
138.7056 29.9402
135.9770 33.2357
136.0923 32.2388
136.7844 29.8037
137.5263 29.9104
137.8988 30.3171
130.9218 29.3598
136.6608 29.5148
137.1824 29.4649
141.8572 34.6601
128.6015 29.0689
135.3633 32.4342
132.3509 29.5911
135.4636 29.6705
137.3636 34.2568
131.2150 29.7160
130.8927 29.2863
131.6264 29.5328
135.1628 32.4633
128.1147 28.7291
136.1030 29.4011
131.7219 29.6910
131.8203 29.9161
132.8979 30.6902
131.6308 29.7947
138.2487 29.7836
132.0939 30.0803
138.5255 30.0590
135.8318 31.8978
138.7918 33.4330
131.1575 29.4754
132.1168 29.9930
134.2349 31.4999
132.6888 30.5224
135.1831 33.3032
132.5002 30.3076
134.8182 32.8612
131.3240 29.6162
130.9333 29.7229
139.8127 33.6763
134.7180 31.7872
135.0376 32.7824
137.8349 29.3692
131.4987 29.5265
135.5638 28.5680
135.4749 33.0682
137.9124 29.0233
136.0920 29.2328
135.8419 32.0287
135.1931 32.5660
130.8418 29.5664
133.2198 28.0959
136.2286 29.5094
132.9738 31.1147
130.9277 29.7118
134.8887 32.4201
136.1615 29.1441
130.9956 29.9975
130.0989 28.0885
136.1294 29.7198
138.6975 29.8395
131.2056 29.5080
131.4842 29.5996
136.2524 31.1699
135.5160 32.3391
135.4639 32.4166
135.2987 32.6187
130.9160 29.3171
137.1247 29.9909
128.9945 28.9047
131.5200 29.6427
136.3459 28.8738
136.1995 29.4924
138.0343 29.1330
131.4411 29.6645
131.2566 29.3888
136.2363 29.4567
135.2500 32.9958
135.8922 32.2030
135.8688 32.2678
132.0247 29.9958
136.1733 29.0212
135.2125 32.4762
131.4518 29.6057
138.3166 30.1288
138.7063 29.4688
132.2825 30.1615
135.4927 32.4737
135.2008 33.1065
134.5204 30.0400
132.8223 31.0836
135.3667 32.3719
136.5107 29.4795
136.3635 29.2409
139.4628 33.5680
137.9430 28.9818
137.8324 29.2918
136.4316 28.9822
132.8476 30.7152
134.5019 30.1264
134.7801 29.0839
135.4133 29.8230
136.1158 31.4350
134.9092 33.2230
136.0406 31.5311
135.8552 30.4971
136.1013 29.1161
135.9966 31.5862
136.5875 28.7515
136.3166 29.3021
138.6041 29.7438
136.1646 33.3843
131.4951 29.5931
136.6994 30.4423
131.1126 29.5004
136.0092 29.0286
139.3609 33.1368
135.8103 32.0238
136.3428 28.9245
135.7190 29.7058
138.7357 34.4168
130.9586 29.4017
131.9984 29.9011
131.8795 29.8094
131.9312 29.9481
136.1695 28.8505
134.6797 29.2532
136.0313 29.0868
129.3184 27.6364
129.3092 27.6934
138.5091 30.1218
138.3698 30.3060
137.8584 29.8869
138.2216 29.0579
136.6747 28.3780
135.9728 29.4595
134.5490 32.0830
127.6683 27.7252
137.7410 29.4204
136.1533 31.6125
131.4102 29.3590
136.0143 29.0387
134.4711 29.9973
134.2453 32.7263
137.8255 28.6932
134.8443 27.5331
136.1036 29.1601
133.6349 32.2098
135.5793 31.0172
136.7855 28.4519
137.6515 34.3137
137.4689 28.9300
138.0738 29.3125
134.7229 32.4828
132.9109 30.8232
127.9342 28.8088
135.9015 32.9896
127.9073 27.3254
136.8245 28.7927
134.5367 30.3541
138.1480 28.8692
132.5674 30.5294
127.6407 28.0261
132.7025 31.2506
134.9013 28.9005
138.3703 29.5273
129.9133 28.0274
138.1020 29.4030
136.8735 28.4988
127.6589 27.5845
134.6887 29.2419
137.6253 29.6508
137.0503 28.6485
135.2730 29.9827
136.0723 29.4316
135.0026 29.5081
138.0313 28.9401
135.7168 29.7929
135.0579 29.8247
134.5388 30.1647
132.0193 29.9948
135.2477 29.5747
133.0565 31.7403
138.5433 29.1849
137.0000 28.3078
134.7913 29.9370
127.9323 29.1970
129.4940 27.2661
137.3233 29.3854
135.6615 28.6792
127.8803 27.5667
131.5051 27.6855
133.2373 29.0790
135.2042 32.0943
135.6628 30.3242
137.9396 29.6202
135.3007 29.8881
135.4596 29.1471
138.0595 29.3974
138.0067 28.8683
132.5363 29.5608
134.8988 30.3925
132.2895 29.9840
138.2345 29.0806
137.5981 30.8358
137.1717 29.6466
136.1275 28.6791
135.5792 32.4058
138.5782 30.1793
135.4342 33.0018
135.5041 32.6957
135.1968 32.6816
138.1095 29.1596
137.9852 29.3836
134.8749 32.3095
132.0594 32.4586
131.8336 30.0469
131.7893 29.7166
136.7415 29.3188
137.8713 28.6450
138.7139 29.9011
135.6093 32.8804
133.1547 32.1170
135.0892 29.9024
137.4180 28.5735
136.9702 28.4135
136.4140 28.9189
134.7818 33.1962
136.1822 30.9974
129.0122 28.4579
138.1421 28.7424
131.4659 29.7451
138.6463 33.5652
134.6329 29.4420
135.7994 32.0207
136.1588 28.8402
135.6579 32.9350
135.6447 29.6335
137.3429 30.6602
131.7037 29.7449
132.8190 30.5318
135.6692 31.1284
135.8821 28.5828
137.5771 29.5467
139.0764 33.1803
139.7344 34.4333
136.0261 29.1358
131.2930 29.7197
131.3780 29.4959
135.1927 32.5672
134.7948 29.9962
135.2229 29.4388
135.4312 32.4186
131.8526 29.9531
132.2823 30.2167
131.0205 30.0487
135.3742 32.8984
134.9718 32.8367
133.0167 31.1502
135.4738 30.4163
131.1412 29.9509
137.9915 29.5402
136.1528 31.5573
135.4143 29.5811
137.4262 30.4710
136.4955 33.6885
135.7669 32.1551
131.1523 29.7516
137.6633 30.2246
132.6886 30.8280
132.8804 31.1952
135.3435 29.7725
138.0748 28.7790
132.6975 30.9562
136.2858 30.9309
135.6970 32.9233
135.8954 29.6038
137.6399 29.4185
137.5663 30.1335
133.4853 29.8365
135.4342 32.2785
135.9829 29.0079
137.4560 29.2951
128.1764 27.7606
131.6132 29.6691
138.4337 29.0436
131.2120 29.3536
131.2735 30.3998
136.4143 28.4604
132.9687 30.9659
133.8578 29.0402
138.2330 30.1432
135.4623 27.7888
135.4085 31.9311
137.7752 29.0965
135.4851 31.4783
131.1866 29.3888
138.5370 29.3621
137.3864 29.9133
135.8324 29.4080
138.6207 29.9567
136.1181 31.5621
135.4689 32.2677
136.8407 30.3759
136.3493 28.4689
132.7401 30.4332
135.0700 33.0857
135.5387 29.7694
136.0526 31.5084
135.5843 32.7770
136.7109 33.7538
136.6863 30.4590
132.9196 30.8363
132.8621 30.5335
129.4848 28.1115
131.3056 29.3930
131.2616 30.5497
136.0625 29.2940
136.1221 28.5612
131.2154 29.6150
137.9292 29.7329
131.7370 29.9133
132.2399 29.8792
132.5674 30.1716
139.4303 33.4370
136.3271 31.2517
136.8123 28.5893
135.9902 27.9426
132.7480 31.5484
137.1399 30.7881
136.0780 28.7979
138.7348 29.2777
136.8656 30.3799
137.5992 30.5995
135.6269 32.2349
130.2139 28.2422
132.9512 31.2564
138.0186 29.9999
126.7887 30.7101
127.8518 27.8569
127.8893 28.8936
132.9838 27.8450
137.9886 30.1148
129.3735 27.3749
135.3457 29.7212
138.5175 29.9230
128.5460 28.7703
138.6645 29.9848
134.8754 28.8506
135.2448 31.8301
135.6330 29.1495
138.4116 30.0350
135.0021 30.5041
136.0507 33.3999
127.5565 27.7913
127.9445 28.1905
132.6653 30.5509
135.8758 28.6636
136.4832 30.8578
132.6740 30.2168
134.6111 32.4543
128.0076 27.4406
134.8056 31.0623
138.5639 30.1220
131.4444 29.1615
138.4388 30.0424
135.8636 29.4189
135.4220 29.5992
137.9983 28.8919
137.2394 30.1013
138.2446 28.9761
136.0386 31.9089
138.5714 29.5481
134.1322 30.6574
132.7803 32.1156
132.7371 29.8623
137.3343 30.0039
136.4713 28.4651
134.4368 29.9893
129.2489 27.6749
135.6399 32.2484
128.5372 28.2468
137.0990 28.7448
135.8404 28.0603
132.1002 30.4009
138.6264 29.2745
135.4139 32.4407
134.7290 29.8552
135.4359 32.7257
135.6465 32.6597
130.1442 27.9725
137.5908 28.5615
137.7338 29.5950
136.9764 29.9881
132.6272 32.5665
134.9563 29.9750
138.2206 30.0072
134.9605 29.9912
128.4504 28.9946
138.5388 29.5169
129.7430 27.8837
132.6970 30.5731
137.3248 28.7935
134.5099 29.4624
134.6193 32.4461
137.2527 30.4693
135.7631 28.9895
132.9493 31.4273
136.0587 29.3940
137.3827 28.9458
132.1214 30.3661
132.8366 30.5337
138.1797 29.0200
138.3456 30.2064
136.8369 28.5552
138.2544 29.4890
135.9803 29.0791
134.7909 30.5776
130.2104 28.6962
138.2334 29.1782
134.8890 32.0146
138.1555 29.9805
135.8382 29.1008
138.0726 28.9676
135.4141 32.6538
134.8201 28.1348
137.5787 29.1086
131.4620 30.3996
132.5510 30.6446
127.5169 27.4637
132.3563 31.2595
134.1803 30.1197
132.7211 30.3689
137.7452 30.3282
137.0110 29.2774
135.6064 32.5559
137.3703 28.3749
136.4115 28.1453
134.3373 29.1895
135.5739 29.3907
138.2090 29.8498
135.9687 32.8277
132.8740 30.6590
131.4372 27.5800
135.6786 28.5731
135.6880 29.0347
138.8110 29.7849
134.8753 27.0271
134.6695 29.0373
137.2290 30.1943
132.4481 30.4664
137.7962 30.5060
137.7392 29.7182
135.7285 32.3930
135.7223 33.1567
136.3321 28.5669
137.5078 29.8417
136.8181 29.0585
135.5562 32.6768
137.7585 29.1938
135.7644 29.0243
134.2167 29.5431
135.7773 29.1430
134.6086 30.3303
135.6146 32.4630
129.7738 29.3929
132.2861 30.1412
136.8701 28.5161
134.6566 30.9930
137.5064 29.8039
134.3876 31.9534
136.0922 28.5530
135.6482 32.7169
132.5585 30.7747
134.5912 29.0011
135.1104 33.1281
137.9450 29.0527
136.2895 30.9610
131.8459 30.9391
138.6944 30.0616
138.5482 29.1380
136.0431 31.4980
138.1109 28.7694
137.3813 29.5148
132.7760 31.7723
137.9065 29.3336
134.4890 30.3502
132.5506 30.8523
134.3802 30.4397
137.7499 28.6104
137.6252 28.8906
135.4299 33.0673
137.6420 30.8126
135.2727 32.6945
135.1961 32.9460
136.7471 30.1477
136.1709 28.7956
136.0393 28.9313
134.6628 30.2814
135.5471 32.6346
137.4586 29.0757
135.1073 27.9784
134.6322 29.8602
131.7870 29.6128
135.9693 31.7113
138.4532 29.5532
138.3515 29.4324
131.2619 29.2033
134.8275 27.8892
136.1521 31.3130
135.7094 32.2936
138.4005 29.5832
138.6502 29.4174
134.0495 32.8200
137.5075 29.0936
132.7910 31.1544
137.3953 28.6225
135.1352 33.0333
132.8195 30.7814
132.9704 31.1739
138.0415 29.3585
132.7280 31.2869
137.2454 34.1519
137.3629 29.5510
137.3345 29.8312
132.2000 29.9162
136.8985 28.4247
131.7941 29.5540
138.3907 29.8346
137.5143 28.8207
137.7011 29.8607
132.3066 30.8037
137.7866 30.0803
137.5984 30.0922
132.8011 30.7875
137.9378 28.8128
134.2122 29.1943
138.0391 30.0727
137.7672 28.7393
136.9421 33.9350
137.6190 28.8526
131.6357 29.7316
138.3727 29.7653
135.4892 32.7848
132.6086 30.8759
132.8204 31.0267
135.4449 32.8690
138.3732 29.2842
137.5585 28.8854
138.0101 28.8227
132.9326 31.0844
137.1177 29.0770
138.1766 29.9636
132.9645 27.6598
132.3677 30.3250
138.2533 29.1940
138.0192 30.3022
137.7805 28.6954
135.3010 31.6411
138.2771 29.0862
132.9254 30.9821
138.2027 28.9332
137.6975 28.8775
134.7560 29.6988
137.1324 29.9238
133.4465 28.1471
137.2490 29.8647
137.3082 28.9864
135.8217 32.5129
138.4384 29.3605
139.0362 33.5795
138.0382 28.8679
137.4645 30.2061
137.0643 29.0041
138.5214 29.9364
135.5850 32.5713
136.7863 30.0894
138.1661 28.9530
134.3239 30.3630
134.2128 30.3885
137.8269 28.7775
135.2965 32.7691
132.0644 29.9140
134.9142 29.2952
128.7685 27.2684
132.9458 32.6683
138.1418 30.2115
136.2825 33.6042
138.1111 28.8904
137.3808 28.9312
138.4407 29.7361
137.7733 29.7827
137.3008 28.7856
132.8062 30.9726
131.6347 29.9944
132.6901 30.4158
132.6213 30.3923
135.5383 32.6207
137.6354 30.0790
137.8623 28.8321
131.7746 29.6636
132.7589 31.0405
137.3288 28.9910
137.5322 29.7738
134.4273 30.1995
138.4854 29.6936
138.1815 28.9665
138.1590 29.3015
131.8507 29.8205
138.5253 29.3870
137.3359 28.8919
137.5172 28.8058
138.1100 29.2722
138.4957 29.9137
136.6199 30.3939
138.4291 29.1682
135.8133 32.7100
137.5252 30.2383
135.4729 32.5341
138.4628 29.6635
137.3083 28.8358
132.8842 30.6802
132.5844 30.3468
138.4477 29.6126
132.3796 30.1939
132.7881 31.1368
134.1500 30.9330
132.7785 27.8066
132.9474 30.7408
138.4648 30.0311
138.4669 29.5682
138.1128 29.7474
137.6686 28.7653
138.0466 28.8838
135.9468 29.2472
137.9259 29.8565
134.4494 30.3915
138.4378 29.8358
125.6482 30.0790
136.0091 28.7464
136.9842 28.6533
136.2931 31.1998
133.5348 29.8294
137.0697 28.5213
136.8776 30.7378
132.0571 31.8704
135.2401 29.2642
137.6035 34.3193
135.6535 32.6155
135.6396 28.6381
137.2924 28.2193
137.3992 29.9233
134.1680 30.8960
136.0723 31.7938
135.7644 29.3337
135.2204 32.4860
137.0252 28.1808
135.4245 31.4340
137.3420 28.7528
128.2865 28.2536
134.2305 31.0916
135.2314 29.7258
135.4156 29.1274
127.3117 27.3218
135.1001 26.9332
132.4236 31.3410
135.9599 33.0277
137.2303 28.6929
135.4846 27.6151
138.1858 30.1680
133.4422 28.4703
135.9649 33.0861
135.8047 29.4104
135.6007 28.2857
135.5594 27.6301
135.4936 32.2401
136.3008 28.6828
132.9479 27.3720
133.3079 31.0455
133.4568 28.5057
127.5294 27.2495
128.5273 29.8367
140.3499 33.3039
136.7442 28.7260
133.9715 30.0505
135.2817 29.3751
135.8361 28.6501
135.7017 32.2264
129.7649 27.4059
131.4057 30.1401
136.5670 28.0054
133.1274 29.0198
138.1238 34.4323
136.3119 33.6533
136.9151 28.6758
137.5350 30.6844
138.1969 30.1432
134.8267 29.0890
137.0415 29.7881
138.6407 29.4437
132.2785 28.1327
134.0801 30.7004
135.1288 29.6488
131.6227 29.6688
132.1645 31.1775
130.9615 29.8137
129.1202 28.4640
136.8800 28.2677
135.2428 29.4888
135.5285 29.6971
129.9661 27.9381
131.3890 26.9586
137.3777 30.0939
137.4005 34.3143
137.2287 29.9208
137.8484 29.5340
135.9452 31.7418
137.7902 30.5372
140.2493 33.8351
135.2764 32.9251
136.2621 31.0159
134.7947 33.0585
137.9426 29.1370
138.0506 30.5362
138.2711 30.3969
135.2243 32.6503
135.9830 31.8541
135.6803 32.4121
134.8720 33.0645
134.8920 33.2131
136.7174 30.3645
135.6448 33.1392
135.9046 32.0217
136.2905 31.0492
136.1644 31.1896
135.6594 32.4054
136.1868 31.1644
135.0307 33.0892
135.0095 32.7252
135.6276 32.3532
135.0882 33.1018
137.6645 29.5523
134.8453 33.0453
135.5522 33.3097
135.9965 31.7381
137.3389 29.7592
136.4232 30.7997
137.3794 34.3267
134.8875 33.1323
136.2067 31.6495
135.3633 32.3817
135.0478 32.7805
135.0798 33.1304
135.6357 33.0728
136.8904 33.8830
135.3455 32.9823
136.9339 30.1732
135.1814 32.8942
136.8891 30.1659
134.8883 32.7916
135.9597 31.6589
135.7017 33.1615
139.4072 34.0107
137.1740 30.2692
136.0910 31.7700
135.6246 32.2466
137.1543 34.0909
135.4234 32.2964
135.3210 33.0999
139.7446 34.4402
135.4939 33.0865
135.3832 32.5096
140.1169 33.8797
136.0205 31.7859
135.2703 33.1277
136.0276 31.8349
134.9415 32.9434
137.6788 34.4049
136.5173 30.6164
136.2717 31.0374
135.1408 32.9582
135.6768 32.0622
135.9864 31.7541
138.0875 29.1733
135.5621 33.1048
138.0612 29.1147
137.2957 34.2890
137.1935 29.9686
139.2078 33.9830
135.9838 31.7091
136.0072 31.8657
134.8930 33.1271
135.3542 32.3507
137.4599 34.3639
135.1998 32.7105
139.8242 34.2971
135.1144 32.6780
135.1802 32.9066
134.9116 32.8863
135.5047 33.0570
135.1752 32.7306
136.0333 31.5328
137.5720 29.6795
139.1138 34.5535
136.5815 30.5939
135.0096 32.8934
137.7464 29.4453
135.0351 33.0123
138.1674 34.3470
135.2919 33.0634
138.0021 29.2309
136.1568 31.3440
135.9817 31.7109
137.0229 30.0715
134.9901 32.7186
135.2534 32.5460
137.9599 29.2783
135.4216 32.3009
137.6969 34.3953
135.6128 32.0682
134.9976 32.6618
134.9448 32.8355
136.6091 30.5045
140.0175 34.1438
137.4834 34.4230
137.6384 29.6132
136.9592 33.9424
136.9084 33.8864
137.1976 34.2139
137.9996 28.9919
136.0477 32.1436
134.9451 33.2167
134.9336 32.9292
134.9249 33.1875
135.0006 32.9671
134.8141 33.0177
134.9789 33.2094
137.5676 30.5694
136.0031 31.7916
138.0940 29.1347
137.7764 29.2121
136.9170 30.2139
136.3170 30.9432
134.7993 32.9705
137.4236 34.3412
135.0605 33.1274
136.6335 30.4758
135.1270 33.1471
134.8783 33.1994
135.5324 32.3034
137.7604 29.3413
134.9978 33.1011
135.2508 32.5573
135.2138 32.7809
138.1083 30.4824
136.2609 31.4799
137.9880 29.1497
135.1544 33.1229
135.5526 32.3005
135.2858 32.3812
135.5961 32.1432
136.0719 33.3577
137.7890 29.2135
134.8073 32.8420
135.2573 32.9719
135.9678 31.8327
137.4320 34.3101
134.9052 33.0842
137.4955 34.3491
136.4235 30.7907
138.0607 29.1394
135.6044 32.2736
136.3522 30.9095
137.7951 29.2164
135.5499 32.2971
137.9624 29.2233
137.1159 29.9933
135.1862 33.2924
137.7811 30.5187
137.5827 30.3946
136.2975 30.9410
135.0748 32.7501
137.1861 30.2943
135.1711 32.6989
135.2823 33.1316
138.1080 29.0838
136.8743 33.8620
135.5073 32.2452
137.6556 29.5519
138.0671 29.1409
138.1857 30.4438
136.6663 30.4459
137.0441 34.0395
137.9256 29.1767
137.7298 34.4150
134.9515 32.9345
136.0488 31.8316
137.5594 34.3693
135.8730 32.1900
135.2948 32.5226
137.3945 29.9295
135.4241 32.5998
136.1538 31.3095
135.2122 33.1264
135.2129 32.7347
135.5629 32.2394
135.9708 31.6899
135.6633 32.3789
135.1445 33.2267
137.2630 34.2302
135.9988 31.7726
136.7298 30.4947
135.3148 33.0327
136.2767 31.1559
139.1094 34.5494
138.2217 30.3004
137.3742 34.2980
135.4004 32.5499
137.8829 29.4131
136.2159 31.0936
135.0605 33.0802
137.9852 29.2399
136.7404 30.3394
136.0614 31.7782
136.1978 31.1717
134.9861 32.7490
136.6980 30.3765
134.9299 33.2120
135.6290 32.3321
136.9904 30.0815
137.6478 29.6385
135.4745 33.0386
137.0112 30.1362
137.0873 30.3674
137.9703 34.3998
136.2438 31.1289
135.5933 32.1926
134.8431 33.1831
135.6146 32.2825
134.9490 32.7595
138.0999 30.5069
137.9969 29.0410
137.6188 30.3832
134.8510 32.8485
137.7310 30.5590
137.1608 34.1525
137.9990 29.1980
136.1465 33.8598
137.5696 30.6406
136.4090 30.7277
135.3281 33.2198
136.6563 30.4895
134.8249 32.8707
134.8258 33.0031
136.7137 30.3766
134.7981 33.1861
135.5212 33.0978
135.2866 32.5071
136.0568 31.7512
134.9393 32.9999
135.1029 32.7498
134.7911 33.0306
135.0972 32.8714
135.1194 33.1071
137.9668 29.1302
137.9633 28.9719
137.3403 34.2930
137.2487 29.9003
137.7332 30.3801
137.8487 34.4073
136.0137 31.6173
137.8214 30.5241
134.9968 32.6660
137.9201 29.3167
137.8089 29.4965
134.9783 33.2056
136.8598 33.8559
138.0539 29.1273
135.8733 31.8627
136.0813 31.9852
135.0115 33.2026
135.2818 33.0502
135.6460 32.3882
134.8975 33.3522
137.2983 29.7769
138.0163 29.2162
134.7886 32.9729
135.0464 33.0049
135.6677 32.2851
135.9787 31.7086
135.4783 32.1981
135.8178 31.8940
137.2405 29.8520
136.3140 31.0698
135.4906 32.2687
137.0235 34.0183
137.2586 29.8850
136.5912 30.4476
135.6849 32.3751
134.9323 32.7765
135.6464 32.2628
136.2348 31.1517
137.2651 29.8879
136.0421 31.8246
137.5519 34.3900
137.2683 34.2637
136.2553 31.0157
136.1521 31.2479
137.4066 34.3506
136.2600 31.1148
135.1298 32.9559
135.6685 32.2893
136.9957 30.0903
135.7021 32.0313
134.9141 33.1958
134.9575 32.9878
141.3949 33.8003
141.0773 33.6555
135.6456 32.2732
134.9886 33.0883
135.0632 33.0501
136.1671 31.2993
135.0955 32.7419
137.7989 30.4936
137.2878 29.8544
134.8323 33.2450
135.6328 32.3692
137.1420 34.1463
135.0136 33.0037
137.9193 29.3614
136.4352 30.7786
136.2204 31.1878
137.8359 29.1984
136.5582 30.5804
138.2534 30.4122
136.1302 31.3696
135.2437 33.1426
135.6228 32.3060
136.1487 33.4111
137.4117 34.2926
134.8457 33.1419
134.9691 32.8955
135.9832 31.5981
135.1799 33.3449
137.8786 28.9795
135.2333 32.4981
136.5093 30.6710
136.2402 33.9083
136.9183 30.1911
137.8485 29.2100
134.9887 33.3743
136.3389 30.8962
135.1309 32.5738
136.2542 31.0266
137.8982 28.9767
139.2800 34.6936
138.0078 29.1668
136.4508 30.7396
136.0166 32.2108
136.5436 30.6907
136.1862 33.4584
138.0685 29.1362
135.6608 32.3875
135.1487 33.2978
137.4558 34.3398
137.4363 29.6463
135.0784 33.1375
135.9117 31.7766
135.2336 33.3532
137.7206 29.5701
134.8013 33.2207
135.9169 31.8661
135.0874 33.1297
135.0959 33.0968
135.9212 31.8063
134.7516 32.8973
136.1312 31.4491
134.9454 33.0225
136.3005 31.0630
135.6501 32.2829
134.7901 33.0867
136.3238 31.2461
