128.7576 25.1217
134.6135 28.9971
128.4943 24.3020
141.4689 35.4427
133.7352 28.3342
130.4054 28.1939
129.3127 25.4387
137.7246 28.2968
136.0791 25.7463
137.0331 27.3139
133.0256 27.8427
128.4055 25.7390
134.0265 32.6944
133.6241 32.0660
136.0473 28.8887
135.5325 25.9857
133.7646 29.1434
138.9166 32.5664
136.6637 26.5775
137.0301 29.6683
135.1720 25.1250
131.1499 24.1945
136.8929 28.5923
142.6088 36.7212
136.1406 32.3822
130.9903 25.2694
138.3363 26.9501
133.8822 27.5558
138.5406 27.5473
138.7436 29.9220
136.9267 28.2418
133.7073 27.5274
136.7817 27.3916
128.2020 25.7331
137.1956 30.4834
135.7420 27.4659
133.3909 30.8733
130.2590 26.3091
133.4603 25.8495
135.7732 25.7171
132.9809 31.3828
131.6805 27.3602
135.4030 26.5141
131.5267 21.5952
145.9292 34.6449
133.5004 28.3474
135.8244 29.7625
132.8289 30.2829
123.5244 20.1284
130.9206 28.3447
131.2933 24.6814
135.8376 32.8333
132.0782 29.5323
128.6290 24.5045
142.4789 35.6074
132.8006 31.1977
133.3398 29.9711
129.0468 25.6144
124.8956 20.2205
132.2507 30.0785
134.3205 25.8904
136.6295 29.9729
131.3688 28.0824
144.6452 36.3567
135.9517 26.5787
134.9025 27.9862
131.7883 24.0432
136.3744 27.2084
132.4341 26.4854
130.6820 21.4415
139.3987 27.2289
133.8989 30.5642
132.3558 30.7451
134.0605 27.7399
129.2508 27.5989
124.9241 25.5233
131.6642 20.7668
129.8065 24.4813
138.3380 28.4450
132.5317 21.7860
131.0634 25.4077
133.9656 29.3062
137.4598 28.6190
134.5948 28.7408
132.4694 23.6424
132.9830 32.2850
127.4405 29.0340
134.3587 31.0261
133.0737 24.0856
135.8613 30.7711
129.8134 26.0731
133.7428 27.1468
128.8434 22.2109
129.5604 25.3687
136.3763 26.2379
135.6022 29.2203
134.3720 32.6581
132.6844 22.0925
134.0368 31.6032
132.1886 26.1420
130.3814 20.9272
137.9270 29.2801
135.7507 30.2150
137.4451 28.3856
133.1332 24.7429
133.6275 27.6769
144.1867 36.4516
131.3299 29.1608
145.0061 33.8136
139.2221 31.9917
129.9397 26.2216
132.6205 23.0842
128.8019 27.1615
132.1574 30.4111
136.0031 26.8251
134.7342 33.1167
137.8500 29.2859
132.5944 22.9339
132.7500 24.9039
135.4337 25.7438
136.4203 28.4721
136.8131 30.5721
129.0934 25.2488
133.4459 23.9839
135.3444 27.3856
133.0580 30.9226
136.5914 27.6041
129.7556 25.4732
131.2522 21.2719
128.8845 26.0917
130.7331 29.4964
129.9931 25.7868
133.4852 32.5224
129.8778 25.3158
131.2175 28.1421
139.3550 27.5189
134.8861 25.4614
130.6092 20.4596
132.5366 22.8721
145.9500 34.6641
135.7704 25.9885
132.4002 29.7746
138.9599 34.4482
133.7578 28.1200
136.3175 27.0330
128.8009 27.1044
138.3212 29.7353
130.2877 28.2851
131.5461 28.6195
123.4663 23.4985
132.3095 28.2481
137.5147 29.5109
131.0838 24.9635
134.6532 28.4133
132.4579 27.8695
134.4783 31.3547
145.4390 38.5973
132.9527 31.3764
136.3913 28.6040
136.4727 26.6554
132.7048 27.9353
125.7690 24.8446
145.5907 34.9467
136.7846 28.5357
132.0983 27.8703
136.0031 30.1233
128.7608 27.8062
128.9105 27.0895
142.3618 36.0715
132.8239 30.7935
133.9720 30.6311
133.1398 30.8432
130.2273 24.7117
139.7184 27.0983
129.4317 26.7151
132.5162 28.3198
134.7227 28.9482
134.8610 27.1237
132.4316 31.2791
125.0674 23.0471
135.5547 27.5037
131.5307 25.5613
139.1209 27.6215
134.8512 25.9221
135.2225 25.8827
131.2744 29.2995
136.9822 32.2169
133.9790 29.9381
138.5469 32.1784
134.1050 27.7806
135.2389 27.7212
132.3459 30.5757
136.8826 26.5015
136.0164 25.6220
133.9354 29.0244
134.9454 29.2714
136.1238 27.2270
137.6579 28.3983
131.9866 24.5279
122.7764 19.4504
136.9412 26.9302
133.2368 31.8716
132.0944 28.0913
145.3974 34.8625
135.9091 25.9830
137.4154 27.2781
129.8678 27.4022
137.0141 31.5609
135.4578 25.7622
128.9045 26.3713
131.1493 22.0647
120.4705 20.5368
135.6776 27.1049
132.6303 30.8892
139.3351 27.5624
133.8945 28.9133
129.2106 26.1352
121.9072 20.8176
137.4139 28.3078
136.6892 30.0218
130.2800 24.3172
126.5948 25.1069
135.0877 25.7526
135.6205 27.6589
132.4650 28.8983
133.5764 28.5919
130.8315 27.5499
129.3158 29.9486
143.4225 35.3793
135.9295 25.1959
138.1335 31.4826
130.8108 23.9583
131.6329 31.8818
123.8449 21.5161
135.1586 31.0907
133.4636 30.7713
129.5505 25.6770
131.4504 28.4082
127.1080 25.3912
129.8604 24.8368
137.5424 29.5190
135.5949 26.7755
132.9337 30.6674
133.2763 29.3097
128.8244 26.3571
136.9819 28.3452
136.1995 27.4256
137.7386 28.1929
135.7842 29.5546
137.3424 31.5475
131.4595 27.1320
133.4742 30.8449
131.1609 25.4366
135.0144 26.7166
131.4055 28.7375
128.2735 25.4171
136.5477 28.5666
127.7432 25.5229
135.8781 27.1747
134.8834 25.4964
135.5331 26.5492
130.5937 21.7838
134.5095 29.3182
139.0240 27.9900
136.6782 26.6735
129.5560 21.5048
129.3190 25.6190
129.2863 24.3630
123.2400 20.9095
133.5193 30.7028
137.7932 29.7471
138.9724 27.1568
136.2142 28.7130
137.6053 26.8418
134.7297 24.7094
132.6216 22.9916
132.1141 29.8712
130.9819 24.6644
134.1883 32.3901
123.7858 19.0817
132.9939 30.5348
130.6587 28.4527
129.0092 26.9472
136.4490 26.2448
136.5138 28.5771
143.6320 35.6283
137.8942 28.6378
133.7496 28.4550
131.5215 24.4026
135.7705 25.5370
132.2415 29.9332
124.0807 21.0605
135.6049 27.0066
136.0055 29.7971
131.7096 29.5532
137.6710 29.7338
130.5138 20.8585
122.5140 20.0659
130.7867 28.5301
132.9265 31.0851
137.8533 30.0417
137.3401 28.6084
132.5272 30.0212
134.9086 24.9493
136.7581 30.9041
137.6342 30.2304
135.1997 33.0669
133.6898 27.8269
130.0686 25.3174
138.7454 26.8631
130.2480 26.8436
136.2744 33.0219
127.5578 25.2689
131.7310 31.9877
132.6278 29.6104
136.4191 30.7571
133.5624 30.8378
129.1620 25.9552
134.2523 32.1675
126.8537 25.0907
136.3384 28.7520
138.4971 27.7909
130.4343 25.4958
130.7060 24.1054
129.7094 25.2858
134.6889 27.8426
130.2598 20.5251
139.6912 31.0175
137.7933 29.9629
131.2294 27.3008
130.9741 21.6840
137.0251 28.2796
137.8657 28.5808
134.9467 27.4585
132.8283 30.8257
137.3112 30.6493
135.8011 25.7977
134.5412 31.6017
135.8732 30.2756
135.8968 31.8442
129.7200 30.2146
128.0740 25.8403
135.4778 32.7153
139.4203 27.2944
137.6549 28.5747
128.9816 27.3860
137.0065 31.6518
132.0867 29.7878
135.5311 27.4031
135.9380 26.3648
137.5316 28.2611
138.0469 29.1089
137.2663 27.1518
135.2706 30.9160
123.6108 22.6530
139.1203 31.9409
135.1726 29.4782
136.9879 30.9578
138.8455 27.0026
134.6616 28.2723
131.5731 26.4682
132.5389 25.0534
133.1892 26.2492
126.5484 24.8027
132.8835 24.2065
130.2911 25.2916
136.1953 30.6289
133.1646 30.4005
131.1836 25.6545
132.7438 27.7918
130.3230 22.9435
130.4461 21.6131
133.7626 32.3500
131.6314 24.7900
124.2524 21.9958
133.9965 27.4268
138.0551 26.8709
139.4605 27.0819
129.2282 25.3426
128.0153 25.9540
137.0081 28.3830
135.1944 27.2244
133.6857 32.2229
135.5845 26.8634
131.3355 22.1390
133.8829 28.7837
134.1269 28.9830
131.8021 29.7889
132.6349 24.3323
135.2213 25.9488
131.6243 29.6191
137.5607 26.6702
138.0784 27.9023
134.4429 28.6392
130.7896 28.7827
137.2379 29.3873
128.0211 25.8462
133.7774 28.3452
126.1785 24.9361
138.7491 30.0978
135.4376 25.6892
136.2524 27.4315
131.4224 27.7219
135.9768 27.7479
131.6898 27.8295
133.3387 29.1815
136.8489 26.9448
132.9982 27.7146
136.3061 29.4756
130.4996 24.3435
132.0390 30.0567
136.3629 31.0341
135.8442 28.8318
132.1254 22.3630
129.8821 27.7043
136.4795 26.5179
126.4496 25.1888
131.4544 21.8370
135.1716 27.5591
131.3836 21.4079
123.8341 22.5798
138.8892 32.3186
127.6581 29.2105
137.8244 30.0747
127.5184 25.9916
144.4705 33.8618
130.6562 22.2318
138.8608 27.2570
130.5586 24.4750
131.0126 21.0828
132.4876 25.7923
130.3747 24.6761
132.6984 28.4677
132.5342 23.2922
129.3442 25.0772
132.4126 29.5022
131.5844 25.9095
125.1702 23.7305
135.4977 25.8086
131.6722 31.9235
136.4014 31.7013
128.4498 25.2812
135.8965 27.3655
133.0080 30.3746
136.2858 30.3139
137.3452 33.1605
131.0007 24.9804
137.5803 28.0782
131.7723 25.5357
137.9160 29.7107
136.0228 26.9230
132.7701 27.8832
137.2028 27.2920
130.1693 21.2312
131.5984 28.9444
133.7270 30.3034
133.0138 32.0008
132.3449 30.6238
130.9531 24.4123
134.9002 26.8641
131.9357 24.3850
137.9891 29.3449
124.6155 18.6698
136.4520 27.5782
132.7936 23.2982
136.3109 27.3444
133.8420 29.0539
138.8800 26.8653
136.4709 30.5382
138.9446 28.3218
133.2445 32.0760
127.6817 28.9028
136.9560 27.6662
136.6434 29.7984
131.8716 27.6676
134.8651 27.6209
129.9181 25.4586
137.3742 29.8458
136.9676 26.4278
135.2633 27.3096
131.2222 29.0533
130.9118 21.0826
135.1403 30.0482
124.2662 21.8694
135.5967 27.2817
134.7897 28.7874
131.6669 21.7679
136.2657 25.7813
134.3493 24.7705
131.1284 28.4161
131.6818 21.8491
131.5343 25.9240
130.8462 26.0856
136.0479 26.1967
132.6396 25.9225
137.2326 33.0275
132.0752 29.7796
130.4089 27.7635
135.2149 29.3515
132.1551 29.3331
131.3835 21.8856
132.9207 22.6508
137.2727 29.8602
138.2931 27.3517
138.0312 28.3631
137.5239 28.5717
135.3284 27.1675
131.7020 28.9451
124.2782 21.5485
131.3176 23.6936
133.9452 28.3624
135.1183 33.1266
129.4636 27.1437
130.4145 25.3050
133.1320 27.7104
135.7534 28.7160
126.5158 25.2785
138.8789 28.3146
131.8144 28.0732
132.2820 28.0995
135.9269 26.5566
133.5021 27.8866
130.9547 25.2123
133.5579 28.3103
135.4720 33.1954
134.1021 29.3137
132.2671 20.9706
138.9105 28.4616
135.5883 27.0972
132.3696 27.6753
132.6394 28.0994
130.1993 24.8018
139.1813 27.8547
137.8657 27.9177
137.8569 28.7086
136.2721 27.2153
132.4168 26.0869
132.1635 29.2783
123.5025 20.3634
129.9994 27.0902
136.6620 30.9391
137.9418 30.1884
139.5022 27.4736
138.2787 34.2554
136.5954 30.6770
138.8373 29.8936
135.0030 26.2143
140.8661 34.5653
138.8278 27.0906
135.3005 25.7721
139.0135 32.1798
142.1076 35.5100
136.1091 31.0727
134.5454 31.2313
139.6152 27.5102
139.1553 28.2393
136.3891 27.3158
134.4201 30.1049
139.0181 27.3262
145.5583 35.0287
138.4900 33.0683
129.1612 29.4507
136.7112 33.3993
127.1820 26.7685
135.3224 27.6592
139.8466 33.2758
139.4208 27.9965
135.4167 25.8239
135.0241 33.1864
138.3721 28.1416
132.4798 28.1873
139.1992 27.8594
136.5837 30.5574
138.1656 28.9510
138.2780 26.9717
137.3190 30.3062
127.4256 28.5093
138.1634 27.0488
144.2056 38.6036
136.0320 27.4497
127.6965 29.0886
136.5919 26.4838
136.6196 26.4686
136.9958 33.4784
136.4805 33.4205
133.1496 29.2761
137.8167 26.9867
136.8708 27.8576
137.1883 28.5250
129.0510 29.8659
131.6872 28.2411
137.0781 26.8719
136.5546 29.9496
132.5850 21.2217
139.0841 31.7167
133.7615 29.0931
135.7784 25.5629
144.4286 33.7900
135.3531 27.4142
136.8679 27.2851
145.7055 34.3516
136.3714 25.9100
137.0519 26.7849
136.6685 33.2300
137.8503 28.1727
136.3606 26.0974
139.5981 27.5521
138.7222 27.0325
139.4214 27.2017
137.2743 26.7221
137.6020 27.0368
139.1692 27.8870
137.9468 29.9721
138.2094 31.6823
136.0206 25.9095
135.2733 26.0922
138.0036 28.6538
145.2451 37.6861
134.0684 24.9903
132.9831 32.2583
139.2576 27.6914
144.6753 36.1694
133.2978 30.9928
136.5364 27.8696
137.3166 28.2378
136.3686 30.5564
139.6089 27.1584
135.6786 32.4767
131.6402 28.0064
136.2850 25.7866
139.3790 33.9217
131.6999 28.9538
136.4789 25.9619
137.9360 27.6828
132.7161 28.2149
144.2494 36.2755
137.5098 28.1391
131.7037 28.8570
138.3160 29.0417
137.2331 30.7716
137.8760 29.7437
147.3160 35.2724
136.6694 30.5234
147.4227 37.2989
138.9306 29.4530
135.9160 25.8438
126.8033 27.9251
138.8242 32.3734
150.5966 36.2394
134.0647 32.8748
136.1479 26.3271
139.0898 29.2584
138.2752 31.8409
131.4313 28.7312
146.1816 34.7203
137.0233 30.3863
135.2444 31.6533
143.2639 35.9106
138.9742 30.0002
138.0865 28.8740
137.5984 28.5222
138.3233 29.1658
135.4226 33.1325
132.7136 28.5802
138.9992 29.1908
147.1046 34.7778
127.7775 25.8243
139.8342 27.3004
131.6531 28.2551
130.1125 26.4283
144.3548 33.1292
133.7284 31.5446
137.3355 30.6158
137.9277 28.4369
139.3655 32.7151
139.5850 28.2570
135.9347 27.4387
140.9561 34.8799
139.1845 27.2335
136.5539 25.9389
143.0405 36.4816
139.8100 27.7757
131.5889 28.2310
138.2611 31.2653
137.2668 27.0347
127.0418 28.8323
139.0572 29.4943
137.0655 26.9135
136.1315 27.7102
138.4485 29.8541
142.6329 36.0720
135.7859 27.5802
144.3446 37.9206
134.7757 31.5155
137.6037 28.5181
144.3872 38.4054
135.0861 31.8297
144.5013 35.4308
136.8379 30.8315
140.9583 35.1054
139.6349 27.7249
133.8896 29.8860
136.9956 26.8839
135.7319 31.0690
146.4270 34.7710
141.4467 34.0354
137.1486 28.3015
139.4321 26.4623
137.3996 30.6034
133.4336 30.1544
140.8175 34.9606
136.6185 31.6202
135.6482 30.8573
129.7291 27.0565
136.6096 30.8792
133.6595 21.1499
138.4027 31.9617
130.6495 20.6045
135.3870 28.7280
136.2734 26.4833
134.5423 31.0843
133.7244 22.9404
134.3144 26.6790
131.6784 28.1914
134.7479 29.6854
139.3873 33.5872
130.7332 28.3683
138.3152 28.4639
133.4940 28.0775
136.4637 26.7509
135.4165 31.0612
133.4631 30.7818
138.5966 27.5431
131.8686 29.4013
138.8145 31.7791
136.5068 26.8326
138.9770 31.0025
131.5009 28.6633
132.1437 21.3050
132.7870 29.1727
138.7183 29.3629
122.9198 30.1715
124.7962 23.6568
132.0009 21.8487
125.6910 25.6386
139.1990 27.8490
139.5403 26.7932
146.3858 34.8808
133.1355 32.6143
135.9109 25.5385
140.1299 27.4572
131.8165 20.7542
137.1129 31.5963
137.1727 30.7769
134.4146 30.2876
129.9181 26.4996
137.1159 27.8935
133.9452 29.8303
133.2836 32.0083
139.7274 27.1895
139.4364 26.3232
137.8992 29.4582
134.8497 30.2685
145.4617 34.6538
134.6118 25.1014
144.0436 35.4175
130.2703 26.5663
135.5241 26.1561
135.4179 31.3552
132.5052 21.3159
132.1787 24.9332
136.9842 30.2620
133.2070 21.9737
138.9978 27.1027
132.5899 21.0008
137.4199 30.4123
132.3951 30.1987
137.1815 28.5381
136.9517 30.8289
133.6538 29.4917
135.1258 26.5926
134.9188 30.5414
139.5768 26.3370
128.8924 29.2061
132.6821 31.3583
131.9897 21.1161
138.9700 27.3478
140.9661 33.9993
135.0508 31.9189
135.6246 31.5595
130.7650 20.9096
138.2125 28.7088
131.3294 29.3382
137.1584 27.9853
131.5788 29.4208
138.2581 29.0357
137.9433 26.9610
134.0899 30.1870
124.8809 21.9744
135.3936 27.8401
146.0915 34.9022
135.5622 27.6244
129.1255 21.7721
134.3342 25.6505
135.8229 26.1812
141.8646 35.8216
129.9622 26.0707
132.8600 24.3521
134.8801 27.6333
130.0291 27.5124
143.8164 34.4311
130.6721 28.1994
132.6689 23.3042
131.6149 29.7752
137.2565 29.3537
130.7180 27.8238
135.3435 25.7609
135.5882 27.2914
131.2356 21.7529
138.9855 28.8315
126.0783 23.4752
136.6697 29.0816
128.7142 24.9205
138.0827 28.7063
134.5378 30.0176
137.3681 30.4982
133.6418 27.7003
138.0923 29.0646
135.8359 27.3864
133.2362 28.1071
139.4073 32.7936
135.1428 27.5184
143.7586 35.7894
136.6636 31.7717
130.5517 20.3611
137.2975 33.2244
135.4814 25.4378
133.1095 22.8272
130.1321 25.7410
139.5102 27.5137
133.9485 32.4508
139.7670 27.0421
127.1614 29.0602
135.8844 30.4397
130.5869 22.1121
129.9612 25.7976
134.8737 28.3729
138.1766 26.8276
130.9086 21.6471
144.7241 35.7297
139.0172 26.7989
135.9290 27.6162
139.0654 33.0975
138.3568 26.9126
127.5188 28.5521
139.2277 31.9285
132.7219 30.3835
130.0704 27.9557
135.4084 27.7230
136.0389 27.4094
130.9256 26.9752
124.6036 23.5768
131.9990 24.3054
137.3297 27.1912
136.0456 26.9195
131.6084 28.7582
131.1959 27.8470
135.7469 25.5178
135.7558 27.5367
130.0406 27.3896
131.3644 28.6248
135.5778 27.7495
124.9654 19.9026
131.5397 29.6386
135.7873 27.3530
130.2876 27.8227
134.4232 33.5681
136.4357 25.9566
138.1631 29.4712
131.6391 25.1984
129.3531 24.5754
138.1094 31.7548
134.5072 32.4719
130.8448 26.6207
132.3075 25.0396
135.4468 27.3581
141.7048 35.9347
132.3292 24.5790
138.9255 27.0978
128.9954 26.1281
131.2218 31.0634
130.6467 21.6073
138.8334 27.1017
137.3533 28.3367
130.4222 26.6574
136.6321 25.9336
136.6822 27.4557
129.4928 26.0737
134.2789 29.4367
144.5611 33.7780
123.2241 22.1683
136.2180 27.3428
134.3749 27.3894
139.7749 32.9074
135.4921 32.4672
128.1866 25.1639
133.8233 28.4749
129.6231 24.4542
130.9190 24.3572
136.2918 27.3052
135.9086 25.5359
128.8465 26.9744
135.8047 26.9042
133.8793 27.7286
137.0369 33.2240
135.8464 27.5093
133.9086 31.6542
133.9877 27.6088
137.1066 27.8637
131.4926 24.5312
139.0548 27.8030
139.3376 27.6187
131.3085 22.0500
134.3422 31.3148
136.2477 31.0190
138.2846 32.0977
136.7014 27.7168
136.3649 27.7622
130.7544 22.1606
136.5461 28.5402
132.2463 29.3151
137.3866 29.7996
136.0729 27.5605
135.6070 27.4833
135.8064 27.3818
135.7812 26.7133
131.5243 23.6412
130.1596 27.9841
129.7847 24.1998
137.3870 29.4916
132.4172 27.7090
131.2304 24.0488
133.5205 28.3344
140.1308 32.9621
131.4757 26.1992
134.7189 27.3640
137.0073 27.0701
134.2291 28.9387
133.5609 31.7412
134.6853 25.3616
137.6064 28.2012
132.0791 24.9646
137.1342 27.9735
129.9804 27.8638
123.5181 21.9975
133.6654 32.9785
135.4451 27.2848
133.3877 27.6974
136.9832 26.4820
132.3148 25.2118
136.3215 30.9052
137.2617 30.2728
136.8540 28.1965
132.6964 21.6736
135.5669 25.7252
132.1385 26.0979
135.7008 25.5649
136.0883 29.9958
136.7377 27.7506
136.1648 26.8177
139.2343 27.1394
135.7040 27.6757
123.4910 23.4058
137.3878 29.3338
137.7239 28.2149
143.6851 35.5265
135.1890 25.4718
131.5712 20.6923
137.7586 29.5900
137.3885 27.6840
136.5660 27.6485
132.9375 25.9723
136.8644 28.2090
135.1478 26.7561
131.7523 27.8964
129.2343 26.3378
132.7656 32.1177
137.8653 28.6019
126.4912 27.2418
132.2920 25.9484
138.9408 26.6289
144.0290 35.8057
134.8550 26.6977
122.5498 21.2416
122.4079 20.4876
134.7472 26.9825
132.2870 31.5917
127.3895 28.2289
130.5168 20.7529
126.0111 23.7983
136.4496 27.4290
136.8954 29.0386
136.1332 25.6493
139.0096 32.7606
135.5972 25.5043
130.7345 21.1830
138.7016 26.9038
136.5555 27.2505
131.6985 20.7154
135.9380 31.2378
131.4215 28.0294
127.2932 27.6301
131.2889 25.5836
132.8458 21.9920
135.6923 33.1854
130.6099 25.4276
135.7093 26.0706
130.7048 25.4859
141.1904 34.1729
143.8176 35.4602
130.1171 25.5499
133.2443 25.1679
139.2890 32.1273
135.6510 25.5271
129.1062 25.9801
133.2610 26.2125
129.1849 26.3572
131.9038 29.9078
141.3403 35.2204
127.8907 29.6125
129.7661 27.2930
131.4297 28.1444
128.3656 26.2206
131.2975 25.3128
139.0720 29.0908
133.3978 23.5384
124.8393 22.8814
131.9622 29.0338
131.2439 20.8207
136.3893 26.3374
137.7539 28.3195
142.8628 36.3504
137.6488 28.1252
126.3108 26.6800
140.3697 33.8092
126.8916 27.0631
135.9411 26.5400
132.5968 30.6352
138.9317 28.2356
129.7393 26.5865
129.1412 27.1692
131.5149 25.3502
130.8175 28.2571
131.6302 27.9251
134.4662 28.4715
134.2519 31.6682
133.7014 29.4138
135.1421 28.2585
127.9879 29.5045
132.2111 28.9311
133.4799 24.9008
131.9202 29.7862
130.9461 25.2466
139.1794 31.9551
139.1471 28.1701
130.9051 25.5698
133.4781 32.5600
136.0213 30.1975
133.3372 31.4172
135.8690 26.8973
135.6535 25.5848
134.7835 25.4691
135.6799 25.6831
137.6349 30.1953
130.7179 25.6302
135.5705 26.7439
136.7567 30.3597
131.4455 25.8946
136.7814 32.4796
137.6568 29.5754
133.0795 23.4780
136.6412 26.9500
139.6546 27.7731
138.2216 31.8131
131.8936 29.3314
135.1877 25.9767
137.5416 30.7296
142.8011 35.8313
136.2853 26.8199
136.8419 28.1229
138.0725 28.5921
133.3227 32.1572
133.6629 24.4501
137.9685 28.5353
129.6774 27.6743
130.0889 27.6836
138.0093 29.9311
131.6365 28.0374
138.3190 32.0247
128.8389 25.7411
123.3525 23.4788
134.7854 25.5089
130.7726 28.1562
139.9963 27.4018
139.0722 27.0647
136.7538 31.3509
136.8117 27.1010
151.7963 34.3400
136.9997 30.7578
138.4741 29.0562
136.1227 30.8958
139.7677 27.9849
138.5269 29.1871
133.2103 31.7917
133.6059 32.8666
140.5315 34.5396
136.8090 31.2181
133.1407 32.0153
136.5173 33.4544
141.6747 35.9995
132.3357 31.7955
141.1470 35.8588
135.5414 31.2685
141.7314 34.9410
136.2022 30.8397
138.4568 29.5103
135.6507 33.1545
138.2938 30.1073
138.4272 31.6277
133.2896 32.6077
136.2796 33.4421
140.0101 33.2666
136.0829 31.2891
143.5120 35.6970
135.7601 31.0554
139.6993 27.9053
153.6433 37.8664
137.9765 27.1332
138.6067 29.5817
136.7311 30.6706
134.8981 33.1449
138.5251 33.7098
138.8342 27.0306
138.3165 30.0595
139.2684 28.5012
134.3574 32.5886
138.2918 28.7126
137.5055 33.9211
135.1620 27.6807
137.1586 30.7463
135.3826 33.0957
140.2070 33.1031
135.1505 32.0554
139.1821 29.1550
135.2705 31.6553
151.9695 34.7624
139.3128 28.8982
134.8520 32.0817
151.5035 35.6127
139.9331 27.3850
137.7340 30.2135
134.9650 27.7386
135.8885 27.7669
138.2333 28.7608
139.6104 27.9879
139.2264 28.5093
137.0670 30.1752
139.8769 27.4988
139.9431 32.9852
134.0836 31.3924
135.7292 27.7531
137.2152 31.0871
141.2954 34.6841
139.2563 30.4376
137.5390 33.9725
143.0899 35.8711
136.5987 30.5101
136.5297 27.1516
136.4984 33.3699
147.5455 37.4276
135.7135 31.1903
137.0123 26.9674
133.4383 33.0932
147.0509 38.5941
140.6409 33.3915
136.1269 30.9176
136.0793 31.2982
146.8736 35.3284
141.1227 35.1249
135.1146 32.5385
133.8568 32.9105
134.5386 32.7107
139.9965 27.8394
157.4063 32.9468
134.5975 32.5914
136.1910 27.6305
138.0770 28.3724
137.4654 27.0857
134.5971 32.4894
142.5718 36.3919
141.2760 35.5143
137.0009 30.7142
148.2247 34.7193
134.5841 33.0094
136.1090 31.5656
133.2032 32.7683
137.0826 30.6652
139.8996 27.9425
133.0874 32.1042
136.6730 30.5766
138.4754 29.8572
138.9699 27.1152
141.3309 34.7798
133.7349 31.5034
136.6782 26.3766
136.7437 27.1804
135.6430 31.8008
150.6424 35.8953
139.1741 30.1683
134.4215 31.4096
136.4288 30.7472
139.7214 27.2212
151.3428 35.7419
139.7028 28.2864
136.0694 27.7346
147.6025 37.3811
139.6077 28.0209
135.4246 31.2923
136.5999 30.5676
139.1794 27.8186
136.5994 33.6913
134.4569 33.4813
141.0802 35.2997
140.5541 33.2920
139.1940 29.7903
139.2615 29.2206
135.7134 32.3820
137.8924 33.6957
139.9068 34.7393
134.0011 32.7324
134.0600 32.9166
139.4406 27.0530
138.3995 28.8651
138.4244 29.3902
137.7579 28.1877
139.7941 27.6086
136.5586 30.3802
134.7582 32.7370
138.8373 33.8403
135.3287 31.6052
132.9955 32.2121
138.4413 29.2698
139.7825 28.1198
136.9074 30.3285
147.0445 37.5341
146.8564 35.3018
139.0195 29.4376
141.1763 35.0695
140.9905 35.3625
144.6304 33.2727
136.9728 30.1129
136.9685 33.3756
138.6779 27.1297
144.6889 34.3514
144.2290 38.4412
136.3564 27.5880
139.8683 28.0817
134.3921 32.8101
134.6553 32.7041
153.4785 38.1136
138.3138 31.7748
138.4712 29.1187
148.3079 35.8285
136.4508 27.4159
132.9772 32.3642
139.6132 33.0915
136.9441 30.5821
146.3636 34.5599
134.5555 33.0443
133.0781 32.2948
139.9345 33.3231
135.2450 31.6133
136.2325 30.9886
140.6073 35.3786
136.0580 33.2290
136.7549 30.3377
135.2347 32.1329
135.9957 27.3603
141.2071 35.0321
134.6074 32.3221
136.2753 33.3366
136.8173 30.5904
145.3570 36.1113
139.9640 33.2112
137.9539 33.7159
136.6844 27.4444
135.9383 27.5501
139.0407 29.8475
136.6821 27.4341
139.1984 29.4547
134.9918 32.9751
136.5484 30.9969
136.7228 30.2672
138.5111 33.9412
136.8624 30.0741
137.3807 30.4092
138.3277 29.7686
147.5398 35.3559
134.5704 31.2552
134.9250 32.5873
139.8578 33.4612
138.3832 29.5711
136.0056 31.6007
136.1005 30.7405
135.1629 31.8407
139.1343 30.4682
138.7512 29.5186
136.4252 27.1143
136.9747 30.0784
139.2102 34.1915
136.6295 30.3015
134.8622 32.6623
134.4539 27.9302
139.8665 33.0395
137.6599 30.8867
136.9248 25.9786
137.1048 30.1836
133.3846 32.7861
135.8115 31.7321
135.0991 27.8129
136.2065 31.8985
138.3420 30.0783
137.6719 30.5850
147.2602 35.2110
139.9359 27.7254
138.5458 29.3753
144.2884 38.3447
134.2543 31.3307
139.5385 27.1762
141.3030 35.5591
133.4096 32.9236
150.3355 39.1829
136.3784 30.8554
136.7510 30.2810
138.4742 28.9045
139.3956 27.6900
139.9445 27.6053
137.2028 30.4913
144.9603 37.2879
138.2283 28.6141
137.8009 30.7088
139.5533 28.3429
136.7782 27.1241
137.6788 29.0419
135.6522 31.0831
136.8276 26.7240
142.0144 35.7213
141.2434 34.8425
137.3414 28.0960
136.7137 30.2900
134.8455 32.2825
137.7869 28.7469
137.2447 30.7405
138.3800 29.7370
134.4967 32.9115
134.2742 32.9651
139.7466 28.1812
141.6158 34.8862
139.6705 28.1293
136.7222 30.9231
138.1360 28.5151
141.3321 34.7726
136.2357 33.4063
134.7477 32.0953
138.8248 30.3432
133.7408 32.7908
136.6203 33.4073
138.1286 30.6054
134.0542 32.8314
138.3115 29.9198
137.9880 30.5498
135.3364 31.8423
138.5056 29.2512
136.2776 31.0034
136.0883 25.6070
136.5335 31.0971
133.9744 32.8944
136.6946 30.2047
137.5357 30.9080
139.0896 27.0511
137.0260 30.0001
134.3351 27.9297
136.7155 26.2764
132.5797 30.4587
136.9848 27.0879
144.6885 34.1352
135.9273 30.7424
127.7968 25.2085
140.5017 35.2180
136.1575 28.2461
139.7182 27.7392
148.2120 34.4089
129.9530 25.6067
131.5415 28.8488
135.5428 25.0943
129.2241 29.4214
138.5376 31.6154
134.7302 31.4247
136.3701 30.8926
145.4850 38.4697
136.6669 33.2971
132.9992 28.1097
131.8561 29.3937
133.6557 30.8106
126.2445 19.1362
126.2153 24.5015
127.8726 25.9577
146.8641 37.8138
130.8120 21.2472
132.7926 20.7912
132.6886 27.1867
137.8093 33.7338
137.4830 29.3022
134.7542 30.1149
134.4715 27.5143
137.5095 29.3257
136.1200 26.6859
137.5086 27.9195
151.6803 37.9722
131.0807 27.5559
132.3363 21.3600
142.6484 35.9579
131.8197 21.7094
137.1427 27.3769
136.1751 30.1042
137.3295 30.5687
139.6658 27.5679
137.7992 32.7092
132.7376 21.1200
129.1832 19.9330
128.9315 29.7138
131.2911 18.8051
140.0639 26.7184
135.8021 26.0528
141.9727 29.3604
137.1819 33.6555
137.5002 28.7184
138.5092 27.5328
128.7054 26.2042
136.4454 33.4596
137.1814 27.6322
121.7744 25.3393
135.0538 32.7912
134.5688 28.1937
130.9824 21.1270
150.2387 35.8340
140.4163 34.4228
137.8183 31.9667
137.6238 31.3507
134.7540 27.0723
133.9164 28.3422
137.3600 31.5989
130.0065 20.2429
137.3116 28.3424
133.9440 31.3153
132.9614 25.6585
141.1926 35.7785
127.4632 27.5360
136.4723 26.8436
131.3410 21.6482
135.8819 32.8277
133.6570 27.8753
134.0076 31.6032
130.4911 21.9533
135.7415 30.6161
144.3337 39.3382
132.5711 29.5067
126.1114 28.7123
135.8634 28.8263
136.7586 28.1827
135.7066 26.5710
137.8738 28.5740
139.0050 29.5842
135.7614 26.1663
138.8813 34.4304
132.4821 26.1141
131.0107 21.0706
132.4862 29.8451
136.8088 25.8916
132.5876 28.0167
141.0934 33.8251
131.9853 29.9008
130.6084 27.1489
131.6216 25.6337
132.8498 32.4873
141.0159 34.1473
136.3362 26.7840
135.7393 27.2854
137.2307 28.1376
131.1283 27.9003
128.2240 25.2888
131.7480 29.7472
131.3161 25.2217
138.0107 28.7055
139.3673 27.6981
135.6737 30.7308
132.3585 30.6013
132.8356 26.1114
136.0958 27.1001
132.9545 25.0390
129.4106 25.8662
132.3844 29.4456
135.9046 25.5752
137.6622 26.9753
138.6458 32.2779
138.8770 28.1414
136.4485 27.7506
138.2888 31.8826
133.1529 30.6877
129.8148 27.8442
131.0503 27.9370
134.9726 27.6123
134.1592 28.1032
131.4896 25.9947
135.8047 25.4378
139.2461 27.7760
131.2763 21.5922
136.6580 28.7069
136.7311 27.7651
136.4897 27.5779
133.3370 32.3693
134.9817 26.3903
131.5474 21.9183
139.5748 27.5525
131.2130 21.0277
131.1550 21.6811
136.4218 27.3995
133.3577 30.7331
136.2135 31.9717
131.5441 25.8280
131.9351 21.8357
129.3255 25.5552
130.2291 25.3441
138.0683 28.9582
136.9476 28.2011
135.6182 30.9687
135.9589 27.2963
131.2494 21.9972
133.3242 24.1213
131.6133 29.3267
142.1981 35.5011
131.3720 28.6363
136.7892 29.8880
129.5486 27.5267
130.9521 21.1301
143.0316 33.3052
132.8890 23.2650
132.3278 24.3548
129.1142 26.2176
130.4474 25.4125
132.4278 24.3189
137.2948 29.3948
138.8509 26.3659
130.1669 25.2406
137.6711 27.5553
132.9133 32.5282
130.9280 25.2480
139.2070 32.6645
138.1325 29.8880
138.7467 32.0398
131.8105 20.6421
132.6285 28.5777
139.0961 27.0413
136.5961 26.6462
138.5418 26.9275
136.4540 27.7628
131.5646 28.6352
138.1429 26.9808
134.9429 27.5079
131.1599 28.0522
136.5929 30.5893
132.1887 20.8125
135.0120 28.7331
130.7868 28.4062
139.0295 28.0180
143.7191 33.9996
137.1372 27.4416
131.6076 24.5265
135.1366 25.8880
132.2091 22.4434
136.6457 26.6657
139.0211 29.5781
133.0483 24.0995
138.4830 26.9707
139.3011 28.0666
134.9369 29.1768
130.7672 28.6042
131.8116 24.2844
133.5930 28.5848
139.2246 28.2291
132.3433 21.1328
137.3845 28.7962
131.4883 29.2298
129.7708 27.0397
134.8282 27.9393
131.5378 29.3700
143.3714 36.2124
131.3424 28.5132
134.4888 32.7319
137.4206 33.2945
136.5230 25.8790
133.8074 30.4642
139.5172 28.1857
135.7231 32.4368
134.0806 27.8537
136.9775 30.7370
134.0813 32.0053
139.1308 26.6907
135.2447 27.5736
135.2444 28.7282
136.8931 26.8325
136.5844 30.0789
136.3218 30.3376
132.8560 21.5223
139.2875 26.7716
139.0783 27.4420
125.0269 25.0622
134.6502 23.3761
131.0930 21.3605
134.4022 33.6067
130.9160 27.9186
131.0407 28.6415
133.1892 29.1174
130.8358 24.6410
129.9422 27.6888
139.1419 27.6033
136.4217 31.9399
136.0557 26.1374
137.2166 32.9413
138.9851 27.8818
138.3388 32.9676
132.3760 21.0859
131.9808 21.8332
137.2666 30.7394
127.3833 28.1996
133.9041 28.7717
136.9381 27.3829
124.1500 23.4919
133.3206 28.3248
125.0961 20.2209
136.8096 31.0735
138.2297 29.6210
128.1182 29.2927
132.7417 24.4653
135.8026 27.7042
136.4498 26.4330
131.8247 29.1613
139.1084 29.2990
133.1259 32.1557
137.0719 30.6775
139.0726 29.7548
139.1371 29.8669
139.0395 27.1113
150.8608 35.6773
137.4713 27.0811
136.4040 30.4342
147.2258 34.6313
142.3568 35.5626
139.7284 27.4203
136.1174 25.6984
136.8314 30.1694
138.0551 31.7428
145.3659 38.7130
135.7528 25.5229
138.5657 32.0616
136.9352 33.4524
145.3257 35.4553
135.5706 27.7130
136.3958 33.1585
137.6723 27.1137
143.4415 35.7752
145.2523 34.9244
151.2952 35.5882
141.0019 33.6682
128.3977 29.7100
134.3769 32.6151
140.9691 33.8037
134.9491 27.7530
138.3962 29.7158
143.3983 35.8233
139.1074 28.4368
137.9064 33.6253
146.8967 34.7182
142.8723 35.8072
137.6087 28.1947
138.0132 34.3066
147.3617 35.2714
146.9949 34.7931
137.2376 28.5025
137.9247 33.5979
146.5858 34.9990
137.5662 28.6759
134.8084 32.2766
137.1097 28.0497
137.1307 31.5897
138.2501 27.0551
141.1146 34.9570
139.3615 32.7806
152.2090 38.0588
135.3514 32.4623
140.2406 33.2243
136.9778 27.7847
135.4583 33.1723
135.3685 27.5756
138.9571 31.8997
135.7201 25.6693
145.4993 35.4240
136.2411 27.0962
137.9137 31.6768
131.7572 29.4472
139.5726 32.8716
141.4839 34.7068
138.0364 28.3893
137.8386 33.6673
151.5161 35.3104
145.3480 35.4312
133.2281 32.3463
135.5638 33.2381
139.5894 33.2402
143.1361 35.8271
139.9068 27.5036
137.2753 27.3191
142.7240 35.6869
136.6501 27.5552
139.5038 33.1979
137.7868 30.3481
134.2672 31.3483
134.0964 33.2656
136.8492 26.7055
139.0500 29.7383
138.1952 30.0653
136.3663 27.0198
132.0878 30.0397
136.9475 30.7680
139.7019 27.8065
136.9989 33.4531
150.6227 35.9996
139.4949 28.2231
121.4874 19.9386
139.7328 33.2938
131.4076 25.7971
128.6685 27.4064
123.7823 20.8102
133.8791 30.0868
135.7514 25.8757
138.1174 27.3792
126.2495 25.5704
130.8874 26.8561
138.9483 26.6300
131.3153 28.7936
131.5340 26.3358
148.7758 35.7518
130.6969 26.1402
133.3361 23.8955
143.8257 35.8029
135.5405 31.9478
132.1196 28.3494
134.7306 27.6080
131.5833 28.6577
138.5446 27.8003
137.0136 28.2899
134.2322 27.9230
130.9718 21.2716
131.8486 28.9753
140.2309 27.0355
136.5737 28.5283
133.4934 22.9663
134.8328 27.7860
132.4897 19.3623
134.8724 31.5735
129.4463 29.5444
138.7196 32.3341
142.3117 36.0581
134.3963 27.5486
143.2240 36.5614
135.8992 33.1016
126.6299 25.8335
142.1850 35.5384
139.5459 27.0040
133.5616 27.5728
127.2742 25.4428
131.7090 24.3015
139.5049 32.6687
135.6471 26.0749
131.2626 21.5064
135.1024 31.7473
130.7377 27.2608
149.1033 35.3019
132.2582 21.7462
129.6004 26.4835
123.6725 23.0132
132.3699 27.8296
131.2326 25.1579
136.3442 29.7952
136.0115 25.4606
134.1167 29.2314
135.8389 27.3359
137.7098 33.7686
136.7458 30.1928
132.3492 28.2544
130.5779 27.6926
129.7591 24.7363
135.0651 28.9016
131.7710 29.5295
131.1403 28.7843
145.2515 34.6564
136.8425 28.1447
139.7062 27.2883
137.8382 28.8440
136.5158 29.7861
137.0539 29.2077
131.0331 25.3865
136.6043 31.0205
141.6738 35.5246
145.7071 34.0690
137.2418 30.8646
137.8028 30.3122
128.3131 26.2039
132.1790 20.4698
132.7611 29.4610
130.7553 27.8699
131.4746 21.7549
125.4884 24.6829
145.0572 34.9171
136.1834 26.4162
135.7236 27.3501
133.0384 21.7630
136.8411 30.1474
123.9193 21.8045
133.1809 25.7369
133.1021 31.6495
132.8612 28.9078
136.9433 27.1777
136.8296 30.7564
135.2112 31.7807
138.2811 28.6350
139.1407 27.0460
137.5936 30.8674
137.1415 28.5527
132.4256 29.6725
136.7784 26.3528
136.2113 30.8235
138.1297 29.1101
133.0848 28.2134
136.7679 30.4075
136.6485 30.9512
137.1222 26.9867
137.4544 28.1516
136.2048 27.4673
135.1960 32.8538
136.0121 30.8450
134.6045 32.6482
139.6511 27.8456
146.3091 34.6977
143.6035 35.9014
139.0095 29.4949
139.6964 27.9401
137.0835 30.4830
137.7950 28.4412
137.3704 30.6374
133.5576 33.1273
139.5306 31.8713
136.9470 30.7316
140.4292 34.9359
138.7908 27.0705
135.9890 31.3094
138.2022 27.1201
136.8682 30.0987
136.5748 27.7729
136.8905 30.2694
139.4736 33.1832
139.8216 33.3908
133.7618 28.0994
136.8558 30.5746
138.1553 28.7377
138.1850 28.9095
135.0632 32.5877
135.2403 27.6381
136.4482 30.5278
135.3826 27.8247
136.8046 30.8640
138.2205 31.6379
135.5845 27.7264
137.3876 30.6234
134.9471 32.6515
132.9507 28.2106
139.4725 28.2044
137.7182 33.7240
137.4369 28.6982
136.9793 28.0867
133.2414 28.2410
134.2850 31.3400
135.7346 27.8000
135.1349 33.0177
139.1625 27.0061
136.4605 28.0377
135.1813 31.7953
139.8638 27.6320
137.2153 28.6073
143.0859 36.4531
136.9265 30.8329
135.2070 27.8828
136.1691 27.5079
136.2074 30.8713
136.7944 30.8738
136.2957 27.0928
139.3885 28.6690
139.0089 27.0305
137.1741 28.1009
134.7872 32.9753
136.4035 31.1482
136.6992 30.6309
135.9434 30.8002
135.0405 27.8221
141.4968 34.2016
135.8247 33.2758
134.7334 27.8993
136.4401 30.7110
136.3406 30.4583
138.0261 30.3249
136.9066 27.7669
131.7525 28.5539
138.1870 28.9398
135.9279 31.6036
132.5820 29.7331
138.4209 29.3155
145.2255 38.1284
138.2407 30.0775
135.0021 32.3561
135.3027 31.6656
136.3530 26.1274
139.2284 27.0507
147.0627 37.4838
135.9999 27.6610
141.4507 35.1206
143.4913 35.6522
135.4696 32.1396
145.1250 34.3487
137.6441 30.4530
136.8494 30.5294
136.7071 27.1685
135.8558 31.8072
134.5768 27.9165
136.8897 30.2723
144.7033 33.3719
136.7456 28.0255
136.7581 26.8836
137.0014 27.8111
135.4593 27.7634
137.6909 31.6347
136.7312 26.6403
127.5126 29.4174
136.6608 29.3993
131.5493 25.7865
135.3487 27.1951
137.1514 28.6586
132.7649 22.6137
135.9903 31.8689
141.2458 29.1233
131.9146 20.9598
126.6887 25.3864
130.0592 27.5905
136.6575 27.7688
134.2998 33.3922
143.1887 35.4065
131.6343 21.5862
125.1172 24.2028
129.6223 26.8786
136.1401 32.3628
135.5260 27.6719
153.1160 38.1465
132.4570 23.1227
123.8660 21.5159
131.5081 20.7160
132.0813 24.0834
128.6936 25.2216
138.8280 31.4086
134.1416 26.6573
133.1309 24.2715
128.8212 28.7463
140.1992 33.8019
132.6906 26.3218
123.4258 27.5969
124.5788 20.9510
136.1500 27.0648
125.0174 22.4000
136.9453 26.5185
135.6472 27.5338
132.3018 24.4386
136.7556 29.9144
133.0375 22.7785
130.5735 20.8348
132.9332 32.6379
138.4999 27.0278
133.5837 29.6045
136.5489 29.8133
129.5562 26.9614
138.8971 31.5975
133.0566 29.5501
130.4241 25.5785
139.5279 27.3132
129.0661 21.4411
132.8796 24.7926
132.6453 31.0114
130.9530 27.0583
123.9956 20.2261
131.2300 29.4955
130.6559 28.4834
138.8814 27.0180
119.4247 19.7070
129.5521 30.2223
129.5662 25.3866
135.5212 30.7016
135.1892 29.8023
138.2069 28.6013
140.9776 35.0244
133.3871 24.7197
137.4325 30.6780
127.8754 25.8205
131.0992 24.7693
127.5932 25.2700
131.0503 25.9297
133.4936 27.9193
133.3482 32.2283
129.5312 25.0819
127.4590 20.3335
114.2197 16.1036
120.5376 20.2037
129.0319 22.7797
123.2569 21.3235
129.6192 23.5935
125.9394 22.4717
128.9786 25.6226
132.6811 26.6136
127.3676 25.2570
127.8168 22.5551
127.5891 23.7168
131.5001 21.9867
124.3087 20.6006
128.7433 22.9664
131.2382 20.8848
124.7340 21.9802
123.5048 18.4949
128.1817 24.7088
132.0543 26.0998
123.1828 19.3034
129.1071 20.6182
127.5553 20.9202
123.9124 19.9802
129.5977 22.0440
108.8964 17.3559
131.6283 22.7709
129.4672 23.5648
127.6299 20.7377
126.8346 23.7476
129.6537 18.7993
120.6519 21.2626
135.9212 24.9449
138.2634 28.0428
130.9724 26.9056
136.1985 27.3975
118.9734 18.5864
113.3341 18.5261
127.8756 25.8857
130.1202 19.8473
125.9628 23.5853
128.7095 23.0640
126.6678 17.6071
125.4021 18.2919
123.0975 18.2727
126.6882 17.2087
126.1634 17.8513
132.5252 23.3417
127.7540 21.3929
130.3984 22.7352
128.9231 21.9056
124.6857 20.2891
131.4991 21.2440
136.3440 30.0382
135.3519 31.2471
133.2210 21.0168
130.9990 26.2301
137.5281 30.2663
131.3912 25.8571
132.0863 28.8576
132.4233 30.6570
136.8842 31.8824
137.3617 30.8507
143.0278 36.2976
131.3151 29.0292
133.2829 22.7599
123.7696 20.0196
129.5645 27.0157
129.7752 27.6457
136.7376 26.7563
133.1663 22.8353
140.0891 27.0509
132.6594 20.5726
136.9843 33.5089
133.2866 23.1182
127.7030 28.9702
131.0752 30.3089
135.2509 31.4995
135.0615 27.7477
135.6334 28.5060
137.3096 26.5371
132.3820 31.3562
136.3748 29.5158
138.9356 30.0308
134.3657 31.4638
134.7329 28.1756
146.0439 34.9602
133.0260 21.2404
133.4417 31.9086
134.4355 27.7047
136.9337 30.5086
131.1618 25.6608
132.9674 31.9956
133.6680 27.5387
131.8236 20.9909
136.0317 26.5874
135.8247 30.4894
135.1041 28.8198
134.4627 24.6563
135.8903 25.9063
139.2413 31.8867
133.5247 22.8027
130.4942 28.4877
134.0568 32.5632
138.3771 26.8363
136.5719 26.7025
137.4799 33.2119
137.2538 28.0137
138.9958 26.6617
139.0770 28.3868
130.2915 25.9431
135.6071 27.0817
136.3577 31.3528
139.1513 28.1853
136.8565 30.1830
141.0770 35.0499
136.0696 28.0609
133.3060 28.1820
132.9550 21.9207
130.6287 20.2845
132.1086 24.4397
137.9142 28.4976
132.8214 30.8813
139.1967 29.0820
122.5999 29.8333
132.6721 31.5854
143.6101 33.0923
143.0505 35.6529
137.1396 32.4403
131.6343 25.8210
136.2275 27.8606
129.5365 26.4789
130.2932 25.8297
137.7082 31.6167
136.4461 31.2740
134.2874 28.5081
137.7037 29.1968
129.5796 25.7929
133.9116 25.1448
125.6302 25.8339
139.4073 26.5776
134.5504 29.1205
134.3446 24.7430
135.5127 26.2070
130.6291 25.4192
127.6404 25.2199
132.6298 30.0668
133.5558 29.4956
139.5045 26.7355
135.1654 25.7057
130.1684 27.9595
133.4820 31.6839
138.2318 31.8262
128.7197 29.5700
132.5349 29.5856
135.7384 31.0042
139.1232 27.2757
134.5073 28.2060
136.7257 28.2296
132.3616 31.1467
128.8924 25.9489
136.5429 26.8720
135.3270 27.6404
133.8073 24.9602
139.4688 27.1332
135.2636 31.3669
122.9117 20.4462
130.4163 21.5704
128.3226 26.0147
133.2722 30.1739
136.7808 31.9524
132.3313 27.7676
136.2213 27.1880
135.2955 27.3836
130.1777 20.5332
137.1768 30.9127
130.5305 30.2236
130.5866 27.1536
139.6015 26.9286
135.0170 30.5183
128.2081 25.2008
136.3801 27.4412
136.6590 30.4360
137.2564 26.6506
135.1490 29.8852
130.8138 21.7385
133.3230 23.0143
129.9117 24.8392
123.8783 22.7212
129.5490 27.8119
133.9693 27.7317
132.4773 26.0039
138.7190 27.2385
126.7386 25.2711
135.1845 31.6986
129.8984 24.4108
131.1547 28.7938
131.1008 19.9651
129.5165 27.9231
134.2854 27.6322
130.4577 27.3893
143.6010 36.1090
146.6661 35.9922
144.1818 38.2221
141.1142 34.6764
139.3853 29.4691
131.0629 27.6867
151.7319 34.7431
136.6950 30.7110
135.0576 33.2433
139.3978 32.7059
140.5310 34.3118
139.2046 28.1627
139.9376 31.7775
134.4554 33.1345
136.4568 30.8994
138.5371 27.5763
133.4081 23.6165
135.1353 31.7012
132.3654 21.0480
144.0548 38.5315
135.7205 31.1674
139.8864 27.8629
136.6335 30.6910
133.6291 31.2717
139.2859 28.1798
144.2106 38.3067
145.5628 34.8847
139.3341 29.4372
138.3259 32.3578
139.3503 27.0186
134.7218 33.1421
135.1126 31.1999
137.7731 34.0198
146.5252 34.7713
146.4874 34.5065
135.1959 31.7220
137.0665 27.6253
121.9053 25.1724
145.2458 39.4060
130.8959 29.7276
141.0196 35.1531
139.1356 29.5572
142.1678 32.7229
153.8551 37.2886
121.2347 32.7621
145.1637 33.2279
139.5405 27.0640
135.9982 28.0198
140.1886 27.5668
134.8518 32.6908
143.4174 38.2986
136.6570 33.3725
133.6097 32.4184
138.0411 28.0723
137.0155 33.3227
152.3071 34.8675
138.9848 26.7867
135.7828 32.2751
140.4665 27.1524
138.1350 27.1162
137.1316 33.0396
137.9337 26.8075
134.7479 31.1913
140.1362 33.3851
137.2157 28.8208
141.3999 35.2126
149.3539 36.1639
137.4925 27.1629
140.8614 33.8623
144.2211 38.7656
150.1442 39.3797
136.5453 26.8530
136.0262 25.9308
158.0420 31.5488
136.3294 26.0524
137.4648 33.7244
134.8147 31.4144
136.4135 31.1574
136.7431 30.3266
131.0072 30.4683
138.2335 27.0702
135.9198 26.4660
152.6907 34.7569
127.3329 28.4114
140.8000 33.4554
134.4318 32.0760
132.8942 28.2261
132.1332 28.2596
134.4655 31.9470
129.2291 26.8738
131.3542 28.1420
132.9672 29.0832
135.1569 31.2213
132.7112 28.1980
138.2936 28.6209
132.9272 28.1389
138.3050 28.5820
129.6168 27.1114
141.2664 35.4687
135.4159 30.9625
133.6822 28.4088
136.5102 28.6817
132.3154 31.0614
131.3199 28.2294
131.7640 28.8891
135.9348 28.6074
150.1330 35.5806
129.9171 27.8203
136.6088 30.6264
132.4597 28.2454
131.2880 25.1498
139.3094 27.0758
131.6367 21.6377
138.4676 29.4795
135.4686 30.8531
124.1122 21.8893
130.9859 25.7324
132.8309 28.5979
133.0269 32.5537
131.3739 21.4169
137.6693 32.1149
123.4988 23.3082
130.5135 25.4059
135.8006 26.4694
132.7166 32.0133
137.2519 29.5828
136.5235 33.3476
144.3891 36.1586
141.9620 35.8756
132.3421 28.0035
131.7891 29.0511
136.5344 28.3030
131.1677 21.5968
131.6133 25.9259
138.6076 27.1639
134.8522 30.9547
132.7720 28.3453
129.2858 26.2025
142.2473 35.9948
141.1124 34.0269
131.4136 27.9137
130.8468 21.4511
142.5032 36.2299
136.9885 28.8738
135.9294 26.7835
134.7452 27.7338
129.0129 26.9175
145.0346 35.5453
130.7968 28.4741
137.2779 31.6421
133.6497 24.3950
131.0339 25.2876
141.8781 35.8865
137.8469 27.1715
137.7748 28.0464
131.9700 24.6035
133.0375 28.0949
134.6341 31.6177
132.1195 25.2532
129.9483 25.2584
130.5587 25.5321
142.5435 35.6106
135.1203 31.8057
134.1491 30.2338
131.6143 21.7958
134.4326 30.0954
133.2933 23.1017
133.0618 22.8278
138.1464 28.8293
131.4817 28.0261
139.7509 27.3677
134.0993 31.5826
130.4717 21.1455
136.5693 33.4270
131.4383 21.8672
129.0196 26.6294
146.8761 36.6778
135.0837 31.3240
131.1876 28.0636
132.5077 28.1378
132.0527 24.1270
129.7233 25.0807
135.3598 26.5477
138.9365 27.9131
137.1264 33.0277
135.8142 26.0210
131.0744 21.6280
132.5751 30.9108
135.1725 28.0986
129.2121 29.6449
136.8290 31.0476
131.8958 29.7952
133.5855 32.1277
132.8159 23.8333
130.7211 28.0846
130.6405 28.4660
136.6159 26.6141
126.1830 24.6878
129.9536 27.7525
129.3331 27.1309
133.4631 30.7670
128.8655 25.7524
136.4383 27.4108
134.1114 31.2134
135.5171 25.4739
133.3750 25.7246
130.2384 26.6855
130.9807 25.5201
134.0634 30.3298
139.2407 27.4266
126.6108 27.6663
127.4834 25.4644
136.3987 26.2575
137.4608 30.8183
132.6394 27.3749
128.1608 29.5742
124.2257 23.5065
135.0190 30.8470
132.2320 22.4779
127.6311 25.1571
131.4980 21.7672
129.1593 26.7519
139.0092 27.4482
128.0211 25.1835
131.0623 25.9933
128.7992 26.8083
135.3833 30.5354
130.9839 25.0971
138.2305 31.8140
138.1380 28.7297
134.1643 25.1468
123.2346 21.0662
135.1850 24.9246
129.2242 21.7866
124.2682 24.1205
125.2717 24.2446
137.5821 31.8237
134.3190 28.3906
136.8399 27.6493
126.9671 25.2693
133.1558 24.1492
135.5673 27.4084
137.0599 26.7688
135.5755 30.2471
133.0851 31.0039
136.8848 33.3584
135.1853 31.1669
139.3544 27.1153
129.7806 24.6993
143.3051 35.7967
137.6056 27.0366
132.6913 28.0560
136.9325 30.0920
129.3585 26.4624
137.7190 28.8664
136.4480 28.3786
135.8720 25.9918
140.2454 26.8858
133.9220 33.1576
134.2502 30.4644
129.2006 25.8862
136.2584 26.6558
132.6061 21.7597
131.3102 21.4387
141.2392 34.2644
136.9480 27.2458
135.2114 25.0321
137.4606 32.1728
124.8400 22.9157
129.8152 26.3218
132.5771 23.0761
134.6661 30.5537
129.6067 27.2419
138.9591 26.9390
133.6374 28.7680
136.2265 28.8532
131.9648 30.0459
129.9724 24.5637
138.0686 28.9261
139.9656 31.3229
144.0060 34.0915
129.6234 25.7989
134.4721 27.8594
132.4026 28.4167
128.0912 27.0854
133.1178 25.5403
139.2144 32.5949
134.9560 30.4547
129.1110 27.0277
139.5768 34.1963
134.1615 29.9244
133.2014 28.2486
134.2000 32.5860
129.9886 26.1111
132.2005 26.1809
134.7309 32.3449
151.6839 34.6407
134.1590 32.8348
132.6832 30.1353
135.5740 27.5609
131.0746 27.7469
127.4056 25.1993
139.3642 28.3130
131.2930 29.0470
136.8828 28.0141
145.3598 35.0402
129.8594 25.8777
136.9483 25.8987
134.7646 27.5178
133.6554 31.6478
138.1178 29.4428
131.1169 21.6111
139.0106 28.7370
131.2519 29.3132
130.8859 28.1544
134.0767 32.3093
133.7055 29.9535
131.2402 21.8325
133.9404 31.2259
123.5513 23.2077
136.1595 27.1824
132.7194 23.0081
130.2711 25.7978
138.5898 30.6074
138.2420 32.0618
132.3383 29.5088
137.3506 27.9600
138.1839 29.7942
131.1129 25.3520
134.8663 27.3034
136.0070 25.4718
132.9509 25.1482
138.4700 26.9076
130.5373 21.5689
137.6724 28.5927
139.4153 33.9160
134.2000 30.0636
130.2257 25.4050
136.5522 29.5148
138.2119 27.0483
139.3474 34.2201
132.2022 28.9980
124.3073 23.0065
136.0856 28.4734
133.4712 30.2203
130.5124 21.3088
134.9447 32.0229
129.0875 27.1874
134.1206 31.0383
131.5317 28.7657
133.0348 23.5351
134.2225 25.3596
129.4584 22.7793
139.6013 33.9392
137.1474 26.3819
130.5407 21.1223
134.8635 31.8151
135.2838 25.6675
139.5065 30.9475
129.3102 26.7052
138.1946 28.0433
124.1173 26.4337
129.5903 30.3906
122.9661 21.0709
135.2381 31.2152
129.7012 24.7553
138.5149 29.7917
126.6306 27.1706
134.4957 31.0587
131.3924 21.6932
137.4690 30.2601
128.8774 25.0960
135.5997 27.6439
133.4955 30.7253
128.9606 29.7031
126.5299 26.7903
131.0124 28.0113
130.9853 27.4686
129.7528 26.5891
132.0315 29.3792
138.7971 27.7536
131.7612 29.2913
136.4338 25.7692
133.1102 30.3552
130.6922 24.5145
138.9003 26.9356
136.0553 25.9475
137.3013 26.4720
133.0688 30.8573
134.2769 31.0620
132.1748 28.9209
132.1094 30.0558
134.1831 30.7347
139.1607 27.4645
131.1425 22.3458
127.0732 25.6391
136.6884 32.3685
129.3184 29.6375
130.5744 21.5440
134.3625 26.3220
130.6219 28.2705
134.2220 27.4878
145.9096 34.8634
134.7368 28.0460
123.4960 21.9245
132.5011 23.7047
130.6160 27.6052
135.9465 27.0597
133.4912 30.8640
130.5575 24.5929
136.1068 26.9315
132.7281 25.9258
128.3041 26.2239
137.8906 29.7493
131.0177 21.2291
124.4480 22.7801
135.3454 27.1778
138.6664 26.4920
127.9181 24.9448
135.8148 31.9524
131.0548 25.0207
132.6882 23.9519
130.6402 27.8905
129.1763 26.7978
136.1670 30.4360
138.7759 26.7712
128.9396 25.5111
136.9160 27.6275
130.9676 20.7457
132.7910 29.9575
124.5139 24.1267
133.7273 27.6652
133.9693 32.0619
137.4539 29.3217
130.7005 21.5783
136.1246 25.8629
134.7849 33.1887
128.6234 25.0588
138.8357 27.2037
132.7752 29.0941
129.6334 29.7923
129.5212 27.0849
133.7167 32.5751
137.2657 31.8684
136.3841 26.3390
135.8266 26.0040
135.7854 30.0044
131.8378 20.4539
130.8075 22.5988
122.5876 22.9816
131.9666 26.3496
137.4235 30.5808
130.2474 26.9563
133.8148 28.9798
122.6798 21.7686
130.7336 20.3577
129.1267 26.5934
135.6929 27.2105
130.4905 22.5921
123.5228 21.0989
137.2252 27.9692
133.7780 29.3593
135.4068 26.1907
135.3893 27.6647
129.5474 24.3778
136.5681 27.5636
127.2679 25.6898
136.8748 26.3571
132.7797 30.2266
122.0324 24.0089
131.3412 22.2391
129.1774 25.9918
134.7022 33.1606
123.4196 23.3285
130.7733 29.5386
132.2761 23.2712
133.2686 24.5022
137.1799 30.6292
133.6204 31.8480
133.7504 23.7514
130.9573 25.3698
134.0971 28.8388
123.7122 20.0736
129.0385 26.9646
138.6187 26.2139
129.5832 25.5495
138.6684 28.2891
139.2991 27.8376
129.0551 25.3452
135.3649 25.0947
139.1270 26.5083
136.4633 26.0579
135.6530 30.7076
133.8601 28.5638
136.4379 32.3129
138.6454 27.9066
135.9419 25.2120
133.4719 31.8116
131.4411 28.2861
129.2225 26.9544
132.7605 22.6126
128.9715 24.4989
132.2001 20.4521
132.7996 30.8760
136.1594 27.4467
129.3868 21.0207
131.4707 24.6148
133.3480 31.9691
136.8196 28.5799
130.1011 27.6613
136.3478 30.5188
130.3469 20.3715
131.6063 29.6472
133.1586 28.6253
136.2896 26.9199
136.2684 30.0956
135.1342 28.2751
134.1752 26.6556
135.1335 28.2929
131.1198 23.9666
137.6557 33.1545
128.0716 26.5063
130.1135 28.0891
137.1743 27.4967
136.2167 28.7781
133.3394 32.3342
139.2537 27.1022
139.2515 27.6181
130.3689 21.0720
136.6739 28.5018
132.7379 27.7642
130.8201 24.2559
135.5412 27.3554
133.7353 29.2396
132.7901 27.8655
135.8503 26.9292
132.7210 30.4150
135.2490 25.7531
134.1323 27.4341
136.2977 30.7818
134.8519 25.1794
135.8640 29.3116
131.0600 28.4027
130.3348 25.8945
132.1144 30.1370
132.4639 30.7172
129.9016 27.0880
135.5688 27.2036
131.9132 24.5901
135.3100 25.8497
133.6144 30.1900
135.6293 26.9623
122.3729 21.0557
137.6402 30.3250
138.0721 26.8382
130.1198 26.2079
129.6324 27.3422
137.7147 30.1286
134.0597 29.7668
133.8563 31.3657
138.2311 27.0893
131.1235 25.9742
137.2579 26.3886
122.0663 20.1550
139.2972 27.1860
131.5421 22.2754
137.4832 29.6618
139.1201 27.1176
130.2973 27.5808
129.4422 24.6867
136.5242 27.7026
134.3911 26.6434
139.0433 27.4030
135.3556 30.1530
135.5091 29.8625
136.3751 30.4792
133.0043 30.1925
132.1074 28.1859
131.1521 24.4874
138.6957 26.8008
138.8743 26.8923
130.8908 21.8186
134.9819 27.3078
134.7157 27.6113
126.5205 24.7928
133.0763 29.9003
134.0585 32.0793
134.6377 28.3910
136.2582 33.3147
135.2666 27.2909
136.8293 26.4667
132.4622 29.5420
130.9753 28.8823
131.7973 22.3777
137.7636 29.4620
131.9501 29.0756
137.2816 28.0625
135.5284 31.0568
137.1308 29.8152
137.1119 29.2230
133.7912 27.6233
130.0561 24.3363
136.4551 30.8984
134.1999 31.5850
136.1326 27.5722
136.7760 26.8488
130.4576 27.9011
143.5372 35.8281
136.4318 26.8798
134.0983 28.0247
135.6794 27.3705
131.3502 25.8043
133.0271 29.8197
129.1036 26.9930
136.2524 27.5086
128.8608 27.1477
130.1665 28.1072
134.5421 30.8178
122.2275 22.9406
132.7902 29.5646
131.7100 27.6727
136.9688 28.4320
132.6339 27.7104
132.0666 22.3226
138.9286 27.0938
132.5378 31.2249
132.2636 27.8007
135.5944 30.0131
136.9559 27.8056
121.2121 26.8739
131.0630 22.8613
131.1678 20.1436
132.6650 22.4526
133.4921 27.5192
129.4415 26.8994
139.3316 26.8989
124.5427 23.0781
130.7277 21.2948
149.5869 35.2165
138.6106 31.5427
133.1409 23.5866
132.2684 20.4541
135.6030 25.9952
134.9723 28.3675
134.3269 29.1415
128.2469 25.0212
130.6792 20.2902
130.7108 22.1881
129.7770 30.4445
134.5237 28.0478
127.8266 24.4985
129.2342 25.7670
129.6180 16.8295
131.8065 31.6262
141.2404 34.1050
136.8991 30.6766
130.1443 21.1862
137.9610 28.7307
135.7020 32.9642
127.8755 25.0806
130.3404 22.1617
129.5748 22.4311
130.5233 21.5987
122.8682 19.7710
130.5816 26.4144
137.8062 27.9829
131.9739 22.5110
130.2618 24.8678
123.2553 22.2564
132.5736 23.3742
129.2991 26.8284
124.2932 20.9630
132.8076 29.3153
132.8237 23.8170
124.9920 21.9735
130.7704 22.3145
137.2201 27.1051
137.5885 33.4394
132.4951 29.7913
130.2983 26.5612
136.4553 30.1724
125.2091 22.9650
134.4384 32.0379
130.4545 24.4408
132.3444 30.5436
128.3433 30.1030
133.3316 25.7572
129.2060 24.7609
122.1634 24.9410
118.3579 20.6906
135.7854 31.0255
146.9595 37.4304
136.7635 30.8404
133.3308 31.6476
131.5806 28.0091
136.4262 27.0524
144.2535 36.3763
136.9087 26.6193
139.6971 33.6327
135.5613 27.6725
139.1013 30.2501
139.1722 29.8414
134.8554 32.3326
138.3493 31.7747
139.3846 28.1487
136.9507 26.8265
136.8232 26.4752
136.5098 27.2945
135.2991 32.3119
145.4769 36.1634
138.2129 31.8883
137.0581 30.2255
133.2170 32.6288
136.5552 30.8708
137.0896 27.3958
146.6807 35.7325
139.3954 34.0366
136.4990 27.0823
144.2915 33.6648
139.5573 33.9758
139.1979 31.9872
136.0665 27.5850
147.2189 35.2305
138.1547 29.0538
138.3687 29.0522
138.4143 33.3323
146.8299 37.1654
136.7227 30.6205
136.3158 31.4149
136.3392 26.0213
143.1282 36.5688
138.1055 33.4499
147.2676 37.7571
138.4706 29.4906
139.5220 33.9281
136.2979 26.7589
147.6037 35.5215
139.6808 27.9840
139.0538 27.0250
136.9331 26.6844
134.9755 32.1415
138.2473 28.4063
139.5800 33.2800
136.1918 27.2499
146.0383 39.3852
136.5403 30.9858
145.8431 34.5119
137.8677 30.1909
138.2045 30.1513
138.1878 31.8934
138.2812 29.5471
145.1282 38.9452
149.9758 35.4681
147.6944 34.9861
141.2781 35.1612
136.8954 26.5587
134.4748 32.9402
139.0699 29.5882
134.9557 32.0283
147.2494 35.1468
145.1446 39.5203
136.9908 30.7820
137.3275 33.3212
137.6587 29.8254
137.5132 30.6125
133.2029 31.7994
145.4529 39.1191
130.5957 25.8368
138.0852 27.0958
151.9348 35.0660
135.0033 32.4784
145.1419 38.9106
135.3263 32.8606
141.1652 35.7960
139.5619 32.8498
147.0253 34.9764
145.7870 34.4412
135.9537 31.0306
138.2553 28.7030
136.1521 27.3450
138.3356 28.7586
136.3510 27.6970
138.0990 27.0684
146.7052 34.7696
145.4948 39.1366
138.8260 31.9853
138.1773 27.0673
138.5105 32.0443
139.8516 33.0322
134.8457 32.2608
138.9365 32.0811
143.4978 35.3420
139.1101 29.2573
136.9551 33.4338
135.7300 27.6283
137.9904 33.5055
140.1004 32.9548
136.9006 33.3176
145.4359 35.9293
135.5909 27.6933
139.5257 33.0887
137.1809 31.0603
144.2529 38.3467
139.6882 32.8288
146.4110 37.0859
136.0813 25.8777
137.6129 28.7177
138.3147 31.5743
137.0798 26.7867
135.6851 27.5151
139.5062 32.4532
134.8891 32.0041
136.1006 30.9309
146.1589 34.6174
135.7563 27.7550
136.2654 30.5900
138.3234 27.0944
143.5902 35.7025
136.9132 29.9205
136.4536 27.2026
134.6765 31.0887
137.1532 30.3408
136.7712 27.7556
139.1578 29.2124
134.9780 33.6263
136.1310 27.2326
134.5730 32.4719
144.4640 33.0309
137.8063 33.7094
136.7451 30.7562
140.5965 34.4250
134.9935 32.7946
139.3624 34.1723
143.6293 36.0243
135.3071 31.4803
141.2610 34.8100
143.2147 35.8563
147.7431 37.7800
135.4240 31.5589
135.6139 27.6925
141.5725 34.7239
137.5224 27.1387
136.5488 27.3056
147.4407 37.1333
132.9656 32.2759
136.4020 33.3569
138.7595 32.2686
136.8649 30.0191
137.8490 30.2619
138.1887 28.6182
138.1391 32.9932
139.4906 27.9918
139.3988 32.7562
137.5214 28.6491
134.7137 32.9694
140.5522 35.1776
136.3412 30.7207
134.6789 32.7747
136.0141 33.2988
136.6630 25.9997
141.1123 33.6904
148.1628 35.7410
139.0818 30.2482
138.3498 29.5344
136.2759 30.5805
135.3503 27.6213
146.9671 35.7529
134.7138 32.6993
135.3517 27.7398
136.1815 26.0019
145.7931 35.6805
139.2269 28.4594
146.8303 34.8395
139.5181 27.9065
137.9687 33.5326
139.4938 33.9648
147.4777 35.2572
137.4858 30.7990
145.9440 36.0247
139.9255 34.7125
137.5651 28.6535
136.2241 27.2240
144.0564 36.9132
136.9193 30.6727
136.3843 30.5634
131.2375 28.1193
136.4307 27.1667
135.4361 31.2843
134.8019 32.2693
143.3054 35.9268
145.3904 36.5368
136.0726 27.6090
137.6395 27.1191
138.4215 27.1530
139.5116 33.1671
136.5744 30.9505
137.4128 30.4057
146.7457 34.8792
147.1871 35.0622
135.9200 30.9872
134.8205 30.9773
137.2629 33.2710
136.4395 30.9867
138.9408 27.0655
151.6900 34.1775
146.1510 37.5821
136.6461 30.9241
136.8982 26.6586
140.2821 31.6279
135.4951 33.2440
136.6790 30.8153
137.8815 30.6738
137.9837 27.1916
135.8652 33.2505
135.9341 33.3119
135.7867 27.5894
138.1893 29.5222
139.3464 32.5875
147.1770 35.1239
161.3191 35.3435
150.3478 38.7176
138.0597 31.8244
141.0253 34.9839
135.5221 32.6821
143.6943 35.4777
134.9055 27.6976
136.4102 30.8692
141.4170 34.0387
144.3461 33.1025
147.2688 35.1493
138.2488 28.7034
136.6898 26.6325
136.0817 33.3490
135.8780 27.4179
137.2483 26.9226
139.2335 28.4748
137.2247 27.4463
139.8486 33.0331
141.4354 35.8610
152.2320 36.1675
139.5046 33.1316
135.1369 33.3079
137.4121 34.0004
137.1038 28.3260
137.0306 26.7944
136.0783 27.5349
138.3142 29.9489
137.3637 26.9994
145.6923 35.6694
138.8600 27.1460
136.7723 27.0987
137.4298 30.7490
136.1686 26.0553
138.7693 26.9739
136.9730 27.9625
146.4184 35.8146
136.9833 30.8815
140.3857 33.2649
136.5472 26.5282
139.5315 33.0399
137.1501 30.3733
139.2845 32.1863
138.0528 27.2147
138.4833 31.8304
138.3961 33.3403
135.5248 32.8945
147.9662 35.4996
135.0538 32.9589
139.2587 34.0831
137.7807 27.1631
139.6456 27.9117
