131.2206 25.5214
132.8501 30.1206
131.4216 24.3871
140.4290 33.6527
133.5043 30.6403
132.6334 28.3335
130.7663 26.3131
137.3557 29.3354
139.0208 27.6391
139.4137 27.6643
136.2240 27.9378
129.9782 26.4502
138.0226 29.7184
133.7221 31.7922
132.2267 31.1989
138.9575 27.5727
133.7409 30.0659
137.4219 32.7183
138.6601 27.4170
136.8079 31.0163
139.0075 27.1637
133.2719 24.7590
136.0016 29.1709
141.5221 35.7666
135.4641 32.5622
131.0881 26.1757
139.7167 27.5935
136.3759 28.0218
138.9121 28.6070
140.0390 29.1779
136.7618 28.6603
136.1857 27.8683
139.0273 27.7602
129.7608 26.0893
136.9096 30.0028
137.5870 28.5558
131.6191 28.7176
132.9445 27.5559
133.0575 26.3739
138.6443 27.1811
131.6855 29.0670
138.2513 33.8831
136.1323 27.6486
136.9505 27.5451
134.3091 23.5020
141.9997 35.6547
133.8994 30.5206
133.5991 32.5445
133.4349 28.4485
125.4397 22.3892
134.2373 27.9034
132.5311 25.4076
136.7320 32.2174
134.4313 27.9924
131.4440 24.6790
141.3625 33.5180
131.7882 28.7997
133.8936 28.5143
130.9252 26.7072
126.2509 23.3400
133.4059 28.1738
136.9214 26.2186
136.3483 30.7065
135.0746 28.5388
141.6743 35.7738
138.1345 27.2706
135.0342 30.5435
133.0047 24.2852
137.9154 27.8130
132.3307 26.4668
134.4694 23.0680
140.3103 28.3287
132.0898 28.7966
131.3988 28.5798
136.0018 27.9182
130.6642 28.1827
126.3583 25.5167
135.5116 22.8211
138.0599 32.8907
132.7655 24.6640
137.8102 28.7097
134.2130 24.1374
131.5415 26.6414
133.7054 29.9404
136.9982 28.9065
132.6867 30.7717
133.5801 24.2726
135.8954 31.3547
126.9643 27.3972
135.7317 31.2260
133.7392 24.6068
137.3431 29.6672
130.9877 27.0206
136.7545 26.9767
131.8837 21.6651
130.8121 26.3171
139.3163 27.5252
132.0685 31.2712
137.9065 29.4329
133.9263 24.2179
134.4303 31.9702
132.8817 26.0931
134.9584 22.3422
136.9710 29.6438
134.9235 31.7975
136.8929 29.2641
134.3852 25.2133
136.1082 27.7622
141.5519 35.8305
131.7501 27.9613
144.1356 36.0672
139.5709 33.6267
131.1892 27.1239
133.7189 24.4010
130.0867 27.5972
130.8140 28.5228
137.5735 28.4813
137.2594 31.6753
136.9498 29.6997
133.7892 24.2777
133.9722 25.5651
138.9783 27.3458
135.9498 29.2188
129.9426 27.7152
136.9192 30.5760
131.0374 26.0369
134.4639 25.1459
137.7824 32.8258
136.6384 27.9130
132.2271 28.7528
136.9563 28.6141
130.9372 26.6424
134.1115 23.4833
130.7261 27.0894
131.4634 30.8076
131.2931 27.1444
137.8575 30.3003
131.1361 26.5192
134.9577 28.5461
140.2414 28.6016
137.6919 26.6259
134.9049 22.0162
133.4294 24.0075
141.5929 34.9578
138.9441 27.5667
133.9349 28.2646
137.3307 32.8056
134.4085 30.5521
137.6142 28.3303
130.0998 27.5984
137.9874 28.7446
131.0449 28.3314
134.9775 28.4842
137.6656 32.8743
126.1661 24.9315
135.4302 29.1418
136.5577 30.9583
132.0566 25.2585
133.7852 30.7507
135.8486 27.8272
136.5482 31.1702
144.4988 37.2234
131.8882 29.1122
135.7631 29.1986
129.7437 27.9500
139.0826 27.8291
135.9818 28.0749
128.8742 25.6624
141.3809 34.5296
135.9952 29.1632
135.9905 27.7471
134.4305 32.4893
130.4036 27.9395
129.9204 27.4440
140.9809 33.7352
131.9242 28.4730
132.1708 28.7798
131.9789 28.6764
133.2327 24.9043
140.2358 27.6716
132.3931 27.7657
135.2725 28.6984
132.6607 30.1197
136.5110 27.5565
131.1423 28.9018
128.7909 25.2564
136.5455 28.4550
131.4364 26.4456
140.1662 28.6118
137.7661 26.3082
139.1366 27.1233
131.4393 28.1722
134.8710 33.1617
133.2280 29.7759
137.3038 32.7674
136.4013 28.2522
136.6469 28.2232
131.9884 28.5531
139.9105 27.7378
139.5118 27.3347
133.2539 30.1643
132.4053 29.7844
137.7585 28.6063
137.6913 29.0653
133.5949 24.6567
125.4385 20.7221
138.9385 28.3061
137.5454 30.5551
135.2907 28.7146
140.9843 34.3575
139.0356 27.8577
139.0770 28.5137
132.3966 27.8387
137.9044 32.0525
139.0284 27.4235
130.6777 27.4129
133.9112 23.8672
123.6572 20.8514
136.5135 27.7405
131.5944 28.3304
140.3096 28.1525
133.8853 30.0671
130.6367 27.2407
124.4319 21.4912
137.9943 28.6528
136.5885 30.7657
132.9881 24.7370
130.2313 25.7375
138.6327 26.9281
137.1720 28.3341
134.7238 29.4679
133.4625 30.2968
135.3136 27.8324
128.6611 29.6018
142.1539 34.3689
139.1638 27.1708
139.2575 33.0868
132.0717 24.2584
131.8441 32.0304
124.4683 23.1739
134.6185 32.1366
131.9614 28.8133
131.5187 26.7212
130.7612 26.5966
135.2338 29.2410
130.7681 25.8234
132.4749 24.8834
135.8257 30.7621
136.8671 27.9401
132.5872 29.2277
133.6336 29.1771
130.9077 27.3398
136.8168 28.7944
136.6417 28.4097
137.8096 28.9110
132.1542 31.3207
138.4113 32.4238
135.8875 27.7131
132.0366 28.7740
131.8715 26.5565
137.3758 26.8495
135.0666 28.3859
130.6344 26.0857
135.9601 29.2646
130.6515 25.7557
137.5778 28.2948
137.9597 26.7430
137.3425 27.6719
134.3525 22.9879
133.1586 29.9307
140.1393 28.5508
131.6992 26.4675
138.9968 28.0810
134.1628 21.5219
130.6277 26.4749
132.0615 24.6005
125.1009 22.6959
132.7110 29.1954
137.3164 29.5579
140.4227 28.0364
133.2160 31.1911
140.0863 28.0556
138.3469 26.6687
133.6915 24.3041
133.9502 28.1823
132.5058 25.2519
137.7764 30.3484
125.8980 21.9475
132.2406 29.0189
131.5276 28.1200
130.5934 28.0002
139.2005 27.9813
135.8053 29.2749
140.6069 34.3090
138.0038 28.5119
133.5282 30.3559
133.6797 24.8066
131.5344 26.6256
139.0872 27.1366
133.3234 28.3680
124.8233 23.1586
136.9184 27.9848
132.8401 32.1822
132.6156 28.8056
135.8520 30.5350
135.0405 22.3155
125.0298 21.1446
132.2952 28.3517
131.6766 29.1229
125.9666 25.0121
136.2913 29.9726
136.6774 29.5156
134.2689 28.6071
138.7406 27.0042
137.1502 30.4917
136.0254 30.3868
137.3175 32.3466
135.9117 27.9285
130.8120 26.3107
140.1207 28.2021
133.7423 27.6946
136.8909 31.5326
131.1491 25.7125
131.8828 32.0919
134.1647 29.0289
136.1253 30.5190
131.9336 28.8820
130.5668 26.9457
134.3710 31.4875
130.7612 25.4785
132.5981 31.4266
138.2590 28.5560
131.7961 27.0202
132.7048 24.3833
131.5412 25.3180
135.2559 30.6655
134.7591 21.8962
139.0249 32.4653
137.3841 29.5598
135.9061 27.6527
134.1763 23.5452
131.7751 31.4600
137.0734 28.7679
138.0731 28.8269
136.7807 28.4169
132.3016 28.7102
137.1067 30.0417
139.0659 27.6323
136.9019 31.1352
134.8510 31.6316
137.8021 31.8881
128.0869 29.3352
130.1508 26.6291
137.3251 32.1112
140.4540 28.0932
137.7357 32.6067
138.1862 28.4650
130.8160 28.0273
137.4563 32.3109
133.6012 28.1996
137.5721 28.6032
139.4765 27.4440
137.2417 29.4225
138.0239 28.9206
138.7222 28.3182
134.0431 32.4390
125.5370 24.3533
139.4724 33.6810
132.4990 30.4817
138.0054 29.1124
139.9952 28.3282
134.7509 30.7009
131.9227 26.0762
134.1219 25.3961
132.3802 26.5176
130.4111 25.7070
133.9977 24.8872
131.8044 25.5741
138.4222 29.7201
133.6484 28.5477
132.1038 26.5647
136.2643 28.3322
132.2627 22.5057
134.4643 22.8480
134.5321 31.6690
133.2910 25.3896
124.9173 23.7319
136.3372 27.7010
139.9725 27.7919
140.7589 27.9145
130.8621 26.1872
129.7487 26.5991
136.9153 28.7259
128.8700 27.3268
136.8150 28.2015
133.9625 31.6549
136.7004 27.6041
134.0463 23.5535
133.1898 30.2459
133.0084 30.1557
132.4533 28.4997
133.4741 24.7710
138.6602 27.1634
132.7953 28.5998
139.7383 27.4662
138.0791 28.2466
132.8835 30.7715
131.5584 28.1295
131.9446 31.8002
136.8644 30.7938
129.9260 26.5318
134.0329 30.3233
129.8997 25.6107
140.1163 29.3955
129.2755 26.9225
138.5950 27.0907
136.4843 28.5170
135.8172 28.0390
136.4353 28.5072
135.4837 28.3891
133.5782 29.3085
138.9016 28.1390
136.1534 27.8146
138.0733 29.8382
132.2681 25.2543
132.3618 28.5671
136.2538 30.1339
132.3870 31.6317
133.6409 23.7673
132.1559 27.8989
139.6693 27.6801
130.5204 25.5447
134.0386 23.6428
137.4997 28.3749
134.4526 23.9925
125.8726 24.6697
139.3907 33.1945
128.0443 28.4523
138.5034 29.1692
129.3762 26.4057
145.6577 35.0300
133.6652 23.1058
140.0984 28.4909
133.3073 24.7523
134.4573 23.0365
133.0610 26.3114
132.5284 24.8922
134.8252 29.8987
133.4891 24.4447
131.4372 25.1518
134.2819 28.6109
131.3067 26.2477
128.5858 25.4259
138.8602 27.2482
132.0648 32.0402
137.7927 32.0071
138.5899 33.3331
130.4095 26.1654
136.5047 28.4306
124.9410 24.9109
132.8840 29.2459
136.2662 30.5618
136.6504 31.4914
131.3840 25.9712
137.8504 28.4049
131.2885 26.2304
136.3514 29.9604
137.4839 28.1104
136.0994 28.1348
139.0203 28.2326
134.4049 22.4345
134.7032 28.3515
132.0562 28.9307
136.3112 31.4338
131.3489 28.4834
133.1562 24.8433
137.4562 27.0230
133.4452 25.0832
136.8513 29.6805
126.4663 21.5368
136.6552 28.4721
134.0183 24.6270
137.5972 28.9306
133.6903 30.1994
138.0195 32.9102
140.1182 27.8771
131.5434 26.4851
136.4613 30.0875
140.0574 28.8217
137.6561 30.5052
128.1174 28.6091
137.7082 28.2848
136.5512 30.5060
135.8385 27.7346
136.2717 28.3355
131.0865 26.7115
137.1277 30.6779
139.7267 27.4873
137.3674 28.5964
132.7343 28.4937
134.6254 23.1230
133.7941 32.7492
124.6908 23.6147
137.3893 28.2532
132.6410 30.7012
133.9521 23.8439
139.4231 27.3713
137.8034 26.4982
134.4635 27.9406
133.9600 23.9774
131.4801 26.2131
132.5052 26.7387
138.7693 27.5306
132.5874 26.2324
136.2412 31.5475
133.2787 28.3733
133.3958 28.0493
132.5557 30.5188
134.4366 28.5162
134.0018 23.8083
134.0890 24.6294
132.2950 26.7577
137.4783 30.3199
138.9677 29.0252
137.7993 28.8726
136.5838 29.4894
136.5493 27.6199
134.8949 28.3967
124.4589 23.4725
131.9380 24.0955
134.0306 30.5562
137.2649 32.1164
131.2460 27.9198
131.2647 26.6948
136.2032 27.7684
132.2021 31.2566
129.0185 26.0710
140.0426 28.8378
135.4320 28.4523
135.4163 28.8293
137.3134 32.8509
137.0851 27.9287
136.1754 28.0676
131.2681 26.6658
134.0370 30.4559
137.4814 31.4212
133.7925 29.8924
135.5824 23.1483
140.2047 28.9809
136.5653 27.6745
135.9549 27.8442
135.4733 28.7267
131.8343 25.4024
140.0685 28.7091
137.7830 28.1324
137.2442 29.4528
137.6146 28.9008
132.3482 26.1885
134.6471 28.5144
125.3922 22.3477
132.3959 27.4419
136.8329 30.2557
138.0895 28.9670
139.6952 28.3765
136.4621 33.4368
136.8729 30.6488
140.1560 29.1637
137.5895 26.2732
137.9790 33.6249
139.8805 28.0407
137.6581 32.5831
137.8254 26.7806
139.7314 33.4713
140.9007 33.6308
136.2482 31.0117
135.5390 31.1582
139.5192 28.2767
140.2082 28.5220
137.7066 28.3043
132.5945 29.6059
139.2168 28.6573
141.3819 34.5034
134.9334 32.8459
137.5986 33.1148
138.7503 34.1001
129.0211 29.3085
137.5316 31.2472
127.5331 27.0750
137.0046 28.1599
139.1704 33.2375
140.1479 28.4818
137.6013 26.7896
138.1140 31.1875
137.7071 28.1821
138.1189 33.3902
135.6826 27.8491
139.9738 28.5767
136.7001 30.7859
136.9767 29.4663
139.7949 27.9188
136.8808 30.9727
127.3137 27.7449
139.7053 27.9497
143.4431 36.7398
137.4752 28.0888
127.5318 27.9786
139.3698 27.4957
138.6485 27.5809
137.4468 31.1255
137.6695 31.3000
133.7406 29.1450
139.5958 27.4158
136.8515 28.4860
136.7562 29.0078
138.2456 33.8456
127.6390 28.4538
135.5096 27.8453
138.9262 27.9913
136.4678 31.1837
134.9009 23.5872
140.0184 32.7264
133.4594 29.3740
138.6190 26.9011
145.1965 35.5533
136.2525 28.0089
131.5436 30.4209
137.8565 27.2502
143.2032 35.8902
138.9610 27.4997
139.4518 27.5745
137.0912 31.6419
137.7940 28.7361
139.1730 27.2756
140.1322 28.1182
139.8567 27.8136
139.4922 28.2289
139.5671 27.4138
139.6241 27.3893
139.8160 28.6481
136.3091 29.8142
138.2835 32.3915
138.6752 27.1619
137.7649 26.8160
137.2367 29.3628
138.0356 33.6751
144.9697 37.9045
134.6927 25.6753
137.0256 31.0814
139.8888 28.3370
140.5433 33.9480
132.2388 28.7132
136.3629 29.0326
136.6151 28.5738
136.1056 30.7737
140.1372 27.5920
137.6544 31.7984
135.4920 27.8989
138.5818 27.3201
138.4181 32.5530
134.7294 27.9039
139.2757 27.1492
138.6358 27.9250
135.2952 28.5988
139.0813 34.6943
137.6444 28.9345
134.9786 27.9150
137.4023 29.2998
137.2874 30.0463
135.7558 30.7130
137.6318 32.5406
141.8792 35.8666
136.5250 30.9086
145.8108 38.5370
140.0781 28.8046
138.5384 27.0960
126.8146 26.9667
137.7294 32.1417
146.1310 36.9916
138.2312 29.8559
137.8734 27.1690
140.1837 28.9705
137.9659 32.2523
134.2247 27.8857
142.2466 35.5855
136.5864 30.1553
136.2944 30.8409
141.8146 33.8485
140.0099 29.1719
138.8703 34.0540
137.2573 29.4399
136.9386 28.7433
137.4398 29.2897
137.7212 31.4465
134.7513 29.9223
140.1546 29.1392
142.4158 36.1310
129.7764 26.4675
139.9400 27.9399
135.2384 28.4471
132.4476 27.2508
145.0509 34.1741
137.5208 30.5491
137.1533 29.9456
137.7276 28.8453
139.3738 33.7526
140.0195 28.4333
137.3832 27.9943
138.3254 33.8417
138.3207 32.6421
139.1133 28.8926
139.2412 27.1527
138.2081 34.3112
140.1075 28.1951
135.4042 27.8537
138.9124 32.1314
139.4409 27.8772
126.0140 26.4090
140.0536 28.9222
139.4852 27.7566
136.2141 28.3709
138.4221 29.1292
140.2271 33.8512
137.2343 28.2041
143.3807 37.1515
133.4991 31.6215
136.9828 28.7358
143.1258 36.9378
136.2895 30.5197
141.6590 34.6267
136.7066 30.3924
138.4386 33.8806
139.9180 28.2161
133.2038 28.9957
139.6336 27.4782
136.1696 30.9398
141.8685 35.3758
141.0019 33.1822
136.6949 28.8497
139.9798 27.7752
137.1625 29.9524
131.8707 28.8107
138.4291 33.0378
138.3965 34.0092
138.0943 32.0347
134.6399 32.2230
138.2642 33.7248
131.2596 27.2544
136.7261 30.6381
135.8911 23.7278
138.4490 32.5168
134.9624 21.6203
132.5484 30.9449
137.1707 27.7646
136.2832 31.3777
134.4140 24.9763
131.7220 30.8173
134.8654 26.1630
135.6597 27.8836
132.1757 29.2974
137.3369 32.7280
131.6470 27.8286
137.1649 29.0637
136.2132 28.1191
138.6069 27.2775
133.1741 32.2272
132.1759 28.6633
138.2699 28.4552
133.6172 27.9449
139.8168 33.5490
137.3010 28.0190
139.7435 29.7231
134.9014 27.8683
137.9824 32.7382
134.2731 23.8152
134.3387 28.9121
140.1948 28.8895
123.4505 29.8485
126.6662 25.1303
134.3445 23.6842
127.0016 26.0510
140.0574 28.3028
139.9444 27.8538
141.7882 35.5168
137.4576 31.0438
137.9267 27.1340
140.6001 28.2777
135.4633 22.3757
137.9373 32.0240
137.4028 29.9656
132.3011 29.1648
131.7460 27.5569
138.7448 27.4582
133.5771 28.6429
134.0580 31.7562
140.0596 28.1447
137.3526 32.9967
140.0863 27.6559
136.6451 29.4705
131.9809 29.6245
144.2575 35.8993
137.3005 26.0593
141.9924 34.5228
132.7588 27.8891
136.7351 27.2807
137.4347 29.5944
134.5091 23.8472
133.3333 25.1482
136.7240 30.6501
134.8755 24.2084
139.9323 28.0710
135.0995 23.3478
136.9896 29.9938
133.1544 28.2699
136.8541 28.7330
136.7289 30.2686
133.6485 29.0538
137.4165 26.1421
131.9477 29.5202
140.9104 27.3284
129.9508 29.7865
131.4060 28.7144
134.6518 23.5341
139.8293 28.0499
137.5579 33.2683
136.3028 30.2542
138.0150 29.1592
134.6121 22.8200
137.8436 28.6833
131.5706 28.0519
137.3678 29.2279
132.5556 28.6085
138.1430 28.4692
139.9489 27.9141
132.2066 29.2197
126.2389 23.7956
136.1789 28.3790
141.4308 34.5859
136.4219 28.3010
132.9732 21.3433
137.0518 26.3785
138.3383 27.1382
140.2288 33.7758
132.3503 27.4873
133.5225 24.7191
136.3423 28.3188
131.7655 27.5590
143.9586 35.5908
132.4908 28.4687
133.6516 24.3643
131.7732 28.2526
135.7808 30.8025
134.8798 27.8885
138.7143 27.1921
136.5722 27.9963
134.0664 23.6367
139.9168 28.6788
129.2642 25.1326
135.8598 31.0237
130.8753 25.1112
138.1743 28.7101
131.9909 29.0982
139.3831 33.8072
137.3586 30.2420
135.9444 27.8591
138.2301 28.7698
136.6831 28.4265
134.7359 30.1178
139.3310 33.7035
136.9383 28.2446
141.0540 34.2402
137.8090 32.0130
134.8930 21.7393
137.1480 31.2337
138.9554 27.1692
134.2789 24.5575
131.6465 27.1121
140.3539 28.3492
133.3408 32.0638
140.6868 28.0934
126.0313 26.5560
134.4785 32.3664
133.9370 23.0986
130.8863 26.9732
134.0832 30.6942
139.7660 27.5848
134.0836 23.7245
140.5202 34.0888
140.0091 28.1622
136.7104 28.2634
136.8674 33.8760
139.9744 27.7994
127.6878 28.2290
139.6017 33.6910
133.4492 28.4907
131.2151 27.9454
137.0910 28.0744
136.8074 28.5191
135.4765 27.7305
127.7899 25.0962
133.5361 25.1394
139.0891 28.5379
136.9539 27.8420
134.8372 28.5625
135.2969 28.3134
139.1856 27.3351
136.5834 28.4272
132.9852 28.0628
134.9431 28.0504
136.2118 28.3014
126.3357 23.2874
132.2586 28.4488
127.1510 27.0334
136.3053 27.8417
132.2349 28.0275
134.7159 32.7245
139.2449 27.7604
137.2872 29.3919
132.1112 25.7302
132.1939 24.7443
138.0252 32.3339
136.5327 30.0099
134.4743 27.7578
133.7779 25.6325
137.4745 28.2494
140.5485 35.0260
133.4797 25.0202
140.1079 28.1709
130.6819 27.1802
132.0483 31.7719
134.0970 23.0371
140.3506 28.2328
136.6622 28.7492
133.6879 27.7197
139.5845 27.3824
138.4085 27.5416
130.8137 27.0697
132.8958 29.8283
144.3473 35.9841
124.2977 23.9420
136.8612 28.5045
136.5475 27.4844
138.9424 33.7874
137.8146 31.7639
130.8824 25.6103
133.4574 30.1522
132.2801 24.6484
132.9368 25.1148
136.6441 28.5165
139.1862 27.4856
130.1893 27.6067
137.3028 28.1880
136.3683 28.0781
137.1648 31.3121
136.6868 28.4344
134.3260 31.8684
136.4623 27.9515
137.9093 28.4241
133.8017 25.2833
140.1029 28.7442
140.0736 28.5785
133.5955 23.5717
136.6011 31.3308
136.8596 30.7844
136.6265 32.9473
137.7625 28.7824
136.4893 29.1535
133.8232 23.2457
135.8136 29.2126
134.5323 28.6823
136.9203 30.8679
136.4783 28.5558
137.2794 28.5398
136.6933 28.4556
137.1764 28.0744
132.0453 24.2520
132.1399 28.0205
131.8655 24.2657
135.8256 30.8826
128.7819 26.8941
136.0413 27.7863
132.5867 24.4345
134.0820 30.4464
140.3477 33.5535
131.7719 26.0139
136.3250 28.0164
139.0761 28.1607
133.0726 29.9926
131.3366 25.9866
133.8158 32.2836
138.0062 26.7142
137.8540 28.8882
133.6908 25.6881
137.9167 28.7369
131.8428 27.9126
124.0804 23.8765
137.5958 30.7346
137.1055 28.3202
136.4985 27.5066
139.4845 28.0251
133.4545 25.9923
136.7300 30.8550
137.3614 29.8671
136.9884 28.7740
135.2192 24.5062
138.9577 27.2501
132.7870 25.8673
139.2069 27.1195
133.5519 32.4662
138.5602 33.7620
136.7729 28.5827
137.2986 27.9163
140.4944 27.9767
136.7182 28.3990
126.1179 25.0399
135.8312 30.7020
137.9313 28.5119
140.5073 34.2064
138.8643 27.2269
135.1807 22.7957
136.5882 29.8544
138.2985 27.7149
137.0135 28.6068
132.3602 26.4978
137.0025 28.6812
136.9865 27.4791
135.7875 27.8832
131.4225 27.2927
133.8710 33.2178
138.0733 28.6970
126.8636 26.8828
132.6337 26.1114
140.7371 27.7025
140.4057 34.1252
137.5355 26.9603
124.9733 21.9136
124.7827 21.2848
137.3269 26.8508
131.2962 29.1966
128.1606 28.2781
134.8557 22.5017
131.2549 25.9510
129.6487 25.3084
137.7216 28.8244
135.4488 30.8950
139.4259 27.3188
137.7788 32.3618
139.0567 27.1533
134.8957 22.8812
131.8773 31.3845
139.8479 27.9347
137.5696 28.1978
135.0909 22.9404
138.1469 29.1331
135.3408 28.3628
128.0827 28.0554
131.6272 26.8201
134.3024 24.3709
137.6518 32.5557
137.5745 31.3924
131.4155 26.9867
138.7894 27.3290
131.4842 27.0590
138.6081 33.8389
141.7350 34.6391
131.0005 26.7706
133.8367 25.8008
139.4545 33.7127
138.7148 27.0268
130.5512 27.0969
132.3471 26.4242
130.7267 27.3306
131.4985 28.1513
139.9748 33.7896
126.2542 26.9242
131.2842 27.6039
135.1510 28.4813
130.0118 26.8520
131.2150 26.5882
140.0396 29.0135
134.6179 24.5896
126.6782 24.3372
134.7464 28.4833
134.6602 23.1710
138.8586 27.4171
137.5847 32.8114
137.5849 29.1162
139.9784 34.1337
137.7170 28.9364
126.0799 26.0712
137.0838 33.0896
127.4802 27.6390
136.8842 27.6126
131.9871 28.4379
138.7705 33.8068
140.0665 28.7281
132.3495 27.6406
130.3681 27.8080
131.2318 26.5965
133.8241 27.9360
135.5261 27.8930
133.7480 30.5495
133.7354 32.1883
133.3994 29.0422
133.6340 30.8569
127.1092 27.7532
134.5299 28.9206
134.0704 25.8121
133.2067 28.4515
131.0422 26.1028
139.4801 33.5895
140.2110 28.6003
131.9213 27.2055
135.9875 31.1902
134.7435 32.1436
134.0055 32.7834
136.4146 27.8592
138.6627 26.9660
137.7126 26.2993
138.5358 27.0227
137.4016 30.1938
131.9126 27.1521
136.9484 27.3411
137.0625 33.0363
136.3796 30.9297
131.5712 26.4240
135.1782 32.8269
135.8506 30.5851
133.8872 24.7453
136.8157 27.8423
140.0783 28.4011
138.1576 32.3715
133.8493 28.1471
137.5318 26.9814
137.3129 29.4813
141.0225 33.8230
137.1593 28.0558
136.6860 28.5077
137.8510 28.7017
134.4716 32.1160
134.6703 25.5515
137.9718 28.3365
131.3241 27.9289
132.3139 27.9147
138.1644 33.2228
136.9831 29.5918
135.4178 28.4154
137.3047 32.6989
130.3786 26.0250
126.0937 24.9452
137.7371 26.4275
138.5488 33.8026
132.8305 28.4146
139.9483 27.9732
138.5118 33.8526
139.7941 27.9173
138.5738 30.8274
136.6885 27.9239
148.2809 36.0706
136.6350 30.2674
138.1212 28.5089
137.0312 30.5917
139.8662 28.0709
137.9231 28.6181
137.1869 30.8918
137.8830 29.9525
138.0506 33.9662
139.1215 34.1543
138.3217 29.3409
137.4072 30.5590
138.2463 30.3526
141.7306 36.1121
133.2652 32.5829
141.4462 36.3093
136.3398 30.4597
139.2674 33.9036
137.0752 30.4906
137.5598 29.2390
138.2852 30.8047
137.8998 28.9029
139.8995 32.8343
137.7619 30.0789
137.9443 30.6175
138.8875 33.2005
136.0258 31.0778
141.7428 34.2449
136.4590 30.8294
139.8626 28.2032
146.4527 35.9520
138.6477 33.9273
139.5936 27.6854
138.2247 28.7534
136.7755 30.6859
138.2361 29.7728
137.2463 33.6240
139.7741 27.6123
138.1393 28.8073
139.9400 28.6866
137.9128 29.7299
137.7857 28.6918
137.7105 33.3916
135.8729 27.8615
137.4102 29.8285
138.1429 31.1256
139.1721 33.5712
136.1902 30.9187
140.1936 29.0519
136.3526 30.6576
148.6507 35.8302
140.3010 28.7348
137.6124 30.1895
146.7728 35.3759
139.8734 27.9486
138.3236 33.8935
136.8518 30.9084
136.1844 28.0268
136.6725 28.1273
137.8169 28.8224
139.4943 28.2372
139.9775 28.7346
137.5755 30.0090
139.5460 28.0769
139.1740 33.5137
136.5419 31.1959
136.9157 28.1276
138.3141 29.1723
138.6658 33.8564
139.7436 29.7665
137.7262 33.4443
141.3913 33.6755
136.4886 30.8188
137.4598 28.4034
138.1071 30.7574
138.1259 33.6419
145.7832 38.4801
136.0206 30.9339
139.1007 27.7868
135.3951 31.5584
144.7478 39.2878
139.1318 33.6228
137.1353 30.4212
136.7882 30.8741
141.3519 35.0735
138.6400 33.9227
136.8807 29.7077
138.1046 29.8136
136.5320 30.0522
140.0482 28.2013
139.1501 33.7090
153.5911 33.8653
136.6085 30.0086
136.9039 28.2560
137.6892 28.2648
139.5107 27.4389
136.7824 29.9280
140.2462 34.9894
138.3810 33.9185
136.5322 30.3426
146.9598 35.1532
138.0133 29.4010
138.6825 30.4630
137.0553 31.0233
136.8275 30.0108
139.8778 28.1609
137.6886 30.2757
136.6349 30.8396
138.1790 28.8583
139.6538 27.8619
138.4903 33.6868
137.0785 30.8858
139.3165 27.2287
136.5150 27.8319
138.3341 33.8234
137.7245 29.3361
146.2157 35.0526
140.0992 29.3294
136.3771 31.2082
137.0033 30.4501
139.4754 27.9721
146.6537 35.3781
139.8100 28.1562
136.8944 28.1894
145.9678 38.1481
139.6901 28.1598
137.6632 29.8706
136.7205 30.8335
138.8824 29.3370
136.6894 33.6088
136.6591 31.2590
138.4882 33.9750
139.0965 33.6213
139.2064 33.7461
140.0614 29.0421
140.2235 28.9283
138.1227 31.6422
137.8508 33.6849
138.1496 33.9751
137.7535 29.9255
138.0741 29.7264
139.8138 27.7216
137.9556 28.4020
137.0817 29.4426
137.6604 28.4212
139.8338 28.0134
136.4597 30.3186
136.3046 30.1853
137.3741 33.7847
136.3481 30.8246
137.3270 30.8487
137.6982 29.1184
139.9598 28.2796
136.6304 30.0940
145.9885 38.9069
141.8180 36.0005
140.1764 29.0070
138.7501 33.8591
139.1956 33.7842
138.3226 33.7912
145.3210 34.5087
137.5990 30.0404
138.0536 30.6652
139.7225 27.7644
143.9999 35.7346
143.6419 36.9996
136.6061 28.2869
139.9781 28.2920
137.6512 29.5300
136.4055 30.1412
146.2511 35.8029
138.5782 32.2292
137.8745 28.7731
142.0504 36.2130
137.5645 28.4619
136.7122 31.2013
139.3842 33.7132
136.6311 30.5712
142.9340 35.7382
137.8618 29.5188
137.3459 30.5312
138.6070 32.8978
137.1516 29.7594
137.0646 30.1949
140.8968 35.5539
138.1129 31.2758
136.6332 30.0739
138.1665 29.2406
137.2085 28.2780
138.6820 33.9319
136.9725 30.9114
138.0271 31.1194
136.6347 30.7597
141.0153 35.2385
138.6315 32.9255
137.6168 33.5674
137.5646 28.2210
137.1389 28.2739
140.0994 28.9871
137.3520 28.6159
140.1543 29.2165
138.1703 29.3681
136.7657 30.2562
137.1026 29.8147
137.4477 33.5994
136.6475 31.0941
137.0681 30.7982
137.9093 28.9502
141.6695 35.2656
136.3416 31.2568
137.5371 29.5064
138.5810 32.8492
136.7887 29.5680
138.1393 29.0271
136.3516 30.5923
136.2927 30.6024
139.7948 29.7134
138.2926 28.9650
137.0158 27.9636
137.5932 30.1724
138.0113 32.3413
137.4997 29.7603
137.2846 29.5979
136.0465 27.9757
138.7827 33.1587
138.2620 29.1738
139.1416 27.1567
137.6129 29.9965
137.8639 30.0544
138.1487 29.0743
136.2896 27.9784
137.7235 31.7505
138.3847 29.1767
136.3042 31.1162
141.7447 35.2865
139.8773 28.1480
138.0780 28.6245
143.2822 37.1829
136.4904 31.2472
139.6342 27.9737
138.3927 33.8843
138.2983 34.0676
137.6068 30.5352
150.8008 36.3647
136.8828 30.4024
137.3701 29.7429
138.0786 28.5208
139.0094 29.1377
139.9101 27.9651
137.5865 29.9282
145.1184 39.0389
137.8253 28.6315
137.7843 29.1718
139.7881 28.2432
136.7282 27.8947
136.5518 29.2132
137.5666 29.6861
138.7315 27.5100
139.0098 33.8981
138.7610 33.8990
136.5539 28.4234
137.6430 29.9783
136.3041 30.3523
136.8420 28.8104
137.2862 29.8874
137.6922 29.1483
138.1906 29.5018
138.0320 29.5604
139.8887 28.2142
139.1263 33.7752
139.7554 28.1145
136.6586 30.2993
137.8025 28.2635
138.7419 33.8976
138.3147 30.3944
136.4070 31.1839
139.8587 28.9206
137.7045 30.0086
138.1583 30.6697
138.3499 29.2511
138.1148 29.6994
138.1831 28.7928
138.1905 28.8940
136.0461 30.5369
137.9470 28.6487
136.9018 30.2757
138.6747 26.9790
136.8606 30.8308
138.0239 29.6876
137.6232 29.6943
138.0360 28.9168
139.7637 27.8728
136.9523 30.9124
136.0416 28.0806
138.7920 27.4860
133.1700 28.6179
139.5873 27.6841
129.3944 27.6874
131.1783 26.0401
144.1909 35.8255
136.8880 29.8433
130.9965 25.0131
140.8844 35.3301
135.4619 29.7372
139.5145 28.2110
148.3388 35.1084
132.1399 27.2549
135.0545 28.8988
138.2247 26.9831
129.4714 29.3629
139.8920 33.2220
133.5459 31.8036
130.1677 26.7187
136.8776 30.4482
144.6432 38.1141
137.3882 31.4151
135.4069 29.6909
132.7596 28.7057
131.5751 28.6359
126.4817 21.3013
130.2487 26.0743
130.0037 26.9193
145.2210 39.2624
134.3032 23.3796
135.2899 23.1121
135.7387 26.8569
137.8454 33.8058
135.6602 31.0042
131.9379 29.4505
136.3017 28.0130
135.8455 30.7713
136.7287 27.9452
138.0524 27.8158
146.4125 35.7976
135.2700 27.8675
135.0068 24.3991
140.0784 34.0840
134.1406 23.7246
139.0502 27.9540
133.9724 32.6212
137.0896 29.9713
139.4741 28.5588
135.9178 31.2501
134.9993 23.2858
132.8772 21.1040
128.1653 29.2054
133.9536 21.0502
140.3428 28.1868
138.4279 27.0218
140.7123 31.1007
134.7666 32.8536
136.8551 28.6262
138.5860 29.0320
138.1003 33.4329
130.4622 27.3438
137.5892 31.0127
138.6339 27.5955
123.1006 22.9804
138.2459 30.9021
133.4584 30.7344
134.3367 23.5485
146.3036 35.1303
138.1085 33.8361
137.5793 32.3675
138.0884 32.0052
137.2410 26.6598
133.6820 30.1949
138.3721 31.9507
134.3371 21.7740
136.8920 28.5351
136.1064 31.3512
133.4695 25.9252
141.6307 36.2777
127.8955 27.7316
137.0694 28.0535
134.1153 23.5753
137.3252 31.1156
135.9747 27.9391
134.1895 31.8308
134.2970 22.5982
134.8130 31.9421
138.9938 33.8943
144.4683 37.0041
134.6121 28.4461
126.1017 29.0741
132.3387 31.1829
136.0969 29.2634
136.8351 27.6792
137.9765 28.8308
140.2753 29.4045
138.3879 27.1528
137.7642 32.4275
132.7119 26.2199
134.5435 23.2051
133.9993 28.3092
139.4028 27.3193
135.3282 28.6768
140.9760 33.0589
131.9290 28.3554
134.4670 27.7082
131.7152 26.5294
135.1666 31.8403
138.0650 33.5942
137.1996 27.9515
137.4122 28.1228
136.9756 28.7065
134.9563 28.4698
130.5280 25.8756
131.9964 28.3708
131.2824 26.8215
138.2072 28.5860
140.0917 28.4742
134.0256 32.5869
138.0540 33.5583
132.1144 28.5004
132.1099 26.2492
137.6561 28.4266
134.3788 25.3092
130.4268 26.7755
134.5215 28.6898
139.1564 27.0573
139.6184 27.1830
137.5197 32.5263
140.0489 28.7549
136.9595 28.5390
137.5870 32.3135
132.4185 29.1615
131.1122 28.1846
135.3392 27.8327
135.7500 28.9673
135.0226 30.4906
131.5017 26.2308
139.0859 27.0710
140.1291 28.4879
134.3974 23.4436
135.5231 30.8019
136.6170 28.5275
137.6275 28.7995
137.7599 30.2718
137.2592 26.5168
134.1237 23.5758
140.0612 28.5398
134.4611 23.3846
134.3996 23.2368
137.0772 28.4995
132.0577 28.6740
137.3396 32.5031
131.4522 26.1155
134.0145 24.0140
130.5916 26.4788
130.8870 26.3862
138.0086 28.7887
136.6676 28.7995
138.0035 29.5660
136.5969 28.3815
133.9800 23.5136
134.2715 25.2236
133.4243 28.1510
141.1692 33.6414
134.9683 28.4435
136.6679 30.4054
131.2451 27.9583
134.7686 22.9091
143.9075 34.8939
134.3105 24.5730
133.4328 24.7676
130.7043 27.1023
131.1216 26.5881
133.2987 24.7932
135.8564 31.0978
140.8413 27.3631
131.6646 25.3204
138.5231 27.8545
135.2766 31.9540
131.1161 26.7110
139.3359 33.4762
137.8821 29.0446
138.2412 32.4083
135.6292 22.5239
134.6842 29.8674
139.9030 27.9820
139.4233 27.6093
139.7334 27.2887
136.4107 28.7681
134.8463 28.4088
139.9451 27.6840
136.6966 28.0662
135.2676 27.8144
136.1019 30.9886
135.1411 23.1303
132.5323 30.8696
132.4003 28.3599
140.1075 28.6902
144.1428 35.2282
138.6512 27.8555
133.3988 25.0025
137.5211 26.3678
133.3952 23.6693
139.3745 27.4987
140.1484 29.2975
133.6147 24.4431
139.7203 28.0399
139.7603 28.5573
132.9623 29.9020
140.5473 35.2890
131.8700 27.9518
133.3191 24.7642
133.8948 30.1736
139.7912 28.6479
135.2051 23.1443
136.7213 28.7114
132.3917 28.8324
131.6858 27.4079
135.7390 28.9965
131.8520 28.1264
140.3067 34.0431
135.2914 27.9358
139.1261 33.4405
136.3639 30.2033
137.2781 31.3374
139.3901 27.1175
132.3198 29.1913
137.9810 32.9114
139.8881 28.3601
137.9383 31.6621
136.1168 28.2750
136.7957 30.4019
134.2491 32.1414
139.9303 27.6358
131.2286 26.3648
136.5453 27.9514
133.0882 30.6331
139.2271 28.1148
136.4650 30.4603
126.3133 25.5354
137.7824 29.8504
134.8136 23.9607
140.2821 27.6072
139.2781 28.8799
139.5260 33.2086
126.5044 25.7281
136.5462 25.6458
134.5156 23.0452
135.0225 32.4798
134.1787 27.8204
132.3283 28.4201
134.5153 29.3393
133.1000 24.7573
131.6814 27.7113
138.8629 29.5321
135.7541 32.4402
138.2661 27.1371
136.3056 31.5722
140.2229 28.6274
135.5781 31.6725
135.2565 23.1499
134.0903 24.1390
137.3386 30.2760
127.6629 27.8568
133.8382 29.5529
138.6809 27.5396
126.2215 24.8087
134.4196 30.3418
125.4458 23.0962
137.7231 29.3190
137.7954 29.1629
128.3746 28.9939
133.5011 24.8104
137.0622 28.1901
138.4614 27.2638
134.4459 27.8864
140.1909 29.1614
137.8143 30.1867
136.7110 30.1954
140.1352 29.1338
140.1107 29.3458
139.2902 28.4163
147.3183 35.3704
139.5744 27.4874
136.4138 30.5661
145.7158 34.7453
141.2204 33.4042
139.3023 28.4110
138.8271 27.0163
136.5125 30.5167
137.9906 32.1331
144.7108 37.7672
138.5483 26.9530
137.8858 32.2057
137.7955 30.8975
142.0711 34.6936
136.8170 28.1313
137.1900 31.7331
138.4911 33.8910
139.6026 27.7847
141.7719 34.1160
141.8843 35.1264
146.7520 35.4524
139.1676 33.8319
126.9425 27.6825
138.4845 34.0241
137.9310 29.4891
138.5724 33.8438
136.1915 28.1552
138.0501 28.7260
141.9394 34.0540
140.1834 28.9049
137.8217 33.8358
142.2749 36.0992
141.2677 33.5663
137.7779 28.7276
137.8791 33.5938
138.2158 33.8326
141.8627 35.6106
142.3101 36.1201
136.6227 28.8818
137.8060 33.9156
141.4135 34.6109
136.6011 28.6462
136.3396 30.2822
136.6419 28.4316
138.0052 32.0446
139.3016 28.1741
138.5395 34.0573
139.4641 33.5031
145.8610 35.9851
138.6572 30.5510
139.1494 33.6621
137.7436 28.4076
138.2837 30.6981
136.8602 28.0985
139.6884 33.5918
137.9656 26.9531
142.2152 35.0735
137.1299 28.0009
138.0524 32.1421
132.3721 28.7271
139.2697 33.7026
138.8590 33.8635
137.7852 28.1661
137.8871 33.9271
147.3197 35.4259
142.0966 34.7203
136.6763 31.1112
138.2110 30.7327
139.0140 33.3428
141.4916 33.6140
139.8907 28.0952
138.8800 27.8276
141.5661 33.5505
137.7035 28.2006
139.2825 33.3643
137.1212 31.0778
136.2180 31.1203
136.7190 31.1676
137.5607 30.6074
139.1148 27.7527
140.0952 29.1355
137.9309 28.9625
136.5394 27.8900
131.8281 28.2241
136.6152 30.3297
139.9204 28.1206
137.7272 30.9812
145.0325 35.9460
140.0361 28.4489
124.0641 20.6218
126.3692 25.3906
139.1603 33.5005
127.2576 25.3268
131.9935 26.6057
130.3258 27.7904
124.5397 23.1256
133.3929 29.6465
139.0356 27.1527
137.9742 28.2527
128.6744 25.7988
135.4991 27.7224
139.9497 27.8492
134.8364 27.9438
131.9407 26.2006
143.3506 36.4296
132.4998 26.6902
134.2848 25.0262
140.7527 34.3139
126.0141 25.0465
137.9883 31.6333
135.3087 28.8114
137.0638 28.0141
135.0561 28.4139
139.0297 28.8864
136.8479 28.6287
135.9660 28.4963
134.4424 23.2267
134.9883 28.3698
140.4571 28.2883
135.9313 29.2400
135.3580 25.2104
136.9457 28.1917
134.9718 21.1667
134.4109 32.3035
127.7814 29.2722
137.5347 32.4046
140.5953 33.7525
135.6219 28.6654
141.0503 35.2486
137.1269 31.5539
128.6087 25.9153
140.4655 33.9789
140.1046 27.9804
136.2216 27.7427
130.5076 25.7357
133.3827 24.7190
138.9179 33.4927
138.8243 27.1791
134.2444 23.5911
138.1643 29.3281
135.3849 27.8087
145.9277 35.1955
134.2202 24.2459
131.1294 27.2696
126.1539 24.7202
136.1907 27.5894
131.5569 25.7507
137.9461 29.8112
139.3193 27.2304
133.9118 29.9391
137.6445 28.3860
137.6927 33.8256
136.4327 30.7592
135.2875 28.7301
134.2265 27.7693
132.6521 24.9907
133.0497 30.6682
134.2190 28.0149
133.2300 28.1894
144.2115 35.9036
136.4371 28.5835
139.4781 28.5419
138.1090 28.8169
137.9257 29.5219
135.8062 30.6348
131.2634 26.5688
136.5091 30.9496
140.7196 33.5947
145.8604 34.6322
138.1698 29.0528
138.1373 29.0068
130.1556 26.8809
135.6665 22.6309
133.9252 29.1182
134.9799 27.8989
133.8413 23.6646
128.4778 25.6154
141.8207 35.1328
136.3723 27.7946
137.6358 28.2194
133.9603 24.5637
136.6470 30.6433
124.3048 23.7206
133.5578 25.9873
135.4427 31.4165
134.7066 29.6947
125.4884 24.7752
137.0524 28.0215
136.4771 30.6646
136.2065 30.7370
137.8213 28.4979
139.5154 28.0019
138.0286 28.8971
136.4792 28.9888
134.1899 27.9229
139.4041 27.2795
136.6370 30.9071
136.8217 28.8049
135.7602 27.9023
136.3422 30.6925
136.9743 30.1337
139.4919 27.5655
137.6392 28.6022
136.6184 28.2632
138.3927 30.8141
136.2080 30.8785
137.7536 29.4385
139.9159 28.0751
142.3535 35.7848
141.6905 34.1038
140.1967 29.0352
139.9798 28.5152
136.7699 29.9955
137.5071 29.0942
137.3059 29.9088
135.5742 31.6308
139.7538 32.3847
136.4601 30.4966
138.0749 33.8938
139.7725 27.8434
136.5191 31.0046
139.5112 27.8807
137.5046 29.9869
136.3312 28.4297
136.6880 30.6142
139.3987 33.4261
138.3345 32.6756
136.0320 28.0604
136.6686 30.7419
137.6914 29.0466
137.2185 29.3674
138.1412 29.2011
136.1239 27.8629
136.3326 30.7427
136.5731 28.0690
136.5117 30.4457
138.2126 32.3481
136.9613 28.0516
137.2248 29.9098
138.3114 33.9155
137.9465 29.2444
135.7896 27.9971
139.8557 28.3915
137.8118 33.7604
136.7017 28.7047
136.4544 28.4738
138.1418 33.8659
135.9560 28.1845
136.2114 31.2049
136.7701 27.9490
138.5154 30.5657
139.5545 27.9678
136.2693 28.3631
136.2585 30.6286
139.8338 28.0392
136.5784 28.9240
138.0809 34.3381
136.4796 30.3215
136.1938 28.1975
137.4133 28.2162
137.1070 30.4681
136.6630 30.3751
138.0475 33.5905
136.2761 27.7704
139.9250 28.6201
139.8532 27.7727
137.0405 28.5509
138.2415 29.4566
136.6535 30.9630
136.7322 30.7813
137.4952 30.0207
136.1775 27.9507
139.1856 33.8933
138.1066 30.8870
138.3047 33.9468
136.1944 28.0982
137.0388 30.5370
137.5115 30.0916
137.5717 29.2915
137.6183 28.7867
135.4235 27.9776
137.3122 29.2904
138.1895 31.4276
134.3285 27.9218
138.1089 33.8028
137.8753 28.7966
145.1316 37.5059
137.7045 29.1333
136.0360 30.4873
136.1928 30.7291
138.8409 27.4377
139.8109 27.8599
145.7744 39.0079
137.2915 28.1827
139.0249 33.9551
141.5504 34.3000
138.2142 29.1105
143.9821 35.7018
137.3813 30.0105
136.5771 30.7896
136.5976 27.7919
138.3346 31.5343
136.2665 28.0387
136.5205 30.1636
145.3320 34.5839
136.3358 28.4801
136.3678 27.8464
137.6192 28.5550
136.0674 28.5136
137.9743 32.1926
138.9463 27.9287
127.8841 28.1721
137.6973 29.9797
132.9509 26.6751
136.8039 27.9484
136.9397 29.0735
133.7870 24.2892
136.0133 32.8460
140.3321 30.7942
135.5579 23.6003
129.8698 26.7113
132.2992 28.1005
137.6873 28.8112
136.8396 31.1341
141.2251 34.1567
134.8306 24.1883
128.4993 25.8220
132.9875 28.1403
135.4573 32.9406
134.9758 30.8212
146.1010 35.8148
133.7740 24.5716
126.0398 23.7867
134.5810 23.5529
133.2966 25.2301
131.6268 24.5929
139.4596 32.8555
134.0348 26.5009
133.9987 24.8778
129.3750 28.9059
137.7145 33.2198
123.3877 26.0483
132.8096 26.2540
124.0044 27.7801
128.2236 23.9889
137.8196 28.2512
126.7412 24.1099
139.0733 27.9592
136.0570 29.0897
134.3321 24.9125
131.4527 30.6696
136.6146 30.7018
134.3336 24.8518
135.1295 23.5486
135.4866 31.3202
139.6704 27.5426
132.2610 29.5787
136.5191 30.7541
132.7784 28.3095
139.8712 33.1700
133.9400 29.6457
131.7492 27.2806
140.5700 27.9161
133.9966 22.1524
133.9268 25.2676
132.5342 29.1722
134.6333 28.1441
125.4117 22.3808
130.1193 28.9071
132.0250 28.0865
139.6019 28.5044
123.6787 19.8116
129.5989 29.6346
131.4276 27.6483
134.8811 31.7581
134.7114 32.3977
137.4662 29.3053
138.7944 34.0591
134.3269 26.1125
138.2401 29.3316
130.3245 26.3567
131.6482 26.0477
130.8071 26.0539
132.5576 26.6346
136.5990 27.8822
134.0197 32.3513
131.1121 26.5732
130.9623 22.3258
117.9075 18.4273
123.7306 20.9581
132.4526 23.1337
125.4345 23.7413
132.7880 25.3586
129.8975 25.7542
132.7824 26.9325
135.9023 27.3084
131.6535 25.2530
131.9757 23.0034
131.7881 24.6556
134.0850 25.1176
127.8392 24.1680
131.4799 23.8160
135.6691 23.5203
128.7991 24.4882
127.7247 22.4986
131.2610 24.9332
133.9762 27.1814
126.8653 22.8742
134.5309 21.7270
131.6409 21.9784
124.0853 19.4373
126.7353 23.4110
132.7720 22.7614
115.6817 19.8055
135.0759 24.7898
132.3169 24.2675
130.9519 22.3569
130.5059 24.2667
133.0125 21.0733
125.5535 22.9815
138.7920 28.3262
138.5456 29.4554
136.2137 27.3623
136.8580 29.4745
123.1383 20.5571
119.9296 20.2965
130.9514 27.2970
134.5101 22.7083
130.3103 24.5891
132.2508 23.3642
129.7064 21.5311
127.3015 21.5293
125.7959 21.1823
129.5796 20.9217
129.6056 21.2282
134.3148 25.5437
130.8993 22.3276
133.9625 23.8596
132.5918 22.0991
127.8987 23.6893
134.3046 23.3815
135.5417 31.1154
138.1932 29.8424
135.5528 23.9411
137.7175 32.5751
132.6180 26.9363
137.3154 30.0117
131.8476 26.5527
134.5365 28.7829
132.2795 28.6268
136.0810 31.8162
138.3677 29.0028
140.7555 33.6876
134.0634 27.9925
134.2582 24.7226
125.4472 22.1117
131.3138 27.2291
131.7965 27.5046
139.4400 27.8939
134.6025 24.6181
140.6264 28.1587
135.7883 22.7194
137.5553 31.0884
134.3218 24.4657
127.3735 27.8828
131.5340 30.8040
136.3946 30.2753
136.3987 28.1966
132.6705 31.1739
139.4132 27.2673
130.8564 28.9822
135.3808 31.0573
139.9624 29.5589
136.8272 31.1401
134.5327 30.6197
140.8118 34.4008
135.0811 23.4231
134.5630 31.8616
137.0977 28.2333
136.7592 30.4863
132.1799 26.9348
137.0759 31.1159
136.0305 27.9873
134.7728 23.5578
136.5325 27.5818
134.9152 31.6877
132.6743 30.1884
137.2366 25.9486
138.6940 27.1630
140.1988 33.2845
135.5032 24.8658
131.0482 28.2850
133.2244 31.9814
139.6712 28.0886
138.6485 27.7419
136.2881 31.7791
136.6242 28.6221
139.6530 28.0532
137.9732 33.0511
140.1165 28.8551
131.6566 27.3651
136.4109 27.8025
138.3521 29.2517
139.9940 28.5694
136.4539 30.3049
138.9449 34.3964
135.5647 29.0954
135.7854 27.8790
134.1866 24.5738
134.8712 21.7305
133.0513 24.5825
138.1925 28.6783
132.6412 28.8199
140.1896 29.1853
123.4517 29.7892
131.5877 28.8012
145.0689 34.6299
141.4062 33.9225
135.7022 32.1275
131.6403 26.4261
136.3775 28.7216
131.3884 27.3597
131.8127 27.1119
138.1307 32.3031
137.5518 32.8989
136.6393 29.7403
133.5211 30.4978
136.4614 29.7748
130.6452 26.8741
135.7728 26.0028
127.0737 26.3360
140.7314 27.8028
132.6845 29.9581
137.7587 26.1926
137.8923 27.2145
131.2645 27.0772
130.0146 25.9349
134.3381 28.5073
133.2016 29.2493
140.6118 27.9695
138.6772 27.2609
131.7163 27.9630
136.8965 31.0729
137.6373 32.3738
128.3801 29.2357
134.4887 28.7210
136.2766 30.6175
139.2832 28.9853
134.1457 30.8456
137.2227 28.7763
131.4304 28.5523
130.6339 26.9706
137.9014 27.5969
136.7829 28.2955
135.0928 25.9196
140.4926 28.1251
136.4286 30.4089
125.3518 21.9288
129.0006 27.1627
133.8187 22.9180
130.1787 26.9227
133.8505 28.6275
129.0682 26.4477
135.0618 33.3097
135.7751 27.8923
136.4430 28.5088
136.4107 27.7525
134.2977 21.5189
137.4391 29.5544
131.7244 31.1185
134.8327 27.8660
140.6946 28.0010
135.0168 31.3388
130.9547 25.2816
136.7737 28.5411
136.6857 30.8379
139.5610 27.3836
133.5715 32.6701
133.7077 23.2437
135.2220 24.9136
132.2074 25.0804
125.5855 24.4942
131.1124 28.2750
136.3841 28.2514
132.2225 26.3408
140.0595 28.0446
129.9044 25.9285
137.7705 29.4676
132.7001 24.5181
132.3964 28.3721
134.8342 22.3592
131.2290 28.0661
136.4866 28.1062
134.6075 27.8365
140.6740 33.8126
147.4072 38.4782
137.8888 32.7457
143.9243 37.0060
138.2600 33.5036
140.0212 28.8459
134.6655 27.9220
148.8926 35.6516
136.7534 30.5068
138.3192 30.4056
139.5080 33.4172
138.0383 33.9805
140.1477 28.5083
139.9499 32.0920
138.3342 30.6128
136.9746 30.4161
137.4931 28.0548
134.4773 24.6831
136.4409 30.4843
135.0635 23.2596
146.5670 37.3653
136.0324 31.0047
140.3273 28.0534
137.0981 30.4186
133.7759 33.0747
138.9784 29.4886
143.8969 36.8959
143.4377 35.2355
140.1757 29.0421
136.1613 33.0514
139.5246 28.5587
137.5051 30.3442
134.3159 32.4781
136.9400 33.3132
141.9112 35.4815
143.1976 35.7915
137.8442 29.9917
138.0120 27.2180
123.3715 22.9671
145.9875 37.5143
131.2151 30.4395
138.8167 33.8662
139.8745 28.7249
144.0968 32.4455
152.2795 36.1350
121.6980 32.3550
146.7441 34.4678
139.9208 28.0635
136.3762 28.1723
139.9270 28.2081
136.4428 30.0345
138.1392 33.8295
143.4591 38.1943
137.9861 30.8791
134.5136 32.2988
136.7929 28.8511
137.2588 31.4072
149.3774 36.1208
139.8124 27.8176
137.8053 31.8674
140.6952 28.0643
139.6974 28.0219
137.1071 31.2962
139.5616 27.2872
136.2547 31.2641
139.2517 33.4694
136.6579 28.9381
138.4795 33.9591
144.8323 36.4195
139.5289 27.5889
137.6676 32.7938
144.4768 36.4418
138.2814 34.4784
152.9649 36.6713
136.3412 27.8169
138.7839 27.4074
137.5871 32.6369
156.6955 33.7158
139.1717 27.1441
137.6844 33.7620
133.4336 31.3650
136.8306 30.1283
137.1401 29.8830
131.4164 30.3000
139.0911 28.4437
138.9551 27.3382
149.4490 36.0956
127.3284 27.7322
140.3904 33.5795
134.6862 31.6532
134.9537 30.1407
135.2398 28.4791
133.8651 31.4941
130.8056 27.5557
135.3523 28.3725
134.4353 29.2080
133.3926 32.1889
135.3897 28.7028
138.0611 28.5025
135.3986 28.7763
137.9648 28.4641
131.0210 27.4071
139.4571 34.2558
134.5937 32.2762
134.2177 30.5031
135.4683 30.7570
130.8537 29.0218
135.1908 28.3746
134.8946 28.3543
132.4928 31.2222
146.4820 35.2712
131.3583 27.9746
136.7138 30.8717
135.4479 28.8481
131.2647 25.9909
138.7694 34.0538
139.8372 28.1669
134.0912 23.7225
138.4803 29.6600
139.8405 32.6215
134.4863 32.4069
124.3873 23.7974
132.2347 26.9463
137.5108 32.8021
134.8059 29.8705
135.7663 31.3689
134.2474 23.4880
134.7115 33.2408
126.1315 24.8967
130.7873 26.4760
136.6133 27.7033
134.3326 32.8600
135.0378 30.9962
137.5841 31.2987
140.1375 34.1484
139.9279 33.9095
135.3773 28.5007
134.7950 27.8765
127.4251 26.7889
135.9921 29.0886
134.2860 23.2530
131.4679 26.2940
139.0503 29.1153
134.8089 31.0512
135.5730 29.0383
130.6259 26.9567
140.0295 33.8555
138.5618 33.9219
135.3454 28.3659
134.4831 22.9926
140.2090 33.8221
135.8585 29.2570
136.3635 27.7697
136.2155 28.3237
130.4253 27.8078
138.7211 33.8923
139.8476 34.5422
132.2250 28.1654
137.2990 32.6088
134.6627 25.4743
130.8876 26.4030
139.7635 34.0876
139.3521 28.1254
137.5157 28.0734
133.4021 25.0366
135.4166 28.6453
133.7497 32.1337
132.7302 25.3516
131.4442 25.6343
131.0653 26.7897
141.5667 33.5438
136.2623 30.3069
132.0909 29.0395
134.0683 23.6536
131.9739 29.0110
134.4833 24.6686
134.2348 24.5870
137.6372 29.3010
135.2536 28.5034
140.2126 28.1455
134.4658 32.0417
134.6030 22.5489
137.5841 31.0673
134.0951 23.5001
130.6042 27.6064
146.2134 38.0586
134.2044 32.4398
135.0804 28.4249
135.4124 28.6657
132.8450 24.4309
131.1861 25.8892
131.2904 26.0810
136.6336 27.6158
140.2413 28.8114
136.1474 31.4778
138.9100 27.5804
134.0068 23.4461
131.9002 28.5360
133.1917 30.9910
128.7936 29.6841
137.3823 29.5677
131.8768 28.3316
134.4191 31.5362
133.5257 24.4931
133.0353 28.3251
131.7179 28.0780
137.9918 27.4396
130.1950 25.6512
131.1941 28.0222
130.9182 28.2579
132.0732 28.8468
130.6029 26.4016
136.3774 28.8465
135.6083 31.4879
139.0415 27.3227
133.0969 26.4659
133.2711 27.8196
131.7411 26.7829
131.8629 29.0478
140.0201 28.3649
127.0571 27.1290
131.9543 31.5705
129.8468 26.1542
138.9020 27.7872
126.1362 25.1121
138.4330 29.1257
135.6049 26.4797
127.7989 28.6220
126.7106 24.6263
135.6392 31.2006
133.5919 23.9932
130.4504 25.8716
133.9369 23.9759
130.9120 27.7110
139.9010 28.3716
130.8694 25.6437
131.9910 26.4857
130.6249 27.5941
135.0574 31.0712
131.9948 25.6447
136.6342 32.9417
138.2910 28.4881
135.1021 25.7712
128.8312 27.3095
124.4864 22.6569
138.8360 27.0981
132.0786 21.6291
126.9044 25.3701
129.1430 25.5393
136.3793 32.9803
133.3107 30.3948
137.1634 28.8204
130.6630 25.3684
134.3218 25.0614
137.3513 27.9817
139.8430 27.1915
134.9983 31.6683
131.7137 28.7406
137.0366 31.4643
138.0499 29.9672
140.2897 28.1296
131.8571 24.8067
141.5814 34.2515
139.1105 28.4339
135.9969 28.1904
136.6079 30.2076
131.1915 27.2589
136.7493 29.4318
135.8637 29.0899
137.9364 27.1906
140.7208 27.9693
137.3730 30.9117
131.7965 29.3450
130.4351 26.8632
137.1835 27.6209
134.5943 24.0494
134.2336 23.5725
138.6925 33.8943
138.6958 27.6153
138.7704 26.8664
134.7178 33.1831
127.0800 24.4532
131.4769 27.2516
133.4239 23.9780
135.1017 31.2983
131.2083 27.9888
139.9885 28.1547
134.2434 29.0218
132.4209 31.2651
131.6285 28.1683
132.4958 24.6019
137.0169 29.5293
139.1680 32.1403
144.7267 35.0936
130.5807 26.5547
135.1146 30.1274
135.2080 28.6305
129.5364 27.3908
133.4711 26.1125
139.4318 33.5377
134.6680 32.5570
130.5633 27.9005
138.2905 33.6153
138.6331 33.4571
137.1606 32.9137
132.5877 29.5096
135.2674 29.6254
138.1359 29.6355
131.1875 27.1339
132.4330 26.0427
137.9556 29.3900
148.4481 35.9138
138.2589 29.8896
132.8707 28.8568
136.2411 28.3580
137.6853 32.7329
135.2554 28.2256
130.6053 25.9373
140.3644 28.6447
132.6012 28.5038
136.5492 28.8360
141.3593 34.4952
130.7218 26.8877
139.3365 27.4572
136.3617 28.2886
134.2691 32.3045
137.1180 29.5421
134.0637 23.2227
140.2889 29.1656
130.7127 28.4144
134.6763 27.9602
134.3137 31.4886
133.0931 29.1141
134.2154 23.3548
135.3918 31.3218
126.1645 24.7978
137.3879 28.7486
133.6585 24.3232
131.7615 27.2112
139.9612 29.3373
137.2333 32.8164
134.6606 28.5240
137.6567 28.0670
138.4023 29.0942
131.3050 26.9084
136.3098 27.7388
138.8479 27.0079
134.0556 25.6013
139.8506 27.6867
134.5422 22.6673
136.5826 29.5777
139.0267 33.0568
132.2425 29.3232
131.1593 26.5617
133.6711 31.2269
140.0042 27.7815
137.6741 32.4717
134.7758 29.0874
125.8902 24.0529
135.1818 30.8351
133.1339 29.4275
131.5380 26.6676
134.5729 22.5759
137.7583 32.5545
136.2633 30.7093
130.4769 27.8717
134.1114 32.9246
134.7499 28.2097
134.1654 24.8470
134.5977 25.7458
132.0330 21.9706
137.8771 32.6466
139.7607 27.8571
134.4764 22.7480
136.4236 30.4382
138.5731 27.1836
139.3197 30.5595
131.1766 27.5545
137.7952 28.6325
124.3758 27.2721
126.7825 27.8337
125.0885 22.2141
137.8588 29.6269
131.5274 25.6250
140.0444 29.1962
127.1653 27.4067
136.2434 31.3329
133.7848 23.7546
137.3936 30.0464
130.8795 25.9462
136.7332 28.4083
131.7875 28.7607
128.5768 29.4996
127.1970 27.1347
131.9373 26.5411
134.9938 27.9696
135.1419 28.3790
132.4337 27.5090
134.1984 28.2940
139.8494 28.7071
134.6764 28.6081
139.3535 27.3764
132.4508 29.1661
132.8425 25.1508
140.0493 28.1888
139.5117 27.2122
139.8170 27.7457
131.7864 28.7583
135.7971 31.2851
134.6263 29.1137
132.6878 28.9029
134.3114 32.7720
140.1738 28.6624
133.7934 23.4915
129.3661 26.4953
134.9027 33.1991
128.5230 29.6257
134.2732 23.1973
135.1009 25.9288
132.5603 28.3027
136.5842 28.0807
140.9670 34.5525
134.9529 30.7074
124.3320 23.6367
133.5460 24.1501
133.7078 27.8904
137.3472 28.7594
131.8303 29.4307
132.6022 25.1360
137.6503 28.4992
132.8431 26.4386
130.1667 27.4066
137.2928 29.5774
126.0303 25.3386
134.7942 23.1029
126.2450 24.6097
136.9633 28.0419
140.8688 27.5386
130.8133 25.5354
137.3093 32.5203
131.1419 26.2134
133.5535 24.3997
132.8337 28.4880
130.5117 27.9882
136.4746 30.3148
140.0954 28.1768
130.6192 26.3037
137.2193 28.9885
134.8149 22.9977
134.2509 28.7403
127.1763 25.3418
136.3271 28.1013
134.2281 31.9815
136.4873 31.0604
134.6459 23.0347
139.4734 27.3768
137.2998 31.6156
131.3573 25.0083
140.4656 27.8918
133.4742 28.9117
128.2227 29.4489
131.6947 27.7642
133.6841 32.2730
136.9852 32.8491
139.4851 27.6572
138.3451 27.2339
134.5469 32.4257
135.3718 22.5039
133.8202 22.8680
125.1883 24.2818
131.7788 26.2079
136.7182 30.9860
133.4278 27.9268
133.4136 30.2576
124.5718 22.6343
134.6023 22.7467
130.9129 27.7106
137.0907 28.1853
133.3723 22.8549
125.4509 23.2584
137.9810 28.7737
133.4027 29.9586
138.4504 27.2749
136.4512 28.5509
131.9874 24.7860
137.9005 28.6565
130.2421 26.1587
138.2908 34.2649
139.7080 27.5037
132.1401 28.9717
125.4210 24.3324
133.7652 23.7829
131.0994 27.3349
137.2342 31.6804
125.5599 25.4141
131.3608 30.6685
133.8859 24.1087
134.2773 26.2210
136.9256 30.1990
134.0757 31.6162
135.4559 25.4159
132.0261 27.0037
133.1391 30.2645
125.8554 22.6267
131.1786 27.6629
139.8473 27.6501
130.9179 26.5729
128.9008 27.2628
138.6489 29.1040
139.9929 28.6390
130.9349 26.2138
139.0936 27.1747
140.6024 27.9180
137.2996 32.9889
139.2276 27.9193
134.6893 32.2388
133.2154 30.3679
135.2498 32.4574
138.7206 29.0985
139.2854 27.2286
134.6389 31.9408
135.8970 28.3011
131.2845 28.0397
134.5220 25.1019
131.8153 24.7596
135.0819 22.9540
131.7143 28.5095
138.9608 33.6632
137.7487 28.7570
134.0315 21.9586
133.6679 25.3013
134.5405 31.9367
136.4301 29.3559
133.2821 27.9785
138.2696 29.4073
129.7733 27.0580
134.3257 22.6179
132.8400 28.7631
134.3452 30.6265
137.6137 28.4444
136.7794 30.0126
133.2790 30.9862
136.5937 26.2421
132.6488 31.1280
132.8180 24.3738
135.7740 31.6955
129.7102 27.0316
131.8509 27.9486
138.8140 28.1665
132.5138 31.4486
133.1168 31.7535
140.4834 28.0886
140.2310 28.6497
134.4691 22.4969
136.1981 29.3260
136.2596 27.5514
133.2362 24.5928
136.6714 28.4315
134.0478 30.0424
136.0356 28.0888
137.5651 28.3165
132.9604 28.9304
138.5497 27.1567
136.5465 27.9914
136.0061 30.5722
138.4389 26.8660
132.4165 31.8687
134.8054 27.9464
132.6371 27.6206
132.4829 28.7382
132.4264 28.8003
132.6906 28.0307
137.4872 28.2555
133.9550 25.5677
138.6111 27.2296
132.5865 29.4363
133.0785 24.6682
136.8989 27.9722
124.8439 21.7102
136.9002 29.7499
139.9454 27.8472
132.6550 27.3264
131.3131 27.9270
136.5855 29.9389
132.8037 29.6818
136.0896 31.3884
139.0429 29.0892
132.0825 26.4085
139.7135 27.4332
124.7214 21.0611
140.3075 28.3942
133.7783 23.8620
136.5439 31.0757
140.5482 27.8949
133.5304 28.0274
132.7707 24.9082
136.7108 28.5170
138.7406 33.7269
136.9631 26.3667
140.2182 28.4336
134.9904 31.8324
134.5255 32.5235
136.8888 29.7860
133.2374 28.8145
135.5280 29.0270
133.0663 25.2716
140.0850 28.2218
140.6436 27.8056
134.0924 23.6258
137.3113 28.3388
136.3942 28.3528
130.7002 25.7223
129.3853 27.2266
133.7939 28.7575
133.5846 31.8149
133.3087 30.8955
137.0219 31.6593
137.0121 28.0847
139.8606 27.7036
134.4927 28.7121
132.2759 28.3719
133.6862 23.9146
135.9553 30.4728
134.7053 28.8742
137.5206 29.2243
136.7160 29.9679
136.3070 31.1845
135.7584 30.5848
136.5821 27.9169
133.0026 24.6518
137.1969 30.3933
136.8401 31.1867
136.6585 28.5129
138.9732 28.1044
133.6362 28.0033
141.3667 34.1370
137.3728 27.8816
134.6421 30.7976
137.5162 28.6535
131.8909 26.2348
134.0119 28.8009
130.6243 27.9836
137.0255 28.5840
130.2079 27.6813
132.0055 28.0589
135.2527 31.3951
123.9545 23.0447
133.8673 29.0278
135.9665 27.7193
136.9677 28.9115
136.2239 27.7126
133.9170 24.2247
140.4760 28.0704
131.4732 28.6483
135.9651 27.9942
134.8193 32.0932
137.7360 28.8843
122.4761 27.0131
133.0737 22.4138
134.8953 22.6532
134.4253 24.5241
135.5310 29.1642
131.0572 27.7096
140.0557 28.1709
127.3979 25.3150
133.9118 23.7612
145.9064 35.4792
139.6751 33.2864
133.9681 24.5501
135.6080 23.1199
139.3532 27.6908
132.5353 31.1448
133.9379 30.0562
130.5034 26.1366
134.8812 22.1968
133.9301 22.9942
126.6731 28.5122
135.6455 30.1357
130.3459 25.3194
130.3844 26.2155
130.2766 28.4238
131.8827 18.3884
131.7827 29.2437
138.8714 34.3386
137.2480 29.7748
133.7647 22.7307
136.7059 29.7143
125.3168 24.9023
136.3611 31.8735
130.9195 25.2092
133.4991 23.3212
131.9771 22.4454
134.4993 22.7071
125.6329 20.7407
132.7023 27.9755
125.6319 25.0719
136.6499 28.4906
133.3761 23.5450
131.3428 26.9085
125.3543 23.8122
132.5853 24.5816
131.5916 27.8372
124.2235 23.7687
133.7736 28.9946
134.0972 24.6581
126.1440 24.0339
133.5777 23.0797
139.2051 28.4425
136.3102 31.5413
132.3677 29.1736
133.9138 27.8241
136.5247 30.6654
128.5183 25.1859
134.3373 32.2801
132.1673 25.7620
132.5232 28.8355
127.3960 29.0515
133.7472 26.6967
132.4342 25.0404
127.3525 25.2408
123.7162 23.4983
123.0740 20.1973
136.1687 30.9240
146.0092 38.9187
136.7718 30.3933
136.7128 31.2045
135.5103 27.8074
137.0052 27.9630
141.0940 35.5615
139.3267 27.8464
138.5143 32.8180
136.9000 28.1265
139.8996 29.6706
140.1111 29.3908
138.2256 33.7152
136.3523 30.2625
138.7729 33.8965
138.3122 32.4500
139.4646 33.8376
140.1553 28.5485
138.8613 33.9813
138.9584 27.7942
139.3156 27.7585
137.5332 28.7502
138.7970 33.8700
138.4149 30.8855
138.9111 33.1667
141.3226 35.4601
138.5858 33.9367
137.8896 32.1142
137.6520 29.7911
137.7309 30.4265
136.8661 30.4420
138.7943 27.5366
145.4869 38.3956
138.7182 32.8461
137.4383 28.4242
145.3132 34.6335
138.5589 32.7381
139.5816 33.6553
137.0226 28.3558
141.5592 35.1011
136.6638 29.5674
138.1281 28.6500
137.7163 33.8304
145.5944 38.5968
136.9421 30.6181
138.7229 30.5915
138.5803 27.3066
138.8367 32.9562
141.0209 35.6610
137.7503 33.8209
138.2118 33.8888
145.8566 38.8787
138.0541 28.7939
138.7414 32.9045
136.2266 27.7695
141.4219 34.9832
140.0339 28.2313
139.8142 28.0393
139.0513 27.9014
136.3554 30.2472
137.6666 28.6353
139.2144 33.3427
137.2736 28.1222
145.0355 37.0747
136.9010 30.2361
143.1913 35.6968
136.1122 31.0664
138.1772 28.8674
137.9424 32.1182
136.3800 29.8203
145.3551 37.1222
147.6503 35.4106
144.9339 35.8414
138.7731 34.0663
139.4640 27.2407
138.1507 29.4718
140.2071 29.1882
137.0954 29.7727
142.0914 36.0143
145.2534 36.7954
138.9419 34.0005
136.6659 30.1528
137.3247 31.3452
136.2117 31.1687
137.3337 29.9934
137.1269 30.8541
145.0183 37.3078
132.0386 27.1120
139.7406 27.5463
147.7856 35.6367
138.0495 29.2625
145.1688 37.2626
138.0929 31.5872
138.2105 33.7316
141.4618 36.2780
139.2702 33.6926
139.1310 33.2994
142.1889 35.8854
143.6136 35.8376
136.3664 31.0480
137.8813 28.6412
137.3465 28.3604
137.8992 28.6527
136.2938 28.4190
139.7217 27.7328
142.1261 35.7974
145.0083 37.3407
138.2219 32.4463
139.7637 27.5489
137.9863 32.1787
138.8733 33.1589
136.3059 30.4316
138.0212 32.3162
141.9829 34.3320
140.1967 29.1088
137.8705 30.7833
136.9640 28.1688
137.8378 33.8782
140.4188 33.4786
137.2619 31.5061
139.5699 34.8430
136.8441 28.1193
139.1437 33.4710
138.3046 29.1789
143.6431 37.0137
139.4485 33.8803
145.5510 38.3807
138.5598 27.1035
136.7114 28.6397
139.2787 32.9694
139.5449 27.5797
136.9418 28.0826
140.3526 33.4175
137.5974 30.2006
136.8676 30.7833
142.6881 35.6653
136.2233 28.2629
136.4978 30.7973
139.7701 27.8831
141.6651 34.3183
136.3817 31.1895
138.1958 32.5432
137.4396 28.1670
135.6183 31.2363
137.6610 29.8939
136.7393 28.3995
140.2014 29.0913
135.0373 32.3426
137.1034 28.0972
137.4459 29.6502
145.1535 34.1910
137.8154 33.7216
136.8180 30.5064
137.9804 33.6738
138.3717 30.7800
138.4627 32.6149
141.6767 34.0081
136.6007 30.0894
138.7313 33.9442
141.7090 33.7258
145.9138 39.5044
136.1435 30.5119
136.8093 28.1186
139.0974 33.9064
139.5633 27.7829
137.4549 28.1074
146.0770 39.5292
138.1874 33.8674
136.8956 31.1547
137.5988 31.3038
137.8985 32.1404
136.7391 31.0576
136.0114 31.0429
137.3223 29.2653
135.7067 31.5632
139.8372 28.3758
139.3846 33.6993
138.2967 33.7702
136.7727 28.7353
138.0754 29.3928
138.1754 33.9928
136.9524 30.6781
138.2601 29.5053
137.7198 31.2565
138.9889 27.5319
139.1021 33.6531
141.8714 36.0067
139.9064 29.6502
136.8871 29.5304
136.4877 30.8291
136.3466 27.9908
145.4843 38.3929
136.5480 29.9997
136.5087 27.9738
138.9097 27.2662
142.0794 34.8730
140.3058 28.7639
142.1618 35.8730
140.0323 28.3202
137.7739 33.8012
138.6878 32.8617
142.1181 36.0631
135.9787 30.1687
141.1818 34.9539
138.1940 33.9523
136.8659 28.6365
137.2698 27.9556
143.7644 37.3251
136.6963 30.4811
136.4126 30.9122
135.1768 27.8162
137.4138 28.0780
137.9036 29.6579
137.1850 29.7331
141.7977 33.8139
142.5773 36.8825
136.9902 28.2621
139.6074 27.3648
139.1979 28.2133
139.1419 33.7621
139.2902 33.4165
138.5696 33.9250
136.8493 30.2986
136.7713 31.0196
141.8387 35.4832
142.1255 35.9672
136.0370 30.8344
135.5452 31.2178
137.2256 31.4231
136.9029 30.2700
139.7685 27.9703
148.3757 36.0403
144.5011 38.9140
136.8410 30.3243
139.4848 27.3841
138.7534 33.8940
139.1948 31.9013
138.0005 31.0602
136.8168 30.4853
138.2927 28.9963
139.2378 28.2764
137.8187 31.3367
137.8347 31.1810
137.2132 28.3328
136.3494 29.7936
139.4374 33.6126
142.0401 35.9859
156.4400 34.6655
152.6543 36.9810
137.8810 32.0971
138.5094 34.0372
137.9969 31.6730
141.9695 34.4327
135.8998 27.9058
136.9722 30.3714
139.1511 33.8041
138.6146 33.8951
145.1781 34.1901
142.0870 35.9525
137.9305 28.3568
138.7188 27.4244
137.8775 31.1217
137.0388 28.0788
139.5674 27.3936
140.1933 28.7595
138.8065 27.6479
138.9983 33.2696
141.2121 36.1469
145.1052 36.3457
139.2882 33.4495
137.2607 31.2268
137.9907 33.8454
136.5579 29.1027
139.8241 33.1379
139.4944 27.3908
137.1592 28.3988
138.0145 28.8121
138.8546 33.8744
139.6190 27.6205
141.9364 34.8704
139.2327 28.5062
136.5640 27.7311
137.0708 30.6606
138.6185 27.2106
138.4403 33.8413
139.8217 27.5953
136.7331 28.4200
138.7881 33.8777
145.2149 38.5445
136.9202 30.0768
139.0763 33.5546
138.5658 27.2892
139.3748 33.5999
137.6712 29.8285
139.5385 33.5918
139.1796 28.2031
138.2415 32.4368
137.7799 33.8482
138.0371 31.5911
141.8987 35.8019
138.4180 30.7046
139.0271 33.0658
139.6579 27.8566
139.1147 33.2989
139.7704 28.1919
