131.8694 27.4097
132.8635 28.1225
133.0601 24.7275
139.2092 33.3049
132.3860 29.3568
135.2140 29.5812
133.2811 27.7326
138.3367 30.6812
138.7665 29.3849
138.9928 29.6437
131.6909 25.9617
137.3763 29.5697
131.4234 27.6633
136.2786 29.7423
133.2831 32.1983
133.4481 32.4577
138.8497 29.3154
133.4662 29.2200
134.8332 32.4281
138.5936 28.4027
136.6132 29.8490
139.1325 28.8935
134.0810 26.7112
132.8467 31.4806
137.5427 34.1833
137.3201 32.3937
133.3530 27.2956
139.1160 28.9078
137.5111 29.6167
138.4263 29.3278
139.6121 28.8684
137.6117 31.0256
131.5196 26.0253
137.5564 30.0319
138.8155 28.7893
131.1260 26.8812
136.4297 28.8858
137.5328 29.0856
134.2763 27.9678
136.3277 27.9936
131.8793 26.7013
138.9908 28.6491
132.8516 27.9329
136.5444 33.4284
137.5102 30.2790
135.9547 29.6171
134.4896 24.9830
137.3422 34.2059
132.7826 29.6065
134.2005 32.1679
135.8658 30.3119
127.7817 24.4414
136.3996 30.8489
133.2223 26.0512
136.6219 33.7321
135.9431 30.4450
132.6285 24.8020
138.5718 34.3150
133.9869 28.6131
134.7248 29.7524
133.6658 28.0147
130.4003 25.3840
135.7698 30.1933
139.0271 27.4213
136.8847 30.1382
132.5409 31.5149
137.5468 34.2928
138.5789 27.9489
131.3593 30.5437
133.7235 24.7511
138.2403 28.0853
132.0665 27.2081
134.8528 24.6616
139.8585 28.3481
133.7437 28.2804
132.5714 28.5934
137.4489 30.6622
130.9444 30.1134
128.7340 25.7643
136.1071 25.0937
134.5318 32.5035
133.8653 25.2768
138.2665 31.0709
134.5116 25.3487
133.3370 26.8861
133.6302 29.1301
137.9605 31.1247
132.3644 29.4939
126.9323 26.7992
134.0912 26.1958
138.4343 30.3815
128.1209 28.1571
138.5117 30.5393
133.9085 26.0943
138.7928 29.9743
133.9533 27.9432
136.9847 28.0928
135.5699 23.1994
133.2943 27.8030
139.0041 29.5728
134.1700 32.5391
137.1127 28.7218
134.2240 25.3947
134.9774 31.0791
132.3397 26.1210
135.1518 24.1536
138.3530 30.0198
134.0318 31.8437
134.4529 31.8815
133.5535 26.7893
137.1590 30.8259
141.2915 34.4301
134.3946 28.4160
140.4050 35.0518
136.9550 33.2529
133.6825 27.2659
133.9562 25.9830
130.5197 29.7883
130.6701 30.1839
138.2445 30.8059
137.0766 33.9421
138.5688 30.3025
134.1281 25.7276
132.7091 26.7295
138.9740 29.1463
134.7818 32.3933
133.5625 32.2393
130.5895 29.6983
136.6033 30.3913
138.7267 33.9765
133.5194 27.4712
133.6223 26.9379
134.5333 32.4324
137.2352 29.4221
133.8867 28.2607
137.7604 30.6392
133.4696 28.2331
134.3831 25.0413
133.3346 28.1226
132.7454 32.2685
134.5549 27.8183
138.1157 28.6948
134.4169 28.0538
132.4687 31.4842
140.1784 28.2381
139.4738 27.0670
135.3494 24.0711
134.0407 25.1202
137.4779 34.1574
138.7680 29.1661
135.1263 30.2220
134.7463 32.4520
131.5348 30.4968
137.2972 29.1461
130.6128 29.8969
136.5834 29.1986
130.5860 29.6972
132.5123 31.4257
134.6792 32.3981
128.8905 25.5991
132.5124 30.8302
136.6009 30.1640
133.0669 25.2219
131.6072 30.5768
137.4199 30.6328
137.2836 30.0109
142.9876 36.9010
133.4646 28.4472
132.8831 31.8348
130.4467 29.8950
138.9250 29.5933
137.6345 30.3424
130.1824 26.0364
137.6282 34.2666
132.9634 31.5016
137.2416 30.7320
133.9487 31.1642
130.6154 29.4865
130.6688 28.3942
139.3286 34.4114
133.8061 28.1135
133.9341 28.2231
133.8235 28.1414
134.1409 26.9770
140.0887 27.6691
135.3941 29.6608
132.7828 31.6304
132.7970 28.9359
136.9358 30.7280
131.1489 30.3408
130.9776 26.2940
137.7964 30.3976
133.3452 27.0013
139.8114 28.4865
138.0454 34.0779
139.5207 27.0874
139.3721 28.3806
134.6223 28.3220
136.3872 32.9704
134.1613 29.5265
134.8462 32.5316
137.7711 30.2765
137.8916 30.8947
134.1094 28.4955
139.5662 28.2895
139.3279 28.6041
133.1415 28.4767
132.7006 28.9066
137.6116 29.2128
137.2437 28.6455
133.9592 25.9839
126.7785 23.5059
138.4550 29.4135
137.3665 30.1882
132.5329 31.7366
138.4275 34.1104
138.8598 29.5331
138.6802 29.6573
135.3440 29.3814
137.0860 33.6534
138.9284 29.3204
132.8388 27.7684
134.2785 25.9609
125.7650 22.6712
137.5300 30.3955
134.3920 28.2687
140.0280 27.9994
133.0978 28.8821
137.8640 34.1560
132.7481 27.8528
125.8263 24.0100
136.7559 29.0342
136.7042 30.3080
133.7798 26.5254
131.1497 26.8958
139.2489 28.2237
137.7334 29.8448
133.5882 30.0766
133.3694 29.1628
137.1235 30.8225
127.0135 27.7874
140.6951 33.5811
139.1656 28.6433
137.0365 33.1984
133.5753 24.4906
134.3316 32.3957
126.7686 24.6045
133.1197 31.2874
134.0765 28.8292
133.4268 27.1544
133.3775 27.6961
132.8872 30.6757
133.0836 27.2343
133.5537 25.3874
138.5169 30.2959
137.0992 29.1120
134.2441 29.0799
134.9779 29.6450
133.6333 28.1665
137.7906 30.9657
137.7943 30.7258
138.2525 30.4123
135.6664 31.3297
137.4728 32.9661
137.6029 30.4276
134.0623 28.2778
133.3198 26.9193
138.9658 27.4457
133.2119 31.7661
133.0582 27.3323
133.0188 31.9913
131.5405 27.1952
137.9456 30.0709
139.8018 27.3412
136.9702 28.1981
134.6381 24.6830
133.7378 29.1407
139.8220 28.5037
132.6812 27.1431
138.6566 29.4157
135.6724 23.9001
133.2068 27.5873
133.2864 25.0651
127.3899 24.2931
134.6669 28.7823
138.4966 29.9176
140.0782 28.0396
136.2785 31.4376
139.6414 28.5176
140.0563 27.5549
134.1381 25.6849
135.9332 30.5674
133.3256 26.0483
136.2870 29.0818
127.6133 24.1189
133.6744 28.6905
134.8524 28.5117
131.0710 30.2157
138.9025 29.7704
132.4119 31.6415
139.0890 34.4576
136.9028 29.0963
133.3032 29.3895
134.2474 27.2027
132.7372 26.9570
139.3029 28.3373
135.8994 30.0209
127.1736 24.3869
137.4971 29.4420
137.1023 32.0517
134.6914 29.0110
138.3736 30.2975
135.3555 24.1373
126.7867 23.6450
134.3711 28.7237
132.6662 28.6587
127.8892 25.8986
138.2888 30.4000
133.0058 32.0392
135.0746 30.6424
139.2692 28.5075
136.7905 28.4982
138.5688 30.5889
135.0960 32.8247
137.3220 30.7597
133.0600 27.5067
139.8349 28.3730
135.9701 29.7727
138.6539 30.2054
133.2010 27.2671
133.9746 32.6655
134.5174 30.5227
138.4655 29.5428
133.8590 28.2074
133.0398 27.7343
137.1066 32.0950
131.9211 27.4496
134.7905 32.0880
137.3243 29.7934
134.1454 27.7247
133.8323 24.5408
132.7123 25.5949
135.3651 30.9612
135.4372 24.1243
131.7752 27.2855
139.9942 33.0899
138.3916 29.9765
137.4258 30.4763
134.5100 25.4921
135.4016 31.3138
137.9083 30.8474
137.1704 28.9913
137.9540 30.4657
134.0638 28.6415
136.3011 30.3879
138.8899 29.4551
138.5043 29.5345
133.2439 31.1944
137.2787 33.6027
126.4448 27.1723
131.6574 28.2786
135.3781 32.8795
139.8048 28.1786
134.1787 32.9637
136.2354 29.1148
130.7338 29.8529
134.3365 32.8709
135.3911 30.3559
138.2333 30.2780
139.4051 28.3538
138.2358 29.9257
137.3815 29.1067
138.1518 28.3191
134.4332 31.0150
127.6176 25.4732
136.7917 33.0852
137.1770 34.0015
130.7257 29.6725
136.9156 28.8384
139.5687 28.8814
135.1579 30.9496
131.6072 26.8038
133.8151 27.0644
132.0365 27.2031
132.0308 27.7693
134.2773 27.1230
133.1538 25.2663
137.2573 30.0862
135.0868 29.8719
132.4881 26.9190
137.6283 30.1197
135.2056 22.8099
134.8507 24.4939
133.2435 31.1897
133.1726 26.4570
127.9485 24.8118
137.1907 30.5446
139.4085 28.5940
140.0171 28.0817
133.2849 27.8739
131.2624 27.5954
137.8307 31.0962
131.1763 28.0620
137.7822 34.1889
137.9307 30.6824
134.5358 31.2625
136.0658 29.4944
134.3479 25.1657
134.7050 32.3520
138.3457 34.2872
133.3038 29.0944
133.1522 28.5456
134.7419 28.8088
133.7540 26.4674
139.1901 28.4360
135.1422 29.6111
139.5150 28.2075
136.2939 29.0233
130.0448 26.5716
132.6583 29.4161
138.6260 34.3171
134.7969 28.5283
135.7052 31.4300
133.0853 32.8124
136.7348 28.3895
131.5092 27.8502
133.1371 29.5369
130.9511 26.0578
139.9884 28.3407
130.9823 27.5827
139.0932 28.3372
137.4536 31.1541
137.4200 31.1511
137.6955 30.6581
132.7971 31.4955
134.2177 29.9212
138.5991 29.2868
137.5125 30.2543
136.4191 29.0926
133.1310 25.7713
134.6283 28.6237
129.0925 26.9041
138.5819 30.3169
134.7188 31.9705
134.0845 25.1252
134.8553 28.9511
139.4072 28.4865
131.6892 27.0663
134.3012 25.0944
138.0685 30.5864
134.5018 25.9599
128.3664 25.7201
137.0520 33.0000
129.6071 29.2992
138.1136 28.2516
131.4023 27.3832
141.3743 35.2911
133.6347 24.2472
139.8084 28.4882
134.0265 26.6603
134.0703 24.7588
132.7522 26.8006
133.3686 25.3303
137.7252 33.6660
133.4291 29.7022
133.8235 26.4305
132.7570 25.3485
133.2345 31.0242
133.3113 27.3073
131.2205 25.9339
139.2597 28.3973
134.8949 31.6935
137.3698 33.4832
137.7375 33.1056
132.1626 28.1598
137.7416 30.4594
126.2557 26.2329
134.3762 29.2788
137.1815 30.2053
138.7649 30.4961
133.1740 27.4731
137.1727 29.0641
133.4515 27.3988
138.3240 30.6023
137.1500 29.1065
137.6658 30.1851
138.8790 29.6610
134.2717 24.4943
133.3095 31.1138
133.7700 28.2803
138.6971 30.4804
132.4607 28.5788
133.7370 26.2625
138.6100 27.6006
133.6086 26.7216
138.3454 30.5032
127.7970 23.3656
137.7402 30.8162
134.0992 26.3179
138.3015 30.8714
133.4583 29.1476
134.3311 32.5460
139.5955 28.1819
134.0407 27.7948
138.7332 30.2217
139.5458 28.8674
137.2561 30.2259
128.9042 28.9751
137.5503 29.4771
137.0843 30.2937
136.3153 30.6932
137.6005 30.8259
134.2567 28.0560
136.2811 29.2177
139.4530 28.3302
138.1727 30.9638
135.1679 29.6460
134.7821 24.8119
134.1917 32.2866
127.8664 24.6860
137.7960 29.7522
132.3439 29.4877
134.2605 25.4906
139.2206 28.8114
139.7981 27.2982
136.1936 30.7740
138.7349 33.7874
134.1896 25.7359
133.3879 27.3908
133.4343 26.8364
138.8580 28.5981
131.6644 26.7297
138.4713 30.5259
135.9936 30.5176
136.2818 30.7512
130.6985 29.6675
133.4692 31.0314
134.2198 25.6806
133.9412 26.1904
133.9967 27.6267
136.8383 28.4756
138.1723 28.9685
138.1881 30.4876
132.1121 30.7557
137.3129 30.6854
132.8569 31.2510
127.3018 24.8168
133.4604 24.6092
131.5529 30.5865
135.2861 32.9012
134.5089 28.1805
134.4348 28.0006
137.4874 30.3586
134.1657 32.5079
130.5485 26.9463
139.7118 28.7726
132.8797 31.2797
132.7445 31.8426
134.7095 32.4901
136.8945 29.1318
137.4602 29.8866
133.8490 27.6038
132.6148 29.6284
138.8470 30.5144
133.5755 29.1881
136.2117 25.4000
139.8284 28.6498
137.2872 30.5929
137.5789 30.4426
133.3947 31.0765
132.9136 25.8810
139.4971 28.7837
137.3751 30.3418
138.2156 30.0990
138.3794 30.8596
132.0095 27.4968
132.7136 31.3304
127.4558 24.1543
135.5476 28.1322
137.0176 30.1093
136.5119 29.1513
139.3931 29.5480
136.9165 34.0407
136.8563 30.4109
139.5345 28.7765
139.0466 27.6301
136.3932 33.2636
139.1144 29.1568
134.6481 32.7692
137.8578 34.3374
139.6456 27.1884
136.2516 33.3595
139.1322 33.4878
137.2567 29.7761
138.5485 30.8942
139.3775 30.0863
139.8289 28.2819
137.2061 29.2498
133.9064 28.2577
139.0249 30.2669
137.7140 34.2639
135.6687 32.8243
136.8099 34.0155
136.3956 33.6044
137.4904 34.2538
129.0658 29.1891
138.9167 30.2622
128.0731 27.3394
137.8525 31.0795
136.8376 33.6706
139.7096 28.2650
139.0648 27.5145
138.7307 30.7297
137.5519 30.3401
136.4766 33.1454
135.9451 29.7636
139.3432 28.7229
136.5368 30.0985
137.9895 30.2032
137.5425 34.2490
139.1352 29.1132
136.5894 29.8236
128.4470 28.2190
139.0709 29.3585
143.3910 35.8579
137.2831 30.6844
128.1617 28.4237
139.0669 28.8666
138.4536 28.6449
138.4269 29.6244
138.8163 30.3222
135.0635 29.2451
139.3146 28.1369
137.4269 31.2597
137.3494 31.1242
136.7019 33.4376
127.7918 28.2422
136.1255 30.4937
138.3818 29.2419
137.0942 29.4482
135.3201 24.9037
139.6688 33.4701
137.1081 34.0434
134.4628 29.3243
138.9128 27.9642
141.4476 33.8590
137.4498 31.0013
131.6111 30.4642
139.0195 27.6209
138.1645 34.3510
138.8531 28.5827
140.7313 35.3325
138.9605 29.4367
138.7004 31.8559
138.0724 30.7811
139.0161 28.7112
139.5210 28.3216
139.1720 28.8850
139.3864 29.9567
139.3372 28.3212
139.1976 27.8993
139.7245 28.9557
137.7630 29.3529
136.8338 33.8205
138.8900 28.6571
139.5039 27.2005
138.0270 29.9759
136.4311 33.0670
144.3675 38.2148
133.8574 27.0925
136.0626 29.6163
139.2251 28.9857
139.2615 33.9444
133.7781 28.0829
136.6006 31.4197
137.1692 31.0172
137.1451 29.8316
140.0133 27.5786
136.4353 33.8604
136.1028 30.6922
138.5389 28.5409
136.5206 33.9198
135.8641 30.3453
138.9688 28.0254
138.4909 28.8079
132.4841 31.5616
138.3131 34.1706
137.1237 34.1373
137.9918 30.0464
139.6456 33.3602
135.8841 30.4761
137.6851 29.4802
137.4812 34.2236
137.6661 34.3060
136.3919 30.4014
136.9766 34.2092
138.0455 29.8014
135.2080 32.4440
137.4054 34.2154
136.6478 30.1798
137.5022 34.2136
144.8223 38.0469
139.3618 28.6812
138.7537 28.2884
127.9493 27.8692
136.5607 33.9684
143.7467 37.7058
137.4454 30.1159
139.1279 27.7253
139.3877 28.8323
137.3145 33.3037
135.8165 30.2348
137.4413 34.2601
136.9178 34.0994
137.2603 30.0155
136.7809 30.0620
139.8105 34.0350
139.4544 29.2279
136.3280 33.6738
137.5845 29.0150
136.9525 31.1564
137.3421 28.9989
138.6004 30.2418
133.3478 29.6177
138.3808 34.1686
140.0684 33.7803
139.5465 28.9147
137.3847 34.2262
138.0312 34.2344
131.4696 27.6524
139.2024 28.6785
132.4920 31.4147
135.7398 28.0267
144.5924 35.3809
137.2900 29.6513
136.3472 30.3868
137.5166 29.3466
137.0076 33.3968
139.3882 28.6329
136.2991 28.6263
136.7442 33.4445
138.0713 34.2527
136.8954 33.9974
138.3972 29.5595
137.2275 34.2678
139.0976 28.2393
136.9874 34.1264
139.5023 28.3525
135.8713 30.0095
140.1785 33.0236
139.1117 30.0037
127.2727 26.9172
126.8976 26.2890
139.2372 29.1043
139.0427 29.6991
136.3099 30.8956
137.1598 34.0343
136.2972 28.7778
138.8528 33.1417
137.7828 30.4167
143.1043 37.2956
134.2792 31.9003
137.0150 31.1429
143.2198 37.1290
136.8169 29.6125
137.6194 34.3824
136.9864 29.9186
136.6529 33.3173
130.0732 28.6368
139.2341 29.0044
135.2151 29.4749
139.3532 28.2004
137.5202 34.2697
136.6757 29.6400
137.2197 34.1948
140.0365 33.9814
137.4794 34.2640
136.7317 31.0946
139.3522 28.5685
136.4270 28.3126
133.6439 28.1886
137.4899 33.1551
136.3775 33.3105
136.1788 33.5539
134.2892 31.5485
137.0717 32.4453
133.7875 27.1459
136.8413 29.9627
136.0427 25.5464
137.0595 33.2015
135.9693 24.1107
131.5554 28.8623
135.9548 29.4714
138.5078 29.9628
133.8268 26.7290
130.8246 28.8308
135.3853 27.4300
136.7559 30.7105
133.3361 28.1916
134.8536 32.4673
134.4775 28.4705
137.2013 31.7411
137.5174 31.0822
138.9955 28.5095
137.5509 33.3672
134.4370 31.5291
133.8503 27.8623
136.0851 29.9860
135.9568 28.9349
136.3227 33.5280
137.4286 30.5383
139.8291 28.4961
135.9362 30.3929
136.2756 31.9761
134.4962 25.3681
132.3740 31.0512
139.3812 28.8717
123.9582 30.4017
128.3332 25.8451
134.9119 24.5706
127.7415 26.8787
139.4193 28.5219
139.1536 29.1092
138.3531 33.4727
138.8784 30.2024
138.3356 28.1750
140.5166 27.9027
135.6543 24.6694
136.7547 33.7620
136.8283 28.4470
133.7205 27.7655
134.7594 28.3420
138.8741 28.5697
135.3710 29.6998
134.2122 31.2097
139.3941 29.0672
137.4379 33.3290
139.4218 28.2582
136.3638 30.9741
132.7325 27.9945
138.1896 34.2247
139.1454 27.5627
139.6515 34.4797
135.5273 29.0207
138.0827 33.0714
136.3847 27.9778
136.6545 28.4149
134.9336 25.1709
133.9765 25.8692
136.8466 30.5431
134.0615 26.6018
139.3239 28.9543
135.2136 24.8139
136.2484 29.1021
135.6103 28.2937
137.3353 31.0502
136.7328 29.7703
135.6835 28.9871
139.2090 27.5245
133.1795 27.8903
140.4188 27.8233
127.3249 28.1712
133.0697 27.7675
134.8682 24.8396
136.9294 34.0415
139.1134 29.2386
134.8372 32.0504
136.4534 28.3681
136.4876 28.9626
134.5294 24.6334
137.5955 29.4466
134.7076 28.4190
138.2888 30.3074
127.6776 27.0307
135.0743 28.8510
139.9403 33.3844
136.1849 28.1338
139.4644 28.5438
133.7431 28.7367
129.9734 25.3816
137.1100 30.9742
137.8201 34.1527
137.7541 30.5598
135.4751 23.6344
138.4141 27.3483
138.7036 28.1583
138.8210 33.2544
135.3535 29.3839
133.8252 26.3166
137.7224 30.3669
134.7812 28.2531
141.3602 33.7966
134.7881 32.0704
134.8533 28.9269
133.9911 25.7658
138.3749 34.1936
134.4371 28.4780
138.5158 30.5480
137.2658 31.1155
139.0664 28.6132
137.6678 29.9479
134.4893 25.3323
139.2100 28.9991
132.0822 25.6472
138.7325 30.4424
132.2298 25.9052
137.0344 29.0366
133.6728 28.3659
136.3517 33.3909
136.2333 30.2172
137.4798 30.8572
136.7406 29.0591
137.8155 30.4704
133.2592 29.6702
136.7586 33.1422
137.9938 30.9614
138.0989 33.9087
137.3159 33.4202
135.8385 24.1749
138.0407 28.9774
139.0620 28.9864
132.1254 27.8119
134.4295 25.6475
133.9919 27.6261
139.8212 28.3208
133.1511 32.1936
140.3531 27.8918
126.4741 26.5112
133.8683 31.5868
133.9968 24.6269
133.1911 27.9422
131.5548 30.7215
139.2197 28.8125
134.1928 26.0030
139.3675 34.3511
139.4024 29.0240
137.8049 31.0302
137.4909 33.5980
139.4938 28.2474
128.2693 28.4433
136.9663 33.2993
136.0115 30.3996
133.5115 27.8655
137.2493 29.3391
137.8825 31.0122
137.0747 30.7644
130.9578 25.8507
133.3407 26.6122
138.8641 29.6792
137.3405 29.8333
132.5377 31.5161
133.7488 30.8481
139.0479 29.2625
137.7401 30.2237
135.8939 29.9734
138.5679 33.1566
135.4257 30.6080
137.4380 30.8714
130.3206 25.3059
134.4951 28.5875
128.7081 28.3775
136.0368 30.1697
134.5325 28.9578
133.4682 32.2690
139.0735 29.8687
137.8382 29.4560
132.6670 25.9121
133.2210 25.0582
137.1875 33.7215
138.0006 29.3020
136.7841 30.9705
132.9028 26.6715
137.7865 29.6089
141.2947 34.4271
137.6658 34.4314
134.2763 32.5401
133.6656 26.5616
139.6407 28.3333
133.1245 27.8929
134.8425 31.8865
133.9822 24.7415
140.0451 28.1560
137.2471 31.1916
135.9769 29.9965
139.3382 28.6792
138.6783 28.3668
133.4062 28.2985
138.1490 33.7624
133.8027 29.1668
140.7805 34.8757
127.2777 25.5186
137.8601 30.8773
135.9955 29.4891
136.7642 32.9859
136.7189 32.8217
131.8666 27.8206
132.9832 28.2759
133.2718 25.0672
133.2538 26.3219
137.7721 30.4863
139.0126 29.5383
130.6050 29.6766
138.0695 30.7566
137.2577 29.3393
138.2914 29.5344
137.7960 30.1889
134.9331 31.1402
137.3455 29.3799
137.1210 29.0255
133.4206 26.6929
139.5516 28.7725
139.7171 28.6553
133.8638 24.7990
138.8093 30.0123
136.3380 29.0999
135.4138 32.3236
138.1816 30.1646
137.3358 31.7789
133.8455 24.6375
132.5453 31.7739
132.5994 31.3837
136.3374 30.0235
137.5602 31.0863
138.1393 30.8229
137.8449 30.6393
138.0157 30.3891
133.3766 24.6555
134.7781 28.8667
133.4959 24.5637
138.6231 30.2619
134.9071 32.3960
131.0872 27.9575
137.5939 30.7573
133.5849 24.8779
132.7847 29.4740
139.1255 33.0514
132.1001 27.6252
137.7224 30.2854
138.8731 29.5824
133.0504 28.4928
133.2442 27.2462
134.3705 31.1680
139.8035 27.3790
138.2275 30.3101
132.7892 26.8206
137.7229 29.3483
134.6496 28.6062
126.3389 25.9892
137.2762 29.9815
137.9845 30.5350
136.1805 29.1719
139.5221 29.3973
132.6660 26.8087
136.3664 30.1053
137.6834 28.7575
138.0134 30.9902
134.8308 26.4630
138.9960 29.0912
132.8810 26.0505
139.3341 28.2490
131.8165 30.6874
137.2673 32.4887
137.8301 30.7302
137.3206 29.9055
140.0334 27.9394
137.8232 30.2605
128.1773 25.6837
138.6052 30.5837
137.3287 29.1158
138.6471 34.1319
139.0927 28.8510
135.2763 24.5675
138.6100 30.4213
138.3341 28.8637
137.9004 30.7504
132.2172 27.1182
134.8437 32.4599
137.8380 31.0242
136.0931 30.2130
137.5681 30.5332
135.6778 27.9227
134.8152 32.1206
137.0578 28.9779
128.2460 28.0183
131.7165 26.7808
140.1834 27.9339
139.1458 34.4888
138.6452 27.6716
126.6306 24.0324
126.3985 23.8655
138.7519 27.4571
131.3514 30.3528
129.3952 29.2175
135.0569 24.3302
133.2373 27.2361
131.9240 25.9071
138.2527 30.5578
133.6530 31.2597
139.2657 28.6422
135.5714 32.4559
139.1593 28.6106
135.2285 24.5954
134.6976 32.0341
137.4231 33.7280
139.2002 28.8666
137.1717 29.1435
135.2258 24.6129
137.1067 28.9721
132.7046 31.4733
138.8092 33.2313
129.3656 28.7197
132.2967 27.0357
134.6498 25.4790
136.0550 31.8932
138.8584 30.5844
134.2122 27.7767
138.9998 28.5724
133.8820 27.6026
136.6104 33.3567
137.7179 34.3854
133.7885 27.7698
133.4924 26.9486
136.8240 33.2413
139.0936 28.5357
132.4382 28.2264
131.9591 27.3730
132.9181 27.6865
134.5588 28.2416
139.1287 33.0913
126.8431 26.9537
135.1439 27.9928
132.5305 31.6309
127.3833 26.5165
131.4964 28.1088
133.9722 27.7880
139.6574 28.9171
134.0519 26.0040
129.6771 25.5389
132.6169 31.5846
134.7214 24.7930
138.8823 28.5275
134.7492 32.5349
137.9740 29.7344
137.1460 33.8769
138.2909 32.9227
138.3195 30.9433
127.1973 26.7891
134.8783 32.0770
138.4979 34.1677
128.3619 28.4345
138.7641 33.1508
136.0018 29.3473
133.9418 28.0657
136.7810 33.3315
139.5527 28.5414
135.4447 29.1942
130.5258 29.8029
133.7568 27.6714
136.1606 30.6797
136.6513 30.9202
130.6684 29.6975
134.1174 31.1128
126.7998 26.4518
135.4089 29.4823
132.9923 32.2212
127.4199 27.7271
132.6281 31.1799
133.8451 27.4620
135.8153 30.0693
133.1662 27.2792
136.8977 33.2309
139.9028 28.3618
134.9320 27.9060
138.2303 29.5781
134.2195 31.5543
132.7220 31.9435
137.5393 30.4740
138.9198 28.0899
139.2365 27.6052
138.9611 28.2683
138.1071 33.7458
136.2351 29.1891
134.6389 27.8426
136.3503 28.0490
134.9042 32.2326
136.6289 30.1495
132.6861 27.1198
135.9914 32.2959
138.3842 30.3949
133.7898 26.6122
136.8154 30.7987
139.5284 28.5414
137.3464 33.3696
135.1691 30.2582
138.6704 27.4313
137.5274 28.9242
139.1693 33.8299
137.5900 29.5866
137.7283 30.4179
137.6975 29.5329
134.4724 31.3895
133.8887 27.3892
137.2023 30.5570
135.2418 27.9835
135.2514 29.1579
137.2971 33.6526
137.9413 29.4819
132.7595 31.3518
134.9968 32.5215
131.5723 27.2123
128.6228 25.5530
139.1683 27.7217
131.6961 31.0047
138.7849 34.1819
136.7571 33.3910
135.3663 29.4710
139.1528 28.8538
136.6421 33.0033
139.0233 28.9942
138.6207 31.1975
136.0186 30.5536
141.1446 35.1136
137.0179 29.6400
136.1040 29.2280
136.6457 30.3769
139.1330 28.8705
137.6601 30.0270
136.4304 30.6929
137.1539 34.3112
136.3892 29.6395
136.3233 33.7311
137.9087 32.2096
137.1823 30.7995
136.5440 29.4400
138.9147 30.8010
139.1048 34.7074
136.1866 31.0584
139.7102 34.6390
136.8096 29.5347
136.2960 33.8050
136.8120 30.4028
137.1398 28.9832
138.4934 30.2580
137.5655 29.5594
139.7860 32.9726
136.3631 29.7470
138.8938 30.3106
136.5362 33.8898
136.3152 30.6052
137.9105 34.2992
136.7918 30.2671
139.1024 29.2094
141.4198 34.9274
136.7359 33.1280
138.9267 28.9835
136.3462 30.7651
136.8214 30.3313
136.0998 30.5103
136.1960 33.3364
139.2710 28.4709
137.6499 30.3135
139.1668 29.3112
136.2858 29.8194
137.5957 29.6708
136.4419 33.4259
135.7716 29.9393
137.0889 30.4614
138.3236 30.1604
137.1124 33.3630
136.6461 29.6059
139.3700 29.0414
136.7481 29.9365
145.0539 34.5290
139.5924 28.6589
136.3434 29.9815
142.1074 35.4841
139.0645 28.8695
136.6499 33.0663
136.5367 29.8949
136.3757 30.8270
137.5307 30.8737
137.7827 29.9121
139.1536 30.0343
139.2180 29.1370
136.1104 29.7879
139.1336 30.0820
136.8630 33.7098
137.4048 29.9405
137.6613 30.8522
137.0217 30.8146
136.8505 33.0677
139.4554 29.0643
136.3283 33.2054
139.3956 34.5231
136.7344 30.1448
137.8834 31.0326
138.8522 30.5801
136.4932 33.0785
145.1943 38.0065
137.3248 30.5398
138.5227 29.2557
138.0454 31.4081
143.1785 37.5079
137.0600 33.1234
136.8281 30.4174
136.5156 30.0421
137.0944 34.2758
136.7241 33.0187
136.6292 28.7727
136.9696 30.8096
136.0630 30.2466
139.3643 28.5172
137.0699 33.1960
149.5573 36.0507
136.0482 30.0759
137.5123 31.1650
137.6117 30.6580
139.2048 28.4574
136.0523 29.7606
140.6253 34.3605
136.5587 33.2076
136.8510 29.5791
143.5895 35.7864
136.3076 29.5012
138.7570 30.9641
137.0707 30.7652
137.3266 30.2588
139.0490 29.0547
136.6636 29.2635
136.6641 30.2071
137.6581 30.3697
138.8574 28.9832
136.8347 33.9859
136.8195 29.2682
139.0866 28.2018
135.9496 29.3601
136.6311 33.2979
136.9255 28.8783
142.3754 35.3027
139.3339 28.9511
136.6173 30.7787
137.0565 30.2581
138.8774 29.7441
142.1287 35.4422
138.9316 29.1637
139.0943 34.5427
137.6454 30.9218
145.3406 38.5729
139.0330 29.6535
136.2387 29.2923
136.6094 30.2574
139.0166 30.4006
137.1512 32.5637
136.9507 30.8233
136.9039 33.1670
137.0875 33.0841
136.9401 33.5656
139.1724 29.2404
139.3723 28.8372
138.5296 31.1542
136.8684 33.3988
136.3708 33.7146
136.1935 29.6003
137.1358 29.2767
139.1494 28.6344
136.4203 30.7140
138.2192 31.2417
137.7253 30.0547
139.1047 28.9424
137.0057 29.5648
136.0506 30.2255
136.1806 33.4242
136.7354 30.0420
136.3512 28.7550
137.6200 29.4850
139.2046 28.8944
137.3381 30.1606
145.1512 38.0688
137.3609 34.3006
139.3797 28.8960
136.7467 33.0314
137.0090 33.1278
136.5625 33.3155
142.3925 35.2040
136.1488 29.7317
138.9924 30.6874
139.0384 28.7537
138.7546 34.4693
143.4316 36.8779
137.3675 31.1898
139.2270 28.8152
136.4903 28.9050
136.1384 30.3522
140.0928 34.2262
139.2302 32.5466
137.6393 29.6861
139.1585 34.8584
137.7943 30.2021
136.8231 30.8057
136.6524 33.7312
137.0037 30.0613
140.5488 33.7615
136.3468 29.2260
136.4036 29.9468
136.8940 33.7502
136.1760 30.3397
137.2047 30.1444
140.1973 34.3630
138.6387 31.0880
137.3415 30.3044
136.7522 29.0899
137.8377 31.1750
136.6242 33.0901
136.6839 29.3317
138.4200 30.0454
136.7227 30.2456
140.7072 34.5425
137.1108 33.5125
137.0048 34.1815
136.4269 33.4953
137.6021 30.6889
137.7422 31.1161
139.2581 29.0968
137.0718 31.3137
139.4181 28.9865
137.1946 29.2956
136.9723 29.7144
136.0853 30.1179
136.3192 33.1519
136.9055 29.3239
136.5088 29.8975
137.3595 29.1881
137.1130 34.2135
136.3783 30.6441
136.8405 28.7892
136.8884 33.7443
138.2650 31.1562
137.2324 29.3364
136.7737 29.8349
136.7465 29.7392
139.4721 28.9826
137.2463 30.8993
136.4024 30.8343
136.2747 29.9857
136.6947 33.9540
136.1216 30.1471
136.5287 28.8655
135.8880 30.1772
136.7822 33.9935
137.6208 30.2562
139.0419 28.3710
136.1467 29.6647
136.6195 29.2516
137.0461 29.1942
136.3077 30.7737
138.5348 31.0726
136.5187 30.7446
137.1981 29.4972
137.1252 34.2171
139.0552 29.1041
137.5780 30.5183
142.9456 37.2884
136.2081 30.4897
138.9582 29.5495
136.6465 33.0115
136.3543 33.7471
135.9503 29.9419
146.4463 37.8033
137.0692 30.0686
136.1460 30.2614
137.5512 30.2379
138.9890 30.3515
139.1506 28.6889
136.1299 29.9799
142.7983 35.7234
137.6217 29.6473
137.3905 29.2152
138.9283 29.2008
136.3312 30.7594
136.4385 31.1525
136.1824 29.2913
138.5922 28.6263
136.3904 33.7999
136.8750 33.1324
136.9787 31.1526
136.1465 29.8353
137.3084 29.9440
135.9361 30.7378
137.1411 30.5049
136.9870 28.9395
136.9588 29.1858
136.3871 29.4333
139.0809 29.0550
136.9541 33.0766
138.8916 29.1782
136.9138 29.7022
136.4222 30.7139
136.7520 33.0411
138.9140 30.8141
137.0939 29.4328
139.4368 29.4557
136.2008 29.6817
138.8451 30.6163
136.0556 30.4272
136.7891 29.1901
137.5635 30.2042
137.5912 30.0832
136.4091 28.8362
137.6656 30.0013
137.0188 29.8779
138.9353 28.3127
136.5369 30.1843
136.4797 29.3126
136.7000 28.8169
136.8368 29.0997
138.9932 28.9677
136.5243 29.6890
135.9469 30.4696
138.6124 28.6729
135.7432 29.9394
139.1589 28.8409
130.1597 28.6662
133.2328 27.1379
139.2056 34.8475
138.1506 29.8177
132.8750 25.3059
140.4182 34.5677
133.0569 30.2540
139.4531 29.5717
148.4390 35.2662
135.5452 29.1098
133.3786 30.8143
138.7744 28.0806
128.2162 28.9663
139.3073 33.0434
139.5513 33.9131
134.0150 31.8881
132.3042 28.4112
137.0822 29.8960
144.2455 37.4719
138.5678 29.9447
133.1689 32.3925
133.0453 30.3076
134.6585 29.0569
133.7384 27.6868
127.3926 23.0558
132.3425 28.6451
131.8696 28.8485
134.9948 32.5629
144.4273 36.1672
134.3130 25.6902
135.2627 24.9988
135.6689 25.8480
136.3286 33.6751
138.3631 30.8286
132.5406 29.0067
137.6653 30.8975
138.5408 30.6040
137.7843 30.6309
138.3477 28.3544
141.5295 35.1544
136.3229 30.8323
134.6172 26.9619
138.6507 33.7606
134.3112 25.2969
138.8814 29.4542
133.8067 31.1859
136.5445 28.6220
139.5913 29.5341
121.9543 27.3247
136.5240 28.8819
135.1646 24.5677
135.9193 23.8233
127.3430 27.9012
135.8144 23.9700
139.6684 28.4735
138.7370 27.9690
139.6001 29.9578
136.8588 32.3777
137.3899 30.7485
136.4629 30.5700
136.3140 33.1724
131.9047 28.9066
138.8762 30.5028
138.4797 28.3711
126.3757 25.1332
138.4548 30.6881
132.2158 29.3170
134.1873 25.8836
142.4053 35.4658
136.1889 33.4953
134.2869 32.8008
138.1227 32.3292
138.7971 27.2875
133.0859 28.3771
139.1428 32.0290
134.9949 24.1131
137.2187 31.1444
138.6404 30.3373
132.6984 26.1265
141.1933 34.0197
128.8948 28.0618
137.8019 31.0543
134.2612 25.1686
137.0368 29.2630
137.3494 30.7201
134.3468 30.9203
128.1524 27.1680
134.0882 24.5329
134.0509 31.6131
136.8747 33.5898
143.7751 36.8307
132.7464 31.1841
126.8616 29.7611
132.9075 32.3954
133.2950 32.0216
137.4470 30.6456
137.5426 29.2217
139.8115 28.5636
139.1912 27.7745
135.6297 32.3281
131.8628 26.9723
134.6206 24.8884
134.8888 30.0297
138.9435 29.1894
132.7674 31.4836
137.1733 33.9398
139.0334 34.4383
134.4933 28.1100
135.9234 30.1828
133.3130 27.0706
132.8523 32.2696
137.3609 32.2939
137.1439 29.3125
137.7146 29.8222
137.7174 30.9082
132.7160 31.6076
131.6673 27.6245
137.9411 34.2081
133.9762 28.1155
133.6088 27.2612
137.3396 30.0763
140.2499 28.1263
133.8168 31.0868
137.4777 32.4495
133.8970 28.1957
131.9722 27.2045
138.2212 30.7503
134.0092 27.5061
132.8673 27.5389
132.5535 31.1899
139.1989 28.1307
139.3384 28.3117
134.6302 32.4918
139.4745 28.6893
137.9638 30.5964
135.4221 32.8351
133.9825 28.6341
132.8501 27.7787
137.0360 30.8181
133.5239 32.0524
131.4899 30.1958
133.2822 27.3275
139.2404 28.3449
139.6868 28.4626
134.6851 24.9070
133.0904 32.1185
137.6506 30.6698
138.0048 30.7991
136.3422 29.9625
138.9058 27.4034
134.4117 25.1637
139.7600 28.6800
134.4399 25.3072
134.8323 24.5888
137.5714 31.2559
133.7515 28.2599
135.1203 32.4285
133.0918 27.4220
134.3030 25.6004
132.9683 27.5185
133.4600 27.5897
136.6266 28.9427
137.5385 31.0068
136.7623 28.8141
137.8006 30.7448
134.3061 25.0697
133.1787 26.6362
135.7279 30.4362
138.7301 34.2859
132.5629 31.6798
137.0112 30.4411
129.1426 29.1549
134.2669 28.2027
134.8626 24.6131
142.0760 35.3656
134.1257 26.1758
133.7787 26.3408
133.5224 28.1635
133.9971 27.8278
133.6585 26.5078
138.7772 30.3227
140.2880 27.9360
132.7484 25.4334
138.3531 28.9451
133.3391 31.1581
133.7917 27.5985
130.8450 30.2984
136.7766 33.0856
136.9373 28.8517
136.9444 33.7666
135.8520 24.9045
133.6319 29.4801
139.0585 29.2726
138.9718 29.1414
139.0329 27.9929
137.4589 31.1660
132.4875 31.6050
139.4544 28.4292
137.8481 31.0674
136.1332 30.5028
137.2505 29.6312
135.2948 24.7253
131.6841 29.0866
127.2209 27.0121
134.3626 28.8421
139.5474 28.8116
142.1504 35.1040
138.2949 29.1078
133.9719 26.0131
139.1087 27.4286
133.5662 24.4820
138.8711 28.9651
139.5589 28.7855
134.2092 25.4967
139.4156 29.6198
139.5047 29.3213
133.7104 28.9054
140.1455 34.4277
134.4169 28.4524
133.8330 26.2022
133.0153 28.6762
138.7273 34.3494
139.5870 29.1990
135.4301 24.7752
136.8659 31.1376
133.7382 29.1010
135.4034 28.0722
132.7873 31.2793
134.1003 28.1936
138.6852 33.9826
136.2814 30.6870
138.3452 34.1379
136.9597 33.8769
136.6549 28.2162
138.0800 29.3642
139.8195 27.4212
133.6763 28.6254
134.4750 32.5706
139.1879 29.0642
138.5416 30.8742
136.4274 30.8230
137.1966 30.3538
133.1717 32.2617
139.4362 28.2174
133.3377 27.2946
137.2205 30.8866
130.6792 29.6988
138.9840 29.7503
136.8635 29.7774
128.3215 25.7163
137.1067 28.7899
134.4400 25.8459
138.0774 34.1305
140.1384 27.7089
139.5708 29.5647
138.3156 32.7349
128.1883 26.3309
139.4808 26.8017
134.1894 24.7994
138.3110 30.7815
135.8525 29.8093
134.4252 28.5457
133.5710 30.3507
139.3544 34.6979
133.6937 25.4736
134.9269 28.2432
139.4872 30.1456
138.1767 32.1271
138.4571 28.2746
138.2784 29.8632
140.0863 28.1742
138.5008 31.0611
135.4171 24.9505
134.2217 25.6452
136.6653 28.8241
128.6928 28.3175
133.6953 30.1995
138.4605 28.6924
128.2416 25.5222
132.8909 29.5247
126.9930 24.6680
138.2106 30.9890
137.0459 28.8550
128.2491 28.6001
137.2446 34.2420
133.8229 26.4450
137.7869 34.3157
137.7671 30.2554
138.5030 28.3198
135.8164 30.1127
139.5398 28.8480
137.1632 29.4197
137.2690 30.0485
139.3185 29.0668
139.4720 28.9448
139.0371 30.2246
138.1527 32.9650
142.3196 35.6551
139.2702 28.4311
136.4188 33.7376
136.8383 29.8943
141.8934 35.5087
139.8379 33.8731
139.1222 30.2844
138.9914 28.2650
136.9291 29.8782
136.7888 33.9153
144.7430 38.6811
138.9678 28.2658
137.2767 33.3475
139.0044 30.4445
137.9297 34.2371
140.1504 33.9316
137.7254 30.8662
138.2129 32.0731
136.8689 33.3632
138.8857 29.3344
138.5113 34.2742
137.2549 34.2576
141.2694 35.4852
136.8081 33.6084
127.0080 27.2767
137.6329 34.3339
136.5621 33.6816
136.6568 28.8929
136.6505 33.3627
136.9897 31.0226
137.5182 34.2221
137.6019 29.8227
140.0962 33.9154
139.4647 28.8550
136.2800 33.4152
137.1773 34.1244
137.4342 34.2952
139.2696 34.5466
137.7860 29.6804
136.3613 33.3932
136.8864 33.3876
137.1853 34.2329
137.4282 34.2690
135.7744 30.7196
136.2802 33.4368
137.6711 34.2384
136.1482 30.7856
136.5785 30.5784
137.3421 31.1905
136.5587 33.9154
138.9946 29.9919
136.3127 33.5405
136.4217 33.8170
140.5580 34.2267
138.7988 30.9066
136.8079 32.9994
137.4011 29.3375
138.7746 30.6210
137.7935 30.8443
136.4991 33.7971
139.2231 27.8470
140.2002 33.9177
137.6088 30.4385
136.6738 33.9202
133.9016 28.6619
136.8264 32.9847
136.8914 33.2504
136.2995 28.1460
136.2202 33.5145
141.8170 35.6972
139.9935 33.9945
137.2648 29.6490
138.8490 30.6686
136.9587 33.9538
139.8875 33.8929
139.0833 29.0594
138.4682 29.0929
140.1373 33.8872
137.4692 29.9911
136.7188 33.7835
136.4641 28.1824
137.3598 29.8869
137.1834 30.6811
136.9598 30.8283
138.6218 29.2486
139.3316 29.1690
137.2081 29.0749
136.7328 30.8290
134.0041 28.1966
136.9668 29.6670
139.1905 28.8717
137.2029 34.2168
138.9777 30.4562
141.1946 33.9883
139.5363 28.3744
125.6706 22.8743
129.0183 25.6961
136.8009 32.9717
129.4544 25.9625
132.3766 27.1726
130.7312 29.1318
126.6986 25.0432
134.2778 29.6584
138.4306 34.2922
139.1721 28.5069
136.5981 30.7195
130.2693 26.1351
137.1862 30.7226
139.2293 29.1703
136.9324 31.0524
132.3292 27.5445
144.1560 36.2358
133.1120 26.6621
133.9043 27.3670
137.8767 34.0124
128.5059 25.5397
138.4568 30.6947
132.5160 31.7039
137.0690 29.1466
132.6099 31.6100
138.9014 29.8660
137.5869 33.5388
137.7014 30.7968
136.9914 31.1597
134.5254 24.9203
132.6189 31.4131
139.6918 28.4004
133.4378 32.1602
134.8881 26.5479
137.8008 29.8480
136.5790 23.2322
134.2264 31.7346
126.2948 26.7291
134.9739 32.7302
139.2596 33.3209
133.0871 31.7318
141.0786 34.5238
138.5352 30.2510
130.1367 26.1682
138.7111 33.8424
139.5092 28.3569
137.4774 30.5702
131.5493 27.1111
133.9255 26.4035
137.4399 33.6544
139.0564 28.6552
134.5681 25.3158
136.5261 29.0336
137.3067 30.6822
141.4432 35.5893
134.6069 25.5832
134.1729 27.8387
129.2001 25.5560
136.0388 29.4814
131.4190 26.6024
136.4527 29.0498
139.2087 28.6789
133.1192 28.7798
137.5193 29.2971
138.2110 33.6205
136.7050 30.1573
132.5019 31.5412
135.9406 29.7992
133.7869 26.1669
130.7083 29.5290
136.3378 30.8276
135.8949 30.0934
138.7330 34.4791
136.5397 30.9567
139.4933 29.8593
136.7123 29.0196
136.8601 28.4751
138.5942 30.5944
133.4892 27.1523
136.5910 30.0976
139.4316 33.4365
137.3228 34.2716
143.7817 35.7680
136.6248 29.0153
136.5901 29.0183
131.8766 28.3536
135.7227 25.0490
134.3332 30.0113
137.2588 31.1102
133.6133 25.0342
130.0747 25.9474
138.3656 33.8604
136.2529 30.5825
136.9274 29.0852
133.3042 26.3882
136.8024 30.3284
127.1884 25.0151
132.6995 26.6528
132.7524 31.9954
133.5954 29.8168
127.8596 25.6111
137.4859 31.0506
136.7443 30.0834
136.6860 29.6829
137.6934 30.0116
139.0677 30.0124
136.8540 29.0769
135.9372 30.8919
135.7496 29.8501
139.2579 28.2277
136.5490 30.0719
139.2522 34.6627
135.8463 30.6572
136.0022 30.4084
136.7270 29.9578
137.2747 30.0923
139.0116 28.7759
137.5780 29.6158
137.4989 31.1894
138.6954 30.8542
136.6486 29.6073
136.8203 28.7304
139.2832 28.5498
137.8432 34.3354
137.9304 34.2709
139.4732 28.7449
139.2927 29.1289
137.1890 30.5332
137.5353 29.3034
137.0577 30.5454
138.5231 31.1293
140.7872 33.0257
136.7778 29.8014
136.7207 33.3086
139.0619 28.8949
136.5582 29.7066
138.4052 34.2171
139.0639 29.9026
136.1214 30.1025
136.9060 30.9729
137.1244 30.2636
137.0028 33.5147
137.2636 33.3761
135.9957 30.4189
136.7860 30.3416
137.3061 29.0704
138.0581 30.3504
136.8896 29.1407
135.9422 30.0579
136.7138 29.9633
137.5260 30.7192
136.8094 29.7977
136.6151 33.9551
137.5766 30.6570
137.0576 30.5432
136.7992 33.2612
136.3642 29.1559
136.1175 30.6409
139.1131 29.2753
136.3732 33.4503
136.6394 30.9590
137.1248 30.9950
136.8614 33.4270
136.1387 30.6723
137.2278 29.6229
135.9833 30.3660
138.7817 30.8073
139.0857 30.0040
136.9104 30.9417
136.7023 29.7015
139.0568 28.9945
135.7764 30.7295
137.0154 34.0993
136.8543 29.5366
137.0600 30.8842
137.6797 30.2815
136.6941 30.4299
136.9041 29.8642
136.7642 32.9031
135.9719 29.2389
139.1282 29.2986
139.2309 28.5657
137.0742 31.2144
137.4004 29.6881
136.5475 29.9903
137.6960 34.2474
136.5794 30.2510
136.1143 30.0684
135.9763 30.3418
136.4064 33.7625
138.8428 30.6187
136.8547 33.3036
136.5876 30.8780
136.6928 30.4144
136.1052 29.6733
136.7929 28.5862
137.9355 30.0546
135.7065 30.4100
137.4779 29.2131
138.5775 31.2229
135.7525 29.8333
136.7222 33.4357
136.6780 29.0395
143.9729 37.8235
137.2409 29.0424
136.5089 28.5767
136.6930 29.5738
138.8425 28.5733
139.0617 28.8992
145.0361 38.2676
137.6984 30.1614
136.3775 33.7167
137.7006 34.3264
137.4466 29.7409
140.6243 33.6771
136.9124 30.5347
136.7162 30.2596
136.0998 29.0446
139.2066 32.0593
136.7580 30.8913
137.3426 30.0858
142.2510 35.1517
136.5010 30.8748
135.9167 30.2459
137.6826 29.7298
136.7716 30.9177
137.3256 33.4085
138.7686 28.8947
128.7222 28.9389
136.4402 30.1214
136.4396 30.6171
138.0019 30.3656
138.3311 30.9739
133.8891 26.1764
135.0110 32.3968
139.8679 30.4046
135.0588 26.2170
132.0936 28.8686
134.5155 29.2070
138.4063 30.3772
136.5097 29.5073
139.3380 34.3588
134.8288 26.6131
130.6861 26.4584
136.5638 30.6448
137.9823 31.1332
134.6778 32.1005
141.0849 34.1991
134.2654 27.2728
130.4231 25.7091
134.6093 25.5198
133.3372 26.5752
133.1049 24.6853
138.3572 33.2803
136.1727 26.4481
133.9194 27.0144
128.7037 28.9939
136.5834 32.9352
124.5292 27.7511
131.9778 26.9664
125.0898 28.4228
131.6643 23.6709
137.9046 29.5849
130.6153 25.8051
138.6056 29.4060
134.7175 31.3979
134.9530 27.1026
132.3025 32.0226
136.3855 28.9923
134.3931 27.5790
135.3173 26.1194
137.9532 29.8004
138.9813 28.9489
132.4702 29.6219
137.0067 30.2158
135.1161 30.1020
138.7093 32.8501
134.6322 29.3682
134.1649 28.2986
139.6570 28.2245
134.1285 24.1214
132.3203 26.6033
134.2975 29.3026
135.5176 30.4088
126.9133 24.2396
127.3709 28.4720
134.4048 28.1693
134.2114 32.4541
139.6374 29.5561
126.2355 21.8777
128.5345 30.1837
135.0236 28.2894
134.4505 31.2587
134.1602 31.4739
138.0223 31.0602
136.5626 32.9683
135.5423 28.1529
134.6915 32.3660
139.5297 34.7991
136.9753 28.9433
132.7386 27.6800
133.3049 27.5308
133.6089 28.1747
134.1076 27.5546
137.9347 30.0704
134.3762 31.3525
133.9814 28.3682
133.6439 22.1832
124.2376 20.3244
126.0208 23.6591
134.1456 22.1364
128.1633 26.3062
133.3977 26.9628
132.8935 27.7584
135.8675 28.3031
136.8219 28.1131
133.4951 26.1712
133.6790 22.1847
133.1274 26.4104
126.6456 25.1402
135.3530 27.7623
131.1210 24.0484
133.3647 25.4152
125.7950 24.3810
135.6729 25.7776
132.5248 24.7334
130.9795 23.2213
133.7520 27.7514
131.5978 26.4133
137.3759 30.6853
130.0764 23.7852
135.7426 24.1623
135.6060 23.5607
127.1729 20.8131
131.2505 25.5775
134.6706 22.7409
123.4111 21.0728
136.0965 25.8279
134.0688 25.5667
133.5239 21.8821
133.5849 24.5917
136.1887 24.1610
131.1087 24.2604
137.9811 28.6626
136.4954 29.7163
136.5548 30.2681
134.4231 31.9399
126.4669 23.1223
124.0967 21.5295
132.8440 29.1236
134.3459 25.9135
132.8534 25.0871
134.1855 22.4659
133.3041 21.8574
128.5394 24.0195
127.4408 24.0972
133.8838 21.0122
133.3842 21.4581
135.4027 27.7647
134.5800 21.9278
135.1966 26.3655
134.3854 23.4868
131.2488 23.4054
134.3810 25.0762
132.8647 31.9187
136.4824 28.5655
134.7257 26.1537
134.6932 32.8762
134.6242 28.2283
136.8730 28.6315
132.1359 27.1733
132.6050 31.2073
133.9977 28.3308
137.6157 32.2184
137.9265 34.2249
137.4116 29.6005
139.2704 33.6103
135.5955 30.5559
134.4509 25.6271
137.5639 34.3814
127.3797 24.1607
133.1635 26.7567
134.6460 28.3487
138.9314 29.9355
130.0025 28.4352
134.0598 26.7372
140.0904 28.0523
136.0843 24.9035
138.3400 29.6521
135.1067 24.9349
137.8380 34.3177
129.2214 28.5633
132.3719 32.2646
136.1246 29.5556
137.8237 31.0121
127.5107 26.9546
134.5053 31.9265
139.1805 28.6785
131.2026 30.4561
137.7203 34.1632
133.9524 31.5088
140.4330 28.1149
136.6823 29.6846
132.3276 29.6315
139.3396 34.3865
135.1862 24.9700
133.5440 31.7145
137.8076 30.2537
136.8773 30.4401
134.7837 27.9114
138.7952 29.9537
137.5798 30.2622
134.9031 25.1453
136.0294 28.0510
133.4240 31.4326
132.4312 28.8536
139.3907 26.8627
139.1571 28.5645
138.6809 33.6784
135.0063 26.4386
130.7024 30.1218
133.5846 32.0922
139.6233 29.0475
138.8301 28.6186
135.3628 32.6935
137.7470 31.0713
139.3124 29.5718
137.3197 32.7905
139.3923 28.8520
135.0514 28.1044
137.1132 30.5798
137.3519 29.8312
139.2607 29.0840
137.0737 29.9433
138.8730 33.1949
132.7542 31.7076
136.4394 30.8697
133.8925 26.4018
135.7592 24.2485
133.6576 25.0002
137.2002 29.1051
135.3855 29.0382
139.6459 28.7558
123.8086 29.9834
133.6887 28.5990
141.2340 35.4222
137.8483 34.3389
136.7757 33.6809
132.2734 27.2742
137.7995 31.2209
134.6283 27.9594
133.4857 26.9832
137.3945 33.2805
134.6774 32.3165
137.6976 29.1291
132.7567 28.9061
134.2216 30.7136
133.4567 28.3200
135.2971 26.0947
128.1160 27.4999
140.3873 27.5758
132.7882 29.2095
138.7335 34.4638
139.8653 27.2913
138.8409 27.8299
134.2605 27.7458
131.3057 27.0848
133.1737 31.0280
134.7479 29.1575
140.0840 28.1058
139.0461 28.4376
134.2631 28.9219
134.6580 32.1779
136.1649 29.3890
135.3698 32.7676
127.0808 27.4934
133.0214 31.1190
137.1756 30.3993
139.0246 30.0265
135.1494 31.3552
138.0039 30.5847
132.4752 28.8322
133.2358 28.0688
138.1496 28.2107
137.4260 29.4531
135.6002 27.1451
128.3571 26.5871
139.7398 28.2112
137.2334 30.2135
127.4811 24.2354
131.0248 27.7357
133.7725 24.4492
132.4002 28.2753
129.7579 28.6656
134.5298 29.9876
130.7006 27.1118
137.6295 34.2775
134.8225 32.2016
137.5209 30.5117
136.5508 30.9437
136.0970 29.2572
135.5405 23.9200
138.3284 30.8442
133.9590 32.5244
136.7503 30.7631
139.8233 28.2914
136.3461 31.4137
131.5817 26.8924
137.8108 30.4942
136.9162 30.2844
139.3556 28.1109
134.3410 31.9513
133.7923 24.5411
135.0054 25.9138
133.1998 25.0711
128.0156 25.2615
130.5697 29.7879
137.7038 30.3384
132.4365 27.1926
139.5757 28.1925
131.2895 27.1187
138.2533 30.5319
133.5901 24.9335
134.8631 29.2627
134.7928 24.3893
133.8979 28.0496
137.8406 30.1241
137.3924 30.6907
138.7901 33.5033
143.6218 37.6081
134.3826 32.5660
137.2254 34.2967
143.6966 36.6001
136.5028 33.0489
139.1405 29.1408
135.2587 30.3451
149.2007 35.5301
137.2258 30.2551
138.8182 30.8271
138.1782 32.1571
136.9456 33.3839
139.7174 28.2513
140.1521 32.2895
138.9717 30.7118
136.9736 30.3142
135.8266 30.2483
134.1655 26.0108
136.9911 29.6893
135.1379 24.7834
144.6927 38.9030
137.2274 29.6825
139.4531 28.0793
136.1712 29.5750
135.9658 31.4144
139.2938 31.0980
143.0352 37.1732
141.6886 34.0725
139.2216 28.9937
136.5261 31.3216
139.5383 29.7926
137.8598 30.1310
134.1679 31.6109
137.2116 33.5951
137.5348 34.0234
140.5421 33.7482
137.1807 29.5924
139.1682 27.7380
126.0108 24.5227
144.9482 36.6846
132.0509 31.3961
136.7255 33.0574
139.1662 29.3757
145.4201 34.0439
145.6514 34.7164
122.1539 32.7259
145.6416 35.0135
139.4043 28.5034
137.1878 30.7576
139.1315 29.1047
136.2530 29.1452
136.5761 33.0936
144.2585 39.0247
138.8944 30.5360
137.8413 34.1574
134.4818 31.5163
135.9591 31.2738
138.8927 30.3147
145.4866 35.3931
131.5515 30.9577
139.0252 29.3820
136.8779 33.8384
139.8531 28.3383
139.3404 29.8409
136.0652 30.0547
139.2606 28.4920
136.2813 30.6206
135.1149 33.4625
136.0993 30.7527
136.8510 33.0783
143.7959 36.4245
138.8717 28.9938
134.9969 32.1559
143.2045 36.2457
136.9932 34.0861
146.1056 34.7308
136.5641 30.7955
138.9871 28.4962
134.7770 32.4648
152.2837 35.4620
139.0925 28.5127
136.6311 33.2353
137.1142 31.3040
137.0367 29.6869
137.3010 30.4338
131.7885 30.9828
138.8350 29.8097
138.9163 29.0272
145.0726 35.2176
128.5085 28.4427
138.9726 33.0281
132.9877 31.3239
131.2806 26.8201
132.5703 29.6756
132.5220 31.4435
133.0917 31.2550
133.0655 27.7817
132.7369 31.3841
133.6251 30.5153
133.6392 32.4548
132.7159 31.4644
137.0277 29.1892
132.7416 31.6659
137.4638 29.4557
134.2265 27.8193
138.0815 33.6409
134.1806 31.4476
131.4821 30.5536
135.0102 31.1985
131.2472 30.3463
138.8357 34.1720
132.6415 31.5535
132.5261 31.5008
134.8204 31.5485
142.0432 35.6764
134.8233 28.1478
136.6019 30.3151
132.7778 31.4257
133.0682 27.1898
136.4101 33.6924
139.1738 29.3928
134.4256 25.2819
136.8718 28.2293
140.7710 33.4709
134.1627 31.6429
127.3558 24.8147
133.5172 27.0503
134.6729 32.3825
133.5294 29.5031
138.1909 29.9826
134.4080 25.1428
135.7683 32.7967
128.3875 25.6074
133.2377 27.6108
136.9369 30.8721
132.8695 31.9807
133.5311 31.1568
138.8243 30.3020
138.6104 33.2196
138.2864 32.7104
132.5889 31.3695
135.9767 30.4215
128.1348 27.3673
133.0403 31.2335
134.4004 24.8570
133.3287 27.2598
138.9210 30.1418
133.3931 31.1571
133.1229 31.7671
133.0426 27.4541
137.3092 34.1983
138.3907 32.7821
136.6559 33.3704
132.6519 31.5396
134.4674 24.7200
139.2118 33.1144
132.4946 31.7674
136.9148 30.9137
137.1956 31.1181
130.5694 29.8680
136.6110 33.2598
137.0501 34.2033
134.7494 28.6997
135.0240 32.4449
133.8786 27.3020
133.2875 27.4536
137.9071 32.5418
139.1396 30.1142
137.4960 30.6552
133.7523 26.4687
132.7086 31.5166
134.1257 31.1107
133.3178 26.2089
131.6288 27.0153
133.8452 27.7390
139.8176 34.0093
136.5907 28.2120
133.6105 28.1375
134.3839 25.2154
133.6562 28.2129
133.9720 26.3587
134.2503 25.8436
138.2366 30.6856
132.5983 31.7571
139.5628 28.3097
134.5586 31.1188
134.5214 24.5712
138.1930 29.4430
134.3396 24.9292
132.2260 28.7080
143.5134 37.6097
134.2028 31.3314
132.5758 31.6860
132.9225 31.2648
130.5639 29.8992
133.5205 24.9899
132.7919 27.4381
133.3559 27.0586
137.5076 30.9391
139.7033 28.5759
138.3658 30.2899
138.8867 29.7383
134.3098 25.0448
134.0945 28.2406
134.8922 31.6229
127.3902 28.1157
138.3654 30.8640
134.1055 28.3847
134.2752 31.6676
133.7719 26.0085
135.0907 29.9287
134.7880 28.2316
138.4754 27.8641
131.4055 27.1824
133.7974 28.0931
130.7672 30.0987
133.7388 28.5474
133.1635 27.2653
137.1828 31.4214
138.5478 30.3918
139.0644 29.0949
134.1992 27.6808
135.7531 29.4201
133.5017 27.0760
133.2459 28.2316
139.8606 28.4788
128.4020 28.3562
134.8425 31.8200
131.6314 27.5503
138.6128 29.3725
128.4109 25.7544
137.2937 29.6594
135.4540 25.9752
127.5966 28.1592
130.2632 25.6043
138.2490 30.3115
134.0362 25.1643
131.9148 27.8261
134.1537 25.5901
132.5277 28.3843
139.4756 28.9982
131.8305 27.7356
132.0686 27.4413
132.2514 28.8060
133.3907 31.4310
133.0799 25.9708
134.9395 32.5188
136.4166 28.7559
135.3859 27.0728
131.6509 26.1558
130.5565 28.4247
125.8550 24.7811
138.9644 28.9573
135.6498 23.2004
128.8750 26.1085
130.5602 26.0142
135.0276 32.4601
133.0740 28.8895
137.8837 30.6171
131.5889 26.9773
133.8087 27.1736
137.3336 29.9880
139.9997 27.5939
134.0217 31.6507
133.9198 28.5505
138.6853 30.5077
136.4420 29.5031
139.8334 27.9538
133.2225 25.0369
138.1575 34.3224
138.8282 29.8273
137.1550 33.9498
138.4270 34.1360
137.1923 34.0136
136.6788 31.0575
137.1753 29.9857
134.1699 27.7497
132.8819 31.9732
132.8823 31.2583
138.4492 28.1745
139.9095 28.0295
137.2906 30.6159
138.2352 34.1924
131.9767 29.0364
132.3084 28.3542
136.5459 28.0709
134.6157 25.7164
134.4382 25.2722
136.6700 33.1301
138.6573 28.5068
127.6604 27.1798
140.1316 27.5299
136.0922 32.4635
130.8570 25.7867
135.2001 27.9835
133.7136 24.8513
136.1535 31.2973
133.7007 28.3002
139.5117 28.5025
134.1273 30.3191
135.7149 31.3485
134.3480 28.3663
133.3991 24.8140
138.2071 30.3606
140.2109 33.5546
141.4299 35.4907
133.0135 27.4277
132.5638 29.6963
132.5482 31.4544
131.3080 28.0902
132.6462 26.7069
136.8687 33.2221
132.7291 32.2741
130.5612 29.6408
134.9236 32.2446
137.2955 32.3643
137.1291 33.8107
134.7006 32.1953
133.4217 28.5827
132.7988 29.7997
136.4510 29.1138
133.8404 27.5328
131.7702 26.7939
136.7792 28.8098
143.6198 35.8466
136.4524 28.1772
135.0674 28.9968
137.3499 30.7815
134.4932 32.3821
133.1597 31.0689
132.2679 28.0646
140.2144 28.1064
135.3624 29.1828
136.8777 31.1464
137.6283 34.2757
133.2629 27.7707
139.1882 29.9593
137.7797 30.7857
134.5524 31.1358
137.9915 29.5864
133.7326 24.8056
140.1206 28.2891
126.8006 26.4083
130.8763 30.1853
136.1238 30.8155
132.8878 31.3444
134.8756 29.0453
134.4492 24.7085
132.8360 32.2745
128.8913 25.5747
138.0238 30.6865
133.9315 25.6499
134.5222 27.8096
139.5941 28.8015
134.8102 32.2207
132.5365 31.2245
137.3105 29.7451
137.0535 29.2187
133.4037 27.0949
137.2219 30.8710
138.8725 28.1806
133.9721 27.4455
139.4492 28.2802
134.3297 24.4768
131.9329 30.6881
136.5141 33.8750
133.3421 28.2826
134.3203 27.9674
136.9568 31.9461
139.4966 28.3759
135.6319 32.5952
133.3377 30.6280
128.3013 25.4053
133.5345 31.1192
134.3492 29.2951
133.3998 27.1710
134.4896 24.4228
135.1139 32.7469
136.7959 29.9866
130.5607 29.8205
133.5837 31.0611
134.4907 30.4641
134.1347 27.0936
133.8316 27.3250
135.3417 23.0640
135.6651 32.4705
139.3943 28.6283
134.4001 24.6218
136.3865 28.9657
138.8501 28.8310
139.6096 30.0987
135.0241 28.0522
127.4366 25.8354
134.9909 32.4161
137.7171 29.5155
125.4191 28.4830
127.3975 27.5023
126.4001 24.1572
137.5086 29.0568
127.2343 25.7476
132.1328 27.5884
139.6468 28.7207
128.9964 28.4602
138.8558 29.8879
134.0825 25.0932
137.3567 28.4981
133.2891 27.7570
137.8494 30.8696
133.8865 28.4931
127.4719 28.0588
127.8611 28.0011
133.1937 27.0356
136.8844 31.0074
133.2406 31.1087
135.3633 29.4590
134.4563 30.5809
139.5867 28.8973
132.4206 31.4496
139.2169 28.8584
134.0888 28.4118
133.0994 26.1356
139.7241 28.3771
139.3575 28.4376
139.3285 28.8616
134.0775 28.1577
138.4191 30.3728
132.8053 31.1522
134.9301 28.9391
132.7031 32.1184
139.9056 28.5946
133.9449 24.7819
131.0548 27.5337
137.0011 32.2648
127.2843 27.7889
134.4286 25.1148
135.6226 26.9869
135.2980 29.4603
137.6816 29.6499
138.5104 33.9531
132.1558 26.0580
138.2140 34.1682
135.7657 31.3626
127.1709 25.1622
134.0292 25.4470
136.0365 30.5991
138.1805 30.9139
131.9184 29.1331
133.2833 26.1596
137.6645 29.5808
132.3256 26.9338
130.4829 28.7856
138.5471 29.8512
128.2460 25.8657
134.8533 24.7603
129.8712 25.3648
138.0110 30.0129
140.0612 28.0452
132.8111 27.5193
134.3445 32.5848
133.2623 27.8815
133.9660 26.2175
135.1077 29.6645
131.0801 30.1203
136.6505 30.4141
139.5440 28.6582
133.2137 27.3785
138.0998 30.7440
134.9784 24.7101
133.3978 30.9341
129.2331 26.3996
137.8315 30.5170
134.6439 31.8175
137.2191 30.3419
134.8787 24.6952
139.2685 29.3954
137.0875 33.7223
133.0635 25.4319
139.8706 28.0441
131.0468 28.3393
134.9834 29.8094
126.8666 27.7520
134.6930 28.9292
134.2066 31.1010
135.0493 32.4052
139.0599 29.4022
138.9220 27.8253
135.0715 31.1669
135.4108 24.4181
133.6720 24.3030
128.8889 25.3104
133.1518 27.1601
136.7021 29.7760
135.8401 29.0618
133.4594 29.2450
126.9266 24.7238
134.5740 24.9564
133.5577 27.8324
137.9564 31.0869
133.6771 23.7453
129.7037 24.8167
136.9185 28.8532
133.3286 29.0613
138.9583 28.4619
137.8572 30.6655
137.9771 34.2359
133.0740 25.1145
137.4691 29.2771
132.8555 27.5599
137.7323 33.8111
139.4672 28.4020
132.8544 28.0869
129.0970 25.5228
134.1309 25.2659
133.8209 28.2991
137.4544 33.5778
127.7797 26.6330
132.8360 32.4480
134.3755 25.8137
135.8867 28.0160
137.2196 30.1688
134.9345 31.1703
134.9379 26.1880
135.3139 28.7374
133.3363 29.4038
129.4045 24.6788
134.9771 28.2411
139.3795 29.3787
133.8063 27.7903
131.0714 28.2796
136.3995 28.5926
139.5150 29.0285
133.7692 27.6656
139.1135 29.0218
139.9445 28.0843
134.7509 32.5314
138.9398 29.7524
133.9309 31.6556
133.0617 29.2606
134.6270 30.9676
138.1953 28.4385
139.0975 29.1890
136.7065 31.6318
136.4957 30.9506
135.0307 28.5721
138.6974 34.4902
134.8661 27.4508
132.9563 25.0643
135.1265 24.5486
134.6142 28.1335
137.6698 33.2480
138.3107 30.8460
134.9132 24.2157
132.8256 26.7094
133.7398 31.6613
132.2143 31.2869
136.3795 30.7384
136.6100 29.0583
131.8538 28.7895
134.5156 24.7368
135.1127 29.6689
136.0674 31.5363
138.2504 30.5820
138.5406 29.7678
134.8663 31.5335
138.5402 27.2250
134.2646 32.3139
133.9505 25.1346
136.8533 33.9179
131.5839 28.3681
134.6048 28.5780
138.4772 29.1930
134.6193 32.1930
137.8451 31.9616
140.0105 28.1119
140.1117 28.2943
130.8075 30.1122
134.2395 24.5412
132.9676 31.9632
135.9934 29.6153
134.0400 26.2725
137.8447 30.3844
133.6917 29.3720
137.7133 30.3535
137.8057 29.6247
135.1052 29.4135
139.1131 28.3409
137.3677 29.3720
138.7536 30.0481
139.0997 28.1041
133.8100 32.8955
136.9668 31.0597
135.6507 29.2581
134.5382 28.9546
134.3871 28.9677
135.5547 29.6357
137.8032 29.6181
134.7923 27.5924
139.1049 28.3106
133.6813 29.0812
133.9628 26.1734
137.3091 29.2592
126.4236 24.0180
138.7273 30.2574
139.4474 28.6107
136.1754 27.9325
134.7226 28.2604
138.6398 30.4103
133.8089 29.1201
138.6869 30.5611
138.7951 29.7952
132.4076 27.2213
139.5231 28.3140
126.4521 23.7422
140.2857 28.0388
134.2488 25.8212
137.9395 34.1428
136.7482 30.0697
138.1975 33.8915
140.1989 27.8743
136.3855 30.8283
133.9189 26.4761
137.7568 30.5677
137.3819 32.5050
138.6960 27.3155
140.3100 28.0092
134.0084 31.6759
134.2268 31.2935
138.6372 30.1063
135.3760 29.9209
132.5893 31.6897
133.3537 26.4762
139.7275 28.5515
140.2796 27.8654
134.4975 25.6919
138.0656 30.2470
137.7605 30.5265
133.0395 27.2451
131.1970 27.9411
134.9876 30.0541
133.1899 32.2026
131.8392 30.7520
137.1800 33.8569
137.8378 29.8379
139.5458 28.2650
132.6538 31.4034
134.5686 28.8655
134.2043 25.7670
138.5211 30.6449
132.6658 31.1521
138.2708 30.5023
138.8068 29.9800
137.2793 30.3287
133.0523 32.0267
137.0071 29.1455
133.9207 26.0526
137.5307 28.5971
138.7618 29.7769
137.8043 30.4645
138.7143 29.4558
136.2796 30.7839
138.1643 34.1858
137.3024 30.5105
136.7228 31.7743
138.2081 30.6313
133.3517 27.1070
134.6893 30.2324
130.9986 30.1645
137.9146 31.0172
130.5804 29.8384
134.4209 28.6719
133.8840 31.0912
126.6658 24.9043
134.5579 30.0609
137.1480 30.7723
138.0689 30.7512
137.4830 30.3391
134.1912 26.2819
140.0825 28.0698
133.0196 27.9034
137.6622 30.2011
134.1557 31.7124
138.2401 30.4777
123.5794 28.3471
135.1278 22.6618
134.6885 24.9329
134.3031 26.7911
132.7547 31.0756
133.4159 27.7622
139.4442 28.4408
130.2564 26.8650
134.0586 25.9708
140.9306 35.2330
137.1370 33.1471
134.0066 25.8904
135.8406 25.5653
139.5027 28.2205
134.6362 32.0985
133.1680 28.6308
132.8963 27.6447
134.8981 24.1363
134.8721 32.5020
134.2292 24.5013
126.6697 28.0854
135.1511 31.2419
131.5853 27.1183
132.0644 27.5084
128.2243 29.6957
134.1088 20.2210
133.7825 28.6534
137.5496 34.1703
137.9836 28.7340
133.6827 24.4174
138.3309 30.5693
128.1618 25.5294
137.2457 33.4673
131.2861 26.5253
133.8085 24.8945
135.0975 23.0571
135.9649 31.6761
134.4576 25.0794
127.1004 23.5297
135.5993 28.4544
128.5047 25.7195
136.7321 31.3086
134.0168 24.3479
135.0326 28.0911
130.6626 25.0960
132.9857 25.1240
134.9693 28.9465
127.0860 24.9628
134.5026 30.1376
134.6143 26.8238
128.4895 25.4112
134.0921 24.5678
138.8912 29.4269
138.5309 30.7100
132.6859 28.3437
136.7581 31.0830
136.8152 30.6721
130.2147 26.2995
134.5995 30.9457
131.9247 27.5867
130.4700 29.7467
134.6956 29.0707
131.3425 28.1931
126.9564 27.3570
136.8313 27.2008
133.0927 26.0798
129.7821 26.2917
126.6355 25.9092
126.3009 20.7586
136.7294 29.6112
145.1100 38.0849
137.0352 29.9678
136.0113 29.8402
135.8580 29.8701
137.3149 30.8179
140.2198 34.5759
137.2494 34.2485
138.9258 29.7786
136.7011 34.0243
137.6353 30.9637
139.5742 28.9135
139.4880 28.9348
136.6212 33.3926
137.0470 30.6642
136.8382 33.1313
136.5701 33.9309
136.7501 33.7154
139.6803 28.4369
136.4112 33.7423
138.4781 29.1262
138.9260 29.7234
138.0448 31.1609
136.8137 33.1185
138.5690 30.7631
136.8850 33.7450
140.9483 34.7108
136.7549 33.1743
136.7582 33.9318
136.1259 29.5747
136.7989 34.0707
137.3643 30.5597
137.0515 30.1330
138.7422 28.5463
144.7207 38.4274
136.7920 33.8480
137.8955 31.2160
141.8932 35.0511
136.6733 33.8908
136.4899 33.8111
137.4897 34.3135
137.5622 31.1711
137.1757 34.2109
138.2904 31.1870
137.4999 29.6971
136.3093 33.5398
144.9358 38.5136
136.7038 30.3963
138.6538 30.8973
139.6398 32.8947
138.5467 28.5235
136.6320 33.8899
140.4781 34.3569
136.3083 33.5348
136.8017 33.2730
145.2303 38.1191
137.3946 29.3803
136.7725 33.8403
135.8479 30.0716
137.2348 34.1858
139.4518 28.4205
139.0308 29.3444
137.3499 34.2759
138.4329 29.2851
136.7803 30.6432
137.9109 31.1106
136.5642 33.8667
137.6132 30.8287
144.3723 38.3948
137.0767 29.8718
141.3953 33.5447
137.0399 30.6808
137.5774 29.8790
136.7383 33.9249
137.9841 29.9714
144.0780 37.9951
139.3641 34.3533
142.3333 35.6694
138.5378 34.2953
137.1523 34.1997
139.7202 34.3567
136.4184 33.7342
139.3499 34.4496
139.0303 28.0703
136.7547 29.1416
139.7464 28.6339
136.0682 30.0980
137.3462 34.2713
144.2041 38.2493
136.4074 33.7330
137.1486 29.7029
138.5648 29.7836
136.9520 30.7059
136.9246 30.5384
136.5131 29.6632
144.3796 38.3386
134.0499 27.5947
139.3936 28.2530
141.0575 35.3825
136.4048 29.2210
144.1740 38.0124
138.5894 30.9931
136.5846 33.3651
139.5838 34.8255
136.9995 33.0382
136.6924 33.8319
137.2886 34.2584
138.0393 34.3690
136.6111 29.7122
137.4766 29.4485
137.8407 30.9876
137.6735 29.7390
136.1450 30.7416
139.0337 29.0583
137.2858 34.2296
144.4391 38.4553
137.1816 33.4602
139.3951 28.2319
136.7845 33.8998
137.0782 33.5423
136.9460 29.4925
137.1403 33.5305
139.5565 34.2223
137.2970 34.2435
139.4574 28.8625
138.8837 30.2921
137.6720 31.0310
136.3184 33.5871
139.0143 32.9775
138.3438 29.7397
137.0237 34.2266
137.6334 30.9804
137.0295 32.9631
137.5565 34.2999
137.5603 30.2349
143.4193 36.8922
136.4388 33.7729
144.5781 38.1998
138.8520 28.3803
136.4018 30.9481
139.1685 32.6146
139.0047 29.0117
137.6264 30.8940
139.0391 32.8981
136.3210 29.9209
136.5241 30.1993
140.4115 33.8864
136.7632 30.9781
136.8197 30.2494
139.0223 29.2101
137.9171 34.2681
137.4120 30.2555
139.3553 34.7580
136.7866 33.9445
137.6447 30.6664
137.6161 29.0896
136.1606 29.4749
137.1767 31.1774
139.4288 28.9148
137.9806 31.3731
137.6486 30.9109
136.3992 28.9830
144.5572 35.4668
136.6716 33.5417
137.0511 30.2197
136.6804 33.4401
138.6519 30.5894
136.6868 33.9132
138.4128 34.2145
136.8271 30.6359
136.8036 33.1571
140.1964 33.7651
145.3011 38.0095
136.7371 30.6676
137.5740 31.0083
136.3870 33.7357
138.9807 29.5975
137.3248 30.8068
145.2648 37.6496
136.7670 33.3126
136.0255 29.8416
138.7908 30.2061
136.7804 33.8828
136.6502 29.4306
136.4116 28.7795
138.0931 31.3000
138.4367 30.9322
139.1255 29.4038
137.0869 33.4110
136.5797 33.3284
136.1984 30.8052
136.4230 29.2381
136.3532 33.6738
136.5347 30.2797
137.3928 29.6181
138.7837 30.2698
138.6266 28.9757
136.9980 33.0084
137.3682 34.2333
139.5699 28.8968
137.4630 29.1199
136.8089 30.2499
136.9491 30.9691
144.6537 38.3245
136.1260 29.3398
136.8608 30.9523
138.8089 28.9074
140.2544 33.8594
139.7889 28.5591
137.3423 34.2340
139.5292 28.4004
136.3278 33.5358
136.6247 33.9115
137.3703 34.2440
138.2525 31.2538
137.3725 34.2154
137.1197 34.2178
136.3735 33.6737
136.3688 30.9501
136.1838 28.9334
142.8401 36.8980
137.0018 30.0326
136.7044 30.0696
135.8527 29.9509
137.4724 30.6412
136.2676 29.3718
136.0513 30.0751
140.1427 33.8690
144.3135 36.4427
137.5853 31.1427
139.0396 28.0578
138.5526 29.5356
136.9423 33.0446
136.5324 33.8572
136.7599 33.1395
137.0614 29.9229
136.6637 29.3901
137.2863 34.1887
137.3307 34.2710
138.5435 34.2952
136.9312 30.6838
138.1497 30.1892
138.3201 29.6428
137.0809 29.9329
138.9615 29.2520
141.1175 35.3693
144.4639 36.4471
137.0493 29.9504
139.2840 28.1846
136.7755 33.1184
140.6392 33.1788
138.7352 30.3867
137.0289 30.1723
137.4927 30.4417
138.9158 29.9337
138.5710 30.1123
138.7621 30.3197
137.4547 34.2740
137.8333 30.9342
138.0204 30.0095
136.8925 33.6569
137.3828 34.2531
150.7501 36.1549
145.7234 34.4705
136.7468 33.9340
136.3616 33.6921
138.4982 30.8111
139.5183 34.7776
136.0170 30.5007
137.1062 30.1736
137.0391 33.1856
136.7238 33.1293
144.5949 35.4253
137.3149 34.2739
136.0026 30.1441
138.7648 28.4854
138.7790 30.3254
137.6096 30.9170
139.2901 28.1825
139.5135 28.6696
138.6073 28.7048
136.9434 33.6857
139.7580 34.5731
143.8193 36.3559
136.9031 33.6894
138.5268 29.7084
136.6393 33.6114
136.3096 31.0881
139.5394 32.9105
139.2881 28.2189
137.7134 31.1079
137.1707 29.2198
136.9937 33.1661
139.0281 29.0224
139.1304 34.5872
138.9038 29.9710
136.0960 29.0116
136.4490 30.1389
138.8136 28.3974
136.5332 33.2042
139.4075 28.2634
137.0501 31.1606
136.7646 33.1148
137.2445 34.3531
144.7481 38.4945
137.2458 30.0019
137.0582 33.0621
138.6034 28.3879
136.6251 33.7892
136.1770 29.4211
136.5869 33.7832
138.5645 29.5214
136.7485 33.8910
136.3095 33.5897
138.5022 30.7976
137.3115 34.2020
138.6317 30.5448
136.4014 33.7905
138.9638 29.4443
136.5051 33.8854
139.0073 29.4254
