131.1387 26.2451
132.1185 29.6781
132.0300 24.8911
138.6564 33.8110
131.6537 30.5156
133.0962 28.5571
131.0117 27.2562
135.7294 30.8517
138.4505 28.2102
139.0396 28.1564
136.3024 28.5785
130.1260 27.1391
137.0433 29.3212
134.6951 31.8127
131.6931 31.2260
138.4342 28.2685
132.5189 30.0681
135.2874 33.4988
138.5164 27.7492
137.5063 29.5805
138.7805 27.8568
133.4521 25.4165
135.2277 30.2483
141.0748 34.7298
135.3086 32.2328
131.1700 27.0998
139.3036 27.9580
136.2669 28.6194
138.3396 28.9288
139.6501 28.8676
135.9396 28.9577
136.2130 28.4206
138.4909 28.3527
129.9797 26.5119
136.8693 30.7897
136.1301 30.0116
131.6809 28.4518
134.1068 27.9173
132.4015 26.6984
138.7021 27.7949
131.4219 28.8525
137.4347 33.5569
135.8469 28.2309
136.3689 27.9859
134.2742 24.1405
140.2924 34.5701
131.8500 30.7786
135.0237 31.7487
134.1974 28.4718
125.7331 23.5703
135.0397 28.3390
132.4243 25.8613
135.4969 32.6143
135.0982 28.3523
131.6322 25.1797
140.2470 33.5737
131.5906 28.6543
134.1965 28.9662
131.2356 27.8971
127.3026 24.2697
134.6066 28.2846
137.0919 26.7264
137.2973 29.9173
134.6313 29.8568
141.0614 34.6799
138.0148 27.4664
132.6290 31.0396
133.0379 24.5977
137.3858 28.0888
131.8971 26.7226
134.4178 23.8365
139.9438 28.2819
131.8902 28.6637
131.2312 28.6579
136.1422 28.3685
130.3570 28.7234
127.0863 25.7149
135.4867 23.6164
136.1152 33.4151
133.0416 25.0394
136.0693 29.7900
134.3016 24.5389
131.6735 27.2961
132.7157 29.8982
135.8616 29.5472
131.1643 30.1482
133.7106 25.0608
136.8704 31.4971
127.2753 27.7766
136.5986 31.5129
133.8579 25.1384
136.5310 31.0376
131.4323 27.9576
136.4958 27.7402
133.2809 21.5272
131.0173 27.2413
138.8976 28.1415
131.7767 31.7520
136.4088 29.9361
133.9107 24.7992
134.2251 32.0867
132.4335 26.5391
135.1160 22.8815
136.1635 31.1318
133.2787 31.5630
135.2812 30.6437
134.0085 25.8131
135.9572 28.2056
141.2765 35.2258
132.3783 28.2084
141.9064 35.6364
137.8431 33.3215
131.7752 27.7101
133.7441 25.0614
130.2528 28.3193
130.3871 28.8571
135.9896 29.7310
136.8844 32.1087
136.0794 31.1282
133.8061 24.9553
133.3462 26.4605
138.5988 28.0285
134.9868 30.3717
130.1400 28.4024
136.6405 30.1343
138.5518 33.8658
131.0070 27.0701
133.9721 25.7508
135.4873 33.4834
136.6167 28.5524
132.1787 28.8555
135.9076 29.0844
131.1797 27.6816
133.9712 24.2848
131.0507 27.8496
131.3515 31.1618
131.8430 27.6819
137.9718 29.6502
131.4080 27.6870
134.5486 29.9720
139.7622 28.5550
138.0291 26.9210
135.2809 22.6001
133.3849 24.6889
139.6522 34.4772
138.3723 28.0854
134.3474 28.8316
135.0967 33.6049
132.0309 30.9878
136.5697 29.2428
130.1549 28.3167
137.0619 29.0054
130.7671 28.7141
134.6691 29.8741
135.2518 33.4674
126.7854 25.4536
134.5787 30.4486
137.1740 29.7922
132.1412 25.5269
131.8027 31.0160
135.8611 28.3079
137.6454 29.7608
144.8319 36.5268
131.4734 28.8038
134.9965 30.2304
129.8397 28.4405
138.4371 28.4010
135.9913 28.4854
129.5174 25.9571
140.2913 34.1097
135.1435 30.1855
135.7737 28.1883
133.8412 31.5332
130.2678 28.4675
130.1369 28.0509
139.2691 33.9213
132.0894 28.5625
132.1111 28.8837
131.8932 28.6735
133.5424 25.5157
139.7162 27.6064
133.0224 28.3918
134.9608 29.6424
132.0117 29.7752
136.1461 28.1537
130.5905 29.2146
129.8705 25.8237
135.9298 28.8911
131.5351 27.2791
139.8233 28.5714
138.2640 26.7131
138.9285 27.7567
131.9954 28.1409
134.2244 32.9280
132.8362 29.6908
135.1018 33.5485
136.1837 28.7962
136.3504 28.9411
131.8550 28.7485
139.3534 28.0745
139.0501 27.8305
132.3140 29.8987
131.7256 29.4034
136.1271 29.9159
136.0396 30.3914
133.8280 25.1862
125.9695 22.1073
138.1431 28.6928
137.7303 29.3909
134.7811 29.8514
139.5609 34.3118
138.2471 28.3687
138.2617 28.9474
132.9793 28.3655
137.2009 32.3436
138.5951 28.2144
130.9382 27.9899
133.9837 24.7607
124.5770 21.5531
136.4601 28.3245
132.0280 28.1762
139.9999 28.2140
132.6377 29.9718
130.9402 27.8173
125.2769 22.4510
137.0229 29.0866
136.9442 30.0117
133.1532 25.3661
130.2275 26.2703
138.8035 27.6031
136.1828 29.4155
133.5906 30.1979
132.3998 30.2178
135.6368 28.3263
127.9731 29.5510
141.1897 33.8180
138.9648 27.7578
137.9371 33.0854
132.5921 24.6087
131.8570 32.2621
124.6712 23.8082
133.4379 31.9374
131.7324 28.7609
131.6693 27.3907
131.1395 27.5376
133.7849 30.6020
130.7955 26.8138
132.7291 25.2092
136.5709 31.4224
136.5701 28.8530
132.2379 29.2081
133.5829 29.1284
131.2629 28.1285
135.8550 29.2519
136.1505 28.9655
135.9155 30.1947
132.1218 31.8392
137.3017 32.7191
135.6924 28.2525
131.9871 28.8570
131.7219 27.0678
137.5170 26.9889
134.6378 29.6246
130.7284 26.9832
135.0197 30.5215
130.4214 26.4020
136.5947 29.2448
138.4930 27.0923
136.8568 28.1258
134.2937 23.8313
132.4721 29.6424
139.9426 28.6389
131.5506 26.9129
138.2286 28.5274
135.0019 22.1651
130.9704 27.2932
132.4655 25.0205
125.3066 23.6121
132.7630 29.1770
136.2077 31.0421
140.0267 28.1216
132.5920 32.2893
139.5454 28.3018
138.7889 27.1993
133.7881 24.9639
134.4864 28.7769
132.5304 25.6623
137.7634 29.4116
126.3428 23.0020
131.8292 28.8560
131.9546 28.1776
130.3914 28.6958
138.4605 28.5540
134.9089 30.4296
138.8688 34.3065
137.0405 28.8172
132.4183 30.3495
133.8266 25.4798
131.7263 27.2772
138.9872 27.6714
134.2872 28.3415
125.0352 23.8162
136.5171 28.9765
133.5513 32.9206
132.7678 29.0243
136.1180 31.3840
135.2822 22.8325
125.7587 22.5460
132.5681 28.7247
131.3919 29.0650
126.5384 25.5597
135.7810 31.1846
135.2835 30.9665
134.2660 29.5242
138.6862 27.6813
136.5285 30.1833
136.2758 31.3291
135.4199 33.0574
135.9575 28.4030
130.9042 27.1604
139.6966 28.3145
134.9945 27.9864
137.2118 31.2906
130.9386 26.6516
131.8708 32.3221
134.0456 29.4997
137.2702 30.7561
131.7482 28.6857
130.8271 27.5992
133.6786 32.3770
130.9408 26.2820
132.3676 32.4184
137.2233 28.6133
132.0537 27.3801
132.9084 24.6524
131.7479 25.7692
132.6917 31.4381
135.2681 22.5025
131.0245 26.2322
137.9295 32.6318
136.1000 30.9795
135.7703 28.1374
134.0668 24.4412
131.9106 31.9648
135.8153 29.4273
136.8050 29.2777
135.9807 29.0840
132.3459 28.8638
136.7967 30.6159
138.4226 28.2631
137.7522 30.2979
133.1507 31.8772
137.0648 32.1819
127.1372 28.8042
130.2142 27.5737
135.5944 32.9053
139.9515 28.1268
135.9812 33.1238
137.3863 28.5705
130.7513 28.6603
135.5963 33.0572
134.5111 28.6514
135.9223 30.1959
139.1572 27.9292
135.8458 30.9481
136.5645 29.5091
137.8530 28.4869
133.8317 31.7379
126.2724 24.9873
137.6404 33.3033
131.7176 30.0363
136.6253 29.5904
139.4706 28.4086
132.5001 31.3558
131.4575 26.2581
133.8111 26.1089
131.9654 26.7697
130.5615 26.4753
133.9288 25.5302
132.1077 25.8184
137.7178 29.1991
134.1405 29.0184
131.9489 26.9656
135.7939 28.7974
132.6616 22.2249
134.4534 23.6421
133.6950 32.2156
133.2336 25.9242
125.8804 24.1771
136.2834 28.3390
139.4561 28.0613
140.2266 28.2653
130.9298 27.1578
129.9370 27.1723
135.8699 29.2205
129.3904 27.8690
136.2117 29.0166
134.4010 32.1639
136.3061 28.1267
133.8862 24.4074
132.2190 30.1430
132.2876 29.8584
132.7901 28.8027
133.4356 25.3519
138.5712 27.9133
133.1540 28.6750
139.2918 27.8179
137.2552 28.4997
131.3100 30.1863
131.9856 28.2023
132.2928 32.3998
137.0527 29.7336
130.0491 27.2709
132.6300 30.4781
130.2776 25.9554
140.0251 29.1267
129.5816 27.3406
138.5915 27.6880
135.8230 28.8787
135.5703 28.7531
135.9138 28.8463
134.8468 29.2908
133.3749 29.3241
138.1213 28.5931
136.1302 28.3780
137.1262 29.3273
132.1782 25.6311
132.5209 28.8932
136.4635 31.2756
132.2230 32.5223
133.5596 24.5452
132.6420 28.5227
139.2434 28.1345
130.6177 26.2362
133.8725 24.4411
136.1484 29.6252
134.5570 24.6711
126.6041 25.3454
137.8303 33.2213
128.1571 28.8423
137.8201 29.0861
129.7383 26.8993
144.5710 35.5752
133.5653 23.8615
139.6696 28.4423
133.5647 25.3635
134.1578 23.8835
132.5936 26.8582
132.7883 25.2141
133.2984 30.3678
133.4397 25.1694
131.7000 25.7291
134.3556 29.3799
131.2282 27.0431
129.6626 25.7589
138.6880 28.0467
132.1703 32.6180
137.0940 32.3851
136.5916 33.4328
130.3816 27.0242
136.0114 28.7932
125.4813 25.3524
132.8308 29.2567
137.2876 30.2559
137.1339 31.3634
131.0449 26.7506
136.7824 29.1362
131.2626 27.1493
135.9106 31.1686
136.7437 28.8749
135.9533 28.5768
138.3486 28.7066
134.2955 23.3845
134.4903 29.4451
131.7454 28.7261
137.0213 31.3461
131.2074 28.5653
133.2511 25.3379
137.5006 27.2511
133.4637 25.6366
135.9357 31.0948
127.0475 22.2544
136.0656 28.7940
134.1652 25.1090
135.7771 30.5049
132.5271 30.1704
135.9330 33.2777
139.5656 28.0531
131.5479 27.3612
136.6358 31.2115
139.6664 28.6610
137.7262 29.4326
128.1240 28.9244
136.7911 28.9422
137.0090 30.2350
135.6636 28.0239
135.9115 28.6915
131.4467 27.8061
136.9001 29.7529
139.2195 27.8674
135.8276 29.7506
133.2181 28.6232
134.5605 23.7906
135.0450 31.6570
125.5387 24.1885
136.3996 29.3595
131.1953 30.0674
133.8622 24.6478
139.0786 27.8912
138.2766 26.9261
135.0934 28.3771
138.5823 33.9222
134.0096 24.6970
131.3137 26.9628
132.5324 27.0591
138.3602 27.9461
131.9771 26.4397
136.9539 31.5304
134.2441 28.3136
134.5672 28.3193
131.7405 30.0684
134.3991 29.5111
133.9240 24.6433
134.0792 25.0801
132.3260 27.1639
136.6852 29.8751
138.0985 29.2374
135.9764 30.1581
135.0620 30.8590
136.2321 28.1898
134.5444 29.5754
125.1499 24.1004
132.3423 24.6089
131.9842 31.0106
135.6042 32.8801
131.6466 28.1606
131.4959 27.6813
136.1352 28.3287
131.7879 31.6440
129.2126 26.4981
139.5673 28.6452
134.8497 29.3888
134.8660 29.9092
135.0433 33.5914
136.7321 28.7054
136.2275 28.5418
131.5942 27.5785
132.0921 30.8363
137.4782 31.2283
132.8366 29.8782
135.5393 23.9936
139.7581 28.8135
136.3354 28.2397
135.9035 28.4102
134.9944 29.6801
131.9244 25.8421
139.6793 28.5667
137.0661 28.4900
135.8840 30.9172
135.7865 30.4573
131.7560 26.4852
134.4561 29.7547
125.7275 23.4416
133.0700 27.9709
136.9646 30.2361
136.8986 29.2147
139.1886 28.5124
135.9203 33.5226
136.8747 29.9707
139.9449 29.1097
137.8790 26.7212
137.3040 33.6032
139.4328 28.2635
136.1031 33.1101
138.4186 27.0761
138.1352 33.1838
139.4940 33.9178
137.6691 29.8290
136.1225 31.4748
138.9619 28.6541
140.0375 28.5246
136.8973 28.9214
132.3010 29.2946
138.5681 29.4247
140.3438 34.1205
135.2066 32.6245
136.0586 33.5034
137.8482 33.6731
128.7642 29.4991
137.8133 30.7310
127.5942 27.1880
136.5275 29.0026
137.9512 32.9109
139.9893 28.4017
137.7627 27.0318
137.9741 31.5642
137.0509 28.5103
137.0519 33.4898
135.7742 28.1478
139.7311 28.6151
137.0801 29.6930
135.7019 30.9540
139.3914 28.2701
137.3809 29.4678
127.5407 28.1498
139.2344 28.2158
143.4205 37.5343
137.0804 28.4823
127.6165 28.3582
139.1720 27.9411
138.3764 27.7521
137.8971 30.4088
137.7488 31.1927
133.7073 29.0745
139.3353 27.8079
136.1708 29.0469
135.7197 29.5663
137.4834 33.4536
127.5976 28.6311
135.6571 28.1261
138.2720 28.3812
137.6082 29.7746
135.0351 24.0581
139.4940 33.3440
133.3525 29.2420
138.9070 27.3841
142.5304 36.1505
136.3639 28.4493
131.3291 30.7132
137.9514 27.1941
141.7709 35.1927
138.6231 27.9950
139.0906 28.0799
137.2839 31.7447
136.2142 29.8773
139.1225 27.7792
139.7819 28.2809
139.4868 28.1185
138.9236 28.6385
139.3169 27.7647
139.3650 27.6969
139.3310 28.5907
135.8230 31.1984
137.5708 32.4076
138.7042 27.7898
138.2681 27.0435
135.7929 30.8095
137.2597 33.5716
145.0259 37.4330
134.1086 26.0407
137.8064 29.6889
139.5500 28.4390
139.0800 34.1585
132.4288 28.8420
135.5034 29.8701
136.0022 28.7219
137.4450 30.1578
139.7463 27.5845
137.1887 32.0885
135.7058 28.3395
138.4342 27.5836
137.6479 32.4677
135.4092 28.2488
139.1364 27.4690
138.1869 28.1677
134.9023 29.5682
137.5487 34.6669
135.9323 30.3251
139.4014 33.2507
135.4991 28.3221
135.8752 30.6525
136.5257 30.6127
136.1022 31.3236
135.9968 33.0607
140.6704 34.6679
137.1937 29.6588
144.5894 38.7106
139.8918 28.7539
138.6666 27.6202
127.0596 27.2932
137.2047 32.3654
145.9180 37.8114
137.7199 29.1130
138.1411 27.2125
139.9479 28.8376
137.2615 32.4818
135.2048 28.0960
140.9598 34.3778
137.1545 30.4801
137.2771 29.7782
140.8200 33.5457
139.6815 28.8197
137.8947 33.6407
135.9711 30.8443
135.9411 29.0304
135.9382 30.6261
137.5620 31.4443
133.2544 30.4187
139.6198 33.0931
139.8440 28.9288
141.1518 34.6868
130.0488 27.0964
139.6196 28.1358
134.8176 29.5031
132.9082 27.7612
144.5780 34.5358
137.7085 29.2593
136.6924 30.7461
136.1391 30.0165
137.9267 33.3626
139.8417 28.4546
137.0641 28.3135
137.4473 33.4478
137.2600 32.7111
138.3795 29.4257
139.1022 27.5251
137.0422 34.4178
139.7928 28.2494
135.6426 28.0604
138.5220 32.5913
138.9326 28.4278
126.7959 26.3794
125.8484 26.1101
139.7767 28.7178
139.0391 28.2409
135.9138 28.6239
137.6704 28.7773
138.7618 33.8287
136.6606 29.0477
142.7125 37.6461
134.3717 32.3064
135.9832 29.0672
142.6022 37.4590
137.3115 30.1055
140.7595 34.1901
137.0267 30.1319
137.5598 33.2936
139.5831 28.3896
133.4029 28.7779
139.3434 27.8557
137.4592 29.8279
139.8802 34.5220
140.2818 33.2326
135.8057 29.1653
139.4448 27.9091
136.7032 30.7418
131.6928 28.4559
137.0724 33.3396
137.7597 33.7694
137.6202 32.3348
133.4137 31.5954
137.2471 33.4696
131.9494 27.7009
137.0513 29.9471
135.7666 24.4099
137.7592 32.6294
135.6518 22.3156
131.0269 30.0608
136.7046 28.1055
137.2756 31.3907
134.1752 25.3678
131.5424 30.5236
134.2420 26.5222
135.7834 28.2117
131.7792 28.8898
135.4548 33.1739
132.3375 27.9915
135.6501 29.7163
136.4011 28.5587
138.6800 27.9811
134.5730 32.2362
132.1165 28.7170
137.4006 28.4667
134.8702 28.0900
138.2004 33.4153
136.8162 28.4592
139.7409 29.4335
135.4495 28.0241
136.5474 32.8273
134.4280 24.2922
134.3171 29.7709
139.8563 28.9599
123.6122 29.8993
127.2209 25.4238
134.3766 24.2038
127.0049 26.2995
139.7617 28.4675
139.4931 28.0947
140.2300 34.6534
137.9960 30.5050
137.9848 27.2186
140.2890 28.4982
135.7021 23.0214
137.4532 32.3056
136.3591 30.8021
132.0818 28.9502
132.4824 27.7547
138.7099 28.0335
134.1053 28.7191
134.4104 31.8662
139.6762 28.3026
135.9360 33.5058
139.5242 27.8219
135.4835 30.9064
131.7564 29.3060
142.0179 35.6628
137.6685 26.4089
141.0378 33.7805
133.3549 27.9906
136.1945 27.6648
136.3667 30.8486
134.6371 24.2360
133.4690 25.5187
136.7871 30.1176
134.9277 24.8709
139.7542 28.2814
135.0541 23.8417
136.8169 30.7680
134.2704 28.1545
135.9793 29.0630
137.2655 30.1169
133.8292 28.8958
137.7927 26.5255
131.5874 29.0662
140.4147 27.8427
128.3317 30.4168
131.4168 28.6396
134.7742 23.9167
139.5471 28.2840
135.4397 33.4762
137.1594 30.6257
136.7443 29.6204
134.4928 23.5975
136.3696 29.6008
132.1669 28.1320
135.8307 30.8255
126.6141 26.5535
132.9406 28.7862
137.3560 28.4731
139.4261 28.1937
131.7478 29.0194
127.3118 24.5529
135.8363 28.7454
140.3757 34.1181
136.1428 28.6494
134.3599 21.7643
137.1099 26.9125
138.4780 27.4808
138.5195 33.7553
132.8926 28.1814
133.5905 25.2793
136.0281 28.6982
132.5213 27.7891
142.2746 35.5299
132.8342 28.7241
133.7166 25.0076
139.3018 34.0797
132.0506 28.4937
136.3600 31.4389
135.2951 28.4275
138.5858 27.8558
136.5490 28.6687
133.9879 24.4749
139.6850 28.5352
130.2939 25.5317
136.8924 31.4150
131.1980 25.7365
136.9248 28.9927
131.6553 28.6935
137.9102 33.5856
136.4615 30.3282
135.8497 28.2951
137.1203 28.9030
136.0544 28.9055
133.1165 30.5381
137.7383 33.3007
136.3000 29.1451
139.6518 34.1880
137.1630 32.3928
135.4762 22.4506
137.6987 30.3739
138.8288 27.8865
130.9603 26.3322
134.3846 24.8110
132.0692 27.4372
139.9749 28.3693
134.9040 31.8417
140.2412 28.2956
125.7796 26.2255
133.6078 31.7790
133.7098 24.0897
131.1755 27.8083
131.9060 30.9804
139.2762 27.9243
134.0930 24.5982
139.2368 34.3097
139.4829 28.2946
136.4086 28.9667
136.3409 34.0802
139.5114 28.0311
127.7300 28.6346
137.7974 33.3615
134.1090 28.6397
131.4837 28.2302
136.8518 28.7218
135.9879 29.0196
135.5823 28.0705
129.0892 25.7085
133.4551 25.8527
138.2723 29.0536
136.8100 28.4570
134.4763 29.9607
134.7584 29.2004
138.8397 28.0328
136.0673 28.8741
134.0794 28.2233
138.3933 33.9668
135.1399 28.6724
136.0448 28.5368
127.2756 24.3197
132.4696 28.8095
127.3875 27.5489
136.3767 28.2385
132.7390 28.5189
135.2272 31.4001
138.6387 28.4262
135.8524 30.7972
132.0430 26.0311
132.4218 25.1192
137.1519 32.5724
136.6980 31.1441
135.2615 28.0728
133.2313 26.5973
136.4640 29.3258
140.6598 35.2789
133.5129 25.5184
139.6793 28.2922
130.9302 27.8512
132.0528 32.2474
133.8529 23.9952
139.9465 28.3225
135.7309 29.0571
134.9562 28.0150
139.1372 27.8402
138.0508 27.7971
131.1469 27.9070
132.3578 29.5429
141.9795 35.8203
125.6085 24.6732
136.0355 29.0951
136.0480 28.0071
137.4249 33.4200
137.2598 32.1538
130.7408 26.4262
132.3702 29.7754
132.6458 24.9630
132.9117 25.5882
135.8665 28.8560
138.7079 28.1136
130.3074 28.3244
136.3684 29.2214
136.3287 28.7391
137.6265 30.5313
136.0798 28.9612
134.3264 32.0681
136.4720 28.7378
136.8288 29.0562
133.5488 26.2284
139.5855 28.5648
139.6719 28.5501
133.4840 24.3650
137.4464 30.7734
136.9048 29.8115
134.7466 33.4472
136.0711 30.1109
135.4083 30.2757
133.6049 24.1657
134.9152 30.3028
134.3321 29.8416
137.1920 29.6016
135.7107 28.9475
135.9262 29.6762
135.9746 28.9060
136.4644 29.0967
132.4119 24.6743
132.6142 28.6076
132.4849 24.6848
136.6731 31.3917
129.1339 27.5388
135.8833 28.3417
132.7584 24.7362
132.1298 30.7111
138.5253 33.6539
131.3986 26.4258
136.2967 28.5115
138.3689 28.6516
132.2438 29.5886
131.0815 26.8034
134.0145 31.6721
138.4927 27.1579
136.0744 30.0710
133.0497 26.6665
136.2424 29.7737
132.4102 28.4546
125.0026 24.6745
137.7169 29.4958
136.1437 29.4235
136.1891 28.1340
138.7840 28.5455
132.8240 26.7967
137.1176 29.7205
136.3443 30.8712
135.8261 29.4339
135.3027 25.3535
138.7551 28.0015
132.5783 26.2417
139.0339 27.5427
134.9330 31.6118
137.3843 33.6455
135.8990 28.9708
136.8748 28.4721
139.9842 28.0177
136.1350 29.0784
126.6107 25.5854
136.4203 31.4455
136.6720 29.2774
138.8833 34.1858
138.6326 27.9575
135.2041 23.3500
136.2648 31.2763
137.8493 27.8362
135.9244 29.3115
132.0160 26.8404
135.9133 29.2704
136.3956 27.9803
135.7755 28.4859
132.2393 27.6929
133.3739 33.2808
136.8493 29.1835
127.0682 27.3591
132.0862 26.4446
140.0929 27.8538
138.8309 34.0499
137.5750 27.2028
125.4333 23.0486
125.6018 22.5417
137.3942 27.1028
130.8750 29.3845
128.2643 28.6764
134.9689 23.1273
131.0443 26.8180
130.4370 25.7476
135.9051 30.2305
133.1936 31.3935
139.0639 27.8175
136.3315 32.9225
138.8599 27.8238
134.9782 23.4502
131.7602 31.9047
139.4247 28.1561
136.8085 28.9119
135.1313 23.4678
136.8185 29.3226
134.8151 29.2974
138.3621 33.8243
128.1867 28.4631
131.8324 27.1886
134.4450 24.6710
135.9883 33.0074
137.5860 31.2336
131.8844 27.5318
138.5618 27.9098
131.9314 27.5068
137.4317 33.4113
140.8536 34.2033
131.3586 27.8109
133.2399 26.6248
137.7499 33.2509
138.7986 27.6699
130.7137 27.7349
131.8341 26.6449
131.0196 27.8795
132.0638 28.0655
138.3854 33.9138
126.2526 26.8094
132.0409 27.7967
134.7458 29.6810
130.1692 27.6356
131.4373 27.5841
139.5466 28.6996
134.5098 25.1207
127.5692 25.0407
134.5244 29.7164
134.5470 23.8126
138.7180 28.0113
135.3312 33.4186
135.8858 30.5233
138.3555 34.0222
135.9094 30.2894
126.1051 26.2686
134.8603 33.7095
127.5364 28.1648
138.3922 33.8882
136.3727 28.0053
132.1413 28.5858
137.6081 33.4509
139.7990 28.6733
132.9760 28.2399
130.3597 28.3904
131.4065 27.5751
134.9223 28.3007
135.7569 28.3435
131.9625 30.6067
134.1388 31.6317
133.6544 28.7716
131.8883 31.1771
127.1326 28.0188
134.1846 29.7457
133.4380 26.5478
133.9925 28.3529
131.0677 26.9498
137.7921 33.2671
139.9949 28.6119
132.3422 27.3515
137.0949 31.0803
133.3608 31.6582
135.1975 31.5063
136.4359 28.3820
138.8755 27.5257
138.0050 26.7392
138.7236 27.6388
136.4951 30.2887
132.3412 27.3366
136.5044 27.7868
134.8678 33.7067
137.2438 29.7234
131.4948 27.0154
134.8731 32.9103
136.0973 31.3454
133.8219 25.3088
136.7619 28.3304
139.7665 28.3705
137.3552 32.6267
134.4117 28.6307
137.5436 27.1093
135.9855 30.8056
139.4749 33.9374
136.6803 28.8600
136.1327 28.9417
136.3592 29.6521
133.8184 32.0123
134.0853 25.9760
137.2633 28.5527
132.0329 27.9298
132.9282 28.3860
136.4210 33.4731
135.9541 30.9796
134.8105 29.3741
135.1938 33.3992
130.3524 26.5688
126.7325 25.4277
137.9891 26.8288
137.5373 33.5312
133.3590 28.4473
139.6295 28.1552
137.5276 33.1964
139.4506 28.1875
138.4161 31.3671
136.7271 28.3009
145.5042 36.4200
137.0439 30.3269
137.3804 28.5111
136.7065 29.9336
139.6367 28.2956
136.9192 28.9778
137.8263 29.4346
137.1544 29.2378
137.8672 33.6266
138.1561 33.9727
137.5776 28.8211
137.4379 29.2539
138.5240 30.5805
141.4811 35.8384
134.7074 32.3981
141.3697 36.1756
137.3388 30.0776
138.1442 33.3525
136.6996 30.0211
135.9792 30.4841
138.1929 31.1412
136.4209 29.6177
139.4442 33.4267
137.0803 29.3454
138.2263 30.1645
137.8898 32.7684
137.5555 30.2195
140.7020 33.8730
137.1042 29.7422
139.5613 28.3846
144.8995 36.1133
137.7349 33.2996
139.2640 28.0160
137.4283 28.6081
136.8680 29.8816
137.7699 28.9912
137.1900 33.7636
139.4607 27.9061
137.2591 28.7634
139.7295 28.5813
136.8830 29.4740
136.3921 29.5949
137.2289 33.5407
135.8531 28.0754
136.5501 30.6367
137.9987 31.3732
137.9260 32.9840
137.4794 29.7254
139.9363 28.8530
137.2750 29.8623
147.2066 35.1472
140.1812 28.7708
136.9289 29.5357
145.6064 35.6679
139.5880 28.1716
137.6801 33.2420
137.3331 29.4325
136.3222 28.3403
136.6235 28.7645
136.2588 29.7764
139.1282 28.5359
139.7712 28.6022
136.3519 30.1842
139.0697 28.4270
137.9958 32.9820
137.6926 29.6794
136.6657 28.8861
137.5654 28.7869
137.8120 33.3030
139.7537 29.2246
137.1107 33.4599
140.4846 33.4814
137.2140 29.6782
136.2752 29.4393
138.1954 30.6899
137.2409 33.2926
144.8452 38.8883
137.5174 30.1831
138.6465 28.3304
135.7459 31.3315
143.9467 39.2675
137.8269 33.0167
136.6203 30.1111
137.1985 29.5184
139.2891 34.9145
137.7012 33.1975
136.3499 30.9990
137.7124 28.9934
137.0176 30.8092
139.8030 28.2797
137.9241 33.1450
152.5372 34.0421
136.9686 30.8210
136.4689 29.0911
137.0510 28.6542
139.2832 27.7777
136.8701 30.8726
140.5689 35.1656
137.6297 33.2426
137.1839 30.1797
145.4686 34.8446
136.8676 29.3835
138.6345 30.9809
137.7995 29.5137
136.9940 30.6147
139.6064 28.3231
137.4170 29.1594
137.1208 29.6417
137.2269 28.7864
139.3024 28.1650
137.1651 33.2353
137.5734 29.3132
139.1836 27.5940
136.6164 28.1848
137.5104 33.3058
136.1136 30.2847
145.3906 35.3641
140.0321 29.0441
137.7369 29.8423
136.7398 30.1360
138.9992 28.4230
145.4781 35.6774
139.5454 28.3345
136.5764 29.0335
145.9994 38.7650
139.2867 28.3591
136.3138 30.1708
137.0259 29.6693
138.4355 29.8494
136.6842 33.8450
137.7606 29.8018
137.8364 33.3716
137.7671 32.9603
138.0171 33.3289
139.8547 28.7827
140.0709 28.8280
137.9074 31.7408
137.5725 33.5542
137.8555 33.6396
136.6163 29.7567
137.3351 29.0210
139.5276 27.9826
137.2852 28.5191
135.7500 30.8398
136.6572 29.1940
139.5452 28.2727
137.1807 30.3101
137.1276 30.7524
137.3204 33.7938
137.2945 29.7194
137.8860 29.5294
135.9976 30.2769
139.7485 28.4025
137.1246 30.5253
144.7145 38.9153
141.0079 34.6788
139.9465 28.9197
137.7555 33.1793
137.9023 33.2025
137.4487 33.2868
144.7596 34.9884
136.4262 30.0539
138.3027 30.5109
139.4470 28.0658
142.1785 35.4501
144.0906 36.7595
136.4347 28.8020
139.7581 28.3792
136.2228 30.5229
137.0469 30.7998
144.2651 36.1130
138.3831 32.2584
136.4244 29.5593
141.6759 35.9940
136.3380 29.5172
137.7672 29.7140
138.0849 33.3424
136.9791 30.0382
141.9202 34.9236
136.4229 29.8408
137.0468 29.4496
137.7526 32.6167
136.6066 30.8964
136.7272 30.4424
140.9528 35.6475
138.1124 31.6355
137.1092 30.5824
137.0792 29.0755
136.4172 29.2269
137.6726 33.1763
137.5524 29.3524
138.0052 31.2801
137.0476 29.7400
140.9343 35.2741
137.7219 32.6178
137.2632 33.5864
137.0140 28.6947
136.4445 29.1881
139.8945 28.8661
136.0598 29.5177
139.9369 28.9638
137.2313 28.9754
137.0389 30.2384
136.6817 30.8637
137.1377 33.7263
137.6256 29.5162
137.2967 29.4153
136.3846 29.7263
139.5830 34.8010
137.6771 30.0050
136.1193 30.6609
137.7404 32.6076
135.7471 30.9704
137.1422 28.9587
137.2922 29.9010
137.3328 29.9370
139.8013 29.2323
137.4412 28.6806
136.8922 28.3793
136.8186 29.6553
137.4744 32.5782
136.2900 30.6954
136.2832 30.8832
136.2712 28.2446
137.5615 32.8251
137.3671 28.8161
139.0780 27.5658
136.4059 30.0982
137.3443 29.1191
137.1375 28.9848
136.5027 28.3297
137.5351 31.7985
137.5986 28.7776
137.6408 29.7112
139.7235 34.6321
139.5814 28.3239
137.2411 28.6650
142.7346 37.5825
137.7310 29.9146
139.2260 28.2636
137.6208 33.2312
137.8864 33.6149
137.8590 29.2894
147.4421 35.9679
136.8244 30.1985
136.4544 30.8065
137.2476 28.6211
138.4755 29.7620
139.6363 28.1947
136.3383 30.3182
143.8615 37.8425
136.4955 29.4434
136.0977 30.1196
139.5256 28.3811
136.7696 28.3377
135.6618 30.0762
136.2484 30.6502
138.5292 27.8247
138.0724 33.4511
137.8625 33.2727
136.2790 28.6876
136.5006 29.9695
137.2828 30.3678
135.9231 28.9745
136.6485 30.6698
136.0683 30.2901
137.3218 28.9815
137.0182 29.2305
139.6602 28.3695
137.8646 33.1451
139.4402 28.3142
137.1117 30.1836
137.2146 28.4877
137.7790 33.2268
138.5401 30.7248
137.6251 29.7430
139.4689 28.7000
136.6224 29.7411
138.2751 30.7083
137.6326 28.7832
137.3643 29.0163
137.3278 28.7175
137.2926 28.7776
137.1894 30.7727
136.9240 29.0078
136.9121 30.2607
138.9008 27.5204
137.0743 29.6148
137.1469 29.1569
136.1767 30.5328
136.9259 29.1556
139.4165 28.1385
137.4100 29.4012
136.2080 28.2982
138.5941 27.8358
133.9670 28.5071
139.3477 28.0583
129.6050 28.1175
131.1882 26.8085
142.1478 35.6241
136.2078 31.0624
131.4198 25.5870
141.1319 35.1903
134.5648 30.6662
139.0346 28.5713
147.8136 34.8760
132.7288 27.8467
134.0643 30.5190
138.5435 27.2842
129.4023 29.8578
138.3684 33.0077
134.8739 32.0971
130.4016 27.7298
136.9546 30.1728
144.9426 37.2807
137.7060 30.9258
133.6783 30.7595
132.8873 28.7353
131.5565 28.3135
126.7820 22.0085
130.1924 27.2120
130.1874 27.9590
143.5724 38.1700
134.1001 24.2634
135.2972 23.6649
135.6698 26.5613
137.5277 33.5179
136.1503 31.4000
131.4247 29.1493
136.2773 28.5113
136.5114 31.4708
136.6223 28.5562
137.6979 28.0452
144.3412 36.1495
135.5870 28.3456
134.9519 25.1611
138.7627 33.9427
133.9470 24.4825
138.5831 28.5551
134.0741 31.4404
136.8307 30.7424
138.8397 29.0690
137.0448 31.0146
135.1543 23.7093
134.5097 21.5704
127.5594 29.0478
135.0863 21.8488
139.7668 28.0937
138.6891 27.5065
139.5948 30.9794
135.3963 31.9597
136.0854 28.9467
137.5510 28.7854
137.2781 33.4612
130.7151 28.1634
137.9882 30.5303
138.3766 27.8607
123.8741 23.5250
138.0081 31.1816
131.6801 30.5754
134.0568 24.4615
145.3489 35.4124
137.8710 33.6903
135.8892 33.1773
137.4374 32.0263
137.4734 26.9512
132.5090 29.8659
137.9765 31.8569
134.8810 22.5451
136.1677 29.0860
136.9275 31.3452
132.8059 26.6336
141.5750 36.3237
127.9122 28.0242
136.6501 28.8094
133.8132 24.4426
137.5756 29.4443
136.0779 28.3683
134.5427 31.8503
134.2376 23.4402
133.3508 31.6365
138.0753 33.3044
144.5290 36.6106
134.5593 29.6076
126.2124 29.3579
131.6878 31.1722
135.0559 30.2682
136.6041 28.2512
136.4837 29.6504
139.9273 29.0235
138.3973 27.5854
136.2651 32.9857
132.0111 26.4550
134.3571 23.9715
134.4087 28.8784
138.9421 27.8869
134.9901 29.6869
139.9769 33.4146
132.1489 28.5724
135.3021 28.0113
131.5775 26.9962
133.7680 31.2160
137.2435 33.6969
136.8342 28.5802
136.7592 28.9380
135.8974 29.3257
134.4782 29.7185
130.5428 26.5771
132.0650 28.6119
131.7491 27.4864
137.2755 28.6522
139.9131 28.4972
133.9663 31.4763
137.1088 33.6667
132.0350 28.6882
131.5781 26.4480
136.4261 29.5372
133.9698 25.9750
130.6860 27.4278
134.4220 29.9423
139.0091 27.4808
139.1957 27.4746
135.6454 33.2428
139.6606 28.5971
136.0264 29.4004
135.7778 32.8736
132.1865 29.1410
131.1991 28.4712
135.5144 28.2485
135.0391 29.9030
132.5954 31.0591
131.2637 26.9947
138.9767 27.5559
139.8101 28.4983
134.3580 24.0743
133.3699 31.2332
136.0040 28.8348
135.7581 29.9826
137.2487 29.3402
137.2858 26.8617
134.0923 24.3238
139.6624 28.5202
134.2355 24.1818
134.3842 23.9325
136.0063 29.2304
131.8483 28.5737
135.2479 33.3786
131.2207 26.6889
133.8785 24.7863
130.7909 27.2961
131.1644 27.3632
136.7742 29.3593
135.7139 29.2390
136.8208 29.5798
136.0841 28.8005
133.7873 24.4001
133.7790 25.8953
134.5336 28.3217
139.9427 33.5124
134.5977 29.8199
136.9083 30.2069
131.7339 28.1380
134.7807 23.4781
143.3521 35.3334
134.4466 24.9574
133.6022 25.2754
131.1030 27.8424
131.3519 27.6739
133.4003 25.3161
136.8917 31.4188
140.2675 27.8238
131.7990 25.7920
138.0203 28.0054
135.3974 31.2523
131.5154 27.6936
137.8412 33.2660
136.3017 29.9265
137.5585 32.4003
135.6402 23.3575
133.1918 30.3334
139.5038 28.2297
138.9933 28.1627
139.3365 27.4398
135.5453 29.2920
134.6098 29.5889
139.3875 27.9895
136.5445 28.7768
135.5861 28.1141
137.5076 30.0382
135.1634 23.6621
131.1345 30.1249
126.7880 26.4487
132.7402 28.6665
139.8270 28.6406
143.3935 35.6423
138.1175 28.1473
133.5379 25.4600
137.8064 26.7469
133.3695 24.2740
139.0243 28.0107
139.8413 28.9459
133.6936 25.0089
139.0813 28.3006
139.1904 28.5780
132.3814 29.4876
140.9200 35.5125
132.4321 28.2907
133.3198 25.3188
132.6241 30.0549
139.2518 28.6241
135.2643 23.6871
135.9672 28.8591
132.2321 28.9275
132.5157 27.6214
135.1173 29.9477
132.2652 28.3538
138.9395 34.0506
135.6216 28.4800
137.6591 33.0446
136.9421 30.8644
137.6826 30.8085
139.2194 27.3034
131.9038 28.9326
135.7513 33.2843
139.6898 28.5118
137.6488 31.7051
135.7228 28.6514
136.7725 30.3323
134.3355 31.9431
139.4895 27.8379
131.2377 27.2471
136.6104 28.4388
131.7960 30.1566
138.5118 28.6063
137.2221 30.1367
126.7327 25.8221
136.4890 29.8214
134.8032 24.6351
139.7899 27.6315
138.5067 29.5679
138.2836 33.1357
127.0123 25.9264
137.3268 26.1075
134.2062 23.8911
135.5272 31.5864
135.2950 28.0213
132.6706 28.7685
133.8943 29.9260
133.1998 25.1279
132.3952 27.9703
138.3947 29.9771
135.8370 31.6922
138.4198 27.4036
137.0973 31.5230
139.9593 28.7524
136.4742 31.4822
135.3143 23.7428
134.0850 24.6861
136.3856 30.1952
127.7104 28.1508
133.5551 29.7756
138.2854 27.8210
126.7915 25.3148
132.4724 30.7549
125.4917 23.8609
135.8940 30.2736
136.1662 30.2520
128.1158 29.3162
133.3894 25.3872
136.5916 29.0811
138.4580 27.5652
135.2940 28.1101
139.9484 28.9624
137.6301 29.1361
137.0216 30.4672
139.8924 28.9488
139.9382 29.0428
138.6616 29.0261
138.2511 34.0915
145.8236 35.4681
139.2880 27.8500
137.9393 33.5736
137.2471 29.9828
144.9082 35.1595
140.4795 33.3258
138.7199 29.0328
138.9401 27.5308
137.1212 30.0808
137.3510 32.2975
144.9705 37.1196
138.7951 27.5509
137.2691 32.4328
138.0841 30.4029
141.2439 33.9125
136.6030 28.8788
137.1744 31.9242
137.5629 33.4280
139.1792 28.1378
140.7482 33.7193
140.1642 34.3295
145.2290 35.6763
137.9318 33.4558
126.8760 27.6974
137.8910 33.5892
136.5726 29.7645
137.4359 33.3692
136.2814 28.4315
137.0788 28.8841
140.9728 33.6094
139.8547 28.7897
137.5603 33.8145
138.3006 34.3796
141.1462 34.6960
140.3404 33.4579
136.2475 29.8161
137.3582 33.6478
137.5930 33.5157
140.1048 34.6176
141.1804 34.7042
135.8334 29.1480
137.5094 33.8128
140.3333 34.1285
136.0142 28.7306
137.2480 30.5295
136.2663 28.8160
137.4031 32.2796
138.6995 28.7453
137.7956 33.6992
138.1252 33.1631
143.9682 36.3492
138.4584 31.0634
137.7679 33.1800
136.7793 29.1338
138.2216 30.9444
136.6284 28.8498
138.1280 33.2618
138.4809 27.1590
141.4943 34.1695
136.8777 28.5595
137.4198 32.3195
132.3935 28.8318
137.7542 33.1320
137.7346 33.3786
137.2129 28.3855
137.6317 33.8239
145.6006 35.7782
141.2690 33.9042
137.7040 29.6043
138.1741 30.9623
137.5336 32.9532
140.5800 33.4014
139.5731 28.2690
138.3813 28.1747
140.6791 33.4148
137.1338 28.5890
137.9769 32.9387
137.8226 29.8012
137.6393 29.8826
137.7512 29.7164
137.8150 29.3022
138.6462 28.3121
139.8308 28.9141
136.3921 29.7025
136.6454 28.3636
132.2377 28.4462
137.1356 30.2322
139.6314 28.3113
138.0267 30.5111
142.1462 36.3118
139.8980 28.4540
124.8905 21.3041
127.0608 25.6689
137.7124 33.2595
128.1370 25.7144
131.7978 26.9959
130.4667 28.4974
124.7530 24.0101
133.1964 29.7048
138.9452 27.7598
137.0871 28.4053
129.0957 26.0617
135.5786 28.1365
139.3329 28.0601
135.2666 28.5760
131.4485 26.5363
142.7618 37.1610
132.4909 27.0279
134.0483 25.5895
139.3516 34.2480
126.6393 25.5038
137.5595 31.5278
134.9123 29.8736
136.7322 28.9148
134.7052 29.6228
138.3496 29.4852
136.0097 29.0882
135.3704 29.2502
134.3064 23.9932
134.6979 29.4708
140.0435 28.1534
134.9995 30.3785
135.2951 25.6086
136.3637 29.2864
135.7897 21.9019
133.6277 31.8429
126.9156 28.3665
135.9746 33.1064
138.7564 33.7240
134.9453 29.4701
141.1395 35.2942
137.2290 31.3189
128.9023 26.1119
138.8357 33.7251
139.6269 28.0477
136.0405 28.2713
130.4608 26.3768
133.4795 25.3140
136.9842 33.2667
138.7853 27.9303
134.1351 24.3716
137.0390 29.2499
135.5829 28.3393
144.7796 35.4575
134.4387 24.5992
131.6101 27.9018
126.9693 25.2996
135.9012 28.0302
131.3452 26.1896
137.0558 29.4040
139.0360 27.7228
132.7445 29.8902
136.4915 29.4231
137.0365 33.9757
137.2574 29.8063
134.8650 29.7421
135.2482 28.0239
132.8513 25.5156
131.7712 30.2201
134.9373 28.5867
134.4285 28.2182
142.0031 35.5947
135.8419 28.8090
138.6536 28.9086
136.9895 29.1164
136.6547 29.7835
136.2744 31.4459
131.5396 27.4859
137.3261 29.6787
139.1180 33.7308
144.8468 34.8514
137.0075 29.1971
136.9897 29.2121
130.4092 27.7354
135.6243 23.4735
133.7405 29.3500
135.3280 28.5126
133.4510 24.4921
129.2034 25.9285
140.0988 34.3475
136.2177 28.1547
136.9074 28.8994
133.7290 25.0946
136.9672 30.0136
125.3594 24.3511
133.0666 26.7338
135.2982 31.1640
133.4122 30.4158
126.2417 25.3191
136.7859 28.5086
137.2257 29.7612
137.4249 29.8515
136.8737 28.9796
138.9792 28.4286
136.9024 29.1726
135.6923 29.5308
135.2573 28.0936
139.1952 27.6413
137.2523 29.5461
136.0645 28.8868
135.9167 28.2134
137.3181 29.7935
136.7699 30.5619
139.2282 27.9420
136.3631 29.6344
136.4485 28.7314
138.2245 31.3443
137.4972 29.7355
136.2513 30.2820
139.6490 28.3036
141.2057 34.4453
140.5963 33.8159
139.9982 28.9415
139.6597 28.4733
137.0319 30.6505
135.9208 30.4839
136.6037 30.6511
136.6738 31.5996
139.6049 32.4331
137.2761 29.9608
137.6592 33.3689
139.4348 28.1139
137.4718 29.5028
139.0443 28.3081
136.3181 30.4786
136.1274 28.6023
136.7893 30.1670
138.0256 33.1234
137.4664 32.6158
136.2802 28.2915
136.9358 29.8310
136.0295 30.2680
135.8019 30.7894
137.1391 29.0214
136.2088 28.1909
137.3442 29.7433
136.6473 28.6160
137.2365 29.9985
137.4852 32.3477
136.8323 28.6232
136.6979 30.6835
137.6996 33.4027
136.6076 29.6372
135.9995 28.3323
139.5907 28.4512
137.4294 33.6897
136.0101 28.8356
136.2048 28.6644
137.5821 33.4849
136.0356 28.4867
137.5945 29.8811
136.8708 28.3567
138.3826 31.0619
139.0263 28.3492
136.2512 28.5667
137.3815 29.9222
139.5386 28.2455
135.8096 29.2724
136.9850 34.3297
137.2843 30.1733
136.3654 28.4932
136.9212 28.8049
136.6429 30.0651
137.1287 30.0845
136.9503 33.3559
136.1353 28.0757
139.7063 28.5105
139.5366 28.0343
136.1172 29.2290
137.4971 28.8900
137.3105 29.4908
137.0034 29.7108
136.3024 30.4410
136.4145 28.2524
137.9905 33.5141
138.0692 30.9503
137.6933 33.4159
136.4098 28.3861
136.6852 30.0153
136.3376 30.2688
136.1488 30.6095
135.9642 30.1528
135.7052 28.4724
135.8857 30.6849
137.8877 31.5686
135.3364 28.1026
137.4649 33.4101
136.6039 29.5056
145.3420 37.3451
136.0397 30.2656
137.2527 30.7596
137.4556 29.8539
138.6308 27.9447
139.4806 28.1094
144.0959 38.2379
136.8570 28.8693
137.9511 33.5777
140.3625 33.9084
137.3851 28.8184
142.2755 35.3379
136.5002 30.5167
137.0666 29.7339
136.6024 28.1911
138.1285 31.6814
136.5153 28.3818
137.1526 30.5022
144.8268 35.0418
136.0952 28.6269
136.3869 28.1651
136.3106 29.6425
135.5929 29.1713
137.2040 32.4928
138.1909 28.4778
127.9961 28.7329
137.1343 29.5153
133.2196 27.9645
136.6330 28.7888
135.6445 30.1248
133.9865 24.8357
134.9668 33.3792
139.4992 30.3596
135.4091 24.7056
130.0692 27.8364
132.6778 28.7261
135.9796 30.1619
137.5624 29.6834
139.5781 33.9592
134.8736 25.0667
128.9787 26.2815
134.0853 28.3246
134.3347 33.2830
132.0718 31.2639
144.1368 36.1514
133.7214 25.4251
127.3126 24.7533
134.7493 24.1022
133.2012 25.7935
132.3270 24.9727
138.6528 33.1625
133.7133 27.2373
134.1759 25.3086
129.4444 29.9307
136.9636 33.6969
123.2871 26.2646
132.2077 26.6166
124.4270 27.8411
129.5911 24.2255
136.7236 29.2077
128.2506 24.9774
138.4375 28.3916
134.9949 30.2236
134.1938 25.6133
131.2898 30.9429
137.0905 29.8265
134.2392 25.4760
135.0476 24.6812
136.3185 31.4533
139.3379 27.9624
131.5678 29.6513
137.1045 29.8753
132.9762 28.6545
138.4160 33.1289
132.9598 29.8817
132.0208 27.5139
140.1208 28.2120
134.1864 23.0453
133.6534 26.0130
132.2400 29.3439
134.7604 28.6357
125.6220 23.4978
129.4191 29.9006
132.3035 28.3607
138.8908 28.7347
124.7339 20.6840
128.9738 30.8631
131.8097 27.9446
133.5328 31.7683
133.3321 31.5169
135.5331 30.5091
137.7209 33.7987
133.4462 27.0180
137.0617 29.2746
130.2565 27.3303
131.3209 26.8221
131.1284 27.1269
132.5822 27.0289
136.6181 28.8043
133.9577 31.6915
131.2854 27.7375
131.5830 23.2566
120.1454 19.4801
124.7804 21.8189
132.4978 23.8596
126.4351 24.9308
132.3700 26.4083
129.7034 26.9055
133.0744 27.9910
135.7570 27.5211
131.9654 25.9867
132.2370 23.7059
131.8323 25.6863
133.4809 26.3170
129.2794 24.5488
131.7668 24.9690
122.8807 22.7310
135.5541 24.6295
129.8575 25.2102
128.8195 23.6703
130.9005 26.6064
131.2927 25.8383
135.0489 27.8838
127.9782 23.8371
134.9597 22.5147
133.1653 21.8106
125.2972 20.2422
128.2334 24.4867
132.6983 23.5657
118.6482 19.6576
135.2896 25.7087
132.6898 24.8532
131.5220 23.0769
131.5127 24.9053
134.7544 21.6684
127.4414 24.2141
137.5700 28.6408
137.3915 29.1913
135.9531 28.0770
135.0732 30.9685
124.6170 21.3978
122.0404 20.6502
130.9305 28.4429
134.0717 24.0687
131.1767 25.2894
132.3853 24.0825
130.6544 22.1317
127.6966 22.9458
126.1032 22.8385
130.5420 21.5716
130.5747 22.0059
133.5404 26.5272
131.8434 22.6673
134.3002 24.8401
133.3949 22.4422
129.0081 24.1921
134.0299 24.2465
135.3186 31.1810
137.8985 29.3334
135.4775 24.8408
136.1022 33.0680
132.7296 27.3480
136.3209 30.7444
131.8053 26.9421
134.3271 29.9815
132.4852 28.8672
136.6999 31.7893
137.3679 28.8035
139.1523 34.0373
134.7153 28.4724
134.3257 24.9376
125.8694 23.3016
131.7393 27.6327
132.4275 27.6249
138.6861 28.4136
134.4487 25.2491
140.2812 28.3256
135.7141 23.6120
137.8988 30.2774
134.4944 24.6727
127.7915 28.3122
131.3205 30.9523
136.9537 30.7703
136.4009 28.7665
131.7529 31.3643
139.0583 27.7340
130.5427 29.3144
133.4347 31.4881
139.6538 29.0970
137.5571 29.5532
132.0466 30.8498
139.0417 34.4034
135.1485 23.9010
133.6808 32.2156
136.2470 29.2608
136.7879 30.3672
132.3527 27.2545
137.8955 30.4272
135.8681 28.4982
134.7937 24.0386
135.9000 27.8510
133.1164 31.7352
131.9301 29.7576
137.5873 26.4844
138.8178 27.8430
138.5470 33.1593
135.4962 25.5296
130.5402 28.6120
134.7480 32.1708
139.1577 28.3203
138.2583 28.0516
136.5146 32.6463
135.9139 28.9300
138.9588 28.3702
136.5677 33.5407
139.7877 28.6957
132.3219 27.5087
136.4730 28.3752
137.6147 28.8461
139.6015 28.5387
137.1614 30.2951
137.3067 34.1871
134.9237 30.0421
135.8166 28.3063
134.1173 25.0183
135.4473 22.4653
132.9576 25.0155
136.9917 29.0048
133.0300 29.0059
139.7864 28.7362
123.4485 29.7875
131.6319 28.5891
144.4532 35.3036
140.0701 33.8526
136.1943 32.0805
131.6436 27.0907
135.6993 29.3192
132.1516 27.6764
132.0513 27.3655
137.3235 32.5015
135.0700 33.5474
135.8896 30.9872
132.0797 30.6882
135.4070 31.0777
131.0394 27.6463
135.7123 26.0423
126.9709 26.8696
140.0788 27.7704
131.9830 29.6961
138.3249 26.7094
137.9955 27.3337
131.7132 27.7420
129.9235 26.3672
134.4404 29.4664
133.0518 29.2178
140.1150 27.9262
138.3251 27.7464
132.2878 28.3151
137.7742 29.8226
135.8690 33.0169
127.4959 29.1357
134.3465 29.8210
137.2294 30.2661
138.3521 29.4301
132.0907 31.4285
135.8220 29.6569
131.2365 28.6812
131.0951 27.7157
137.4611 27.8425
136.1343 29.0158
134.3987 26.3501
139.9598 28.0382
137.1362 30.3439
125.9122 23.2031
129.4013 27.5839
133.7960 23.6904
130.5954 27.7934
133.9397 28.9145
129.4290 26.8670
133.8104 33.3009
135.8583 28.4712
135.5223 28.9150
136.2317 28.2434
135.0054 22.2422
135.8480 30.8026
131.6493 31.4703
135.2734 28.3017
140.1992 28.0483
133.0277 31.7722
131.2319 25.9847
136.0459 29.0401
137.1308 29.7739
139.1219 27.7790
134.9584 31.9322
133.5575 24.0864
135.6230 25.5255
132.1706 25.4433
126.4752 24.9801
130.8984 28.6731
136.1423 28.7103
131.6324 26.7084
139.6649 28.1398
129.9690 26.5510
135.9533 30.3854
132.9976 24.7239
132.9550 28.7718
134.9469 22.9956
131.6326 28.3129
136.4178 28.9284
135.2555 28.3029
139.1668 33.9225
146.3665 37.9447
136.0153 33.3161
138.4979 34.5415
143.7775 36.7253
137.1956 33.3866
139.9993 28.6435
135.1303 28.3024
148.2912 35.3451
136.6535 30.3468
138.4760 30.6193
138.3304 33.1313
137.6667 33.5837
140.1149 28.4900
139.8747 32.2123
138.3401 31.2605
136.7515 30.1810
137.0258 28.1508
134.4033 25.1757
137.0208 30.2703
135.0934 23.7301
146.5370 37.7507
137.3618 30.1984
139.8647 28.0672
136.4294 30.3459
133.4153 33.1446
138.5660 30.0475
144.1315 36.8075
142.9384 35.0423
139.9625 28.9043
134.6502 33.4216
138.7282 29.1131
136.1932 29.9850
133.6660 31.5677
136.1461 33.5126
139.8985 34.6061
142.0564 35.1102
137.6006 29.0601
138.3325 27.3040
123.9410 23.4080
145.2812 38.6371
131.0647 30.8794
137.7356 33.1823
139.6781 28.5326
144.5985 32.2093
149.9986 35.9128
121.7129 32.4575
146.6990 34.6722
139.6924 28.2806
136.5375 28.6217
139.6936 28.3016
136.5531 31.0258
137.5719 33.2235
143.4666 38.4328
138.1358 30.6046
133.4965 31.7595
135.6530 29.1224
137.4849 31.1491
147.2820 35.4595
139.3592 28.1317
137.3363 32.3478
140.4270 28.3914
139.1137 28.2977
137.7635 30.1231
139.2164 27.6560
137.6329 30.1145
138.2769 33.2079
135.8393 29.3986
137.7902 33.3245
143.6159 36.6677
139.2658 27.9638
136.0353 32.9958
143.2320 36.6176
137.2697 34.6053
151.3158 36.1291
136.4514 28.2294
138.5623 27.9264
135.7140 33.3321
155.5466 34.4456
139.0473 27.6042
137.6641 33.4172
133.8542 32.5626
137.1585 30.2537
136.6829 30.8256
131.1872 30.6637
138.4916 28.9613
138.8512 28.1296
147.4735 35.4189
127.5251 28.2058
138.5997 33.5438
133.5548 32.1251
131.0553 26.1168
133.0928 30.8041
134.8654 29.5203
134.0830 32.3706
131.1080 28.0714
134.8404 29.3831
134.0263 29.6654
134.9381 31.8187
134.9653 29.6351
137.0851 28.7641
134.9789 29.6850
136.9564 28.8656
131.5540 28.0723
137.6978 34.3896
133.4965 31.6676
132.0915 30.9899
133.2045 31.2459
130.4646 29.3162
134.6911 29.4244
134.6132 29.4143
131.9075 31.5684
145.3821 35.5778
132.0820 27.9319
137.0239 29.7151
135.0293 29.8356
131.1104 26.7429
137.8514 33.5922
139.3955 28.3618
134.0292 24.4534
137.8913 29.2033
139.6520 33.0448
133.5042 31.5927
125.4459 24.3431
132.4201 27.1841
135.1681 33.5488
133.3402 30.4012
136.7057 31.4887
134.0541 24.2937
134.5385 32.7556
126.7182 25.4156
131.0979 27.3274
136.3549 28.1823
135.2351 31.4730
132.6490 31.5363
137.7644 31.0508
138.5458 34.0647
138.2918 33.6930
134.8618 29.4283
135.4585 28.1750
127.4526 27.0214
135.2312 30.2466
134.1168 24.0579
131.3406 27.0372
138.2924 29.6525
132.5971 31.6596
135.0409 30.0889
130.9763 27.5668
138.3291 33.6147
137.4578 33.5444
134.7931 29.3153
134.2822 23.8266
138.6716 33.8825
135.0560 30.2546
136.2160 28.2117
135.8271 28.6708
130.4574 28.4649
137.5004 33.2980
137.9905 34.5984
132.6481 28.6263
135.2942 33.3236
134.1110 25.9286
131.1640 27.2652
138.3311 33.8474
138.7387 28.7322
137.0297 28.4533
133.5326 25.4830
134.9589 29.5397
134.1813 31.6445
132.7504 25.7821
131.2086 26.2004
131.4245 27.7410
140.6225 33.4660
137.1916 30.7162
131.7846 28.6719
133.9918 24.4078
131.6794 28.6231
134.3252 25.1190
134.2914 24.8580
135.8956 30.6020
134.7723 29.6848
139.7847 28.1755
133.9587 32.0751
134.5484 23.3813
137.8573 30.2790
133.8989 24.3109
130.9239 28.1925
145.6041 38.8843
133.7634 31.6581
134.6209 29.6689
134.9711 29.6513
129.7057 28.5063
132.9946 24.7107
130.7890 26.7251
131.2881 26.9548
136.2473 28.2282
139.7746 28.8476
136.9123 31.5547
138.4886 28.2770
134.0144 24.2311
132.0226 28.6014
131.8803 31.3299
128.0562 29.6502
135.8808 30.8875
132.1890 28.6316
134.2368 32.2373
133.3762 25.1404
133.6469 28.2191
132.0536 28.2363
137.8342 27.5677
130.3764 26.2362
131.6989 28.2202
130.3876 28.7402
131.7517 28.6863
130.8236 27.2663
135.3822 29.5309
136.2667 31.5410
138.6750 27.9293
132.8302 26.9390
134.3734 27.9650
131.7108 27.1408
131.4696 28.6948
139.7608 28.4071
127.3792 27.5884
131.9414 31.9931
130.0553 26.7052
138.3591 28.3328
126.6896 25.6653
137.6419 28.9101
135.6180 26.2773
127.5438 28.8069
127.8792 25.1617
135.8886 31.3390
133.3520 24.7606
130.4485 26.6033
133.8470 24.7064
131.0687 28.1976
139.3368 28.5053
130.6893 26.3905
131.8736 26.8260
130.8530 28.1914
132.9398 31.8378
132.1831 25.9456
135.0405 33.2990
137.4828 28.5528
134.6017 26.0621
129.3814 27.8580
124.5720 23.3033
138.7702 27.8838
133.5845 21.5026
127.6276 25.8225
129.6661 26.0313
134.6832 33.6446
132.2981 30.2168
135.7607 29.4727
130.9531 26.0693
133.9795 25.7637
136.9254 28.5298
139.3870 27.4101
133.3732 31.7365
131.6574 28.5327
137.1994 31.3838
137.4338 29.2738
139.9056 28.0962
132.3089 25.1251
140.1603 33.9778
138.3670 28.8287
135.6639 28.7031
137.0977 30.4462
131.7878 27.7699
135.3273 30.8237
135.1274 30.1343
138.0869 27.1730
140.2224 27.9920
137.7759 29.5616
131.2105 29.1141
130.5908 27.5657
136.7246 27.9107
134.7597 24.6864
134.1905 24.2696
137.6910 33.3901
138.3054 27.8294
126.8325 26.6941
139.0112 27.2325
134.5058 32.8750
128.5255 25.3692
132.1898 27.6177
133.3222 24.5333
132.9402 31.6868
131.3987 28.2897
139.6054 28.3382
134.2523 29.4262
132.1007 31.7356
132.1153 28.1965
132.7856 24.8203
135.7740 30.9608
138.7850 32.8407
143.6868 35.6126
130.8716 27.2869
133.2673 30.8452
134.9038 29.6843
129.8880 27.8727
132.9520 26.8336
137.8546 33.3234
134.0460 31.2976
130.5527 28.5340
137.2868 33.6781
136.9299 33.3102
134.9610 33.6668
132.0090 29.1471
133.7886 30.6816
136.9555 29.2900
131.7678 27.7363
131.8010 26.3419
136.5487 29.8237
146.1453 35.5815
137.8282 29.2109
133.0853 28.7946
135.9525 28.6770
135.5345 33.3289
134.8386 29.1659
130.4139 26.8667
140.1270 28.7807
133.0190 28.5798
135.7091 29.3059
140.1595 34.1252
131.0573 27.5866
138.9592 28.0618
136.1034 28.7007
133.8672 31.9318
135.9077 30.9139
133.7829 24.1019
139.9375 28.9351
130.2574 28.8922
135.1120 28.5929
133.7116 32.2843
133.1687 28.9920
134.0835 24.1066
133.8086 31.2576
126.8429 25.3124
135.8194 29.8116
133.7466 24.9100
132.3422 27.3959
139.7450 29.0616
135.0967 33.6579
134.5239 29.8394
137.0010 28.4808
137.3703 28.8743
131.7340 27.5313
136.1584 28.2429
138.9585 27.4918
133.4989 26.4647
139.4016 28.0099
134.3857 23.5350
135.1502 30.9171
137.8382 32.7446
131.7260 28.9390
131.4215 27.6386
133.1328 32.4911
139.5488 28.0449
135.8176 32.9987
133.9438 30.1046
126.6222 24.6953
132.7988 31.3576
132.9638 29.3114
131.6594 27.3791
134.5567 23.3780
136.3699 33.0395
137.3124 29.9292
130.4995 28.4422
135.1293 31.8203
134.7082 28.9809
134.1128 25.3713
133.9475 26.1511
133.2150 21.7952
136.1921 32.9723
139.1698 28.1650
134.1733 23.7548
137.1554 30.4759
138.4949 27.8385
138.9153 30.5034
131.6914 28.0621
125.6666 25.3845
136.0518 29.8319
124.5055 27.6901
126.6938 27.5423
125.2138 23.2739
136.1673 30.0793
125.6430 25.2085
131.2735 26.2978
139.5852 28.8431
127.5339 27.8624
137.1348 31.0144
133.3852 24.6455
136.4025 30.6421
130.8539 26.9771
136.0955 29.0303
131.5884 28.5680
128.0054 29.5973
127.2260 27.6547
131.6080 26.9912
135.1951 28.5508
134.5425 29.5067
133.1097 28.2267
134.5597 29.0098
139.3320 28.6099
134.3601 30.0002
139.0740 27.8972
132.2047 29.1733
132.6685 25.6519
139.6562 28.3937
139.2046 27.5787
139.3318 28.1644
131.8265 28.5719
136.6620 31.4864
133.9211 29.8143
132.8508 29.0189
135.1469 31.4285
139.6093 28.6523
133.4884 24.4311
129.7178 27.0369
134.0600 33.0943
127.6721 29.3530
133.9773 24.2329
134.2844 26.3910
132.9638 28.5627
136.3423 28.8463
138.8539 34.4610
132.5307 31.3335
125.3984 24.4101
133.5041 24.8330
134.9811 28.2292
135.8021 29.8620
131.2874 29.2862
132.6970 25.5724
136.0037 29.6505
132.3236 26.8164
130.4514 28.2739
136.3790 31.0706
126.6704 25.7400
134.6699 23.7961
127.1915 25.1651
136.5208 29.1127
140.1726 27.9473
130.8003 26.4875
135.2876 33.3721
131.0043 27.1290
133.7443 25.0151
133.2080 28.4862
130.4825 28.6465
137.1037 30.4032
139.6349 28.3886
130.8836 27.2153
135.6786 30.3526
134.7752 23.5972
134.4055 29.7892
127.9364 25.8715
136.2184 28.6449
134.3019 31.9910
137.6115 29.8813
134.4866 23.7898
138.9884 27.9400
136.9275 32.0130
131.6824 25.6441
139.8870 27.9017
133.2482 28.7471
127.2536 29.0492
132.3810 28.3113
134.2401 31.6923
134.9717 33.5146
138.9343 28.1837
138.3798 27.5554
133.9602 31.4326
135.4130 23.1440
133.7869 23.6538
126.4087 24.9536
131.3870 26.6913
137.5175 29.5780
134.5243 28.0294
132.3830 30.4689
124.4666 23.7207
134.6082 23.4955
131.3273 28.3350
136.3720 29.0194
133.4106 23.6346
126.2505 23.9382
136.7372 29.4056
132.5650 29.8382
138.2442 27.7033
135.5872 29.0890
138.8183 34.1398
132.2260 25.2470
136.2967 29.5893
130.5024 27.0685
136.9099 34.1590
139.2455 27.8909
131.4697 28.7560
126.6093 24.9462
133.6194 24.5918
131.4011 28.1240
136.8663 31.9933
126.1235 25.9148
131.3878 31.1995
134.0433 24.8347
133.5469 27.0378
136.9581 30.3823
134.5816 32.2178
135.5713 25.7735
132.4450 27.4575
132.3665 30.1631
126.2892 23.8073
132.0392 28.0003
139.1810 28.0894
131.1907 27.5978
129.3795 27.7321
137.6625 28.8336
139.5425 28.6030
131.1111 27.3301
138.7779 28.0147
140.0206 28.1016
134.7695 33.6501
138.4723 28.4564
133.5243 31.5641
132.2884 30.4211
135.2187 31.3532
138.0161 29.0984
138.9446 27.8133
133.3646 32.0933
135.1418 29.0951
131.8929 28.2266
134.1612 25.8632
132.0614 25.2071
135.0971 23.5278
131.7205 28.3319
137.0974 33.2596
135.9454 30.0030
134.4590 22.7949
133.3993 26.1687
133.6626 32.1394
135.1659 30.6911
134.6119 28.3116
137.1928 29.1642
130.1765 28.0089
134.0687 23.7111
133.1595 28.9297
132.2337 31.4478
136.0821 29.7840
136.8040 30.9723
131.9186 31.3576
136.8215 26.8721
131.7402 31.2556
133.0021 24.8113
136.5157 32.0987
129.9279 27.8082
132.3275 28.4552
138.0329 28.5712
132.3817 32.4660
134.0986 32.6131
139.9934 28.1428
139.7561 28.6087
129.8793 28.5215
134.3669 23.4210
135.0998 30.6019
135.8669 28.0018
133.4389 25.2411
135.9591 28.9278
132.7928 30.2147
135.9424 28.5822
136.2443 29.5009
133.2154 28.9456
138.4465 27.6942
136.3855 28.7802
136.9346 31.1711
138.6810 27.4892
132.3329 32.7574
135.1990 28.5297
133.3030 28.0872
132.5398 29.0149
132.3969 29.0121
133.4147 28.2363
136.3653 29.3961
133.4014 26.5884
138.4178 27.7511
132.1052 29.2424
133.2651 25.2764
136.5623 28.8816
125.3895 22.9389
136.4169 31.1896
139.4122 28.1342
133.3081 27.9230
131.9528 28.0156
136.4050 31.2407
132.2312 29.4225
136.9393 31.4949
138.1842 29.4925
131.6944 26.8073
139.1827 27.8201
125.6259 22.2714
139.9373 28.3898
133.8027 24.7667
137.4029 29.7061
140.0030 27.9852
134.5613 28.3862
133.0546 25.5040
135.9653 28.9180
137.3234 33.6361
137.0757 26.9048
139.8329 28.5132
133.4532 31.5621
133.7442 31.5072
136.4779 31.1782
133.4947 28.6945
134.8119 30.2160
133.0973 25.7485
139.5887 28.3296
140.0337 27.9075
134.0999 24.5351
136.0373 29.6186
135.8788 28.7559
130.6874 26.7507
129.5960 27.7438
133.8431 29.1292
134.7666 31.8993
131.6986 31.0613
136.8771 32.0408
136.4302 29.1502
139.3502 28.0810
134.3084 29.8124
132.4925 28.8373
133.7063 24.7795
136.2272 31.3605
134.1096 30.1497
135.8036 30.7146
136.8809 31.0279
137.5262 30.0787
135.2937 31.1455
136.5119 28.7986
133.2114 25.2407
136.4841 30.3371
137.6314 30.3946
135.9744 28.9597
138.2480 28.5931
134.6553 28.4135
139.7339 34.0095
136.8632 28.3790
132.4919 31.7770
135.8110 30.1623
131.4737 26.7957
134.0397 29.2592
130.3873 28.6164
135.9397 29.3195
130.3567 28.3659
132.2563 28.6289
133.5397 31.4343
124.3368 23.8205
133.7289 29.2767
135.7677 28.1475
135.7704 29.7027
136.0295 28.3005
134.0592 24.9629
139.9970 28.1735
131.3163 28.6261
135.8993 28.5576
133.4445 31.6933
135.9025 30.2702
122.9994 27.0573
132.7649 22.8414
134.8554 23.2734
134.3869 25.1824
134.3918 30.3756
131.3108 28.2899
139.4421 28.2409
128.2059 26.1648
133.5275 24.8484
143.7981 36.1964
137.8719 32.9714
134.0198 24.9749
135.4956 24.0356
138.6597 28.3724
131.8199 31.4750
132.6429 29.9526
130.6088 27.0982
134.9647 22.8689
133.8240 23.9693
126.0375 28.1114
133.6363 31.2948
130.4002 26.1170
130.5253 27.0179
129.9925 29.4454
132.3461 19.1694
131.5429 29.2883
137.1105 34.2898
136.8610 30.9264
133.6263 23.5626
136.2253 31.2163
126.3463 25.3303
136.3593 32.1254
131.1108 25.9884
133.4463 24.1431
132.4898 22.0914
134.5654 23.4460
125.9274 22.3408
133.8340 28.0807
126.5235 25.7112
135.9745 28.6747
133.5202 24.2557
131.6464 27.8537
126.9006 24.3133
132.3816 25.0331
132.2407 28.3436
125.4371 24.3071
133.5970 29.0914
134.4501 25.1540
126.8154 24.7934
133.7486 23.9229
138.2592 28.7549
137.0134 31.5715
131.5591 28.9380
134.7977 28.1337
137.0914 29.9766
129.4031 25.8393
133.8687 31.8952
131.8650 26.2640
132.7717 29.1468
126.3441 28.4438
133.9107 27.5188
132.2255 25.6018
128.5602 25.6919
124.7189 24.5065
124.4392 20.3855
137.4495 29.8766
144.6982 38.9214
136.9627 30.1501
137.7722 29.8248
135.6376 28.0358
136.8757 28.4775
141.1062 35.6617
138.7694 28.5097
137.5034 32.7535
136.6325 28.8626
139.8037 29.1879
139.9442 29.0634
137.3541 33.4142
137.1934 30.5676
137.8110 33.3125
137.6081 32.4421
138.0381 33.3953
140.0344 28.5444
137.9485 33.5715
138.4578 28.1890
138.7903 28.4403
135.8606 29.9583
137.7933 33.3050
138.1193 31.3589
137.8579 32.7510
141.1360 35.1044
137.7284 33.3228
137.3476 32.3395
136.3086 30.3327
137.7831 29.2679
136.8498 30.1410
138.5671 27.9474
144.3328 38.0233
137.7353 32.5847
136.1893 29.5006
144.5977 35.2327
137.7184 32.5581
138.1166 33.3048
136.2556 29.2905
139.5540 34.7828
135.6518 31.0343
137.2238 28.7536
137.5364 33.7775
144.1911 38.0020
136.7061 30.0080
138.4704 31.1042
138.9629 33.2632
138.4948 27.6262
137.8127 32.6669
141.0076 35.8115
137.5370 33.7670
137.6589 33.4095
144.3520 38.6157
136.8689 29.0998
137.7745 32.6269
135.9753 28.0631
139.4128 34.8221
139.7880 28.3581
139.3972 28.2774
138.4776 28.3332
137.1975 30.5842
136.1094 29.7173
137.9932 32.9316
136.8580 28.7167
145.6364 37.2517
136.9289 30.3092
142.0347 34.9832
137.5747 30.1212
137.2416 28.8074
137.4051 32.3503
135.8866 31.1027
145.6770 37.5431
145.9323 35.4595
139.0265 34.5426
142.1991 36.0752
137.9044 33.6095
139.2364 27.5525
137.2245 29.0414
140.0786 29.0189
136.6602 30.8975
140.7942 34.5857
145.9910 37.4867
137.9363 33.5955
137.0977 30.4211
137.7091 30.8215
137.6125 30.0776
136.5465 30.5773
137.4093 29.3511
145.4410 37.1757
132.4911 27.2628
139.4238 27.8863
145.4160 35.9480
136.7868 29.4010
145.4756 37.3709
137.8092 31.7106
137.3777 33.3578
141.4059 36.1552
137.8475 33.1211
137.9636 32.8869
140.4717 34.5350
141.8496 35.2835
137.4676 29.6064
136.6769 29.2833
136.3097 29.4149
136.6461 29.2980
135.9347 28.6542
139.3168 28.0728
140.3620 34.5109
145.4072 37.1743
137.5465 32.4849
139.4340 27.8705
137.4402 32.3657
137.8245 32.7396
137.3052 30.2036
137.4887 32.4472
141.0636 33.7245
139.9751 28.9475
138.1617 30.2984
136.5896 28.9414
137.6392 33.7528
139.1043 33.6680
137.4410 31.2938
137.5692 34.6106
136.6234 28.8457
137.7760 32.9869
137.4774 28.8072
144.1000 36.7847
138.0620 33.4642
144.3308 38.0664
138.7124 27.6714
136.1158 28.7694
138.6450 32.9610
139.2053 27.9924
136.7084 28.7543
139.0735 33.6090
136.9338 29.5343
136.9959 29.6807
141.7984 34.7442
136.1796 28.4899
137.0835 29.7857
139.3623 28.1962
140.5961 33.9527
137.6667 29.8550
137.4967 32.6308
136.9351 28.7036
136.4616 31.4023
136.3971 30.1341
136.3017 28.9735
139.9799 28.9229
135.5118 31.3727
136.7637 28.7538
136.3356 30.8117
144.6248 34.5025
137.4658 33.5914
136.8414 30.1074
137.3727 33.4572
138.1230 31.0987
137.6475 32.4920
140.6768 33.7463
137.0875 30.6486
137.7688 33.3021
140.7938 33.4605
144.6223 39.0397
137.3069 30.4888
136.6256 28.8068
138.0001 33.5492
139.1385 28.1889
137.0380 28.5080
145.0178 39.3565
137.5905 33.3909
137.7928 29.7731
137.7410 30.9654
137.4251 32.3645
137.5724 29.4718
137.4895 30.4090
135.7242 30.6540
136.7467 31.5993
139.5240 28.4776
137.9831 33.2208
137.4192 33.3260
135.9596 28.8963
136.8904 29.3039
137.7561 33.7056
136.8407 29.8229
137.5134 28.9297
137.7790 31.0768
138.6868 28.0560
137.7702 33.0076
140.9454 34.6525
139.8255 29.1850
135.9309 30.9089
137.0939 29.7720
136.4861 28.4053
144.3551 38.0315
136.9195 30.9135
136.6543 28.4306
138.8316 28.0051
141.3646 34.0695
140.0937 28.8142
140.4734 34.5383
139.8195 28.4280
137.5511 33.7573
137.7566 32.6007
140.9048 34.6088
135.7311 31.1976
139.1284 34.7249
137.7958 33.6768
136.1419 28.9775
137.0013 28.2944
143.8797 37.0968
136.9868 30.0769
137.2864 29.6539
135.5388 28.0381
137.0137 28.5253
136.7148 29.6258
136.5734 30.8966
140.8472 33.5182
142.4577 37.0207
136.4443 29.1546
139.3476 27.6445
138.6552 28.7760
137.8566 33.1612
138.0331 33.0087
137.7440 33.3268
136.9394 30.2427
137.5678 29.4462
139.8955 34.6100
140.6293 34.5710
137.4711 30.2844
136.0986 31.4159
137.5676 30.9726
136.9012 30.2792
139.3766 28.2394
145.6101 36.1817
143.5385 38.4409
136.9282 30.2200
139.2766 27.7748
137.7610 33.2902
139.0639 32.6300
137.9421 31.1123
136.8848 30.0875
137.4684 28.7472
138.6376 28.9320
137.7154 31.3502
137.8452 31.1311
136.2643 29.4218
135.8458 31.1230
138.0618 33.2195
140.7611 34.6032
154.4179 34.5143
149.6922 36.2971
137.3737 32.3454
137.8506 33.6575
137.7005 31.7585
141.0412 33.8849
135.9978 28.2270
136.7726 30.2311
137.9111 33.2642
137.7280 33.2976
144.6293 34.5673
140.6195 34.6069
137.2919 28.4961
138.5733 27.8504
137.9151 31.0189
136.7612 28.7295
139.3093 27.7511
140.0019 28.7248
138.4696 27.9850
137.9002 32.8182
141.2214 36.0414
143.2753 36.5333
138.0165 33.0288
137.8216 30.5692
137.7071 33.6407
135.6735 29.8298
138.8645 33.2614
139.2878 27.7560
136.2061 29.4149
136.9212 29.1062
137.8861 33.3133
139.2522 28.0095
141.2484 34.2545
138.5770 29.1606
136.4671 28.1339
136.9843 29.6347
138.6440 27.7303
137.4851 33.2659
139.4858 27.8936
136.2924 28.9594
137.7730 33.2698
144.4047 37.8078
136.9267 30.5152
137.8084 32.9765
138.5492 27.6781
138.1162 33.2131
136.3502 30.2268
138.0993 33.2702
138.6290 28.7797
137.5823 32.4491
137.6209 33.7638
137.8109 31.7245
140.4243 34.6597
138.2036 31.0780
137.9400 32.8203
139.2297 28.2131
137.9663 32.8763
139.4092 28.3750
