131.8198 27.2571
132.7527 28.2965
132.9757 24.6859
139.1251 33.2429
132.1872 29.3456
135.2609 29.2468
133.1431 27.7107
138.3192 30.7706
138.8141 29.3138
138.9845 29.5236
131.6085 25.9246
137.5042 29.9583
131.3436 27.6127
136.4393 29.3349
132.9101 31.9997
133.0835 32.3066
138.9281 29.2041
133.3005 29.1490
134.7148 32.5586
138.6110 28.3179
136.6417 29.5979
139.2162 28.7585
134.0673 26.4967
132.9972 31.3366
137.5889 34.2556
137.2824 32.3734
133.2452 27.2947
139.1591 28.7710
137.6254 29.9618
138.4752 29.2402
139.6652 28.8345
137.2514 31.0287
131.4911 25.9956
137.5206 30.3372
138.8439 28.6851
131.0801 26.8221
136.5988 28.7974
137.7565 29.3250
134.0413 27.9109
136.3026 27.9185
131.9017 26.6463
139.0226 28.5397
132.6795 28.1105
136.5472 33.2601
137.3175 30.4957
136.0510 29.2426
134.4790 24.8824
137.3625 34.2640
132.5948 29.6114
133.7000 32.3297
135.6886 30.0005
127.5647 24.3458
135.9980 30.4971
133.1991 25.9669
136.4265 33.5662
135.7428 30.1600
132.5238 24.7916
138.9321 34.4225
133.7997 28.5652
134.7935 29.5940
133.5261 28.0155
130.2134 25.3008
135.6523 29.9055
139.0014 27.2929
136.7343 29.9992
132.6094 31.3678
137.6102 34.3326
138.6703 27.8351
131.3761 30.5366
133.6898 24.6487
138.2467 28.0094
132.0582 27.1056
134.8022 24.5563
139.9735 28.3204
133.6161 28.2791
132.4254 28.6693
137.1139 30.7164
130.7123 30.0253
128.6518 25.7343
136.0332 24.9861
134.3419 32.7239
133.7724 25.2332
138.1282 31.1069
134.5213 25.2565
133.2581 26.9146
133.4522 29.0693
137.6651 31.1528
132.1666 29.5077
126.8821 26.7033
134.1006 26.0004
138.4667 30.4726
127.9962 28.0742
138.5340 30.6086
133.9258 25.9596
138.8371 29.9330
133.7795 27.8973
137.0473 28.0609
135.4684 22.9819
133.1467 27.7751
139.0159 29.4492
133.8784 32.6796
137.3447 28.8426
134.2288 25.2819
134.8299 31.2172
132.3662 26.1118
135.1672 24.0335
138.4126 30.1167
133.7825 31.8612
133.9753 32.2961
133.5391 26.7246
136.7063 30.7019
141.2714 34.6211
134.2617 28.3641
140.1833 34.9636
136.9404 33.2898
133.5553 27.2140
133.9785 25.8366
130.5151 29.4735
130.4656 30.0960
138.1526 30.8916
136.9189 33.9373
138.6307 30.3491
134.1504 25.5945
132.7668 26.7144
139.0541 28.9988
134.6348 32.5186
133.1552 31.9884
130.5677 29.4553
136.3601 30.0533
138.6892 33.8644
133.3570 27.4489
133.5779 26.8521
134.2988 32.6783
137.4394 29.8091
133.7764 28.2466
137.5445 30.7637
133.3052 28.1616
134.3687 24.9275
133.1424 28.0695
132.4541 32.1471
134.2504 27.7481
138.1970 28.6652
134.1875 27.9807
132.5382 31.3587
140.2356 28.3130
139.4493 27.0339
135.3788 23.9395
133.9735 25.0314
137.4723 34.2132
138.8416 29.0524
135.0556 29.9743
134.6067 32.5900
131.5224 30.5556
137.5262 29.3765
130.5267 29.6564
136.9500 29.1795
130.6318 29.4658
132.7195 31.2797
134.5212 32.5783
128.7509 25.5347
132.6794 30.8342
136.4766 29.7945
133.0223 25.1510
131.6344 30.6637
137.0506 30.6945
137.1623 30.2992
142.9149 36.7709
133.2839 28.3718
132.6721 31.6907
130.3982 29.5481
138.9689 29.4961
137.4630 30.5669
130.1546 26.0325
137.7360 34.3070
133.0669 31.3517
136.8075 30.6579
134.2375 31.0710
130.6444 29.3550
130.6685 28.3710
139.2824 34.1560
133.7014 28.1090
133.8208 28.2142
133.7063 28.1262
134.0565 26.7948
140.1486 27.6073
135.3822 29.3109
132.7788 31.4865
132.6473 29.0083
136.5031 30.4669
131.0564 30.2354
130.9418 26.2395
137.6663 30.5736
133.2664 27.0303
139.9143 28.4556
138.1554 34.0890
139.5054 27.0540
139.4622 28.3384
134.4816 28.2551
136.5778 32.7297
134.0176 29.4291
134.7525 32.6345
137.6560 30.4996
137.6965 30.9586
133.9413 28.4240
139.6601 28.2837
139.4380 28.5362
133.0344 28.5373
132.5427 28.9595
137.8052 29.4853
137.4912 28.8175
133.9820 25.8483
126.6267 23.4319
138.5300 29.3702
137.1606 30.4251
132.5043 31.5205
138.5630 34.1059
138.9180 29.4534
138.7312 29.5958
135.3596 29.0260
136.8849 33.7053
139.0013 29.2017
132.6704 27.9226
134.3400 25.7625
125.7024 22.5039
137.2676 30.6047
134.2691 28.2197
140.1628 27.9668
132.9932 28.9266
137.9489 34.1703
132.5929 28.0190
125.6796 23.9219
137.0927 29.0808
136.4928 29.9711
133.7686 26.3687
131.0981 26.8279
139.3093 28.1750
137.7693 30.1452
133.5119 30.0099
133.2072 29.1623
136.6195 30.6943
127.0258 27.8085
140.6541 33.5128
139.2243 28.5391
136.9666 33.3129
133.5216 24.4132
134.0174 32.6560
126.6281 24.5623
133.5846 31.0706
133.8778 28.7595
133.3495 27.1377
133.2130 27.6882
132.9880 30.6280
132.9105 27.3417
133.4533 25.3417
138.5553 30.3511
137.4044 29.3668
134.0566 29.0252
134.9898 29.4203
133.4824 28.1597
137.5101 30.9837
137.6364 30.8082
138.2528 30.5496
135.3558 31.3252
137.4162 33.0670
137.4035 30.5847
133.9274 28.2728
133.2453 26.9299
138.9498 27.3177
133.1346 31.5253
132.8951 27.4471
132.7569 31.7683
131.4807 27.1256
137.9473 30.3294
139.8028 27.2980
137.0457 28.1537
134.5598 24.5869
133.5617 29.0853
139.9137 28.4628
132.6588 27.1744
138.7050 29.3594
135.6370 23.7701
133.0614 27.6102
133.2515 24.9732
127.1977 24.2114
134.4853 28.7321
138.5497 29.9430
140.2036 28.0117
135.8747 31.3355
139.7714 28.4922
140.0787 27.4990
134.1439 25.5646
135.6589 30.2976
133.3076 25.9513
136.4706 28.8971
127.4237 23.9778
133.5291 28.6135
134.6655 28.3972
130.8827 30.1149
138.9170 29.7077
132.3707 31.4653
139.3506 34.4121
137.2425 29.2699
133.1397 29.3958
134.1485 27.0350
132.7428 26.9488
139.3632 28.2792
135.8335 29.6303
127.0185 24.3287
137.6593 29.7528
137.0130 31.9437
134.5518 28.8955
138.4093 30.4069
135.3689 24.0080
126.6232 23.5900
134.2173 28.6657
132.5273 28.7253
127.8687 25.8441
138.3032 30.5408
132.6946 31.8536
134.9523 30.5272
139.3483 28.4460
137.0350 28.5421
138.5906 30.6412
135.2205 32.7967
136.9381 30.7120
132.9132 27.6027
139.9687 28.3402
135.9684 29.3786
138.6728 30.2589
133.0496 27.3167
133.6606 32.7180
134.5541 30.4311
138.5381 29.5010
133.7229 28.2049
132.8680 27.8097
137.0459 31.9581
131.8622 27.2920
134.5181 32.3410
137.3689 30.1651
133.9009 27.6073
133.7722 24.4611
132.6154 25.5718
135.1230 30.8926
135.4463 23.9852
131.7201 27.1754
139.6761 32.8612
138.4461 30.0656
137.0612 30.5846
134.5258 25.3592
135.1021 31.4141
137.6896 30.9245
137.4228 29.1626
137.8569 30.6266
133.9154 28.6080
136.1471 29.9291
138.9473 29.3488
138.5632 29.4799
133.7526 30.9765
137.0977 33.7006
126.4269 27.2267
131.5692 28.1581
135.5421 32.8144
139.9101 28.1580
134.2447 33.0490
136.4113 28.9187
130.6246 29.6737
134.3611 32.9891
135.2444 30.1337
138.2496 30.4411
139.4817 28.3130
138.3025 30.0686
137.6063 29.3055
138.1749 28.2819
134.4760 31.2554
127.5360 25.4416
136.8711 33.0386
137.0306 34.0485
130.7648 29.5485
137.1483 28.9115
139.6364 28.8520
135.0461 30.8942
131.5764 26.7424
133.7228 26.9421
132.0355 27.1043
131.9274 27.6082
134.2041 26.9575
133.0842 25.2194
137.1341 30.2799
134.9470 29.7328
132.4984 26.8925
137.5416 30.3796
135.0624 22.5954
134.7657 24.4178
133.7222 30.9924
133.2574 26.4260
127.7850 24.7601
136.7192 30.4875
139.5043 28.5410
140.1464 28.0424
133.1307 27.8426
131.1863 27.5767
137.4792 31.1140
131.0702 28.0643
137.8643 34.2196
137.8384 30.7693
134.3754 31.6996
136.1979 29.1410
134.3111 25.0581
134.4548 32.5514
138.6324 34.3732
133.1124 29.1101
133.0333 28.6348
134.5746 28.7258
133.7711 26.3249
139.2613 28.3505
135.1594 29.3203
139.5876 28.2045
136.4932 28.8610
129.9686 26.5555
132.4235 29.4176
138.9562 34.4076
134.6110 28.4197
135.4230 31.4362
137.0258 28.4329
131.4185 27.7820
132.9790 29.5565
130.9467 26.0296
140.0886 28.3165
130.9033 27.5928
139.1119 28.2698
137.0672 31.0412
136.9404 31.0473
137.4904 30.7532
132.9804 31.3073
134.2544 29.7808
138.6620 29.2257
137.3200 30.4948
136.6962 28.9495
133.0641 25.6830
134.4430 28.5432
129.0685 26.8221
138.6266 30.3573
134.3980 32.3362
134.0155 25.0441
134.6910 28.8314
139.5121 28.4298
131.6142 26.9940
134.2901 24.9896
138.0164 30.7167
134.6200 25.7608
128.2827 25.7041
137.0655 33.0949
129.4144 29.1801
138.1178 28.2131
131.3047 27.3445
141.5164 35.4636
133.6071 24.1849
139.9200 28.4611
133.9912 26.4770
133.9979 24.6905
132.7752 26.7820
133.3191 25.2528
137.5710 33.8040
133.3457 29.6773
133.8386 26.2613
132.6993 25.3114
133.6962 30.7975
133.1956 27.3351
131.1377 25.8883
139.3245 28.3238
134.6055 32.0319
137.1987 33.6341
137.6310 33.2542
132.0607 28.0977
137.6053 30.6136
126.1813 26.0726
134.2632 29.2137
136.9498 30.2858
138.8129 30.5173
133.0354 27.5153
137.4363 29.2811
133.3216 27.3842
138.3422 30.6951
137.4340 29.3620
137.5607 30.4392
138.9044 29.5844
134.2373 24.4036
133.7910 30.8559
133.6445 28.2668
138.7442 30.5135
132.3232 28.6411
133.7445 26.1291
138.6592 27.5131
133.6163 26.6242
138.3537 30.6060
127.7248 23.2034
137.5042 30.8938
134.1359 26.1121
138.2320 30.9288
133.2947 29.1134
134.1495 32.7547
139.6694 28.1749
133.8078 27.6904
138.7830 30.2448
139.6183 28.8119
137.0139 30.3565
128.8123 28.9275
137.6861 29.7756
136.8441 30.2535
136.0244 30.2739
137.2808 30.8688
134.0570 27.9901
136.5514 28.9879
139.5259 28.3076
138.0358 30.9904
135.2100 29.3427
134.7885 24.6934
133.7637 32.4693
127.6825 24.6176
137.8510 30.0386
132.1407 29.5011
134.2735 25.3556
139.2949 28.6784
139.7724 27.2527
135.8655 30.4654
138.6816 33.6699
134.2483 25.5872
133.2705 27.3704
133.3883 26.8274
138.8900 28.5314
131.6519 26.6638
138.5095 30.6049
135.7886 30.1441
135.8977 30.4007
130.7412 29.5202
133.9306 30.7828
134.2662 25.5308
133.9837 26.0264
133.7990 27.4960
137.0904 28.5514
138.2592 28.9403
138.1907 30.6303
132.2038 30.8465
136.8830 30.6579
133.2583 31.0877
127.1733 24.7601
133.3899 24.5377
131.5403 30.6351
135.4637 32.8446
134.3460 28.1193
134.1874 27.9229
137.2198 30.5546
133.8611 32.6558
130.5169 26.9023
139.7618 28.7807
133.2923 31.1114
132.5849 31.6487
134.5982 32.6306
137.2590 29.3525
137.4615 30.2495
133.6677 27.5070
132.4597 29.6595
138.8974 30.5014
133.4208 29.1305
136.1560 25.3130
139.8700 28.6713
136.8712 30.5928
137.3732 30.6026
133.8662 30.8630
132.8454 25.8167
139.5840 28.7221
137.1008 30.5071
138.2549 30.2708
138.2944 30.9381
131.9772 27.3420
133.0523 31.1696
127.2597 24.0691
135.4799 28.0410
136.8890 30.1340
136.8554 29.0668
139.4043 29.4685
136.8047 34.0217
136.5750 30.2162
139.6438 28.6963
139.0649 27.5246
136.5204 33.0757
139.1711 29.0067
134.6989 32.8713
138.0448 34.3160
139.6231 27.1634
136.3476 33.1361
139.1040 33.5352
137.2882 30.1515
138.4981 30.9751
139.3717 30.0314
139.9603 28.2373
137.4738 29.5541
133.7755 28.2572
139.0606 30.1907
137.8476 34.2721
135.8417 32.7539
136.6530 33.9707
136.3264 33.4125
137.5546 34.3061
129.0484 29.1998
138.9578 30.2282
128.0814 27.2635
137.6597 31.1020
136.6242 33.6469
139.8047 28.2382
139.0534 27.3842
138.7581 30.7586
137.4254 30.5655
136.6605 32.9956
135.9812 29.4119
139.4376 28.6270
136.4357 29.7892
137.9766 30.4402
137.6236 34.2956
139.1942 28.9601
136.6648 29.5745
128.3377 28.1416
139.1100 29.2243
143.9257 36.0010
136.8611 30.7199
128.1084 28.3609
139.1194 28.7293
138.4977 28.5013
138.4668 29.6344
138.8535 30.3111
135.0171 29.0581
139.3890 28.1025
137.0383 31.1984
136.9463 31.0655
136.6133 33.3530
127.6992 28.1653
135.9321 30.1172
138.4629 29.1479
137.3046 29.7965
135.2781 24.8178
139.6430 33.4328
137.0143 34.0710
134.3784 29.2592
139.0143 27.8935
141.4971 33.8813
137.1502 30.9697
131.6658 30.6255
139.0397 27.5129
138.4339 34.3616
138.8743 28.5014
140.6765 35.3204
138.9869 29.3307
138.5246 31.7417
138.0202 30.8855
139.0636 28.5759
139.5982 28.2895
139.2310 28.7440
139.3714 29.9105
139.3821 28.2736
139.2928 27.8362
139.7204 29.0131
137.9241 29.5889
136.6558 33.7897
138.9252 28.5658
139.4992 27.1863
138.0532 30.2229
136.6347 32.8847
144.6023 38.4418
133.7841 26.9448
136.2019 29.2400
139.2932 28.8371
139.1982 33.8939
133.6578 28.0936
136.3361 31.2654
136.7634 30.9361
137.1553 30.0918
140.0562 27.5359
136.2810 33.7097
135.8559 30.3938
138.5740 28.4474
136.3717 33.8187
135.7527 30.0495
139.0620 27.9624
138.5357 28.6659
132.5296 31.4195
138.5437 34.2105
137.0832 34.1744
138.0045 30.2982
139.5984 33.3189
135.7217 30.2223
137.7966 29.7579
137.5540 34.2725
137.7985 34.3356
136.2120 30.0020
136.9599 34.2141
138.0998 30.0301
135.1811 32.5151
137.4433 34.2798
136.5276 29.9057
137.5543 34.2681
145.0354 38.0425
139.4456 28.5830
138.7970 28.2216
127.8698 27.7790
136.4165 33.8920
143.8813 37.9462
137.3400 30.4263
139.1637 27.6311
139.4511 28.7355
137.2372 33.4613
135.7455 29.9311
137.5262 34.3193
136.8404 34.0837
137.1657 30.3026
136.7289 29.9138
139.9301 33.9152
139.4754 29.1611
136.2381 33.4859
137.8060 29.2630
136.5145 30.9898
137.5455 29.1810
138.6389 30.2808
133.2497 29.6017
138.6067 34.2114
140.1725 33.6297
139.6046 28.8713
137.4475 34.2914
138.2728 34.2306
131.3665 27.5762
139.2536 28.5689
132.6764 31.3088
135.6197 27.9455
144.5961 35.2241
137.3939 30.0647
136.1756 29.9759
137.6682 29.6128
136.8718 33.4735
139.4616 28.5619
136.4129 28.5188
136.6510 33.3780
138.3375 34.2425
136.7486 33.9702
138.4446 29.5512
137.2716 34.3164
139.1252 28.1736
136.9401 34.1297
139.5725 28.3102
135.8604 29.6676
139.9966 32.8835
139.1124 29.8975
127.2063 26.8377
126.7590 26.1995
139.2769 28.9667
139.0483 29.5776
135.9733 30.6480
137.0659 34.0828
136.4356 28.6751
138.7927 33.1555
137.6973 30.6302
142.9918 37.3033
133.8367 32.1848
136.5787 30.9998
143.0760 37.1817
136.9875 29.6706
137.7525 34.4040
136.9502 30.0098
136.6804 33.2509
130.0719 28.5290
139.2908 28.8581
135.2716 29.1789
139.4164 28.1626
137.6119 34.3171
136.8592 29.5537
137.2296 34.2473
140.1807 33.8270
137.5496 34.3137
136.2871 30.8983
139.4122 28.5233
136.6409 28.2574
133.5269 28.1621
137.3772 33.3943
136.4433 33.1245
136.1494 33.3634
134.0747 31.8818
137.0803 32.4736
133.6855 27.0370
136.8216 29.8902
136.0544 25.5055
136.9671 33.3772
135.9597 23.9766
131.5032 28.8340
136.0427 29.1683
138.5479 29.9863
133.8417 26.5575
130.9489 28.8535
135.2170 27.4360
136.2635 30.5198
133.1479 28.1533
134.7672 32.5937
134.3521 28.3755
136.9623 31.6859
137.2310 31.0408
139.0201 28.4075
137.3861 33.5991
134.1899 31.9909
133.6614 27.8255
136.1109 29.5241
135.9861 28.7406
136.2237 33.3389
137.1590 30.6467
139.9498 28.4477
135.8367 30.0291
136.0109 31.8622
134.5075 25.2531
132.6654 31.0308
139.4770 28.7422
123.8588 30.3727
128.3180 25.8114
134.8504 24.5067
127.6545 26.8333
139.5275 28.4461
139.2030 28.9751
138.2379 33.5705
138.9178 30.1238
138.3989 28.0747
140.5427 27.9866
135.6967 24.5211
136.5062 33.7142
137.0623 28.5495
133.5344 27.7532
134.6422 28.2572
138.8805 28.4807
135.4075 29.4169
134.2990 31.3429
139.4501 28.9912
137.2774 33.5688
139.4500 28.2431
135.9500 30.7973
132.5739 28.1670
138.4239 34.2913
139.1305 27.4259
139.7549 34.2588
135.5540 28.7037
137.9678 33.2298
136.3801 27.9312
136.9119 28.4084
134.9488 25.0492
133.9691 25.7875
136.5700 30.2816
134.1092 26.3917
139.3901 28.8229
135.2150 24.7163
136.4357 28.9160
135.6222 28.1855
136.8966 31.0274
136.7650 29.6674
135.6926 28.7312
139.1898 27.4002
132.9761 27.9019
140.4852 27.8263
127.3304 28.2364
132.8757 27.8458
134.9275 24.7038
136.7635 34.0210
139.1605 29.0847
134.6039 32.3221
136.6665 28.3142
136.7270 28.8641
134.4524 24.5525
137.7024 29.7265
134.5445 28.3406
138.3157 30.4461
127.6327 26.9567
134.8972 28.7220
139.8550 33.2207
136.2572 28.0775
139.5620 28.4990
133.5699 28.6751
129.7838 25.3147
136.6282 30.8605
137.9492 34.1893
137.5825 30.7071
135.4422 23.4613
138.4170 27.2982
138.7377 28.0799
138.7572 33.2060
135.3805 29.0059
133.8713 26.1609
137.5893 30.5567
134.6768 28.2011
141.4102 33.7538
134.4954 32.3509
134.7093 28.8142
134.0080 25.6542
138.5520 34.2083
134.2613 28.4047
138.5395 30.6088
136.8120 30.9565
139.1252 28.5084
137.6832 30.2522
134.4722 25.2308
139.2291 28.8508
132.0241 25.6279
138.7795 30.4552
132.1700 25.8935
137.3316 29.2257
133.5331 28.3414
136.3891 33.1798
136.1594 29.7691
137.1411 30.8483
137.0922 29.1307
137.6711 30.6384
133.1427 29.6726
136.8250 33.1312
137.7969 31.0210
138.0977 33.9604
137.1441 33.5841
135.8302 24.0522
138.1220 29.0364
139.1256 28.8424
132.0362 27.7106
134.5105 25.5162
133.7916 27.5134
139.9435 28.2858
132.8214 32.0240
140.4468 27.9158
126.3689 26.4167
133.9783 31.5029
133.9431 24.5477
133.0364 27.9417
131.5741 30.7737
139.2808 28.6919
134.2541 25.8080
139.2680 34.1804
139.4621 28.9395
137.5934 31.0470
137.3423 33.7440
139.5659 28.2253
128.1602 28.3666
136.8979 33.3375
135.7914 30.0131
133.3838 27.8923
137.4590 29.6729
137.6388 31.0099
136.5746 30.5886
130.8154 25.8041
133.3722 26.5823
138.9045 29.5977
137.3256 30.2088
132.6066 31.3645
134.1274 30.6528
139.1080 29.1250
137.6553 30.4488
135.8445 29.5581
138.4821 33.0924
135.2854 30.4151
137.0714 30.8800
130.1334 25.2193
134.3098 28.5407
128.6221 28.2665
135.9820 29.7417
134.4109 28.8559
133.0619 32.0414
139.0776 29.7735
137.9467 29.6984
132.6272 25.8877
133.1770 24.9848
137.0028 33.8003
138.1172 29.4478
136.3176 30.6863
132.9642 26.6702
137.8805 29.8940
141.3523 34.6087
137.8351 34.4432
134.0359 32.7424
133.6964 26.4528
139.7361 28.3041
132.9577 27.9113
134.5666 32.1864
133.9117 24.6622
140.1774 28.1385
136.7743 31.0667
135.9485 29.5495
139.4284 28.6085
138.7060 28.2778
133.2478 28.2302
138.0458 33.8219
133.6414 29.1023
140.5658 34.9471
127.1962 25.4534
137.6927 30.9108
136.0934 29.1543
136.9064 32.8890
136.8515 32.6982
131.7862 27.6600
132.9152 28.3830
133.2368 24.9999
133.3324 26.2493
137.5994 30.6439
139.0371 29.4374
130.6008 29.4353
137.9954 30.8409
137.4923 29.6693
138.3545 29.5649
137.7272 30.4195
134.7744 31.3473
137.5463 29.7042
137.3956 29.2073
133.3958 26.6640
139.6320 28.7352
139.7892 28.6458
133.7932 24.7238
138.8382 29.9736
136.5771 28.9368
135.3562 32.3543
138.2102 30.3538
137.0423 31.6740
133.8099 24.5423
132.4431 31.5785
132.8348 31.2493
136.3592 29.5582
137.1758 31.0182
138.0031 30.9213
137.6609 30.7581
137.9805 30.5667
133.3147 24.6034
134.6074 28.7542
133.4365 24.5009
138.6648 30.2974
134.7612 32.5129
130.9872 27.9600
137.3351 30.7810
133.5440 24.7864
132.5790 29.4561
138.9870 32.9777
132.0390 27.5134
137.6392 30.4971
138.9051 29.4850
132.9841 28.5537
133.1252 27.2966
134.3836 31.3709
139.8130 27.3448
138.2461 30.4682
132.8138 26.7926
137.8897 29.6129
134.4485 28.5301
126.2763 25.7972
137.2184 30.2520
137.9338 30.6784
136.3178 28.9431
139.5313 29.4278
132.7027 26.7725
136.3020 29.6660
137.7998 28.8497
137.7613 31.0343
134.8194 26.3669
139.0570 28.9441
132.8717 26.0293
139.3793 28.2130
131.9092 30.7953
137.2633 32.4673
137.6234 30.8207
137.2890 30.2281
140.1551 27.9074
137.7232 30.4927
128.1252 25.6663
138.6288 30.6327
137.5563 29.3485
138.7005 34.1351
139.1655 28.7165
135.2789 24.4328
138.6537 30.4566
138.4054 28.7344
137.7144 30.8487
132.2468 27.0516
134.7005 32.5727
137.5730 31.0265
136.0388 29.6828
137.3068 30.6555
135.4797 27.8548
134.5862 32.3402
137.3283 29.1379
128.1381 27.8941
131.7068 26.6973
140.2984 27.9063
139.3468 34.3255
138.7035 27.5815
126.4721 23.9831
126.2609 23.8057
138.7593 27.3566
131.3111 30.3667
129.3105 29.0210
135.0395 24.2286
133.1108 27.2882
131.8454 25.8940
138.2405 30.6831
133.9494 31.0875
139.3537 28.5473
135.6146 32.4225
139.2203 28.5024
135.2141 24.4717
134.3430 32.3882
137.2751 33.8819
139.2479 28.7273
137.4357 29.4095
135.2381 24.4856
137.3542 29.1339
132.9076 31.3002
138.7403 33.1787
129.3127 28.6238
132.3154 27.0129
134.7235 25.3522
135.7546 31.9102
138.9111 30.5659
133.9627 27.6668
139.0362 28.4751
133.7076 27.4959
136.6207 33.2280
137.8675 34.3990
133.6108 27.7212
133.4561 26.9101
136.8416 33.2369
139.1350 28.4357
132.3406 28.2951
131.9321 27.2381
132.7475 27.8385
134.4379 28.1843
138.9954 33.0424
126.7803 26.8556
134.8859 27.9491
132.5500 31.4465
127.3231 26.4423
131.4020 28.0287
133.7617 27.7129
139.6616 28.9270
134.1077 25.8601
129.5572 25.4909
132.6631 31.4172
134.7196 24.6902
138.8717 28.4624
134.6611 32.6549
138.0315 29.9735
136.9899 33.9320
138.2137 32.9182
138.2451 31.0003
127.1124 26.7059
134.6862 32.2911
138.6960 34.2139
128.2779 28.3427
138.6498 33.1228
136.1028 29.0683
133.8124 28.0483
136.7316 33.2941
139.6530 28.4919
135.4409 28.8525
130.5262 29.5101
133.5992 27.6139
135.8537 30.3308
136.2178 30.6521
130.6828 29.5358
134.3610 31.1331
135.4633 29.1608
132.6683 32.0953
127.3579 27.6059
132.9753 31.0644
133.7161 27.3372
135.7478 29.6879
133.0297 27.3642
136.9066 33.2437
140.0152 28.3206
134.6570 27.8676
138.2952 29.6622
134.1470 31.7804
132.5013 31.8101
137.3039 30.6409
138.9854 28.0247
139.2382 27.4832
138.9822 28.2011
138.0715 33.8007
136.4526 28.9787
134.3438 27.7816
136.3418 27.9918
134.7521 32.3891
136.5237 29.8632
132.6695 27.1503
135.9581 32.2875
138.4095 30.4952
133.8025 26.4610
136.3977 30.5545
139.6086 28.5018
137.2100 33.5523
135.1018 30.0063
138.6764 27.3424
137.7376 29.1608
139.1735 33.7623
137.6898 29.9084
137.5652 30.6234
137.7973 29.8133
134.2331 31.8833
133.7775 27.2465
136.8055 30.5268
134.9842 27.9357
135.2142 28.8690
137.1154 33.7958
138.0437 29.7093
133.0843 31.2033
134.9475 32.5825
131.4932 27.1532
128.4849 25.4988
139.1880 27.6235
131.6616 31.0311
138.9749 34.3011
136.6581 33.3305
135.4281 29.1265
139.2028 28.7234
136.8622 32.9406
139.0704 28.8570
138.6649 31.2217
135.8604 30.2653
141.2277 35.3735
137.1531 29.8829
136.2543 28.9928
136.4529 30.1148
139.1790 28.7248
137.6592 30.3352
136.1192 30.4002
137.1995 34.3530
136.6100 29.3390
136.2116 33.5745
137.7798 32.2355
136.8191 30.7831
136.8335 29.3159
138.9477 30.8084
139.4191 34.9235
135.9277 30.9913
139.8966 34.3580
137.0125 29.6228
136.1889 33.6706
136.5434 30.2421
137.3731 29.1496
138.5228 30.3240
137.6783 29.8790
139.5671 32.9749
136.5296 29.4048
138.9367 30.2854
136.3663 33.7980
136.0684 30.2776
138.1256 34.2766
136.6513 30.1033
139.1476 29.0614
141.2983 35.0993
136.8592 33.1255
138.9709 28.8628
136.0502 30.4694
136.6044 30.1863
135.9579 30.1438
136.3165 33.1627
139.3311 28.3945
137.5426 30.5775
139.1959 29.1656
136.4214 29.4292
137.6830 30.0030
136.4286 33.2807
135.7966 29.6353
136.7367 30.4716
138.3642 30.2854
137.0210 33.5082
136.8626 29.5248
139.4221 28.9401
136.7737 29.8260
145.1475 34.4330
139.6839 28.5985
136.3902 29.6009
142.4234 35.5732
139.1004 28.7337
136.8432 33.0367
136.6098 29.6318
136.0464 30.5449
137.2553 30.9564
137.8034 30.1961
139.1359 29.9170
139.2646 28.9970
136.2699 29.3648
139.1303 29.9888
136.6756 33.7105
137.4020 30.3138
137.4461 30.9592
136.6271 30.7327
136.9638 33.1345
139.4939 28.9834
136.5245 33.0358
139.4966 34.2613
136.6339 29.9663
137.7156 31.1008
138.9063 30.5707
136.7119 32.9668
145.4014 37.8333
137.0101 30.6626
138.5625 29.1837
137.9408 31.4244
143.1684 37.5616
137.1227 33.2532
136.5486 30.2591
136.5139 29.7415
137.1292 34.3057
136.9128 33.0118
136.8217 28.7481
136.5643 30.7255
136.0422 29.8218
139.4311 28.4537
137.0768 33.3586
150.1040 36.1272
136.0871 29.6324
137.1944 31.1661
137.4192 30.8033
139.2551 28.3766
136.1794 29.3498
140.9336 34.3556
136.7100 33.1125
137.0272 29.6953
144.0975 35.9028
136.5671 29.2055
138.8026 30.9834
136.6852 30.6955
137.1115 30.5009
139.0889 28.9158
137.0249 29.3036
136.5402 29.9686
137.5609 30.6015
138.8852 28.8660
136.6770 33.9648
137.1631 29.4496
139.1395 28.1385
136.0571 29.1051
136.6873 33.2159
137.1684 28.9628
142.6490 35.3919
139.3807 28.8291
136.2568 30.5492
136.8564 30.3112
138.8585 29.6649
142.4213 35.5287
138.9574 29.0360
137.4083 31.0098
145.5855 38.3033
139.0381 29.5254
136.5124 29.0424
136.4914 29.9722
139.0605 30.3374
137.2703 32.6615
136.5575 30.7097
136.9684 33.2609
137.1619 33.2323
136.7589 33.6123
139.1987 29.0886
139.4358 28.7365
138.5514 31.1861
136.7535 33.4372
136.2388 33.5543
136.4213 29.2229
137.4069 29.6156
139.2002 28.5239
136.0958 30.4175
138.1248 31.2666
137.7230 30.3403
139.1580 28.7937
137.1844 29.8231
136.0162 29.8227
136.2471 33.2494
136.7048 29.8764
136.5069 28.6602
137.7413 29.7757
139.2620 28.7582
137.1826 30.4513
145.3780 37.8955
137.4380 34.3610
139.4567 28.7891
136.9243 33.0387
137.0647 33.2557
136.6253 33.2029
142.6267 35.2934
136.3181 29.3220
139.0336 30.6819
139.0758 28.6301
139.1910 34.7392
143.2502 36.9657
137.0103 31.1523
139.2853 28.6878
136.7108 28.8259
136.0580 29.9297
140.5263 34.1480
139.0929 32.4593
137.7195 30.0019
139.3838 34.9576
137.7557 30.4604
136.4250 30.6433
136.4669 33.6588
136.9309 30.1326
140.6490 33.7249
136.6703 29.0460
136.4794 29.5991
136.7010 33.7648
136.0817 29.9373
137.0604 30.3360
140.5373 34.2718
138.6629 31.1256
137.1115 30.5353
137.1195 29.1921
137.5968 31.1976
136.8172 33.0271
137.0132 29.3690
138.4491 30.1164
136.5813 30.0485
140.7301 34.5158
136.9676 33.6193
136.9861 34.2185
136.3985 33.3393
137.4034 30.8291
137.4980 31.1508
139.3080 28.9509
136.7458 31.2315
139.4765 28.8982
137.4434 29.6358
137.0588 29.8916
136.0914 29.6803
136.5447 32.9613
137.2116 29.5634
136.5752 29.5981
137.5643 29.4377
137.1329 34.2508
136.1113 30.3156
137.0545 28.8344
136.6927 33.7580
138.1732 31.1986
137.4699 29.6751
136.8348 29.7817
136.8691 29.6959
139.5239 28.8999
136.9132 30.8890
136.0749 30.5705
136.3312 29.5722
136.5163 33.9085
136.1500 29.6938
136.7365 28.8083
135.8552 29.8543
136.6194 33.9584
137.5439 30.5282
139.0502 28.3009
136.3310 29.2670
136.9893 29.2545
137.3590 29.4765
136.0023 30.5018
138.5315 31.1206
136.1695 30.4688
137.3930 29.9059
137.1510 34.2562
139.1005 28.9610
137.4096 30.7077
142.8288 37.2461
136.0409 30.0999
138.9669 29.4351
136.8534 32.9713
136.2367 33.5982
136.0110 29.5616
146.5289 37.7560
136.9865 30.1997
136.0952 29.8379
137.4323 30.5223
139.0258 30.2927
139.2009 28.5633
136.2001 29.5419
143.3395 35.8345
137.7114 29.9646
137.5781 29.4729
138.9590 29.0721
136.0246 30.4705
136.1568 31.0524
136.4207 29.0326
138.6142 28.5404
136.2544 33.6635
136.9741 33.2146
136.5740 31.0319
136.2651 29.4153
137.2703 30.2912
135.7330 30.5830
136.8046 30.5266
137.2411 29.0520
137.2993 29.4471
136.6911 29.2079
139.1244 28.9096
137.0554 33.1853
138.9217 29.0549
137.0118 29.8333
136.1032 30.4140
136.9151 33.0628
138.9445 30.8190
137.3208 29.7918
139.4434 29.3990
136.4094 29.2873
138.9029 30.6061
135.9399 30.0654
137.1615 29.3467
137.4590 30.5061
137.5422 30.4124
136.5864 28.7504
137.6711 30.3127
137.0285 30.0383
138.9530 28.2462
136.4604 29.8594
136.8347 29.1879
136.9239 28.8227
137.1891 29.2428
139.0356 28.8361
136.6950 29.4581
135.8118 30.1956
138.6364 28.5986
135.6445 29.6351
139.2137 28.6942
130.2187 28.5470
133.1016 27.2060
139.5971 34.8259
138.1920 30.0260
132.8021 25.2408
140.4772 34.5061
133.0306 30.2791
139.4320 29.5307
148.5417 35.1843
135.5329 28.7531
133.6561 30.6073
138.8422 28.0066
128.1169 28.9699
139.1099 32.9536
133.7057 31.8311
132.1509 28.4072
137.0010 30.0709
144.3699 37.6898
138.5667 29.9715
132.7989 32.2499
132.9519 30.2281
134.5598 28.9174
133.5863 27.6325
127.2817 22.9594
132.1272 28.5986
131.6917 28.7100
134.9446 32.5926
144.6374 36.2617
134.3543 25.5193
135.2592 24.8662
135.7693 25.8637
136.2691 33.5180
138.3640 30.8965
132.3758 29.0080
137.4631 30.9036
138.5694 30.6529
137.6942 30.7362
138.4000 28.1985
141.5532 35.2413
135.9929 30.4829
134.5729 26.8354
138.6838 33.6381
134.2828 25.1899
138.9177 29.3511
134.1435 31.0835
136.6888 28.5779
139.5531 29.6325
121.7500 27.3070
136.7300 28.8454
135.1696 24.4699
135.8508 23.5911
127.2998 27.8311
135.8105 23.7923
139.7658 28.4589
138.8376 27.8708
139.5908 30.0990
136.9748 32.2637
136.9763 30.8245
136.2176 30.1263
136.4864 33.0223
131.7601 28.7703
138.9313 30.4869
138.5163 28.2427
126.1884 25.0607
138.4935 30.7675
132.0504 29.3106
134.2796 25.6748
142.7516 35.5092
136.1372 33.3444
134.2480 32.9330
137.9488 32.2673
138.7660 27.1820
133.0046 28.4509
139.0407 31.9424
135.0110 23.9808
136.8273 31.0388
138.6984 30.3698
132.7302 26.0961
141.3271 34.0289
128.8274 28.0351
137.6457 31.0382
134.2389 25.0549
137.3330 29.6264
136.9926 30.7069
134.5968 31.0895
128.1252 27.1297
134.0735 24.4316
133.9871 31.7441
136.6926 33.6547
143.5682 36.9912
133.1578 31.0438
126.7555 29.7036
132.6446 32.2529
133.0029 31.8126
137.1769 30.6889
137.7343 29.4902
139.8956 28.5455
139.2447 27.6948
135.6257 32.3250
131.8207 26.8770
134.6312 24.7595
134.8626 29.8508
139.0081 29.0652
132.9951 31.2834
137.0464 33.9662
139.3128 34.5875
134.2909 28.0592
135.8601 29.7748
133.2279 27.0846
132.5546 32.1532
137.3963 32.2930
137.4154 29.6623
137.7567 30.1136
137.4030 30.9767
132.7242 31.4476
131.5939 27.5114
138.0980 34.2225
133.8374 28.0912
133.4823 27.2115
137.2080 30.3448
140.3237 28.1795
134.1906 30.9722
137.4888 32.5341
133.7903 28.1686
131.9766 27.0705
138.1463 30.8714
133.8406 27.3605
132.6882 27.6864
132.8285 31.1243
139.2609 28.0931
139.3844 28.2758
134.4958 32.6584
139.5862 28.6193
137.8191 30.7614
135.5923 32.7588
133.8386 28.5692
132.6748 27.9444
136.5208 30.6804
133.2293 31.8080
131.4937 30.3645
133.1658 27.3404
139.2830 28.2915
139.7844 28.4364
134.6705 24.8071
132.7518 31.9861
137.4669 30.7463
137.9342 30.8691
136.4102 29.5080
138.8838 27.2819
134.4014 25.0392
139.8228 28.6868
134.4404 25.1810
134.7544 24.5157
137.2405 31.1509
133.6295 28.2429
135.0708 32.4877
132.9530 27.5047
134.3474 25.4428
132.8102 27.6427
133.3024 27.5892
136.9064 28.9094
137.1355 31.0068
137.0088 28.8403
137.6614 30.8109
134.2848 24.9455
133.1999 26.6407
135.5614 30.1922
139.0572 34.4417
132.5874 31.4622
136.6881 30.2874
129.1832 29.1541
134.1298 28.1435
134.8333 24.4988
142.2704 35.4105
134.1641 25.9958
133.8044 26.1884
133.3549 28.1168
133.7743 27.7409
133.6588 26.3965
138.8322 30.3206
140.3817 27.9380
132.6786 25.4163
138.4382 28.7921
133.8647 30.9272
133.6147 27.5054
130.6436 30.2601
136.8514 33.0808
137.1725 28.9430
136.7816 33.7751
135.7791 24.7727
133.5103 29.4102
139.0970 29.1293
139.0327 28.9882
139.1214 27.9390
137.0663 31.1046
132.5326 31.4193
139.5408 28.3971
137.6114 31.0999
135.9666 30.0604
137.3465 30.0311
135.3037 24.6077
131.5988 29.0732
127.2026 26.9138
134.2250 28.7868
139.6324 28.7689
142.3076 35.1850
138.3906 29.0120
133.9724 25.8849
139.0922 27.2989
133.5161 24.3934
138.9059 28.8343
139.6504 28.7270
134.1889 25.3827
139.4238 29.5837
139.5128 29.3141
133.5877 28.8294
140.3678 34.2809
134.2613 28.3994
133.8318 26.0601
132.9274 28.7916
139.1530 34.5503
139.5708 29.2224
135.4359 24.6574
136.4577 30.9426
133.6114 29.0128
135.2461 27.9903
133.2337 31.1059
133.9731 28.1786
138.7158 33.9356
135.9229 30.3915
138.5588 34.1561
136.7653 33.8851
136.7866 28.2098
138.1767 29.4807
139.8334 27.3867
133.5502 28.5479
134.3331 32.7708
139.2282 28.9093
138.5440 30.9374
136.0228 30.5483
136.8668 30.4243
132.8246 32.0711
139.4784 28.1962
133.2162 27.2985
136.8543 30.8293
130.6974 29.5720
139.0108 29.6558
136.9092 29.7858
128.2822 25.6734
137.3245 28.9153
134.5698 25.6659
138.2562 34.1536
140.1875 27.6514
139.5531 29.6401
138.2915 32.6369
128.1271 26.2973
139.3956 26.7370
134.0734 24.7465
138.2452 30.8931
135.9071 29.4546
134.2756 28.4868
133.5591 30.3079
133.6504 25.3971
134.7993 28.1728
139.4948 30.1984
137.9731 32.0452
138.5107 28.1418
138.3303 29.9639
140.2195 28.1761
138.4586 31.1217
135.3782 24.8427
134.2502 25.5058
136.8822 28.8192
128.5632 28.2825
133.6561 30.1327
138.5120 28.5488
128.1441 25.4828
132.7258 29.5164
126.9062 24.6012
138.1019 31.0887
137.2693 28.9899
128.1216 28.5270
137.2952 34.2949
133.8394 26.2857
137.9518 34.3127
137.6960 30.5152
138.5493 28.1992
135.7698 29.8028
139.6065 28.7969
137.3857 29.8044
137.1605 30.3187
139.3637 28.9412
139.5241 28.8683
139.0670 30.1546
138.1351 33.0121
142.7721 35.6932
139.3269 28.3615
136.2834 33.5812
136.8507 29.8547
142.2374 35.5873
139.8884 33.7861
139.1372 30.2145
139.0173 28.1970
136.9398 29.9318
136.6283 33.8741
145.0087 38.7130
139.0000 28.1996
137.1775 33.5094
139.0502 30.3967
138.1356 34.2261
140.2608 33.8082
137.5324 30.9547
138.0508 32.0127
136.7780 33.3736
138.9127 29.2260
138.8397 34.3812
137.3035 34.3008
141.5303 35.6739
136.6332 33.5695
126.9357 27.2063
137.7631 34.3585
136.4036 33.5764
136.9143 28.8743
136.6359 33.2548
136.5709 30.8956
137.5755 34.2729
137.6469 30.1711
140.1927 33.7759
139.5513 28.7786
136.3448 33.2000
137.1469 34.1687
137.5135 34.3452
139.4321 34.4088
137.8685 29.9644
136.4203 33.1908
136.7952 33.4068
137.2218 34.2863
137.5009 34.3248
135.5972 30.5934
136.3430 33.2204
137.7871 34.2704
135.8711 30.5707
136.2602 30.2761
136.9742 31.1264
136.4007 33.8136
139.0045 29.9183
136.2790 33.3291
136.2740 33.6676
140.9691 34.1760
138.8318 30.9287
136.9462 33.0261
137.5981 29.6347
138.8170 30.6382
137.6225 30.9459
136.3521 33.6586
139.2899 27.7762
140.3220 33.8010
137.4608 30.6420
136.5194 33.8518
133.7681 28.6235
136.9686 33.0015
136.8934 33.2867
136.3824 28.0678
136.2197 33.3097
142.2229 35.7408
140.1577 33.8779
137.3638 30.0547
138.9019 30.6604
136.7917 33.9497
139.9474 33.8069
139.1234 28.9146
138.5192 28.9823
140.2254 33.7382
137.4075 30.3536
136.5295 33.7235
136.5967 28.1307
137.3525 30.2732
136.7984 30.6559
136.5630 30.6924
138.6508 29.1785
139.3667 29.0460
137.4421 29.2932
136.3230 30.6212
133.8849 28.1707
137.0758 29.8465
139.2446 28.7302
137.2282 34.2624
139.0297 30.4081
141.2962 34.0066
139.6159 28.3358
125.6509 22.6979
128.8937 25.6431
136.9060 32.9759
129.3662 25.9281
132.3987 27.1299
130.7194 29.0861
126.6264 24.9673
134.2245 29.5605
138.7617 34.4054
139.2283 28.4057
136.2386 30.3614
130.2104 26.1343
136.7190 30.5904
139.2825 29.0521
136.4151 30.8351
132.2646 27.5218
144.2854 36.4419
133.1314 26.6857
133.7999 27.2167
137.9385 34.0375
128.3658 25.5026
138.5041 30.7742
132.4875 31.5187
137.3900 29.3717
132.6310 31.4464
138.9132 29.7726
137.4662 33.6648
137.4532 30.8725
136.4761 30.9760
134.5155 24.8082
132.8390 31.2848
139.7567 28.3800
133.0720 31.9087
134.8493 26.4761
137.8340 30.1335
136.5278 23.0780
133.9290 31.9501
126.2552 26.7090
135.0440 32.7582
139.1717 33.2498
133.0415 31.5170
140.9213 34.6159
138.5655 30.3290
130.0688 26.1633
138.6884 33.7306
139.5678 28.3294
137.1696 30.6592
131.4806 27.0403
133.9354 26.2265
137.2873 33.7759
139.0975 28.5305
134.5602 25.2056
136.8306 28.9526
136.8752 30.6383
141.6973 35.7293
134.6994 25.4347
133.9329 27.7633
129.0739 25.5013
136.1284 29.1468
131.4093 26.5563
136.7209 28.9323
139.2883 28.5676
133.0148 28.8417
137.7045 29.5421
138.1637 33.5953
136.5431 29.8881
132.5380 31.4066
135.9589 29.4179
133.7582 26.0238
130.7737 29.4684
135.9267 30.5090
135.8253 29.7103
139.1006 34.7431
136.1021 30.7073
139.4729 29.9383
137.0509 29.0391
137.1360 28.5302
138.6105 30.6415
133.3819 27.1286
136.4987 29.7660
139.3718 33.3759
137.3737 34.3460
144.1420 35.8266
136.9425 28.9837
136.9014 28.9688
131.7648 28.2857
135.6996 24.9160
134.3026 29.8728
136.7978 30.9624
133.5824 24.9598
130.0389 25.9483
138.3446 33.8869
136.0037 30.1888
137.2730 29.2507
133.4204 26.3098
136.5447 30.0775
127.0735 24.9664
132.7721 26.6553
132.5199 31.8485
133.5561 29.7653
127.7599 25.5910
137.2170 31.0396
136.6690 29.9418
136.8403 29.6016
137.6973 30.3153
139.0610 29.9276
137.1912 29.2051
135.6991 30.7990
135.7591 29.5496
139.2970 28.1752
136.5179 29.7769
135.6797 30.5338
135.8664 30.0664
136.7272 29.8203
137.1912 30.3748
139.0448 28.6466
137.6745 29.9318
137.1750 31.1618
138.7183 30.9021
136.8355 29.5263
137.0316 28.7536
139.3524 28.4556
138.0339 34.3262
138.1640 34.2554
139.5619 28.6613
139.3397 29.0181
136.8293 30.5734
137.6914 29.5452
136.6892 30.4919
138.5058 31.1624
140.7113 32.9261
136.8411 29.7645
136.7603 33.2886
139.0966 28.7521
136.7153 29.5128
138.6852 34.2815
139.0574 29.7958
136.1520 29.6535
136.4676 30.8315
136.9621 30.3330
136.8175 33.5719
137.1942 33.5291
135.8694 30.0938
136.5791 30.1611
137.5150 29.2664
138.0450 30.5700
137.2301 29.3241
135.9333 29.6772
136.7103 29.8127
137.2564 30.8342
136.8704 29.7945
136.4781 33.8763
137.3506 30.8013
136.6798 30.4808
136.8295 33.2823
136.6513 29.0022
135.8835 30.3449
139.1395 29.1232
136.3990 33.2519
136.2047 30.7479
136.7164 30.9230
136.7653 33.4323
135.8842 30.3955
137.3857 30.0294
135.8759 30.0425
138.8176 30.8298
139.0712 29.9201
136.4749 30.8154
136.8560 29.6294
139.0870 28.8480
135.5818 30.6136
136.9748 34.1110
137.0402 29.6775
136.6318 30.8077
137.5838 30.5535
136.4353 30.1883
136.9078 29.9133
136.9856 32.8742
136.0614 29.0070
139.1374 29.1681
139.2853 28.4643
136.6487 31.0910
137.4955 30.1062
136.5775 29.7120
137.8295 34.2615
136.4502 29.9613
136.1664 29.6170
135.8819 29.9925
136.2833 33.6018
138.8935 30.6039
136.8514 33.3355
136.1859 30.6535
136.4489 30.1704
136.2884 29.2768
136.9911 28.5904
137.9326 30.3221
135.5948 30.2063
137.6546 29.4364
138.6083 31.1897
135.7655 29.5415
136.6612 33.3762
137.0036 29.0442
144.1605 38.0789
137.4486 29.2426
136.6307 28.5152
136.8939 29.5438
138.8550 28.5006
139.0937 28.7600
145.3228 38.0996
137.6363 30.4552
136.2676 33.5449
137.8620 34.3248
137.5110 30.1553
140.7306 33.6435
136.5601 30.3987
136.5642 30.0502
136.2032 28.8694
139.1271 31.9499
136.3366 30.7107
137.2351 30.4094
142.4639 35.2636
136.1057 30.6441
135.8770 29.8880
137.7437 30.0263
136.2346 30.7165
137.1288 33.5988
138.8243 28.7893
128.6521 28.8342
136.3800 29.6866
136.1098 30.0144
137.9388 30.5733
138.1389 31.0743
133.9117 26.0240
134.8842 32.5238
140.0069 30.5801
135.0996 26.1203
131.8185 28.8375
134.4024 29.0498
138.4238 30.4702
136.7959 29.3154
139.2460 34.1502
134.7923 26.4895
130.6146 26.4257
136.1790 30.1924
137.5656 31.2088
134.3149 32.4166
141.3160 34.3505
134.1438 27.0834
130.2193 25.6479
134.6945 25.3559
133.4023 26.5107
133.0476 24.6454
138.3693 33.2194
136.1151 26.5597
133.8915 26.8416
128.6665 28.9201
136.7639 32.7877
124.3327 27.6997
131.9744 26.8526
125.0797 28.3197
131.4772 23.6006
138.0144 29.8819
130.5147 25.7339
138.6042 29.3833
134.3327 31.9355
134.7943 27.0392
132.1108 31.8700
136.6168 28.8713
134.2111 27.4474
135.3040 26.0708
137.9808 30.0425
139.0008 28.7986
132.3074 29.5306
136.7789 30.1270
135.0350 29.7370
138.5065 32.8490
134.5113 29.1995
134.0759 28.2254
139.7526 28.2018
134.0840 24.0010
132.4563 26.5810
134.1139 29.2090
135.3825 30.1856
126.7862 24.1559
127.4576 28.6264
134.2658 28.1363
133.8501 32.5769
139.6280 29.6860
126.1641 21.6189
128.8086 30.1235
134.9270 28.1737
134.3495 31.6188
134.2021 31.4730
137.8251 31.1007
136.6593 32.8883
135.5602 28.0363
134.4958 32.5175
139.5914 34.4019
137.2471 29.0904
132.5617 27.8166
133.2307 27.4873
133.4542 28.1424
133.9335 27.3999
137.9005 30.3274
134.3284 31.6896
133.8335 28.3178
133.2511 22.1307
124.0358 20.0916
125.8979 23.5055
133.6806 22.0945
128.1208 26.1771
133.2882 26.8928
132.7340 27.8351
135.9676 28.1246
136.9100 28.0893
133.4651 26.0081
133.2545 22.2706
133.1737 26.2867
126.4936 25.0208
135.1225 27.6790
130.8749 24.1084
133.2038 25.2777
125.4980 24.2415
135.7539 25.7568
132.3264 24.6926
130.7756 23.1150
133.5465 27.6533
131.6192 26.3761
136.9658 30.5581
129.9009 23.8106
135.6717 23.9824
135.4679 23.3198
127.1007 20.6827
131.0678 25.4720
134.4753 22.4546
123.1723 21.0324
136.0281 25.7925
134.0178 25.3885
133.0599 21.9654
133.4932 24.4412
136.1348 23.8996
130.8005 24.3323
138.1184 28.7530
136.5762 29.3727
136.2676 29.8216
133.8185 32.2449
126.2737 22.9862
123.9087 21.3408
132.5774 29.0641
134.4585 25.6385
132.6671 25.0718
133.8433 22.3999
132.9174 21.8545
128.4008 23.8077
127.2555 23.9362
133.4577 20.9020
132.9935 21.3576
135.2157 27.6839
134.1857 21.7054
135.1222 26.2850
134.3504 23.3860
130.9986 23.4276
134.3950 24.9471
132.5925 31.8046
136.6152 28.4840
134.8639 25.9958
134.7887 32.9424
134.4993 28.1761
137.0632 28.6646
132.1596 27.0903
132.9832 31.0477
133.8787 28.3118
137.5169 32.2631
138.1185 34.2283
137.5333 29.9938
139.2456 33.6213
135.4754 30.2720
134.5539 25.4715
137.6680 34.4125
127.1951 24.0756
133.1579 26.8009
134.5227 28.2846
138.9411 29.8935
134.0948 26.5224
140.2280 28.0172
136.0474 24.8484
138.3860 29.6959
135.1042 24.8400
138.0455 34.2835
129.1652 28.4969
132.2342 32.1474
136.3463 29.1576
137.6247 31.0289
127.3915 26.9018
134.1116 32.3564
139.2500 28.5631
131.0831 30.3841
137.8163 34.1682
134.0236 31.5215
140.4150 28.2510
136.8124 29.5715
132.1465 29.6298
139.3188 34.1479
135.1653 24.8824
133.5766 31.4897
137.7433 30.4628
136.6389 30.1862
134.5123 27.8562
138.7993 29.9308
137.4572 30.5013
134.9106 25.0215
136.0164 27.9877
133.5187 31.3126
132.2954 28.8552
139.3303 26.8014
139.2012 28.4724
138.6857 33.5272
134.9653 26.4017
130.5088 30.0357
133.2570 31.8727
139.6230 29.0808
138.8501 28.5295
135.4123 32.6976
137.3741 31.0975
139.3178 29.4521
137.3376 32.9033
139.4632 28.7390
134.8817 28.0491
136.6397 30.4994
137.3496 30.2382
139.3081 28.9401
136.9556 30.0841
138.6940 33.2093
132.6435 31.5917
136.0811 30.5204
133.9156 26.2375
135.7390 24.1343
133.6116 24.9290
137.4715 29.3358
135.2420 28.7809
139.6866 28.7350
123.7094 29.9823
133.5427 28.5373
141.4592 35.6270
138.0763 34.3026
136.5483 33.6116
132.2721 27.2311
137.3577 31.2236
134.3497 27.9007
133.4249 26.9450
137.2622 33.4643
134.4613 32.5196
137.8633 29.3826
132.6221 28.9430
134.4033 30.6632
133.2996 28.2354
135.3225 26.1078
128.1201 27.3635
140.4375 27.5913
132.6224 29.1841
139.2081 34.6440
139.8400 27.2426
138.9397 27.7481
134.0100 27.6361
131.2372 27.0176
133.5545 30.8641
134.6028 29.0754
140.2153 28.0849
139.0868 28.3671
134.1071 28.8299
134.3852 32.4495
136.3428 29.0747
135.5089 32.6934
126.9470 27.4557
133.5136 30.8863
136.8185 30.3778
139.0457 29.9695
134.8560 31.5398
137.9455 30.7104
132.3290 28.8280
133.0527 28.0421
138.1698 28.1638
137.5971 29.7957
135.4068 27.1984
128.2441 26.5464
139.8200 28.2034
137.0665 30.3293
127.2841 24.1427
130.9354 27.7543
133.7101 24.3780
132.3021 28.3227
129.7695 28.4963
134.5292 29.8274
130.6380 27.0821
137.7253 34.2746
134.6594 32.3666
137.3138 30.6255
136.0371 30.6961
136.2611 28.9919
135.5377 23.7837
138.2832 30.8972
133.5398 32.5543
136.2346 30.5071
139.9550 28.2603
135.9402 31.3000
131.5154 26.8109
137.6637 30.6712
136.6974 30.0945
139.4171 28.0957
133.8251 32.2840
133.7871 24.4199
135.1230 25.8375
133.1489 24.9942
127.8914 25.2005
130.5106 29.5278
137.5417 30.5582
132.4298 27.1693
139.6438 28.1881
131.2391 27.0238
138.2503 30.6580
133.5664 24.8207
134.7538 29.1227
134.7639 24.3128
133.7730 28.0103
137.7920 30.3703
136.9260 30.7085
138.8129 33.4569
143.7633 37.8316
134.1892 32.7863
137.2579 34.3623
143.6817 36.7568
136.6913 32.9510
139.1588 28.9988
135.2099 30.1474
149.3000 35.5236
137.1143 30.4359
138.8635 30.8375
138.0689 32.0919
136.8657 33.4382
139.8109 28.2207
140.1414 32.2746
139.0046 30.6791
136.7176 30.2162
135.8324 29.9300
134.2216 25.8343
137.1409 29.8844
135.1533 24.6752
144.9113 38.9691
137.3296 30.0690
139.5357 28.0583
136.3791 29.1862
135.6651 31.3835
139.3986 31.0213
142.9021 37.1368
141.7636 34.2615
139.2621 28.8519
136.1779 31.2899
139.5486 29.9149
137.8876 30.3548
134.0611 31.8091
137.0442 33.7622
137.5244 34.0963
140.6873 33.6838
137.2900 29.9995
139.2067 27.6388
125.8129 24.4721
144.8861 36.6919
132.0344 31.3329
136.8593 33.0823
139.1835 29.2292
145.4333 33.9588
145.9714 34.7472
122.0720 32.6939
145.9180 35.2374
139.4757 28.4467
136.8138 30.7509
139.1640 28.9807
136.5081 28.9595
136.7991 33.0176
144.1006 39.0480
138.9500 30.5005
137.9447 34.1880
134.1619 32.0360
135.7205 31.1033
138.9605 30.2876
145.4079 35.0421
131.4452 30.9701
139.0538 29.2706
136.6452 33.8154
139.9684 28.2938
139.3495 29.7792
136.0988 29.6146
139.3232 28.4384
136.0631 30.2617
135.2016 33.4359
135.7787 30.6171
136.9798 33.1459
143.8607 36.5861
138.9071 28.8905
134.8902 32.3645
143.3902 36.2978
136.9292 34.1162
146.3596 34.9895
136.1534 30.5581
139.0290 28.4109
134.6777 32.6014
152.5077 35.1891
139.1360 28.4135
136.7531 33.2234
136.7122 31.2194
137.1057 29.9143
137.0175 30.5982
131.7801 31.0615
138.8575 29.7500
138.9908 28.8857
145.0752 34.9170
128.4001 28.3751
138.8497 33.0072
133.3620 31.1616
131.2409 26.7438
132.4486 29.7338
132.6996 31.3201
133.5448 31.0697
132.8894 27.8414
133.0240 31.2411
133.7365 30.4150
133.2584 32.2854
132.9097 31.3092
137.3534 29.4801
132.7530 31.4980
137.6174 29.7952
133.9644 27.7298
137.9815 33.7293
134.1779 31.5949
131.4627 30.5821
134.8643 31.3832
131.1788 30.3093
139.0467 34.3169
132.7427 31.3787
132.6654 31.3449
134.5375 31.9898
142.4961 35.6959
134.6497 28.0869
136.4435 29.9822
133.0181 31.2692
132.9253 27.2923
136.3103 33.5246
139.2000 29.2463
134.4055 25.1686
136.9781 28.2198
140.7355 33.3849
134.0582 31.8276
127.2279 24.7711
133.4487 26.9925
134.4925 32.5628
133.4107 29.4903
138.2241 30.1645
134.3954 25.0183
136.0093 32.6439
128.2890 25.5658
133.1077 27.6070
136.4926 30.6727
132.6513 31.8297
134.0119 30.9537
138.8485 30.2947
138.5365 33.1669
138.2102 32.6696
132.8787 31.2457
135.8294 30.0801
128.1307 27.2739
133.5005 31.0534
134.3423 24.7589
133.2266 27.2585
138.9693 30.1026
133.8859 30.9646
133.0100 31.5853
132.8706 27.5684
137.3396 34.2525
138.3331 32.7038
136.6398 33.2284
132.7735 31.3690
134.3840 24.6218
139.0655 33.0927
132.4349 31.5903
136.4808 30.7027
136.7444 31.0022
130.5495 29.5905
136.6914 33.1476
137.0502 34.2210
134.5820 28.6007
134.9424 32.5360
133.7758 27.1446
133.1685 27.4600
137.9188 32.5614
139.1461 30.0261
137.2474 30.7409
133.7751 26.3331
132.8620 31.3405
134.3675 31.1449
133.3425 26.1157
131.5793 26.9118
133.6620 27.6608
139.9300 33.8829
136.7351 28.1863
133.4783 28.1261
134.3584 25.1043
133.5228 28.1918
134.0122 26.1667
134.3290 25.6788
138.2387 30.7758
132.5446 31.5542
139.6417 28.2863
134.4763 31.5552
134.4502 24.4855
138.2836 29.5124
134.2935 24.8271
132.0701 28.6604
143.5974 37.7823
134.2403 31.4255
132.5778 31.4875
133.3594 31.0831
130.4804 29.6134
133.4858 24.9089
132.6282 27.5616
133.2676 27.0678
137.2370 30.8662
139.8224 28.5296
138.4012 30.3982
138.9254 29.6455
134.2822 24.9311
133.9796 28.2065
134.5535 32.0092
127.3702 28.0622
138.2999 30.9300
133.9595 28.3536
133.9611 31.9492
133.7421 25.8880
135.0700 29.6642
134.6455 28.1583
138.5291 27.7862
131.3629 27.0842
133.6953 28.0731
130.5996 29.9348
133.5677 28.5073
133.0234 27.3367
136.7843 31.3272
138.5957 30.4347
139.1428 28.9517
133.9753 27.5493
135.7518 29.1090
133.4070 27.0287
133.0800 28.2035
139.9546 28.4673
128.3351 28.2342
134.6172 32.0928
131.5461 27.4504
138.6507 29.3357
128.3685 25.7070
137.4023 30.0432
135.4985 25.9926
127.4745 28.0749
130.1129 25.5311
138.2795 30.4617
133.9932 25.0513
131.8276 27.6451
134.1841 25.4465
132.4117 28.4699
139.5542 28.9202
131.7454 27.5775
132.0363 27.3246
132.0408 28.7847
133.5076 31.2801
133.0233 25.9228
134.8493 32.6094
136.5864 28.6811
135.1909 27.1022
131.6877 26.1258
130.5382 28.3681
125.7282 24.6407
139.0303 28.8223
135.5360 23.0107
128.8474 26.0436
130.5129 26.0200
134.8983 32.5538
132.9394 28.9848
137.7314 30.7571
131.5428 26.8831
133.7041 27.0402
137.2567 30.3057
140.0324 27.5438
133.9549 31.7136
133.7522 28.5180
138.7391 30.5448
136.7031 29.2336
139.9386 27.9287
133.1671 24.9837
138.4465 34.3112
138.8520 29.7689
137.0192 33.9788
138.6079 34.1929
137.1038 34.0642
136.2273 30.7980
137.1001 30.1946
133.9140 27.6478
132.6248 31.8410
133.3385 31.0782
138.5259 28.0539
140.0068 27.9929
136.9450 30.6230
138.4592 34.2313
131.8084 28.9635
132.1865 28.3680
136.5590 28.0085
134.7224 25.5712
134.4234 25.1530
136.7744 33.0905
138.6768 28.4251
127.6506 27.0985
140.1373 27.4820
136.2075 32.2955
130.6863 25.7397
134.9463 27.9220
133.6762 24.7492
135.7722 31.1664
133.5614 28.2673
139.6152 28.4658
134.1712 30.2156
135.4273 31.3409
134.2028 28.3151
133.3707 24.7268
138.2280 30.5229
140.2184 33.3920
141.7615 35.6196
132.8486 27.5494
132.4320 29.7744
132.6695 31.3474
131.2096 28.0612
132.6981 26.6880
136.8797 33.2362
132.5083 32.1164
130.6184 29.3982
134.7840 32.3843
137.3194 32.3631
136.9577 33.8618
134.4871 32.4308
133.2970 28.5031
132.7365 29.8690
136.7727 28.9961
133.6923 27.4140
131.7406 26.7056
137.0092 28.8392
144.1105 35.9852
136.5730 28.1234
134.9488 28.8490
136.9358 30.7947
134.3006 32.6244
133.6121 30.8851
132.1416 28.0298
140.3114 28.1208
135.3278 28.8786
136.4074 30.9551
137.7305 34.2810
133.1082 27.7554
139.1900 29.8648
137.5550 30.8734
134.4605 31.5596
138.0898 29.8048
133.6945 24.7174
140.1932 28.3293
130.6495 30.1104
135.8009 30.5654
133.2974 31.1608
134.7856 28.9235
134.3571 24.6385
132.5741 32.1239
128.7507 25.4910
137.9262 30.8238
133.9402 25.5430
134.2368 27.7322
139.6821 28.7519
134.5759 32.4389
132.7957 31.1603
137.3929 30.1174
137.3693 29.5261
133.3318 27.0790
136.7704 30.7902
138.9200 28.1165
133.8135 27.2942
139.5033 28.2599
134.3024 24.3906
132.0452 30.7899
136.3556 33.7644
133.1854 28.2226
134.0656 27.8757
136.7963 31.7738
139.5728 28.3479
135.7092 32.5549
133.4937 30.5322
128.1706 25.3398
134.0084 30.9466
134.2380 29.2477
133.3125 27.1448
134.4740 24.3284
135.1995 32.7487
136.7886 29.8645
130.5220 29.5699
134.0221 30.8723
134.5937 30.3406
134.0639 26.9045
133.7200 27.1896
135.2202 22.9115
135.6966 32.4420
139.5089 28.5642
134.2922 24.5573
136.5964 28.8364
138.9144 28.7126
139.6615 30.2155
134.7848 27.9960
127.2950 25.7963
134.9117 32.4766
137.8447 29.7961
125.2847 28.4302
127.3320 27.3468
126.2715 24.0785
137.7183 29.3161
127.1039 25.7262
132.0842 27.4728
139.7360 28.6981
128.9620 28.3650
138.8830 29.8565
134.0072 25.0172
137.4943 28.5715
133.1430 27.7241
137.7017 30.8828
133.7169 28.4696
127.3368 28.0031
127.7045 27.8980
133.0947 27.1000
136.3284 30.8032
133.7520 30.8412
135.3770 29.1366
134.6038 30.4683
139.6417 28.8834
132.5343 31.3326
139.2878 28.7250
133.9442 28.3688
133.1133 26.0730
139.8477 28.3431
139.4238 28.3911
139.4110 28.7671
133.9305 28.1290
138.4523 30.4607
133.2294 30.9503
134.7437 28.8567
132.4737 31.9226
139.9228 28.6606
133.8864 24.6846
130.9703 27.5087
136.9214 32.1366
127.1761 27.7459
134.3781 25.0013
135.4519 27.0483
135.2919 29.1463
137.7731 29.9548
138.5531 33.9059
132.1434 26.0351
138.4003 34.2026
135.5120 31.2498
127.0447 25.1049
134.0198 25.3128
135.8381 30.1981
137.9972 31.0002
131.7707 29.0200
133.3044 26.0470
137.7876 29.8704
132.3382 26.8981
130.5688 28.6994
138.5827 29.8968
128.2400 25.8092
134.8696 24.6309
129.6766 25.2872
138.0290 30.2604
140.1886 28.0210
132.6385 27.6620
134.2279 32.7563
133.0926 27.8586
133.9749 26.0496
135.1930 29.3314
131.0147 30.0702
136.3327 30.0669
139.6532 28.6264
133.0686 27.4236
138.0521 30.8208
134.9826 24.5776
133.7717 30.7595
129.1698 26.3757
137.6945 30.6764
134.1754 32.3170
136.8394 30.3839
134.8296 24.6130
139.3205 29.2792
136.8939 33.7235
132.9325 25.3785
139.9642 28.0257
130.9308 28.2983
135.0593 29.4906
126.9218 27.7868
134.5256 28.7929
134.3343 31.1934
135.0102 32.4579
139.1060 29.2750
139.0195 27.7430
134.8314 31.3663
135.3907 24.3104
133.6601 24.2168
128.7124 25.2066
133.0338 27.2338
136.7749 29.6308
135.8723 28.7893
133.2699 29.1767
126.7548 24.6723
134.5528 24.8298
133.4198 27.8345
137.8101 31.0701
133.6729 23.6792
129.4253 24.7113
137.1861 28.9226
133.1879 29.0160
139.0011 28.3835
137.6349 30.7794
138.1887 34.1879
133.0310 25.0302
137.6756 29.5425
132.6476 27.6825
137.6096 33.9156
139.5622 28.3787
132.7515 28.2399
128.9544 25.4164
134.0942 25.1480
133.6731 28.2719
137.2780 33.6684
127.6845 26.5492
132.5525 32.3643
134.4503 25.6339
135.8465 27.9113
137.0775 30.3296
134.7357 31.4396
134.9729 26.1077
135.1841 28.4842
133.1650 29.4110
129.0616 24.5901
134.8358 28.1625
139.4198 29.3329
133.6212 27.7259
130.9892 28.2232
136.5469 28.5240
139.5581 28.9930
133.5843 27.5738
139.2101 28.9022
140.0625 28.0629
134.6348 32.6285
138.9691 29.6758
133.9932 31.6147
132.8536 29.2949
134.5683 31.2784
138.2328 28.3765
139.1635 29.0704
136.4595 31.4004
135.9609 30.7256
134.8185 28.4247
134.6723 27.3818
132.9056 24.9939
135.1169 24.4309
134.4057 28.0676
137.6136 33.3103
138.1904 30.9410
134.9027 24.0464
132.8756 26.6845
133.8636 31.5052
132.3081 31.2207
136.0121 30.3227
136.9677 29.0472
131.6826 28.6339
134.4531 24.5765
135.0926 29.4123
135.7098 31.3787
138.2094 30.7030
138.5862 29.7929
134.5609 31.9326
138.5068 27.1498
133.8531 32.5355
133.8463 25.0676
136.6548 33.8518
131.4765 28.2499
134.4034 28.5011
138.5573 29.1054
134.3301 32.4914
137.5582 31.8621
140.1403 28.0865
140.1721 28.3472
130.5719 29.9865
134.2157 24.4462
132.6876 31.7858
136.0618 29.2410
134.0412 26.0822
137.7463 30.5541
133.5099 29.3221
137.5648 30.5505
137.9037 29.9148
135.0786 29.1500
139.1481 28.2777
137.5679 29.7013
138.7867 30.0285
139.1790 28.0607
133.6481 32.9135
136.4482 30.8521
135.6772 28.9129
134.3657 28.8686
134.2056 28.9067
135.5537 29.2903
137.9056 29.8993
134.5335 27.5407
139.1293 28.2462
133.5378 28.9831
133.9619 26.0050
137.5440 29.5605
126.2629 23.9720
138.7850 30.2667
139.5573 28.5597
136.1007 27.8648
134.6005 28.1875
138.6941 30.4479
133.6389 29.0673
138.7252 30.5947
138.8213 29.7627
132.3932 27.1923
139.6061 28.3040
126.2866 23.6836
140.3717 28.0801
134.2892 25.6501
138.0312 34.1475
136.6630 29.8408
138.1891 33.9357
140.3048 27.8589
135.9525 30.4791
133.8930 26.2960
137.5784 30.6939
137.3687 32.5033
138.6785 27.2211
140.3939 28.0612
133.9570 31.6976
134.2674 31.3545
138.6845 30.1247
135.2781 29.6506
132.5327 31.4979
133.4064 26.4207
139.8234 28.5346
140.3736 27.8602
134.5632 25.5273
138.0534 30.4488
137.5808 30.6670
132.8734 27.3400
131.1094 27.9238
134.8723 29.8758
132.8370 32.0118
131.8868 30.8526
137.0036 33.8818
137.8797 30.1181
139.6373 28.2539
132.9008 31.2427
134.3860 28.7674
134.2346 25.6097
138.5479 30.7010
132.9777 31.0296
138.2728 30.6254
138.8460 29.9445
136.9968 30.4374
132.7554 31.8435
137.3566 29.3837
133.9036 25.9049
137.6622 28.6598
138.8184 29.7154
137.6503 30.6267
138.7657 29.3810
135.9009 30.4263
138.3793 34.2052
136.9424 30.5249
136.3654 31.5386
138.1653 30.7500
133.2514 27.1004
134.6501 30.0807
130.7781 30.0756
137.6705 31.0250
130.5509 29.5549
134.2312 28.6012
134.2397 30.9608
126.5397 24.8575
134.4962 29.9006
136.6816 30.6283
137.9301 30.8656
137.2168 30.5361
134.2194 26.0643
140.2157 28.0516
132.8340 28.0030
137.5596 30.4385
133.9638 31.8228
138.2356 30.6162
123.5434 28.2410
134.9268 22.4705
134.6686 24.8074
134.3179 26.5768
133.0429 30.9876
133.2440 27.7472
139.5403 28.4020
130.1584 26.8227
134.1118 25.7691
141.0808 35.3238
136.9950 33.3137
134.0164 25.7632
135.8781 25.5051
139.5950 28.2190
134.2231 32.4701
133.0407 28.7454
132.7471 27.7591
134.9503 23.9982
134.7833 32.5994
134.1315 24.4577
126.6996 28.3160
135.0125 31.2195
131.5163 27.0027
131.9866 27.3790
128.4447 29.7351
133.8469 20.1739
133.5433 28.6134
137.5887 34.1579
138.1019 28.6917
133.6100 24.3328
138.3853 30.6334
128.0468 25.4849
137.0378 33.5424
131.2845 26.4492
133.7387 24.7613
135.0377 22.7769
135.4921 31.7393
134.4212 24.9511
126.9637 23.4017
135.5624 28.3124
128.4141 25.6579
136.4633 31.0639
133.9421 24.2827
134.8411 27.9910
130.4144 25.0698
132.9773 25.0146
134.7757 28.7783
127.0056 24.8736
134.4775 29.9329
134.5353 26.7098
128.3478 25.3044
134.0334 24.4408
138.9510 29.3624
138.5643 30.7575
132.5922 28.4707
136.2892 30.7819
136.5278 30.3355
130.1523 26.2494
134.4878 31.3028
131.8795 27.3825
130.3836 29.4383
134.5599 28.9096
131.1854 28.1678
126.7809 27.3529
136.8591 27.1653
133.0421 26.0099
129.7159 26.2396
126.4290 25.8127
126.1216 20.6539
136.9173 29.5748
145.3311 37.9282
136.9805 30.0831
136.1042 29.4313
135.8861 29.5309
136.9713 30.8426
140.3282 34.4579
137.2914 34.2962
138.9446 29.6997
136.5537 33.9719
137.4090 31.0258
139.6227 28.8780
139.5476 28.8696
136.5933 33.2766
136.6441 30.5751
136.9234 33.1795
136.4141 33.8385
136.5703 33.6610
139.7966 28.3983
136.2743 33.5759
138.5371 29.0383
138.9469 29.6373
137.8510 31.1978
136.9146 33.1537
138.5871 30.8231
136.6938 33.7494
140.7392 34.8313
136.8463 33.1763
136.5897 33.8911
136.3165 29.2091
136.6705 34.0420
137.0651 30.6692
136.9068 30.2020
138.7575 28.4679
144.9605 38.4783
136.6161 33.8068
137.6769 31.2284
141.9492 35.2115
136.4946 33.8244
136.3356 33.6688
137.5837 34.3513
137.2240 31.1655
137.1923 34.2503
138.1667 31.2279
137.5828 30.0589
136.2763 33.3371
145.1731 38.4239
136.4708 30.1364
138.6858 30.9389
139.4317 32.8589
138.5885 28.4210
136.4585 33.8001
140.8260 34.2945
136.2793 33.3305
136.8178 33.2894
145.4848 37.9073
137.5841 29.7155
136.5876 33.8017
135.8502 29.7276
137.2348 34.2389
139.5323 28.3741
139.0742 29.2167
137.4164 34.3209
138.4984 29.2141
136.4039 30.4279
137.7358 31.1671
136.3979 33.7577
137.4109 30.9249
144.6129 38.6444
137.0638 30.0645
141.4136 33.5306
136.6282 30.5896
137.6060 30.2236
136.5585 33.8775
138.0097 30.2256
144.2675 38.2634
139.3307 34.1791
142.8024 35.7022
138.9144 34.4283
137.1583 34.2329
139.9899 34.1641
136.2849 33.5659
139.3462 34.2374
139.1261 28.0145
137.1349 29.2621
139.8268 28.6008
136.0919 29.6629
137.4010 34.3234
144.4254 38.5167
136.2882 33.5532
137.2303 30.0278
138.5910 29.7853
136.5400 30.5721
136.5670 30.4026
136.7088 29.4267
144.6105 38.5744
133.8407 27.4502
139.4496 28.2170
141.2536 35.5494
136.7336 29.0554
144.3754 38.2765
138.5926 31.0310
136.5998 33.2485
139.8190 34.4626
137.0920 33.1398
136.5117 33.7654
137.3356 34.3113
138.3146 34.3205
136.7693 29.5465
137.6346 29.7709
137.6612 31.0674
137.7403 30.0471
135.8737 30.4904
139.0976 28.9243
137.3165 34.2871
144.6883 38.6751
137.0472 33.5910
139.4541 28.2035
136.6062 33.8649
136.9155 33.6366
137.1579 29.7151
136.9933 33.6472
139.6693 34.0674
137.3475 34.2961
139.5385 28.7837
138.9215 30.2665
137.4411 31.0830
136.2471 33.3951
138.9339 32.9982
138.4023 29.7944
137.0300 34.2361
137.4001 31.0397
137.1387 33.0635
137.6624 34.3358
137.4481 30.5224
143.2367 36.9689
136.2953 33.6141
144.8165 38.3239
138.8653 28.3144
136.0518 30.7475
139.0183 32.5457
139.0670 28.8785
137.4113 30.9711
138.9425 32.9112
136.3984 29.5339
136.4190 29.8657
140.5523 33.8412
136.3390 30.7975
136.6556 30.0905
139.0763 29.0728
138.1204 34.2556
137.2313 30.5239
136.6137 33.9191
137.4643 30.8150
137.8162 29.3368
136.3760 29.1425
136.7728 31.0999
139.4976 28.8283
137.8222 31.3694
137.4456 30.9846
136.6295 28.8665
144.5948 35.3293
136.5550 33.4537
136.8731 30.2562
136.6149 33.3628
138.6950 30.6321
136.5154 33.8451
138.6793 34.2903
136.4324 30.4372
136.8986 33.1811
140.2774 33.6576
145.4841 37.7879
136.3634 30.4384
137.3150 31.0524
136.2579 33.5552
138.9980 29.4858
137.0009 30.8422
145.2221 37.4843
136.7721 33.3020
136.1299 29.4146
138.8281 30.2093
136.5967 33.8542
136.9425 29.3939
136.5862 28.6945
137.9595 31.3222
138.4084 31.0071
139.1577 29.2565
136.9624 33.5264
136.6239 33.2146
135.8988 30.5794
136.7759 29.0882
136.2576 33.4884
136.3982 29.9561
137.5107 30.0165
138.8313 30.2728
138.6564 28.9036
137.1210 33.1185
137.4270 34.3005
139.6228 28.8539
137.6528 29.3467
136.6534 30.0847
136.5411 30.8449
144.9026 38.4144
136.3281 29.0597
136.4493 30.8177
138.8606 28.7965
140.3448 33.7634
139.8787 28.5268
137.3804 34.2923
139.6240 28.3658
136.2885 33.3341
136.4566 33.8296
137.4272 34.3006
138.1688 31.2905
137.3975 34.2684
137.1339 34.2561
136.2576 33.4904
136.0217 30.7609
136.3105 28.7733
142.7677 36.8065
136.9148 30.0979
136.6544 29.8726
135.8624 29.6076
137.2152 30.7647
136.5319 29.0895
136.0883 29.6472
140.2245 33.7346
144.1990 36.6988
137.2889 31.1608
139.1395 28.0023
138.5760 29.5011
137.0529 33.1390
136.3658 33.7411
136.8672 33.1521
137.0241 30.0786
136.9652 29.3849
137.2939 34.2491
137.3849 34.3229
138.9002 34.4252
136.5233 30.5456
138.1670 30.3880
138.3859 29.6804
137.0423 30.1051
139.0131 29.1178
141.3244 35.5793
144.3052 36.7208
137.0002 30.0819
139.3486 28.1429
136.8933 33.1340
140.5434 33.1226
138.7853 30.4009
136.8714 30.2077
137.2795 30.6540
138.9346 29.8693
138.6165 30.1469
138.8125 30.3206
137.5240 34.3233
137.6538 31.0212
138.0460 30.2538
136.6963 33.6615
137.4276 34.3077
151.2786 36.1300
145.9364 34.5531
136.5663 33.8890
136.2457 33.5103
138.4949 30.8913
139.6196 34.4037
135.8575 30.1744
136.9333 30.2720
137.0506 33.3165
136.8461 33.1251
144.6089 35.2723
137.3691 34.3267
135.9872 29.7369
138.7776 28.4096
138.8263 30.3255
137.3909 30.9848
139.3475 28.1467
139.6130 28.6082
138.6386 28.6185
136.7472 33.7119
139.9857 34.3366
143.9037 36.5361
136.7041 33.6941
138.5672 29.7049
136.4880 33.5093
136.0165 30.9760
139.3595 32.8601
139.3419 28.1716
137.4445 31.1431
137.4433 29.5130
137.0338 33.2867
139.0958 28.8893
139.6242 34.6467
138.9236 29.9160
136.1933 28.8250
136.3900 29.7844
138.8291 28.3249
136.6808 33.0825
139.4650 28.2329
136.6346 31.0582
136.8904 33.1243
137.2925 34.3986
144.9928 38.5322
137.1595 30.2807
137.1412 33.1983
138.6402 28.2882
136.4393 33.7150
136.3891 29.1051
136.4130 33.6760
138.5948 29.4796
136.5679 33.8444
136.2372 33.3936
138.5023 30.8767
137.3414 34.2745
138.6712 30.5894
136.2458 33.6199
139.0003 29.3256
136.3432 33.7666
139.0359 29.2960
