133.9309 31.6558
135.0767 31.1043
133.1243 32.5403
137.5937 30.5447
136.8890 30.3247
132.6763 31.5276
132.6338 31.6753
133.7343 31.9971
135.6479 32.2108
128.7369 28.4675
136.3024 31.1809
136.7694 32.0618
134.1568 32.5410
134.7774 30.8147
136.4639 30.3971
134.2026 31.7272
136.8027 32.3503
132.5607 31.9187
132.4056 31.9633
136.4148 30.2234
132.5233 31.5747
132.9271 32.1651
136.8691 32.3297
136.3361 30.8981
136.4540 31.7998
136.1052 31.6690
132.8663 32.1579
132.6166 32.0272
136.9696 31.9681
136.5794 30.7215
133.2276 32.5660
128.9322 29.1774
135.0645 32.0570
135.6828 32.1351
133.4317 32.6569
135.4397 32.8033
136.0555 32.2183
135.2076 30.7137
136.4682 32.1598
135.7434 32.5765
137.5502 31.5560
133.9745 31.7875
136.2479 31.6691
135.8079 32.1656
136.0885 32.4559
136.5043 30.4058
132.8436 32.2975
134.5509 31.4997
129.5885 28.1568
136.0190 32.5871
133.1637 32.5844
129.2934 29.1573
136.8638 32.0069
135.9831 30.2700
135.8110 32.6533
134.6575 32.2636
137.2440 29.6887
132.3859 31.7703
132.0515 32.0037
136.2782 31.5229
134.8374 30.6741
136.4424 32.4300
134.6818 30.9847
136.5761 30.7493
135.5220 32.3460
136.0098 29.8195
136.8111 30.2747
132.6519 31.6543
132.9133 31.0838
136.4156 30.9558
134.7178 30.9268
136.7217 31.1720
135.7641 31.8705
135.8454 31.4801
132.6053 32.0586
136.6462 30.2072
136.5303 32.5458
132.7716 31.9553
133.1707 32.5484
135.9146 31.9694
134.1192 31.6544
133.5791 32.5295
136.6752 31.8581
136.6269 32.5163
135.7444 29.9653
136.3093 32.0962
132.9136 31.2628
135.1497 30.9231
136.1440 29.7798
136.8719 31.7895
133.1181 32.6158
135.6960 31.6613
134.7133 32.2478
133.5010 32.4737
132.2167 31.7131
136.6965 32.5513
132.6520 32.0554
128.8690 28.3072
136.0960 31.6935
135.5189 32.5418
128.7024 29.2513
136.3860 32.5022
133.4073 32.0860
135.4144 32.3029
137.0406 32.2136
135.7880 31.6866
133.9373 32.3914
133.7707 31.9123
136.2590 31.5883
132.2469 31.8033
135.6514 31.7219
135.2692 30.9349
136.8005 30.3419
134.7689 31.0501
133.6060 32.4128
136.3052 32.0188
134.4013 31.5344
132.3938 32.0419
133.5966 31.9354
135.7480 32.0655
137.6603 31.2737
132.8830 30.7487
137.9572 30.2777
137.7304 29.9178
136.8893 31.7074
128.8655 28.0907
133.3997 32.6233
135.4237 32.7229
132.8526 31.3688
132.5481 32.1141
135.6409 32.2601
136.9920 30.4726
136.0807 30.3281
136.6308 31.8660
134.0908 31.6732
135.0922 32.4106
132.8815 30.9581
132.3283 31.9694
132.2202 31.8734
136.6820 32.6034
129.4776 27.9435
136.7708 30.7212
136.5602 30.2045
133.0973 32.2600
132.8958 30.6703
135.5538 31.7625
136.7245 31.8194
135.4572 32.2051
133.7145 31.8679
134.9362 32.1194
133.4203 32.1280
131.9573 30.6477
136.9768 32.1983
136.2353 32.6204
136.8262 30.6863
132.4856 32.0883
136.6154 30.9702
133.4867 32.5726
135.9846 29.7681
134.0461 32.3117
136.8254 30.2967
136.2481 32.5539
132.4290 31.6568
132.3465 31.9149
132.6903 31.7359
136.2021 30.4116
132.2904 31.8145
135.7217 32.5297
132.7995 31.7818
133.0092 31.3669
129.0315 28.3201
132.4344 32.1644
135.0074 30.6714
132.4893 31.6997
135.0471 32.7984
134.3619 32.2977
132.2279 32.0957
131.0954 30.9135
136.0304 32.3233
135.0782 32.0639
137.5014 30.1200
136.9575 32.1686
132.6144 32.1043
137.0565 30.6707
132.5538 31.9392
135.5129 32.2296
135.3061 32.5962
135.1223 30.8766
136.8602 32.1596
132.5419 32.0319
135.9878 32.3383
134.3916 31.4179
132.6906 31.8573
130.1627 28.2942
136.6981 30.4543
136.6090 32.2849
137.1983 32.2164
133.1994 32.1457
136.2282 31.4565
133.7060 32.5200
136.8216 30.5099
132.9201 31.3217
133.1761 31.7324
134.6371 31.3091
136.0224 32.0732
132.3763 31.9180
132.3955 30.6739
135.7388 32.2636
134.1018 31.8932
136.9792 31.2888
137.8555 29.9476
129.2522 29.1847
136.0535 32.4665
136.7298 31.9303
134.0037 32.4897
136.1258 31.9802
136.7989 32.2019
136.6993 30.1252
133.0030 31.0790
132.3025 31.9698
135.0575 32.4832
136.3645 31.5628
132.2825 31.8688
136.0827 31.9998
135.1878 32.4866
133.3622 32.1349
132.9233 30.8174
135.0419 32.6209
129.0708 28.3706
136.7654 29.6628
133.4254 32.5346
134.7906 30.6343
135.9624 32.0719
135.4973 32.3299
132.7985 32.1322
136.4606 30.5526
136.2183 31.4229
135.9224 31.9898
132.2146 31.6667
136.8254 30.4532
136.6908 31.4737
133.4620 32.0353
135.9542 31.9773
132.4159 29.1582
135.7701 32.0724
132.8425 30.5826
136.3752 32.5142
132.9041 30.7542
136.5911 30.4110
133.9095 31.8392
137.5861 29.9500
134.9665 30.3040
136.0700 32.2014
136.4339 32.2664
137.0421 30.2755
136.6427 31.0477
132.9075 32.3199
135.9874 31.7417
136.3595 31.8341
132.6095 31.6328
132.9160 31.6192
135.3748 32.3325
128.8063 28.3371
137.9441 30.4421
135.7651 31.4544
136.9943 30.4065
133.1287 32.5210
132.3043 31.8376
135.2333 30.1894
132.5628 32.1096
137.3433 30.1549
132.2434 31.5072
133.7123 31.8657
133.3817 32.5835
132.6844 31.4418
136.8072 31.9290
137.3465 30.1451
134.2969 32.3473
136.5362 31.2385
135.7129 32.0765
132.1906 31.6084
132.8779 31.5273
136.5127 30.4372
135.3272 32.4029
136.1566 30.9725
135.7247 32.1801
136.6572 30.6140
136.7414 30.2287
134.8178 32.7012
136.7466 32.3250
136.2187 31.4726
136.8400 29.7450
132.5046 32.1369
136.9292 30.6576
132.3418 32.1165
134.1352 31.7159
135.4873 31.7923
136.7252 31.8456
134.9357 32.7934
133.3709 32.5078
132.6559 31.5631
136.4743 31.0519
135.0582 30.9974
136.9556 29.6916
133.7362 32.4465
133.4631 32.0092
133.2383 32.2189
135.4984 30.0485
136.8587 32.2976
136.6169 32.3420
136.4341 30.4633
137.2953 30.3902
136.3015 30.3116
135.8225 32.0523
133.7337 32.4240
135.3345 32.2057
134.7290 31.0721
136.6418 31.2800
135.0131 30.4437
134.2263 31.4340
132.9321 31.9496
132.5022 32.1768
137.1523 30.3239
132.6432 31.9820
136.2153 31.4219
132.6781 30.8963
136.7149 30.1614
135.9581 32.3750
132.5888 31.8016
135.0261 32.7444
134.7466 31.3213
136.3282 32.6162
135.4913 32.1519
135.1088 30.3913
136.4857 32.0522
137.5554 30.3501
136.7411 30.6632
132.3112 31.7293
136.1370 32.1117
133.5571 32.4400
135.2939 29.9798
134.2215 31.4918
134.5070 32.1661
129.4758 27.9140
136.0723 31.1293
132.6828 30.8572
136.7024 30.4386
135.0974 32.7567
136.6630 31.8653
136.1373 32.0732
132.8168 30.8931
136.1550 32.3247
133.0616 32.1711
136.2228 30.8752
135.8802 32.4758
135.4417 32.5262
136.2043 31.6957
132.8394 30.9168
133.4086 31.8609
136.0094 31.8375
136.8420 32.2349
133.2373 32.0908
136.7942 30.1864
128.7420 28.3680
132.9683 32.5360
132.3157 31.9060
135.3225 32.4292
137.1391 31.9662
133.3340 32.5122
129.0246 28.1209
136.0612 29.7974
136.7411 30.6121
133.2244 32.4370
134.0150 31.6776
136.7993 30.6568
136.3573 32.3641
136.3166 32.0031
136.5885 30.9999
136.7039 30.2648
135.6831 32.2848
135.4487 32.1497
135.2451 32.1764
136.7730 32.4403
133.7786 32.5000
136.3692 31.8861
136.3416 32.5300
132.4979 32.0821
136.5054 30.5343
128.4545 28.3608
132.3759 30.1751
132.8738 30.9524
136.1935 31.4787
132.7335 32.1974
135.9790 32.3525
131.6869 31.9290
132.3365 31.9421
136.6880 30.1416
135.6371 32.3377
135.0654 32.7329
135.7093 32.1931
135.5979 32.6076
136.0695 31.5921
134.3698 31.0903
129.7973 27.9994
137.2791 31.5157
136.6219 30.5371
132.2241 32.0013
136.5667 31.1891
135.5543 32.0179
136.9517 30.8747
135.0551 30.9444
133.3503 32.4778
134.8159 31.1986
132.9196 32.5437
136.0817 31.6158
133.9431 31.7598
135.0932 32.0121
135.4423 32.4723
136.9328 30.6444
133.1878 32.1190
136.7027 31.9489
134.9998 31.9151
134.9343 32.9131
132.5909 32.2252
134.6598 31.2406
134.9569 30.7081
136.4768 31.9831
136.5584 32.0603
135.8385 31.8564
133.3503 31.9940
134.9459 31.0513
137.3906 31.8243
135.9325 32.1425
132.2847 31.5166
136.9360 30.5127
135.2719 32.6828
132.7158 32.2486
128.9756 28.1660
135.5761 32.4423
133.3977 32.4892
136.5897 30.5358
132.7858 32.3412
132.1292 31.7249
133.2787 32.6271
136.8748 30.2690
133.4980 32.4962
136.1256 30.1913
131.9249 30.4796
135.6923 31.9961
135.2391 32.2877
132.3976 31.0062
132.1722 31.5541
136.5531 30.2707
128.6700 28.1347
132.4533 31.8912
137.1003 31.7459
132.0401 29.1799
136.6589 32.0232
132.8761 32.2508
132.4111 31.8944
135.2707 30.6954
136.4751 30.9797
133.0942 32.2294
136.7416 30.9087
136.2660 32.6160
137.5038 31.3171
135.4786 32.2478
135.3034 31.7942
132.4539 32.2448
132.2313 31.7465
132.3793 32.0845
136.1158 31.9293
135.9905 32.0948
134.9949 32.5657
132.6574 32.3215
134.7466 30.8301
137.0382 32.0753
137.7247 30.9830
135.0104 30.5384
136.3528 30.2956
132.8328 30.7559
133.4082 32.5133
132.1810 31.8526
135.2094 32.7312
132.9825 32.2046
137.7273 30.2535
135.1180 30.9565
135.8481 32.0658
135.9351 31.8241
134.9308 30.4503
137.5735 31.5811
128.8183 29.0996
136.2091 32.5020
133.1560 32.1524
137.6072 31.4204
135.9256 29.8249
135.1258 32.7241
135.8647 31.8378
134.7020 32.1826
133.2095 32.0213
134.6875 32.2440
137.5835 30.4960
133.0567 31.3547
136.3922 31.2697
134.5368 32.3761
132.1788 32.6987
137.8214 31.0385
133.1828 32.1347
135.0705 30.8262
135.1722 32.4244
137.1271 30.7185
137.6574 30.4793
136.4789 30.8168
137.4412 31.4558
133.9337 31.7142
135.0799 32.6527
128.7234 28.4313
132.4603 31.8956
135.4904 32.1751
135.3735 32.6450
133.0830 32.1785
135.2382 32.7025
133.2271 32.5398
136.4955 31.7345
135.6599 31.5463
135.0619 32.4387
136.2783 31.5750
135.1820 31.9106
132.5485 32.1803
133.7269 31.8904
136.5990 31.6521
134.8929 31.1015
133.0226 32.3103
135.3432 32.7987
133.6326 31.9384
135.6966 32.3092
135.0582 30.2194
135.4275 32.5948
128.4238 28.9735
136.7244 30.8784
136.4683 32.2594
132.3627 31.8696
132.5791 31.7646
135.2844 32.6997
136.7918 32.1596
136.6119 31.4460
135.6644 32.6889
135.3748 32.5575
128.9191 29.1965
136.7975 31.5449
135.7334 31.4686
135.6790 32.0410
136.2091 31.8281
136.7154 32.0947
135.3204 32.3786
135.1352 32.7630
135.4212 32.1158
132.6185 31.6765
133.4236 32.4961
132.8658 31.4246
132.9848 31.0821
135.5023 30.0244
135.9743 32.5075
132.5041 32.0470
129.5206 27.9718
133.0970 32.2239
135.6334 31.9771
135.8812 32.0086
133.5521 32.5638
137.3864 31.5000
133.5182 31.9796
133.7821 32.4485
133.3925 32.0179
135.2105 32.6890
134.8560 31.2311
135.2200 31.9001
135.1194 32.4484
135.1154 32.4294
129.2337 27.6403
132.4407 31.9214
132.7164 30.6795
133.2292 32.5416
133.8563 32.3797
136.5528 32.1112
136.1303 31.8925
136.6906 32.1687
135.1888 32.3875
132.3229 32.0866
135.9760 31.1776
132.5963 32.0180
134.9878 30.6847
133.0416 32.4717
132.4350 31.7487
132.6100 32.1347
132.9026 30.7943
136.7913 32.1179
136.5182 31.8610
132.6133 32.0292
132.7718 30.7924
136.7443 31.8006
132.5871 32.0421
132.8695 31.1505
132.2855 31.9778
135.1163 32.5810
136.3381 31.9617
136.6528 32.3202
132.8040 31.3219
128.9085 28.2055
135.7022 31.6849
132.7997 31.6239
134.8693 32.1140
135.8978 31.8670
136.5808 31.7371
136.5898 31.9463
132.3037 32.1791
134.5516 31.0017
135.9829 31.8822
135.4651 32.7090
135.0005 32.5825
136.8016 31.1736
137.5859 30.1720
133.6089 31.7908
132.3626 32.2323
135.3806 30.1225
136.3811 32.1193
133.7457 32.6484
136.8213 32.1837
134.9585 32.2393
134.4377 32.3735
137.1160 32.2577
136.5448 32.6970
136.0938 32.6662
136.8232 32.3059
137.4763 31.8694
133.7021 32.5768
133.0524 31.1090
136.9679 31.8915
133.8965 32.4589
136.9214 30.3676
137.8292 30.9339
128.7274 29.2473
136.5947 32.7384
137.4775 31.7854
136.8301 30.7471
137.5121 31.6087
136.9833 32.2513
136.7522 31.6785
129.0764 28.4882
133.6103 32.6584
135.5578 32.8699
136.6668 32.4641
133.3251 30.3093
136.1810 31.4746
137.2997 32.1223
132.9689 31.0200
136.7378 30.4889
137.0438 31.6930
137.7115 31.3325
136.7355 31.6032
128.6322 28.9787
133.7480 32.4950
129.0491 29.3040
133.5601 32.6042
136.9744 30.3879
134.1038 32.4559
136.8285 32.3952
134.4207 32.3884
133.3319 32.4800
135.9362 32.3546
135.1483 32.1665
136.5327 32.6187
136.9425 30.6139
136.9822 30.2195
136.4380 32.1558
137.1008 31.9237
133.6781 32.5425
135.6903 32.3291
128.7838 29.3923
134.6889 32.2309
137.9811 30.3272
136.7408 30.8044
129.2164 29.4865
133.6802 32.5766
137.1369 32.3477
136.2879 32.0974
136.0542 32.2044
133.0499 31.5245
136.7772 32.6155
136.7733 32.5545
134.7950 32.3440
137.0449 31.8628
128.6962 29.2668
134.8873 32.3072
137.7518 31.0640
136.6895 32.4485
133.6498 32.5083
134.4479 32.2903
137.7668 30.9605
136.7342 30.5474
132.8020 32.0863
133.2616 32.5917
136.7292 32.2053
136.0909 32.0261
137.6205 31.5743
129.0573 28.4464
133.4964 32.6864
137.9189 30.5547
137.6073 31.5019
137.6770 31.2832
136.7484 32.4737
137.7625 30.9825
134.5288 32.3231
137.5284 31.5408
135.9930 32.1440
137.7641 31.0311
133.8316 32.5626
135.8623 32.8738
133.7236 32.5324
137.8606 30.7881
133.4788 32.6179
135.7720 32.5961
137.1540 31.9046
136.8558 32.3977
137.0435 31.1700
133.3496 32.5600
136.3051 32.3908
137.1826 32.3023
134.5746 32.4461
137.5397 31.6449
133.3309 32.6111
137.1550 32.3023
136.6119 30.7543
137.0502 32.0255
133.8674 32.4614
135.6413 32.7681
136.8545 32.6722
137.5068 31.9398
136.2673 32.4739
137.8466 30.5232
135.8978 32.0940
133.5794 32.5719
134.3204 32.3731
137.7452 31.1151
137.4430 31.8134
136.8517 32.4543
136.4669 32.0880
137.0156 31.9631
136.9298 32.4764
137.0127 32.4049
137.0390 31.4638
137.1388 32.4189
132.8017 31.9449
136.9576 32.1413
136.8425 31.5183
137.2663 32.2257
136.7699 32.2796
137.8200 30.8095
137.8479 30.8185
136.6870 32.5702
133.7460 32.6533
136.9321 32.4037
136.9465 32.1738
136.9303 32.1806
136.8948 32.3521
137.2276 32.3246
136.8176 32.2639
132.9147 31.7991
137.1318 32.0001
137.1812 31.6543
136.3062 31.6897
136.9805 32.0257
136.9425 31.6087
137.0067 31.2639
136.4375 31.1595
136.9261 32.3117
137.0736 31.6781
137.9494 30.6449
136.6534 32.5574
128.6110 29.2944
137.5392 31.9109
137.0776 31.8540
136.8945 31.6247
137.1203 31.7977
135.9667 32.5908
136.7036 32.4732
136.6177 31.0101
137.4550 32.0438
137.1523 32.2034
136.8978 32.4011
137.5679 31.6191
136.7141 31.8486
136.9167 32.1854
136.7656 32.7165
136.3855 31.5304
137.5446 31.7553
137.4443 31.8234
133.5030 32.6553
137.0306 31.9727
137.0200 32.2657
136.8192 32.4187
137.0807 31.5477
135.9136 32.9378
136.9201 32.3833
132.8063 30.8879
137.0220 32.0748
137.6938 31.3269
137.3520 32.1479
136.0731 32.5556
136.6167 31.8994
136.8882 31.5638
133.7603 31.8669
133.8801 32.5943
132.9604 31.6491
136.6831 32.3775
137.1678 31.8265
136.6393 32.7061
136.8448 32.3189
136.6928 31.0536
137.0196 31.9479
137.5895 31.6066
133.9778 32.5663
136.7047 32.7381
136.6524 31.7310
136.9824 32.2942
137.0286 32.2256
136.8345 32.3405
137.3789 32.0090
136.8851 32.5647
137.0816 31.9858
136.7705 32.5845
133.5951 32.6390
136.8365 32.1919
136.7103 30.9637
129.2810 29.1769
128.8545 28.3944
136.5887 31.0341
136.5986 30.9790
129.2307 29.2332
136.8999 32.1311
136.9065 32.4448
137.3132 32.2191
133.5656 32.6307
137.6872 31.3358
137.1578 32.2253
136.9409 32.3577
133.6526 32.6593
137.5086 31.6961
133.0091 30.9819
136.7034 32.6389
137.1026 31.6940
137.1566 31.5193
135.6866 32.8629
137.0207 32.0267
136.7830 32.6134
136.2584 31.9720
128.9650 29.3281
136.8820 32.5490
133.0055 31.4853
136.9403 32.5307
136.9426 32.1078
136.9053 32.3178
135.7190 32.8354
136.8626 32.1888
137.0015 32.3012
136.9533 32.2478
136.9743 31.6095
136.8604 32.4471
134.5831 32.2225
136.0457 32.6669
134.2990 31.4857
137.0265 30.1332
132.4936 32.8643
136.7892 30.0802
136.7292 31.8550
129.2124 28.3119
132.9115 31.1164
136.8995 31.3545
133.3288 32.7403
136.9243 30.4393
137.7806 30.9872
134.1794 32.3092
137.1157 30.2658
135.9431 32.2816
135.4456 30.6362
135.3534 30.1812
133.0093 31.3580
128.5424 28.7395
135.8734 32.8636
133.9747 31.8123
128.8354 28.4880
129.0005 29.3783
129.1537 29.6746
136.5825 30.1613
135.0087 31.1179
136.6243 30.9960
133.1489 31.5596
137.1064 30.9257
136.9829 30.3517
132.5262 32.2469
133.4077 31.6956
137.0427 31.2836
135.4691 31.9133
129.0945 28.5622
137.1357 32.3302
137.8206 31.4718
130.1251 28.1104
136.6997 32.4474
136.1939 32.3039
135.9225 31.8257
136.8312 31.6994
133.5337 32.2501
136.1346 32.4337
136.2701 31.9113
131.4243 30.9477
137.0673 30.1312
137.3280 31.8708
133.0765 32.3055
131.1805 29.0331
135.6842 32.6266
128.1028 31.5027
129.6961 28.2955
134.4630 32.2829
128.8999 28.7521
136.2840 32.2581
134.6664 32.2311
137.6791 30.9764
136.6109 30.9700
129.1156 28.4614
133.1761 32.1772
137.0031 30.2552
135.8362 31.6424
137.1293 29.9121
137.2173 31.6496
129.1364 28.3037
134.5379 31.7332
137.3083 30.7695
136.6205 31.7296
132.1180 32.6099
136.8320 32.1807
134.2209 31.6422
137.4866 29.7823
136.5499 33.1340
137.0503 32.2809
131.5689 30.6827
136.3321 31.4895
137.1104 30.2307
136.9640 31.1119
134.1079 32.4958
136.4446 31.4359
136.7784 31.4222
133.1726 32.7742
137.2584 32.2178
134.0466 32.4542
136.6139 30.7276
137.4777 31.9652
130.7352 28.5978
137.8434 30.8705
132.9470 31.7652
133.3792 32.1482
136.9247 32.6052
134.5178 31.4426
132.5526 31.9795
133.1880 32.0640
136.9130 32.1779
129.8267 29.1929
134.2544 31.8146
136.3534 31.2806
134.4966 31.8499
136.7990 32.4900
129.0079 29.4983
136.1163 32.6546
133.7385 32.6023
136.1360 31.9598
129.3082 28.3962
136.5834 30.8225
133.0830 32.1259
136.4859 29.8490
133.2514 32.5742
129.8613 29.6673
133.4560 32.7211
135.3576 30.4735
137.0307 32.0957
133.7614 32.5520
132.2168 32.6607
136.5180 32.6924
135.8115 32.7168
137.5449 30.2015
134.9708 32.0554
136.6408 30.8340
132.8257 30.6210
135.6939 32.2997
129.0815 29.2814
137.4444 31.7924
137.4304 31.5484
136.5205 32.5454
136.5938 31.6501
133.0956 32.0852
135.4866 29.9838
135.2897 32.0324
137.4007 32.0281
135.2328 32.5916
133.4903 32.4224
136.4193 30.5258
136.9357 29.6485
136.7097 32.2451
132.2271 31.9476
133.6952 31.9333
136.0266 32.3828
132.9715 30.7345
136.7704 32.2024
132.7664 32.2915
132.9198 30.8790
133.1985 32.1571
137.2535 29.7908
132.3490 31.8415
136.9730 30.3205
136.5661 32.4116
135.6551 32.1850
135.0818 32.7586
135.3115 31.9170
128.9100 28.3112
135.8172 32.6343
136.6575 30.8673
134.7412 30.9755
136.7870 31.5379
135.0325 30.8808
135.5283 32.7006
136.5412 32.4015
137.7603 30.8369
136.8999 32.3599
135.7308 32.0798
137.4484 30.1425
135.7401 32.4256
135.0049 32.5632
132.4605 31.9284
137.3986 31.9195
136.0111 31.8999
137.1115 32.1953
137.4288 30.2926
137.3752 31.8719
137.0451 31.6574
134.5241 32.2203
133.4282 32.5388
135.2288 32.6978
133.9606 31.6030
133.7845 32.5271
137.8159 31.0540
136.7465 32.2703
135.1870 32.8424
132.5457 32.1279
136.4828 32.4133
128.8346 28.4356
134.5485 31.2539
133.3312 32.5000
135.1454 30.7307
132.5632 31.8455
135.4393 31.7538
136.8141 30.9532
137.4938 31.9053
135.6318 31.5608
136.1359 31.3359
137.0208 31.9124
137.8861 30.0831
135.6610 32.7575
128.9470 29.1900
136.8561 31.9435
136.7496 31.3299
132.9808 32.2155
135.7458 32.2160
135.5657 32.3833
136.6725 31.7590
134.7375 30.9593
134.7560 30.9227
136.2266 32.4872
135.5938 32.3718
132.6060 31.8953
132.6200 32.3007
136.5496 31.6988
136.1243 32.2656
135.2666 32.7237
136.7775 29.6093
136.6205 30.4769
136.0897 31.8778
134.7740 30.8082
137.1887 31.9863
128.5300 29.2210
137.5832 31.6136
136.5704 30.9562
132.7317 30.8248
132.3797 32.0613
135.4889 31.8124
136.7688 32.4933
134.8809 30.9977
133.1234 32.5476
136.7722 30.3001
133.4600 32.5665
135.4383 32.3289
133.8635 31.7182
134.9913 32.6456
136.8823 32.1866
137.0286 32.2256
137.0444 32.1321
135.2889 30.8668
135.2201 32.7333
133.1814 32.1898
132.2666 31.9996
137.1312 32.1924
133.3464 32.0584
135.4416 32.7001
136.7940 31.0896
128.9743 29.2101
135.6391 32.3510
136.3618 32.0040
136.3919 32.4887
132.9253 30.7923
137.4920 30.4919
132.5178 31.7558
137.3910 31.7190
129.9666 27.9747
136.0424 32.0911
136.5481 32.2935
137.3737 31.3252
137.4003 31.6008
137.4016 31.8054
134.8796 31.1945
134.7586 31.3492
134.8890 32.1340
132.7266 31.6240
134.5522 31.2071
134.9755 32.6408
136.6237 31.7252
132.4484 31.9141
135.9509 32.3522
136.3325 32.4540
136.7212 32.0389
135.5912 31.6132
132.4174 31.7022
136.5566 32.3222
136.7449 31.2594
136.3533 31.5155
136.2383 31.2341
136.6139 31.6333
133.0670 32.5580
128.8097 28.3383
135.2538 32.7057
135.7404 32.4302
132.8869 30.9998
137.5180 31.3909
135.7868 32.2405
137.5276 30.1902
133.2788 32.4948
132.4955 31.7997
132.5750 32.1232
136.5702 32.2572
135.3544 32.7041
135.5176 32.2583
135.5784 32.3032
135.0403 32.4359
134.5595 32.2312
132.6535 31.9166
133.1882 32.5330
136.5150 32.2785
136.9747 30.4293
137.1598 32.0547
132.4563 31.6976
136.6349 31.9497
133.2251 32.1748
132.9124 31.3704
136.9400 32.2708
129.2429 29.1852
134.6635 31.2113
135.3229 32.6779
136.5811 32.3202
134.0463 31.6732
133.2912 32.5580
134.2665 31.2072
137.6562 30.9428
135.8398 31.9957
135.6929 32.6441
134.5754 31.1949
135.2911 32.6436
128.7511 28.3437
132.6837 31.6963
128.8122 28.4323
135.7427 32.4018
135.6674 32.5801
135.8948 31.9613
135.0981 32.7462
133.3324 31.9428
136.8995 31.5970
133.6035 32.4868
136.5907 32.3624
134.6336 32.1003
136.3759 32.4331
134.8260 31.2084
136.3022 32.5209
132.5850 30.8284
136.6165 30.2602
135.0534 32.5931
135.5120 32.5578
128.8798 28.2832
135.8586 31.9864
135.7698 32.1558
129.5391 28.0288
135.4925 32.0801
136.5455 31.9724
136.3838 30.9644
136.5065 31.7439
133.1078 32.2380
136.3301 32.1132
136.6801 29.6486
135.9406 32.1749
133.0767 31.9841
132.7373 32.2903
135.6636 32.4138
135.7115 32.1412
136.2901 32.0451
136.5799 31.0135
134.2224 31.5180
136.4442 31.8407
128.8029 29.1166
134.6081 31.2842
135.4670 32.7542
137.0288 29.8001
136.5263 32.2920
135.2111 30.1397
135.1398 30.1168
136.3800 32.5442
132.8391 31.3492
128.7020 29.0933
133.1559 32.5000
133.2789 32.5123
134.8593 31.0868
135.9463 32.1429
132.1349 32.0093
136.0378 31.0719
132.8340 30.9568
136.7843 31.1379
128.9639 28.2036
133.4034 32.5134
133.5758 31.7942
129.0334 28.3278
137.3207 31.6170
137.5086 31.6901
133.7081 32.5660
129.0391 28.4435
135.1217 32.0318
133.2632 32.1577
135.3702 31.8539
132.9662 31.4297
136.8934 31.8331
128.6520 29.1018
137.9114 30.4737
134.5100 31.5954
133.5831 32.0684
132.7024 32.0264
133.7013 32.5903
137.0882 32.0633
136.5087 32.3160
136.5562 32.3521
136.8425 31.4913
136.8588 31.7157
136.8371 30.5733
136.5411 32.3805
133.8032 31.8815
136.9654 31.9464
135.8007 32.5231
134.5956 31.2966
135.1081 30.8441
134.9180 31.1607
132.8308 32.2504
137.1340 32.2242
128.8443 28.5682
136.6154 32.4212
132.7893 31.8114
128.8485 28.5521
132.5731 30.6210
136.7244 32.0869
133.5651 32.5192
133.4112 32.1358
137.6044 31.3149
130.8537 28.4475
132.5586 31.9778
133.2261 32.2116
136.6063 32.6273
132.9195 30.9413
136.7275 32.3620
137.0290 31.4878
136.8226 30.5946
136.8970 32.0725
135.3396 32.6780
129.1266 29.3784
133.0295 31.2898
136.8213 31.5440
128.7661 29.1240
136.8855 32.0309
133.4717 32.5451
136.7426 32.3988
136.7446 32.0481
129.0620 28.2534
136.7941 31.0727
132.8788 30.7722
137.0174 31.7420
132.5423 31.8330
132.9432 32.2517
135.6506 32.4842
135.1420 32.0872
132.9713 31.3947
134.3923 31.3957
128.9348 28.4675
137.4698 31.7880
132.8359 31.6530
137.5334 30.3539
128.9305 29.2766
132.1925 29.0757
133.0727 32.2488
135.0553 32.4397
133.4812 32.0421
137.1314 31.8831
136.6177 31.2441
133.2108 32.1732
136.9344 31.8963
132.7815 32.1740
132.9045 31.7987
133.4254 32.5179
136.9355 32.3692
132.9461 32.2606
129.2740 28.3589
133.4879 32.5847
137.8170 30.7726
133.9490 32.5744
136.6371 32.4636
133.5659 32.6045
133.0203 31.1457
136.1581 31.9131
135.1534 30.7659
132.8833 31.5167
129.2139 28.3927
135.5581 32.2700
133.1067 32.2609
133.6044 32.5724
135.4394 32.6171
137.3135 32.1192
132.6120 30.4010
133.4027 32.5552
136.9506 32.3565
137.3556 32.0462
136.8062 31.6766
135.9662 32.3738
129.3229 29.5362
136.1531 31.3070
132.7831 32.2549
133.1990 32.2133
136.7160 32.5519
136.6215 32.5205
132.3452 32.0111
137.3081 32.1321
132.5599 30.3030
132.5680 31.9159
132.3598 31.9536
134.6956 31.4418
135.1087 30.6120
132.9411 32.3289
132.9180 31.5935
137.0554 32.0330
137.2695 32.1111
129.0740 28.3005
132.5550 32.1142
133.9347 32.6193
135.9647 32.5919
134.4926 32.5565
134.1558 32.6193
136.3498 32.8540
136.9537 32.7791
136.2886 32.8885
133.5474 32.6203
136.7411 31.9173
136.6253 31.1391
136.9820 32.3863
134.4163 32.6054
136.9513 32.4719
133.6310 32.6587
133.6665 32.6813
134.0203 32.6696
136.9584 31.6291
133.7377 32.6624
137.2880 31.8523
133.8643 32.6584
137.9128 30.8177
133.6588 32.6415
135.9555 32.9225
133.9749 32.6382
137.2078 31.9939
134.3046 32.5977
136.6397 31.9997
136.4381 31.3647
136.1117 32.7015
136.2405 31.6620
133.6447 32.6742
136.7411 32.8401
133.6941 32.6620
136.9352 32.3816
137.0818 32.2710
133.6712 32.6614
136.3063 32.7272
136.8764 31.7180
133.6153 32.7017
136.7968 31.6749
136.3912 31.4450
134.0655 32.5933
136.5835 32.1221
135.9519 32.3834
138.0177 30.3659
135.9646 32.5507
136.3209 31.3616
136.2248 31.6718
137.5618 31.9598
136.4710 31.2639
133.8093 32.6768
133.7857 32.6334
136.3893 31.2841
133.6551 32.6284
133.5595 32.6878
133.6256 32.6770
137.1565 32.0797
136.6181 31.0341
136.0539 31.7805
136.5731 32.1548
136.8324 31.7694
136.5079 31.3614
136.7201 30.8853
136.2529 31.5077
137.2014 31.6066
133.6990 32.6760
135.9545 33.0320
136.6115 32.0999
134.8351 32.4890
136.9976 31.5986
133.7291 32.7024
136.2065 31.5494
135.8038 31.8038
136.7048 32.7815
135.9070 32.9885
136.3316 31.6159
133.5656 32.6353
135.9690 32.8973
133.6945 32.6188
137.2230 31.9800
135.5101 32.0345
135.9050 33.0002
133.5602 32.6625
133.8464 32.6726
136.6000 32.1893
136.4517 31.5496
133.7166 32.6977
135.8352 32.4051
136.6865 31.1619
136.7140 31.9275
135.8392 32.6248
136.5601 32.2833
133.7851 32.6943
137.0681 32.3276
133.5708 32.6860
136.9266 32.3192
137.3071 31.8852
133.9486 32.6381
137.2422 31.7642
136.6682 32.0252
135.9916 31.8029
136.9599 31.6507
136.4112 31.3711
137.2017 31.6896
133.7939 32.6568
137.1285 31.5855
133.7866 32.6719
133.6261 32.7103
134.4149 32.6145
135.9593 32.9326
133.7125 32.6121
135.9995 32.5437
136.6471 32.0508
136.3466 31.9296
137.1458 31.6436
135.8750 32.6937
135.8686 32.9938
136.8170 31.7645
135.8803 32.9681
137.2895 31.7878
133.6651 32.6071
135.7829 32.8598
137.2450 31.7693
136.0267 32.5985
136.1996 31.5499
136.9216 31.6269
137.1344 31.5590
133.7201 32.6932
136.7885 31.8647
133.5731 32.6721
133.5600 32.6346
135.7258 31.9529
134.9919 32.3961
133.6308 32.6865
136.5469 31.3894
136.6255 31.0806
135.0046 32.3907
136.6455 31.9617
136.6190 32.1856
135.9059 32.9481
136.8376 32.7527
133.5861 32.6996
136.9780 31.5987
136.0309 32.3087
137.0412 32.1437
133.6628 32.6197
136.1499 32.3426
136.4503 31.5166
137.8707 31.0098
133.7123 32.6822
136.0163 32.8971
136.2089 32.0370
136.0396 32.8353
136.8522 32.8930
135.0929 32.3564
135.9532 32.5208
137.0722 32.2055
135.9323 32.9146
137.2402 31.6950
134.4519 32.5511
136.4712 31.2611
136.6154 31.1845
133.9404 32.6371
131.4733 31.4380
136.9370 31.6709
133.7111 32.6320
133.9263 32.6738
136.7402 31.8950
137.1853 31.9943
134.0454 32.6453
136.5463 31.3709
134.2439 32.5749
137.2359 31.8315
137.1643 32.5906
137.2088 31.9440
136.1761 32.9953
135.3264 32.1970
133.9951 32.6267
137.6682 31.9618
133.5919 32.6270
137.0369 31.6444
136.4984 32.3206
137.1887 31.9229
136.2837 32.7944
134.2691 32.5986
135.9221 32.9718
136.0688 33.0551
133.7291 32.6541
136.4282 31.5561
135.7765 32.9592
135.8358 32.9679
134.1926 32.5903
135.5686 32.0540
136.9417 31.6522
136.7791 31.7890
136.8592 32.6851
133.7603 32.6778
137.1884 31.9994
136.3959 32.5193
136.5908 32.1462
135.9296 32.9188
133.5861 32.6712
137.0873 31.5800
134.7720 32.5063
137.0453 32.1007
137.2216 31.8803
135.8957 32.8627
134.0142 32.6004
136.8985 32.7341
135.8980 32.7579
136.0666 32.5654
136.3352 31.9355
136.6191 32.1043
136.0475 32.4728
136.5396 31.1182
136.7363 31.9073
133.5073 32.6655
137.0705 31.5768
133.5913 32.6591
137.1395 31.8435
136.2265 32.9311
137.0657 32.1370
136.4722 31.2618
136.0502 32.8734
136.8221 31.7697
133.6322 32.7002
136.2257 32.8038
137.6076 32.0498
134.3408 32.6019
135.7683 31.9259
135.3602 32.1076
136.0905 32.9615
133.7019 32.6589
133.5247 32.6860
136.8290 32.8765
136.5977 31.2510
137.0381 31.5998
137.1117 32.1418
136.4320 31.7147
133.6636 32.6719
135.8403 32.9651
135.7748 32.9029
133.5735 32.7102
136.6475 31.0026
136.7367 30.8952
133.7056 32.6600
136.5870 31.2187
133.5859 32.6489
136.6393 31.9763
133.5532 32.6895
135.7406 32.8433
136.2135 31.4279
136.7117 31.8762
133.6157 32.6877
136.7001 31.0228
136.9631 32.2526
136.2950 32.7325
136.5329 31.2608
136.4619 31.3356
136.0111 31.7447
137.1238 31.6843
136.7877 32.6802
137.0744 32.2069
136.4928 31.2045
136.5202 31.2287
133.6503 32.6760
136.9896 32.2284
135.9745 32.2292
135.9247 32.9792
133.6093 32.6622
133.7908 32.6774
136.1976 32.0738
137.1387 31.6145
136.9119 31.6615
133.6197 32.6451
137.2524 31.8520
134.8775 32.3905
135.8508 32.7434
136.0210 33.0596
136.1523 31.5937
136.6294 31.1216
136.2197 32.0956
136.4955 32.3429
133.5314 32.6416
137.1386 31.6046
135.9529 32.7194
136.9769 31.6210
136.8129 31.6856
134.8187 32.4317
136.4727 31.1806
137.0538 31.5962
133.6207 32.6284
136.8288 32.5500
133.7815 32.6710
133.7933 32.6617
133.6592 32.6523
136.8354 31.7717
136.0227 32.8581
133.5760 32.6705
136.9435 32.4357
136.8586 32.5380
134.4319 32.6007
133.7009 32.6667
137.1662 31.6600
136.3154 31.3374
136.6211 31.0672
135.0145 32.3880
136.1752 31.5294
134.3450 32.5986
135.8957 32.9820
136.3782 32.4502
133.9232 32.6575
133.7834 32.6769
135.8505 32.9168
133.6572 32.7015
135.9136 32.4998
136.4319 31.1311
136.2998 31.4823
136.4861 32.3650
136.9019 31.6718
135.8945 32.3534
135.7611 32.8612
133.7029 32.6855
134.8219 32.4558
137.1225 32.1423
135.1171 32.3428
136.1485 31.6347
133.5974 32.6345
133.7581 32.6632
136.9528 32.3122
134.0672 32.6404
135.8652 32.5881
133.4556 32.6899
135.9220 32.9179
136.8098 32.7136
136.5577 31.1872
135.8776 32.5939
136.5048 32.2290
136.5193 32.2556
137.0502 31.6439
136.6396 31.0087
133.5991 32.6622
135.4323 32.1472
136.7856 32.5254
135.8067 32.7641
133.6854 32.6656
136.6417 31.0506
136.1407 31.6174
134.6360 32.4851
136.2275 32.8143
133.7301 32.6707
136.3882 32.5161
135.8993 32.1733
136.7415 31.6339
128.6268 28.7796
137.7370 31.9141
133.5895 32.3302
136.9315 30.1597
131.6874 31.1105
135.9035 30.2594
136.8689 31.1339
128.8441 29.1968
134.3394 32.3795
137.6327 31.4363
136.6438 30.3383
133.8494 31.5299
133.2232 32.5874
129.0118 28.4786
136.3905 32.3713
136.5644 30.6267
137.1805 31.6743
133.5778 31.9549
135.9131 33.0246
132.7450 31.3114
136.2672 32.3386
136.3592 30.2414
136.7120 30.3789
133.2498 32.7475
132.4700 31.6434
132.4494 30.8715
131.1567 30.7220
133.5370 32.0057
132.0439 28.9337
132.8156 31.9933
132.1656 32.2407
131.9919 31.5497
133.3536 31.9704
137.2454 32.0174
135.1209 30.8202
133.3724 32.1034
133.5553 32.3581
133.5609 32.6775
135.6503 31.6535
133.1906 31.2279
135.5272 32.1789
132.7768 32.2207
135.3127 31.7193
135.5878 32.5955
135.4501 32.6280
137.2254 30.5110
128.6439 28.4772
137.4359 30.1023
136.3498 31.7452
135.9100 31.8986
137.0296 31.8812
129.2878 29.3538
134.9430 32.1140
136.4249 32.8624
132.1812 32.7253
136.6064 31.2460
136.5704 31.7413
128.2503 29.4627
137.1638 31.4886
137.4420 30.8871
135.5027 30.9925
135.4286 32.1615
129.0859 29.3731
133.9546 31.9461
136.0976 31.7164
134.5822 32.3169
135.4662 31.0030
133.6501 32.5098
136.6211 30.0597
137.6203 29.6740
134.0113 32.4609
133.5997 32.5275
136.4515 32.0029
132.9345 31.0895
137.4946 31.2822
134.1559 32.4811
136.0268 30.0260
134.8687 30.2765
134.8499 32.2735
131.3911 30.9774
134.7056 31.2923
137.2714 31.9528
136.4076 32.4889
132.5887 31.7007
137.5957 31.4729
134.8103 32.3500
134.7924 31.5676
136.0547 32.4348
133.3081 32.1931
135.2714 32.1258
135.4728 32.7031
135.0858 30.8420
137.6587 29.6706
129.1142 29.2895
129.1268 28.3607
135.1317 31.9560
134.1884 31.9999
135.6719 30.7382
132.8727 30.9317
136.0841 31.7396
132.7987 32.0362
136.7579 33.0017
128.7948 29.3245
133.8674 32.5058
132.5596 32.2515
134.2535 32.7253
136.9886 31.8709
132.8489 30.8949
128.9595 28.6657
136.7861 30.4768
132.8301 31.8181
132.7513 31.9109
135.0910 32.0328
136.4850 31.7209
128.9092 28.1965
136.1587 31.1964
133.3509 32.5312
130.4050 28.4496
134.7637 31.1654
134.7557 32.1351
132.9218 31.0291
136.3810 30.7888
132.3638 32.1371
137.0278 31.3869
137.1286 30.0184
136.5785 30.7396
136.6347 32.1200
135.9853 32.0031
133.0400 32.2350
132.4571 32.2940
136.7016 30.3714
136.7725 31.5895
136.6154 31.5129
136.2117 30.9716
130.1774 28.0403
134.6514 31.4384
136.6904 30.4725
132.9382 31.9719
133.4596 31.9634
135.9192 32.3851
135.7609 31.6504
128.8197 28.4562
134.1810 31.5386
136.8671 30.4488
136.9556 32.0880
133.9844 31.7526
128.9580 29.2397
135.5238 31.8806
136.6884 32.1041
133.0561 32.6380
132.6655 32.2802
129.1788 28.3421
129.1789 28.3745
132.6051 30.0941
133.6275 32.5667
136.2279 31.0840
132.1196 31.9205
129.5527 29.3452
128.4164 29.2629
134.8314 32.3260
135.7461 32.5021
132.5930 31.9562
132.8467 32.2856
133.3877 32.0931
135.9940 32.0536
132.7671 31.0035
128.6947 29.1126
133.3064 32.5854
132.4507 29.5382
135.4096 31.8899
129.1495 29.2349
135.6388 32.6117
134.5143 32.2065
132.3911 32.2115
133.4289 32.4978
135.3947 31.7867
129.1694 28.2847
136.2855 29.9228
136.3671 30.6491
133.3088 32.3676
136.8934 31.0687
133.1146 32.3378
134.5331 32.2809
133.5627 32.5843
136.6742 32.1179
132.6391 29.5357
133.4109 32.0757
136.9218 30.1793
132.9982 32.5151
133.5520 32.2605
132.7715 32.1743
133.6811 31.9245
135.7374 32.6113
136.0511 32.3394
136.4974 31.1570
136.4596 32.0004
133.4797 32.3947
134.1196 31.7996
128.7422 28.5966
136.7271 30.8642
137.0885 29.9953
132.3892 32.2108
135.9484 31.8351
128.9061 29.0214
132.7772 32.5934
134.6758 31.4598
136.8729 30.4057
133.5181 32.6323
135.2609 32.9336
133.3553 31.9634
137.2417 31.9089
133.9790 31.7669
135.2653 32.6351
128.6594 29.1079
133.7629 32.5380
133.9053 32.3581
136.7983 31.9883
129.5296 28.0570
132.5211 32.1025
136.5280 32.5272
132.8377 31.5115
136.8983 31.7160
135.7497 31.8119
137.1240 31.8530
136.6375 31.7226
132.9281 30.9503
128.8539 29.4702
136.7563 30.8390
137.5897 29.7915
136.5071 31.7520
133.4101 32.6275
136.2896 31.7690
132.7749 31.8446
137.5986 31.5737
137.2912 31.8054
136.3256 31.0209
129.2906 28.3664
128.9145 28.2918
136.1038 31.3743
133.8468 32.5364
135.9723 32.8282
134.5996 32.1937
128.6454 29.2790
128.8065 29.2692
133.1679 30.9050
136.1156 32.5190
137.3850 31.9713
136.4205 31.0419
133.2399 32.6414
133.3136 32.1737
133.2760 32.2384
136.7754 32.5453
137.7090 30.8163
134.8065 32.1678
137.5561 30.9565
133.2674 32.6405
135.5897 31.6419
135.8604 32.9509
133.0035 31.8404
136.7195 31.7466
137.0105 31.4080
132.9114 32.1577
133.7200 31.9687
135.2402 30.8439
136.8930 32.0875
133.6615 32.4712
134.5501 32.2972
136.8034 32.4849
133.0290 31.6533
136.7830 32.1402
133.0412 31.6783
136.1944 32.3938
137.0130 30.3896
136.4151 31.3717
136.8750 30.8893
137.0521 30.4387
133.3956 32.1634
134.0594 32.3897
133.4344 32.5802
132.9698 30.8810
132.2017 30.5208
134.2529 32.6239
134.4524 32.3824
135.7413 31.6754
135.2323 32.0788
136.9008 30.1906
132.8365 31.2625
133.5038 32.5591
129.0190 28.3247
133.0131 32.1667
136.4311 31.0942
132.5692 30.8381
136.8885 31.1602
135.5706 32.4223
128.8340 28.5914
129.6553 28.1969
128.5611 28.7244
133.9338 32.4999
133.4904 32.1071
136.8582 30.9859
134.6536 32.2240
136.5605 32.7886
128.8692 30.0166
128.7460 29.1022
137.0221 32.2504
129.5310 28.1031
135.6672 31.7236
134.0704 32.5087
136.5640 32.5888
136.3829 31.7373
137.5667 31.5242
132.7634 30.6632
132.7274 31.7836
136.1346 32.8809
135.1805 31.0290
130.7435 28.5329
135.9396 31.4744
136.4026 32.0288
133.3090 32.6793
137.4155 30.5998
133.8760 32.4171
135.3474 32.7818
136.1834 32.7999
134.5691 32.2838
133.5010 32.0320
136.6568 30.9435
128.7164 29.7370
132.6462 32.0756
136.8089 32.0275
129.4968 28.2092
132.3996 31.8641
129.8008 28.1810
133.3637 32.2495
136.5326 31.7053
129.2098 29.1944
137.4034 31.9014
137.5117 31.7898
137.5659 31.9003
133.6873 31.7659
136.6409 31.8684
133.5878 32.6595
137.5171 31.6451
136.8168 32.3724
136.7977 32.4256
136.6712 30.8986
136.8960 32.2839
136.6709 32.6782
135.6749 32.5953
133.5678 32.6722
136.7609 30.8146
135.7784 31.7514
137.6702 31.4637
136.6124 31.8319
137.0516 31.5936
137.1314 31.7564
137.1774 32.3891
135.9628 32.2268
136.9058 32.1504
135.6525 32.8300
137.0888 31.8515
137.1304 31.6918
137.1265 32.2822
136.0587 31.5629
136.8416 32.5238
135.6562 32.8281
137.0268 31.7865
136.9496 32.3088
137.1482 31.7150
136.6595 32.5840
137.0755 32.2676
136.5013 31.0867
137.0355 32.2165
137.1348 31.8872
133.6133 32.6074
137.8533 30.7618
136.9829 31.9217
137.0485 31.5757
136.9013 32.3317
136.6990 32.5477
137.0457 32.0801
137.2307 32.1283
137.0546 31.6273
137.5416 31.7195
128.6737 28.5998
137.0472 31.9902
137.0171 32.1862
136.8773 32.1387
137.7837 31.1403
136.6945 32.5307
136.9724 31.7950
135.7521 31.8300
136.9942 31.9049
133.8257 32.6509
137.3598 32.1365
136.0689 32.6072
137.1024 31.9839
137.4013 32.0045
136.9200 32.1342
137.2866 32.1974
135.7694 32.4552
136.8678 32.5533
137.1926 32.0019
137.5115 31.5957
136.6026 31.8857
136.6595 31.9585
136.9959 31.9955
137.8313 30.9481
136.4559 31.1893
136.9238 31.5605
136.8627 31.6412
136.7696 32.6452
136.8800 32.2569
135.7767 32.8801
136.9741 31.7795
136.8824 32.4588
137.0110 31.8439
136.9904 32.0493
137.1222 31.8002
137.6710 31.3474
136.7934 30.8438
136.8442 31.6902
136.6371 32.5147
136.8537 32.5167
136.9107 32.3661
133.6356 32.6399
137.2883 32.1048
136.8672 32.2983
137.3171 32.2233
135.8408 32.8901
137.0929 32.0971
132.9603 30.6677
137.0111 32.3656
135.7443 32.5103
136.9956 32.2713
136.9556 31.7957
136.9267 32.4367
137.1537 32.2300
137.1898 31.8940
137.2663 31.9305
137.0104 31.6529
136.4621 32.1646
137.8049 31.0284
136.6138 32.6827
134.4142 32.5500
136.8441 32.1408
137.4420 32.0292
134.6554 32.4739
136.8202 32.3243
137.4601 31.9800
136.5051 32.6608
137.3437 32.1077
136.8425 32.2275
135.3582 32.1390
136.9387 32.5086
133.6072 32.6504
136.8458 32.3850
136.8963 32.1071
133.5356 32.6529
133.5335 32.6195
133.6783 32.6170
133.0597 31.0431
137.2173 31.8402
136.7370 32.5781
134.2592 32.5415
137.0605 32.0272
136.2199 31.3955
137.0526 31.6188
136.7297 32.5704
136.9868 32.3784
129.6833 27.7306
135.0346 30.8732
137.3069 29.6252
134.9160 31.0737
132.9499 32.1841
128.5488 28.4013
129.0983 28.1650
132.9679 31.0460
137.0358 31.6506
135.7167 32.5343
133.4847 32.5395
134.8334 31.1571
136.4021 32.1309
135.6354 31.5468
135.6873 32.3023
134.7705 31.2727
137.9570 30.3285
134.7625 31.2086
132.7735 32.5205
137.8519 30.5538
136.4143 30.7693
135.0421 30.7064
135.5231 32.5312
132.8478 31.7652
135.8434 32.3427
132.6488 31.8364
137.9633 30.7083
135.7917 32.5080
136.9599 32.1499
137.7948 29.9620
135.6668 32.4864
129.2045 28.3394
136.7397 31.0203
133.5463 32.0162
132.7248 32.1268
134.9470 32.0966
132.4708 31.8519
134.9552 32.0090
136.1752 31.9443
135.1486 30.7043
134.2135 31.5811
128.5683 28.4295
132.8922 31.4775
136.6813 31.9207
131.5664 30.6027
137.3832 30.2185
136.0994 31.2768
134.8681 31.1948
136.5251 30.4861
135.5160 32.7475
135.0570 32.4909
132.9947 32.1704
136.8914 30.7341
136.5689 30.5526
135.7263 32.5334
135.2529 32.6802
135.7563 32.4250
136.4632 32.0991
137.8552 30.4646
137.9227 30.1644
133.1551 32.4552
137.7320 30.9676
136.7661 32.3087
134.8863 30.8481
135.6926 32.4172
134.3204 31.6411
135.8695 32.3348
135.2592 32.7011
132.7015 32.5899
136.1816 31.9101
136.1972 30.7758
135.7904 32.4285
132.6804 31.7708
135.7089 32.3825
136.1904 31.5842
132.9152 31.7324
137.1387 30.6163
135.6842 32.3865
135.9695 32.2188
137.4667 29.6521
136.8886 30.6263
135.2739 31.8186
135.7695 32.3994
135.7133 32.4626
135.8926 32.0281
136.9438 31.2659
135.8693 32.5390
136.3220 31.6374
137.1096 32.0918
137.4071 32.0291
137.6747 30.1516
135.7972 32.4132
135.7984 32.3895
133.7134 31.9385
135.0253 31.9363
132.4623 31.9867
136.4143 32.3620
133.9865 32.3456
134.9112 31.1121
137.4521 30.4143
137.6541 29.7390
135.4886 31.8383
135.7309 32.4336
129.6692 28.0530
135.6383 32.4870
135.4173 30.0747
134.7083 31.3829
132.5287 31.9969
132.8480 30.9177
135.3814 30.1015
135.9079 32.8177
135.6760 32.0443
136.9009 32.6621
135.7122 31.9428
136.2634 31.3908
136.8082 32.5076
135.5625 32.0174
136.0582 31.6267
134.7641 32.4259
136.7523 32.5797
137.1156 31.4651
135.7251 31.9347
135.9727 32.6545
134.3023 32.6064
137.3192 31.8509
135.1486 32.2516
136.5624 31.2531
136.0082 32.8454
134.6398 32.4751
134.4272 32.6083
136.9992 31.6565
135.8654 32.9280
134.4619 32.5162
136.6647 31.9983
136.4969 31.3113
136.9378 30.6526
136.8142 31.5846
136.9259 30.6945
137.5516 31.5281
136.7144 31.7957
136.8772 31.5855
136.5819 31.0126
136.1869 29.7629
136.3494 31.4632
137.1413 32.1305
136.2534 31.4800
136.2220 32.1167
135.8738 31.8193
136.5315 32.1707
136.4852 31.1147
136.0063 32.4674
136.5298 31.3057
136.0359 32.6306
134.6192 32.4713
136.5556 32.1160
136.4037 31.4203
137.7153 31.1126
137.3199 32.1335
134.4832 32.4985
135.9191 32.8521
135.7861 31.8453
135.7744 32.7770
137.3808 32.1791
136.6283 31.8533
136.2860 31.4811
136.4119 31.6076
136.4322 31.4003
137.6900 31.3761
135.9291 31.7288
136.0053 32.3983
136.3932 32.3177
137.2387 32.1788
135.1854 32.2404
136.6506 32.1783
135.3015 32.1443
136.4408 31.4031
134.8648 32.4004
136.4933 31.3463
137.2460 32.1009
134.8713 32.3890
137.4948 31.7966
134.9252 32.3633
135.9488 32.4027
136.2689 31.5077
134.9326 32.3519
134.2471 32.5420
137.2080 32.2332
135.6331 31.9545
134.8813 32.3714
136.7400 31.7209
136.0808 31.6823
135.9595 33.0060
136.7535 31.0638
134.4670 32.5244
136.8131 32.5293
136.4435 31.3289
135.7886 31.9093
134.7399 32.4531
136.6502 30.9861
137.1640 32.2201
136.5838 31.2368
136.3523 32.5991
136.0415 31.6927
137.3013 31.6312
136.2518 31.4944
136.4038 31.3931
134.9999 32.3346
136.2316 32.1091
135.9317 31.7299
136.2724 32.8862
133.8205 32.6224
136.7198 32.4566
135.5300 32.0377
136.1018 31.6506
137.2661 32.1577
136.2056 31.5894
135.9526 32.8527
136.1643 31.5826
137.0132 32.1294
134.4215 32.4919
137.1453 32.0572
136.2803 32.7120
136.2883 31.4715
136.1269 31.6428
135.8804 32.6077
136.5055 31.2168
136.3905 32.2311
136.6443 31.0058
137.2836 31.9411
136.1451 31.5895
137.4434 31.8033
136.2012 31.5228
136.3062 32.6808
136.6733 31.0634
137.1566 32.0128
137.7496 31.7280
136.5804 31.1310
136.8023 30.9621
137.6257 31.4430
136.5779 31.2161
136.9431 31.5670
136.6977 32.5817
134.6816 32.4492
137.0133 31.4750
136.0415 31.6894
137.1055 32.3005
136.3118 32.0508
137.2102 32.2207
137.7124 31.2745
135.8922 31.8215
136.8881 32.4715
135.8070 31.8690
137.5579 31.4723
136.3605 31.4916
136.2626 31.4190
137.6913 31.3715
136.3029 31.4583
136.7262 31.7338
135.3577 32.1577
136.1104 32.4658
136.2034 31.5737
136.1969 32.8711
136.2533 31.4946
137.6791 29.8580
135.8298 32.5200
136.7959 31.9877
129.8602 30.3695
136.7765 32.3040
128.1317 28.2498
134.9476 32.7861
137.2592 30.0751
135.7699 32.0361
135.8949 32.3898
129.2709 28.4250
137.0113 31.6359
134.1794 31.4901
137.7492 29.4767
133.0753 30.3936
135.9322 31.2342
136.7248 31.1778
132.2577 31.4194
132.9427 30.5471
131.9943 32.0312
135.6803 32.2149
136.2892 31.6723
136.5801 30.1495
133.6493 32.2143
132.6612 31.0243
136.5331 30.1783
137.0591 30.5379
132.7878 31.2369
137.3333 29.7959
133.1638 32.4836
132.6862 31.5164
129.4965 28.0757
131.9544 30.1798
135.0905 32.7273
128.1474 28.6711
134.2142 31.3300
135.4182 31.7161
137.0752 32.0609
128.3645 29.2856
134.1941 32.2442
135.5726 32.5615
129.0506 28.5465
136.8928 30.6299
128.7686 28.8912
137.2947 30.7681
134.5292 31.4656
128.7231 29.8357
135.0967 32.1526
135.1066 32.3177
134.8996 30.7678
136.5487 32.4822
132.5687 31.6344
133.5507 32.2163
132.0351 31.7114
135.3769 32.2957
136.3614 30.7610
135.9062 31.0593
135.5079 32.5615
128.9525 28.5095
136.5152 33.1643
132.8113 32.1010
135.7448 32.4086
132.6073 31.3815
136.7880 29.5596
136.9357 32.0544
132.6843 31.5221
134.5023 31.7053
136.6224 29.7613
136.1046 32.4071
136.6977 31.0784
134.4408 31.8365
132.9464 31.6114
136.0050 32.4865
135.0394 30.1725
129.0508 30.5514
134.3037 31.7397
136.6853 30.9493
136.1375 31.6564
132.9526 29.7062
132.4005 30.7236
131.4817 30.6430
132.2123 32.2485
132.3231 29.7770
136.1144 32.2494
136.9820 30.1889
132.5298 32.3022
134.0857 31.2739
137.7416 30.7619
135.4947 31.4797
135.9475 30.0737
137.7478 30.5638
134.9417 30.6408
130.2601 28.0258
133.6841 32.0404
136.6475 31.9510
134.2376 31.3483
131.6951 30.4521
132.2389 31.7407
135.9387 31.6051
134.9288 30.1723
132.1579 28.4903
136.3740 31.5860
131.9890 30.4947
129.4343 28.5171
134.0525 31.9735
132.6393 31.5600
135.9237 32.2735
136.6689 30.6640
136.3892 31.0698
134.8005 32.8183
132.4919 30.5365
135.1858 30.8539
137.8358 34.3419
135.3127 32.6521
133.1951 31.2443
135.0208 31.1424
127.5047 30.0195
135.6543 32.2407
136.7546 30.2568
134.6612 32.5904
136.5334 31.0269
131.9878 30.0421
136.3147 31.6422
134.9657 30.1945
136.1039 31.5045
129.6923 29.3084
135.1194 32.6367
135.0419 30.1996
129.3524 28.8271
132.6523 31.4046
136.5889 31.8584
134.8142 32.4891
134.5439 32.6862
136.3639 31.3174
136.1463 31.7555
136.8659 31.0866
135.3845 33.2179
137.2395 32.0511
133.5464 31.7125
136.1102 30.4630
136.1948 30.6117
136.9241 30.2581
131.5945 28.2155
134.7614 30.5076
131.8772 31.1067
135.1955 30.5683
136.4776 30.8694
135.8421 32.1452
132.2135 30.6760
134.5496 29.7712
134.5711 31.3570
134.7232 31.3040
135.0683 32.4252
136.0930 32.0862
133.6281 31.8215
134.8585 32.6609
136.4312 31.5031
135.3891 33.1617
136.1153 30.4520
134.1486 32.0563
132.7819 31.0505
129.5042 27.9001
136.0414 32.2936
133.7291 32.4678
132.4018 32.2764
132.7480 30.7367
128.9919 29.3217
133.9184 32.4543
133.8512 31.7536
129.0951 28.5473
129.1621 29.2546
132.5670 30.7098
132.9768 30.6033
137.0965 31.6438
136.9693 32.1861
135.7788 32.1895
137.8327 30.6800
136.3204 30.7836
135.2187 30.7968
136.5495 30.4459
132.2222 28.9624
135.0588 30.6513
132.7669 30.1553
134.5406 32.2079
128.3874 28.5660
136.6193 31.1977
136.4190 30.9932
135.5166 30.8317
136.6037 32.4040
137.3770 31.0560
134.7234 31.9205
137.1109 31.8330
128.8822 28.8953
136.6741 30.5144
137.2122 32.0464
133.2182 30.3774
136.4869 31.6827
136.3478 31.9222
128.5884 28.6421
137.0694 31.8257
132.9575 31.2001
136.2776 31.5194
132.8058 31.4449
129.3226 29.5549
136.6401 31.9578
131.8642 28.7896
136.2126 31.4363
135.8038 32.3082
132.6592 32.4442
136.9681 29.8556
137.4352 30.1296
133.2343 32.0942
132.6169 32.2082
137.6576 30.4144
135.4798 32.3056
134.6295 32.3096
132.7547 30.6586
136.8357 32.2041
136.0489 32.2269
133.9131 32.1078
133.5862 32.3132
132.3995 32.3541
134.8796 31.4249
135.8899 31.4925
135.8692 31.5799
136.6335 29.9699
133.6722 32.3717
131.8578 32.0971
132.9232 31.2709
136.3358 31.6321
135.2295 32.7534
132.3817 31.8672
135.9723 32.3590
136.1188 31.1252
137.3511 31.8838
135.3794 32.9791
133.0484 30.3397
136.9340 31.2495
135.6439 32.8137
137.0146 30.9298
136.1297 31.5091
137.5998 30.6394
129.9690 29.3088
136.0792 31.7681
133.1385 32.6238
133.3592 32.3623
133.4949 32.5814
136.6472 31.8114
137.7043 30.0707
133.5257 32.5627
128.3423 31.4397
136.6321 32.3008
137.1579 30.2845
136.5715 31.8318
136.8507 30.1875
134.7268 31.5009
133.4870 32.4642
128.7322 29.1323
132.7443 29.7649
133.1627 32.7245
136.4448 30.7830
132.7061 31.7670
133.2484 32.7436
133.7636 31.9757
128.1613 28.8928
133.8084 31.7736
134.1232 31.7248
128.7719 28.2753
134.2768 32.2528
128.5760 29.4323
135.8327 31.2514
132.6779 32.3149
136.8070 31.9626
129.0541 28.3783
133.7061 32.5358
135.1693 32.6909
128.5138 29.3098
133.2679 30.3292
131.2170 31.0456
134.6235 31.4572
133.9990 31.3568
132.2422 31.7360
136.2495 31.2054
135.8349 32.0012
132.7044 32.0425
132.6852 30.4225
133.4124 32.4569
131.8909 31.4544
128.7851 28.2978
129.2578 30.6132
133.9741 31.4760
135.2891 32.2987
135.6397 32.0267
132.7343 30.1310
135.3200 32.3570
134.6317 31.1787
133.5977 31.9946
136.4979 31.1516
135.2873 32.5923
133.4883 32.2790
128.4178 29.4748
135.2383 32.9603
135.4293 32.5206
134.7176 30.5901
132.7180 31.3710
133.8946 32.1555
134.4860 31.6490
128.3202 28.5635
132.5232 31.1527
132.2020 29.2077
132.5339 30.0810
136.7641 29.9722
128.1779 28.8787
132.1939 32.0310
135.5492 32.3575
135.4133 31.6444
136.2690 32.1029
134.5657 32.2524
136.1592 32.2973
128.9491 28.3260
132.1766 31.7822
136.7842 31.6920
135.8824 31.7360
136.1673 31.0748
133.3035 31.8342
136.3702 31.9922
135.2158 32.5194
131.5247 31.2608
136.3183 31.7039
132.6580 31.5791
133.1010 32.2555
134.3516 32.3117
133.8265 32.4020
129.6985 28.2439
132.2626 31.6561
135.9874 32.3877
133.9385 31.5860
137.3621 32.0175
135.3680 32.7927
133.7078 31.7600
135.0535 32.4963
129.8563 28.0798
136.7482 30.1278
133.1324 32.3633
132.5456 32.2785
135.2254 31.1296
133.1886 31.9971
137.4745 30.4372
136.3480 31.8156
136.2900 32.0373
137.5022 31.7295
137.3230 30.8868
137.0662 31.4730
136.8853 31.7139
136.5566 31.8852
132.8603 30.7454
137.0179 30.7159
137.0616 30.8703
136.1671 32.2483
136.4561 32.7478
133.2079 30.4425
137.0353 31.6541
135.1633 32.0339
136.8652 31.3963
136.7864 32.7326
136.4238 32.5620
131.6076 31.2588
137.6600 29.7549
137.7569 30.5886
136.4504 31.9169
133.4078 32.6586
138.1141 29.9734
132.1260 32.6498
136.9384 30.6833
136.5455 30.8953
137.7692 31.6563
135.8253 31.2286
137.3864 32.1689
133.6249 31.8885
135.6994 32.8745
138.0548 30.2586
135.0053 31.8085
133.5012 32.0484
137.4373 32.3796
137.1142 31.4628
135.1732 32.2338
133.4838 32.6077
135.8845 31.5094
132.0461 32.5391
137.3727 31.6982
137.6517 29.8449
136.6061 32.4176
138.1753 30.2031
137.4468 31.6146
134.2585 32.5541
136.4244 31.3042
135.8518 31.3365
136.9675 31.1393
132.8548 32.1102
136.8567 31.1043
136.9705 32.7803
137.8597 31.4093
137.0053 32.4099
137.2394 32.3125
128.0870 31.6520
135.9535 32.6547
129.2248 29.2384
137.7196 30.1346
138.1269 30.5014
133.1185 31.0596
135.0072 30.2268
137.7752 31.6000
136.8125 32.0289
134.0515 31.7891
137.3050 31.7255
133.7322 32.6509
136.6042 32.4506
133.5549 32.7018
137.6964 31.8807
137.4818 31.5303
137.9838 30.7043
136.7202 31.8141
126.8336 32.2631
137.8998 31.7404
133.7763 32.5130
137.9692 30.1321
134.4827 32.4890
134.0768 32.5434
135.1642 31.6234
137.1200 31.4288
136.1376 32.4887
138.1323 30.5571
134.3928 32.5829
136.8991 32.1196
137.4974 31.5260
131.6474 31.4052
136.9219 32.8739
131.5536 30.7043
135.5637 31.7980
136.9966 31.6175
131.3081 29.2517
136.6797 32.3396
134.4123 32.3614
137.1377 31.7612
127.7925 32.0777
133.8581 32.6714
136.3949 31.0585
133.7312 32.5559
134.6528 32.1452
137.2520 30.1335
134.8303 32.2052
137.5907 31.9058
136.3176 32.2055
136.3045 32.8218
136.8674 30.9576
135.8964 32.6599
137.6455 31.6326
136.8656 32.5416
129.2888 29.7813
136.9430 32.9636
136.8064 32.8933
137.3204 32.5396
133.7912 32.6394
136.0810 32.2930
129.0067 28.2452
136.9079 32.8246
136.2683 32.0689
132.7993 30.6991
137.1736 32.6691
133.4389 32.5792
137.1602 30.4711
136.2381 32.8538
136.6701 32.7331
135.7554 32.5899
135.6444 31.9414
132.7059 31.1327
132.8988 32.1955
136.7637 32.4715
137.8125 31.8489
128.6382 29.2304
137.0426 32.0827
130.3053 28.3912
134.6318 31.3915
136.9773 31.5349
133.0014 31.1161
132.9257 31.8016
132.7261 32.0532
137.3508 32.1629
128.7112 29.1217
133.5170 32.0393
132.6495 32.0264
132.6588 31.9655
132.5866 32.0972
132.5425 32.0297
135.6340 32.2349
132.7696 32.0044
136.2376 31.6034
137.1015 32.4016
137.5942 30.6140
132.9556 31.5551
132.2418 31.9577
129.2269 28.3259
132.1555 29.0773
132.5943 31.8229
137.2444 32.2425
132.8943 31.7001
137.2701 32.1643
132.7182 32.1771
132.9913 31.0495
137.6531 31.2679
132.3619 29.3032
136.9518 32.2129
135.5636 32.7937
132.6471 32.1468
135.0596 30.9745
137.3604 32.0542
135.9830 32.8036
133.7928 31.8911
136.8948 31.8720
136.8181 32.1086
132.7958 32.2018
135.3553 30.1868
133.0251 32.1019
132.5120 32.1419
132.9624 30.9645
132.9778 30.9851
133.6061 31.9707
133.0559 31.2182
130.1516 28.2401
132.9808 32.2134
136.3254 31.3558
132.8809 31.7283
132.7181 32.1516
136.8011 32.5322
136.8857 31.9278
136.9128 32.0202
136.9935 32.1552
132.6998 32.2080
136.7013 32.6414
128.6703 29.2288
132.7348 31.9960
133.1890 32.2276
129.0887 28.2762
133.0334 32.1540
135.1702 31.9480
132.5863 32.2092
132.9831 31.3322
133.1722 32.0468
137.0146 31.9106
136.2103 32.3598
136.3255 32.1458
132.7442 31.9892
133.2897 32.0690
136.9808 32.1118
132.5910 31.9585
129.0422 28.3098
135.9701 31.9641
136.5626 31.7928
132.5541 31.9446
136.6099 31.8288
137.3797 31.9257
134.3148 31.4961
132.4453 31.9678
136.8015 32.1074
132.8880 32.2773
133.2207 32.0465
137.2684 31.9967
135.8609 32.9105
135.5831 32.8016
133.2038 32.1535
132.5665 32.0785
134.2610 31.4941
135.0695 30.8231
134.1152 31.7195
136.7237 32.3747
137.4213 32.0957
128.9252 28.3573
137.0043 32.3555
133.1093 31.3032
133.5741 32.0300
136.6863 32.2320
133.1375 32.2672
132.9858 32.2111
135.7471 32.0108
137.0029 31.8465
132.7292 32.0424
136.1100 32.5138
132.7890 32.1283
133.3956 32.0583
137.7331 30.9408
136.8534 32.0078
133.2086 32.1973
133.7410 31.8563
137.4539 31.8128
132.9934 31.6730
132.4541 32.2141
132.5250 32.0570
132.5417 31.7195
133.6493 32.1063
134.7677 31.2414
133.1356 32.2980
129.6823 28.0169
129.9305 28.0888
135.9287 32.0681
136.7259 31.5030
136.1906 32.2226
135.2020 32.4184
134.4105 32.2542
133.0355 32.3230
132.2714 29.4489
128.8023 28.4409
136.2383 31.1597
136.3628 30.6549
132.7038 30.9959
133.1596 32.1331
134.2209 31.4343
132.5960 32.5998
136.1348 31.6903
135.8944 30.0127
133.2354 31.8285
130.5732 28.4422
133.0207 31.9612
133.6401 32.4899
136.8692 30.2220
136.1607 31.6389
135.0695 32.6404
132.7445 32.3510
128.6102 29.5677
132.7706 31.6887
128.5119 29.0819
136.9457 29.8608
128.7288 28.5495
135.1367 32.9084
133.8885 31.6608
135.8102 31.9342
132.7192 31.3062
128.1727 28.6687
132.4361 31.8486
135.3634 30.7175
135.3909 32.4198
130.1116 28.2760
136.1111 32.3004
128.7595 30.1267
133.2167 32.5744
128.6116 28.5366
134.8967 31.1150
136.2939 31.3250
136.5782 31.5778
133.1348 32.0030
133.4389 31.9242
134.5150 31.3746
135.8498 31.6073
133.1727 32.0457
134.6744 31.3594
133.7690 31.8401
132.6777 31.5479
134.6962 31.3652
131.7682 31.6181
136.6681 31.4585
135.0628 32.0330
134.4524 31.3602
128.3502 28.9685
129.5183 27.8497
134.8758 32.7875
134.9381 31.3291
128.6581 28.3877
131.9111 28.8042
131.5543 28.7140
132.8166 30.7409
132.9387 31.9478
135.0573 32.4974
134.2975 31.8398
134.0744 32.1167
135.1066 32.5356
135.6169 31.9653
130.3705 28.3825
133.5863 31.6065
132.3038 32.1437
135.6608 32.1488
136.2945 29.6644
136.4146 32.3778
133.7800 32.4516
136.4889 32.0188
136.2216 29.7657
136.7277 30.1424
136.8209 31.5560
137.0899 32.0115
135.2417 32.0171
135.1075 32.0457
132.3626 29.5230
132.8429 32.1750
132.8584 31.1053
132.5431 31.9986
132.7807 32.5414
133.3486 32.5569
133.4473 32.5452
136.6446 30.7034
131.3433 30.7990
134.3784 31.6949
133.2623 32.6158
134.3003 32.3470
133.1578 32.1649
137.2909 32.2326
136.5953 32.4984
129.2943 29.1875
134.9059 32.0671
132.7331 32.1120
137.6057 30.3428
134.7681 30.9814
136.8486 31.8291
133.4978 32.2543
133.0745 31.3588
136.6431 30.3292
133.8482 31.7940
135.1932 32.6584
132.4567 32.0679
132.5298 32.1301
132.6559 32.6221
134.9931 31.2291
135.3611 32.8297
137.5659 30.5729
137.3369 31.8177
133.2919 32.1450
132.9613 31.7653
132.7879 31.8435
136.9688 32.1974
134.4993 31.5669
134.8473 31.2444
136.8047 31.8170
133.0310 31.2819
132.7291 31.7676
132.9977 31.0162
136.6219 30.5887
136.8472 32.1103
132.3677 32.0752
132.9763 30.7885
132.4780 30.5452
135.2373 32.5535
136.6233 32.5188
134.2916 31.7538
136.0905 32.2865
137.6387 31.4542
136.8102 31.8065
132.7953 32.1804
136.5699 31.7955
132.7059 31.8016
132.3429 32.1061
133.4822 31.9685
133.4210 32.6160
132.3880 31.8521
136.6778 32.4915
136.6370 30.4979
133.9927 31.8366
136.1457 32.5876
135.2984 32.6406
131.9667 28.9420
137.1081 32.1932
133.8260 31.9985
135.4999 32.6978
128.8900 28.4999
132.5919 31.8678
136.7868 31.3038
132.5315 32.2507
132.7102 32.3321
134.0839 32.3915
132.7302 31.7624
135.2354 30.6199
135.9906 32.0548
135.8025 30.0212
132.8700 30.7795
135.6745 32.7047
132.9186 30.6042
132.7057 32.2278
135.9668 31.8438
128.8434 29.2613
136.5773 30.8536
134.4792 31.7176
136.1660 31.6601
136.7735 32.3413
137.2650 32.0749
136.3313 31.0295
133.9810 32.3958
132.6765 31.7343
137.0067 32.1011
134.4313 31.5998
136.6248 32.0756
136.7494 30.1719
136.9623 30.2947
136.4867 30.8437
132.6697 31.8108
132.3566 32.0352
129.2489 29.1136
132.9263 31.6126
133.1314 31.2751
133.4370 31.9869
134.1359 32.4121
129.2329 28.3678
133.0332 31.3752
135.6908 32.3324
132.8819 31.1017
132.4274 32.2317
131.9378 32.3388
137.2722 31.7746
136.4836 30.1535
133.5097 32.2496
135.8783 31.2857
132.2791 32.0147
136.0530 31.2714
133.4792 32.1843
134.7393 32.2631
136.4629 30.1748
135.1212 32.6486
136.7922 31.9604
130.1913 28.1401
132.1753 32.1374
136.4061 32.0550
128.4626 31.1708
128.8470 28.8709
128.6882 28.9375
135.1541 30.1936
136.2389 32.0132
129.5284 27.9878
134.0718 31.8817
136.4822 31.8099
128.5373 29.2481
136.4490 31.4802
135.1364 30.7138
132.8257 30.4685
133.4970 32.1291
136.2877 31.9222
133.4261 31.4098
136.8214 31.6747
128.4986 28.6301
128.5887 28.8718
132.5674 32.0007
134.5734 32.1735
136.4265 30.3162
132.0971 31.8782
132.5693 30.4798
128.7460 29.7430
128.6493 28.4586
132.9626 30.3240
135.8460 32.5819
132.9554 31.6216
135.6907 32.2013
133.5435 32.0119
134.3532 31.6891
135.4081 31.9207
135.7099 31.4459
136.2467 31.8819
136.5490 30.8453
135.3832 32.1939
134.5314 31.2791
129.4951 31.0424
130.2786 28.1310
136.1917 30.4021
133.6145 32.3913
134.0343 31.8700
129.7104 28.0838
129.6593 28.2850
137.3640 31.7665
129.2362 29.3205
135.1998 33.1456
135.1233 31.9914
132.8497 31.4185
136.0606 29.8405
136.9976 31.7914
134.4546 31.5786
136.6778 30.3717
136.8535 30.5130
130.1317 28.0219
133.4841 32.5430
135.8677 31.2786
136.3935 32.2547
132.8896 30.3498
134.1754 31.4733
136.7878 31.5906
133.7420 31.4781
128.4706 29.2283
135.2594 32.3998
130.0041 28.1333
132.7032 32.1242
136.5470 30.9916
134.4328 31.0175
132.9882 30.7431
136.0082 30.1218
133.5110 32.0554
132.4603 31.7147
133.7153 31.9138
136.2147 31.3696
132.6302 30.9850
132.6959 32.1022
135.6575 31.9860
136.0522 31.9573
133.4794 32.6174
135.4040 32.5413
133.4758 32.0396
132.8844 32.5662
130.8875 30.8258
137.2793 30.3585
135.2078 32.4288
132.9984 30.6929
136.6653 31.9169
133.6528 31.8665
136.0499 31.2268
136.6271 30.4950
135.8252 29.7930
136.6667 30.7145
131.8356 30.5230
132.6460 31.8557
128.4102 28.5055
132.1492 31.6666
134.1106 31.5401
132.9581 31.7347
136.6533 31.6296
136.3841 32.7710
136.6286 30.5256
134.7496 32.1409
135.9171 31.3781
134.6814 30.8966
134.7003 31.5974
136.4078 31.9426
136.6693 30.1719
128.7827 28.2120
131.9119 31.4793
131.8930 28.7381
134.7087 31.5959
133.6963 32.2322
133.3799 32.4200
135.8007 30.2005
134.6316 31.1156
136.2717 30.2010
132.8219 31.2000
134.8487 32.5451
135.0645 32.3989
136.9988 32.0369
136.9232 30.2834
133.4620 32.4208
135.9585 31.2493
136.5109 31.3392
136.6513 30.4806
136.0365 31.3013
133.5667 32.1799
134.6253 30.9429
133.9010 31.9763
133.2594 31.7195
136.5654 30.4531
128.5022 29.6143
131.9978 31.6201
133.5363 32.5480
132.5791 29.8900
135.4128 32.7840
131.8947 29.0533
134.4966 32.1181
137.0532 29.9213
132.0820 31.8796
134.7225 30.9263
136.8377 30.3218
135.2555 31.8130
136.7114 31.7636
132.0535 30.8530
136.9738 31.5248
136.6454 31.0914
136.8680 31.9467
133.3147 32.5241
134.9637 32.7230
131.7021 31.3320
135.6416 31.6109
133.8654 31.6984
132.2081 31.7888
134.1625 31.4852
133.5632 32.4725
135.9936 31.6969
136.6622 30.4571
136.3291 30.2925
136.6759 30.1462
136.7194 30.3253
136.2009 31.2535
133.1339 32.5046
133.6898 32.1833
133.7074 31.7600
136.5837 30.7385
136.4946 31.0402
135.7008 30.4873
134.5561 31.2201
132.9630 31.4715
136.9057 32.0539
135.8464 32.2899
135.8170 32.4954
132.4143 32.6595
135.4413 29.8176
136.5487 30.7100
136.5110 30.5781
135.9367 32.4016
136.4951 31.6469
132.8940 32.1780
136.0707 31.3898
132.2413 31.8470
136.6226 31.3619
136.9842 30.5220
132.6040 31.7496
132.3192 32.0403
135.2894 32.5812
132.2197 31.9036
137.5090 29.8993
135.5286 32.7254
136.2405 30.6716
132.4229 32.1882
133.6065 32.4087
132.7583 32.1413
135.8543 32.2525
136.1016 31.9442
135.1749 32.2740
132.2933 30.1940
136.4719 32.1355
134.9989 32.6824
132.6881 31.6973
135.8516 31.9992
134.7974 30.8165
136.5843 31.8724
136.3835 31.4082
137.4197 29.8570
135.7954 31.7699
132.7490 32.0749
135.8672 32.2521
136.5924 30.5595
132.2833 31.7068
132.4287 31.7735
136.6619 30.4993
135.4041 32.3954
135.7725 31.8910
136.0188 31.9482
137.5125 30.2929
132.2914 31.9435
136.7825 30.7880
136.5382 31.9485
135.2236 30.2110
132.8545 31.2029
135.3659 32.4120
136.5082 31.7712
136.4698 31.4020
132.9032 30.8444
135.2102 32.2269
132.2942 31.8264
136.1713 31.8019
135.6985 31.8276
134.6185 31.0496
136.4030 30.4042
135.2802 29.9402
136.2860 30.8074
136.1260 31.5752
136.5485 30.3265
135.3936 32.2772
137.4386 30.2810
135.9074 31.9792
134.9801 32.4236
136.3145 31.5607
136.0134 32.0590
136.5800 30.3665
136.6080 30.9194
135.5618 32.1476
134.1096 31.4493
134.2614 31.3791
136.1552 31.8087
136.7182 30.3784
132.5137 31.9962
134.7575 31.1985
129.2790 27.7937
132.6934 30.5775
136.3425 31.9582
137.0459 30.3589
135.9546 32.0274
136.0452 31.6830
135.9093 32.3701
134.9786 32.4677
136.1202 31.8655
132.3159 31.7681
132.5833 30.7421
132.5383 32.1040
132.5709 31.7656
136.4889 30.7857
135.4374 32.6189
135.7985 32.0697
132.7028 32.1321
132.3233 31.7605
136.0925 31.5596
136.0934 30.9718
133.8408 31.6495
135.6624 32.2868
135.6087 32.1252
135.2214 32.4755
132.5634 31.9458
135.7132 32.1727
136.0510 31.7736
136.1446 31.7858
135.4065 32.5433
135.9201 32.1319
136.3897 31.0432
135.7454 32.1203
137.1191 29.7093
135.0125 32.6769
136.6037 30.4986
135.6498 32.2982
136.0575 31.7328
132.4281 32.0234
132.4338 32.1268
135.6939 32.3369
132.4780 31.9270
132.2462 31.9429
134.4632 31.2415
134.9628 30.4870
132.3798 32.0356
136.0741 32.0195
135.6457 32.2950
136.3548 32.2094
135.9458 31.9430
135.7747 32.0878
133.1483 32.2454
136.4742 32.1514
133.4712 31.8105
135.8601 32.2104
126.7743 31.5007
133.0417 32.4990
136.9687 31.8566
135.2851 32.8700
136.7994 29.9368
132.0420 29.1912
133.6377 32.6441
136.2517 29.9410
132.7635 30.2419
134.2118 31.5421
137.5123 30.4478
136.6366 30.1713
134.7313 31.2077
133.6288 32.4148
137.2749 29.6505
134.4692 31.3310
136.0501 31.0763
133.8853 31.8585
136.9841 32.2769
135.2262 31.3231
132.7023 32.6810
136.6102 30.9948
129.0379 29.0936
134.0295 31.3848
134.0418 31.5859
134.3025 32.1720
128.4225 28.5712
135.7990 29.5583
132.4071 31.6261
137.0560 29.8472
136.0693 32.4067
135.0825 30.8998
135.8474 32.4585
134.9667 30.6575
136.7209 30.5092
134.1553 31.6576
134.6711 32.1608
135.2756 30.8961
137.0303 30.4094
133.5189 31.9642
135.3579 30.0234
130.0001 29.5995
135.6095 29.9476
128.2689 28.3251
128.0811 29.2290
136.8185 32.2222
136.8098 30.7188
134.4001 30.9170
133.0227 32.4763
134.9387 31.5390
136.8821 30.1789
129.7637 27.9812
132.3853 31.0194
136.0196 29.6630
130.3409 27.8946
137.7428 30.9536
136.7808 30.3058
136.5040 31.1976
135.2845 32.0271
136.6834 31.5269
135.0241 31.2123
136.3875 32.4002
136.1607 31.3722
131.0309 28.3116
134.5978 31.4775
133.9355 31.3667
132.4476 32.2795
132.1037 31.0022
132.8788 30.9340
129.4296 31.0993
133.4000 32.4302
134.4135 31.7348
133.7795 32.0226
129.7978 27.7639
131.6220 28.7382
135.7383 32.8416
137.0041 31.6262
136.7157 32.6567
135.8538 32.7308
136.8567 32.2989
136.6198 31.1411
137.1122 31.6537
136.8404 31.6245
136.9515 32.4889
136.9768 32.1606
135.9468 32.9793
136.7674 30.8701
136.7128 30.8752
136.7924 31.6806
136.3952 32.3968
136.0018 32.3611
136.9713 32.1062
137.2284 32.2663
136.8542 32.5564
137.1064 31.8799
136.3232 32.4999
136.8074 32.4715
136.8808 32.4118
136.0092 32.3224
136.8615 32.4018
136.7986 31.7668
136.5852 32.0283
136.0447 32.3086
137.0573 32.0216
136.2214 32.8672
136.7118 31.8521
137.1502 31.6856
137.1348 32.1006
136.4864 32.2254
136.7231 32.7133
136.7935 32.4704
137.1266 31.7990
137.1911 32.2639
136.2603 32.6693
136.9088 32.3837
136.5997 31.9265
137.0732 31.9788
136.9430 31.6043
136.9924 31.6524
136.8887 31.5956
136.7737 32.5646
136.8235 31.6521
136.8306 32.5680
136.8878 32.1730
137.0134 32.4321
137.0315 31.7059
137.1308 31.6861
135.7993 32.7938
136.4824 32.3904
136.1368 32.2106
136.9504 31.6410
136.9261 32.3747
137.0756 31.8632
137.0749 31.6570
137.0252 31.7239
136.3176 31.8437
137.0715 31.6040
136.3991 32.4001
137.0966 31.9485
136.3915 32.4600
136.9891 32.0436
137.0069 31.6235
136.8362 32.7301
136.8481 32.4388
137.0571 32.0460
136.8847 32.3501
136.4667 32.2326
135.8737 32.9276
137.1113 31.9344
135.8556 32.9491
137.0963 31.7764
136.7109 32.5964
137.7275 31.2901
136.8326 32.3194
136.4418 32.3729
136.9699 32.1233
137.0050 32.4258
137.0408 31.6982
136.7475 31.7719
137.1307 31.7491
136.2809 31.9806
136.8377 31.6462
136.6382 31.9361
137.0815 31.9307
136.7660 31.7356
137.0514 32.4437
136.2437 32.8340
137.1020 31.7588
136.7473 32.5269
136.6426 31.9172
136.1890 32.9919
137.0475 32.0245
137.0253 31.6314
137.4477 31.9123
135.8837 32.7286
136.8007 32.3454
136.8291 32.3281
136.7603 32.7229
136.9232 32.3074
136.2429 32.0137
135.8615 32.6404
136.8974 32.2758
136.9621 31.5806
137.1019 32.3365
136.9263 32.2216
136.5984 31.9877
136.8506 32.5350
137.0483 31.6217
137.5466 31.6143
136.2330 32.8612
137.1209 31.8757
136.9592 31.5672
137.1511 31.8026
137.1448 31.8237
135.8637 32.9164
135.9167 32.4547
136.6832 31.9661
136.6593 31.8979
136.9695 32.1296
136.6367 31.9464
136.9149 32.1873
136.9790 32.1427
136.5938 31.2194
136.5031 32.2505
135.8410 32.8566
136.0554 32.9345
136.7331 32.5666
136.8613 32.4643
136.9295 32.1894
137.0793 31.7354
137.0325 32.0969
136.8073 32.5435
137.1136 31.7499
137.0504 32.0396
136.6605 32.0000
136.1903 32.1454
136.1489 32.9529
136.7178 31.8788
136.2523 32.0035
136.8005 31.6761
136.7823 30.8479
136.2914 32.7421
135.9146 32.9738
136.9756 31.6817
136.1525 32.1643
137.1255 32.4267
136.8814 32.2720
137.1230 31.9278
136.0672 32.9813
137.1593 32.3619
136.8741 31.6202
136.5181 32.2231
136.9962 31.6201
136.9468 32.1107
136.9906 31.5990
136.8796 32.5214
135.8655 32.9678
136.1184 32.2762
136.8088 32.4968
136.0727 32.9814
137.2900 32.2899
136.1669 32.1982
135.9267 32.9732
136.8198 32.6081
137.0147 32.1429
136.5765 31.2118
136.3993 31.5849
136.9551 32.5023
136.7111 31.8064
135.8086 32.6657
136.7362 31.7755
136.8700 31.7025
135.8234 32.9375
137.1268 31.9429
136.9202 32.3178
136.2230 32.8525
135.8110 32.8413
136.6852 30.9144
136.8278 32.6698
137.0849 31.7740
135.9627 32.9689
137.1208 31.7745
136.6909 31.8635
136.4501 32.3903
136.9832 31.6044
136.3837 32.4805
136.2467 32.0018
135.8707 32.5118
136.3293 31.8006
136.8581 32.4287
137.0895 31.9367
136.7926 31.6792
136.5887 32.1588
137.0671 32.4532
135.9842 32.3489
137.5485 31.7621
136.9945 31.6273
136.4415 32.3048
136.2748 32.7788
136.9951 31.6691
136.7894 32.4886
137.0538 31.6573
136.3472 31.3179
136.9931 31.6205
136.3312 31.8143
135.7991 32.6174
136.8348 32.4070
136.8291 31.7316
135.8699 32.7211
136.8035 32.7352
136.4980 32.3352
136.8433 32.4060
136.5692 32.0645
136.8142 32.7358
136.9721 32.1809
136.0526 32.2984
136.7743 32.7323
136.2080 32.9424
136.9445 31.6110
136.7272 32.6037
135.8115 32.7489
137.0564 31.6721
136.8082 32.4087
136.5459 32.1821
136.6512 32.0441
136.1050 32.2566
136.6093 32.0698
136.7743 30.8602
135.8817 32.9340
136.4002 31.5772
136.9380 32.2399
136.5949 31.1724
137.1093 31.8575
135.9030 32.9925
137.3556 32.2359
136.7267 31.0318
136.9786 32.5619
137.5837 31.7035
136.7395 32.5556
136.9138 32.1500
136.9520 32.1502
136.7131 32.5105
137.3262 32.1881
137.1084 31.9317
136.2398 32.0364
136.5428 32.2490
137.3322 32.0657
136.7836 31.7096
137.1143 31.6812
136.6404 32.0095
137.1236 31.9534
136.9655 31.6762
135.9282 32.9666
135.7805 32.9098
137.1246 31.7243
136.7097 32.6518
136.4978 31.4030
136.9741 31.6650
136.8332 32.3066
136.6554 31.0694
136.8980 32.2512
135.8603 32.5905
136.0014 32.9382
137.4848 31.9072
137.0526 31.7477
135.8785 32.9055
136.8487 32.3165
136.3580 32.6461
136.7120 31.9154
136.9309 31.6138
136.0396 32.3327
137.2719 32.2955
136.7177 32.7394
135.8811 32.7769
136.9257 32.1567
137.0378 31.9789
136.0838 32.2643
136.8667 32.3312
137.0564 31.6610
137.1308 32.4152
136.8615 32.3043
136.7167 32.7317
136.7984 32.4863
136.5627 32.0871
137.0562 31.7080
136.6774 32.6091
136.9470 32.5597
136.0019 32.3434
136.6134 32.0840
136.0734 32.2876
136.7689 32.3986
136.7097 32.6655
136.4904 32.3262
137.0365 31.6679
137.0210 31.6638
136.9688 32.5045
137.0331 32.4975
137.0925 31.7739
136.7703 32.4274
136.8626 31.6361
136.0598 32.3117
136.8012 32.5828
136.8619 32.2900
136.9821 32.1320
137.0082 32.0343
137.8076 31.0814
137.7745 31.1616
137.5450 31.9650
136.1000 32.2506
137.0437 32.0388
137.0438 31.9341
136.8395 32.3734
136.7576 31.7510
136.5554 31.2475
136.7159 32.6914
136.9695 32.2323
136.0356 32.3386
137.0556 31.7336
137.0301 32.0145
135.8366 32.7066
136.7818 32.4897
136.8106 32.3995
136.0305 32.9839
136.8349 32.5343
136.8314 30.7817
136.9767 32.5045
136.8545 31.6780
136.0618 32.3822
136.9677 31.6474
136.9785 31.6350
136.9441 32.1560
137.0111 32.0091
137.0597 32.4224
137.4690 32.0280
135.8484 32.9385
136.5558 32.0472
136.7529 32.5178
137.4919 32.1386
136.7288 32.5827
136.0553 33.0341
137.0055 32.2673
136.8485 32.4842
136.6097 32.0378
136.9484 32.4980
135.7961 32.9037
137.0765 31.6789
135.8441 32.7838
136.7966 32.5042
135.9105 32.4547
136.2523 32.6626
137.0798 31.8136
135.8515 32.8263
136.0007 32.3465
137.1015 32.0762
136.9948 31.6297
136.6755 32.6927
136.7855 31.8025
136.8405 32.2792
137.1209 32.0954
135.9169 32.5264
137.2329 32.3007
136.5377 32.1819
137.0703 31.9879
136.9611 31.6547
136.8545 32.3212
136.9695 32.3022
136.8433 32.3707
137.1865 31.9034
136.7399 32.4798
136.0449 32.3306
136.9401 32.1850
135.9601 32.4542
