130.8393 25.2562
133.4517 30.3919
130.8352 24.2998
140.9856 33.7300
134.3862 30.3542
132.0177 28.2288
130.7436 25.9170
137.9121 29.0223
138.5774 27.2674
139.2670 27.3907
135.9588 27.7468
129.6830 26.3267
137.4476 30.5718
134.3599 31.7916
133.3364 31.1286
138.3965 27.2054
134.2027 29.8493
137.9837 32.4954
138.2571 27.2298
135.7348 31.1083
138.2170 26.7814
132.9185 24.6051
136.2279 28.8949
141.5103 36.0025
135.8803 32.7405
131.1202 25.8982
139.6176 27.3664
135.9917 27.8285
138.9238 28.3721
139.8578 29.3206
137.0916 28.7155
136.0613 27.6547
138.7849 27.4896
129.6104 26.0196
137.1049 30.4196
137.3070 28.2318
131.8601 29.2771
132.3886 27.2760
133.2444 26.1352
137.9467 26.8980
131.9514 29.6484
138.7493 34.3018
135.7151 27.5624
136.8154 27.2188
134.3446 23.0618
143.4460 36.1111
134.6873 30.1282
132.9210 31.7894
132.8804 28.7685
125.1801 21.5458
133.0975 27.9601
132.3152 25.2499
136.3862 32.2852
133.3545 28.0746
130.9873 24.5587
141.6042 33.9570
131.9340 29.3355
133.2787 28.5823
130.4515 26.3723
125.8938 22.9047
132.6664 28.4581
136.1139 26.0074
136.7093 30.0757
134.8848 28.2284
142.0329 36.1893
137.6595 27.3009
135.4440 30.0266
132.8021 24.3071
137.6748 27.6858
132.4418 26.5086
134.3718 22.6382
140.1362 28.2106
132.0979 29.0945
131.4347 28.9061
135.8173 27.8457
130.4594 28.1090
125.8940 25.4682
135.2285 22.5252
138.6345 33.1049
132.1905 24.6153
137.9816 28.4939
134.1520 23.7423
131.2803 26.3993
133.9491 29.8889
137.4191 28.8358
133.6360 30.6614
133.3245 24.0251
135.3804 31.8536
126.8359 27.4936
135.2736 31.5878
133.6284 24.2945
137.6602 29.9266
130.5790 26.7759
136.1852 26.7209
131.1863 21.8809
130.8018 25.9048
138.9934 27.1820
132.4046 31.3048
137.8980 29.9605
133.9472 23.8109
133.7864 32.0467
132.7411 25.9569
134.5946 22.0089
137.7449 29.4679
133.9158 32.6906
137.3623 29.0523
134.1001 25.0263
136.0203 27.6042
141.4650 36.0329
131.3187 28.0821
145.5256 35.5428
140.1142 33.3665
130.7780 26.7802
133.5853 24.0606
129.8704 27.3725
130.9680 28.6993
137.3223 28.1032
137.1447 31.6655
137.6871 29.5525
133.6854 23.9078
133.7903 25.2301
138.1794 26.9807
136.1269 28.9559
129.6660 27.6522
136.2258 30.5770
130.9697 25.6747
134.2509 24.9107
138.4222 33.1116
136.2493 27.7756
132.0425 28.8964
137.0612 28.4399
130.5895 26.3210
134.0916 23.0279
130.3520 26.9200
131.3216 30.7328
130.8764 26.7039
136.7715 31.0709
130.8634 26.1055
134.6298 28.1628
139.9808 28.4773
137.2260 26.2984
134.4227 21.6613
133.2553 23.8485
142.4451 36.0178
138.3799 27.2123
133.0226 28.4344
138.0404 32.5867
135.0331 30.0916
137.4532 28.0942
129.8599 27.3775
138.2495 28.8744
130.9413 28.3111
134.5442 28.2002
138.4289 33.2489
125.7025 24.8044
135.4578 28.7597
136.1085 30.4049
131.8686 25.3072
134.8074 30.4035
135.6466 27.7671
135.5945 31.2741
144.4370 37.8368
132.1365 29.7919
136.0286 29.0286
129.5036 27.9355
138.7748 27.5136
135.6143 27.9001
128.2235 25.6323
141.8667 35.2165
136.1794 28.8825
135.7449 27.6401
133.2734 32.2185
130.0852 27.8256
129.7606 27.2984
141.2510 34.1482
131.7574 28.7177
132.0679 29.0522
131.9318 28.9955
132.9015 24.7262
140.1596 27.6921
131.5973 27.4860
135.1661 28.4493
133.2300 30.4187
136.3565 27.3187
131.3805 29.1672
127.7030 25.0319
136.5553 28.3739
131.2522 26.2693
139.8836 28.5691
137.1539 25.9924
138.2399 26.9201
131.2291 28.4382
135.3116 33.1121
133.3954 29.8959
137.9558 32.4689
136.1817 28.1515
136.3526 28.1280
131.7285 28.7081
139.6669 27.4629
139.0626 27.0974
133.9602 30.1912
132.8904 30.2499
137.6358 28.3216
138.0289 28.8045
133.3678 24.4987
124.9899 20.2143
138.8556 27.9307
136.3104 31.2667
135.1570 28.3972
141.5803 35.1101
138.7278 27.4512
138.9643 28.1779
131.6771 27.5834
138.1359 32.0267
138.3132 27.0043
130.3132 27.3287
133.7797 23.3697
123.0203 20.6429
136.5487 27.4612
131.5621 28.7484
140.1142 28.0941
134.4773 29.7479
130.3121 27.1112
123.8994 21.3318
138.0584 28.6787
136.4406 30.2633
132.5935 24.5587
129.7236 25.6428
137.7771 26.6806
136.7770 28.1556
134.7221 28.9799
134.3549 30.0934
134.5845 27.7597
128.7471 29.5697
142.3343 34.9406
138.5596 26.9421
139.2384 32.7772
131.7088 24.0729
131.8561 32.1268
124.5317 22.9686
133.5240 32.2366
132.0228 29.2420
131.3952 26.4314
130.4990 26.2852
134.8554 28.5635
130.3866 25.5677
132.0498 24.8315
136.2650 29.9218
136.5425 27.6319
132.5423 29.4246
133.6060 29.3372
130.4731 27.2271
137.1486 28.8249
136.6493 28.4242
137.9597 28.5990
132.4426 31.3208
138.7029 32.3652
135.4056 27.6290
132.0344 29.1585
131.6501 26.4544
136.9136 26.6374
134.4219 28.1080
130.5424 25.7809
136.1731 29.0563
130.3461 25.5648
137.3364 28.0655
137.4243 26.3761
137.0525 27.4638
134.1967 22.6186
133.5323 30.0812
139.8625 28.5839
131.6439 26.4301
138.9083 27.6977
133.2747 21.3516
130.4755 26.1688
131.4941 24.4224
124.9297 22.2719
132.6284 29.4192
137.8394 29.5272
140.2330 27.9618
134.8537 30.9509
139.9079 27.7617
137.6228 26.2407
133.5070 24.0332
132.9291 28.4017
132.2214 25.1473
136.5702 31.1291
125.6264 21.1082
132.3278 29.2290
131.2249 28.3168
130.2171 27.7565
139.1301 27.4796
136.1412 29.1138
141.3578 34.8627
138.0962 28.4980
134.4237 30.1229
133.3537 24.5879
131.3144 26.4025
138.3768 26.9163
132.7231 28.5999
124.9228 22.8215
136.4920 27.7016
132.6255 31.5446
132.2449 28.7451
136.5305 29.7108
134.6772 22.0064
124.6047 20.7803
131.7927 28.1665
131.9421 29.6190
125.5626 24.7872
137.3490 29.6013
137.4707 29.2383
133.4727 28.4995
137.8613 26.6339
136.1559 30.7160
136.8807 29.6954
137.3130 31.8998
135.7766 27.8047
130.8640 25.8703
139.9831 27.9907
132.6575 27.6799
136.5086 31.7814
130.7299 25.4462
131.9073 32.1741
133.8251 28.9049
136.9009 29.8212
132.1086 29.4479
130.2370 26.6426
134.2772 32.3645
130.1116 25.3691
134.1185 31.0532
138.4104 28.5180
131.2995 26.7666
132.2565 24.3813
131.2374 25.1543
135.6435 29.9521
134.1069 21.5009
139.1870 31.9849
137.8737 29.5555
135.3746 27.6188
134.1311 23.0440
131.6607 31.3978
137.2712 28.6399
138.1788 28.9082
136.5600 28.2222
132.0196 28.7785
136.7569 30.6211
138.5392 27.2382
135.7596 31.3685
134.0399 32.6439
137.9594 31.8275
128.4339 29.5522
129.8156 26.4022
137.4485 31.8820
140.3144 27.9622
138.3807 32.8448
138.2317 28.5341
130.4270 27.8430
137.8090 32.1078
132.7632 28.4956
137.2757 28.2194
139.0439 27.1724
137.8764 29.1228
138.1819 29.0702
138.7077 27.9922
133.3627 31.7368
124.8193 24.2229
140.1483 33.4295
132.7612 30.7547
138.2172 29.3794
139.8959 28.0718
135.3529 30.2367
132.0903 26.2443
133.7539 25.1955
132.5294 26.4954
129.8263 25.6092
133.6811 24.5774
131.4424 25.4529
138.4104 29.7466
133.1198 28.8590
131.8511 26.6071
135.9999 28.1954
131.9033 22.7287
134.2746 22.4830
133.9299 32.4187
132.9910 25.2026
124.5901 23.5539
136.2420 27.4541
139.7931 27.5873
140.6797 27.6080
130.8363 25.8020
129.4859 26.4856
137.2354 28.6476
128.5253 27.0994
136.3692 27.9613
134.3835 32.0964
136.6232 27.3280
133.9346 23.1872
133.9556 30.2209
133.6213 30.3167
131.9664 28.4275
133.3178 24.5255
137.8521 26.8436
132.2888 28.6982
139.5073 27.2364
138.0735 28.1559
133.8333 30.5998
131.2628 28.3280
131.7296 31.8809
136.1013 30.5217
129.6152 26.3774
134.8040 29.9017
129.2725 25.5714
139.9166 29.5366
128.9861 27.0162
137.8049 26.8401
136.6869 28.4928
135.3810 27.8427
136.6070 28.5235
135.2907 28.1074
133.6335 29.4017
138.7461 27.8341
136.0152 27.6140
137.3391 30.6103
132.0897 25.0645
131.8953 28.4457
137.2444 29.7080
133.1208 31.2543
133.4902 23.4797
131.4796 27.6987
139.4042 27.3291
129.8957 25.4545
134.0364 23.1978
137.1376 28.0912
134.2749 23.5300
125.2692 24.3777
139.3700 32.9467
127.8370 28.3531
138.4977 29.2522
129.1017 26.3572
145.9872 34.9703
133.5696 22.7263
139.8174 28.3726
132.8893 24.6847
134.3923 22.5578
133.0537 26.0581
132.1318 24.8123
135.1855 29.2212
133.3442 24.1252
131.2303 24.9904
133.6427 28.4761
131.3232 26.0817
127.6989 25.1998
138.0814 26.9109
131.9061 32.0117
138.0210 31.9541
139.2208 33.5543
130.3620 25.8382
136.5589 28.3904
124.5723 24.7695
132.7525 29.3563
137.0240 29.9345
136.0687 31.7355
131.3987 25.8055
137.7811 28.2625
131.3001 26.0301
137.4131 29.5807
137.2250 27.9269
135.6916 27.9530
138.9500 27.8904
133.9991 22.0295
133.8075 28.1282
132.1985 29.3337
135.6730 31.7059
131.3915 28.7946
132.8648 24.7293
136.9419 26.7721
133.2349 24.8596
137.7391 29.4548
126.2067 21.0847
136.7693 28.4078
133.7433 24.3118
137.6649 28.4614
134.3821 29.9298
138.7015 33.2555
140.0248 27.7259
131.3967 26.2591
137.4625 29.8009
139.8392 28.8604
136.4755 31.2019
127.9864 28.5552
137.6327 28.1173
136.8614 30.1920
135.5245 27.6812
136.1995 28.2445
130.7128 26.3280
135.9491 31.0288
139.4757 27.2787
137.0570 28.1597
132.1987 28.5392
134.5547 22.6580
133.0211 32.2454
124.5719 23.3727
137.0356 27.9871
133.4193 30.6760
133.9251 23.3927
139.0410 27.1112
137.1893 26.0020
133.3818 27.9396
133.9387 23.5079
131.5343 26.0959
132.2880 26.7520
138.3382 27.2829
132.6679 26.0931
135.7780 31.9130
132.6658 28.6118
132.5051 28.1731
132.8393 30.7543
133.6874 28.3233
133.9672 23.3264
133.8687 24.2859
132.0291 26.7124
136.1901 31.0521
139.0531 28.6119
137.9856 28.5467
137.3449 29.2292
136.4678 27.3352
134.1871 28.1330
124.5230 23.1977
131.7340 23.9068
134.7457 30.1950
137.2165 31.8458
130.8317 27.8839
130.9543 26.2699
136.0483 27.5946
133.0538 31.1893
128.8539 25.9995
139.8193 28.8692
135.3351 28.1852
135.2416 28.4852
138.0902 32.6832
136.7325 27.7080
135.7738 27.9640
130.9910 26.3055
134.7819 30.0422
137.2735 31.5164
133.9699 29.8496
135.3766 22.8226
140.0060 28.9086
136.5430 27.4209
135.7889 27.6837
135.3617 28.4608
131.6257 25.2404
139.8517 28.6720
137.7574 28.0510
137.9202 29.2205
137.6457 28.4311
132.3743 26.0894
133.9227 28.3018
125.1453 21.6742
131.7443 27.4073
136.8567 30.3507
138.2577 29.2213
139.6315 28.3228
137.2866 33.2801
136.2394 30.5160
139.9442 29.2303
137.0161 25.9194
138.2314 33.9743
139.8072 27.8814
138.2651 32.7876
137.3756 26.5283
140.1058 33.2143
141.2814 33.9176
136.1261 30.3142
135.3081 31.4017
139.5289 28.1588
139.9716 28.5405
137.5957 28.1593
132.8550 30.0032
139.2377 28.3734
141.8388 35.2149
134.9072 33.0950
138.3799 33.5847
129.0888 29.2887
137.2004 31.4091
127.4617 27.0806
136.6186 27.9527
139.4006 33.2217
139.9754 28.4600
137.2807 26.5620
137.8852 30.9902
137.7826 28.0905
138.7634 33.9019
135.4666 27.8724
139.7981 28.5223
136.2332 30.3914
137.8078 29.2698
139.7046 27.6972
135.7906 31.1067
127.1426 27.8020
139.6667 27.7669
144.1242 36.6668
137.2482 28.0256
127.3456 27.9511
139.0386 27.2725
138.4766 27.3816
136.9065 31.4230
137.3908 31.3854
133.7501 29.1969
139.4706 27.2253
136.8891 28.4109
137.1013 28.9781
138.7200 34.2686
127.5766 28.5246
135.1764 27.8113
138.9104 27.7215
135.6219 31.1697
134.7468 23.3571
139.9336 32.6060
133.5078 29.5133
137.8737 26.7263
145.4514 34.9167
136.0388 27.8366
131.7860 30.8930
137.5716 27.3495
144.5607 35.8837
138.5247 27.1579
139.2777 27.2751
136.8437 31.7249
137.9442 28.4861
138.7268 27.0582
140.0654 28.0186
139.7868 27.6181
139.5445 28.0399
139.4177 27.2316
139.4878 27.2712
139.7351 28.6101
137.3459 29.4929
138.6261 32.4691
137.9435 27.0163
137.2985 26.6398
137.9032 29.1201
138.3251 34.0576
145.1388 37.9544
134.7173 25.5602
136.0159 31.4883
139.7778 28.2244
140.9299 34.3165
132.0172 28.8716
136.6288 28.8217
136.9708 28.6318
136.6264 29.9438
140.0838 27.6089
137.7320 31.7240
135.1005 27.8751
138.0977 27.0872
138.7372 32.6982
133.7435 27.9156
138.8540 27.0311
138.5837 27.8268
135.2606 28.3772
139.8171 34.6325
137.8562 28.5508
134.1162 27.9049
138.0125 29.0673
136.5762 30.7655
136.2905 29.8463
138.2458 32.7345
142.9105 36.2388
136.1781 30.3916
146.2211 37.8587
139.8620 28.9343
137.8715 26.8943
126.6707 26.9629
138.0255 32.1824
145.6457 36.5653
137.9045 30.2621
137.5398 27.1677
140.0282 29.0040
138.3094 32.3362
133.1916 27.9433
143.3336 35.9235
137.2341 30.1648
136.5529 30.1265
141.9726 34.2941
139.9016 29.3171
139.2418 34.1131
137.9384 29.2180
137.3090 28.6963
138.0229 29.1004
137.5892 31.4191
135.0693 29.2347
140.0023 29.1366
144.2879 36.1858
129.4535 26.3384
139.9721 27.8270
135.0523 28.2047
131.8972 27.2148
145.1217 34.0653
136.2483 31.2827
136.9717 30.5530
137.9618 28.6084
139.9439 33.5348
139.9459 28.3722
137.2054 27.9493
138.9547 34.3285
138.7670 32.8391
139.2542 28.5127
138.8143 27.0400
139.6313 34.6571
140.0418 28.1515
134.9722 27.8575
139.0127 31.7350
139.4236 27.6204
126.0752 26.9252
139.9200 29.0208
139.3805 27.4959
136.2986 28.3106
138.5919 29.2556
140.8666 33.9869
136.9336 27.9936
143.4451 36.7294
134.4559 31.4835
137.3243 28.6593
143.8035 36.5614
137.0448 30.0173
141.9837 35.1627
136.7839 30.3173
139.2218 34.4655
139.8749 28.0751
133.1155 29.2901
139.4410 27.3426
136.3794 30.1438
143.1550 36.0952
141.2448 33.3831
137.0674 28.8673
140.0753 27.5515
136.8889 30.5105
132.0954 29.1855
138.8234 33.2250
139.1878 34.4841
138.1541 31.9604
133.3882 32.2790
138.7404 34.1810
130.7529 27.0880
136.4324 30.3699
135.7567 23.3443
138.6285 32.5044
134.2849 21.2077
134.0488 30.7944
137.1953 27.5147
135.4726 31.6228
134.2778 24.7884
131.6604 31.0054
134.9125 26.2070
135.2404 27.9081
132.4572 29.9237
137.9768 32.4967
131.1430 27.8660
137.6766 28.8187
135.9338 28.0845
138.0856 27.1843
132.9715 31.6111
131.9486 28.8105
138.4399 28.3623
132.7055 28.1935
140.1834 33.2138
137.1104 27.8911
139.4214 30.0478
133.9900 27.8652
138.5990 33.0830
134.2444 23.3909
134.0120 28.8826
139.9222 28.9410
123.3887 29.9854
126.2623 24.9772
134.3796 23.2452
126.6509 26.1032
139.8366 28.3111
139.9254 27.6666
142.9660 36.1841
136.6607 31.4167
137.5692 27.0236
140.5338 28.0927
135.0694 21.9858
138.0456 31.9605
136.6575 30.8129
132.4407 29.5661
131.1389 27.4208
138.3698 27.2495
133.2233 29.0279
134.2333 32.1804
140.0257 28.0101
138.0505 32.7604
140.1420 27.4734
137.4677 29.2807
132.2749 30.2769
145.1810 35.3972
136.5764 25.8688
142.2347 35.1656
132.2233 27.6640
136.5373 27.0029
137.7486 29.9116
134.4015 23.4772
132.9879 25.1803
136.4083 30.4685
134.5981 23.9689
139.8533 27.9339
134.9710 23.0366
137.0583 30.4077
132.5646 28.5231
137.1453 28.8713
136.9506 30.2696
133.6364 29.2719
136.7399 25.9703
132.2695 30.2006
140.5665 26.9840
129.6467 29.3384
131.4848 29.0386
134.5926 23.1915
139.7957 27.8792
138.3210 33.7668
137.2586 29.8695
138.1173 29.5713
134.4542 22.3354
138.0807 28.5825
131.2709 28.3048
137.8185 28.8415
132.1414 28.5847
138.3082 28.5602
139.8021 27.6399
132.4281 29.6987
125.6460 23.5795
136.1849 28.3099
141.9619 35.3551
136.3302 28.2459
132.0261 21.6003
136.3878 26.1046
137.7485 27.0735
140.8658 33.8599
131.5938 27.3300
133.3912 24.4720
136.2383 28.2361
131.1530 27.4668
144.4305 35.3578
132.0154 28.3429
133.5075 24.0862
131.4679 28.4248
136.1742 29.9568
133.7880 27.8467
137.9015 26.8819
136.2415 27.7769
134.0208 23.1851
139.8047 28.7899
128.5998 25.0832
135.8799 30.4378
130.4783 25.0244
138.3117 28.7021
132.3183 29.7515
136.1829 31.0290
135.8538 27.7379
138.3726 28.8147
136.6552 28.3398
135.2034 29.4791
139.8627 33.5848
136.5659 28.0392
141.4925 34.7888
137.9910 31.9617
134.2713 21.3692
136.4874 31.5663
138.1467 26.8723
134.0392 24.3179
131.1250 26.8227
140.1669 28.2474
133.5144 31.4931
140.6501 27.8022
126.0621 27.0792
133.3260 32.1100
133.7407 22.7814
130.5453 26.7374
134.9455 30.3586
139.5986 27.3750
134.0315 23.1759
140.8393 34.4449
139.9294 27.9453
136.5098 28.1577
136.9204 33.7287
139.8499 27.6130
127.5092 28.1132
140.3014 33.4174
132.8814 28.8143
130.9360 27.9436
136.6743 27.9457
136.8222 28.3959
134.6594 27.6926
126.8897 24.6866
133.2848 24.8583
139.0183 28.1508
136.6539 27.6837
134.3596 28.2099
134.8138 28.0545
138.5786 26.9910
136.6059 28.3768
132.1805 27.9646
133.9821 27.9545
136.1956 28.2347
126.0392 22.7886
131.7919 28.3483
126.9746 26.8906
136.2302 27.7304
131.6525 27.8207
134.3018 33.1564
138.9559 27.3388
137.9696 29.2257
131.8701 25.6622
131.7251 24.5303
138.3755 32.4113
137.4742 29.9289
133.2409 27.6567
133.5270 25.3347
137.1081 28.0084
140.4096 34.9552
133.3528 24.7894
139.9936 28.0250
130.3361 27.0048
131.9365 31.6888
133.9375 22.6974
140.1258 28.1144
137.1194 28.7446
132.6779 27.6791
139.2850 27.1172
138.1092 27.4383
130.4496 26.8692
133.2212 30.1032
145.5541 35.4392
123.8233 23.4465
136.8782 28.3995
136.3247 27.3178
139.8122 33.7841
137.8743 31.7348
130.4185 25.4102
134.2850 30.0648
131.7545 24.4813
132.7214 24.9136
136.8015 28.4481
138.6453 27.0770
129.9369 27.3342
136.8545 27.9205
135.9445 27.9282
136.6351 31.5905
136.6727 28.3728
133.9129 32.1544
136.1139 27.7521
137.8401 28.2892
133.3594 25.0556
139.8785 28.6502
139.8978 28.4160
133.4508 23.2795
135.7129 31.5583
136.0280 30.6771
137.7482 32.5907
137.8144 28.4233
136.7782 28.9440
133.6555 22.9068
136.0594 29.0099
133.8975 28.4648
135.8521 31.0139
136.7201 28.5198
136.9823 28.2264
136.6693 28.3886
136.7104 27.7947
131.7823 24.0398
131.5169 27.8232
131.4147 24.0879
136.1411 30.0755
128.4323 26.6925
135.8564 27.6031
132.2034 24.3701
134.8496 30.0175
140.8010 33.4853
131.8264 26.1121
135.9677 27.8775
139.0190 27.7878
133.5802 30.1697
133.6671 31.6257
137.3798 26.3754
138.0146 28.6524
133.4199 25.4262
137.9768 28.5512
131.2428 27.8932
123.8032 23.3974
136.7782 31.2868
136.7112 27.9974
136.2116 27.3753
139.4230 27.6762
133.3837 25.6568
136.0537 30.5751
136.9426 30.6574
137.2560 28.6849
134.9420 23.9885
138.1771 26.9182
132.6190 25.7642
138.5232 26.9381
132.9450 31.7430
139.0856 33.9376
136.9638 28.5099
137.0658 27.7869
140.3433 27.8575
136.6219 28.3571
125.7358 24.8365
136.3055 29.8513
137.9527 28.3604
141.0079 34.6635
138.0087 26.8714
134.9727 22.5463
137.5146 29.5928
138.1519 27.6176
137.0457 28.4496
132.5046 26.4444
137.1945 28.5662
136.7332 27.0721
135.5271 27.7786
130.8647 26.9384
133.9395 33.1509
138.1852 28.6713
126.7341 26.8108
132.5838 25.9534
140.5107 27.4363
140.7661 34.4984
137.0004 26.7046
124.5714 21.7941
124.3371 21.0175
136.7828 26.6014
131.6428 29.5449
127.9138 28.2253
134.5478 22.1041
128.8301 25.2329
137.7558 28.4286
135.9200 30.2016
138.9941 27.0762
138.1960 32.4410
138.3075 26.8836
134.7130 22.5139
131.8178 31.3297
139.7897 27.7321
137.4656 28.0130
134.9162 22.6624
138.2740 29.4827
135.0522 28.1033
127.9061 27.9654
131.3475 26.6155
134.1370 24.0591
138.2632 32.8464
137.3715 31.4828
131.0103 26.5684
138.1181 27.0747
131.0610 26.6821
139.0004 34.1026
142.0473 35.1558
130.6434 26.4311
133.8450 25.4342
140.1232 33.4845
137.9174 26.7900
130.2519 26.8064
132.5408 26.4513
130.4003 27.2928
131.3293 28.4302
140.6578 33.6902
126.3448 27.3929
130.8330 27.4008
134.9650 28.2100
129.7296 26.7023
130.9954 26.2144
139.9301 29.0774
134.3253 24.4991
126.1493 24.0384
134.1154 28.2048
134.6214 22.6992
138.3912 27.1530
138.3017 33.0074
137.9611 28.7642
140.5619 34.2145
137.9115 28.5973
126.0680 26.0877
138.1473 33.0844
127.3296 27.5269
136.8378 27.4115
131.7386 28.5501
139.2764 34.0080
139.8065 28.7853
131.6759 27.4265
130.0298 27.6272
131.0553 26.2432
132.8085 28.0494
135.1626 27.8855
134.5485 30.3236
133.7608 31.5829
133.4006 29.3391
135.0751 30.5294
127.0732 27.9340
134.0576 28.5800
134.2308 25.4387
132.6327 28.6313
131.0989 25.8372
140.0402 33.3921
139.9822 28.5857
131.4457 27.0203
135.5362 31.1856
133.5893 32.4842
133.1885 32.5002
136.3938 27.5744
137.9064 26.7306
137.1553 25.9541
137.8254 26.7781
136.2490 30.9369
131.4212 26.9955
136.7053 27.0171
138.0745 32.8729
136.2290 30.3198
131.5532 26.3237
135.4201 32.9627
136.4606 29.7532
133.7094 24.4483
136.6740 27.6665
139.9698 28.3050
138.4938 32.4353
132.9327 28.2893
137.1611 26.7834
137.9637 29.4228
141.3010 34.2645
136.8156 27.8094
136.9027 28.5431
138.0515 28.5534
133.5590 32.0486
134.5912 25.2999
138.0471 28.3592
130.9554 27.9810
131.6780 27.6953
138.8151 33.6698
137.8200 29.4303
135.2423 28.1547
137.9174 32.3745
130.3669 25.8689
125.6977 24.7472
137.2341 26.0731
138.9696 34.0629
132.2742 28.4168
139.9897 27.8638
139.7918 27.7653
138.4788 30.6513
136.5017 27.7542
150.0994 36.2169
137.0212 30.3010
138.3313 28.5849
136.0659 30.8061
139.8653 27.9942
138.1649 28.6174
135.9912 31.3931
136.9852 30.9147
138.1122 34.1123
138.3849 29.6572
136.1002 31.2547
137.7833 30.6248
141.7508 36.2648
132.6927 32.1483
141.4309 36.3776
137.0917 30.0443
140.2413 33.7601
136.1486 30.7473
138.0831 29.0585
138.0571 30.7102
138.2552 28.9848
139.4929 32.6032
136.6718 31.0569
137.3953 31.0020
139.2981 33.3951
135.9343 30.5231
142.0446 34.7016
136.4311 30.2703
139.8430 28.0868
148.4779 36.2470
139.5287 27.4652
138.4802 28.8690
136.2595 30.5073
137.9734 30.2263
137.2957 33.5247
139.7401 27.4778
138.3990 28.9602
139.8297 28.7374
137.2884 30.6347
138.0071 28.5409
137.9981 33.6849
135.8734 27.8372
136.9191 30.6616
137.9590 30.9152
139.6855 33.6381
136.4225 30.1488
140.0503 29.0528
136.8137 30.1162
149.6837 36.0007
140.1736 28.7195
136.3627 31.1111
147.7254 35.5241
139.9090 27.8517
138.9115 34.3791
135.8136 31.0340
135.9377 27.9471
136.3770 28.0618
138.0825 28.6910
139.5758 28.2030
139.8433 28.7947
136.5204 30.9855
139.6568 27.9425
139.6657 33.5887
135.6261 31.3856
136.5594 27.9888
138.4409 29.4648
139.0194 34.1115
139.6179 30.0464
137.9622 33.7213
141.5621 34.1373
136.4085 30.2556
137.2933 28.1153
137.7444 30.8650
138.4544 34.1124
146.2732 37.8086
136.3311 30.0859
138.9691 27.4794
134.9832 32.3622
145.2969 39.6449
139.6516 33.7004
136.1731 30.7882
135.9269 30.7914
142.0983 36.0541
139.2828 34.2794
137.7284 29.7219
137.4654 30.6021
137.4503 29.9706
140.0562 28.1429
154.3206 34.2620
137.4678 29.9720
136.6416 28.1318
137.7149 28.1645
139.3972 27.2931
137.5114 30.0135
140.0568 34.8544
139.1287 34.4788
137.0383 30.2162
147.8750 35.2726
137.9384 30.0341
138.3775 30.2718
135.9743 31.4694
137.2424 30.2777
139.9179 28.0651
136.4667 31.1750
136.1963 30.4309
138.4487 29.0033
139.6672 27.7355
139.0332 33.9779
135.8682 31.3335
138.9897 27.1281
136.4758 27.7000
138.9182 34.3191
138.0875 29.5206
147.0311 35.2748
139.9819 29.4935
135.5728 31.2881
136.2883 30.6568
139.5880 27.8359
147.5079 35.4993
139.8530 28.0876
136.5724 28.0865
146.5758 38.2520
139.7141 28.0978
136.8097 30.8715
136.0956 30.5871
139.1804 28.8925
136.4358 33.6501
135.7493 31.5960
139.3411 34.4599
139.6809 33.7177
139.9654 29.1562
140.1150 28.9432
138.0779 31.5205
137.8809 33.8025
138.4182 34.2149
136.8094 30.9329
137.5670 30.5003
139.8268 27.6063
138.1361 28.4444
137.9186 29.2094
137.6674 28.2251
139.8231 27.9013
137.1780 30.1320
137.3335 29.8812
137.3791 33.7277
136.5508 30.1432
136.1997 31.3945
138.1253 28.9527
139.9586 28.1953
137.3086 30.1451
145.8864 38.3347
142.2904 36.2830
139.9875 29.0454
139.1546 34.0508
138.8762 34.3023
145.4373 34.3670
136.4903 31.0158
137.5998 30.9171
139.7063 27.6304
144.7465 35.4310
143.5147 36.8097
136.5290 28.2479
139.9890 28.2130
137.7833 30.0034
137.4084 29.9170
147.9868 35.9051
138.6744 32.2134
138.1612 28.7171
142.7243 36.3305
137.4579 28.2132
135.7300 31.5157
139.9272 33.5287
136.6100 30.3493
144.1542 35.8508
137.7764 30.1832
136.0695 31.2532
138.9800 33.1631
137.5116 30.1874
136.6104 30.6149
140.8271 35.4627
137.8945 31.1059
137.3194 30.1419
138.2356 29.6750
136.9256 28.0258
139.1797 34.1376
135.7945 31.2143
137.7855 31.0502
136.3331 30.3831
140.9982 35.2697
139.0348 33.2012
137.7642 33.6383
137.4781 28.0924
136.8520 28.0462
139.9417 29.0997
137.2719 28.2769
140.0331 29.2552
138.1365 29.9008
136.8660 30.3926
137.4224 30.2389
137.6086 33.5415
135.6886 31.1612
135.8630 31.1211
138.2301 29.0097
142.7909 36.1475
135.5431 31.4350
137.9067 29.7779
138.9402 33.0934
137.7869 29.3270
138.3354 29.3828
136.8938 30.1044
136.9268 30.0611
139.6649 29.9847
138.5445 29.1195
136.7802 27.8098
136.3429 31.0854
138.3004 32.4805
137.1396 30.5924
137.8229 29.8000
135.8381 27.9362
139.2488 33.3632
138.4095 29.4915
138.7652 27.0240
136.5703 30.9752
136.8611 31.0176
138.3171 29.4533
136.0330 27.9308
137.8456 31.7306
138.5437 29.3422
135.8065 30.7989
142.9551 36.1327
139.9084 28.0296
138.3217 28.7027
143.3523 36.7350
135.5878 31.4758
139.6739 27.8593
139.1040 34.4559
139.1400 34.5403
136.4830 31.2922
152.4103 36.9642
136.5007 30.5594
137.3343 30.3925
138.2781 28.5641
139.2879 28.7469
139.9336 27.8837
136.6384 30.8986
145.7409 38.8253
138.0060 28.5085
138.1943 29.2375
139.8049 28.2025
136.5309 27.7249
136.9579 29.1091
137.3827 30.4199
138.4799 27.3246
139.7711 33.9405
139.0744 34.1253
136.7501 28.4377
136.5744 30.9857
137.2195 29.9433
137.2985 28.8104
136.9188 30.6361
138.1454 29.0408
138.0003 30.0546
137.7228 30.3217
139.9014 28.1418
139.9853 33.7467
139.7862 28.0409
136.9528 30.2968
137.8938 28.2590
139.0630 34.1227
137.8669 30.5817
135.6241 31.1813
139.7720 29.1768
136.6671 31.0199
137.7643 30.8111
138.4857 29.5040
137.6608 30.4002
138.3946 28.9449
138.3989 29.1124
136.9315 29.8200
138.1931 28.6711
136.6652 30.5187
137.9781 26.7775
135.9449 30.8155
137.5333 30.5053
137.3144 30.4738
138.3066 29.1713
139.7741 27.7076
135.8052 31.1852
135.8130 28.0152
138.4851 27.2598
132.6919 28.8613
139.3973 27.4771
129.1431 27.6161
131.2166 25.8319
144.9724 35.4146
137.6861 29.8235
130.3461 25.0812
140.7388 35.3573
135.7926 29.3125
139.5590 28.1407
148.6459 35.1734
131.4987 27.0664
134.4009 28.4002
137.6877 26.6952
129.3232 29.3191
140.0139 32.9213
134.2957 31.4892
129.7112 26.5047
136.4888 30.4823
144.8680 38.6665
137.1177 31.5775
135.5829 29.0109
132.4130 28.7833
131.8221 29.1504
126.4966 20.7720
129.8954 25.8147
129.5763 26.7439
145.9487 39.1791
134.1968 22.8773
135.1184 22.8002
135.3212 26.9815
137.7606 33.9300
135.8662 30.4238
132.2842 30.0764
135.9632 27.8741
136.3301 29.8356
136.3506 27.7669
137.9317 27.7153
148.0955 35.8537
134.6435 27.7762
134.6306 23.9736
140.6091 34.2412
134.1332 23.2927
138.9567 27.6857
133.1115 31.9936
136.9363 30.5616
139.4917 28.4339
135.4460 31.6902
134.9048 23.0504
131.8344 21.2125
128.2496 29.2260
133.0340 20.8312
140.3775 27.9059
137.7381 26.9796
141.2231 30.9486
134.5629 33.2545
137.1953 28.7069
138.7694 28.7955
138.5415 34.0094
130.1260 27.0732
137.0462 31.3369
138.5028 27.4142
122.4300 23.0979
138.0884 30.7324
134.4875 30.4222
134.3117 22.9329
147.0709 35.3254
138.1018 34.0712
138.0082 32.2661
138.4117 32.0047
136.7511 26.4365
134.4565 29.9679
138.5041 31.9197
133.4565 21.4753
137.0484 28.5600
135.4547 31.5706
133.4647 25.6721
141.5887 36.3134
127.8518 27.6557
136.7834 27.7885
134.1130 23.0933
136.9930 31.4770
135.7455 27.8680
134.0421 32.1780
134.0223 22.2599
133.6578 32.4469
144.1913 37.4342
133.8280 28.3613
126.1301 29.0344
133.7158 31.0120
136.3174 28.9570
136.7772 27.4465
138.1042 28.8098
140.0408 29.5241
137.7116 27.1069
138.2088 32.4949
132.7266 26.0687
134.4844 22.6803
133.1528 28.3728
139.1418 27.0424
135.2471 28.4051
141.2421 33.3008
131.6374 28.4103
133.1417 27.7525
131.6494 26.3928
134.6595 32.7521
138.5403 34.0107
137.0375 27.7468
137.0034 27.9587
137.2533 28.6296
134.4866 28.1045
130.3344 25.6434
131.6314 28.3265
131.0530 26.3730
138.3232 28.6208
139.8674 28.3938
133.1244 31.9298
138.6433 34.0269
131.7604 28.5168
132.3246 26.3081
137.4438 28.1897
134.1820 25.0272
130.2372 26.3730
133.8776 28.5160
138.4335 26.9281
139.4146 26.9920
138.0407 32.4299
139.7828 28.7910
136.9047 28.4452
138.0142 32.2849
132.4419 29.3814
130.8846 28.2385
134.6618 27.7875
135.7508 28.6779
135.3833 29.9368
131.6033 26.1593
138.3229 26.9015
139.9631 28.3661
134.4245 22.9608
135.9792 30.0252
136.8220 28.5147
137.6222 28.3711
136.6263 31.1096
136.8176 26.2746
134.0730 23.1886
139.9528 28.3593
134.4498 22.8787
134.3680 22.7605
136.9135 28.3632
131.9278 28.8413
137.6907 32.0744
131.4332 26.0965
134.0147 23.4804
130.4254 26.1916
130.8492 26.0099
138.2147 28.8035
136.9779 28.8132
137.7208 30.2231
136.5343 28.3779
133.9038 23.0886
134.0552 24.8835
132.6310 28.3862
141.4390 34.0374
134.4657 28.0805
136.8598 30.2505
130.8907 27.9702
134.5853 22.4249
143.9512 34.6882
134.0181 24.3502
133.2263 24.6199
130.3156 26.9992
130.9193 26.1452
133.1549 24.5710
135.7431 30.7156
140.4705 27.0378
131.3887 25.2137
138.3583 27.7945
134.8627 32.7134
130.8489 26.2879
139.7822 33.3625
138.1914 29.1121
138.6268 32.5572
135.2483 22.1773
134.9834 29.2036
139.8745 27.8180
139.1528 27.2977
139.6169 27.1957
136.7184 28.6848
134.1720 28.0903
139.8099 27.5109
136.2589 27.9344
134.4886 27.8283
136.2335 30.1699
134.9458 22.8680
133.8113 30.7571
131.8966 28.2159
139.8522 28.6701
144.1976 35.0419
138.5197 27.7219
133.2102 24.8349
137.0587 26.1637
133.1969 23.5007
139.0354 27.2940
139.9835 29.3402
133.4659 24.2493
139.6786 27.8243
139.6871 28.5306
133.4013 30.1412
131.3519 27.9808
133.0527 24.6923
134.5566 29.8022
139.7355 28.6769
135.0634 22.9409
137.1292 28.8048
132.1173 28.7074
131.0439 27.2820
135.7648 28.7364
131.4523 28.1546
140.6869 34.2936
134.5401 27.8928
139.5764 33.4809
137.3325 29.9509
136.7862 31.5605
138.9629 27.0718
132.4778 29.4910
138.6584 33.2201
139.8144 28.3157
137.9504 31.6329
135.9721 28.1330
136.6674 30.4150
133.8327 31.8465
139.8626 27.5261
131.0996 26.1541
136.1955 27.8703
133.7650 30.5861
139.1898 27.7518
137.0179 30.1072
125.9312 25.3918
136.9832 30.8123
134.5419 23.7343
140.1546 27.5328
139.3500 28.6385
139.6931 33.1677
126.1824 25.6169
135.9452 25.2684
134.4390 22.5504
134.5989 33.0002
133.0650 27.8899
131.8770 28.2608
134.5269 29.0503
132.7736 24.7719
131.0645 27.6556
139.1480 29.0050
136.2316 32.7501
137.7894 27.0903
135.8515 31.9580
139.8791 28.6143
135.1384 32.4798
135.0847 22.8681
134.0973 23.6096
136.1911 30.9334
127.4460 27.8526
133.9989 29.5031
138.3631 27.3377
125.8214 24.4636
134.9871 29.7739
125.4766 22.5683
138.1636 29.4606
138.1535 29.1550
128.3186 28.9419
133.3626 24.5700
136.7039 28.0306
137.9805 27.1582
133.4048 27.9478
140.0285 29.1754
136.6661 31.0978
137.0762 30.2877
139.9952 29.2019
139.9808 29.4563
139.3554 28.1056
148.3580 35.5769
139.4537 27.2974
136.8991 30.1036
146.1403 34.7830
141.4521 33.7878
139.4146 28.1267
138.1021 26.8399
136.8689 30.1825
138.2984 32.1845
144.7468 38.2000
137.8154 26.7394
138.1992 32.2724
137.2925 31.1841
142.3238 35.3489
136.4666 28.0111
137.0056 31.7401
139.5429 27.5769
142.0177 34.5781
142.6651 35.8866
147.7242 35.5441
140.0383 33.7062
127.0121 27.9378
137.7970 30.1088
139.0124 34.0738
136.0391 28.0860
138.2989 28.8464
142.1208 34.5261
139.9820 28.8814
137.8293 33.8858
144.0628 36.1760
141.4998 34.0326
137.8848 28.4921
138.1004 33.8790
138.6160 34.2085
143.1387 36.1985
144.0668 36.1985
136.9865 28.9007
137.7728 33.9347
141.9900 35.4207
137.0952 28.7223
137.2778 29.9365
136.7896 28.4379
138.2231 32.0230
139.4219 27.8450
139.3613 34.3168
139.8947 33.3717
147.5168 35.9033
138.3461 30.3559
139.6747 33.7022
137.6773 28.2483
137.9959 30.6831
136.4794 27.9146
140.2314 33.3191
137.5078 26.7696
142.6263 35.6545
136.8307 27.8389
138.3315 32.1733
132.0614 28.6356
139.8425 33.6022
139.4112 34.0373
137.8375 28.1555
137.8563 33.9729
148.3539 35.6326
142.3503 35.3617
135.6664 31.2296
137.8438 30.7809
139.5137 33.4337
141.6766 34.0648
139.9103 27.9679
138.8156 27.6108
141.6992 33.9130
137.6271 28.1391
139.6706 33.3482
136.1998 31.4927
135.8193 30.7373
135.7026 31.4386
136.5107 31.3217
138.9188 27.4317
139.9731 29.2110
138.2635 29.0632
136.3639 27.7349
131.4997 28.3620
136.9849 30.2462
139.8807 28.0191
137.2520 31.2492
146.2013 35.4680
139.9245 28.3961
123.5235 20.3471
125.9726 25.2788
139.5535 33.5317
126.6995 25.3978
131.8197 26.5501
129.9297 27.6131
124.6526 22.6848
133.4194 29.7478
138.2927 26.9345
138.1161 28.1764
128.2618 25.8492
134.6332 27.6578
139.9141 27.5696
133.7372 27.9110
132.0717 26.3409
144.9005 36.3021
132.3067 26.7047
134.0755 24.7607
141.3894 34.7771
125.5897 24.9053
138.0618 31.5622
135.0715 28.4901
136.5307 27.8533
134.5992 28.1436
139.0672 28.5806
137.1258 28.6557
135.9819 28.3630
134.4214 22.7006
134.3761 28.1367
140.4543 28.0871
136.1436 29.0059
135.0006 24.8228
136.4990 28.0461
134.2795 20.7671
133.3900 31.9690
128.5390 29.8961
137.9605 32.3393
141.0775 34.0549
135.7676 28.3259
140.9364 35.2929
136.9284 31.6886
128.3703 26.0200
140.8170 34.2491
140.0814 27.8189
136.1073 27.5217
130.0782 25.6353
133.1350 24.5440
139.5760 33.6619
138.0420 26.9455
134.2689 23.0734
138.0588 29.8282
134.5801 27.7562
146.4535 35.2291
134.0784 23.8507
130.7492 26.9579
125.5707 24.5163
135.8766 27.5556
131.4168 25.6488
137.1244 30.7231
138.8158 27.0072
134.2130 29.7728
137.4063 28.1573
137.8406 33.9105
136.5185 30.1588
135.1500 28.4381
132.9954 27.8192
132.1916 24.8673
133.6512 30.6206
133.0958 28.1228
132.4957 28.3703
145.1807 35.4485
136.8266 28.6438
139.5655 28.3093
138.2327 28.9485
137.6559 30.2043
136.2907 29.7879
130.9917 26.2679
136.0916 30.4193
141.1505 33.7960
146.1795 34.7809
138.2675 29.3481
138.2492 29.2902
129.8768 26.6342
135.3391 22.2095
133.7637 29.0333
133.9446 27.8388
133.8271 23.2211
127.7869 25.5261
142.7638 35.9789
136.5228 27.5135
137.3839 28.0775
133.9358 24.1233
136.4971 30.3008
124.1075 23.3517
133.5745 25.7105
135.0554 32.1230
134.7269 29.2192
136.8491 27.7911
136.5759 30.2769
136.7330 30.0592
137.9723 28.4142
139.6183 27.8209
138.3065 29.1423
136.7439 28.9219
133.1888 28.0872
139.1415 27.1401
136.0049 30.6334
137.3323 28.9003
135.5729 27.9060
136.7036 30.1597
136.7211 30.6526
139.3394 27.3615
137.7008 28.3729
136.5073 28.1613
138.2078 30.6576
136.4392 30.1444
137.8902 29.8791
139.8754 27.9860
143.6589 35.9998
141.9571 34.5273
140.0103 29.0843
139.9191 28.3820
137.2570 30.2735
137.9183 28.7653
136.7664 30.7334
135.0744 32.3822
139.7119 32.4393
136.8592 30.2009
138.1588 34.1301
139.7503 27.6910
135.9003 30.7155
139.5530 27.6720
136.5324 30.9780
136.5518 28.4692
136.4347 30.4992
139.7572 33.3327
138.7961 32.9964
135.7817 28.0157
136.2769 30.4600
138.0667 28.8407
137.9431 29.1246
138.2221 29.7026
136.0792 27.7892
136.6241 30.1597
136.2573 28.0345
136.8652 30.2430
138.5832 32.4408
136.6019 27.9100
136.8949 30.6231
138.8831 34.3701
138.1093 29.7125
135.5067 27.9238
139.8215 28.3371
137.8751 33.8882
137.1360 28.8049
136.7617 28.5428
138.4293 34.1826
135.7110 28.0650
135.5422 31.3543
136.4514 27.8748
138.1771 30.4889
139.6481 27.7847
136.4118 28.4073
136.9001 30.0793
139.8552 27.9292
136.8851 28.9310
139.4795 34.8154
137.0581 30.1961
136.0818 28.2041
137.1917 28.0699
136.1270 30.7875
136.8254 30.3017
138.3896 34.0959
136.3350 27.6514
139.8880 28.6286
139.8268 27.6368
137.0714 28.4224
138.1334 29.9733
135.8601 30.8521
136.1391 30.5429
136.4820 31.0080
135.9932 27.9043
140.1342 33.7466
137.8079 30.8991
138.9624 34.4006
136.0093 28.1056
136.1186 30.7391
136.3906 31.0595
138.0587 29.2848
137.6632 28.4233
134.8425 27.9326
137.9621 29.0634
138.1128 31.1476
133.3082 28.0760
138.3465 34.1429
138.1724 28.8237
145.0785 37.7320
138.1712 29.0570
136.9371 29.8711
136.7348 30.0573
138.3737 27.1695
139.8160 27.7118
145.8254 38.3813
136.9806 28.0365
139.8014 33.9107
141.9259 34.7424
138.3399 29.5241
144.7982 35.4340
136.4813 30.8619
136.3017 30.3914
136.5562 27.6598
138.2380 31.4047
136.0175 28.0397
137.2472 30.1619
145.4551 34.3861
136.6398 28.5464
136.4169 27.6575
137.5991 28.3093
136.2129 28.3249
138.3392 32.2615
138.7598 27.5308
127.5355 28.0445
136.6098 30.9095
132.6845 26.2898
136.3397 27.7639
137.2843 29.0217
133.6021 24.0403
137.2176 32.6248
140.7388 30.7326
135.3514 23.2266
129.3437 26.5594
131.6055 27.8768
137.5602 28.5008
135.9309 31.4953
141.5879 34.7433
134.4126 23.8210
127.9443 25.8262
132.1343 27.9246
136.1907 32.9273
135.6093 30.1026
147.7563 35.8639
133.3945 24.2595
125.3729 23.4687
134.5115 23.0721
132.9784 25.0325
131.2100 24.3905
139.4447 32.8398
134.2206 26.2366
133.8234 24.5306
129.3457 28.7454
138.3123 33.5805
123.6029 25.8220
132.6927 26.1428
123.9029 27.8906
127.2645 23.8509
137.7285 28.0009
126.1422 23.8396
139.1387 27.4862
136.0425 28.7617
133.8696 24.7092
131.3493 30.6266
136.4686 30.3390
133.9656 24.5781
134.6967 23.2461
135.1041 32.0417
139.6826 27.3398
132.5596 29.9926
136.4848 30.2065
131.9598 27.9985
139.8524 32.8749
134.0589 29.4206
131.1677 27.0218
140.3445 27.9325
133.2337 21.9338
133.8218 24.9162
132.3879 29.2973
133.7685 27.9387
125.2200 21.6399
130.4323 28.8300
131.5738 27.9390
139.5540 28.2984
122.7873 19.7846
129.4744 29.5736
130.8787 27.1265
133.7904 32.5700
133.4885 32.5139
137.9964 29.0737
139.3232 34.1966
134.1933 25.7853
138.4045 29.4858
129.9770 26.2043
131.7309 25.7941
130.6223 25.7326
132.3454 26.6974
136.0857 27.8139
133.4509 31.7632
130.8235 26.0795
130.1016 22.1204
116.7339 17.5747
123.0560 20.6400
132.1327 22.9324
124.8648 23.4240
132.2967 24.7479
128.9214 25.3308
131.8943 26.9139
135.0803 27.2755
131.0265 25.1117
131.3422 22.7627
130.9557 24.2484
133.6740 24.5045
126.8340 23.6449
131.3074 23.3584
135.3248 23.1135
127.9362 24.3576
127.1935 21.6238
130.7256 24.9086
133.5031 26.6488
126.3152 22.1602
133.5885 21.4990
130.7020 21.9245
123.1147 19.3704
126.0263 22.9347
132.3283 22.7784
114.2656 19.0289
134.3401 24.3621
131.6850 24.0412
130.2234 22.1027
129.8994 23.9904
131.8994 20.9537
124.8653 22.3899
138.6689 27.7503
138.6924 29.1720
135.4047 27.4267
137.4234 29.0865
122.2746 20.1344
118.6246 20.0191
130.2557 27.0725
134.0443 22.1895
129.5557 24.4228
131.8051 23.1810
129.1092 20.8516
126.8993 21.0654
125.5566 20.2699
129.0793 20.2584
129.0886 20.6120
134.0317 24.9106
130.3022 22.0818
133.5633 23.3069
131.7930 22.4077
127.2219 23.1929
134.3376 22.8999
135.4809 31.1175
137.6398 30.4464
135.4196 23.4661
138.3411 32.8208
132.4161 26.8272
136.5728 30.8276
131.7001 26.5533
133.9560 28.5224
131.9754 28.5622
135.8932 32.3138
138.4253 29.2237
141.1346 34.0141
133.0098 28.0613
134.0830 24.4509
125.0308 21.4124
130.7970 26.9999
131.1152 27.4477
139.3376 27.5365
134.2838 24.4238
140.6633 27.8682
135.5001 22.1987
137.1514 31.3681
134.1181 24.3096
127.2368 27.9219
131.4607 30.7671
137.2387 30.0219
136.1877 28.1873
134.4365 30.8768
139.1745 27.0377
131.1173 29.2316
135.4777 31.0912
139.8594 29.7013
135.7511 31.4799
135.1768 30.1705
141.6618 35.2630
134.9872 23.2686
133.7635 32.2300
136.6376 28.0012
136.5616 30.4224
131.8568 26.8536
135.9948 31.4753
135.8302 27.8061
134.6920 23.1868
136.5320 27.3510
133.9708 32.6690
133.1756 30.4994
136.3370 25.8093
137.9503 27.0017
140.4258 33.1405
135.0996 24.4498
130.9946 28.2695
133.5317 31.4728
139.6999 27.8058
138.5120 27.4753
135.8795 32.1275
136.9596 28.6473
139.7043 27.8062
138.5572 33.5721
139.9706 28.8338
131.1871 27.0913
136.4790 27.4616
138.4011 29.5756
139.8965 28.4818
137.1602 30.1074
139.8090 34.1788
135.7495 28.8262
135.7197 27.7777
133.9839 24.2293
134.2480 21.4159
132.8878 24.4693
138.2563 28.7041
132.2299 28.9033
140.1147 29.1636
123.4430 29.9342
131.8009 29.3434
144.8838 34.4021
141.5567 34.2587
135.5891 32.5524
131.5526 26.3441
136.5581 28.7165
130.9231 27.0648
131.2669 26.9233
138.5688 32.3717
138.4124 33.2276
137.6649 29.5671
134.3890 30.3160
137.5104 29.3980
130.3678 26.5199
135.4844 25.8247
126.9692 26.1678
140.6186 27.4633
133.1759 30.2085
136.9213 25.9093
137.4562 27.2131
130.9385 26.5527
129.8399 25.9090
133.5144 28.4467
133.1146 29.4299
140.4842 27.8099
137.9436 26.8168
131.1875 28.0742
135.7775 31.3218
138.0769 32.3570
128.4614 29.1878
133.8225 28.6008
136.9445 29.9664
139.3923 28.7328
135.3410 30.3829
137.3301 28.5906
131.4982 28.9385
130.2690 26.7886
137.6491 27.5068
136.5017 28.2237
135.0251 25.6904
140.3092 28.0123
137.1248 30.0291
124.8500 21.2886
128.7854 27.1058
133.6799 22.5293
129.8312 26.6900
133.2813 28.7014
128.7127 26.4680
136.1952 33.0841
135.5177 27.8261
136.5951 28.5005
136.4333 27.4717
133.4991 21.2667
137.9406 29.5727
131.5732 31.0895
133.7398 27.7089
140.5879 27.7446
134.6892 32.3682
130.4832 25.1186
136.8699 28.4112
136.1466 30.4759
139.3576 27.1000
132.8555 32.0992
133.5680 22.8873
134.9191 24.5094
131.9467 24.9497
124.8688 24.4079
130.8941 28.2921
136.1493 28.1900
132.3670 26.3571
139.8702 27.9497
129.6375 25.7795
137.8902 29.8326
132.1608 24.5346
131.8093 28.2534
134.4159 21.8599
130.9439 28.1381
136.0524 28.0509
133.3459 27.8340
141.0797 34.2462
148.1474 38.0916
138.5416 32.9530
143.6429 36.9717
138.7437 34.0072
139.9566 29.0079
133.6862 27.8738
149.4810 35.8651
136.4788 30.5799
137.9161 30.5459
139.9067 33.3333
138.1189 34.1017
139.9460 28.5444
139.9462 32.1022
137.8919 30.6846
136.5044 30.4650
137.7031 27.9262
134.1657 24.6180
137.0007 30.1821
134.8930 23.0007
145.8945 36.8906
136.2143 30.2044
140.3118 28.0130
136.2797 30.6920
133.6250 32.9987
139.2652 29.0394
143.8243 36.9008
143.7123 35.3315
140.1197 29.0383
137.3091 32.7837
139.5474 28.3061
136.4665 31.2269
133.3058 31.9521
137.8723 33.1914
143.2417 36.1213
144.4718 35.8372
136.6249 31.0060
137.7211 27.3248
122.8902 23.0126
145.5809 37.1073
131.0742 30.3756
139.2242 34.0626
139.7732 28.9031
143.8261 32.5760
152.7603 36.3026
121.8161 32.5736
146.4337 34.3834
139.9579 27.8700
136.2516 28.2299
140.0407 28.0361
137.5092 29.8583
138.2696 34.1333
143.5044 38.2819
137.6266 31.0051
133.4451 32.0431
137.2868 28.6975
136.8471 31.5368
150.7626 35.8801
139.7604 27.6394
137.9153 31.7772
140.7499 27.8125
139.6942 27.7494
136.6002 31.6131
139.4109 27.1199
135.5041 31.4829
139.5521 33.5373
136.9241 28.9695
139.3636 34.4029
145.1171 36.5323
139.4285 27.3792
138.4322 33.3527
144.9974 36.5188
153.3114 37.4279
136.4132 27.6142
138.2507 27.0838
138.2213 32.7434
157.3052 32.5548
138.6325 27.0479
137.5124 33.8191
134.6912 31.3713
136.9893 30.3245
137.1210 30.5413
131.5907 30.6450
139.1915 28.0466
138.3015 27.1056
150.9041 35.8593
127.1529 27.7297
140.9174 33.6218
133.9020 32.4585
135.3435 29.3733
135.1408 28.2714
134.5733 31.8214
130.4463 27.5418
135.0078 28.1031
134.3854 28.9820
133.3914 31.5130
135.3074 28.4384
138.2056 28.4966
135.3227 28.4762
138.0967 28.4080
130.6431 27.2700
140.1387 34.0090
133.4001 32.2065
134.8646 30.0654
135.9619 29.9831
131.0797 29.2431
134.7689 28.0833
134.2006 28.0880
134.0816 30.9578
147.3368 35.4099
130.9983 28.0753
136.0186 30.6578
135.2943 28.5431
131.2850 25.8072
139.8353 27.9726
134.1027 23.2508
138.5877 29.5856
139.7939 32.5165
133.3444 32.1410
124.1246 23.4143
131.8392 26.9385
138.2759 32.8999
135.0985 29.2177
135.2989 31.9450
134.2548 22.9802
135.3813 33.1610
125.7039 24.6833
130.6850 26.1369
136.6735 27.4061
133.9865 33.0816
135.5204 30.9229
137.3022 31.4406
140.6190 34.3667
140.7157 33.8985
135.3578 28.2627
133.8324 27.9091
127.3339 26.7378
136.0661 28.7962
134.2225 22.8137
131.4702 26.1535
139.2215 28.6301
135.2396 31.2657
135.5654 28.7611
130.2987 26.7863
140.7709 33.8895
139.1072 34.1509
135.0274 28.1126
134.3492 22.5380
140.8564 33.9146
136.1867 29.0714
136.4256 27.5197
136.1405 28.1994
130.0634 27.5538
139.0945 34.0578
140.8608 34.9212
131.6420 28.0091
137.7857 32.1899
134.5640 25.2006
130.8201 26.0901
140.5426 34.0147
139.4215 27.8397
137.4882 27.9678
133.2516 24.8677
135.4104 28.3833
133.9540 31.5930
132.4834 25.2569
131.2170 25.3679
130.7205 26.4656
141.6983 33.9016
137.2424 29.8748
132.3190 29.5074
134.0433 23.2188
132.2348 29.6104
134.2178 24.5553
133.9868 24.3148
138.0821 29.0950
135.1102 28.2286
140.1486 28.0742
133.7003 32.0358
134.2632 22.0927
137.1996 31.3043
134.0598 23.0764
130.2411 27.4516
146.6883 38.4566
133.2929 31.8622
134.6309 28.1124
135.3294 28.3950
132.7539 24.3778
131.1580 25.4978
136.5867 27.1828
139.9419 28.7888
135.7272 31.8598
138.4924 27.3078
133.9205 23.0646
131.7733 28.7469
134.9002 30.6184
128.8995 29.6015
137.8413 29.6229
131.5757 28.4174
134.1722 32.3996
133.4319 24.1648
132.3847 28.3932
131.2907 28.2224
137.7504 27.4138
129.5437 25.5588
130.9206 27.9948
130.6775 28.0619
132.1091 29.1106
130.4158 26.1258
136.6711 28.6945
135.1924 32.1053
138.3176 26.9479
133.2438 26.1878
132.4332 27.7914
131.3380 26.6568
132.1430 29.6903
139.8732 28.1647
126.8896 27.0258
131.7943 31.5220
129.5730 26.0554
138.7406 27.4743
125.7700 24.8792
138.4722 29.2690
135.1842 26.7530
127.7088 28.4678
126.2388 24.2904
135.3586 31.4341
133.5688 23.5549
130.1633 25.7226
133.9722 23.4220
130.5111 27.6847
139.7435 28.1974
130.4425 25.4461
132.0568 26.5037
130.2622 27.4064
135.1616 31.4754
131.6639 25.5601
137.7744 32.6185
138.3549 28.5162
134.8430 25.7207
128.5008 27.1258
124.4206 22.2808
138.0677 26.6597
131.3625 21.9603
126.3416 25.3714
128.2077 25.5130
137.6012 32.6518
134.2632 30.3040
137.3224 28.5374
130.0397 25.2968
133.9303 24.9045
137.0612 27.8740
139.4956 27.1567
134.1510 32.6909
131.9114 29.2182
136.6650 31.6270
137.3721 30.6672
140.1667 28.0275
131.4452 24.7844
141.8488 34.7456
139.0496 28.1078
135.5988 27.9919
137.1941 30.1668
130.7647 26.9033
137.5105 29.1955
135.9687 28.8005
137.5853 27.1296
140.7318 27.6510
136.4311 31.4048
132.0751 29.8819
130.1819 26.4710
137.0821 27.4457
134.3460 23.7912
134.2651 23.0334
139.0312 34.1146
138.4476 27.4688
137.9933 26.5565
135.0803 33.2158
126.3991 24.0587
130.9509 26.9207
133.3383 23.7827
134.8059 32.2147
130.8591 27.9692
139.8509 27.9678
134.0955 28.9678
133.8715 31.0335
131.3879 28.4398
132.0787 24.4755
137.8476 29.2685
139.3798 31.7341
144.9283 34.8512
130.3334 26.3133
135.4531 29.4033
135.1397 28.3735
129.2780 27.3956
133.5387 25.7672
139.8909 33.3748
133.8200 32.8848
130.1909 27.6797
138.8539 33.9603
139.2341 33.6826
138.0264 32.6682
132.8588 29.8562
135.5032 28.9135
137.8377 30.2073
130.7747 26.7911
132.3670 25.9130
137.9861 29.8708
149.5656 36.0697
137.9930 30.2006
132.5995 29.0422
136.2374 28.2585
138.4220 33.0455
134.6121 27.9391
130.3569 25.6428
140.2022 28.5526
132.1078 28.4565
136.9137 28.7833
141.8301 35.2253
130.4173 26.6708
139.0128 27.1603
136.1909 28.2082
133.5559 31.8219
137.8547 29.3799
133.9075 22.8815
140.0907 29.1214
130.7809 28.4572
133.5829 27.8838
134.3147 32.3485
132.9830 29.3597
134.1850 22.8973
135.0946 31.9886
125.6953 24.5597
137.3024 28.3043
133.6148 23.9806
131.2203 27.0250
139.7878 29.5402
137.9067 32.4373
133.9401 28.3540
137.5850 27.9982
138.5158 29.2042
131.0503 26.4411
136.2903 27.5105
138.1324 26.8045
133.9120 25.2836
139.7407 27.4925
134.2769 22.2425
137.4788 29.2368
139.2542 33.0913
132.5408 29.7792
130.8458 26.1955
134.9362 31.1220
139.8483 27.6678
138.2732 32.6289
134.2198 28.6190
125.3068 23.9087
135.7790 30.2042
133.0732 29.5761
131.3991 26.3602
134.2711 22.1601
138.3118 32.7849
136.8235 30.0402
130.1216 27.6620
133.5391 32.8165
133.8598 28.0398
133.8724 24.5502
134.6069 25.7276
131.3604 22.3190
138.3926 32.7970
139.5072 27.5664
134.2271 22.2997
137.0843 30.0362
137.8215 26.9406
139.3093 30.7248
130.6935 27.3885
137.8604 28.3201
124.2626 27.1100
127.0452 28.4888
124.8884 21.8267
137.5934 30.3101
131.2788 25.2377
139.8799 29.2500
126.9659 27.3351
135.5073 31.5360
133.7259 23.2832
136.5108 30.8170
130.7632 25.5379
136.6196 28.3829
131.9666 29.2276
128.6383 29.4295
127.0045 27.0128
131.8821 26.4864
133.9546 27.8792
134.5920 28.0358
131.7971 27.2834
133.3002 28.2254
139.6376 28.7511
134.0737 28.2294
138.9482 27.0303
132.4803 29.3495
132.6564 24.9098
139.9979 27.9338
139.0572 27.1123
139.5240 27.5105
131.9440 29.3278
135.3183 31.7098
134.2130 28.7231
132.3676 28.8774
133.4319 32.6937
139.9474 28.4906
133.6748 23.0704
129.1234 26.3282
135.2682 33.1012
128.7541 29.6194
134.1272 22.7424
134.8575 25.9385
131.9221 28.1968
136.0841 27.8996
141.8298 35.5345
135.5095 30.0938
124.1268 23.3154
133.3590 23.9523
132.6823 28.0259
137.2552 28.2597
132.0936 29.9993
132.3387 24.9430
137.5048 28.1184
132.9778 26.1643
129.9744 26.9868
137.8319 29.5561
125.5971 25.1431
134.6971 22.7465
125.7457 24.1986
136.3658 27.8750
140.4685 27.1795
130.2726 25.2821
137.6271 32.0370
131.1435 25.9658
133.3965 24.1115
132.3224 28.4294
130.1857 27.7441
137.2022 30.0551
139.9763 27.9488
130.5229 26.0054
137.5551 28.7140
134.6829 22.6103
133.6772 28.6119
126.6637 25.2639
135.8892 27.9883
133.9690 31.9875
135.9193 30.6302
134.5190 22.5250
139.0946 27.1064
137.1655 31.6233
131.0531 24.8417
140.2484 27.8590
133.3554 29.0228
128.5019 29.6772
130.9861 27.7565
133.5728 31.5662
137.8020 32.3602
139.1349 27.3637
137.8167 27.1860
133.3047 32.2935
135.0195 22.1402
133.6286 22.4835
124.3874 23.9514
131.9498 26.2385
135.8321 30.8382
132.5228 27.9435
134.0832 30.0797
124.2707 22.4005
134.3214 22.1924
130.5513 27.6273
136.7108 27.9141
133.1949 22.5602
125.3820 22.6862
138.0655 28.6822
133.6749 29.9712
137.7652 27.1637
136.5593 28.4798
131.5445 24.6276
137.8377 28.4613
129.8672 26.0794
139.4733 27.2311
132.1759 29.1132
124.5296 24.1647
133.6545 23.3874
130.6088 26.9679
137.0604 31.6621
125.2945 25.1531
131.2440 30.5565
133.6800 23.7758
134.2200 25.8471
136.7596 30.4832
134.3729 32.1424
135.0313 25.2223
131.6452 26.7340
133.8952 30.2949
125.4650 21.8540
130.6465 27.5741
139.7684 27.3281
130.6700 26.1790
128.6433 26.9847
138.8204 28.8784
139.8446 28.5110
130.7692 25.9091
138.4377 26.7339
140.5102 27.6472
138.3584 33.1818
139.0566 27.4787
133.4440 32.3030
134.0048 30.2889
135.4522 32.8285
138.8623 28.8467
138.7500 26.9819
133.6877 32.2596
135.4381 28.0372
130.8482 28.0124
134.2474 24.6795
131.3996 24.5562
134.9093 22.6488
131.7014 28.9047
137.6687 28.4241
133.0902 21.7554
133.3638 25.0002
133.7257 32.1480
136.7184 29.1441
132.3157 28.0550
138.1676 29.7523
129.3140 27.0017
133.9196 22.1405
132.4273 28.8297
134.9545 30.1083
137.3915 28.0735
137.4121 30.0640
134.9330 30.6357
135.8603 26.1816
134.3555 30.7989
132.4454 24.3441
135.3415 32.2430
129.3735 26.9235
131.2630 27.9581
138.6727 27.8743
133.8878 31.0811
134.0792 31.3071
140.3252 27.9310
139.9858 28.5162
134.1183 22.0775
136.4436 29.0706
135.9694 27.4762
132.8299 24.5122
136.5901 28.3357
134.4067 29.7142
135.6511 27.8961
137.2261 28.0230
132.6904 29.1420
137.7632 26.9222
136.1464 27.7538
136.7568 29.8039
137.6691 26.5168
132.5810 31.3999
133.7140 27.8920
132.0800 27.3149
132.0450 28.6383
132.0650 28.7702
131.9840 27.7684
137.0905 27.9882
133.6516 25.1887
137.8467 26.9935
132.7719 29.7614
132.5871 24.5917
136.4966 27.6847
124.3549 21.5702
137.6809 29.6506
139.7866 27.5636
132.0900 27.1653
130.9014 27.9201
137.5448 29.6815
133.0834 29.9712
135.4651 31.7206
139.1853 28.5735
132.0938 26.4812
139.4322 27.1979
124.2266 20.8264
140.1191 28.2467
133.6030 23.4582
135.7934 30.9010
140.3661 27.7968
132.5839 28.1074
132.1900 24.7802
136.8496 28.4912
139.5458 33.8970
136.2777 26.1407
139.9496 28.3049
133.9556 32.7040
133.3840 32.4055
137.6470 29.7794
132.9361 29.0425
135.4525 28.6799
132.8180 25.0772
139.9538 27.9842
140.4461 27.6209
133.9695 23.1536
136.8329 28.0099
136.2789 28.2459
130.0955 25.4974
129.0993 27.2608
133.3287 28.7778
134.3143 31.6348
134.7078 30.5472
136.7799 31.7261
136.4746 27.8380
139.5748 27.4554
133.8356 28.5455
131.6957 28.2029
133.4930 23.5508
136.7502 29.6828
134.1003 28.4421
137.9161 28.8357
137.4808 29.9280
135.6300 31.0838
136.2989 29.7536
136.1982 27.7144
132.4832 24.5817
136.2127 30.7686
135.7757 31.3605
136.7943 28.4904
138.8693 27.7575
132.6573 28.1016
141.7261 34.7340
137.1916 27.7397
135.4074 30.2833
137.2603 28.2517
131.8901 26.3084
133.5140 28.6768
130.2543 27.7603
136.9997 28.4340
129.9223 27.4477
131.3794 27.9570
134.7086 32.4014
123.7540 22.8401
133.6427 28.9293
135.6313 27.6545
137.2835 28.8727
136.0218 27.5225
133.7496 23.7747
140.2832 27.9368
131.5859 29.0601
135.6503 27.8268
133.5778 32.4655
137.8456 28.4967
122.1684 27.2161
132.6851 22.4736
134.6249 22.2266
134.1561 24.1377
135.5653 28.7632
130.7118 27.4937
139.8802 28.0543
126.7412 24.9342
133.7946 23.1403
146.7976 35.5168
139.8995 32.9646
133.6660 24.3443
135.3275 22.7637
138.9190 27.1689
134.2531 30.7805
134.3044 29.8107
130.3153 25.8788
134.4130 21.7663
133.6959 22.8187
127.1177 28.9962
135.7935 29.5580
129.8343 24.9944
130.2110 26.0362
130.0246 28.2870
131.3635 18.2137
131.9372 29.6963
139.7017 34.1140
137.3946 30.1529
133.4181 22.1911
137.6496 29.3909
136.1544 32.1158
130.3760 25.1627
133.3406 22.9563
131.5838 22.4898
134.2699 22.2899
125.0956 20.3980
132.1893 27.7342
136.8584 28.5139
133.0633 23.4628
130.9529 26.3919
124.6595 23.7396
132.4611 24.3107
130.9118 27.7261
124.2308 23.1814
133.5435 28.9413
133.7690 24.2813
125.5899 23.7708
133.3338 22.8896
139.1095 28.0627
135.6954 31.7832
132.4501 29.2976
132.7917 27.7477
136.6789 30.2194
127.5832 24.8304
133.5198 31.8223
131.7970 25.6807
132.0997 28.8723
128.2081 29.8583
133.7254 26.3102
132.0980 24.7201
126.7645 25.0604
123.4553 23.2016
122.2451 20.1675
136.4441 30.0657
145.9260 38.3850
136.7457 30.3441
135.7231 31.4835
135.1116 27.8105
136.7017 27.8077
141.0301 35.4506
139.2194 27.4793
138.9010 33.0446
136.5506 27.9561
139.7682 29.8669
139.9795 29.4811
138.7298 34.1858
137.3170 29.9029
139.1413 34.0451
138.6401 32.5211
139.9644 28.5378
139.1497 34.0582
138.8495 27.5163
139.1421 27.3848
137.5108 28.3115
139.2216 34.0360
138.2973 30.6119
139.3038 33.3096
141.5247 35.6937
138.1772 32.1322
136.9904 30.7075
136.7118 31.1808
136.5483 30.4602
138.5216 27.3638
146.1273 37.5861
139.0272 32.9419
137.2545 28.1024
145.2689 34.3913
138.8804 32.9034
140.1895 33.3643
136.7552 28.1907
142.5935 36.1102
137.6284 29.3077
138.3083 28.7075
137.7180 33.8153
146.1158 37.7474
136.1929 30.6162
138.4387 30.3621
138.0945 27.1112
139.0984 33.0083
140.9582 35.5089
137.7650 33.8282
138.6036 34.2365
145.8366 38.1009
138.3068 28.8746
139.0442 33.0313
136.3539 27.5640
142.2907 36.0794
139.9759 28.1545
139.7976 27.8532
139.0118 27.5694
137.3174 29.8847
137.7696 28.3420
139.6165 33.3415
137.0243 27.9374
144.6350 37.5458
136.7993 30.4149
144.3683 35.7465
136.0290 30.3663
138.3958 29.0437
138.2119 32.1434
137.4544 29.4689
144.9860 37.3903
148.4932 35.5839
146.0098 35.2854
139.3586 34.1813
139.2252 27.1590
137.9674 30.0622
140.0201 29.2256
137.5550 30.1014
143.6324 36.2083
144.7118 37.0957
139.4492 34.0816
137.1836 30.2213
136.8784 31.5264
135.7304 30.8708
136.6396 30.7394
135.9465 31.3405
144.8208 37.6714
131.5408 27.0591
139.6334 27.4120
149.0156 36.1361
138.1276 29.7448
144.9531 37.5573
138.0049 31.3843
138.6585 34.1946
141.4046 36.3351
139.8634 33.5937
139.5233 33.3378
143.8293 36.1219
144.7997 35.6615
135.9867 30.5646
138.0765 28.5726
137.1138 28.0954
138.0927 28.5700
136.4534 28.4026
139.6192 27.5122
143.6864 36.1144
144.8166 37.6722
138.5949 32.5811
139.6544 27.4168
138.2659 32.2356
139.2972 33.3426
137.1538 29.9823
138.3554 32.4691
142.2561 34.8864
140.0387 29.1099
137.3734 31.0860
136.6426 27.9766
137.8045 33.9062
140.8059 33.4171
137.0316 31.6093
140.4236 34.6653
136.4930 27.9667
139.6473 33.4997
138.4279 29.4497
143.5045 36.8170
140.2959 33.5809
146.2363 37.6421
137.9032 26.9212
137.1503 28.7215
139.2024 32.7345
139.3719 27.3476
136.5844 27.8913
140.6297 33.2669
136.3522 31.1180
136.0418 30.6837
143.8288 35.8293
136.1835 28.2204
136.4690 30.2363
139.7023 27.6884
142.0236 34.7901
135.6213 31.1474
138.5732 32.7475
137.2813 28.0103
135.2746 31.5990
136.7361 30.8658
136.7404 28.3605
140.0502 29.0884
134.4504 33.0080
136.7899 27.8927
137.6364 30.1135
145.1934 34.0765
137.8788 33.8392
136.4833 30.4751
138.1583 33.9932
138.1593 30.5978
138.7880 32.7576
141.8944 34.4511
137.3891 30.0110
139.1159 34.1270
141.8373 34.1481
146.3847 39.2550
137.0291 29.8373
136.4773 27.9679
139.9437 33.7763
139.5049 27.5497
137.3642 28.0030
146.5192 39.2500
138.5473 34.2128
135.8890 31.4877
137.3319 31.3852
138.1569 32.1868
135.7212 31.1807
136.0397 30.3237
137.9435 28.9309
135.3118 32.1928
139.7893 28.3019
139.9729 33.5079
138.8037 34.2559
137.1952 28.7850
138.0130 29.9739
138.5316 34.2402
136.0805 30.7105
138.1232 29.9513
137.4716 31.3146
138.6415 27.2022
139.8278 33.7038
142.5560 36.2839
139.7797 29.8478
137.8126 29.3236
136.4175 30.2595
136.0934 27.8730
146.1260 37.5856
137.5031 29.8938
136.2048 27.8890
138.2752 27.0168
142.3528 35.5074
140.0910 28.7310
143.7881 36.1234
139.9261 28.2265
137.8066 33.8189
139.0000 32.9970
143.5951 36.2324
136.9067 29.6020
141.9467 35.9118
138.5457 34.2289
137.2132 28.6543
137.1070 27.8873
143.6605 37.2774
136.7163 30.3007
136.3208 30.2407
134.4049 27.8158
137.2657 27.9715
137.4551 30.4594
137.5686 30.1170
141.9290 34.2553
142.5991 36.7512
136.7065 28.0972
139.4907 27.2738
139.3373 27.8925
139.7262 33.3666
136.7878 30.3808
135.7475 31.1019
143.1214 36.1614
143.7941 36.1769
136.5107 29.9518
135.2843 31.5155
136.8182 31.5684
136.7443 30.4320
139.7570 27.8018
149.9734 36.1680
145.6651 39.2043
136.7680 30.3750
139.2540 27.2374
139.1392 34.0432
139.5133 31.6499
137.6892 31.0169
136.5365 30.4342
138.4663 29.2025
139.3236 27.9271
137.6039 31.3169
137.5647 31.2059
136.8722 28.0920
137.3881 29.4508
139.9668 33.4200
143.4833 36.2141
157.3977 35.3994
153.1464 38.1167
138.1528 32.0984
139.3621 34.3703
137.9781 31.5575
142.2536 35.0782
135.8342 27.8574
136.4981 30.5461
140.0061 33.7116
139.1222 34.1985
145.2160 34.0898
143.6806 36.1886
138.0665 28.4009
138.3212 27.2398
137.6059 31.1377
136.6873 27.8855
139.4026 27.2549
139.9913 28.7698
138.6393 27.4718
139.4308 33.3897
141.1330 36.1865
145.6880 36.1599
139.7385 33.3988
136.6158 31.4926
138.0439 33.9936
136.8703 29.0072
139.3015 27.2449
136.8819 28.1821
138.2846 28.9546
139.3471 34.0719
139.4747 27.3910
142.2617 35.4504
139.2852 28.1697
136.6294 27.5864
135.9956 30.8678
138.0015 27.0292
139.1555 34.3710
139.7595 27.4715
136.7990 28.4156
139.2291 34.0371
145.5574 37.8977
137.0182 30.3904
139.5846 33.6867
138.0703 27.1582
139.8511 33.4800
136.8859 30.7647
140.0463 33.3441
139.2904 27.8860
138.5911 32.5232
137.7565 33.8482
137.9404 31.4489
143.0475 36.2377
138.1547 30.5653
139.1724 32.9661
139.5957 27.6573
139.5162 33.3470
139.7693 28.0937
