130.9852 25.3417
133.2305 30.3362
131.0008 24.3237
140.8442 33.6779
134.1411 30.4619
132.2511 28.2891
130.7565 26.0584
137.8017 29.1436
138.7812 27.3877
139.3523 27.4997
136.0272 27.8501
129.7948 26.3568
137.7549 30.2463
134.1499 31.6663
132.7953 31.2145
138.6466 27.3313
134.1404 29.9366
137.8179 32.5061
138.4448 27.2804
135.9972 31.1749
138.5486 26.9380
133.0392 24.5990
136.1802 28.9719
141.5766 35.9902
135.7595 32.6859
131.1087 26.0022
139.6772 27.4685
136.0952 27.9236
138.9213 28.4739
139.9437 29.2677
136.9799 28.7043
136.1193 27.7534
138.8940 27.5910
129.6703 26.0325
137.2422 30.1700
137.4419 28.3547
131.7699 29.0791
132.5776 27.3679
133.2057 26.2226
138.2069 27.0024
131.8653 29.4461
138.5263 34.1555
135.9200 27.5741
136.8584 27.3791
134.3465 23.2315
142.8840 36.1020
134.4977 30.2939
133.0471 32.0533
133.0300 28.6709
125.2940 21.7865
133.4716 27.9443
132.3956 25.2989
136.5147 32.2013
133.7242 28.0340
131.1514 24.5849
141.5549 33.7945
131.8822 29.1390
133.4805 28.5343
130.6249 26.4731
125.9962 23.0691
132.8871 28.3641
136.4052 26.0575
136.4376 30.2609
135.0259 28.3324
141.9767 36.1248
137.8133 27.3164
135.3494 30.2159
132.8650 24.2544
137.7684 27.7530
132.4262 26.4945
134.4219 22.8201
140.1926 28.2810
132.0977 28.9771
131.4411 28.7910
135.8807 27.8982
130.5644 28.1187
126.0562 25.4722
135.3102 22.6459
138.5067 33.0278
132.3779 24.6173
137.9684 28.5852
134.1584 23.8905
131.3752 26.5019
133.9097 29.9084
137.2968 28.8720
133.3721 30.7090
133.4169 24.0703
135.5546 31.6076
126.8568 27.4304
135.4417 31.3917
133.6511 24.3733
137.6460 29.7889
130.7373 26.8511
136.3790 26.7803
131.4221 21.8048
130.8062 26.0558
139.1461 27.3083
132.2578 31.3009
137.9578 29.7655
133.9319 23.9479
133.9794 32.2084
132.8069 26.0045
134.7590 22.1706
137.5550 29.5079
134.3274 32.6205
137.2723 29.1135
134.1987 25.0782
136.0822 27.6734
141.5935 36.0425
131.4676 28.0238
145.2427 35.7629
140.0121 33.4570
130.9420 26.8851
133.6414 24.1394
129.9617 27.4270
130.9232 28.6255
137.4530 28.2376
137.2116 31.6765
137.5169 29.5733
133.7441 23.9984
133.8968 25.2977
138.5466 27.0862
136.0737 29.0445
129.7688 27.6492
136.3121 30.7565
131.0094 25.8197
134.3217 24.9728
138.2538 32.9622
136.3652 27.8471
132.1065 28.8298
137.0312 28.5004
130.7106 26.4305
134.1091 23.1982
130.5115 26.9747
131.3714 30.7663
131.0361 26.8605
137.2431 30.8102
130.9476 26.2367
134.8325 28.2917
140.0733 28.5431
137.4164 26.4031
134.6169 21.8242
133.3328 23.8708
142.0903 35.7541
138.6479 27.3106
133.2906 28.3467
137.8341 32.5912
134.8964 30.2748
137.5391 28.1932
129.9641 27.4238
138.1665 28.8618
131.0101 28.3114
134.7787 28.2938
138.2247 33.0328
125.8565 24.8478
135.4928 28.8954
136.0204 30.7656
131.9361 25.2944
134.5947 30.5392
135.7318 27.8278
135.8297 31.2501
144.4629 37.6425
132.0631 29.5516
135.9472 29.0651
129.5937 27.9255
138.9179 27.6141
135.7288 27.9946
128.4634 25.6517
141.6757 34.9599
136.1390 28.9710
135.8819 27.6714
133.6028 32.4954
130.2149 27.8362
129.8330 27.3225
141.2289 34.0217
131.8092 28.6107
132.0960 28.9311
131.9367 28.8716
133.0224 24.7279
140.2180 27.7077
131.9237 27.5717
135.2412 28.5339
133.0120 30.3554
136.4217 27.4216
131.3200 29.0460
128.0977 25.1135
136.5480 28.4260
131.3396 26.3254
139.9958 28.5945
137.3777 26.1312
138.6348 27.0183
131.3010 28.3483
135.1500 33.1137
133.3499 29.8645
137.7821 32.5128
136.2439 28.2292
136.4474 28.1727
131.8191 28.6292
139.7832 27.5951
139.2745 27.2104
133.7498 30.2147
132.7154 30.1238
137.7399 28.4441
137.9642 28.9156
133.4279 24.5130
125.1350 20.3357
138.8971 28.0626
136.7761 31.1003
135.2277 28.5110
141.3764 34.8240
138.8847 27.5829
139.0223 28.2967
131.9595 27.6718
138.0713 32.0353
138.6397 27.1428
130.4707 27.3509
133.8590 23.5378
123.2706 20.6067
136.5456 27.5924
131.5569 28.5930
140.2171 28.1220
134.3597 29.8989
130.4371 27.1688
124.0655 21.3656
138.0664 28.7160
136.2876 30.5399
132.7277 24.5649
129.9335 25.6665
138.0345 26.8168
136.9250 28.2111
134.7686 29.1481
134.1127 30.2221
134.9103 27.8114
128.7296 29.5585
142.3135 34.7553
138.8423 27.0456
139.3025 32.8743
131.8065 24.0998
131.8291 32.0897
124.4974 23.0429
133.8670 32.4719
131.9997 29.0730
131.4482 26.5246
130.5921 26.3910
135.0995 28.7490
130.5670 25.6382
132.1653 24.8598
136.0364 30.2004
136.6126 27.7732
132.5645 29.3716
133.6132 29.3004
130.6440 27.2410
137.0631 28.8098
136.6257 28.4274
137.9617 28.7454
132.3089 31.3239
138.6332 32.3991
135.6422 27.6502
132.0221 29.0011
131.7513 26.4933
137.0813 26.7668
134.7345 28.1981
130.5730 25.9159
136.1180 29.1087
130.4946 25.6161
137.4688 28.1483
137.6151 26.5134
137.1387 27.5786
134.2644 22.7647
133.4167 30.0470
139.9682 28.5907
131.6873 26.4398
138.9659 27.8303
133.6191 21.4306
130.5190 26.2856
131.6616 24.4691
124.9819 22.3983
132.6556 29.3492
137.7211 29.5238
140.3198 28.0125
134.3750 31.0191
139.9810 27.9045
137.8691 26.4152
133.5764 24.0898
133.2206 28.3052
132.3149 25.1808
137.0876 30.8930
125.7190 21.3648
132.3110 29.1685
131.3259 28.2553
130.3815 27.8196
139.1975 27.6676
136.0363 29.1517
141.1019 34.6662
138.0740 28.5420
134.1641 30.2584
133.4376 24.6224
131.4133 26.4766
138.6776 27.0304
132.8997 28.5382
124.9129 22.9270
136.6238 27.8179
132.5682 31.7347
132.3846 28.7822
136.2330 29.9186
134.8228 22.1557
124.7558 20.8348
131.9843 28.2390
131.8598 29.4425
125.7159 24.8516
137.0069 29.6435
137.3084 29.3132
133.7562 28.5359
138.1440 26.8063
136.3905 30.8489
136.5312 29.8290
137.3532 31.9979
135.8361 27.8669
130.8489 26.0262
140.0359 28.1012
132.9798 27.7018
136.6564 31.6995
130.9206 25.5222
131.8770 32.1480
133.9654 28.9659
136.5570 29.9561
132.0452 29.2333
130.3777 26.7673
134.5528 32.0325
130.3726 25.3880
133.4691 31.1582
138.3718 28.5574
131.4704 26.8985
132.3929 24.3645
131.3336 25.2224
135.5648 30.2195
134.3644 21.6745
139.1329 32.1599
137.7576 29.5540
135.5984 27.6562
134.1707 23.2253
131.7112 31.4181
137.2114 28.6765
138.1637 28.9225
136.6368 28.3071
132.1248 28.7391
137.0300 30.4109
138.7821 27.3589
136.1305 31.3319
134.4485 32.4818
137.9227 31.8419
128.3273 29.4777
129.9651 26.4440
137.4161 31.9403
140.4077 28.0105
138.2061 32.7474
138.2216 28.5517
130.5981 27.9008
137.6936 32.1480
132.9918 28.4074
137.4398 28.3408
139.2322 27.3032
137.7482 29.2311
138.1488 29.0532
138.7356 28.0978
133.4006 32.0138
125.0816 24.2558
139.9810 33.5376
132.6582 30.6628
138.1609 29.3115
139.9392 28.1841
135.2267 30.4310
132.0362 26.1842
133.8943 25.2248
132.4885 26.5155
130.0323 25.6692
133.7440 24.6789
131.5471 25.5339
138.4359 29.7365
133.2353 28.7583
131.9642 26.5956
136.1223 28.2791
132.0319 22.6267
134.3607 22.6430
134.3143 32.3466
133.0892 25.2435
124.6813 23.6004
136.3020 27.5570
139.8852 27.6898
140.7651 27.7436
130.8631 25.9362
129.5883 26.4965
137.1279 28.6835
128.6243 27.1661
136.5353 28.0613
134.4150 31.8214
136.6638 27.4615
134.0079 23.3184
133.7328 30.2669
133.4021 30.2936
132.1562 28.4487
133.3500 24.5761
138.1352 26.9695
132.4567 28.7150
139.6118 27.3604
138.0977 28.1981
133.5906 30.6580
131.3628 28.2674
131.7805 31.8411
136.1342 30.8262
129.7405 26.4067
134.6274 30.0871
129.5091 25.5948
140.0107 29.4969
129.0747 26.9635
138.0820 26.9286
136.6346 28.5095
135.5343 27.9156
136.5601 28.5391
135.4144 28.2234
133.6258 29.3861
138.8198 27.9370
136.1080 27.6937
137.7051 30.2942
132.1382 25.1421
132.0797 28.4807
136.9066 29.7548
132.6971 31.3630
133.5806 23.5560
131.7471 27.7627
139.5250 27.4815
130.1356 25.4859
134.0697 23.3501
137.3203 28.1806
134.3097 23.7226
125.5198 24.4524
139.4678 33.0100
127.9163 28.3756
138.5026 29.2415
129.2077 26.3342
145.9161 34.9411
133.6140 22.8740
139.9233 28.4402
133.0282 24.6515
134.4270 22.7310
133.0798 26.1554
132.2874 24.7990
135.1256 29.4618
133.3904 24.1951
131.3059 25.0438
133.8720 28.5349
131.3190 26.1409
128.0316 25.2940
138.4043 27.0342
131.9433 31.9940
137.9432 31.9650
139.0704 33.5003
130.3920 25.9570
136.5338 28.4261
124.6987 24.8321
132.8037 29.3244
136.6751 30.0407
136.2789 31.6395
131.4083 25.8750
137.8414 28.3444
131.3065 26.0846
137.0798 29.6367
137.3464 28.0071
135.8441 28.0646
138.9855 28.0157
134.1562 22.2044
134.1692 28.1858
132.1556 29.1865
135.8818 31.5797
131.3871 28.6906
132.9704 24.7144
137.1333 26.9085
133.2788 24.9025
137.5166 29.5072
126.2879 21.2255
136.7250 28.4417
133.8046 24.4037
137.7202 28.6269
134.2345 30.0569
138.5361 33.1434
140.0819 27.8076
131.4728 26.3234
137.1832 29.7945
139.9243 28.8455
136.9677 31.0140
128.0364 28.5675
137.6791 28.1980
136.6860 30.2604
135.6789 27.7051
136.2254 28.3195
130.8510 26.4581
136.2826 31.0812
139.6028 27.3874
137.2040 28.2986
132.3837 28.5701
134.5836 22.8492
133.2542 32.4745
124.5856 23.4298
137.2027 28.0776
133.1964 30.6982
133.9614 23.5498
139.2238 27.2230
137.4354 26.1945
133.7758 27.9310
133.9725 23.6659
131.5296 26.1258
132.3894 26.7379
138.5289 27.3695
132.6541 26.1606
135.9296 31.7632
132.8528 28.5557
132.7860 28.1496
132.7321 30.6714
133.9764 28.3841
134.0153 23.4840
133.9189 24.3981
132.1498 26.7073
136.6734 30.9499
139.0595 28.7486
137.9734 28.6843
137.1717 29.3039
136.5346 27.4370
134.5046 28.2144
124.4609 23.2845
131.7691 23.9365
134.5820 30.3337
137.2528 31.9072
131.0043 27.8766
131.0813 26.4110
136.1405 27.6691
132.6119 31.2554
128.9403 26.0112
139.9063 28.8593
135.4238 28.2969
135.3363 28.6110
137.8621 32.6613
136.8725 27.8064
135.9220 28.0349
131.1170 26.4083
134.6117 30.2164
137.3566 31.4900
133.9392 29.8635
135.4394 22.9469
140.0887 28.9399
136.5631 27.5508
135.8812 27.7663
135.4300 28.5583
131.7047 25.3098
139.9257 28.7050
137.7753 28.1173
137.7576 29.3072
137.7083 28.5999
132.3881 26.1363
134.2350 28.3475
125.2380 21.8537
132.0204 27.4091
136.8832 30.2918
138.2260 29.1401
139.6599 28.3535
136.9905 33.3649
136.2676 30.7364
140.0233 29.2061
137.2694 26.0273
138.1731 33.8428
139.8463 27.9418
138.0634 32.6791
137.5366 26.6271
140.0723 33.3156
141.2180 33.7879
135.9627 30.6583
135.4390 31.2590
139.5369 28.2147
140.0726 28.5338
137.6699 28.2270
132.7561 29.8793
139.2432 28.4753
141.6641 34.9451
134.8974 33.0223
138.2189 33.3486
129.0768 29.2796
137.3462 31.3631
127.4874 27.0645
136.7776 28.0207
139.4211 33.2430
140.0456 28.4766
137.3903 26.6538
138.0026 31.0303
137.7609 28.1389
138.5795 33.7572
135.5635 27.8787
139.8590 28.5457
136.1716 30.6777
137.6098 29.3266
139.7691 27.7700
136.0598 31.1704
127.1638 27.7609
139.6691 27.8597
143.9458 36.6257
137.3680 28.0690
127.3948 27.9271
139.1937 27.3624
138.5566 27.4611
137.1133 31.3361
137.5111 31.3518
133.7402 29.2182
139.5336 27.3119
136.8676 28.4205
137.0149 28.9957
138.5360 34.1172
127.5957 28.4581
135.3225 27.8457
138.9193 27.8258
135.8209 31.2002
134.7929 23.4473
139.9885 32.6435
133.4948 29.4783
138.1048 26.8255
145.5072 35.0712
136.0808 27.9245
131.7379 30.7563
137.6602 27.3361
144.1494 35.9196
138.7302 27.2671
139.3686 27.3754
136.9585 31.7002
137.9343 28.5868
138.9304 27.1449
140.0914 28.0728
139.8370 27.6879
139.5158 28.1313
139.5131 27.2966
139.5446 27.3529
139.7668 28.6397
137.0196 29.5329
138.5306 32.4519
138.2186 27.0575
137.4605 26.7119
137.7567 29.2050
138.2562 33.9244
145.0997 37.9453
134.7362 25.5842
136.3730 31.3871
139.8360 28.2516
140.8784 34.1517
132.0904 28.7933
136.5630 28.8895
136.8377 28.6179
136.3043 30.1732
140.1078 27.6433
137.7132 31.7442
135.2632 27.9048
138.3037 27.1689
138.6501 32.6528
134.1316 27.9178
139.0540 27.0920
138.6121 27.8628
135.3083 28.4495
139.6196 34.8974
137.8482 28.6918
134.4660 27.9210
137.8683 29.1477
136.9491 30.5635
136.0439 30.1122
138.0468 32.6272
142.4954 36.2038
136.0676 30.7062
145.9966 37.9630
139.9412 28.8808
138.0975 26.9656
126.7031 26.9501
137.9242 32.1596
145.8021 36.6817
138.0819 30.0920
137.6407 27.1870
140.0936 28.9900
138.1929 32.3075
133.5395 27.9219
142.9218 35.8990
137.1207 30.0263
136.2724 30.3854
141.9540 34.1616
139.9475 29.2681
139.1676 34.1412
137.7699 29.2963
137.1828 28.7122
137.8839 29.1634
137.6631 31.4210
135.0299 29.4682
140.0672 29.1443
143.6201 36.2058
129.5599 26.3736
139.9683 27.8735
135.1744 28.2978
132.1199 27.2202
145.0846 34.0825
136.7282 31.1168
137.2350 30.2862
137.9259 28.7026
139.7766 33.6301
139.9711 28.4042
137.3016 27.9890
138.6676 34.1482
138.6462 32.7715
139.2348 28.6426
139.0206 27.0931
139.0682 34.5499
140.0736 28.1822
135.1599 27.8769
138.9736 31.8662
139.4525 27.7229
126.0665 26.7246
139.9757 28.9841
139.4454 27.6015
136.2682 28.3528
138.5372 29.2318
140.6960 33.9020
137.0611 28.0719
143.3816 36.8847
134.1353 31.4335
137.2104 28.6839
143.4514 36.6265
136.7251 30.0663
141.8580 34.9759
136.7399 30.3252
138.8106 34.2083
139.8928 28.1326
133.1419 29.1973
139.5435 27.4120
136.1126 30.4673
142.6057 36.0250
141.1835 33.3150
136.9606 28.8707
140.0571 27.6378
137.1504 30.2931
132.0256 29.0583
138.7100 33.1245
138.7784 34.2497
138.1338 31.9821
133.7755 32.5147
138.5680 34.0226
130.9451 27.1252
136.3613 30.5687
135.7674 23.4999
138.6003 32.5197
134.5367 21.3485
133.5341 30.8697
137.1828 27.6285
135.7371 31.4810
134.2955 24.8643
131.7133 30.9555
134.9322 26.1725
135.4163 27.9468
132.3591 29.6869
137.7901 32.5207
131.3247 27.8389
137.5434 28.9243
136.0074 28.1665
138.2633 27.2407
132.9047 31.8124
132.0338 28.7168
138.4085 28.3897
132.9970 28.0854
140.1728 33.3198
137.1973 27.9497
139.5439 29.9392
134.3534 27.8943
138.4469 32.9653
134.2526 23.5546
134.1169 28.9039
140.0209 28.9188
123.4235 29.9421
126.3985 25.0439
134.3639 23.4195
126.7932 26.0602
139.9270 28.3214
139.9748 27.7159
142.4828 36.0964
136.9627 31.2972
137.6818 27.0933
140.5865 28.1449
135.2005 22.1418
138.0086 31.9767
137.0823 30.5513
132.3903 29.4160
131.3252 27.5236
138.5331 27.3238
133.2997 28.8989
134.3389 31.9596
140.0395 28.0813
137.8671 32.7786
140.1558 27.5600
137.2601 29.3269
132.1785 30.0665
145.0034 35.5670
136.8505 25.9298
142.1516 34.9882
132.4334 27.7250
136.5917 27.1246
137.7230 29.7576
134.4368 23.6053
133.0841 25.1471
136.3788 30.6420
134.7073 24.0357
139.8520 28.0253
134.9789 23.1528
137.2050 30.1876
132.7626 28.4427
137.0661 28.8282
136.8947 30.2160
133.6314 29.2266
137.0011 26.0277
132.1688 29.9693
140.7530 27.0914
129.7607 29.4576
131.4541 28.9190
134.5922 23.3345
139.7952 27.9627
138.1383 33.5611
136.9327 29.8749
138.1181 29.4319
134.5296 22.5195
138.0412 28.6279
131.3609 28.2195
137.7647 28.9796
132.2938 28.6130
138.2685 28.5500
139.8733 27.7616
132.3584 29.5237
125.8281 23.6585
136.1935 28.3597
141.7648 35.0615
136.3522 28.2907
132.3405 21.5268
136.6382 26.1973
137.9400 27.1084
140.6750 33.8017
131.9130 27.3695
133.4155 24.5262
136.2733 28.2939
131.3660 27.5130
144.3770 35.4569
132.2040 28.3957
133.5586 24.1494
131.5640 28.3564
135.9689 30.2568
134.2336 27.8721
138.2130 26.9918
136.3287 27.8787
134.0595 23.3534
139.8497 28.7526
128.8422 25.0882
135.7705 30.7459
130.6228 25.0463
138.2737 28.7432
132.2030 29.5198
136.6117 30.9086
135.9089 27.8069
138.3388 28.8231
136.6579 28.3850
135.1027 29.7172
139.7026 33.6604
136.6989 28.1243
141.3522 34.6136
137.9310 31.9688
134.5082 21.5106
136.7286 31.4675
138.4827 26.9922
134.1067 24.4073
131.3120 26.9497
140.2604 28.2868
133.2681 31.6465
140.7037 27.9186
126.0579 26.8770
133.6373 32.4006
133.8089 22.9134
130.6920 26.8082
134.7517 30.4911
139.6864 27.4812
134.0777 23.3777
140.7567 34.2682
139.9719 28.0458
136.5759 28.2006
136.9294 33.7853
139.9206 27.7105
127.5694 28.1179
140.1444 33.5131
133.0330 28.7233
131.0576 27.9372
136.8427 28.0088
136.8267 28.4317
135.0163 27.7231
127.1915 24.8115
133.3383 24.9239
139.0704 28.2881
136.7624 27.7791
134.6104 28.3246
135.0470 28.1484
138.8624 27.1183
136.5900 28.4184
132.4653 28.0306
134.3665 27.9856
136.2025 28.2908
126.1232 22.9718
131.9653 28.3854
127.0234 26.9257
136.2619 27.8006
131.8807 27.8945
134.3785 33.0508
139.1063 27.4882
137.8091 29.2807
131.9643 25.6968
131.8809 24.5957
138.2626 32.3885
137.2562 29.8373
133.6595 27.6987
133.6478 25.3826
137.2728 28.1036
140.4766 34.9888
133.3630 24.8454
140.0479 28.1102
130.4816 27.0772
131.9729 31.7014
133.9905 22.8457
140.2250 28.1735
136.9704 28.7556
132.9787 27.7149
139.4325 27.2362
138.2272 27.4888
130.6016 26.9343
133.1066 30.0351
145.3204 35.6434
123.9186 23.6150
136.8636 28.4391
136.4268 27.3761
139.4993 33.9259
137.8579 31.7367
130.5966 25.4686
134.0444 30.1600
131.9165 24.5265
132.8002 24.9491
136.7451 28.4941
138.9163 27.2050
130.0354 27.4113
137.0450 28.0237
136.0864 28.0163
136.8329 31.5094
136.6727 28.4070
134.1429 32.1942
136.1918 27.8534
137.8941 28.3751
133.4836 25.1077
139.9594 28.7058
139.9489 28.5080
133.5142 23.3914
135.9972 31.4682
136.1194 30.9090
137.4552 32.7217
137.8533 28.5719
136.7070 29.0215
133.7019 23.0441
135.9830 29.0695
134.1533 28.5185
136.0959 31.1072
136.6482 28.5554
137.1114 28.3244
136.6700 28.4241
136.9063 27.9046
131.8345 24.0750
131.7489 27.8957
131.5320 24.1237
135.9346 30.4028
128.5670 26.7359
135.9818 27.6615
132.3125 24.3731
134.6797 30.2024
140.7025 33.4838
131.8051 26.0856
136.0706 27.9500
139.0603 27.9220
133.4096 30.1441
133.4790 31.8136
137.5866 26.5282
138.0048 28.7772
133.5378 25.4781
138.0086 28.6562
131.4722 27.8711
123.8466 23.5359
137.0998 31.1257
136.8669 28.1188
136.3444 27.4210
139.4590 27.8376
133.4506 25.7517
136.0682 30.8532
137.2909 30.3402
137.1673 28.7154
135.0243 24.1679
138.5256 27.0310
132.7023 25.7934
138.8446 27.0323
133.0321 31.9827
138.9591 33.8905
136.8979 28.5416
137.1752 27.8546
140.4318 27.9252
136.6438 28.3746
125.8832 24.8830
136.0774 30.1142
137.9727 28.4412
140.8395 34.4881
138.3492 27.0086
135.0371 22.6521
137.2633 29.6271
138.2177 27.6556
137.0438 28.4919
132.4708 26.4716
137.1251 28.6055
136.8252 27.2543
135.6488 27.8394
131.0741 27.0703
133.9634 33.1781
138.1655 28.7185
126.7603 26.8178
132.6307 26.0015
140.6671 27.5538
140.6801 34.3474
137.1994 26.8394
124.6958 21.7903
124.4994 21.0415
136.9879 26.7294
131.5390 29.4032
127.9924 28.2286
134.6922 22.2794
129.1051 25.2488
137.8139 28.5798
135.7349 30.5464
139.2034 27.1858
138.0624 32.3909
138.6405 26.9999
134.7798 22.6737
131.8527 31.3447
139.8221 27.8171
137.5217 28.0849
134.9632 22.7737
138.2616 29.3726
135.2122 28.2074
127.9719 27.9784
131.4502 26.6958
134.1755 24.1789
138.0528 32.6920
137.4521 31.4527
131.1592 26.7155
138.3959 27.1582
131.2147 26.8264
138.9508 34.0210
141.9557 34.9862
130.7865 26.5374
133.8780 25.5360
139.9324 33.5809
138.1919 26.8983
130.3846 26.9305
132.4929 26.4519
130.5352 27.3064
131.3783 28.3320
140.4756 33.6782
126.2877 27.2095
131.0086 27.4686
135.0934 28.3139
129.8517 26.7332
131.0824 26.3330
139.9870 29.0594
134.4311 24.4917
126.3706 24.1286
134.4162 28.2841
134.6307 22.8848
138.6084 27.2363
138.0696 32.8307
137.8968 28.9037
140.4256 34.1757
137.9093 28.7363
126.0797 26.0657
137.8743 32.9764
127.3704 27.5516
136.8582 27.5180
131.8261 28.4976
139.1174 33.9404
139.9014 28.7678
131.9604 27.4851
130.1521 27.6736
131.1388 26.3466
133.1240 28.0157
135.3286 27.9012
134.3219 30.4120
133.5253 31.7379
133.3873 29.2647
134.7128 30.6800
127.0584 27.8300
134.2759 28.6740
134.2055 25.5578
132.8158 28.5996
131.0871 25.9385
139.9170 33.4810
140.0653 28.6091
131.6299 27.1103
135.6490 31.1733
133.9727 32.6489
133.4472 32.6685
136.3797 27.7056
138.1622 26.8395
137.3873 26.0835
138.0582 26.8780
136.6770 30.8363
131.6076 27.0821
136.7993 27.1474
137.7940 32.8538
136.0687 30.6412
131.5729 26.3523
135.3129 32.9007
136.1954 29.9693
133.7424 24.5292
136.7247 27.7446
140.0133 28.3607
138.3964 32.4213
133.1966 28.2359
137.2907 26.8868
137.8124 29.4251
141.2468 34.1071
136.9593 27.9081
136.8063 28.5370
138.0167 28.6316
133.8106 32.2858
134.6260 25.3876
138.0342 28.3858
131.0980 27.9608
131.9267 27.7692
138.6380 33.5319
137.6212 29.4667
135.3637 28.2582
137.7564 32.4287
130.3821 25.9393
125.8429 24.8027
137.4376 26.2087
138.9098 33.9897
132.4691 28.4260
139.9827 27.9059
138.9040 34.1486
139.8066 27.8191
138.5360 30.7022
136.5525 27.8225
149.4610 36.3306
136.9823 30.1879
138.2686 28.5738
136.2793 30.9170
139.8708 28.0180
138.0986 28.6304
136.4037 31.2860
137.4166 30.5847
138.0911 34.0641
139.3131 34.1196
138.3840 29.5579
136.5664 31.1303
137.9692 30.4985
141.7970 36.2357
132.8528 32.2910
141.4776 36.3745
136.7953 30.0565
139.9534 33.8335
136.3633 30.8459
137.9493 29.1162
138.1587 30.7209
138.1535 28.9561
139.6431 32.6731
137.1563 30.7675
137.6226 30.8577
139.1976 33.3367
135.8228 30.8052
141.9378 34.5772
136.2363 30.5324
139.8493 28.1320
147.8567 35.9330
138.9800 34.1461
139.5714 27.5446
138.4006 28.8481
136.2546 30.7154
138.1145 30.0572
137.2923 33.5602
139.7718 27.5319
138.3174 28.9196
139.8660 28.7188
137.6402 30.2900
137.9594 28.6057
137.9432 33.5578
135.8789 27.8699
137.2927 30.3394
138.0600 30.9670
139.5540 33.6776
136.1461 30.4466
140.1083 29.0528
136.5276 30.2418
149.3171 36.0039
140.2193 28.7207
136.8782 30.8947
147.3964 35.4439
139.9092 27.8812
138.6124 34.1816
136.0426 31.1088
136.0128 27.9993
136.4634 28.0958
138.0211 28.7517
139.5556 28.2223
139.8919 28.7734
137.0155 30.7207
139.6174 27.9950
139.5340 33.6107
135.8780 31.3158
136.6850 28.0409
138.4126 29.3765
138.9678 34.0204
139.6560 29.9571
137.9193 33.6070
141.5407 33.9943
136.2305 30.5265
137.3789 28.2123
137.9015 30.8057
138.3358 33.9501
146.0280 37.8758
136.0611 30.4075
139.0449 27.5760
135.1600 32.0405
145.1888 39.5226
139.5406 33.7609
136.4374 30.8427
136.0441 30.9739
141.8796 35.7767
138.9981 34.1931
137.5396 29.6477
137.7861 30.2923
137.2390 29.8681
140.0578 28.1696
154.0924 34.1164
137.2839 29.8660
136.7178 28.1782
137.7191 28.2120
139.4585 27.3485
137.3928 29.8745
140.1044 34.9163
138.7336 34.2256
136.9069 30.1493
147.6053 35.2327
138.0332 29.8022
138.4774 30.3218
136.3410 31.3580
137.2662 30.0674
139.9055 28.1015
136.9685 30.9405
136.1207 30.7221
138.3636 28.9681
139.6775 27.7775
138.8983 33.9048
136.2484 31.2639
139.1501 27.1789
136.4764 27.7684
138.6541 34.1325
137.9961 29.4465
146.7371 35.1756
140.0348 29.4442
135.7716 31.2463
136.4514 30.7360
139.5564 27.8866
147.2004 35.4207
139.8452 28.1085
136.6757 28.1253
146.4455 38.0372
139.7121 28.1240
137.2708 30.5352
136.1044 30.8401
139.0887 29.0326
136.5650 33.6236
136.0289 31.4672
138.9079 34.2910
139.5338 33.7935
140.0043 29.1143
140.1558 28.9398
138.1163 31.5574
137.8951 33.7514
138.3008 34.1167
137.2785 30.6037
137.8398 30.2081
139.8390 27.6444
138.0863 28.4419
137.7197 29.2833
137.6909 28.3011
139.8314 27.9407
136.9798 30.0551
137.0112 29.8427
137.3840 33.7479
136.2877 30.3923
136.6164 31.2638
138.0147 29.0117
139.9570 28.2308
137.2009 29.9906
145.9988 38.5690
142.1400 36.2281
140.0635 29.0244
139.0433 34.0112
138.6250 34.1172
145.4171 34.3917
136.9962 30.7575
137.7878 30.8070
139.7226 27.6785
144.6203 35.5426
143.5368 36.8925
136.5292 28.2722
139.9886 28.2451
137.8204 29.7989
137.1314 29.8581
147.3675 35.8016
138.6407 32.2255
138.0853 28.7490
142.4625 36.3117
137.5303 28.3079
136.0298 31.4088
139.7701 33.6157
136.5326 30.4522
143.7543 35.8491
137.9014 29.9215
136.5126 31.1301
138.8805 33.0703
137.5493 29.9456
136.8301 30.5086
140.8956 35.5150
137.9921 31.1463
137.2156 29.9864
138.2469 29.5295
137.0478 28.1099
139.0276 34.1647
136.1242 31.2081
137.9034 31.0553
136.2334 30.6263
141.0205 35.2862
138.9238 33.1124
137.7375 33.6050
137.5321 28.1498
136.9714 28.1262
140.0010 29.0511
137.3286 28.3785
140.0815 29.2535
138.1918 29.7199
136.9095 30.2944
137.4817 29.9937
137.5707 33.5561
135.9131 31.1926
136.2058 31.1479
138.1409 29.0015
142.2968 36.0009
135.7632 31.3378
137.8494 29.6466
138.8413 33.0083
137.5323 29.3883
138.2925 29.2665
136.6066 30.1884
136.6095 30.1466
139.7037 29.9002
138.4677 29.0826
136.8755 27.8758
136.8619 30.8763
138.1926 32.4244
137.4560 30.2554
137.7301 29.6753
135.9038 27.9700
139.1345 33.3071
138.3799 29.3944
138.9434 27.0671
137.0648 30.6994
137.3119 30.7025
138.2883 29.3267
136.1091 27.9671
137.8114 31.7344
138.4997 29.3028
135.8199 30.9826
142.4211 36.0109
139.8995 28.0727
138.2444 28.6951
143.2740 36.8911
135.8470 31.3730
139.6646 27.9026
138.7368 34.2003
138.6789 34.3043
136.9120 31.0912
152.0904 36.6212
136.6081 30.5650
137.5258 30.0908
138.2174 28.5655
139.2151 28.8558
139.9329 27.9108
137.1242 30.6044
145.6624 38.9955
137.9703 28.5642
138.0816 29.2113
139.7992 28.2172
136.5816 27.8021
136.8502 29.1321
137.6054 30.1081
138.5936 27.3836
139.4684 34.0453
139.0241 34.0601
136.6541 28.4388
137.0819 30.6936
136.9020 29.9398
137.1503 28.8189
137.2571 30.3324
138.0177 29.0773
138.1259 29.8524
137.9202 30.0430
139.9012 28.1666
139.7339 33.8508
139.7801 28.0647
136.9028 30.2225
137.8749 28.2787
139.0145 34.0570
138.0444 30.4786
135.8027 31.1980
139.8120 29.0785
137.1514 30.7170
137.9280 30.7372
138.4538 29.4305
137.9086 30.1305
138.3313 28.9047
138.3379 29.0446
136.5381 29.9445
138.1222 28.6774
136.7896 30.4464
138.2212 26.8599
136.0946 30.9861
137.8053 30.1985
137.5815 30.1522
138.2255 29.0929
139.7851 27.7638
136.1229 31.1965
135.8958 28.0698
138.6326 27.3275
132.8350 28.8036
139.4595 27.6023
129.2401 27.6326
131.1932 25.9394
144.8658 35.5369
137.5404 29.7570
130.5856 25.0468
140.8498 35.3578
135.6891 29.4358
139.5546 28.1773
148.5854 35.1818
131.7363 27.1534
134.6839 28.5253
137.8479 26.8186
129.3484 29.3261
140.0849 33.0682
133.9651 31.5034
129.8854 26.5544
136.5443 30.5636
144.7745 38.5171
137.2229 31.5284
135.5553 29.2389
132.5405 28.7722
131.7353 28.9568
126.4992 20.9312
130.0555 25.8946
129.7551 26.7610
145.7938 39.2799
134.2423 23.0661
135.1472 22.9092
135.5036 26.9052
137.8148 33.8972
135.7229 30.7222
132.1674 29.8712
136.0647 27.9372
136.0770 30.1359
136.4676 27.8494
137.9639 27.7738
147.5529 35.7431
134.9260 27.8240
134.7641 24.1060
140.5076 34.1753
134.1637 23.4507
139.0070 27.7892
133.3101 32.2813
137.1961 30.2941
139.5070 28.4931
135.5878 31.4541
134.9392 23.1267
132.1644 21.2172
128.2382 29.2028
133.3367 20.9027
140.3704 28.0206
137.9526 27.0019
141.0669 31.0383
134.5938 33.1345
137.0548 28.6867
138.7135 28.9058
138.4040 33.7903
130.2677 27.1597
137.2404 31.2353
138.5726 27.4832
122.6407 23.0613
138.1740 30.7685
134.2527 30.5411
134.3209 23.1590
146.7956 35.2192
138.1072 33.9878
137.8745 32.2867
138.3289 32.0240
136.9133 26.5701
134.2443 30.1038
138.4795 31.9438
133.7953 21.6055
136.9644 28.5290
135.6678 31.4384
133.5021 25.7323
141.6447 36.3208
127.8633 27.6779
136.8991 27.8799
134.1386 23.2636
137.1019 31.4033
135.8432 27.8927
134.2286 32.1022
134.1476 22.4187
134.0706 32.5803
139.3365 34.0907
144.3084 37.2828
134.1333 28.3679
126.1192 29.0364
133.1037 31.1228
136.2924 29.0341
136.8163 27.5509
138.0885 28.8607
140.1408 29.5040
137.9401 27.1201
138.0652 32.4507
132.7435 26.1275
134.5139 22.8752
133.4486 28.2903
139.2567 27.1568
135.2937 28.5134
141.1840 33.2264
131.7372 28.3913
133.5838 27.7354
131.6903 26.4376
134.8439 32.5097
138.3810 33.8518
137.0974 27.8386
137.1862 28.0355
137.1377 28.6780
134.7347 28.2403
130.4257 25.7427
131.7684 28.3420
131.1453 26.5223
138.2855 28.6423
139.9503 28.4415
133.3170 32.2237
138.4548 33.8737
131.8958 28.4932
132.2589 26.3169
137.5657 28.2894
134.2736 25.0890
130.3165 26.5107
134.1328 28.5439
138.7724 26.9916
139.5060 27.0934
137.8883 32.4272
139.8894 28.7715
136.9167 28.4515
137.8598 32.2721
132.4593 29.3015
130.9912 28.2312
134.9846 27.7946
135.7822 28.7677
135.3125 30.1361
131.6052 26.1363
138.6561 26.9933
140.0266 28.4266
134.4106 23.1659
135.8064 30.3312
136.7584 28.5104
137.6835 28.5245
137.1256 30.8619
136.9606 26.4051
134.1249 23.3306
139.9729 28.4554
134.4595 23.0685
134.3910 22.9417
136.9615 28.3843
131.9754 28.7632
137.6222 32.1775
131.4622 26.1026
134.0294 23.6628
130.4958 26.2656
130.8752 26.1128
138.1693 28.8241
136.8960 28.8258
137.9067 29.9701
136.5392 28.3941
133.9408 23.2506
134.1228 24.9891
132.8716 28.3192
141.3904 33.9068
134.7325 28.2037
136.7522 30.2784
131.0441 27.9447
134.6676 22.6106
143.9981 34.7496
134.0604 24.4860
133.2602 24.6616
130.4603 27.0541
130.9839 26.2845
133.1961 24.6134
135.6870 30.9295
140.6145 27.1840
131.4908 25.2619
138.4286 27.8222
134.9987 32.4897
130.9571 26.4242
139.7018 33.4222
138.1104 29.0994
138.5189 32.5126
135.3808 22.3337
134.9672 29.4257
139.9191 27.8629
139.2968 27.4070
139.7163 27.2319
136.6431 28.7057
134.4825 28.1890
139.8962 27.5844
136.4131 27.9905
134.8242 27.8470
136.0070 30.5281
135.0032 22.9688
133.3790 30.8265
132.0952 28.2611
139.9282 28.6972
144.2405 35.1147
138.5665 27.7878
133.2372 24.8770
137.2326 26.2393
133.2718 23.5482
139.1999 27.3815
140.0523 29.3356
133.4897 24.3020
139.7111 27.9078
139.7316 28.5397
133.2509 30.0820
140.4582 35.3129
131.5382 27.9530
133.1384 24.6736
134.4140 29.9649
139.7814 28.6583
135.1086 23.0406
137.0044 28.7751
132.2329 28.7662
131.2763 27.3426
135.7754 28.8199
131.5910 28.1376
140.6198 34.1753
134.8311 27.9378
139.4878 33.4900
137.0594 29.8967
136.9861 31.4919
139.1686 27.1203
132.4313 29.3956
138.4828 33.1217
139.8216 28.3525
137.9477 31.6374
136.0412 28.2052
136.6932 30.4327
133.8183 32.0184
139.9371 27.5694
131.1557 26.2186
136.2968 27.9308
133.5325 30.5998
139.2274 27.8774
136.7825 30.1334
126.0734 25.4317
137.4206 30.4657
134.6291 23.8148
140.2486 27.5687
139.3594 28.7254
139.6649 33.1803
126.3068 25.6471
136.1305 25.4248
134.4853 22.7454
134.7142 32.8658
133.4360 27.8574
132.0424 28.3341
134.5447 29.1640
132.8801 24.7402
131.2735 27.6905
139.0565 29.1799
136.0262 32.6571
137.9271 27.1367
135.9858 31.7987
140.0018 28.6331
135.2674 32.1828
135.1263 22.9722
134.0745 23.8042
136.6040 30.8725
127.5078 27.8368
133.9760 29.5287
138.5277 27.3875
125.9993 24.5734
134.8774 29.9893
125.4512 22.7916
138.0509 29.3997
138.0433 29.1789
128.3402 28.9478
133.3716 24.6464
136.8367 28.0947
138.1654 27.1888
133.7696 27.9319
140.0949 29.1751
137.1569 30.8213
137.0643 30.1553
140.0570 29.1775
140.0406 29.4288
139.3329 28.2214
148.0765 35.4924
139.5184 27.3743
136.6378 30.1917
146.0132 34.7376
141.3910 33.6425
139.3693 28.2329
138.3863 26.9136
136.6764 30.2411
138.1923 32.1708
144.7308 38.0667
138.0531 26.8219
138.0886 32.2410
137.4960 31.0798
142.2337 35.1600
136.5841 28.0698
137.0827 31.7365
138.8994 34.1636
139.5812 27.6611
141.9341 34.4653
142.3243 35.7166
147.4036 35.4770
139.8056 33.8106
126.9699 27.8100
138.9455 34.3418
137.9226 29.8726
138.9463 34.0174
136.0893 28.1390
138.2239 28.8201
142.0762 34.3921
140.0573 28.8885
137.8539 33.8654
143.4092 36.2011
141.4541 33.8748
137.8927 28.5930
138.0606 33.7628
138.4506 34.0787
142.5840 36.1410
143.4247 36.2194
136.8892 28.8979
137.8073 33.9334
141.7711 35.1135
136.9233 28.7018
136.9788 29.9152
136.7185 28.4340
138.1537 32.0355
139.3887 27.9615
139.0676 34.3739
139.8022 33.4321
146.8996 35.8766
138.4632 30.4067
139.5619 33.7926
137.7392 28.3237
138.1140 30.6613
136.6150 27.9920
140.1346 33.4147
137.6522 26.8544
142.4805 35.4967
136.9575 27.9114
138.2331 32.1719
132.1807 28.6772
139.6685 33.6927
139.2121 33.9756
137.8348 28.1807
137.8921 33.9603
148.0620 35.5292
142.2493 35.1839
135.9233 31.2302
137.9998 30.7276
139.3998 33.4350
141.6434 33.9114
139.9152 28.0117
138.8521 27.6850
141.6838 33.7907
137.6776 28.1896
139.5948 33.3777
136.5362 31.3819
135.8095 30.9422
136.0047 31.3565
136.9117 31.1326
139.0260 27.5349
140.0239 29.1877
138.1689 29.0387
136.4052 27.8037
131.6031 28.3034
136.8938 30.1877
139.9033 28.0616
137.4388 31.1534
145.9126 35.5546
139.9520 28.4313
123.7392 20.3810
126.1175 25.3108
139.4769 33.5237
126.8900 25.3511
131.8944 26.5788
130.0678 27.6467
124.6432 22.8202
133.4326 29.7101
138.6202 27.0234
138.0803 28.2204
128.4108 25.8108
135.0056 27.7043
139.9430 27.6810
134.1699 27.9211
132.0364 26.3011
144.4771 36.3302
132.4000 26.6900
134.1373 24.8403
141.1430 34.6249
125.7415 24.9432
138.0577 31.5844
135.2006 28.5977
136.7409 27.9307
134.8336 28.2386
139.0829 28.6802
137.0172 28.6482
136.0072 28.4293
134.4268 22.8994
134.6635 28.2153
140.4679 28.1668
136.0903 29.0711
135.0999 24.9761
136.6548 28.1088
134.5142 20.9077
133.6229 32.2552
128.2737 29.6951
137.8271 32.3426
140.9836 33.9352
135.7458 28.4518
141.0452 35.3489
137.0090 31.6634
128.4671 25.9709
140.7313 34.1672
140.1009 27.8999
136.1858 27.6073
130.2577 25.6592
133.2187 24.5519
139.4328 33.6596
138.3537 27.0269
134.2789 23.2653
138.1388 29.6531
134.9455 27.7945
146.2932 35.1607
134.1044 23.9975
130.9041 27.0497
125.7963 24.5697
136.0202 27.5639
131.4710 25.6968
137.5502 30.3740
139.0531 27.1108
134.1757 29.8401
137.5317 28.2548
137.8265 33.8829
136.3092 30.4032
135.2249 28.5390
133.3875 27.8001
132.3524 24.8924
133.4589 30.6157
133.4514 28.0690
132.7261 28.3315
144.9999 35.6022
136.6975 28.6311
139.5583 28.3986
138.2057 28.9334
137.8323 29.9372
136.0797 30.0302
131.1094 26.3614
136.0081 30.7513
141.0406 33.7244
146.0878 34.6795
138.2522 29.2609
138.2253 29.2108
130.0208 26.6919
135.4417 22.3735
133.8351 29.0836
134.3747 27.8724
133.8573 23.3775
128.0435 25.5439
142.3712 35.8154
136.4671 27.6446
137.5108 28.1527
133.9230 24.2694
136.3943 30.5010
124.1214 23.4585
133.6036 25.7855
135.2228 31.8100
134.7841 29.3562
136.9256 27.8824
136.4200 30.4234
136.4114 30.2320
137.9409 28.4572
139.5942 27.8891
138.2278 29.0642
136.6840 28.9446
133.5095 28.0237
139.2719 27.2100
136.0159 30.8743
137.1746 28.8786
135.6571 27.9272
136.4484 30.3028
136.9669 30.4436
139.4145 27.4457
137.7184 28.4550
136.5276 28.2116
138.2929 30.6878
136.1778 30.4242
137.9030 29.6960
139.8997 28.0217
143.1951 35.9951
141.8671 34.4047
140.0852 29.0641
139.9346 28.4402
137.2700 30.0432
137.8490 28.8828
137.1575 30.4324
135.2378 32.0879
139.7322 32.4315
136.6734 30.2315
138.1107 34.0584
139.7746 27.7484
135.9195 30.9318
139.5545 27.7544
137.0147 30.6982
136.4640 28.4737
136.4189 30.6265
139.7034 33.3764
138.6533 32.8818
135.8754 28.0637
136.2154 30.6849
137.9810 28.9196
137.7738 29.2107
138.2332 29.5327
136.0966 27.8417
136.3697 30.3450
136.3550 28.0585
136.7245 30.2387
138.4709 32.4177
136.7428 27.9714
137.2205 30.3292
138.5908 34.1939
138.1001 29.5376
135.6090 27.9601
139.8381 28.3623
137.8840 33.8431
136.9985 28.7759
136.6398 28.5300
138.2975 34.0825
135.8172 28.1298
135.7098 31.2641
136.5728 27.9141
138.3049 30.4839
139.6295 27.8530
136.3521 28.4185
136.5838 30.1679
139.8591 27.9690
136.8111 28.9353
138.8866 34.5055
136.9080 30.1127
136.1101 28.2352
137.3004 28.1298
136.3661 30.8666
136.7639 30.2882
138.2645 33.9413
136.3196 27.7204
139.9009 28.6313
139.8553 27.6917
137.0562 28.4508
138.2167 29.7905
135.9552 31.0071
136.1315 30.7872
136.9617 30.7441
136.0477 27.9419
139.8645 33.8465
137.9425 30.8644
138.6136 34.2187
136.0652 28.1333
136.3035 30.8631
136.8801 30.8279
137.9306 29.2738
137.7060 28.5477
135.0748 27.9576
137.8120 29.1437
138.1710 31.2553
133.6508 28.0162
138.2407 34.0355
138.0918 28.8278
145.1161 37.6407
138.0457 29.0772
136.5546 29.9614
136.4081 30.2216
138.5872 27.2496
139.8311 27.7674
145.9241 38.6426
137.1117 28.0989
139.5000 34.0388
141.7945 34.6102
138.3197 29.3889
144.6116 35.5696
136.9251 30.6424
136.1935 30.6431
136.5667 27.7307
138.2958 31.4538
136.0971 28.0593
137.1147 30.0163
145.4144 34.4430
136.5279 28.5371
136.3835 27.7486
137.6503 28.3979
136.1803 28.4300
138.2120 32.2393
138.9184 27.6179
127.6752 28.0419
137.1210 30.6389
132.8103 26.3997
136.4902 27.8502
137.1871 29.0704
133.6715 24.0929
136.8335 32.7886
140.5667 30.7924
135.3784 23.3986
129.5419 26.5616
131.8866 27.9333
137.6697 28.6135
136.2201 31.4054
141.4948 34.5668
134.5094 24.0083
128.1219 25.8531
132.4189 28.0574
135.9279 32.8832
135.4781 30.4149
147.1433 35.8008
133.5088 24.3170
125.5670 23.5423
134.5145 23.2494
133.0721 25.0532
131.3486 24.4438
139.4743 32.8517
134.2044 26.3239
133.9117 24.5855
129.3549 28.7699
138.1442 33.3608
123.5759 25.8785
132.7594 26.1694
123.9310 27.8572
127.6093 23.9574
137.7690 28.1222
126.3749 23.9191
139.1608 27.6489
136.0893 28.8638
134.0124 24.7630
131.3860 30.6617
136.3465 30.5558
134.0600 24.6904
134.8052 23.4112
135.2751 31.7032
139.6932 27.4261
132.4873 29.8554
136.3163 30.4556
132.2633 28.1342
139.9783 33.0121
134.0618 29.5089
131.3811 27.1355
140.4854 27.9301
133.5578 22.0498
133.8490 25.0176
132.4542 29.2522
134.1116 28.0165
125.2859 21.8849
130.3312 28.8266
131.7693 27.9578
139.5479 28.4285
123.1124 19.6838
129.5307 29.5578
131.0866 27.3449
134.2696 32.5473
133.9070 32.7093
137.8778 29.1665
139.2547 34.3295
134.2515 25.9075
138.3686 29.4643
130.1271 26.2302
131.7181 25.9194
130.6605 25.9091
132.4546 26.6638
136.2538 27.8552
133.4546 31.9905
130.8632 26.2973
130.4559 22.0884
117.2154 17.7833
123.3499 20.6164
132.2784 22.9574
125.0173 23.5365
132.5049 24.9279
129.3515 25.4133
132.2342 26.8926
135.3498 27.3555
131.2675 25.1613
131.5630 22.8562
131.1797 24.4129
133.7819 24.6850
127.2233 23.8321
131.3773 23.4567
135.4035 23.2603
128.2941 24.3696
127.3786 21.8820
130.9292 24.9085
133.6467 26.8077
126.5077 22.3931
133.9587 21.6452
131.0276 21.9272
123.4969 19.2361
126.1875 23.1807
132.4689 22.8160
114.7599 19.3531
134.5753 24.5026
131.8589 24.0988
130.4709 22.1613
130.1242 24.0490
132.2159 21.0872
125.0719 22.6129
138.6874 27.9929
138.6600 29.2980
135.7324 27.4071
137.3929 29.1747
122.5834 20.2527
119.1005 20.1123
130.5033 27.1618
134.1860 22.4181
129.7760 24.4943
131.9520 23.2691
129.2952 21.0838
127.0766 21.1121
125.7064 20.4956
129.3315 20.3444
129.2801 20.7241
134.1490 25.1188
130.5292 22.1167
133.6969 23.5375
132.0434 22.3170
127.4137 23.4349
134.3476 23.0646
135.5320 31.1124
137.9394 30.1706
135.4160 23.6284
138.1409 32.7034
132.5225 26.8282
136.9833 30.5937
131.7645 26.5774
134.1846 28.6050
132.0911 28.5931
135.9110 32.1302
138.4275 29.1460
141.0614 33.8775
133.3743 28.0038
134.1098 24.5771
125.1876 21.5758
130.9973 27.0719
131.3536 27.4763
139.4354 27.6633
134.4233 24.4243
140.6711 27.9892
135.5938 22.3747
137.3119 31.2880
134.1407 24.4142
127.2453 27.8899
131.4899 30.7923
137.0022 29.9728
136.2748 28.1788
133.8191 30.9757
139.2752 27.1466
131.0352 29.1308
135.4888 31.0912
139.8824 29.6821
136.0795 31.3789
135.0285 30.3564
141.3926 34.9476
135.0204 23.3305
134.0984 32.3650
136.7966 28.1133
136.5675 30.5028
131.9817 26.8941
136.3814 31.3800
135.9063 27.8678
134.6843 23.3355
136.5828 27.4093
134.4246 32.5298
132.9694 30.4312
136.6512 25.8549
138.2256 27.0583
140.4237 33.2148
135.2234 24.5854
131.0470 28.2766
133.2482 31.6101
139.6825 27.9378
138.5792 27.5801
135.9859 31.9819
136.8572 28.6389
139.6713 27.9316
138.4179 33.3572
140.0271 28.8513
131.3870 27.1696
136.4545 27.6155
138.4145 29.4670
139.9205 28.5372
136.9563 30.0483
139.5850 34.3095
135.7216 28.8966
135.7592 27.8353
134.0655 24.3128
134.4955 21.5466
132.9279 24.4620
138.2720 28.7014
132.3810 28.8733
140.1496 29.2002
123.4837 29.8663
131.7307 29.1496
144.9481 34.4487
141.5106 34.1505
135.6016 32.4116
131.5810 26.4051
136.5468 28.7298
131.0824 27.2141
131.4605 27.0360
138.4416 32.3579
138.1801 33.0089
137.3835 29.5802
134.1396 30.4012
137.2158 29.4784
130.4845 26.6575
135.5800 25.8899
127.0262 26.2256
140.7301 27.6018
132.9931 30.1621
137.2527 26.0131
137.5980 27.2463
131.0650 26.7301
129.9111 25.9204
133.8058 28.4626
133.1494 29.3818
140.5872 27.8708
138.2196 26.9854
131.3753 28.0054
136.1105 31.2969
137.9202 32.3427
128.4459 29.1924
134.0651 28.6190
136.5927 30.1035
139.3810 28.8267
135.0912 30.6145
137.2786 28.6651
131.4917 28.7942
130.4236 26.8550
137.7612 27.5354
136.5563 28.2808
135.0668 25.7719
140.3920 28.0733
136.8573 30.0557
125.0572 21.3704
128.8723 27.1013
133.7433 22.7125
129.9940 26.7363
133.4804 28.6318
128.8433 26.4340
135.7493 33.1038
135.6429 27.8570
136.5628 28.5135
136.4396 27.6007
133.8088 21.3995
137.8282 29.5606
131.6307 31.1327
134.1947 27.7775
140.7039 27.8268
134.9076 31.9407
130.6577 25.1488
136.8547 28.4528
136.1262 30.7824
139.4557 27.2243
133.0501 32.3220
133.6259 23.0044
134.9930 24.6763
132.0087 25.0187
125.1133 24.4285
130.9992 28.2888
136.2265 28.2393
132.3168 26.3805
139.9671 28.0055
129.7953 25.7994
137.9085 29.6897
132.3323 24.5245
132.0263 28.2996
134.5795 22.0683
131.0751 28.0921
136.1994 28.0900
133.7911 27.8512
141.0128 34.0713
147.9892 38.2740
138.3888 32.8981
143.7514 37.0093
138.6100 33.8227
139.9759 28.9511
134.0798 27.8832
149.2679 35.8100
136.5273 30.6141
138.0762 30.4643
139.8110 33.3860
138.1063 34.0563
140.0283 28.5391
139.9520 32.0891
138.0738 30.6097
136.5810 30.5516
137.6235 27.9852
134.2670 24.6320
136.7921 30.1756
134.9435 23.1041
146.2240 37.0528
135.9823 30.5549
140.3330 28.0356
136.4944 30.7752
133.7130 33.0480
139.1605 29.1837
143.8888 36.9211
143.5833 35.3177
140.1403 29.0508
136.9654 32.9242
139.5309 28.4278
136.8634 31.0221
133.5186 32.2715
137.5840 33.1363
142.6965 36.0646
144.0613 35.8760
137.1921 30.6840
137.7828 27.3315
123.0945 22.9480
145.8335 37.1887
131.1335 30.3963
139.1106 34.0019
139.8134 28.8288
143.8956 32.5113
152.6616 36.2538
121.7626 32.5407
146.5289 34.4415
139.9465 27.9424
136.2508 28.2490
139.9987 28.0984
137.2285 29.7960
138.2037 34.0275
143.4920 38.2346
137.7895 30.9382
133.7001 32.3458
137.1307 28.7549
137.0345 31.5011
150.2771 35.9706
139.7881 27.7121
137.8963 31.8019
140.7478 27.9204
139.6896 27.8650
136.7776 31.5257
139.5035 27.1823
135.7186 31.3586
139.4810 33.4996
136.8815 28.9533
138.8992 34.2900
145.1301 36.5011
139.4865 27.4505
138.2072 33.0822
144.9109 36.4452
138.6447 34.6287
153.2124 37.1587
136.3624 27.7235
138.4926 27.1954
138.0201 32.6491
156.9386 32.8589
138.8966 27.0887
137.5911 33.8110
134.4018 31.2654
137.0507 30.1891
137.3669 30.2193
131.5685 30.5464
139.1565 28.1890
138.5688 27.1912
150.3987 35.9408
127.1896 27.7023
140.7773 33.6032
134.3247 32.4016
135.2718 29.6430
135.2188 28.3556
134.4937 31.5776
130.5972 27.5403
135.1984 28.1956
134.4302 29.0758
133.1984 31.7036
135.3670 28.5278
138.1767 28.5156
135.3763 28.5784
138.0609 28.4528
130.7940 27.2886
139.8961 34.0844
133.7474 32.4749
134.7306 30.2304
135.7849 30.2840
131.0178 29.1464
134.9797 28.1955
134.5065 28.1704
133.4280 31.0679
147.0527 35.3312
131.1343 28.0352
136.0661 30.9004
135.3839 28.6504
131.2966 25.8675
139.8386 28.0497
134.1217 23.4234
138.5635 29.6230
139.8343 32.5576
133.6554 32.4391
124.1569 23.5382
132.0062 26.9342
138.0379 32.7693
135.0683 29.4315
135.4576 31.6805
134.2616 23.1720
135.1397 33.2157
125.8695 24.7376
130.7086 26.2574
136.6607 27.5397
134.0790 33.0647
135.4318 30.9806
137.4116 31.3973
140.4986 34.2690
140.5105 33.8764
135.4138 28.3549
134.2187 27.9049
127.3545 26.7529
136.0725 28.8794
134.2528 22.9847
131.4784 26.2002
139.2066 28.7814
135.2502 31.1463
135.5889 28.8603
130.4392 26.8514
140.5690 33.8501
138.9559 34.1083
135.1998 28.2079
134.4174 22.7225
140.6945 33.8311
136.0889 29.1111
136.4079 27.6364
136.1712 28.2808
130.2015 27.6237
139.0247 34.0283
140.5604 34.7255
131.8610 28.0566
137.6757 32.2826
134.6095 25.2899
130.8320 26.2035
140.3355 34.0277
139.4110 27.9488
137.5069 28.0271
133.2871 24.8942
135.4358 28.4783
133.6609 31.7033
132.5612 25.2914
131.3035 25.4684
130.8683 26.5588
141.6720 33.7695
136.9062 29.8876
132.2382 29.3410
134.0755 23.3782
132.1388 29.3919
134.2996 24.5951
134.0494 24.4165
137.9748 29.1835
135.2271 28.3281
140.1828 28.1145
133.9031 32.2395
134.4101 22.2778
137.3573 31.2313
134.0963 23.2339
130.3844 27.5022
146.6387 38.3164
133.4532 32.1535
134.8664 28.2252
135.3885 28.4883
132.7997 24.3284
131.1947 25.6604
131.2996 25.9800
136.6239 27.3559
140.0820 28.7844
135.8496 31.6988
138.6357 27.4372
133.9594 23.2303
131.8202 28.6620
134.4374 30.7640
128.8672 29.6137
137.7405 29.5880
131.6871 28.3636
134.5033 32.1233
133.4561 24.2456
132.5868 28.4238
131.4483 28.1327
137.8051 27.4802
129.8108 25.5621
131.0463 28.0013
130.7971 28.1391
132.0928 29.0177
130.4574 26.2498
136.6155 28.7244
135.3503 31.8594
138.6154 27.1082
133.1944 26.3195
132.7095 27.8094
131.4950 26.7195
132.0528 29.4565
139.9635 28.2342
126.9423 27.0393
131.8530 31.5348
129.6685 26.0817
138.8056 27.6159
125.9408 24.8967
138.4806 29.2197
135.3527 26.6573
127.7634 28.5009
126.4383 24.3999
135.4703 31.3027
133.6125 23.6898
130.2907 25.7741
133.9828 23.6132
130.6747 27.7005
139.8100 28.2653
130.6066 25.5117
132.0660 26.4643
130.4147 27.4588
135.2545 31.2747
131.7467 25.6453
137.4798 32.7333
138.3485 28.5216
134.9320 25.7184
128.5759 27.1717
124.4346 22.3940
138.3391 26.8547
131.5936 21.8579
126.5265 25.3670
128.5424 25.5213
137.2586 32.8119
133.9630 30.3909
137.3243 28.6063
130.3054 25.2757
134.0497 24.9520
137.2080 27.9189
139.6662 27.2066
134.5280 32.4948
131.8418 29.0473
136.8237 31.5801
137.7143 30.3824
140.1900 28.1071
131.5755 24.7819
141.7816 34.5865
139.0897 28.2263
135.7645 28.0834
137.0742 30.0645
130.9474 26.9961
137.3439 29.2620
135.9450 28.8973
137.6795 27.1851
140.7744 27.7913
136.7848 31.2728
131.9871 29.7002
130.2929 26.6114
137.1029 27.5465
134.4274 23.8862
134.2634 23.2362
138.9971 34.0486
138.5555 27.5223
138.2605 26.6898
134.9547 33.2164
126.6422 24.1749
131.1323 27.0673
133.3750 23.8442
134.9936 31.8168
131.0159 27.9559
139.9131 28.0482
134.1449 29.0135
133.2160 31.1410
131.4630 28.3301
132.2124 24.4932
137.6584 29.3437
139.2783 31.8586
144.9378 34.9366
130.4128 26.4086
135.3824 29.6469
135.2040 28.4536
129.3730 27.3756
133.5585 25.8637
139.8158 33.4519
134.0863 32.9090
130.3470 27.7396
138.7364 33.9067
139.0841 33.6032
137.7950 32.7047
132.7641 29.7563
135.4707 29.1256
138.0131 29.9916
130.9394 26.8973
132.4084 25.9634
138.0283 29.6951
149.2052 36.0747
138.1420 30.0648
132.6913 29.0038
136.2343 28.3343
138.2191 32.8913
134.9006 28.0362
130.4773 25.7563
140.2650 28.5833
132.3008 28.4942
136.8030 28.8089
141.6395 34.9782
130.5443 26.7539
139.1669 27.2674
136.2433 28.2698
133.6140 32.0824
137.6801 29.4196
133.9617 23.0133
140.1701 29.1633
130.7866 28.4303
134.0038 27.9093
134.5628 31.9877
133.0219 29.2784
134.2056 23.0699
135.2447 31.6821
125.8896 24.6109
137.3799 28.4459
133.6363 24.0783
131.4172 27.1153
139.8658 29.4717
137.7510 32.5254
134.2366 28.3895
137.6327 28.0416
138.4914 29.1823
131.1484 26.5931
136.3251 27.6072
138.4017 26.9103
133.9884 25.3771
139.7818 27.5984
134.4038 22.4056
137.2704 29.3286
139.2394 33.1048
132.4474 29.6246
130.9420 26.3306
134.6620 31.1405
139.9324 27.7339
138.0898 32.5515
134.4604 28.7521
125.5109 23.9578
135.5950 30.5090
133.0999 29.5346
131.4583 26.4636
134.4109 22.3309
138.1346 32.6782
136.4848 30.2023
130.2661 27.7149
133.7759 32.9185
134.2346 28.0765
133.9559 24.6413
134.6160 25.7227
131.5897 22.1993
138.2478 32.7227
139.6367 27.6865
134.3196 22.4806
136.8280 30.0674
138.0792 27.0506
139.3168 30.6890
130.8671 27.4375
137.8741 28.4476
124.3134 27.1579
126.9467 28.2234
124.9872 21.8567
137.7867 30.0386
131.3659 25.3828
139.9286 29.2472
127.0010 27.3567
135.7491 31.4332
133.7922 23.4262
136.9315 30.6329
130.8490 25.6716
136.6389 28.3999
131.9011 29.0653
128.6338 29.4299
127.0480 27.0579
131.9193 26.5023
134.3475 27.9430
134.8907 28.1262
132.0764 27.3362
133.6125 28.2385
139.7241 28.7421
134.3684 28.3397
139.1267 27.1678
132.4805 29.3013
132.7325 24.9585
140.0109 28.0539
139.2758 27.1945
139.6602 27.6180
131.8812 29.1190
135.4861 31.4933
134.4031 28.8541
132.4809 28.9053
133.7290 32.8277
140.0096 28.5856
133.7323 23.2233
129.2167 26.3646
135.1502 33.0928
128.6870 29.6196
134.1834 22.9151
134.9447 25.9182
132.1606 28.2559
136.2706 27.9647
141.5105 35.1892
135.3854 30.3423
124.1511 23.4042
133.4163 24.0021
132.9864 28.0004
137.3382 28.4303
132.0166 29.7972
132.4259 25.0113
137.5940 28.2600
132.9451 26.3019
130.0704 27.1160
137.7165 29.5456
125.7344 25.2365
134.7197 22.9112
125.9594 24.3256
136.5909 27.9454
140.6839 27.3139
130.4893 25.3528
137.5733 32.1511
131.1647 26.0296
133.4179 24.2032
132.5077 28.4584
130.3274 27.8219
136.9853 30.0236
140.0250 28.0623
130.5681 26.1110
137.4646 28.8371
134.7242 22.7939
133.8886 28.6713
126.8722 25.2415
136.0641 28.0383
134.0244 32.0507
135.9134 30.9306
134.5725 22.7284
139.3047 27.1935
137.2530 31.6223
131.1678 24.9063
140.3769 27.8837
133.3831 29.0098
128.3969 29.5861
131.2255 27.7629
133.3842 31.7659
137.6134 32.4983
139.2992 27.4973
137.9766 27.2376
133.6750 32.5542
135.1263 22.2799
133.7152 22.6358
124.6460 24.0768
131.9032 26.2162
135.9603 31.0223
132.8240 27.9435
133.9534 30.1494
124.3817 22.4346
134.4148 22.4131
130.7266 27.6224
136.8569 28.0276
133.2993 22.6686
125.3941 22.9112
138.0599 28.7760
133.6173 29.9716
138.0106 27.2069
136.5352 28.5398
131.6665 24.7035
137.9139 28.5775
130.0004 26.0827
139.1102 34.5180
139.5804 27.3590
132.1937 29.0702
124.8438 24.2180
133.7305 23.5146
130.7932 27.0772
137.1521 31.6735
125.4000 25.2521
131.2887 30.5994
133.7771 23.8626
134.2800 25.9663
136.9013 30.3787
134.4484 31.8606
135.1692 25.2926
131.7830 26.8406
133.6580 30.3098
125.6124 22.0973
130.8539 27.5610
139.7977 27.4778
130.7424 26.3119
128.7059 27.0951
138.7706 28.9820
139.9026 28.5720
130.8352 26.0175
138.7063 26.9141
140.5897 27.7708
138.0826 32.9737
139.1359 27.6611
133.8322 32.5566
133.7551 30.3430
135.3354 32.7419
138.8260 28.9466
138.9910 27.1039
134.0286 32.4420
135.6554 28.1462
131.0206 28.0298
134.3413 24.7892
131.5543 24.6149
134.9530 22.7728
131.6887 28.7612
139.4575 33.8180
137.7630 28.5632
133.4682 21.8618
133.4442 25.0867
134.0119 32.3226
136.6649 29.2094
132.6266 28.0637
138.2337 29.6325
129.4802 26.9904
134.0595 22.3549
132.5766 28.8379
134.8445 30.3034
137.5055 28.2125
137.3080 29.9448
134.4657 30.7714
136.0863 26.1728
133.7650 30.9160
132.5558 24.3241
135.4702 32.0155
129.5101 26.9363
131.4705 27.9420
138.7431 27.9719
133.2490 31.1936
133.5723 31.3872
140.4123 28.0004
140.0840 28.5748
134.2547 22.2528
136.3884 29.1490
136.1048 27.4976
132.9521 24.4844
136.6099 28.3856
134.3753 29.8177
135.7853 27.9816
137.3857 28.1340
132.7888 29.0857
138.0320 27.0143
136.2426 27.8701
136.4169 29.9759
137.9094 26.6622
132.4258 31.5045
134.1428 27.9154
132.3008 27.4056
132.2126 28.6786
132.2010 28.7828
132.2391 27.8765
137.2637 28.0925
133.7843 25.2728
138.1288 27.0797
132.7184 29.6672
132.7446 24.5772
136.6094 27.8084
124.5034 21.5980
137.5021 29.6450
139.8681 27.6914
132.3321 27.1981
131.0644 27.9198
137.2923 29.6952
132.9914 29.9009
135.6633 31.5430
139.1818 28.7441
132.1153 26.4519
139.5696 27.3181
124.3993 20.8503
140.1924 28.3202
133.6943 23.5842
135.8969 31.0654
140.4753 27.8544
132.8770 28.1024
132.3930 24.8056
136.7897 28.5150
139.2788 33.8326
136.5335 26.2035
140.0483 28.3798
134.3875 32.6166
133.7416 32.6520
137.4906 29.7215
133.0346 28.9759
135.5238 28.8043
132.8828 25.1302
140.0178 28.0914
140.5788 27.7123
134.0425 23.3266
137.0332 28.1302
136.3250 28.3149
130.3496 25.5539
129.2021 27.2289
133.4727 28.7600
134.0142 31.5833
134.3668 30.6750
136.8917 31.7092
136.6764 27.9423
139.7086 27.5790
134.0860 28.5812
131.9163 28.2528
133.5916 23.6546
136.4076 29.8588
134.3644 28.5574
137.8600 28.9867
137.3197 29.8446
135.7626 31.1473
136.0845 29.9769
136.2907 27.8132
132.6516 24.5713
136.5006 30.8334
136.1362 31.3446
136.7376 28.5181
138.9211 27.8833
132.9660 28.0758
141.6408 34.5644
137.2663 27.8199
135.2574 30.5216
137.4002 28.3783
131.9132 26.2746
133.7050 28.7219
130.4222 27.8163
137.0052 28.4757
130.0247 27.5112
131.6106 27.9726
134.9742 32.0074
123.8270 22.8942
133.7419 28.9812
135.7955 27.6815
137.2076 28.8900
136.1324 27.5940
133.8180 23.9123
140.3779 28.0060
131.5609 28.9178
135.7545 27.9009
134.0207 32.6298
137.8707 28.6587
122.2532 27.1843
132.8060 22.4769
134.7359 22.4262
134.2321 24.2828
135.5836 28.9211
130.8635 27.5514
139.9732 28.1063
127.0057 25.0464
133.8765 23.3315
146.5706 35.4235
139.9602 33.1360
133.7326 24.3993
135.3909 22.9253
139.1153 27.3629
133.6508 30.9292
134.2803 29.8735
130.4131 25.9361
134.6060 21.9805
133.8016 22.8998
126.9479 28.7797
135.7900 29.7336
129.9693 25.1179
130.2586 26.1052
130.1383 28.3186
131.5480 18.3426
131.8858 29.5740
139.4750 34.2985
137.4615 29.9558
133.5566 22.4179
137.4079 29.4664
136.1915 32.0081
130.6231 25.1141
133.3725 23.1226
131.7359 22.4854
134.3644 22.4878
125.2372 20.4849
132.3881 27.8145
125.3801 24.8600
136.7691 28.5012
133.1829 23.4642
131.0977 26.5688
124.8965 23.7360
132.4748 24.3623
131.1342 27.8091
124.1321 23.3732
133.6371 28.9757
133.8020 24.4582
125.8268 23.7955
133.4405 22.9570
139.1803 28.1796
135.9216 31.6704
132.4286 29.2903
133.1067 27.8370
136.5002 30.3846
127.9128 24.9834
133.6035 32.1075
131.9359 25.7261
132.2240 28.8714
127.8788 29.6025
133.7793 26.4195
132.2266 24.8316
126.9839 25.1033
123.5872 23.2405
122.4902 20.1714
136.1577 30.3800
146.0368 38.5887
136.7288 30.3631
136.0303 31.3907
135.2867 27.8291
136.8229 27.8775
141.0739 35.5092
139.2858 27.6107
138.8034 32.9690
136.6767 28.0246
139.8151 29.8095
140.0325 29.4596
138.5473 34.0236
137.0140 29.8882
139.0490 34.0174
138.5460 32.5043
140.0296 28.5526
139.0829 34.0672
138.9090 27.6065
139.2332 27.5187
137.5698 28.4481
139.0880 33.9929
138.3807 30.6903
139.2195 33.2731
141.4547 35.6427
138.9794 34.2186
138.0786 32.1235
137.3957 30.3659
137.1260 30.9588
136.5972 30.5222
138.6383 27.4135
145.8794 37.7693
138.9762 32.9389
137.3442 28.2108
145.3100 34.4516
138.8066 32.8576
140.0654 33.4708
136.8373 28.2382
142.1644 35.9115
137.3784 29.3692
138.2540 28.7052
137.7307 33.8190
145.8425 37.9509
136.2942 30.8044
138.5552 30.4363
138.2982 27.1696
139.0737 33.0183
141.0060 35.5957
137.7869 33.8254
138.4315 34.1098
145.8560 38.4277
138.2353 28.8629
138.9918 33.0048
136.3165 27.6583
141.9892 35.8144
140.0001 28.1909
139.8059 27.9184
139.0517 27.6811
137.0096 29.8751
137.7717 28.4386
139.5451 33.3699
137.1288 28.0063
144.7770 37.3497
136.8844 30.3481
144.0167 35.7763
135.8833 30.7082
138.3287 28.9914
138.1220 32.1382
137.1254 29.5222
145.1209 37.2391
148.2962 35.5257
145.7833 35.4468
139.2776 34.3008
139.3386 27.2120
138.0920 29.8504
140.0910 29.2144
137.5448 29.8999
143.0293 36.2198
144.9246 36.9119
139.2333 34.0424
137.1210 30.0773
137.0626 31.4715
135.7717 31.0235
137.0216 30.5156
136.3356 31.2609
144.8978 37.5293
131.7409 27.0926
139.6896 27.4706
148.6243 35.9720
138.1415 29.5768
145.0319 37.4225
138.0719 31.4574
138.4825 34.0348
141.4703 36.3391
139.6756 33.6868
139.4578 33.3510
143.2259 36.1334
144.4954 35.7661
135.9181 30.8530
138.0304 28.6142
137.2231 28.1852
138.0447 28.6169
136.3903 28.4287
139.6759 27.5958
143.0961 36.1167
144.8994 37.5352
138.4802 32.5403
139.7156 27.4813
138.1678 32.2127
139.1935 33.2937
136.8333 29.9993
138.2285 32.4140
142.1605 34.7202
140.1029 29.1134
137.5839 30.9775
136.7620 28.0499
137.8420 33.8945
140.7168 33.4333
137.1368 31.5844
140.1566 34.5617
136.6167 28.0278
139.5301 33.5295
138.4009 29.3642
143.5294 36.9038
140.0854 33.6764
145.9841 37.7567
138.1330 26.9805
136.9883 28.6964
139.2651 32.8187
139.4512 27.4391
136.7205 27.9668
140.5968 33.3195
136.8674 30.9051
136.1422 30.9053
143.4356 35.8227
136.1919 28.2630
136.2782 30.4998
139.7404 27.7586
141.9184 34.6489
135.7906 31.1824
138.4439 32.6710
137.3604 28.0710
135.4233 31.3956
137.2162 30.5531
136.7115 28.3729
140.1133 29.0931
134.6275 32.8399
136.9148 27.9727
137.6869 29.8951
145.1639 34.0788
137.8853 33.7943
136.5149 30.5678
138.1237 33.8836
138.2714 30.6347
138.7047 32.7157
141.8369 34.3358
137.2118 29.9152
139.0143 34.1040
141.8150 34.0232
146.2762 39.3709
136.6472 29.9379
136.5938 28.0282
139.6817 33.9156
139.5435 27.6426
137.4142 28.0503
146.4147 39.3852
138.3899 34.0928
136.2279 31.4004
137.4514 31.3636
138.0638 32.1629
135.9810 31.2069
135.8765 30.6611
137.8122 29.0492
135.4481 31.9322
139.8055 28.3306
139.8005 33.6044
138.5940 34.0829
137.0536 28.7705
138.0928 29.7709
138.3807 34.1412
136.2209 30.8904
138.2159 29.7838
137.5865 31.2909
138.8098 27.2986
139.6107 33.8360
142.2988 36.2372
139.8305 29.7882
137.5804 29.3747
136.2340 30.5375
136.1600 27.9375
145.8808 37.7712
137.2728 29.8107
136.2989 27.9376
138.5495 27.0899
142.2502 35.3323
140.1701 28.7327
143.1894 36.1333
139.9598 28.2729
137.8218 33.8060
138.9389 32.9648
143.0125 36.2420
136.5477 29.6941
141.7534 35.6084
138.4041 34.1184
137.0800 28.6428
137.1886 27.9304
143.7381 37.3032
136.6390 30.3724
136.1285 30.5673
134.7340 27.8365
137.3394 28.0232
137.7307 30.1452
137.5817 29.9045
141.9079 34.1336
142.6466 36.7798
136.8065 28.1532
139.5575 27.3198
139.2979 28.0024
139.6404 33.4127
138.9629 34.2123
136.8265 30.3439
135.9869 31.1599
142.5798 36.0915
143.1600 36.1911
136.2030 30.2186
135.4228 31.3400
136.9928 31.5246
136.8279 30.3825
139.7648 27.8636
149.4350 36.2474
145.3725 39.2100
136.7943 30.3603
139.3612 27.3017
139.0457 34.0172
139.3905 31.7083
137.8473 31.0000
136.5524 30.5209
138.4182 29.1405
139.2997 28.0501
137.7100 31.3075
137.6948 31.1813
137.0077 28.1697
137.0679 29.5054
139.8405 33.5122
142.9170 36.2190
157.0705 35.1293
153.1841 37.7033
138.0630 32.0912
138.9767 34.3191
138.0003 31.5975
142.1660 34.8912
135.8548 27.8961
136.6225 30.5717
139.7685 33.8191
138.9428 34.1018
145.1679 34.0825
143.0638 36.1961
138.0296 28.4032
138.4957 27.2959
137.7439 31.1181
136.8218 27.9624
139.4843 27.3182
140.0626 28.7625
138.7144 27.5271
139.3362 33.3712
141.1917 36.1959
145.4817 36.2807
139.6423 33.4470
136.8755 31.4131
138.0519 33.9404
136.7953 29.0385
139.3923 27.3115
136.9847 28.2437
138.2017 28.9173
139.1718 33.9993
139.5420 27.4828
142.1472 35.2618
139.2676 28.2892
136.6063 27.6604
136.2437 30.9822
138.2384 27.0827
138.8289 34.1469
139.7981 27.5264
136.7440 28.4140
139.0914 33.9980
145.4416 38.1861
137.1332 30.2104
139.4719 33.6861
138.2654 27.1940
139.7273 33.5480
137.3260 30.4364
139.9496 33.4424
139.2599 27.9922
138.4842 32.5014
137.7861 33.8477
137.9984 31.4928
142.5755 36.1900
138.2784 30.5826
139.2057 33.0283
139.6294 27.7358
139.4405 33.3555
139.7664 28.1291
