134.8701 30.1631
135.4877 28.9646
136.2288 28.9018
138.4544 33.6967
136.3528 33.5177
132.5497 30.4949
132.7682 30.8550
135.9910 29.5750
138.3454 29.5328
128.1012 27.7837
137.3950 29.1476
135.2730 32.5317
138.6844 29.8047
134.8200 29.5005
136.5415 30.7932
135.5762 29.9294
135.7754 32.0703
131.6199 29.6051
132.6544 30.4431
136.7735 30.6658
132.5230 30.5031
135.5870 31.7058
135.5843 32.2634
137.1997 30.1988
138.3606 30.0835
137.2371 29.1945
132.9160 32.6549
131.1519 29.5092
135.0359 32.8939
135.6867 32.5340
136.7740 28.7644
137.4824 30.8390
138.1126 29.1139
137.2016 28.7533
137.3225 29.6379
138.0286 29.8022
134.7132 29.2157
138.6576 29.7531
136.5356 30.7125
137.1190 34.2136
135.6727 29.9575
138.4339 29.9617
138.3894 29.7830
135.9700 32.1040
136.2172 31.5144
132.9683 32.6814
135.3368 30.0053
129.2405 27.7115
136.3885 31.0220
136.1759 29.1084
135.3780 32.6407
138.6681 29.6601
136.2838 31.2705
137.6197 28.5736
135.8359 32.9356
132.7415 30.6013
132.3388 30.0519
137.7209 28.8963
133.7726 28.8199
136.6815 30.3748
134.9647 29.6756
135.5277 32.5690
137.8896 29.6463
135.0294 27.3959
135.9089 33.1369
132.5954 30.5991
131.3746 29.7947
136.0173 31.9134
134.7015 29.3706
138.3347 30.1624
137.4866 29.1967
137.3741 30.0932
131.5871 29.7540
135.7780 32.6877
136.9947 29.5792
131.0549 29.4201
136.6103 28.7820
137.4879 29.0357
135.3951 30.0124
137.4807 28.6291
137.9064 30.4717
136.0132 31.8047
135.5063 27.9085
137.6844 30.2762
131.8388 29.9717
134.7238 29.2516
137.4277 28.3407
135.9153 32.0842
136.0538 29.0901
137.8986 29.1317
137.1482 28.4976
137.3856 28.6416
132.6893 30.7770
136.1486 31.5224
132.8656 30.6524
128.3628 27.7943
137.3409 29.2089
137.5899 30.1351
128.4359 29.0508
137.0753 29.6838
136.1876 29.2038
137.9366 29.2535
135.6965 32.0868
137.4724 29.1898
136.3783 28.5879
135.9848 29.5796
138.5323 29.6725
132.6719 31.0764
138.0032 29.0933
135.5891 28.8416
135.7073 33.2063
135.0944 29.5895
136.5062 28.6283
138.3243 29.7277
134.5932 30.2525
132.1302 29.9751
136.1983 29.5029
138.3043 29.4292
140.0673 33.9467
135.6534 30.7718
137.2702 33.7642
136.7629 33.5525
135.5246 32.6611
137.2189 28.7063
137.3249 28.7372
132.3216 30.2003
131.2300 29.4004
138.2698 29.3981
135.8307 33.1531
138.6313 29.9023
137.6017 28.7229
135.0978 30.1397
137.8113 29.3412
131.4856 29.9340
132.3372 30.1164
131.3882 29.6291
136.1290 31.6302
129.4095 27.5996
135.6238 32.6813
136.2382 31.4465
136.5603 28.9330
135.1248 32.0061
137.4906 30.0188
136.1019 31.8688
138.3182 29.4474
135.7580 29.8178
137.5896 28.5520
135.9208 29.3798
132.1706 31.1938
135.1341 32.5908
137.0667 29.4560
136.0414 31.9323
131.6084 29.6843
137.1491 30.0287
138.0882 28.8837
135.1307 27.3237
135.7671 28.9984
135.8225 33.1313
136.8904 29.9894
132.7177 30.8450
132.7277 31.0198
132.6250 30.2682
136.4402 31.3561
131.9884 29.9386
137.2762 30.0625
131.7934 29.9409
130.9032 29.4723
132.8136 30.7417
134.1523 29.2535
132.6464 30.4418
136.9525 29.9860
136.2042 28.6852
131.8689 29.8586
137.9706 29.8904
137.6978 29.5744
138.0826 34.2928
135.8635 31.8214
131.2272 29.5093
136.1562 33.4342
131.5342 29.6005
137.9974 29.1183
137.7029 30.1264
134.6907 29.2668
134.9287 33.0702
131.5177 29.5214
137.8634 29.8867
134.2881 30.5268
131.4435 29.3989
130.4193 28.3346
135.4108 32.7674
135.8741 31.9673
135.9047 31.8353
135.9649 29.5073
137.1293 29.2026
137.9980 28.7994
135.2964 32.7520
131.8372 29.9996
133.1433 32.6034
135.5811 29.6414
138.4103 29.5141
131.8516 29.7788
131.6163 30.1825
138.2691 29.4990
135.9756 29.3237
138.6671 34.3464
137.3415 33.9847
137.5273 30.5845
135.8382 32.2914
137.9273 28.7642
137.8749 28.9699
135.7489 32.0360
136.0598 32.2768
131.1930 29.6498
132.7168 30.8738
137.4996 30.2100
138.3977 29.3527
132.7614 30.7764
137.7833 28.9750
137.8242 29.4386
135.9274 29.4122
135.3909 30.8882
137.6301 30.0994
136.6935 31.6070
137.5385 28.6573
133.5311 28.5070
138.4278 29.5075
138.0890 29.7084
131.5116 29.8001
135.7115 32.7116
137.2879 29.6719
137.5572 29.0045
132.7274 31.3447
135.4405 32.9149
138.3594 30.0639
136.0519 29.4312
137.6546 28.9522
131.7513 27.3380
138.4780 29.6810
135.5057 31.3604
136.8793 30.2222
135.4291 31.0768
135.7365 32.7931
136.0529 29.4560
137.6920 34.3619
132.9509 27.6802
137.8676 29.7546
136.2777 31.1973
137.1043 34.1439
137.0124 29.0250
135.6896 30.1789
137.5246 29.1475
138.3752 29.8961
132.6485 30.3958
132.7267 30.5142
138.2740 29.4107
128.0017 27.7226
137.3282 34.0701
137.1958 30.8787
135.6200 33.0584
136.3268 28.8637
132.7512 30.8682
133.0984 27.7295
132.1673 30.0152
138.9767 34.4803
132.6048 31.1140
136.1987 29.5788
136.9173 28.7023
132.3090 30.3509
136.8929 28.7760
136.2589 28.7482
137.7797 28.8449
138.1327 29.1120
132.5948 31.2971
132.5657 30.3538
136.2542 31.5361
138.1732 29.3278
137.1438 30.2609
138.4123 29.5514
135.4487 32.7839
135.3414 32.9110
137.6222 30.2628
136.0729 31.4875
137.1157 29.1315
136.6812 31.4491
131.8291 29.6496
137.2486 28.8119
131.9450 29.7759
135.4728 30.0812
137.4816 30.1387
138.0460 28.8564
136.8544 29.9811
136.6867 28.6828
132.5631 30.6419
137.5683 29.1297
135.0482 29.2002
136.4084 31.2582
136.5749 28.6246
136.0882 29.6137
136.1376 29.0140
133.8758 28.6596
135.3410 32.4139
136.7951 30.1491
136.7755 30.5312
139.4259 34.1707
137.2506 30.2514
137.9939 29.0413
136.8285 28.6009
138.1290 29.1268
135.0519 29.5016
138.3835 29.2641
133.3803 28.2090
134.6454 30.2242
132.8007 30.9997
137.6005 34.3973
132.2364 30.0306
137.7097 28.8867
131.3958 29.7655
135.7438 32.7937
137.7482 29.9057
132.7408 30.6428
136.9958 29.1982
135.4156 29.5494
137.0456 29.9165
138.2826 29.2628
133.3260 28.2604
138.0461 29.8012
135.6902 32.6775
132.7130 30.6846
138.3472 29.7381
136.5667 28.6218
133.4069 28.1306
134.5535 30.2039
135.5507 29.0192
129.4479 27.5039
137.1445 30.3313
131.7475 30.1331
135.4500 32.5858
137.9969 30.4060
137.8027 30.2072
138.1883 30.0467
131.5565 29.9783
137.7785 29.9417
136.1964 29.5527
137.1448 30.1583
137.9379 29.5029
137.6672 29.9619
137.3194 28.9688
131.3900 29.7921
134.5384 30.4540
137.4464 29.1635
135.9263 31.8073
136.0203 29.4939
135.6951 33.0267
135.6528 29.8869
132.8449 31.2139
138.0630 29.3152
135.8362 31.9936
136.7545 28.5823
128.6654 27.2639
136.3433 28.2894
135.5110 32.6422
136.9470 28.5656
135.1044 30.1970
135.9049 32.2894
138.5968 29.4646
138.4177 29.8886
137.3286 28.9810
135.6328 32.8036
138.2532 29.4140
138.1173 29.1575
137.5076 30.1200
135.8799 31.9145
138.5897 29.3964
138.4384 29.9411
136.9111 29.9194
132.5654 30.3197
135.9907 32.4154
127.8396 27.3876
131.5143 30.2120
131.7406 30.0465
137.4312 29.3606
131.3483 29.6162
137.8435 29.7478
132.1996 29.8497
132.8178 30.5373
135.9515 32.5900
138.2970 29.4246
136.9931 30.0346
138.3958 29.5326
138.6236 29.7444
137.4134 29.0158
134.2078 31.4251
129.9404 27.8555
138.9778 33.2745
136.0356 32.2338
132.3337 30.0959
138.5555 29.6263
137.8927 29.0967
135.2307 32.9405
135.2192 29.1032
136.9312 28.6972
135.1338 29.2086
135.4092 30.0877
137.3695 28.9780
134.9481 30.0313
136.7379 28.4371
138.0676 29.3281
135.5928 32.4736
135.3294 30.0390
138.1196 29.7307
136.1428 28.2330
137.1414 28.6609
131.4459 29.7609
135.0137 29.9828
134.0129 29.0917
138.1404 29.8848
138.5188 30.0579
137.5844 29.1796
135.8902 29.6844
135.2252 29.1066
138.4424 34.3380
138.1721 29.7223
132.6516 30.5411
135.5821 32.6771
137.5919 30.2831
131.5296 29.7544
128.5718 27.3988
137.9462 29.4415
137.2661 28.6597
135.9348 32.1909
134.3585 32.7214
132.5488 31.0879
135.9850 29.1016
135.4216 33.0718
137.6334 28.6548
137.2654 30.6279
131.9550 30.9423
137.7758 29.0195
137.9994 29.1742
131.2701 29.6746
132.5117 31.1423
136.0113 32.4994
132.8339 30.8258
135.0418 32.8715
134.0269 32.4763
137.9585 29.6834
135.4487 30.6483
132.8377 30.6336
134.5892 29.2446
137.7236 29.0252
135.9886 29.5931
137.8901 28.8382
137.1889 29.4102
139.1286 34.0079
138.0979 29.1467
137.2892 30.3979
132.2717 30.1157
131.7435 29.8313
132.1434 29.9540
137.7957 28.9357
138.4834 29.7264
138.6630 29.8661
134.7549 29.2295
135.4397 32.3419
133.4943 28.8264
136.6927 30.8386
135.2511 31.8721
137.4816 28.6157
132.6420 30.9215
138.0077 30.3836
135.3449 30.5654
139.2264 34.6306
135.5022 28.9016
138.3900 29.3619
137.5854 28.9089
133.0211 28.0093
135.0977 32.7402
128.0366 28.5534
136.7861 30.0621
135.7186 29.9045
139.6385 34.0507
135.0086 27.3374
137.6837 30.3975
137.4335 29.0729
137.0642 28.4573
135.2417 30.1197
136.6493 28.4657
138.3975 33.6814
131.1050 29.9215
137.2913 28.9645
136.1546 28.6056
130.8819 29.4675
136.6724 33.8064
136.3759 29.3483
134.6971 29.1951
137.3586 30.5875
135.1455 33.1956
138.8474 33.7691
136.0053 32.4243
139.3624 33.4531
135.3326 29.9926
137.5209 30.3807
127.9394 27.6824
132.8110 30.8703
138.2535 29.2399
137.5206 30.5576
136.0509 29.4557
138.6589 29.6574
137.1434 28.6809
138.1391 30.1111
138.4469 29.1316
137.7548 29.5561
137.5294 28.9649
137.5867 28.4523
132.7511 30.3608
135.8684 29.7201
137.9588 30.2650
135.1409 29.1294
136.1623 29.4799
137.0492 29.5541
136.1543 29.5293
138.2025 29.5141
133.4357 27.9348
137.5530 30.2922
127.8363 28.1796
137.3266 28.9444
136.2194 31.3664
132.7313 30.6974
132.7972 30.7151
138.0012 28.8217
136.0362 31.6216
138.6291 29.8489
137.0199 30.0915
137.8258 29.6079
128.3125 28.6202
137.7015 30.4340
137.5482 29.8871
138.3140 29.3533
138.4505 29.4667
135.9927 31.8457
138.0914 29.2667
136.7822 30.3196
137.9331 29.1295
132.6838 30.6754
137.6072 28.6575
132.5666 30.3333
131.7442 29.9883
134.1595 28.8818
137.6200 30.3398
132.8152 30.5812
129.3795 27.5703
136.1988 29.2799
137.8220 29.0660
138.0446 28.9996
138.3131 29.0446
138.8403 33.4206
136.1191 29.4106
136.9603 28.5889
136.1740 29.3821
137.9577 28.7954
135.2309 29.2426
137.3900 30.2681
137.8600 29.3635
137.7589 29.6204
129.0509 27.2519
131.5237 29.6859
133.4441 32.7007
136.9967 28.6518
136.5982 28.6571
136.1073 31.7328
138.2311 29.1693
136.1803 31.3651
138.0521 29.2278
131.9467 29.9093
137.1805 30.3510
131.5757 29.7391
133.8531 28.9072
136.0242 29.0734
131.6970 29.8182
131.5040 29.6837
135.1848 31.7644
135.8315 32.0054
138.2559 30.0196
132.7116 30.4817
131.5518 31.2809
137.7050 30.5211
131.3676 29.5420
132.1241 30.2092
132.8430 30.8733
137.7519 29.7002
138.1918 29.9403
135.8411 32.0584
132.5505 30.4637
128.4320 27.6319
137.7668 29.1796
132.5724 30.6342
137.0004 28.3838
138.0356 29.0200
138.0939 30.1472
137.9615 29.9646
131.7072 29.7226
134.6567 29.7939
137.9668 29.0008
136.4324 30.9627
137.6129 30.0764
138.6048 29.6181
138.3749 34.2356
135.0683 30.1680
131.6798 29.6399
133.5226 28.4064
135.3969 32.4312
138.3374 29.0862
134.8810 32.9600
137.7774 29.4553
138.0605 28.8048
135.0839 33.1017
137.2565 29.7392
137.4323 29.2811
135.5217 32.2663
135.1124 33.1584
138.6659 29.6769
130.9566 30.0100
135.6301 33.1292
137.8656 28.7484
136.1456 33.2704
138.7742 33.4926
129.2456 29.1835
137.2111 29.8956
136.0447 33.3737
138.5443 29.5385
138.6726 34.4040
134.9625 32.9433
135.1572 32.7710
138.3002 29.0472
137.4787 29.2076
136.1372 31.5082
135.0243 31.8632
138.4495 29.7572
135.0557 33.0734
131.2080 30.6076
135.7622 32.9353
135.4569 32.9271
135.6657 32.7595
128.1331 28.8087
138.5023 30.2103
128.9350 28.4738
138.3671 29.0939
135.4851 33.1085
137.8329 28.7204
136.0266 31.6630
138.7184 29.7200
138.6730 29.5480
135.8421 32.4281
137.9587 29.3174
136.7034 30.4709
136.7971 30.5929
136.2937 33.4555
135.5618 32.2481
135.4299 32.9968
138.6460 29.6871
137.7127 30.0161
129.0531 29.1993
137.0824 30.7767
138.0234 34.2351
138.4422 29.3106
128.9958 28.9937
138.5788 30.0020
135.6245 32.1443
135.4445 32.4447
137.7863 30.7153
130.8777 29.6859
136.4100 30.8679
136.1255 31.6302
137.4176 30.2454
135.3586 32.7340
129.0301 28.9410
137.9366 29.4575
135.9202 31.9358
138.4212 29.1348
137.4470 28.5228
139.3595 33.2818
135.6596 32.7616
131.1905 29.7377
137.2627 28.7214
135.0325 32.6524
137.7797 30.1113
137.3385 34.3034
128.2536 28.1779
137.1496 28.7774
138.7687 34.2650
135.6192 33.3108
136.2612 31.3501
139.6218 33.7745
137.6182 30.8503
139.3300 34.1867
137.6018 30.1588
139.3346 33.9942
138.3950 30.2922
137.4002 29.2080
138.3729 30.3237
138.8185 33.5218
138.1705 28.9428
136.4639 30.9581
139.6130 34.1275
135.9492 31.7904
139.1248 33.4996
138.0903 28.8713
135.5397 32.3403
134.7939 33.0751
137.1712 30.8832
139.2736 34.6177
137.8436 28.7601
135.6564 32.1111
136.0898 32.2740
137.5699 34.3450
137.2405 28.6207
137.4917 29.8351
136.9348 30.1288
134.9412 33.3098
135.9753 32.0816
138.8623 33.9500
137.4439 30.4536
138.4158 29.1302
137.8801 28.7277
135.7615 33.1676
136.0297 31.7082
135.3666 32.4764
135.5179 33.0463
136.1293 31.5151
135.8364 31.9465
136.5308 33.5795
135.7016 32.0907
131.0813 29.5307
135.0932 32.9315
135.8200 33.0045
134.7979 33.1670
135.9094 31.8918
138.5645 33.5740
138.3923 33.6916
136.1763 31.5697
138.0308 28.9873
134.8832 32.7972
134.9768 33.0861
134.8136 33.0968
135.7522 32.0637
134.8550 33.3005
135.3123 32.4479
130.9829 29.5591
134.9851 32.9499
137.9350 30.2213
135.0606 32.8754
137.7305 34.3774
138.5145 34.3364
138.5023 29.8102
134.8591 32.9090
136.8819 33.8882
139.2813 34.4800
136.1129 31.7261
128.9786 29.1531
135.1716 33.3086
136.9200 33.9356
135.5565 33.0987
138.1500 34.3389
136.9603 30.2685
136.0843 31.7465
138.3149 30.2196
135.0060 33.2806
135.0616 32.8651
136.0744 31.6166
136.8822 33.9432
135.1552 32.9740
134.9079 33.1565
137.0122 30.1631
137.9322 30.3307
135.5278 33.2360
139.6298 34.1038
138.0120 28.8683
135.7397 33.1000
135.0651 32.6212
136.1072 31.5645
136.7343 33.7727
137.7206 29.1701
136.0669 31.6112
131.0855 29.7658
135.5533 32.9871
134.9622 33.2656
137.3873 29.6078
134.9411 33.0700
135.5671 32.9975
135.7320 29.8687
138.2717 30.4994
130.8423 29.3950
135.9451 31.8647
137.6535 34.3926
137.1770 30.0064
135.7365 32.0790
137.9455 30.4520
135.4756 32.9215
135.7814 33.2552
138.6091 30.1195
137.1471 29.8331
135.5006 32.6411
134.9985 33.1280
135.0120 32.9950
135.2669 32.4805
135.2245 33.0469
136.3266 31.1175
135.5136 33.0665
136.3921 31.0169
138.3084 29.0701
134.9431 32.7752
138.2785 30.2568
129.1297 28.3470
128.3246 27.8187
138.3892 30.1179
138.5182 29.8698
129.2330 28.3604
135.0666 32.8900
136.0395 31.6977
134.7561 33.0719
138.1296 28.9383
136.6840 33.8133
134.8364 32.8234
135.0185 32.6819
138.1431 29.0271
138.1512 34.3511
131.2093 30.4303
136.7329 30.5025
137.8090 34.3831
137.1220 30.3581
135.1122 33.0532
136.9170 30.2807
135.1913 32.7453
128.3502 28.5352
136.6147 30.5877
131.1645 29.6736
136.5295 30.6563
135.0193 33.0534
134.8066 32.9713
137.1020 30.4153
134.8432 33.0491
134.8590 32.9166
134.9474 33.0211
135.4693 33.0068
136.1468 31.5081
137.5197 30.8870
137.6132 29.2438
135.6362 29.9837
135.9209 33.2650
135.8902 32.9188
135.1145 33.1921
130.5822 29.4844
135.1214 32.9585
136.7725 29.0436
137.0914 30.3189
139.3177 33.8764
136.8757 28.5262
137.5210 34.3900
135.5773 32.5229
135.6739 28.5698
133.6218 28.8822
136.3331 30.1125
127.9458 28.5847
137.2199 29.0723
136.1116 29.5498
128.0957 28.1549
129.1400 28.4102
129.4403 29.2215
136.4644 32.1847
136.3883 28.4568
138.2731 30.2320
135.8061 30.7607
135.4810 32.7920
132.7243 30.5889
135.9422 30.0148
139.1323 33.6489
138.2752 29.4676
136.6440 30.4512
135.7066 33.3532
133.1557 29.7291
136.1274 31.6606
135.8811 32.1234
138.2929 29.4106
135.2907 32.5997
138.4173 29.1327
137.3961 29.4654
137.7421 29.7807
133.2770 31.7457
136.4784 33.6712
137.0544 34.0745
137.1076 28.6429
133.1631 32.6664
137.5320 29.4115
126.3378 31.5124
129.8915 27.9806
136.4517 28.5692
128.5562 28.0488
136.6048 30.6520
138.6839 30.1172
138.8142 33.6232
137.6904 28.9605
137.1490 28.7232
135.2850 32.8870
137.7860 29.2317
136.3440 33.5363
139.0394 33.3520
136.2626 28.8711
139.1299 34.7398
135.3866 32.8037
132.5537 30.2072
136.0639 31.6397
135.2664 30.1111
136.7967 33.7376
136.6165 30.3500
135.0008 33.2790
131.8066 31.2641
138.4691 29.9953
135.7670 33.2069
137.1209 34.1806
137.8538 28.6302
138.2695 29.3280
136.3079 33.4523
136.4465 29.4713
135.6197 33.4194
136.8651 28.6487
135.9724 32.4489
134.7162 32.9135
133.7956 30.7469
138.6182 33.6605
137.1242 28.7105
136.9888 30.0861
135.4772 29.9217
136.2723 29.7383
135.5706 32.2595
135.9996 29.2719
137.7450 29.0727
135.8647 29.2261
136.7567 30.4238
129.0174 28.2587
137.5972 29.3686
138.4608 29.2572
137.9451 29.9780
137.8838 28.8932
136.4869 29.4545
136.4955 31.5223
137.9485 28.7737
129.3453 28.5240
136.3033 29.1858
135.5830 28.6666
134.8173 33.0061
137.9519 28.7728
131.1943 30.4327
137.1432 29.9427
137.2373 30.3211
138.2026 33.8081
137.4412 28.4380
137.8442 29.1709
135.2797 31.6892
138.2427 29.4532
128.9164 28.3613
135.4397 33.1972
139.2448 33.3312
135.8382 32.1834
138.0378 30.2844
134.9652 30.3181
134.3142 28.8769
138.1653 29.3105
135.2402 33.2239
137.5590 30.2743
136.5577 28.6134
136.4279 30.9930
136.5685 31.6494
135.1340 32.6242
132.8272 31.0713
136.1679 29.3818
137.9749 29.7546
135.5534 30.7950
134.9690 32.8070
130.9330 29.9639
131.1888 30.2438
136.0895 29.2418
135.8238 33.0949
132.7037 30.9664
136.2993 33.3825
136.9629 29.9167
138.1132 29.1188
136.8181 30.2729
137.7409 29.4653
128.4379 27.8764
137.3503 28.8656
138.5349 29.5933
134.8928 29.4849
137.9793 30.2148
134.6972 29.2317
137.6058 30.4421
136.0981 31.6846
139.0869 33.2377
135.9275 31.9620
138.4397 29.5851
138.7426 34.2290
137.9948 29.4967
137.5853 30.0802
132.8097 30.6701
135.1728 33.0922
138.3565 29.3531
134.8886 32.8460
139.0247 33.6816
135.1203 32.9720
139.2783 33.5207
136.3617 28.6870
137.7767 28.7235
138.4383 30.1686
135.0612 30.1127
137.4895 28.6078
135.6949 32.1281
137.1892 29.8175
131.4706 29.7171
137.0372 29.9801
128.1855 27.8716
134.1294 30.2994
136.9947 28.5915
135.2909 28.9717
131.7783 29.9037
138.6592 30.0451
137.2336 29.0794
135.9221 33.2865
137.5984 29.5080
138.1633 29.1067
135.2233 32.6926
136.9490 33.6899
137.2675 29.4346
128.3670 28.5366
135.6612 32.4923
138.4441 29.3176
136.4420 29.5792
137.9722 29.8609
138.1630 29.4018
137.8166 30.2720
134.8769 29.5855
135.0461 29.4625
138.5264 30.0240
138.0168 29.3172
131.6077 29.7352
131.0527 29.5736
138.0906 30.2035
138.0995 29.7102
138.3779 29.0956
136.8315 31.5945
135.6037 32.8106
138.4285 29.7741
134.5252 29.2035
135.6263 32.2743
128.3266 28.7276
139.1725 34.6609
138.3357 29.2305
131.4868 30.8704
132.6526 30.4131
137.8387 29.2197
136.0862 31.6555
134.8733 29.2443
136.3589 28.9380
135.7300 32.9568
137.6550 28.7567
138.1824 29.3419
134.9737 30.1378
137.5620 30.2633
135.1291 32.8084
135.1012 33.1241
135.7738 31.9691
135.5923 28.7672
137.1090 29.8344
135.9707 29.2721
132.7754 31.0294
134.8740 32.8947
136.0750 29.2767
137.7794 30.4797
138.6273 29.7035
138.2143 29.4084
138.3462 29.9745
136.8588 30.0435
135.3398 31.4311
138.5740 33.6481
132.7264 30.6491
136.5792 33.7251
130.2952 28.0633
138.4131 29.7202
136.5344 30.6462
139.0597 33.2107
135.2532 32.6477
135.1195 29.2319
135.6025 29.4552
137.1978 28.4343
132.6272 30.4628
134.6266 29.9914
137.6071 30.1684
138.1829 30.1259
132.1740 30.0705
138.1832 29.6581
136.4452 30.7890
135.7279 32.2433
137.3588 30.3843
132.7113 31.1554
136.6162 30.4417
138.5953 29.7024
137.3349 28.9025
137.0446 30.2447
137.9137 30.3839
136.1399 29.0611
138.2968 30.2944
137.9391 29.5483
131.9946 30.1168
138.3482 29.5585
137.4276 34.1294
137.1217 28.5829
131.7163 29.8523
131.5663 29.5506
136.2005 31.3982
138.5362 29.3226
138.3197 29.5297
138.3227 29.4672
137.4958 30.2086
136.2178 28.7194
132.7032 30.7526
136.2811 28.8794
136.6001 30.5513
136.7240 33.8685
135.4323 32.3242
132.7275 30.5327
137.8969 30.1468
136.0301 29.1978
132.5263 30.5582
135.0534 32.6585
135.2364 29.6978
137.6599 30.2411
136.8108 30.2641
135.5958 29.8594
136.8573 28.6548
134.2408 30.5969
137.9854 29.0330
138.5943 29.4335
134.4379 29.8858
137.5716 30.2365
128.2153 27.7206
132.7376 30.8608
128.3287 27.7157
138.0811 29.3870
137.5692 30.3074
137.4771 29.0769
137.3894 29.7995
135.1125 30.0827
136.2849 31.3031
137.7648 28.7024
136.7940 30.1734
136.0242 28.7799
136.7447 30.3707
135.0441 29.4441
136.9975 29.9471
131.9799 30.0965
135.9722 32.5112
137.6449 30.0427
137.9084 29.4923
137.8049 28.9649
138.4060 29.5943
129.5717 27.5823
137.9598 29.1062
138.0658 29.9524
135.9533 32.3513
138.4675 29.9389
136.4647 28.9589
138.1940 29.9697
137.2951 31.1282
138.3508 29.8116
135.3833 30.2237
131.0520 29.5233
138.0762 29.3922
138.3452 29.3194
138.2325 29.9820
137.3088 28.9758
134.6389 30.2859
138.1284 30.1596
128.2366 28.3530
135.3140 29.6183
136.9592 30.1935
135.9892 32.4175
136.5880 30.4526
133.3144 28.0201
133.1518 27.7256
137.1023 29.4507
131.9093 29.9747
128.1012 28.6975
136.4484 28.8162
136.8489 28.6551
134.7996 29.2738
138.3933 29.6755
132.7090 30.2805
137.5677 29.7240
131.4600 29.8529
138.4837 29.9678
128.4740 27.3764
137.5421 28.6290
134.6726 30.3696
135.8795 33.2892
138.6871 29.6919
137.8025 29.3616
136.3866 28.9962
137.9146 29.1842
132.0029 30.0158
135.4976 32.4755
128.1871 28.5421
135.2011 30.0960
136.3434 29.1389
131.8947 29.9355
138.6643 29.6648
135.4388 32.3508
136.5958 30.5629
135.8698 32.0027
135.4653 32.8606
135.3740 32.6974
135.8074 32.7059
135.8743 32.0253
136.2130 29.4305
135.4105 32.6890
137.9818 30.5520
135.1036 29.8408
135.0455 29.1294
135.4152 29.0040
135.5697 31.4279
134.9794 32.6783
128.1961 27.9479
135.8689 31.9905
131.2340 29.5496
128.2816 27.7741
131.3200 29.9908
135.6461 32.2237
138.6626 29.9893
136.4954 29.0067
133.2714 29.1601
132.0098 29.9857
136.3833 29.0047
136.3310 31.1895
131.1230 29.9599
135.6923 32.1247
135.5647 32.8166
135.4147 32.5491
136.3033 31.3037
128.7458 28.4048
131.2645 30.1908
135.9062 32.6383
128.2206 28.5044
135.3422 32.5622
138.2441 28.9801
135.9133 31.8966
135.0876 32.6591
128.6030 27.4297
138.2153 30.2843
135.2131 32.0191
136.7283 33.7253
132.5344 30.3343
136.3916 29.6780
137.7324 29.8823
138.0613 29.3024
131.5595 29.8524
134.3425 30.4388
128.2784 27.8560
135.4234 33.2469
131.4280 29.7385
138.6788 33.6801
128.3643 28.3703
133.6512 30.0445
136.6133 29.0455
137.8061 29.4701
136.1818 29.3387
135.5179 32.5623
138.3618 30.1248
136.6756 28.8640
135.6585 32.2821
130.7929 29.7578
130.8512 29.2533
138.4033 29.1194
135.7616 32.0528
136.7702 29.2773
137.7977 28.7598
138.6082 33.4865
138.3630 29.0743
135.9171 31.9417
137.6027 28.7187
131.0659 29.9571
138.1821 30.0601
134.9955 29.1639
131.1900 29.5733
138.2342 29.3518
136.5266 29.0120
138.5544 29.3608
137.7590 30.6528
134.8255 33.0094
135.1414 31.9846
137.7703 28.7252
135.4352 32.3667
135.3017 33.1370
138.3096 29.0581
137.5330 30.2793
138.1495 29.0813
131.0175 30.3342
136.6968 28.8166
136.2199 31.3447
135.8775 32.0594
132.7882 30.5946
135.0515 32.9517
134.5242 32.6192
131.8038 29.8376
132.8161 30.9899
135.4330 29.9997
133.9140 29.0453
136.5035 29.5057
131.0564 29.4762
135.3662 32.7561
135.0876 32.7899
132.8367 30.7394
137.8358 30.7306
135.9860 32.3960
137.3804 30.9156
137.8775 30.7203
136.4845 31.0250
134.8605 32.7098
136.6811 30.6790
138.6237 29.5399
135.2492 33.2630
137.8720 30.4718
134.7480 32.9853
138.0173 30.5941
134.8666 33.3885
138.4719 29.4078
138.4419 29.2836
136.0110 32.6456
136.2510 33.3743
138.1243 29.1775
137.0594 34.0495
135.9549 32.7291
138.8218 33.8891
138.5378 29.4148
137.6055 29.5089
138.6082 29.7902
135.5718 33.2706
137.6630 30.8419
134.9694 33.2662
138.0425 30.2895
135.7389 32.6072
137.5439 30.3987
138.4793 29.3833
135.6107 32.1836
138.3715 29.3462
135.2606 32.4990
136.1291 33.7653
138.1156 29.1409
136.2134 31.7145
135.5696 33.1755
138.4467 29.2961
135.5652 32.9959
137.7465 30.3825
138.0096 30.6437
135.0530 32.6679
135.6233 32.5229
137.8967 34.1229
136.3263 31.4584
138.2690 30.1406
137.5318 30.4904
136.0947 33.6597
138.1811 30.2365
136.0854 32.6897
138.4664 30.2304
138.2921 30.1342
138.6360 29.6909
138.3653 29.1492
138.4109 29.3587
135.1511 33.3905
138.2264 30.2790
137.7489 30.1493
135.2878 32.4909
135.5432 33.0790
137.6468 30.5816
138.4063 30.1332
137.9740 30.3170
140.0625 33.8695
136.4704 31.2685
137.6245 29.4549
135.1059 32.6347
137.2809 30.9916
138.9785 34.4870
136.2580 32.3802
138.2450 29.9560
138.3192 29.7193
136.4361 30.8708
137.6972 29.2346
137.5947 30.7447
138.6397 29.6522
137.5202 29.7779
138.5982 29.6338
136.1052 33.3024
137.9205 29.9996
137.6589 29.2760
138.4994 29.3555
136.1555 32.3400
135.1044 32.6522
137.7478 30.6585
136.2332 32.5118
135.7939 32.5786
137.7130 30.4612
135.2703 33.2879
137.6317 29.4664
135.9732 31.9415
136.1830 32.5947
136.3212 33.7961
138.3664 29.1509
135.3995 32.3866
137.1376 34.1186
138.5667 29.5832
137.2611 34.2679
134.9660 33.2195
137.7833 30.1746
137.6759 34.3792
138.1309 30.2248
136.1041 32.6155
136.1943 32.4912
138.5293 29.5058
138.2622 29.2334
137.5234 29.7430
138.5301 30.1560
135.5542 32.4422
134.8136 33.0786
134.8774 33.1895
140.4156 33.8257
137.6261 29.6594
137.7152 29.2756
137.1423 34.0018
137.7094 29.2613
137.6116 34.3995
138.4827 30.2314
137.5704 29.7960
138.2900 34.3347
135.5984 32.5263
138.0771 30.2453
136.4773 33.5216
138.2360 29.1679
135.2981 33.2470
138.5447 29.5182
138.5540 29.3991
137.8660 30.0421
136.9960 31.1312
138.3902 29.1991
137.7252 30.3412
138.1634 30.3204
137.0094 31.0961
134.8772 33.1770
135.1154 32.6382
137.5972 29.5843
136.2810 31.1398
138.5295 29.4575
138.7568 34.4275
135.5027 32.5083
135.3362 33.2954
138.5335 29.4507
135.3702 32.4877
137.6812 30.7078
139.4922 33.3366
137.7245 29.5449
137.1887 30.2400
135.2650 32.5994
136.3237 31.5724
135.1436 32.5373
137.0626 31.1195
135.7972 32.5155
137.6837 29.2552
139.7735 33.9887
137.4654 30.9109
138.1727 30.2510
137.8182 30.4936
138.6237 29.6496
131.5611 29.7396
137.1009 34.0361
138.3215 29.3129
136.0893 32.5651
135.2417 33.1577
135.5703 33.2692
138.5915 29.8504
137.8537 30.6331
137.6725 30.8809
135.2108 33.4922
135.8219 33.2120
137.4004 29.8069
137.3034 30.5556
138.0252 30.6344
136.3242 33.8378
138.5011 29.3155
136.2105 33.3898
135.8614 32.0591
137.1199 34.1230
136.4315 31.0867
137.8579 30.7170
137.5838 29.5978
137.4894 29.7853
136.1837 32.6239
137.6058 30.4825
137.6984 29.1061
137.7533 29.1784
137.8183 30.7748
137.7993 29.9979
137.5297 34.3472
135.0461 33.0510
136.4252 30.8639
136.1650 32.5888
136.1503 33.3214
135.8072 32.3276
135.0903 32.6623
137.5666 29.6550
138.6005 29.6196
137.3029 30.9852
135.0653 33.2416
137.2979 34.2760
137.7877 29.2521
137.8338 30.7657
135.9035 31.9059
137.6562 29.6175
135.5170 32.4642
135.0498 33.1898
134.8306 32.9340
135.5179 32.4068
138.2279 30.2588
135.0930 33.2877
138.1096 28.9363
138.4336 29.3441
135.8288 33.2807
136.8327 30.5260
135.3482 33.2921
137.8403 30.5018
136.6254 30.8340
135.2248 33.1572
138.4221 29.2915
137.0104 30.2965
136.2943 33.6956
137.7053 30.8128
137.8829 30.0648
137.9912 29.8033
137.4238 29.6790
136.2699 32.2269
138.4109 29.2037
135.3705 32.3917
137.6545 30.4743
139.6553 34.5777
135.4566 33.1859
135.0833 33.0182
136.2844 32.0895
137.7757 29.1817
137.7878 29.2518
137.8280 28.8128
138.2230 30.3027
138.3766 30.1835
136.6985 30.8656
137.9135 30.3997
138.4617 29.2784
135.0105 33.2125
138.4304 29.2140
137.0266 30.4756
138.4511 29.7841
135.0886 33.0934
138.4832 29.3375
138.0159 30.4305
134.7990 33.2302
136.1525 31.8314
138.0546 30.3140
137.9050 30.3785
137.8910 30.2420
137.5376 34.4056
136.3136 31.2298
135.3761 33.3437
137.9988 30.4417
138.0624 30.3484
138.3716 29.1603
134.8020 33.2779
135.6589 32.5868
137.5172 29.7746
138.5354 29.4585
136.7227 30.8667
135.2140 32.6333
135.7207 33.1010
138.5584 29.4718
139.2036 34.6256
136.9453 31.0840
137.6422 29.6246
137.5670 29.6115
138.3118 29.9616
137.8891 30.4671
135.1587 32.6758
135.9450 32.0153
138.5499 29.3838
137.3734 30.0728
137.2137 34.1803
135.7649 33.0589
136.9949 31.1245
138.2859 30.1888
139.8588 33.9845
138.4379 29.2794
136.1746 31.5843
136.1158 32.5983
136.0448 32.7440
136.6821 30.9107
139.7399 34.1085
136.9805 30.4317
138.3239 29.2564
135.7632 32.0307
136.1115 31.7021
138.1431 30.5202
138.3208 29.2140
139.9609 34.2205
138.4189 29.8710
138.1245 30.3546
137.0152 31.1090
138.3863 29.8607
137.6926 30.8439
137.6515 29.4602
135.7884 32.2177
136.0085 32.7549
136.1433 32.6170
137.7551 29.3342
138.3776 29.2183
137.2486 30.1136
138.4819 29.9196
138.2522 30.0208
135.8955 32.0889
136.2786 33.3957
135.7291 32.5742
137.5050 29.9569
137.9826 29.2466
137.0669 31.1038
135.7150 33.3467
136.9918 31.1013
138.0749 30.1671
138.5000 29.3140
136.1802 32.4905
135.1094 33.3583
138.5920 29.7636
137.5494 29.6500
137.9333 28.8323
137.5821 29.6480
136.0073 31.8378
138.0338 30.3696
137.5785 29.6381
135.7538 32.1404
135.8432 32.0727
137.6944 34.3963
138.2433 30.2545
138.4807 29.3965
137.3612 30.4690
136.2763 31.3138
136.9569 30.5712
137.8123 29.3845
138.1773 30.3136
138.2853 29.8043
137.1016 31.0452
136.6661 30.6766
136.7601 30.8767
135.8590 32.1897
138.2893 29.8233
137.6363 30.7500
128.1276 28.1373
136.6200 28.7835
135.8466 33.1361
134.0255 32.5100
134.9827 27.5722
136.6356 33.6415
129.4873 29.8388
138.7411 29.7369
140.2384 33.7439
135.8741 32.6112
134.5049 32.0633
137.1787 28.7098
128.3121 28.0085
135.4122 32.4804
135.5617 32.8523
135.4094 32.6786
134.8325 30.2481
136.0058 29.2043
132.1608 30.0551
137.1617 30.0052
136.8212 33.1588
137.8162 34.0224
136.8526 29.2374
131.3625 29.5018
131.9713 30.1990
132.9815 32.0920
136.4233 29.3218
132.4675 27.7364
132.5507 30.4537
132.0077 29.6973
132.3688 31.3227
134.5291 30.3772
139.2896 33.8433
135.3468 28.7803
136.7222 28.8188
136.9892 28.4973
136.2411 32.5132
137.2988 30.2592
135.4968 30.9053
138.3556 29.6359
137.6518 29.6211
137.4796 30.4789
136.2127 31.3311
138.1239 34.3657
127.9924 27.7838
139.5028 34.1650
138.2370 30.1264
137.6272 28.9126
139.2180 33.3067
137.4887 28.5648
137.0760 29.5736
131.1488 30.0739
138.3969 29.9071
138.6939 29.9956
126.3869 29.4242
137.3515 34.2050
138.9781 33.2282
135.8219 28.5725
137.4182 29.0550
128.2775 28.4050
136.2411 28.9744
137.6331 28.9330
137.6197 28.5818
136.5367 32.2566
138.5777 30.2014
136.5695 32.8661
136.8400 33.6904
138.5609 29.3071
138.6753 29.6700
134.6836 33.0620
131.1074 29.6345
137.4031 34.3861
138.7315 29.7631
137.3880 28.5328
132.4671 27.6907
137.3651 30.3120
133.3148 31.5615
135.5390 28.8138
138.2400 34.3213
135.5802 32.5487
132.0571 29.9591
139.4863 33.0984
137.7460 28.6691
135.6150 29.3267
135.6766 32.3825
135.8970 29.0755
137.2558 30.4056
138.6537 29.8649
134.6840 29.2442
137.6139 34.2744
128.8017 28.7116
138.1914 29.3201
135.8483 29.2050
139.0201 29.9598
138.4391 29.4258
131.1243 29.8429
134.4998 32.8941
128.7815 28.6838
137.2038 28.5337
130.7522 30.4116
136.3228 32.3938
137.2584 34.2579
130.9162 30.2447
128.2660 28.1518
135.4277 32.8402
132.2037 30.0214
131.4685 29.5453
137.8766 29.2747
137.6846 30.4036
137.0012 30.5269
137.8219 28.7452
133.0071 30.0032
135.0498 29.2174
137.6862 28.6004
131.0365 30.0313
136.2498 31.5593
131.3111 29.6037
135.5756 32.7077
136.4667 33.4970
135.9155 32.5778
135.7476 32.2850
138.2554 30.0954
136.1104 29.6084
132.1068 30.0185
136.0042 32.9883
136.2498 31.4403
137.8665 30.2738
137.0259 30.3186
132.7562 29.6305
135.5629 29.4947
135.7945 33.0954
134.9803 32.1933
136.2014 29.6876
137.8936 29.6279
137.7399 29.1413
128.0782 27.5377
134.4831 30.1624
135.5164 32.9699
135.8020 31.9988
135.4463 29.9682
128.3640 28.4710
137.6963 29.4759
135.9553 32.0045
136.2108 29.3449
130.7769 29.5285
132.3647 32.5297
138.0234 28.8271
136.6541 30.7444
132.8037 30.8643
129.0738 29.4399
137.2783 30.9010
137.8325 29.7541
132.7749 30.6455
135.5858 30.8732
136.0640 29.2977
137.8981 30.2428
131.7826 30.0669
128.1366 28.5066
137.1567 28.6958
133.0319 32.6325
137.2172 30.7714
128.3661 28.5408
137.9568 30.5284
136.6234 28.5208
131.5248 29.6898
138.5712 29.4833
137.2046 30.3804
137.0763 31.1295
136.2364 31.9025
137.0264 28.6820
138.3813 30.2106
136.7752 28.7130
136.5938 28.4427
138.1465 28.8712
135.3784 32.3975
134.5521 32.0087
136.1291 29.2975
136.9835 33.9296
136.2343 29.2427
136.7677 28.6684
136.0586 29.2233
136.3484 31.0031
137.4989 30.3354
138.5447 29.7682
137.6575 30.2105
137.0695 28.6224
135.2771 30.0263
128.0071 27.7254
138.1179 28.9543
136.1829 33.2399
132.5373 30.3545
138.2860 29.1645
128.1727 28.5192
136.1933 29.8237
135.5055 29.0683
137.1742 34.1497
137.0465 28.7866
137.1963 28.8753
135.8945 29.7284
135.2856 32.4877
135.9473 29.2634
138.6543 29.9037
128.1106 28.9639
138.1083 28.8557
136.0445 28.8968
135.5847 32.2461
129.2061 27.7818
131.7513 29.3695
135.9879 31.7829
131.3973 29.6944
135.4835 32.5977
138.4242 29.6296
135.4934 33.1163
137.5177 28.7528
131.3151 29.8270
138.6033 29.7652
137.1219 33.9132
138.4815 30.0192
137.5687 28.7354
138.0400 30.1692
131.1270 29.5453
135.4099 33.3697
136.9837 34.0226
136.7274 30.5771
138.4474 29.4229
138.4794 29.2107
137.4361 30.0087
137.6092 28.5762
129.2123 29.7167
128.7624 28.3741
135.4204 30.8108
136.9751 30.1244
137.1375 34.1658
136.1483 32.0374
136.6799 28.8570
136.5652 28.9790
136.0972 29.0284
136.3147 31.1800
138.4685 33.4981
138.7221 29.7024
139.4797 33.3196
136.6972 28.7573
137.7478 29.1166
137.7576 29.0796
135.6910 31.2763
138.4099 34.2905
139.5367 34.6014
135.7076 30.6871
136.1693 29.2142
135.7457 28.3987
135.9801 33.1496
138.7013 29.6475
137.4846 28.4986
136.6496 30.5607
131.5235 30.9645
135.1121 32.5744
130.7225 29.6327
135.6467 32.3709
136.1649 33.3069
138.2727 29.2128
135.7882 32.8505
135.5431 32.9988
137.1865 28.6559
137.4409 28.5882
138.0031 28.8242
135.7704 30.9218
132.4329 31.3125
138.2598 30.4738
137.9599 30.6520
138.3592 29.3101
137.7399 29.5273
136.6824 33.6276
132.6517 30.4096
137.9066 28.7759
136.1626 29.7975
138.4834 29.8799
131.5316 29.9324
137.9636 30.3497
137.7612 29.8828
127.8283 28.3206
129.7319 27.6198
127.9937 28.5423
138.1540 28.8865
136.5111 29.0352
135.9147 32.8576
137.9717 28.7225
137.1317 29.6656
130.0348 29.2972
128.1366 28.6970
135.0388 32.9485
129.6476 27.8404
137.8766 29.0086
137.0819 28.5972
137.1572 29.9966
137.7279 30.4311
139.7969 34.3272
135.6960 30.9736
131.3743 29.4406
135.9890 32.2585
135.8287 28.5500
133.7353 31.3572
136.7986 30.7044
135.9286 32.2701
137.2655 28.7137
138.6018 33.6145
136.7119 28.6225
137.0710 30.0550
136.0710 32.0203
137.1436 28.4840
136.2035 29.2271
138.4635 29.4319
130.0253 29.3430
131.3800 29.7092
135.4624 32.3885
129.4945 27.7374
132.6119 30.7217
130.0225 27.7889
138.4864 29.1921
137.6493 30.4794
128.4423 28.3103
135.6708 33.0436
136.5019 33.6112
136.0942 29.5742
135.0034 32.8770
138.1710 28.9596
135.9479 31.8201
136.0796 31.6775
138.5910 29.7512
135.1072 32.6166
137.1168 30.1024
137.1566 30.1129
137.9745 28.8672
138.5448 29.9020
138.3536 29.4726
137.6860 34.4199
135.3779 32.5792
139.3263 33.6997
139.6331 34.5626
134.9060 32.7257
138.4549 30.1944
134.8949 33.2022
137.2634 30.2073
138.3510 34.3191
139.6539 34.5350
135.0213 33.3039
138.3718 29.5013
136.2942 31.2351
137.2726 30.2149
135.2466 32.9188
134.8966 33.0250
139.3702 34.1670
136.3527 31.0646
134.9225 33.0479
138.5184 29.8183
135.2941 33.0327
136.1641 33.3348
138.2066 28.9968
138.2201 33.7529
135.2300 32.7865
138.4861 34.3314
134.8569 32.9437
136.2342 31.4301
135.4507 33.0040
135.3583 33.0464
139.7092 34.4663
135.4941 33.1715
128.0660 27.9267
135.0567 33.0299
135.0461 33.3782
134.9095 32.9430
136.1562 31.6090
135.3192 32.6413
138.3133 29.6400
135.1561 32.8450
136.2822 31.8376
134.9601 33.2778
137.4789 29.3667
136.3125 33.4117
135.1455 33.1529
134.9590 33.0306
134.8240 33.1568
135.8590 32.6197
136.7026 30.4823
135.2874 33.1374
135.0718 32.7829
134.9656 33.1102
135.0579 33.0466
138.3741 30.0625
136.1016 33.2307
135.2663 32.9414
136.4639 30.9338
135.7922 32.0313
137.7124 29.3827
135.2532 33.0458
136.1102 31.5718
135.6097 33.0946
135.0674 33.0995
139.1617 34.5846
139.6203 34.0510
138.2336 30.3124
135.1062 32.8196
136.1459 31.6143
136.0992 31.7037
135.0473 32.6528
138.2186 29.0363
135.2814 33.0962
135.5759 32.2140
135.4615 33.3832
137.7447 29.2556
135.0284 32.9603
135.5798 31.0780
134.9267 32.7474
135.8840 32.4497
135.2247 33.1834
135.2168 32.7477
135.9210 31.8616
134.8574 32.8387
136.7170 33.7062
135.9373 33.2080
136.5919 33.6387
135.2031 32.5769
137.1911 29.9845
137.6466 30.8338
134.8498 32.9199
135.2651 33.2518
137.0854 31.0854
135.9471 31.8303
135.1167 33.2117
136.8275 30.3624
135.2402 33.1811
135.3351 32.4289
137.9211 29.8454
135.8305 31.9956
138.4362 29.3322
135.9813 31.8219
134.8914 33.0327
138.0571 28.8953
138.5990 29.4928
138.5538 29.3913
135.2919 32.0854
139.1706 34.6355
136.8477 30.3834
138.4625 30.2852
135.2766 32.9696
138.4860 29.6207
139.7537 34.2686
136.3496 31.1561
135.0858 32.6078
129.7639 27.1807
134.3474 29.2891
136.0668 32.6675
134.6345 29.4035
135.1793 30.2421
127.6315 27.7220
129.1375 27.3708
130.7831 29.4319
135.3350 33.0604
138.0280 30.4965
138.7411 29.7153
134.8587 29.4459
138.0482 29.7550
137.5783 29.5726
138.1948 29.5232
135.1059 29.4004
137.4788 34.0972
135.2511 29.6297
136.4250 29.6892
135.9695 32.8709
133.9698 29.1127
137.6817 30.1323
131.1607 29.5112
137.9505 29.6091
131.3105 29.5883
138.6226 29.6242
135.1353 32.7720
137.2336 33.9819
137.6712 30.0211
138.5684 29.6216
136.2123 29.2342
131.0703 29.2826
137.1009 30.8713
131.7577 29.8293
137.3497 28.3345
138.3772 29.8352
135.8652 28.1767
134.5464 30.3879
127.9291 27.6350
131.1118 29.6196
135.8771 32.2741
133.5560 32.6027
139.7054 34.4087
137.0585 30.4387
134.9018 29.4383
136.3223 33.1497
136.3833 31.1659
137.8160 29.5121
135.5628 30.2917
137.2663 28.9890
136.0228 32.9292
138.2148 30.3743
137.2238 28.8256
137.8807 29.5793
137.9632 29.7880
139.1880 34.5312
137.1381 33.8523
137.5385 28.6350
135.4771 32.3311
134.3585 29.3470
137.9636 29.5087
134.8850 30.2012
137.9464 29.5921
138.3851 30.2342
135.4898 30.7220
138.4431 29.7779
136.1604 32.5122
137.7442 29.8423
131.3926 29.7406
137.9303 29.5895
137.1888 29.1116
131.0848 29.3013
136.3465 33.5657
138.0383 29.4656
138.1158 29.7494
135.8954 33.0488
136.8839 30.6589
137.1753 30.5540
137.8718 29.5889
137.5880 30.1213
138.0871 29.0646
135.4787 32.9018
137.2717 28.7664
138.2521 29.1567
135.2776 32.5587
135.0165 33.0569
137.2729 34.1657
137.8661 29.6199
137.8957 29.5687
135.8336 29.8681
137.6457 28.5413
131.9545 29.9066
136.5832 30.5213
136.3591 28.8425
134.8050 29.3210
139.0555 33.6411
136.3435 33.4865
138.2056 29.2822
137.8751 29.5877
130.8671 28.2695
137.7177 29.8976
133.3405 28.2738
135.3514 29.9670
131.4337 29.6073
130.7892 29.4874
133.1228 28.0116
137.7073 29.4395
137.3340 30.5622
136.3577 33.7461
138.0690 30.0770
138.4044 29.9568
136.1470 31.6795
138.0772 29.9306
138.3697 29.5512
137.0464 30.8353
136.4040 30.9555
138.1352 29.9867
135.8000 32.5784
138.0064 30.6895
137.8257 29.7280
137.7706 30.4649
137.3311 30.1437
137.0701 31.0340
138.1142 30.5905
136.1738 33.3473
137.7867 29.3135
137.3233 30.9892
135.2753 33.2028
137.9425 30.3882
138.4613 29.3446
138.5081 29.9794
135.0811 32.9078
135.6515 33.0096
138.4778 29.9919
138.7843 29.8286
138.2040 30.1444
137.3063 34.1379
138.4087 29.8066
135.0387 32.8917
138.2404 29.8609
135.0256 32.7523
138.4256 30.0313
135.4908 32.5026
137.8430 30.4274
135.5811 32.5881
137.0414 31.0693
134.8981 32.9777
138.0472 30.2990
135.6513 33.0324
137.2131 31.0446
137.6721 29.6169
138.3021 29.6338
137.4233 30.1157
134.8571 33.2843
135.3167 32.8076
138.3234 29.9735
136.6823 33.4031
137.7338 30.4431
139.3153 34.1808
138.3630 29.5664
135.4125 32.5756
135.6056 32.2701
137.4945 34.2254
137.7695 29.8551
136.2394 33.1788
138.0077 29.7370
137.9066 30.3680
137.1243 30.7194
137.8831 30.4021
135.9982 33.1649
137.0817 30.7728
138.7376 34.3714
137.4315 30.2624
135.5408 32.5973
138.3249 29.9625
137.3500 30.3794
138.1770 30.5713
135.2537 33.2120
138.1960 29.6692
137.2762 30.4742
135.3312 32.7864
138.3354 29.8203
137.3259 30.1067
137.5893 30.6350
137.4604 30.9486
136.0966 31.7293
138.2652 30.1225
138.0603 30.0622
137.0116 31.1000
138.2583 30.2351
135.5769 32.9779
137.9165 30.4008
135.8047 32.3187
138.3619 29.7304
138.3932 29.8453
138.0766 30.2981
137.5268 30.1153
135.0489 33.0961
138.3759 29.5946
136.2882 31.6238
138.5156 30.1645
136.1045 31.7299
138.0478 29.9848
138.2415 30.0782
135.4497 33.0046
138.2369 30.0838
137.6036 29.7229
138.3445 29.8940
135.1001 33.1464
137.3430 30.9834
137.6734 34.3257
135.9244 32.3777
138.3268 30.0105
138.2802 29.9688
137.4854 29.8497
138.3174 30.0748
135.4573 32.3877
138.2130 30.2829
138.4022 29.7655
139.7635 33.6233
138.4105 29.6718
135.8531 32.4389
137.9074 30.4511
137.8526 34.3569
136.0872 33.7477
138.1995 30.2879
137.7247 30.6082
137.8444 30.4620
136.7625 33.6882
136.3023 31.2387
136.9993 31.0931
139.4224 34.1345
138.3621 29.6844
135.0148 33.1958
134.7825 33.0495
135.2771 33.0840
138.2426 29.8281
135.5839 33.3855
138.2248 29.8976
137.8125 30.3743
138.4410 29.7771
139.3231 34.1745
138.3396 29.9988
135.3629 32.7963
137.7652 29.9701
135.3766 32.5396
138.3571 29.8808
136.5953 30.8454
138.3968 29.8482
137.9547 34.1937
138.0314 29.9608
135.7842 32.3073
136.7147 30.2908
127.4195 27.3020
136.8415 30.2536
137.1662 34.2753
138.5689 29.8446
137.9159 29.4784
138.3697 30.0720
135.8180 29.7021
136.7339 33.3342
134.6791 30.9877
137.6562 29.4203
136.9563 28.7050
132.2292 30.1665
132.5755 32.5385
132.2242 30.0710
138.2740 29.6792
138.6465 29.5518
136.0695 32.6455
136.1765 28.7276
132.6038 30.3604
137.0639 30.1117
137.5312 28.9124
131.9655 30.1436
136.7490 33.5516
135.2806 29.3044
132.4601 30.6328
131.7332 31.0030
137.2423 29.0470
128.0217 29.1783
134.5879 29.9727
135.7965 27.6307
135.1370 32.8583
129.5656 31.4439
136.0257 28.9974
137.6032 28.7266
128.3346 27.7558
135.1521 32.9308
127.9271 27.8333
134.4572 29.9682
127.2346 30.0993
135.8624 27.9615
138.1671 29.2129
134.1608 29.1780
135.9464 32.0732
131.8842 30.2537
136.2095 28.7846
132.6097 31.5982
137.8250 29.3566
136.2011 31.7162
137.2891 29.0907
136.4696 30.9484
128.4663 27.8948
136.5428 30.4390
132.2923 30.4311
138.0602 29.5991
131.9897 30.5417
136.7157 32.3272
135.4152 32.5562
131.9368 29.9749
135.6903 29.3825
136.6594 32.3375
136.9168 30.2346
136.8569 29.4135
135.7800 29.9056
132.8319 30.6375
135.7930 32.4441
133.0917 27.7067
129.2293 28.6812
136.0007 29.8718
135.4889 32.4677
137.5183 29.2658
132.7595 27.7941
129.5216 28.7832
132.3228 31.3891
131.1948 29.1039
131.9503 30.5821
138.6262 29.6867
135.5770 33.0035
132.7566 31.2258
134.6016 31.3416
138.4941 33.6548
137.6852 29.7688
135.0244 27.8463
135.0568 28.8359
132.4808 29.3953
135.7587 29.7685
138.2575 29.7492
134.2182 32.5489
131.9681 31.6854
132.3943 31.3483
136.7960 29.1343
132.3682 27.3146
131.0549 27.7887
136.5473 29.4020
131.8477 31.0690
133.7326 30.1649
132.8193 31.2541
137.9559 29.8527
135.5510 32.4474
137.2746 29.6783
137.0214 28.0752
130.9938 29.6585
132.9709 28.4603
137.4550 32.0099
136.1171 28.0655
131.1458 29.6947
133.4206 28.7256
128.1280 30.0195
137.2150 28.8397
136.3059 30.5536
136.1644 27.9577
135.1520 32.8247
131.5179 30.6725
138.0234 30.1983
133.9469 27.7291
136.7109 29.9540
129.2512 27.8140
136.8200 28.3392
132.6636 27.3350
131.4793 30.2170
137.9273 28.9659
133.7115 28.7580
137.1156 28.3695
136.7242 30.2877
136.2395 28.9561
136.6759 29.6060
136.8665 29.5920
136.2698 28.8709
134.2113 30.4264
137.7538 29.5448
137.1798 30.1730
135.6848 33.3086
131.9077 28.4874
132.7497 27.4952
132.1696 30.8312
135.3648 28.5146
137.0302 29.5489
137.7340 28.9614
131.6607 31.1835
133.8246 27.8987
134.1766 29.3451
134.5281 29.4281
136.3400 27.7660
136.4762 28.9242
134.3134 30.6742
136.6433 28.2345
136.9884 29.1389
136.1642 28.5471
135.2742 27.1061
136.3289 29.0319
131.7124 30.0741
129.4694 27.3102
137.5826 30.5211
136.7982 28.5188
131.1410 29.4419
135.4646 30.7224
138.4335 29.1419
135.6612 29.9176
127.8014 28.2234
128.8516 28.3051
131.1609 29.7252
135.4955 31.9736
139.1654 32.9960
135.3849 33.0297
138.0102 30.0657
138.9518 33.7648
136.0887 32.2305
135.5946 28.8090
135.6679 32.6351
132.0619 27.5950
134.6391 29.2476
135.2949 31.9283
138.2530 30.3873
127.9049 28.3686
137.5405 28.8534
137.5318 28.9539
135.7128 28.7357
135.4314 32.3482
136.3537 28.9548
135.0454 32.7163
128.2027 28.6175
137.0495 33.7458
134.5585 32.0033
138.4283 29.5799
137.9083 29.5579
127.9933 28.0205
135.4326 32.9841
131.9918 30.2377
138.3537 30.1675
132.5366 30.2605
135.7919 32.5094
133.5791 30.4374
137.6580 28.9571
137.7744 29.9244
131.2454 30.7821
136.0952 32.4301
137.5533 33.9023
136.9335 28.7559
131.5654 29.6110
139.2702 34.5200
138.1172 29.5047
138.6257 29.2052
135.2455 31.9714
136.3797 30.9588
137.9762 29.8322
136.0964 29.2351
136.8763 28.7765
131.4619 29.3512
135.5748 29.6773
137.9375 29.0491
136.7042 30.7445
136.2062 32.7932
136.3222 28.8645
133.1482 31.1800
130.9357 29.5786
138.4193 29.5346
136.9505 30.1359
131.6227 29.6138
137.8056 29.7040
137.6162 29.2770
135.1180 32.8569
137.6023 29.1113
135.0901 30.9293
138.6361 29.6561
137.3016 30.0898
138.0861 30.3832
137.6752 29.6027
138.3422 33.7316
132.8906 30.5120
138.1915 29.3274
137.0654 28.7336
137.0894 28.6536
137.3629 28.6766
138.0449 30.1341
136.2946 33.1109
138.1196 30.4982
126.4186 31.0899
136.0875 31.6922
138.5234 34.3908
135.3760 32.7447
135.8152 33.1052
135.2051 29.5393
138.2252 28.9947
128.2749 29.1132
134.8278 32.4099
136.2145 29.5023
135.7582 32.8447
132.5802 30.9686
137.1650 28.8678
136.0350 29.1742
127.7593 28.8699
134.6172 30.3303
134.7054 30.2429
128.5508 27.6974
136.1498 28.7857
129.4789 29.6564
137.5665 29.3096
131.5588 30.0130
135.6504 32.4830
138.0107 28.8127
137.2732 28.8511
128.5149 29.2345
134.7807 31.6762
135.4453 29.6238
134.3675 30.4684
132.7812 31.4550
137.5305 29.4834
137.6585 29.0016
132.5611 30.4532
131.3382 30.1162
138.5052 29.2702
132.6865 31.1664
127.7490 27.8314
129.7126 28.3678
134.7215 30.2273
138.3302 29.4866
137.8590 29.1343
133.9958 32.6899
138.3576 29.5508
135.3037 29.6937
136.0377 29.5955
137.7996 28.8300
137.7488 29.7883
136.0196 29.0801
129.9302 30.2368
137.2541 29.6866
138.0398 29.5128
133.5785 28.7400
131.1182 29.5749
135.9153 28.9662
135.0862 29.9543
127.7887 28.0132
131.4164 29.9471
134.3007 32.0527
131.2117 30.5207
135.7929 32.7159
127.8012 28.1116
132.7309 30.9690
138.0196 29.8487
137.7898 29.2409
137.9833 29.5641
136.1815 28.5681
137.7963 29.8037
132.5319 30.8702
137.8024 30.1995
137.7417 29.0013
136.0643 32.1895
135.7192 29.9656
138.1176 29.8259
138.0373 29.3410
132.8740 30.5028
137.9748 29.0079
131.5650 29.7565
136.2686 29.0871
136.9444 28.4559
135.7713 28.9806
129.6149 27.6676
132.2459 30.1544
137.9013 29.8358
134.8971 30.1606
139.4220 33.5241
137.4435 29.2945
134.8767 30.3005
137.7546 29.7031
129.3328 27.6120
135.4730 32.8035
136.4117 28.9278
132.6333 30.5455
135.7225 28.6580
136.1442 29.7717
138.5499 33.5136
138.4639 29.5830
138.2290 29.9854
139.5091 33.4617
139.6864 34.5225
137.2416 34.1800
135.3339 32.4608
130.9791 29.9703
135.5392 32.8656
139.3653 33.7934
135.5665 32.5385
136.1674 31.8528
134.8655 30.7539
140.5521 33.7661
137.8844 29.9654
136.7436 33.7219
135.9319 31.9241
136.0994 31.9786
130.9552 29.4785
137.5061 34.2400
138.9563 33.7703
135.0909 32.7898
137.6245 28.7399
137.9091 33.6791
138.3058 30.1900
137.3988 30.0024
136.8441 33.8279
138.4131 29.6183
135.8868 33.4184
136.1686 29.6803
137.1548 30.4791
136.9649 33.3395
136.6507 31.8299
136.2602 29.3679
136.7605 34.0062
137.7173 29.8890
137.4319 28.7709
137.5887 29.6824
131.4115 29.7047
139.1947 34.1109
138.0809 34.3225
136.3571 33.3133
138.1455 33.9157
137.3719 30.9942
138.3620 29.4233
137.7202 29.1642
139.0043 33.0620
131.2676 30.0532
134.6415 32.8249
134.8563 32.8166
135.9250 33.3385
127.1072 33.0032
137.1163 30.3316
137.2333 33.5725
135.9287 30.6679
133.2354 27.7337
136.0877 33.8030
137.4000 34.0627
135.1034 30.2100
137.2147 34.0984
136.0715 32.5673
136.0898 32.0437
138.5404 29.5847
140.9729 33.4249
139.6104 33.6520
125.2613 32.3409
140.7905 33.7791
138.5369 30.1538
137.6873 34.0514
137.8778 30.8066
137.4090 30.9486
138.0099 29.5349
135.4331 32.7172
137.3197 33.3477
137.3937 30.9080
135.2787 32.9531
132.7575 31.8268
132.0686 31.7909
137.9454 29.1677
140.6188 33.8344
131.3064 30.4092
136.2977 33.5856
137.0382 31.1261
135.2217 32.9712
128.4738 33.9547
137.6572 28.7462
138.0663 29.0106
138.6699 29.4925
138.0236 30.6663
137.7854 29.7843
135.0228 32.7827
136.0407 32.1377
137.6818 30.5116
135.6701 32.4700
137.3826 34.3201
136.1986 31.5454
130.1522 28.5181
137.1514 34.2552
134.6728 33.0043
142.8064 34.2482
138.3929 29.2316
138.2724 30.3337
136.5708 34.0635
135.8589 33.3570
135.5293 31.5266
142.1522 35.3037
138.6328 29.6536
136.1287 33.2275
136.0449 32.2245
136.6170 30.1130
137.2475 30.2175
137.9628 30.1874
130.7395 29.3962
136.5685 29.7537
137.0241 29.7642
141.5711 34.2412
128.6471 29.0793
135.1767 32.6395
132.1346 29.4127
135.4860 29.8287
137.2240 34.1691
131.1862 29.7807
130.6643 29.3705
131.2824 29.3739
134.9184 32.6930
128.1704 28.7201
136.1335 29.5888
131.4219 29.5424
131.6290 29.8143
132.6400 30.3397
131.4531 29.7153
138.1076 29.7352
131.8462 29.9435
138.4950 29.7361
135.5480 32.2412
138.6724 33.5197
130.9782 29.4623
131.8540 29.8082
134.0972 31.4150
132.4463 30.2446
135.2473 33.2984
132.2045 30.0926
134.8166 33.0097
131.1659 29.6071
130.9714 29.8609
139.3745 33.7852
134.5587 31.8563
135.0049 32.9063
137.5111 29.7107
131.1954 29.3906
135.6042 28.7414
135.6456 33.0926
137.6394 29.2286
136.1322 29.4289
135.6493 32.2984
135.0489 32.7461
130.8345 29.6981
133.4481 28.3941
136.1858 29.7409
132.8694 30.7255
130.9628 29.8395
134.5804 32.6314
136.2085 29.3368
131.1575 30.2187
130.1482 28.1135
136.0777 29.9470
138.5671 29.5812
131.0165 29.5002
131.2352 29.5417
136.1567 31.5820
135.3357 32.5546
135.3478 32.6109
135.2789 32.7471
130.7038 29.4023
136.7451 30.4648
129.0854 28.9474
131.2877 29.5624
136.3964 29.0053
136.1650 29.7202
137.7191 29.3623
131.2630 29.6205
130.9685 29.3049
136.2212 29.6687
135.3948 33.0102
135.8340 32.3158
135.8733 32.3616
131.7660 29.8708
136.2349 29.1941
134.9747 32.6964
131.2261 29.5126
138.3657 29.8686
138.5041 29.2971
132.0169 29.9832
135.4412 32.6258
135.3208 33.0834
134.6030 30.1883
132.7738 30.7771
135.1156 32.6139
136.4321 29.7256
136.3625 29.4342
139.1303 33.7719
137.6965 29.1345
137.5293 29.6184
136.4591 29.1241
132.6106 30.3876
134.6201 30.2705
134.9573 29.1328
135.4201 29.9974
135.9633 31.8401
134.9915 33.2631
135.8375 31.9411
135.8239 30.8244
136.1851 29.2835
135.7740 32.0096
136.6249 28.8769
136.3008 29.5319
138.3920 29.4883
136.2787 33.3885
131.2551 29.5000
136.4362 30.9729
130.9760 29.5441
136.0904 29.2066
139.2526 33.2875
135.5863 32.3172
136.4030 29.0534
135.7139 29.9012
138.2292 34.3303
130.8031 29.4620
131.7097 29.7523
131.5922 29.6614
131.7341 29.8215
136.1880 28.9992
134.8156 29.3884
136.1003 29.2780
129.3684 27.7215
129.3818 27.7593
138.5297 29.8433
138.5823 29.9741
137.6799 30.0718
137.8963 29.1584
136.8148 28.4639
135.9404 29.6814
134.4414 32.1354
127.7945 27.7364
137.4126 29.8372
136.1216 31.8694
131.0444 29.2684
136.0803 29.2254
134.5832 30.1357
134.0304 32.8284
137.7416 28.8517
134.9955 27.5724
136.2030 29.3278
133.5781 32.0201
135.5309 31.3533
136.9118 28.5758
137.4562 34.2338
137.3874 29.1090
137.7898 29.5318
134.4811 32.6756
129.6172 29.4650
132.7158 30.4969
127.9752 28.7151
136.1051 33.0510
128.0042 27.4348
136.8877 28.9269
134.6254 30.5400
137.9383 28.9818
132.3937 30.2975
127.7509 28.0126
132.7200 31.0838
135.0682 28.9304
138.1024 29.4272
130.0197 28.0270
137.8784 29.5305
136.9520 28.6539
127.8123 27.5750
134.9045 29.2861
137.2684 30.0803
137.0763 28.8080
135.3344 30.1295
136.0547 29.6470
135.1741 29.6258
137.7730 29.1089
135.6811 30.0194
135.0619 29.9767
134.7095 30.3263
131.7633 29.9130
135.3305 29.7400
133.0047 31.4178
138.3588 29.0905
137.1082 28.4033
134.8551 30.0580
127.8380 29.0508
129.5340 27.3440
137.1431 29.7336
135.6927 28.8832
127.9813 27.6700
131.8348 27.7185
133.2758 29.2115
134.9178 32.3775
135.6866 30.5696
137.6970 29.8758
135.2670 30.0798
135.6073 29.2608
137.7942 29.6148
137.7856 29.0252
132.3755 29.3905
135.0121 30.5736
131.9412 29.7836
137.9915 29.1152
138.0848 30.6439
136.9600 30.0079
136.1894 28.8178
135.5410 32.5430
138.7069 29.8935
135.6393 33.0426
135.5950 32.7830
135.1758 32.7999
137.7688 29.3439
137.6847 29.6598
134.6437 32.4785
132.1367 32.5184
131.7001 29.9897
131.4676 29.5633
136.6596 29.5335
137.7957 28.7369
138.6541 29.6366
135.8171 32.9480
133.2218 31.8634
135.1334 30.0324
137.4675 28.6777
137.0696 28.5091
136.4295 29.0767
134.8736 33.2657
136.0884 31.4866
129.0780 28.4849
138.0648 28.7647
131.3254 29.7277
138.5946 33.6825
134.8578 29.5460
135.5674 32.3224
136.2103 28.9862
135.8905 33.0162
135.6511 29.8319
137.6333 30.6400
131.4282 29.6264
132.5050 30.2226
135.5573 31.4918
135.9782 28.6980
137.2596 29.9614
138.9393 33.3060
139.2710 34.6103
136.1408 29.2854
131.2371 29.7425
131.1102 29.3874
135.0105 32.7438
134.8783 30.1199
135.3617 29.5466
135.2952 32.5993
131.6551 29.8807
132.0463 30.0637
131.2090 30.2834
135.5750 32.9585
134.9676 32.9444
132.9143 30.7126
135.4891 30.6443
131.2454 30.1365
137.7474 29.7628
136.0380 31.8762
135.4609 29.7658
137.5735 30.5199
136.5031 33.6683
135.6334 32.3645
131.1548 29.8434
137.6609 30.3121
132.5801 30.6525
132.8274 30.8765
135.4005 29.9516
137.9707 28.8286
132.6535 30.7439
136.1556 31.4422
135.9220 32.9901
135.8612 29.7979
137.2978 29.8170
137.4883 30.3223
133.4724 29.7951
135.1437 32.5574
136.0418 29.1724
137.2543 29.6111
128.2748 27.8133
131.3569 29.5272
138.2520 29.0134
130.8803 29.3257
131.4270 30.6407
136.5303 28.5870
132.8030 30.5812
134.1275 29.1848
138.2970 29.9613
135.6423 28.0362
135.1167 32.2393
137.5322 29.3460
135.3541 31.7835
130.9329 29.3374
138.2525 29.2264
137.0431 30.3348
135.8398 29.5789
138.5600 29.6639
135.9358 31.9173
135.2052 32.5425
136.5604 30.8972
136.4799 28.6046
132.4365 30.1535
135.1557 33.0963
135.5339 29.9354
135.8955 31.9325
135.7627 32.8546
136.6730 33.7319
136.4798 30.9748
132.7189 30.4837
132.5703 30.2111
129.5388 28.1846
130.9767 29.3284
131.3762 30.8164
136.1177 29.4884
136.2667 28.6750
131.1120 29.6452
137.7263 29.8984
131.5694 29.8532
131.8917 29.6710
132.2389 29.9018
139.3183 33.5594
136.3266 31.5710
136.8540 28.7036
136.1135 28.1075
132.7660 31.3886
137.4210 30.8232
136.1519 28.9471
138.5117 29.1978
136.6894 30.8464
137.9609 30.4644
135.4477 32.4713
130.2516 28.2957
132.8903 30.9166
137.9729 30.0152
126.8276 30.7298
127.9420 27.9505
127.8928 28.7751
133.2184 28.1470
137.9924 30.0987
129.4155 27.4441
135.4344 29.8838
138.4631 29.6213
128.6608 28.7885
138.6171 29.7400
134.9811 28.9217
135.0603 32.0714
135.8109 29.2794
138.4139 29.7706
135.1451 30.6711
136.1269 33.3903
127.6882 27.8039
128.0487 28.2050
132.4526 30.2805
135.9610 28.8059
136.3987 31.3240
132.3212 29.9739
134.3743 32.6255
128.1030 27.5530
134.8184 31.1934
138.6142 29.8439
131.2220 29.0685
138.4303 29.7627
135.9426 29.5785
135.4523 29.7941
137.7565 29.0532
137.0343 30.4768
138.0688 29.0220
135.9855 32.1120
138.2690 29.3625
134.1797 30.6317
132.9989 31.9599
132.5300 29.7127
137.0400 30.4431
136.5683 28.6240
134.5721 30.1395
129.3267 27.7151
135.5237 32.4546
128.6018 28.3589
137.1045 28.9291
135.9984 28.2944
132.0883 30.3913
138.4691 29.1653
135.3012 32.6242
134.7653 30.0355
135.5597 32.8220
135.7516 32.7353
130.2410 28.0125
137.6555 28.6695
137.4921 29.9334
136.6318 30.5283
132.7545 32.5780
134.9912 30.1457
138.2113 29.9199
135.0109 30.1482
128.5055 29.0429
138.2161 29.3627
129.8435 27.9069
132.4710 30.3223
137.3018 28.9489
134.7419 29.6081
134.4434 32.5998
137.3567 30.6085
135.9364 29.1122
132.9071 31.1030
136.0849 29.5821
137.2392 29.1968
132.0443 30.4046
132.5646 30.1823
137.8890 29.1230
138.4650 29.9263
136.9572 28.6626
137.9851 29.5489
136.0413 29.2821
134.8919 30.7583
130.2440 28.7461
137.8739 29.2879
134.7591 32.1493
138.1257 29.9519
135.9846 29.2481
137.7900 29.1445
135.5092 32.7609
134.9273 28.0674
137.4448 29.3511
131.6837 30.5932
132.4442 30.5007
127.6406 27.5104
132.4185 31.3790
134.3078 30.1900
132.4041 30.0698
137.9118 30.2822
136.9445 29.5083
135.6837 32.6373
137.3692 28.5073
136.4753 28.2442
134.5380 29.3458
135.6248 29.5642
138.1044 29.8044
136.1122 32.8670
132.6604 30.3276
131.8063 27.6227
135.6709 28.8201
135.7797 29.1927
138.6692 29.5808
135.1413 27.2615
134.9160 29.0935
137.1483 30.4664
132.2729 30.3225
138.1600 30.3571
137.5148 30.0592
135.6854 32.5243
135.8863 33.2081
136.4338 28.7138
137.2146 30.2395
136.8735 29.2375
135.6670 32.7710
137.4990 29.5528
135.8313 29.2282
134.4416 29.6899
135.8742 29.3243
134.7699 30.4991
135.6404 32.6092
129.9241 29.6075
132.0432 29.9012
136.9612 28.6614
134.6624 31.1390
137.1599 30.1972
134.3150 31.9565
136.1784 28.7010
135.8023 32.8299
132.5179 30.6342
134.8362 29.0724
135.2368 33.1207
137.7028 29.2793
136.2330 31.4495
132.0225 31.1411
138.6812 29.8180
138.2833 29.0858
135.9451 31.9058
138.0616 28.8266
137.1143 29.9455
132.8409 31.6142
137.6003 29.6794
134.6562 30.4816
132.5513 30.7401
134.4285 30.5953
137.7741 28.6875
137.4901 29.0866
135.5849 33.0969
138.0732 30.6570
135.3636 32.8066
135.3437 32.9466
136.4886 30.7280
136.2971 28.9103
136.1501 29.0402
134.8387 30.4356
135.6219 32.7424
137.3592 29.2975
135.1825 28.1292
134.7539 29.9755
131.4146 29.4775
135.8158 32.0671
138.2210 29.3787
138.0333 29.4247
131.0939 29.1052
134.9713 27.8378
136.0588 31.7767
135.7297 32.4478
138.1434 29.4945
138.4273 29.2886
133.9068 32.8331
137.3637 29.3658
132.7849 30.8785
137.4590 28.7900
135.2592 33.0400
132.6721 30.4656
132.9013 30.7813
137.8039 29.5793
132.7270 31.1344
137.1046 34.0236
137.0941 29.9822
136.9769 30.3306
131.8853 29.6935
136.9877 28.5529
131.4898 29.3668
138.2800 29.6590
137.4653 28.9947
137.5305 30.1343
132.3545 30.8265
137.7699 30.1788
137.5476 30.2804
132.6465 30.4747
137.8085 28.9583
134.4482 29.3042
138.0775 30.0298
137.7092 28.8792
136.8514 33.8965
137.5004 29.0385
131.4198 29.6530
138.2366 29.6266
135.6658 32.8740
132.5825 30.7477
132.7734 30.7163
135.6451 32.9414
138.0625 29.2386
137.4469 29.0895
137.8759 28.9555
132.8408 30.7028
137.0737 29.3122
138.1570 29.9107
133.2360 27.9204
132.1696 30.1485
137.9534 29.2415
138.1982 30.1581
137.7648 28.8375
135.1479 31.9160
137.9743 29.1514
132.8075 30.5947
138.0279 28.9971
137.5541 29.0717
134.8877 29.8421
136.7973 30.4552
133.7084 28.4677
136.9059 30.3638
137.2244 29.2345
135.8864 32.5636
138.1232 29.2522
138.9571 33.7128
137.8880 28.9848
137.4535 30.3975
137.0496 29.2197
138.4498 29.6481
135.6636 32.6808
136.5490 30.6052
137.9493 29.0525
134.4241 30.4735
134.2753 30.4609
137.7317 28.9284
135.4076 32.8576
131.7878 29.7297
135.0785 29.3964
128.8910 27.3562
132.9655 32.6339
138.2699 30.0544
136.2985 33.5703
137.9532 28.9943
137.2727 29.1733
138.2767 29.5538
137.5804 30.0572
137.2937 28.9817
132.7397 30.6662
131.5950 30.0433
132.3936 30.1403
132.3571 30.1407
135.6198 32.7316
137.5747 30.2512
137.7462 28.9825
131.4509 29.4992
132.7389 30.7918
137.2433 29.2394
137.2114 30.1982
134.5581 30.3611
138.2842 29.4649
137.9825 29.0435
137.8580 29.4325
131.6015 29.6766
138.2715 29.2551
137.2752 29.1080
137.4427 28.9819
137.8493 29.4560
138.4284 29.6314
136.4136 30.9501
138.1654 29.1406
135.9401 32.7240
137.5513 30.3799
135.5163 32.6698
138.2599 29.4543
137.2482 29.0461
132.6466 30.3285
132.2991 30.0974
138.2164 29.4363
132.0931 29.9890
132.7800 30.8923
134.1485 30.8760
133.0883 28.0448
132.7224 30.3703
138.4609 29.7360
138.2286 29.3803
138.0135 29.7792
137.6034 28.9395
137.8915 29.0024
136.0431 29.4243
137.8445 29.9754
134.5831 30.5445
138.3211 29.6080
125.6706 30.0775
136.1396 28.8950
136.9993 28.8226
136.3506 31.5257
133.6144 29.7888
137.2027 28.6091
136.9795 30.8762
132.2480 32.2036
135.3188 29.4633
137.4181 34.2374
135.7722 32.7034
135.7360 28.7937
137.4172 28.3768
137.1094 30.3604
134.1135 30.9020
136.0091 32.0218
135.7837 29.5610
135.0594 32.6775
137.0377 28.3375
135.3778 31.6966
137.4072 28.8892
128.3637 28.3817
134.2122 31.0714
135.3285 29.8844
135.5565 29.2376
127.5188 27.2802
135.2911 27.2332
132.4960 31.4469
136.1863 33.0725
137.2589 28.8605
135.6481 27.9704
138.2180 30.0618
133.6639 28.7922
136.1994 33.1585
135.7880 29.6268
135.7581 28.5285
135.7737 27.9601
135.2961 32.4927
136.4373 28.7941
133.1510 27.5224
133.1092 30.6321
133.8291 28.7048
127.6102 27.3384
128.2933 29.6060
140.0162 33.5562
136.7756 28.9160
134.0692 30.0879
135.5225 29.4898
135.9689 28.7623
135.6270 32.4805
129.7749 27.5737
131.5966 30.2653
136.6599 28.1443
133.2010 29.1138
137.7321 34.4791
136.3082 33.6162
137.0628 28.8115
137.9145 30.5765
138.2240 30.0254
134.9364 29.1873
136.8309 30.2037
138.4096 29.2774
132.4820 28.2955
134.2027 30.6253
135.2699 29.8125
131.3646 29.6358
132.3249 31.3028
131.1415 29.9410
129.2267 28.4817
136.8920 28.4509
135.3181 29.7035
135.5140 29.9211
130.0344 28.0557
131.6164 27.1670
137.1089 30.3892
137.2393 34.2309
136.8448 30.3662
137.5452 29.8336
135.6892 32.1133
138.0848 30.3315
140.0138 34.0002
135.4372 32.9699
136.1392 31.4911
134.8327 33.1556
137.6293 29.3607
138.3583 30.2129
138.4712 30.0417
135.2203 32.7744
135.7861 32.1385
135.6556 32.5212
134.9354 33.1406
134.9559 33.2634
136.4329 30.8722
135.8110 33.1798
135.7456 32.2423
136.1830 31.5064
136.0234 31.6558
135.6253 32.5257
136.0486 31.6327
135.1261 33.1096
134.9100 32.8665
135.5501 32.5107
135.1893 33.1087
137.3366 29.9107
134.9005 33.1202
135.5762 33.3081
135.7663 32.0859
136.9823 30.1850
136.2752 31.2827
137.2248 34.2416
134.9494 33.1992
136.1510 31.8427
135.0979 32.6139
135.0190 32.8993
135.1823 33.1377
135.8315 33.1293
136.8161 33.8336
135.5351 33.0167
136.5847 30.6647
135.2833 32.9393
136.5591 30.6554
134.8212 32.9305
135.7094 32.0583
135.8685 33.2033
139.5931 34.0573
136.9884 30.5494
135.9492 32.0090
135.4232 32.4726
137.0336 33.9949
135.1409 32.5734
135.4792 33.0941
139.2857 34.6084
135.6792 33.1235
135.3111 32.6687
139.9451 33.9898
135.8316 32.0817
135.4084 33.1074
135.8573 32.0963
134.9838 33.0319
137.4760 34.3527
136.3041 31.1132
136.1450 31.5103
135.2541 32.9900
135.3624 32.3915
135.7683 32.0946
137.7333 29.3322
135.7382 33.1443
137.7271 29.2670
137.1474 34.1923
136.8048 30.4228
139.3356 34.1144
135.7551 32.0660
135.8387 32.1136
134.9677 33.1847
135.0750 32.6100
137.2961 34.2874
135.2107 32.8173
139.5037 34.6316
135.0414 32.8087
135.2914 32.9522
134.9115 32.9955
135.6955 33.0988
135.1922 32.8326
135.8255 31.9411
137.2312 30.0535
138.5187 34.3605
136.3583 31.0931
135.0255 32.9848
137.4171 29.7757
135.1196 33.0605
137.7910 34.3978
135.4538 33.0713
137.6907 29.4445
136.0121 31.7574
135.7444 32.0713
136.6552 30.5386
134.8718 32.8707
135.1223 32.7153
137.6347 29.5491
135.1388 32.5647
137.4894 34.3463
135.2976 32.4091
134.8430 32.8302
134.9189 32.9509
136.3696 31.0168
139.7183 34.4255
137.3269 34.3571
137.2958 29.9735
136.8689 33.8904
136.8316 33.8244
137.0590 34.1124
137.7333 29.1330
136.0464 32.1750
135.0249 33.2444
134.9538 33.0228
135.0100 33.2270
135.0430 33.0376
134.8385 33.1170
135.0704 33.2401
137.8078 30.4666
135.7959 32.0919
137.7527 29.2754
137.4876 29.4971
136.5661 30.7071
136.1881 31.4262
134.8014 33.0825
137.2612 34.2625
135.1609 33.1444
136.3841 30.9883
138.9475 34.4675
135.2338 33.1349
134.9450 33.2299
135.3141 32.5278
137.4488 29.6635
135.0813 33.1275
135.1287 32.7213
135.2722 32.8621
138.3931 30.1530
136.2101 31.7140
137.6600 29.3622
135.2702 33.1030
135.3507 32.5247
135.0147 32.6323
135.2952 32.4491
136.1907 33.3644
137.5043 29.4947
134.7521 32.9836
135.4166 32.9978
135.7437 32.1363
137.2661 34.2292
134.9795 33.1485
137.3276 34.2740
136.2616 31.2850
137.7263 29.2902
135.4037 32.4958
136.2265 31.3888
137.5002 29.4998
135.3341 32.5251
137.6396 29.4606
136.7416 30.4578
135.2659 33.2890
138.0591 30.3312
137.6784 30.4089
136.1702 31.4241
135.0475 32.8645
137.0374 30.5326
135.1629 32.8172
135.4132 33.1080
137.7842 29.1884
136.8080 33.8082
135.2234 32.5134
137.3322 29.9128
137.7355 29.3004
138.4279 30.0986
136.3992 30.9459
136.9236 33.9688
137.6050 29.4298
137.5125 34.3754
134.9808 33.0179
135.8982 32.0686
137.3811 34.3010
135.7907 32.3068
135.1611 32.6916
137.0167 30.3286
135.4473 32.7164
135.9966 31.7429
135.3417 33.1046
135.2478 32.8325
135.2937 32.4955
135.7281 32.0628
135.6067 32.5139
135.2465 33.2191
137.1219 34.1344
135.7853 32.0944
136.4696 30.9797
135.4923 33.0457
136.1748 31.5669
138.5142 34.3573
138.3769 29.9829
137.2244 34.2097
135.3750 32.6883
137.5708 29.7248
136.0835 31.5732
135.1572 33.0968
137.6652 29.4798
136.4425 30.8385
135.9007 32.0395
136.0664 31.6292
134.9000 32.8816
136.4112 30.8731
135.0134 33.2502
135.5259 32.5014
136.6376 30.5461
137.2973 29.9988
135.6735 33.0775
136.6420 30.6198
136.9709 30.6067
137.6761 34.3995
136.1290 31.5774
135.3088 32.4766
134.9008 33.2250
135.4465 32.4894
134.8547 32.8856
138.3900 30.1770
137.7135 29.1904
137.7014 30.3882
134.8080 32.9758
138.0268 30.3747
137.0230 34.0542
137.6653 29.4127
136.0415 33.7527
137.8863 30.4797
136.2435 31.2306
135.4370 33.1961
136.4007 30.9975
134.8082 33.0002
134.8582 33.1057
136.4411 30.8882
134.8625 33.2671
135.6994 33.1326
135.1240 32.6878
135.8763 32.0330
135.0002 33.0851
135.1021 32.8578
139.1955 34.6698
134.8181 33.1209
135.1648 32.9460
135.2343 33.0921
137.6614 29.3266
137.7207 29.0991
137.1713 34.2084
136.8668 30.3433
137.8575 30.3143
137.5906 34.3802
135.7928 32.0077
138.1178 30.3148
134.8377 32.8303
137.6166 29.5951
137.4798 29.8175
135.0809 33.2473
136.7886 33.8150
137.7262 29.2842
135.5947 32.2075
136.0407 32.0732
135.1006 33.2220
135.4471 33.0530
135.6030 32.5207
134.9539 33.3838
136.9437 30.1997
137.6986 29.4232
134.8014 33.0873
135.1346 33.0521
135.5571 32.4650
135.7396 32.0733
139.1289 34.5743
135.1676 32.5009
135.5215 32.2532
136.8793 30.2805
136.2064 31.4960
135.2197 32.5294
136.9042 33.9491
136.8819 30.3268
136.3592 30.9534
135.6416 32.5002
134.8466 32.8981
135.4814 32.4722
136.1290 31.5872
136.8789 30.3278
135.8897 32.0646
137.3744 34.3261
137.1246 34.1625
136.1335 31.4916
136.0173 31.6898
137.2477 34.2703
136.1603 31.5541
135.2426 32.9849
135.5466 32.4696
136.6396 30.5703
135.4011 32.3603
135.0011 33.2357
135.0213 33.0637
140.8269 33.6384
140.5668 33.7053
135.4893 32.4725
135.0802 33.1324
135.1686 33.0779
136.0232 31.7241
135.0846 32.8562
138.0523 30.3183
136.9067 30.2901
134.8968 33.2900
135.5737 32.5142
137.0044 34.0474
135.0885 33.0605
137.6210 29.6376
136.2802 31.2692
136.1051 31.6207
137.5356 29.4705
136.3371 31.0947
138.4762 30.0572
135.9615 31.7908
135.3668 33.1148
135.4769 32.4896
136.2550 33.4049
137.2493 34.2131
134.9137 33.2017
135.0005 32.9923
135.7536 32.0056
135.2514 33.3565
137.6537 29.1308
135.0324 32.6998
136.3255 31.1663
136.1147 33.7833
136.5729 30.6838
137.5527 29.4738
135.0338 33.3849
136.2058 31.3873
134.9480 32.7506
136.1319 31.5005
137.6772 29.1183
138.7984 34.4337
137.6969 29.3635
136.2895 31.2396
136.0187 32.2339
136.3618 31.1749
136.2740 33.4428
137.7407 29.2871
135.6192 32.5162
135.2326 33.2960
137.2847 34.2621
137.1029 30.0484
135.1808 33.1400
135.6560 32.1427
135.2953 33.3563
137.3979 29.9129
134.8680 33.2936
135.6694 32.1803
135.1902 33.1323
135.2061 33.0921
135.6565 32.1528
134.7332 33.0118
135.9681 31.8345
135.0369 33.0930
136.1983 31.4982
135.5103 32.4748
134.8304 33.1729
136.2771 31.5469
