128.9185 25.0845
134.7439 28.9427
128.6589 24.2780
141.2972 35.0736
134.1510 28.2719
130.5670 28.1280
129.4692 25.4230
137.7975 28.2773
136.3384 25.7626
137.1208 27.2354
133.4884 27.7603
128.5736 25.7439
134.3105 32.5405
133.8295 32.0795
136.1046 29.0052
135.7945 25.9036
133.9133 29.1247
138.8529 32.4934
136.8099 26.6566
136.9630 29.5913
135.4335 25.0951
131.2305 24.1444
136.8729 28.5170
142.5547 36.5898
136.3238 32.1412
131.0415 25.2267
138.5318 26.8592
134.2728 27.4567
138.6468 27.5374
138.8215 29.8098
137.0035 28.1840
134.0748 27.4322
136.9451 27.3694
128.3902 25.7201
137.1756 30.2733
135.9192 27.4289
133.1844 30.8204
130.3893 26.2771
133.5164 25.7912
135.9959 25.6955
132.7485 31.2887
131.9911 27.4036
135.5723 26.4007
131.8687 21.5236
145.9169 34.6491
133.9299 28.2364
135.7516 29.8807
132.6873 30.0394
123.6843 20.2157
131.0118 28.1682
131.4981 24.6714
135.8449 32.4705
132.0100 29.3115
128.8139 24.4697
142.2631 35.4148
132.6611 30.9606
133.2268 29.8139
129.2743 25.5730
125.0405 20.3839
132.0738 29.8105
134.4549 25.8092
136.4833 30.0178
131.5939 28.0336
144.0761 36.3001
136.1531 26.5609
135.1578 28.0097
131.8019 24.0433
136.5218 27.2585
132.4631 26.3879
131.0464 21.2810
139.5582 27.2871
133.6119 30.5086
132.1746 30.4131
134.4012 27.6846
129.3880 27.5037
124.8859 25.4747
132.0911 20.7469
129.9568 24.4027
138.3618 28.4502
132.8505 21.8692
131.1013 25.3999
134.0648 29.3142
137.5016 28.6306
134.8408 28.7475
132.5571 23.6206
133.1182 32.4610
127.3159 28.7643
133.9631 31.0952
133.1106 24.0124
135.7509 30.7677
129.8544 26.0240
134.0197 27.0603
129.0132 22.2389
129.6976 25.3493
136.5871 26.2922
135.6388 29.3720
134.6050 32.4423
132.9263 22.1889
133.6869 31.6729
132.2626 25.9973
130.6740 20.9379
137.9936 29.2128
135.4614 30.3570
137.5364 28.4514
133.2344 24.7114
134.0129 27.5713
143.5580 36.4480
131.2796 28.9863
145.2545 33.9343
139.3005 32.1416
129.9562 26.2121
132.7098 23.1286
128.8878 27.1067
131.9097 30.1442
136.1651 26.8349
134.9178 32.9592
137.9273 29.2034
132.6837 22.9268
132.8949 24.8749
135.6936 25.6658
136.5039 28.4809
136.7254 30.4419
129.2646 25.2084
133.5155 23.9800
135.5383 27.3453
132.8910 30.7838
136.7260 27.6886
129.9140 25.4311
131.6154 21.2302
128.9815 26.0657
130.5888 29.5688
130.1139 25.7435
133.8197 32.5389
130.0292 25.2527
131.4192 28.0914
139.4618 27.6019
135.0968 25.4845
130.8627 20.5224
132.6167 22.9304
145.9538 34.7089
136.0427 25.9471
132.3544 29.5689
138.7711 34.1638
134.1773 28.0581
136.4125 27.0890
128.8799 27.0275
138.3219 29.6449
130.3764 28.2641
131.6673 28.4382
123.6065 23.6187
132.6763 28.1618
137.5652 29.4133
131.2150 24.9421
134.8410 28.4392
132.8925 27.8537
134.0387 31.3863
145.4833 38.5232
132.7257 31.2276
136.4556 28.6268
136.6744 26.6625
133.1440 27.8974
125.8916 24.9215
145.5498 34.9646
136.7835 28.4752
132.5036 27.8113
135.7653 30.2622
128.8741 27.6091
128.9844 27.0315
141.8576 35.6567
132.7188 30.5974
133.6673 30.6007
132.9953 30.7130
130.4337 24.6133
139.8310 27.1648
129.6268 26.6883
132.8145 28.2702
134.8685 28.9525
135.0995 27.0847
132.3622 30.9936
125.1823 23.1612
135.7660 27.4977
131.4886 25.5500
139.2093 27.7013
134.9805 25.9215
135.4683 25.7294
131.2286 29.0886
137.1870 32.1448
133.8782 29.8741
138.5565 32.1140
134.4585 27.7164
135.4279 27.7089
132.2216 30.2880
137.1215 26.5822
136.3046 25.6498
134.0550 29.0122
134.9417 29.2953
136.2657 27.2161
137.6955 28.3908
132.1469 24.5283
123.0683 19.4915
137.1358 27.0071
133.1982 32.1346
132.4655 28.0380
145.4910 34.8578
136.2095 26.0027
137.6751 27.2783
130.0226 27.3758
137.3217 31.4853
135.7158 25.6761
129.0359 26.3448
131.4765 21.9236
120.7393 20.5952
135.8117 26.9881
132.5249 30.6315
139.4222 27.6094
133.9838 28.9207
129.2959 26.1100
122.0408 20.8817
137.4845 28.2866
136.5638 30.0389
130.4214 24.2497
126.8401 25.1946
135.3197 25.6917
135.7749 27.6032
132.6208 28.7662
133.8875 28.5050
131.0404 27.5532
129.1717 29.7392
143.2719 35.2564
136.2207 25.2232
138.2926 31.4111
130.8841 23.8972
131.6337 31.8580
124.0207 21.5700
135.0583 31.0938
133.2854 30.6773
129.7324 25.6402
131.6593 28.2645
127.3830 25.3874
130.0186 24.7792
137.5658 29.4114
135.7823 26.6823
132.8104 30.4510
133.3760 29.1424
128.9576 26.3293
137.0315 28.3046
136.3424 27.4123
137.8244 28.1906
135.7344 29.7063
137.6080 31.4787
131.6948 27.1591
133.2605 30.7648
131.2130 25.4214
135.1710 26.6203
131.4878 28.5565
128.4923 25.3893
136.6340 28.5552
127.9742 25.4887
135.9904 27.1596
135.1026 25.5059
135.7550 26.4232
130.9257 21.6087
134.5849 29.3510
139.0888 28.0292
136.8781 26.7477
129.8230 21.4294
129.5031 25.5939
129.4495 24.3031
123.4504 20.9386
133.2801 30.6204
137.8333 29.6283
139.2278 27.1368
136.2687 28.8116
137.9175 26.8350
134.8996 24.8194
132.7215 22.9973
132.0164 29.5795
131.1886 24.6352
134.4553 32.1064
124.0439 19.1228
132.8180 30.3317
130.7932 28.3956
129.1249 26.8745
136.6878 26.2977
136.5946 28.6042
143.4021 35.4773
137.9493 28.5772
134.0822 28.3608
131.6770 24.3621
136.0136 25.5576
132.1378 29.6841
124.2339 21.1436
135.7716 26.9077
135.8950 29.9059
131.6659 29.3008
137.6944 29.6059
130.8133 20.8717
122.7832 20.0913
130.8614 28.4349
132.7710 30.9089
137.8673 29.9239
137.4176 28.5802
132.4508 29.7698
135.1334 25.0044
137.0201 30.6437
137.6573 30.0448
135.2531 32.8361
134.0915 27.6998
130.1838 25.2502
138.9414 26.7790
130.4365 26.7809
136.0654 32.8203
127.8145 25.2406
131.7156 31.9475
132.6343 29.4042
136.4310 30.6806
133.3374 30.7524
129.2555 25.9112
134.4529 31.8712
127.1097 25.1280
136.4021 28.8234
138.5469 27.8545
130.5471 25.4402
130.7976 24.0583
129.8355 25.2404
135.0092 27.8325
130.5017 20.5593
139.6582 31.0077
137.8320 29.8487
131.4895 27.3005
131.3159 21.6026
137.1214 28.2322
137.9469 28.5210
135.2444 27.4094
132.7113 30.6302
137.3598 30.4121
136.0813 25.8035
134.3175 31.4408
135.5756 30.4388
136.2670 31.5079
129.5693 30.0196
128.2435 25.8223
135.6239 32.3041
139.5661 27.3310
137.7313 28.5727
129.0993 27.3024
137.2870 31.5699
132.0096 29.5419
135.7433 27.3276
136.1808 26.2895
137.6309 28.2618
138.1146 29.0228
137.5240 27.1603
135.1470 30.9363
123.5945 22.6758
139.2290 32.0522
135.1916 29.5814
137.2741 30.7091
139.0595 26.9711
134.8575 28.2357
131.7095 26.4548
132.6780 24.9775
133.1744 26.1799
126.7930 24.9350
132.9527 24.1750
130.4125 25.1540
136.0919 30.7042
133.0026 30.1876
131.1648 25.6594
133.2262 27.7517
130.4984 22.9129
130.7590 21.5444
134.0519 32.2411
131.7989 24.7838
124.3096 22.1386
134.3537 27.3403
138.3061 26.8133
139.6437 27.0763
129.3908 25.3088
128.1338 25.9467
137.0458 28.3441
135.4231 27.1745
133.9859 32.1533
135.7420 26.7532
131.6294 21.9661
134.0463 28.7822
134.2711 29.0218
131.7051 29.5346
132.7046 24.3084
135.4501 25.8530
131.5694 29.3488
137.8150 26.6670
138.1061 27.8814
134.6422 28.6791
130.8152 28.6502
137.2841 29.2816
128.1801 25.8310
134.1503 28.2534
126.3492 25.0324
138.8106 29.9906
135.6822 25.6302
136.4183 27.4315
131.7308 27.7276
136.1164 27.7273
132.0010 27.8209
133.4693 29.0622
137.0374 26.9859
133.4263 27.6142
136.2850 29.5735
130.6089 24.3292
131.9013 29.8008
136.7367 30.8004
135.9278 29.0031
132.3670 22.3376
130.0719 27.6871
136.7138 26.5203
126.6799 25.2518
131.7771 21.7102
135.4307 27.4831
131.7972 21.3342
123.8245 22.6847
138.8536 32.2349
127.5370 28.9825
137.8632 29.9434
127.6183 26.0018
144.5964 33.8243
130.9299 22.0881
139.0958 27.2643
130.7174 24.4157
131.3704 20.9965
132.5907 25.6937
130.5435 24.6384
132.9644 28.3870
132.6442 23.2880
129.5058 25.0199
132.4187 29.3089
131.5911 25.8898
125.3281 23.7847
135.7337 25.7470
131.6265 31.9040
136.7457 31.5135
128.6295 25.2764
136.0424 27.3869
132.8690 30.1844
136.1043 30.4183
136.9468 33.1667
131.1442 24.9428
137.6590 28.0540
131.7652 25.5279
137.9546 29.6563
136.1738 26.9078
133.2332 27.8320
137.3927 27.2577
130.4621 21.1825
131.6687 28.7778
133.6177 30.2416
133.0502 32.1884
132.1587 30.3300
131.0716 24.3572
135.1243 26.7237
132.0482 24.4020
138.0421 29.2809
124.7925 18.7994
136.5942 27.6118
132.8907 23.3139
136.4622 27.3650
133.9533 29.0207
139.0459 26.8111
136.3392 30.5701
139.0085 28.3603
133.3633 32.2985
127.6092 28.7646
137.0906 27.7244
136.5474 29.8395
132.2123 27.6753
135.1280 27.6037
130.0738 25.4106
137.3404 29.6899
137.1914 26.5313
135.4965 27.2788
131.2125 28.8554
131.2879 20.9845
134.9394 30.1855
124.3914 21.9893
135.7454 27.2427
135.0106 28.8290
132.0153 21.7022
136.5239 25.8188
134.5244 24.8383
131.2168 28.3022
132.0233 21.7811
131.5769 25.9225
130.9385 26.1243
136.2967 26.2309
132.7138 25.8405
136.9395 33.0191
132.0010 29.5299
130.5644 27.6367
135.2322 29.4564
132.1940 29.1524
131.7091 21.7703
133.0436 22.7576
137.2179 29.7054
138.5353 27.3596
138.1073 28.3421
137.6047 28.6218
135.5280 27.0874
131.7637 28.7531
124.4422 21.6501
131.3966 23.6581
134.2903 28.3007
135.1825 32.9449
129.6023 27.0789
130.5317 25.2344
133.5569 27.6170
135.8672 28.8711
126.7351 25.3633
138.9504 28.3242
132.1166 27.9765
132.6793 28.0463
136.1398 26.5222
133.9200 27.7535
131.0202 25.1888
133.9847 28.2146
135.3522 33.0566
134.1853 29.3528
132.6863 20.9377
138.9862 28.4621
135.7391 26.9838
132.7934 27.6892
133.0425 28.0354
130.4047 24.7425
139.2563 27.9286
137.8875 27.8846
137.9401 28.6671
136.3955 27.2618
132.5137 26.0050
132.1938 29.0930
123.6854 20.4040
130.1021 27.0837
136.9398 30.6982
137.9639 30.0697
139.5348 27.5455
138.3180 34.2428
136.5307 30.5999
138.8896 29.7716
135.0887 26.1404
140.7309 34.3552
139.0154 27.0189
135.4876 25.7032
139.0325 32.1653
141.8800 35.2335
136.3744 30.9357
134.1041 31.2402
139.6303 27.5630
139.2058 28.2476
136.4940 27.3438
134.2589 30.0632
139.1095 27.3579
145.4731 35.0557
137.9557 33.1641
129.1106 29.3308
136.1973 33.2474
127.1868 26.7899
135.4755 27.6175
139.7842 33.2454
139.4506 28.0768
135.5932 25.7620
135.0592 33.0371
138.3503 28.1282
132.8047 28.1387
139.2560 27.8879
136.4221 30.5497
138.2108 28.9203
138.4689 26.9188
137.2927 30.0999
127.3534 28.3623
138.3735 27.0055
144.2272 38.2914
136.1144 27.4101
127.5960 28.8970
136.7492 26.5328
136.7726 26.5571
136.4126 33.3767
135.9579 33.2246
133.2242 29.1302
138.0485 26.8983
136.9449 27.8840
137.1839 28.4398
128.8196 29.7022
131.8667 28.1106
137.2491 26.9648
136.3872 30.0417
132.9557 21.2829
139.1990 31.8076
133.8419 29.0878
135.9753 25.5747
144.5515 33.7997
135.5173 27.3595
136.9377 27.2414
145.9137 34.3698
136.5742 25.9742
137.2076 26.8716
136.2670 33.0788
137.8638 28.1476
136.5396 26.1274
139.6404 27.5648
138.8776 26.9719
139.5280 27.2407
137.4715 26.8065
137.8428 26.9751
139.2118 27.9347
137.9466 29.8465
138.3490 31.6520
136.2323 25.9266
135.4321 25.9479
138.0507 28.6030
145.3060 37.6233
134.1705 24.9949
133.0905 32.4382
139.2972 27.7547
144.0996 36.1455
133.0454 30.9154
136.5791 27.8790
137.3660 28.3020
136.2007 30.6265
139.7149 27.1652
135.8702 32.0873
131.8661 27.9518
136.4933 25.8487
139.3384 33.6471
131.7130 28.7821
136.6750 25.9913
137.9970 27.5934
133.0527 28.1415
143.6571 36.2833
137.5490 28.1235
131.7372 28.6991
138.3430 29.0281
137.3591 30.5447
137.8774 29.6645
147.1115 35.1598
136.5103 30.4857
147.5798 37.4244
138.9888 29.3769
136.1180 25.8418
126.6959 27.7607
138.7624 32.3227
150.2095 36.2163
134.3537 32.7474
136.3192 26.3361
139.1472 29.2491
138.3685 31.8190
131.4489 28.5806
146.1223 34.7733
136.9433 30.2301
135.3377 31.5296
142.9854 35.8087
139.0367 29.9106
138.1474 28.8479
137.6350 28.5525
138.3317 29.1476
135.3441 32.9420
132.9522 28.5041
139.0799 29.1756
147.0895 34.7881
127.9583 25.8242
139.8582 27.3518
131.8542 28.1383
130.2032 26.3949
144.4231 33.1358
133.3224 31.7870
137.3724 30.4032
137.9379 28.4163
139.3857 32.7180
139.6290 28.2676
136.0256 27.3997
140.9938 34.6251
139.3086 27.2684
136.7367 25.9713
142.6287 36.2609
139.8339 27.7942
131.7427 28.1293
138.3801 31.1896
137.4572 27.0601
126.9175 28.6578
139.1081 29.4610
137.2045 26.9611
136.1982 27.7132
138.4857 29.7674
142.1891 35.7704
135.8730 27.5524
144.4121 37.5938
134.6785 31.3831
137.6312 28.5392
144.4241 38.0637
135.1868 31.6559
144.4155 35.4343
136.9743 30.5809
140.9066 34.8432
139.6547 27.7661
133.7679 29.8312
137.1410 26.9274
135.7287 31.0721
146.3566 34.8044
141.3796 33.8638
137.1966 28.2893
139.5509 26.5351
137.4474 30.3893
133.3503 30.0821
140.8592 34.6999
136.9526 31.4749
135.4857 30.8355
129.8160 26.9983
136.7666 30.6415
133.9468 21.1754
138.4474 31.9349
130.8831 20.5927
135.5022 28.8140
136.4108 26.5793
134.1195 31.1212
133.8610 23.0142
134.3972 26.6731
131.8841 28.0271
134.7310 29.7285
139.3677 33.3610
130.7903 28.2541
138.3269 28.4400
133.8361 27.9944
136.5821 26.7221
135.3619 31.0509
133.2063 30.6874
138.6614 27.6561
131.8068 29.1822
138.9252 31.7618
136.6012 26.8532
138.9897 30.8103
131.5592 28.4627
132.5261 21.2930
132.8642 29.0238
138.7980 29.2659
122.9123 30.2125
124.8802 23.7606
132.3301 21.7259
125.7143 25.6497
139.2583 27.8387
139.6731 26.7785
146.2988 34.8949
133.3055 32.7299
136.1270 25.6257
140.1964 27.4673
132.1749 20.6776
137.3794 31.5313
137.3011 30.5406
134.1730 30.3309
130.0211 26.5098
137.2126 27.8240
133.8259 29.7947
133.4595 32.2822
139.8296 27.2115
139.5917 26.3027
137.9082 29.3558
134.5388 30.3842
145.4832 34.6089
134.7601 25.1938
143.9781 35.3710
130.4302 26.6017
135.6928 26.1533
135.4609 31.2398
132.8813 21.4134
132.2887 24.9047
136.8934 30.1353
133.4222 22.0346
139.2016 27.0539
132.9597 20.9783
137.4100 30.1955
132.2194 29.9752
137.1705 28.5001
137.0597 30.5332
133.6404 29.4253
135.2426 26.4572
134.5403 30.6125
139.7128 26.3026
128.9071 29.1058
132.5044 31.1458
132.3690 21.0472
139.0989 27.3021
140.7990 33.8299
135.1883 31.7320
135.8056 31.3394
131.1056 20.8619
138.2594 28.7107
131.2650 29.1065
137.2870 28.0001
131.5116 29.1864
138.3059 29.0105
138.2272 26.8745
133.9711 30.1181
124.9345 22.1686
135.5718 27.8183
146.0408 34.9681
135.7148 27.6301
129.3586 21.7507
134.5010 25.6168
136.0416 26.1511
141.4939 35.4335
130.0314 26.0703
132.9233 24.2965
135.1520 27.6129
130.1344 27.5113
143.8745 34.4345
130.7741 28.0929
132.7560 23.3146
131.5559 29.5083
137.2792 29.2734
130.9014 27.7324
135.5925 25.6753
135.7364 27.2260
131.5704 21.6499
139.0314 28.8288
126.2135 23.6289
136.7013 29.0761
128.8676 24.8989
138.1739 28.6943
134.4291 30.0109
137.3636 30.2905
134.0315 27.6165
138.1740 29.0160
135.9962 27.3889
133.6151 28.0192
139.4518 32.7594
135.3657 27.4764
143.4600 35.6642
136.9406 31.6263
130.7828 20.4189
136.8568 33.2124
135.7570 25.3977
133.2210 22.9169
130.2422 25.6990
139.5934 27.5739
134.2773 32.2795
139.9236 27.0610
127.0549 28.8773
135.6276 30.5543
130.8663 21.9944
130.0734 25.7709
135.0372 28.3921
138.3920 26.7349
131.2665 21.5555
144.4650 35.7299
139.1714 26.8019
136.0240 27.6248
138.8481 32.9585
138.5742 26.8466
127.4507 28.4479
139.3208 32.0718
132.5633 30.0952
130.2147 27.9677
135.5580 27.6904
136.1852 27.4322
131.1427 27.0299
124.7534 23.6063
132.0837 24.3027
137.6131 27.1933
136.1827 26.8861
131.7124 28.5993
131.4261 27.8551
136.0046 25.5131
135.9232 27.5306
130.2021 27.3599
131.4522 28.4786
135.7140 27.7256
125.2032 20.0782
131.4600 29.3724
135.8946 27.2958
130.4305 27.8059
134.2956 33.4096
136.6746 26.0028
138.1797 29.4078
131.6604 25.1738
129.5131 24.5235
138.2387 31.7165
134.7414 32.2620
131.0517 26.6874
132.4389 25.0166
135.6550 27.2903
141.3803 35.6498
132.4514 24.5765
139.1641 27.0784
129.0958 26.0881
131.2330 31.0706
130.9716 21.4944
139.1078 27.0816
137.4184 28.4027
130.6116 26.6400
136.9016 26.0014
136.8951 27.4850
129.5558 26.0400
134.3297 29.4726
144.6945 33.7566
123.3157 22.1185
136.3488 27.3997
134.6943 27.2827
139.9617 32.9103
135.7150 32.0372
128.3560 25.1551
134.1193 28.4271
129.7534 24.4141
131.0128 24.3079
136.4421 27.3662
136.1718 25.5466
128.9301 26.9058
135.9537 26.8715
134.2859 27.6078
136.6274 33.1694
136.0052 27.4836
133.6169 31.7778
134.3725 27.4845
137.2509 27.8837
131.7101 24.4942
139.1565 27.8622
139.4291 27.6751
131.6071 21.9524
133.8877 31.3393
136.5422 30.8423
138.3399 32.0407
136.8453 27.7387
136.4700 27.7778
131.0338 22.0172
136.6160 28.5546
132.2658 29.1091
137.3554 29.6724
136.2405 27.5532
135.8056 27.4306
135.9777 27.3848
135.9803 26.6756
131.5874 23.6031
130.3423 27.9784
129.9266 24.1142
137.4032 29.3754
132.8493 27.6881
131.2759 23.9864
133.9448 28.2465
140.2753 32.9839
131.5594 26.1728
134.9805 27.3320
137.1875 27.0894
134.3824 29.0076
133.4046 31.9797
134.9119 25.4005
137.7008 28.1918
132.2276 24.9374
137.2841 27.9707
130.1808 27.8958
123.6498 21.9860
133.8881 32.9721
135.6373 27.2132
133.8168 27.5530
137.1960 26.5603
132.4101 25.1592
136.5187 30.7849
137.2356 30.0966
136.9586 28.1536
133.0573 21.7739
135.8072 25.6846
132.2021 25.9488
135.9539 25.5689
135.9127 30.1312
136.8739 27.8065
136.3229 26.8413
139.4496 27.1692
135.8672 27.6617
123.5754 23.5718
137.4298 29.2397
137.8083 28.1836
143.5556 35.3855
135.4704 25.3986
131.9934 20.6789
137.8088 29.4742
137.4945 27.6098
136.7012 27.7093
133.0221 25.9247
136.9604 28.1502
135.3439 26.6547
132.1074 27.8403
129.3555 26.3007
132.7660 32.1506
137.9425 28.5615
126.4592 27.0859
132.3913 25.8787
139.1181 26.5792
143.7601 35.6626
135.0535 26.5594
122.7143 21.2147
122.5980 20.4852
134.9889 26.8592
132.2776 31.4342
127.3630 28.1647
130.8136 20.7623
126.1403 23.9810
136.6564 27.4824
136.9380 29.0175
136.4144 25.6766
138.9553 32.6744
135.8603 25.4867
131.1089 21.0598
138.8434 26.8606
136.6743 27.3091
132.0984 20.7011
136.2653 31.0605
131.6436 27.9681
127.3318 27.6476
131.2327 25.5710
133.0923 22.1282
135.4540 33.0327
130.6938 25.3860
135.9459 26.0209
130.7557 25.4802
141.0242 33.9526
143.6703 35.3628
130.2545 25.4969
133.3507 25.1278
139.3279 32.2878
135.8786 25.5230
129.1951 25.9618
133.2472 26.1540
129.3025 26.3423
131.7862 29.6637
141.2706 34.8931
127.6611 29.3845
129.8647 27.2802
131.6441 28.0668
128.4690 26.2093
131.3038 25.3003
139.1578 29.1244
133.4861 23.5454
124.8437 22.9987
132.0085 28.8390
131.6276 20.7894
136.5623 26.3867
137.7941 28.3024
142.3644 36.0231
137.7046 28.1140
126.2365 26.5856
140.1223 33.7845
126.9069 27.0485
136.1185 26.5039
132.4621 30.3864
138.9940 28.2373
129.8695 26.5643
129.2286 27.0987
131.5031 25.3433
130.9148 28.1219
131.8859 27.8897
134.6013 28.5477
133.9842 31.5785
133.7312 29.3497
135.2957 28.2874
127.7887 29.3355
132.3065 28.7733
133.5816 24.8502
131.8536 29.5375
130.9968 25.2162
139.2628 32.0863
139.2085 28.2009
130.8973 25.5933
133.8130 32.6026
135.7430 30.3632
133.0312 31.4565
135.9890 26.8470
135.8655 25.5661
134.9565 25.5291
135.8847 25.6592
137.6047 30.0120
130.7241 25.6402
135.6979 26.6310
136.5951 30.3099
131.4381 25.8645
136.8206 32.3023
137.6936 29.4750
133.1691 23.5001
136.7282 26.9758
139.6939 27.8230
138.3065 31.7719
131.8934 29.1356
135.3649 25.8944
137.6653 30.5366
142.5394 35.6650
136.4057 26.8649
136.9269 28.1040
138.1261 28.6012
133.5086 32.3612
133.7551 24.4598
138.0282 28.5037
129.8123 27.6349
130.2458 27.7040
138.0369 29.8541
131.9039 27.9656
138.3827 31.9762
128.9930 25.7045
123.4583 23.6133
134.9688 25.5550
130.8753 28.0231
140.0077 27.4425
139.2092 27.0435
137.0345 31.1824
136.8132 27.1290
151.8596 34.4971
137.0826 30.5371
138.5085 29.0643
136.1455 30.9115
139.7880 27.9672
138.5378 29.1841
133.0812 32.0517
133.8561 32.8855
140.3424 34.4029
137.1596 31.0196
133.1879 32.2967
135.9466 33.2680
141.4706 35.8833
132.3334 31.7598
141.0976 35.8340
135.5707 31.2208
141.6731 34.7052
136.1843 30.8604
138.4455 29.4812
135.4460 32.9580
138.3048 30.0099
138.5289 31.5560
133.5424 32.7472
135.7280 33.2251
139.9684 33.2390
136.4805 31.0518
143.2639 35.5976
135.7542 31.0720
139.7160 27.9256
153.4885 37.8573
138.1788 27.0731
138.6437 29.5006
136.6674 30.5438
134.9697 33.0370
138.4578 33.6636
138.9645 26.9846
138.3415 29.9659
139.2893 28.5564
134.5845 32.4124
138.3123 28.7191
137.5270 33.9292
135.3100 27.6549
137.2119 30.5000
135.3315 32.8982
140.2896 33.1370
135.2767 31.8725
139.2461 29.1735
135.3607 31.5438
151.9832 34.9080
139.3592 28.9235
134.9665 31.8709
151.4707 35.6572
139.9307 27.4282
137.6833 30.0664
135.1333 27.7023
135.9486 27.7638
138.2671 28.7601
139.5924 28.0115
139.2476 28.5592
136.9451 30.0698
139.8762 27.5331
140.0180 33.0155
133.5541 31.5514
135.8111 27.7323
137.4586 30.8932
141.1919 34.3996
139.3358 30.3495
137.5783 33.9880
142.8256 35.7490
136.3966 30.5196
136.5608 27.1918
136.0029 33.1942
147.6282 37.5646
135.7634 31.1582
137.1137 27.0045
133.4825 33.1007
146.9195 38.6857
140.6380 33.3747
136.1766 30.9103
136.4682 31.0484
146.5209 35.3520
141.0568 34.8682
135.2806 32.2630
134.1040 32.8564
134.7477 32.5682
140.0155 27.8438
157.2357 32.9982
134.8065 32.4152
136.2580 27.6130
138.0795 28.3491
137.6706 27.0840
134.8015 32.2956
142.2073 36.1373
141.0335 35.2342
137.0276 30.4937
148.2527 34.6635
134.7254 32.9037
136.5045 31.2905
133.3432 32.8501
137.0883 30.4361
139.9201 27.9242
133.1672 32.3677
136.5203 30.5220
138.5115 29.7706
139.1101 27.0832
141.2636 34.4878
133.3163 31.7634
136.8289 26.4180
136.7504 27.1917
135.9506 31.4652
150.5136 35.9326
139.2447 30.0397
133.9188 31.4488
136.4026 30.7230
139.7433 27.2618
151.2752 35.7792
139.7367 28.2546
136.1224 27.7277
147.7305 37.5664
139.6124 28.0462
135.4438 31.2386
136.4364 30.5611
139.1924 27.8598
136.4429 33.6640
134.3805 33.3733
140.9029 35.0291
140.6015 33.3042
139.2445 29.6974
139.3173 29.2204
135.9160 32.0289
137.8328 33.6763
139.9446 34.8014
134.2907 32.6201
134.3177 32.8345
139.5290 27.0702
138.4350 28.8846
138.4242 29.3810
137.7547 28.1698
139.7910 27.6210
136.3530 30.4284
134.9106 32.5794
138.8940 33.5587
135.4226 31.4949
133.0833 32.4118
138.4483 29.2671
139.8273 28.0947
136.7719 30.2307
147.0303 37.5754
146.5316 35.3204
139.0730 29.3973
141.1414 34.8222
140.8131 35.1117
144.6949 33.3077
136.8295 30.0488
136.4393 33.3060
138.8347 27.0793
144.8023 34.3676
144.2777 38.1423
136.4364 27.5952
139.9067 28.0652
134.6149 32.6702
134.8438 32.5605
153.2464 37.9812
138.3930 31.7657
138.4879 29.1292
147.8570 35.6608
136.5593 27.4323
133.0981 32.5311
139.6198 32.9686
136.8950 30.4195
146.3524 34.6024
134.6994 32.9587
133.2542 32.5360
139.8788 33.2969
135.3144 31.5003
136.4822 30.8651
140.5938 35.3086
135.6812 33.0133
136.5719 30.3123
135.4202 31.8752
136.0535 27.3681
141.1905 34.7779
134.7726 32.1069
135.8011 33.1340
136.7049 30.4609
144.9677 36.1105
139.9338 33.2056
137.9073 33.7042
136.7926 27.5012
135.9990 27.5273
139.0853 29.7568
136.7863 27.4915
139.2711 29.4251
135.0870 32.7936
136.8650 30.7730
136.5434 30.2604
138.5800 33.7698
136.6985 30.0348
137.3663 30.1999
138.3386 29.7089
147.3124 35.2465
134.1272 31.3173
135.0839 32.3801
139.7772 33.4094
138.3847 29.5431
136.3887 31.2869
135.9692 30.8214
135.2587 31.6857
139.2165 30.3323
138.8020 29.4310
136.4480 27.1541
136.8262 30.0027
139.0424 34.1417
136.4228 30.3429
135.0189 32.4761
134.6898 27.8759
139.8961 33.0761
137.8053 30.7160
137.0678 26.0384
137.0000 30.0570
133.6044 32.8745
136.1581 31.3855
135.2467 27.7829
136.4865 31.6805
138.3914 29.9795
137.7128 30.4070
147.0556 35.1335
139.9417 27.7326
138.5569 29.3490
144.3420 38.0324
133.7322 31.4416
139.6048 27.2044
141.0326 35.2812
133.5551 32.9750
150.6758 39.2194
136.5131 30.7753
136.5690 30.2708
138.5177 28.9134
139.3909 27.7453
139.9359 27.6104
137.1736 30.2908
145.0851 37.1659
138.2580 28.6180
137.8922 30.5418
139.5752 28.3443
136.7965 27.1334
137.6588 29.0054
135.6319 31.0750
136.9366 26.7832
141.6680 35.4138
141.2038 34.5860
137.3651 28.1216
136.5164 30.2793
135.0058 32.0750
137.8140 28.7379
137.3202 30.5119
138.3819 29.6797
134.6925 32.7937
134.4664 32.8773
139.7848 28.1563
141.5522 34.5978
139.6870 28.1247
136.9626 30.6882
138.1595 28.5068
141.2602 34.4960
135.7055 33.1960
134.8829 31.8751
138.8804 30.2418
134.0307 32.7651
136.0880 33.2465
138.2104 30.4520
134.3373 32.7145
138.3247 29.8507
138.0429 30.3947
135.4940 31.6509
138.5130 29.2420
136.5533 30.8551
136.2760 25.6373
136.9349 30.8534
134.2419 32.8168
136.5136 30.2117
137.6927 30.7122
139.2166 27.0389
136.8856 29.9222
134.5755 27.8723
136.8594 26.3436
132.4481 30.1972
137.0883 27.1137
144.8359 34.1569
135.8439 30.8145
128.0421 25.1516
140.4483 35.1790
136.1610 28.2878
139.7213 27.7827
148.2567 34.4269
130.1412 25.5895
131.6641 28.6349
135.7913 25.1040
129.1677 29.2866
138.7399 31.5883
134.5073 31.3123
127.8431 26.0850
136.5604 30.7679
145.5370 38.5522
136.1876 33.1405
133.4376 27.9792
131.8467 29.2176
133.4212 30.8208
126.3368 19.2333
126.5022 24.7271
128.0345 25.9526
146.8037 37.7922
131.1733 21.1872
133.1431 20.8064
132.9034 27.1804
137.7344 33.7370
137.4930 29.2514
134.5588 30.1491
134.7588 27.4732
137.5553 29.2263
136.2422 26.7234
137.5749 27.8806
151.6653 37.7634
131.2847 27.5969
132.7669 21.4700
142.3604 35.7260
132.1549 21.6837
137.2703 27.3023
135.9462 30.3050
137.3491 30.3655
139.6785 27.6061
137.6203 32.8272
133.0895 21.1768
129.4815 20.0817
128.7922 29.5628
131.4285 18.9577
140.2055 26.7149
136.0045 26.0493
142.0497 29.5565
136.8229 33.6127
137.5056 28.6964
138.6193 27.6215
128.8427 26.1981
135.8938 33.2496
137.2471 27.6006
121.9175 25.3211
135.1925 32.5187
134.7958 28.2403
131.3641 21.1008
150.1228 35.8130
140.0754 34.3799
137.9197 31.9322
137.8294 31.3091
134.9854 26.8790
134.2148 28.3114
137.5732 31.5733
130.2423 20.3148
137.3527 28.3377
133.5204 31.3719
133.0437 25.6132
141.1262 35.7019
127.5093 27.5509
136.5755 26.8658
131.6805 21.5073
135.8726 32.5875
134.0556 27.7242
133.6407 31.7490
130.7461 21.8691
135.5051 30.7008
144.1914 38.9850
132.5522 29.3353
126.1011 28.7138
135.9384 28.9453
136.8143 28.1741
135.8793 26.5346
137.9469 28.5419
139.0889 29.5132
135.9877 26.1628
138.7379 34.1724
132.5458 25.9845
131.3618 21.0449
132.4258 29.6830
137.0483 25.9008
132.9867 27.9687
140.9440 33.6502
131.8769 29.6822
130.7793 27.0924
131.5980 25.6460
132.9051 32.5193
140.8428 33.9381
136.4515 26.8728
135.8813 27.2073
137.3302 28.1993
131.3485 27.9139
128.4065 25.2933
131.6702 29.4981
131.3288 25.2430
138.0885 28.6480
139.4225 27.8066
135.5319 30.8019
132.1919 30.3123
132.8744 26.0754
136.1834 27.1318
133.0824 24.9533
129.5427 25.8054
132.3730 29.2447
136.1439 25.6265
137.9371 26.9267
138.6520 32.2124
138.9337 28.1746
136.5613 27.7439
138.3972 31.8753
133.0065 30.5552
129.9500 27.7743
131.2349 27.8627
135.2052 27.6215
134.5403 28.0405
131.5315 25.9919
136.0532 25.4947
139.3276 27.8123
131.6157 21.4925
136.7143 28.7426
136.8286 27.8437
136.6444 27.5887
133.6195 32.4868
135.1069 26.2658
131.8658 21.7486
139.6229 27.6658
131.5950 20.9225
131.4863 21.5410
136.5777 27.4791
133.1380 30.6014
136.5108 31.7333
131.5231 25.7677
132.2902 21.7895
129.5050 25.5483
130.3453 25.3063
138.1344 28.9401
137.0476 28.1433
135.5591 30.9449
136.0860 27.3042
131.5206 21.9048
133.3820 24.1238
131.5988 29.1292
142.0821 35.2941
131.4620 28.5211
136.6713 29.9043
129.6776 27.5138
131.3134 21.0250
143.1800 33.3663
132.9834 23.2507
132.4037 24.3539
129.2263 26.2113
130.5495 25.3696
132.4936 24.2847
137.3136 29.3362
139.0401 26.2467
130.2801 25.1833
137.7944 27.5249
133.0088 32.5946
130.9798 25.2478
139.2114 32.6403
138.1521 29.7999
138.7425 31.9751
132.2024 20.5749
132.8800 28.5300
139.2555 27.0573
136.7514 26.6374
138.6939 26.8324
136.5396 27.7748
131.6701 28.5046
138.3871 26.8959
135.1636 27.4603
131.3326 27.9711
136.4470 30.5520
132.5591 20.8160
135.1903 28.8030
130.8377 28.2533
139.1026 28.0435
143.8279 34.0322
137.2555 27.3879
131.7707 24.5148
135.2856 25.8559
132.4002 22.4523
136.7693 26.6793
139.0972 29.5330
133.0722 24.0541
138.6723 26.9287
139.3353 28.1074
134.9339 29.1915
130.7958 28.5284
131.8602 24.2348
133.8728 28.4775
139.2495 28.2702
132.7379 21.0825
137.3669 28.7267
131.4662 29.0119
129.8840 26.9933
135.0846 27.9085
131.4751 29.1702
142.9246 36.0924
131.4205 28.3432
139.8010 33.0409
134.7118 32.5650
136.9165 33.3242
136.7350 25.9518
133.5819 30.4348
139.5431 28.2086
135.9039 32.0523
134.3800 27.8182
137.0411 30.4870
134.1885 31.7653
139.2409 26.6819
135.4090 27.5628
135.3826 28.7938
137.0568 26.8756
136.4095 30.1208
136.1089 30.4378
133.1733 21.6331
139.4141 26.8031
139.1616 27.4524
125.0695 25.0925
134.7885 23.5056
131.4306 21.2272
134.2671 33.4550
131.0410 27.8787
131.0553 28.4713
133.3176 28.9820
131.0063 24.6114
130.0938 27.6879
139.1974 27.6598
136.6937 31.7873
136.2537 26.1650
136.9811 32.9219
139.0765 27.8863
137.9375 33.0647
132.7651 21.0552
132.3250 21.7693
137.3792 30.5320
127.3439 28.1225
134.0187 28.7982
137.0487 27.3816
124.2704 23.5205
133.6976 28.1804
125.1732 20.3846
137.1699 30.8636
138.2522 29.5550
128.0683 29.1942
132.8268 24.3984
135.8828 27.6891
136.6146 26.4720
131.8034 28.9869
139.1835 29.3005
133.2484 32.4085
137.1118 30.4457
139.1291 29.6732
139.2086 29.7775
139.2073 27.1095
150.7960 35.6959
137.6978 27.0651
136.2091 30.5057
147.2997 34.6739
142.1506 35.3803
139.7379 27.4840
136.3092 25.7213
136.6906 30.1330
138.1781 31.7315
145.3689 38.6746
135.9607 25.5326
138.5915 32.0349
136.3703 33.3516
145.1605 35.5218
135.6768 27.6903
136.0533 32.9684
137.8985 27.0745
143.1754 35.6893
145.2898 34.8946
151.2464 35.6417
140.8995 33.5607
128.1251 29.5891
134.6096 32.4136
140.8222 33.6722
135.1268 27.7230
138.3967 29.6545
143.1116 35.7342
139.1653 28.4847
137.8318 33.6180
146.8795 34.7288
142.6118 35.6559
137.6388 28.1880
138.0321 34.3046
147.1497 35.1718
146.9480 34.7911
137.2147 28.4645
137.8359 33.5993
146.4483 35.0704
137.5658 28.6978
134.9735 32.0613
137.1767 28.0630
137.3972 31.5374
138.4350 27.0063
141.1307 34.6794
139.3571 32.7682
151.9377 37.8289
135.5503 32.0777
140.2798 33.2091
137.0689 27.7975
135.3282 33.0197
135.5222 27.5361
139.0496 31.9301
135.9081 25.6763
145.2894 35.5303
136.2918 27.1159
138.0707 31.6565
131.6954 29.2206
139.6982 32.8339
141.4137 34.3886
138.0679 28.3716
137.7623 33.6662
151.4794 35.4036
145.1831 35.5111
133.4460 32.5441
135.3591 33.1402
139.5521 33.0999
142.8853 35.7087
139.9118 27.5437
137.3926 27.3011
142.5008 35.5242
136.7675 27.5888
139.4613 33.0608
134.1002 33.1966
137.7754 30.2018
133.7465 31.4415
134.1035 33.1747
136.9719 26.7658
139.1042 29.6766
138.2101 29.9805
136.4110 27.0389
131.9374 29.8040
137.0267 30.5228
139.7124 27.8382
136.4245 33.3676
150.4366 36.0136
139.5285 28.2544
121.7459 19.8574
139.6332 33.1733
131.4137 25.7941
128.7607 27.3769
123.9481 20.9048
133.7545 29.9873
135.9801 25.8474
138.3223 27.4048
126.3702 25.5496
131.1111 26.8926
139.1000 26.6202
131.3607 28.5968
131.6463 26.3282
148.5091 35.6175
130.8031 26.1544
133.4004 23.8925
143.5348 35.7005
135.8735 31.6064
132.4170 28.2329
135.0078 27.5346
131.6915 28.4990
138.5944 27.7990
137.0780 28.2424
134.5608 27.8540
131.3273 21.1706
131.8961 28.7818
140.3296 27.1134
136.6436 28.5326
133.6701 23.0324
135.0861 27.7305
132.6943 19.3634
134.8797 31.3987
129.4457 29.4176
138.6869 32.2690
141.8364 35.6582
134.6893 27.5087
142.7909 36.3950
135.6660 32.8786
126.7549 25.8086
142.0311 35.3090
139.7027 27.0372
133.9398 27.4657
127.5214 25.4359
131.7899 24.2768
139.6685 32.6908
135.8654 26.0078
131.6314 21.3936
135.2068 31.5548
130.9599 27.2710
149.0707 35.2614
132.6314 21.7517
129.6779 26.4652
123.6119 23.0906
132.8051 27.7950
131.2743 25.1417
136.2338 29.8716
136.2882 25.4977
134.2210 29.2723
135.9830 27.2919
137.6938 33.8155
136.6012 30.1401
132.6849 28.1978
130.7177 27.5679
129.9460 24.6753
135.2016 28.9531
131.7216 29.2586
131.1742 28.6231
145.3052 34.6317
136.9048 28.0980
139.7733 27.4041
137.9159 28.7962
136.3981 29.8196
137.0946 29.1380
131.0584 25.3561
136.9609 30.7593
141.4563 35.1529
145.9841 34.0696
137.4425 30.6081
137.8259 30.1394
128.4197 26.1710
132.5560 20.4525
132.7751 29.2747
130.9328 27.7810
131.8027 21.6463
125.6295 24.7548
145.0713 34.8453
136.3351 26.4726
135.8822 27.2923
133.2868 21.9134
136.7124 30.0807
124.0681 21.8799
133.2628 25.6555
132.9606 31.7219
133.0572 28.7543
136.9850 27.1999
136.8499 30.5425
135.3028 31.6300
138.3044 28.6469
139.2777 27.0359
137.7263 30.6720
137.1002 28.4746
132.3372 29.4923
136.9459 26.4135
136.1852 30.8457
138.1177 29.0676
133.3922 28.1019
136.5792 30.3617
136.9420 30.7491
137.2544 27.0207
137.4550 28.1354
136.2712 27.4816
135.2924 32.5603
135.9247 30.8999
134.7943 32.4618
139.6611 27.8680
146.2449 34.7346
143.2930 35.8361
139.0641 29.4453
139.7365 27.9873
137.0093 30.2928
137.7960 28.4100
137.3924 30.4257
133.6120 33.1303
139.5583 31.9751
136.9694 30.5010
140.4339 34.8261
138.9403 27.0254
136.3264 31.0771
138.3968 27.0624
136.7038 30.0738
136.6104 27.7953
136.7729 30.2314
139.4185 33.0348
139.7610 33.3670
134.0633 27.9941
136.7469 30.4407
138.1900 28.7206
138.2266 28.8857
135.2182 32.3254
135.3997 27.5901
136.2275 30.5934
135.5164 27.8028
136.9564 30.6237
138.3716 31.6075
135.6805 27.7027
137.4105 30.4058
135.0902 32.4262
133.2505 28.1116
139.4894 28.2521
137.6676 33.7446
137.4196 28.6733
137.0449 28.0775
133.5326 28.1165
133.7606 31.4598
135.8015 27.7889
135.1835 32.8085
139.2815 26.9945
136.4486 28.0270
135.2676 31.6490
139.8619 27.6486
137.1718 28.5302
142.6499 36.2429
137.0431 30.5817
135.3674 27.8616
136.2398 27.4856
136.2465 30.8606
136.9671 30.6231
136.3417 27.0978
139.4182 28.7058
139.1432 27.0007
137.2413 28.1179
134.9178 32.8302
136.8102 30.9163
136.5829 30.5404
135.8294 30.8694
135.1971 27.7824
141.3934 33.9922
135.4748 33.1377
134.9358 27.8601
136.3595 30.7099
136.1216 30.5549
138.0406 30.1754
136.9872 27.7795
131.8402 28.4092
138.2116 28.9048
136.3442 31.3065
132.4908 29.5502
138.4024 29.2808
145.2231 38.1089
138.2494 29.9945
135.1219 32.1471
135.3806 31.5345
136.5464 26.1747
139.3583 27.0415
147.0857 37.5480
136.0709 27.6308
141.4189 34.8055
143.2699 35.5551
135.7117 31.7584
145.1779 34.3896
137.6240 30.2794
136.7082 30.4163
136.7461 27.1741
136.2210 31.4784
134.8053 27.8699
136.7370 30.1996
144.7352 33.4547
136.7788 27.9977
136.8165 26.9282
137.0627 27.8155
135.6373 27.6707
137.8719 31.5738
136.9465 26.6697
127.4102 29.1591
136.6506 29.4016
131.6715 25.6970
135.5318 27.2274
137.1650 28.6214
132.9117 22.6474
136.3189 31.5545
141.3979 29.2402
132.3907 20.8943
126.9731 25.4976
130.2539 27.6674
136.7960 27.7397
134.3444 33.2486
143.0919 35.2970
132.0777 21.5185
125.3313 24.3189
129.8578 26.8953
136.2610 32.0814
135.7510 27.6448
152.5673 37.9652
132.6079 23.0979
124.0949 21.6254
131.9121 20.7782
132.0977 24.0305
128.8686 25.1238
138.9861 31.4785
134.2247 26.5087
133.1807 24.2300
128.9270 28.5851
139.9426 33.7229
132.7166 26.1741
123.4219 27.5772
124.7916 21.2638
136.3136 27.1687
125.1024 22.4919
137.0959 26.6879
135.8426 27.5810
132.4517 24.3959
130.5478 30.2262
136.6328 29.9604
133.1825 22.9592
131.0116 20.8173
132.9678 32.7001
138.6527 26.9408
133.6380 29.4656
136.4415 29.8878
129.7900 26.9073
139.0337 31.5786
133.0925 29.3061
130.5164 25.6414
139.6225 27.4123
129.3807 21.4347
132.9764 24.8320
132.5590 30.6998
131.1523 27.1810
124.1947 20.2271
131.1524 29.3152
130.6938 28.3789
139.1021 27.0823
119.7144 19.8458
129.3587 29.9462
129.7589 25.4384
135.3050 30.7838
135.1149 29.9017
138.2785 28.6813
140.8867 34.6887
133.5483 24.7081
137.5983 30.5202
128.0832 25.7898
131.3194 24.7236
127.8372 25.3000
131.0995 25.9340
133.9453 27.7168
133.6612 32.4069
129.7059 25.0349
127.6483 20.5106
114.2299 16.4257
120.7563 20.3794
129.3029 22.8089
123.5613 21.3631
129.8889 23.5151
126.1877 22.6251
129.2760 25.6166
132.8615 26.7025
127.6772 25.2266
128.1984 22.5476
127.8277 23.6624
131.9460 21.8702
124.5470 20.8412
129.0511 22.9580
131.7623 20.7610
124.8922 22.2852
123.9238 18.6115
128.4083 24.6452
132.2626 25.9721
123.5779 19.4217
129.4315 20.6756
127.8589 20.9478
124.1893 20.0990
130.0234 21.9808
109.2981 17.4224
131.9225 22.6564
129.6881 23.4873
127.8971 20.7399
127.0279 23.8423
129.8329 18.9007
121.1890 21.2524
136.3077 25.1040
138.3402 28.0942
131.2631 26.8493
136.4472 27.5065
119.2019 18.8483
113.7778 18.7194
128.1212 25.8651
130.4608 19.8981
126.2626 23.6652
128.9898 23.1523
126.7765 17.7184
125.5093 18.4988
123.3181 18.4147
126.6562 17.2828
126.3692 18.0234
132.6734 23.4670
128.0719 21.4779
130.7612 22.6337
129.1383 22.0716
125.0319 20.4001
131.8662 21.1752
136.1532 30.1390
135.3705 31.1940
133.5724 21.1316
131.1123 26.3381
137.5126 30.1182
131.3781 25.8041
132.2035 28.7219
132.2024 30.3493
137.0982 31.8526
137.5255 30.5889
142.4481 35.9960
131.3233 28.8698
133.4075 22.8939
123.9659 20.0509
129.6630 26.9221
129.8972 27.5800
136.8974 26.7812
133.3063 22.8692
140.2089 27.0690
132.9886 20.6032
136.3939 33.3944
133.3794 23.1957
127.6062 28.8273
131.1448 30.3009
135.3076 31.3726
135.2559 27.7383
135.7609 28.5748
137.4898 26.5583
132.3149 31.0923
136.3380 29.6222
139.0312 29.9223
133.8490 31.4600
134.9310 28.2259
146.0256 34.9916
133.3787 21.3807
133.5360 32.1321
134.7495 27.6808
136.8739 30.3340
131.1171 25.7537
132.9877 32.1691
134.0339 27.4042
132.2160 20.9184
136.1879 26.5237
135.5157 30.5558
135.2562 28.9416
134.5830 24.6924
136.1093 25.8682
139.3446 32.0241
133.7025 22.8382
130.5253 28.3919
134.3304 32.3706
138.5638 26.8152
136.7266 26.7881
137.0256 33.1995
137.3479 28.0763
139.1262 26.5683
139.1366 28.4300
130.2899 25.9604
135.7500 26.9305
136.7870 31.1029
139.2000 28.2510
136.7039 30.0775
141.0330 34.7299
136.1163 28.1668
133.6609 28.0078
133.2072 22.1009
130.8506 20.3398
132.2193 24.3684
138.0095 28.4436
132.7222 30.6712
139.2721 29.0723
122.6146 29.9439
132.5170 31.4654
143.7568 33.1264
142.8729 35.5517
137.1640 32.4168
131.6288 25.8253
136.3203 27.8174
129.6414 26.4977
130.3382 25.7927
137.9289 31.5790
136.8769 31.0270
134.4355 28.5785
137.7585 29.1107
129.7429 25.7247
134.0402 25.0890
125.6451 25.8039
139.5547 26.6056
134.6458 29.1169
134.4966 24.8019
135.7200 26.1865
130.7018 25.4135
127.8423 25.2493
132.5270 29.8137
133.5927 29.4442
139.6791 26.8035
135.4187 25.6669
130.3632 28.0222
133.2567 31.9421
138.3604 31.7964
128.6192 29.4627
132.5293 29.4140
135.7155 30.9745
139.2481 27.3795
134.7829 28.1637
136.8067 28.1357
132.3087 30.8481
128.9820 25.9570
136.7071 26.8745
135.5434 27.6067
133.9268 24.8987
139.6319 27.2204
135.3026 31.2755
123.0670 20.5232
130.7167 21.5084
128.4638 26.0382
133.1632 29.9990
136.9703 31.8351
132.7540 27.7435
136.3305 27.2463
135.5126 27.2757
130.3770 20.5704
137.4136 30.6468
130.5414 30.2069
130.7889 27.1764
139.7803 26.9408
134.6615 30.6264
128.3980 25.1728
136.5745 27.4294
136.5107 30.3897
137.4972 26.6894
135.0160 30.0530
131.1572 21.5759
133.4741 23.1085
130.0714 24.8176
123.8517 22.7714
129.6956 27.8024
134.3349 27.7312
132.5808 25.9696
138.9784 27.1764
126.9921 25.3485
135.2882 31.5246
130.0099 24.3937
131.2011 28.6611
131.2946 20.0673
129.6374 27.8277
134.6117 27.5819
130.6317 27.2484
143.2094 36.0711
146.5072 36.1281
144.2077 37.9427
141.0225 34.4168
139.4556 29.4509
131.2339 27.7104
151.7695 34.9243
136.7077 30.5991
135.0513 33.1520
139.4110 32.7221
140.2235 34.2239
139.2338 28.2227
139.9153 31.8643
134.5577 33.0332
136.6336 30.7024
138.5383 27.6609
133.4920 23.6642
135.2555 31.6020
132.7398 21.0838
144.0413 38.3434
135.7704 31.1487
139.9268 27.8791
136.6141 30.5932
133.2870 31.3731
139.3075 28.2435
144.2646 37.9740
145.5251 34.9296
139.4147 29.3871
138.2690 32.3298
139.5062 27.0914
134.9122 33.0822
135.0517 31.1648
137.8275 33.9967
146.4469 34.8093
146.5292 34.5485
135.2418 31.5566
137.1519 27.5853
121.9772 25.1267
144.9692 39.3161
130.7958 29.6290
140.9074 34.8738
139.1846 29.5304
142.3440 32.7266
153.7041 37.3255
121.2421 32.7784
145.0119 33.3549
139.6402 27.1071
136.0198 28.0260
140.1950 27.6315
135.0490 32.5401
143.3854 38.2426
136.1505 33.2242
133.9665 32.4075
138.0175 28.0599
136.5589 33.2516
152.3364 34.9804
139.0636 26.7828
136.0191 31.8882
140.5196 27.1173
138.3719 27.0307
136.8247 33.0246
138.1316 26.7950
134.3801 31.2476
140.0180 33.3305
137.1777 28.6849
141.3379 34.9375
148.9070 36.0141
137.6925 27.1179
140.6318 33.7598
144.1647 38.5274
150.5617 39.4746
136.6080 26.8780
136.2497 25.9104
158.0533 31.6504
136.5135 26.1222
137.4160 33.7040
134.6245 31.3143
136.8096 30.8618
136.5573 30.3483
131.0237 30.4431
138.4473 26.9964
136.1007 26.3588
152.5990 34.9204
127.2342 28.2682
140.8314 33.4034
134.5946 31.7831
133.2562 28.1286
132.4407 28.1690
134.5624 31.6677
129.3268 26.8046
131.5487 28.0532
133.0973 28.9397
135.1206 31.1864
133.0710 28.1031
138.3609 28.6430
133.2853 28.0666
138.3644 28.5805
129.7039 27.0474
141.0460 35.1195
135.2960 30.9622
134.0655 28.2787
136.5607 28.7327
132.2217 30.7219
131.4906 28.1401
131.8253 28.7308
136.0114 28.7439
150.1751 35.6136
130.0700 27.8349
136.5057 30.5771
132.8001 28.1664
131.3327 25.1286
139.4679 27.0826
131.9783 21.5690
138.5272 29.4628
135.3298 30.8882
124.2056 21.9855
130.9325 25.7628
133.0540 28.5075
133.1741 32.6770
131.7307 21.3456
137.7754 32.1334
123.5310 23.4452
130.5874 25.3509
135.9812 26.4327
132.7042 32.0520
137.2302 29.5011
136.0411 33.1667
143.8757 36.1289
141.5865 35.4989
132.7224 27.9651
131.7907 28.8611
136.5528 28.2953
131.4899 21.4870
131.6377 25.9070
138.8628 27.1657
134.5443 31.0710
133.0878 28.2426
129.3613 26.1630
141.7929 35.6294
140.9702 33.8236
131.6433 27.8767
131.1733 21.3291
141.9696 35.8577
137.0023 28.8214
136.0536 26.7494
134.9945 27.6948
129.1156 26.8712
144.9338 35.5733
130.8685 28.3771
137.5233 31.6000
133.7350 24.4093
131.0585 25.2557
141.5123 35.5174
138.0926 27.1068
137.7643 28.0117
132.1226 24.5926
133.4190 27.9962
134.5401 31.4593
132.1515 25.2004
130.0684 25.2034
130.6168 25.4986
142.3415 35.4413
135.2337 31.6343
133.9904 30.2147
131.9411 21.6865
134.3073 30.0948
133.4204 23.1469
133.1651 22.9023
138.2331 28.8310
131.7372 27.9521
139.8100 27.4386
133.7030 31.6503
130.7612 21.0866
136.0615 33.2422
131.7430 21.7353
129.1362 26.5806
147.1727 36.7797
135.0398 31.2399
131.3893 28.0101
132.8893 28.0767
132.0500 24.0602
129.8672 25.0476
135.5312 26.4898
139.0157 27.9632
136.8502 32.9821
136.0766 25.9547
131.4207 21.4662
132.4403 30.5971
135.3923 28.1120
129.1858 29.4939
137.1824 30.7571
131.8079 29.5431
133.8328 32.1510
132.8738 23.7361
130.8432 27.9568
130.7513 28.4393
136.7976 26.7240
126.4026 24.8444
130.1122 27.7129
129.4621 27.1229
133.2428 30.6613
129.0549 25.6844
136.6158 27.4970
133.7285 31.2909
135.7984 25.4058
133.4689 25.7283
130.3996 26.6006
131.0078 25.4724
133.9207 30.3326
139.3639 27.4279
126.5294 27.5172
127.7416 25.4429
136.6300 26.2600
137.6213 30.5671
132.9462 27.3164
127.9439 29.4452
124.3927 23.4918
134.7270 30.9293
132.4191 22.4627
127.8276 25.1903
131.8239 21.7215
129.2873 26.7254
139.1451 27.4382
128.2021 25.1610
131.1303 26.0622
128.8899 26.7276
135.0280 30.6413
131.0766 25.0966
138.3766 31.8151
138.2239 28.6965
134.3273 25.0913
123.3651 21.1148
135.3914 24.8984
129.4089 21.8088
124.5047 24.2366
125.4456 24.3471
137.7284 31.7867
134.5128 28.4912
136.9846 27.7531
127.2208 25.2862
133.2154 24.1470
135.7538 27.3152
137.2969 26.8092
135.3055 30.4023
132.9496 30.9184
136.4277 33.2518
135.1432 31.1469
139.5516 27.0833
129.9136 24.6928
143.0659 35.6781
137.8928 27.0526
133.0884 27.9840
136.8179 30.0073
129.4621 26.4182
137.7841 28.8531
136.4896 28.3727
136.0948 26.0086
140.3291 26.9145
134.0236 33.1098
133.9771 30.4717
129.3219 25.8688
136.3868 26.6573
132.9307 21.7928
131.6588 21.3824
141.0490 34.0169
137.0566 27.2081
135.4279 25.0346
137.6099 32.2410
124.8926 22.9843
129.8546 26.2582
132.6358 23.1206
134.3829 30.6742
129.7354 27.2386
139.1302 26.8843
133.8193 28.7094
136.2656 28.9350
131.8142 29.7933
130.0976 24.5072
138.1415 28.8801
139.9191 31.2980
144.1285 34.0681
129.7713 25.7592
134.7466 27.7926
132.6799 28.3270
128.1430 27.0010
133.2105 25.4460
139.2061 32.5868
134.6414 30.6072
129.2020 26.9751
139.2818 34.0985
134.0524 29.9283
133.5440 28.1198
134.5035 32.3974
130.0033 26.0848
132.2613 26.0420
134.8954 32.1053
151.7634 34.8185
134.4436 32.6681
132.5667 29.9388
135.7260 27.5569
131.3043 27.7690
127.6439 25.2225
139.4154 28.3764
131.2834 28.8837
136.9944 27.9956
145.3320 35.0388
129.9649 25.8471
137.1569 25.9849
135.0286 27.5068
133.4154 31.9077
138.1511 29.4015
131.4258 21.5415
139.0967 28.7780
131.1699 29.0706
131.0056 28.0418
134.3543 32.0875
133.5910 29.8849
131.5300 21.7211
133.5512 31.3124
123.5193 23.3401
136.2654 27.1888
132.7876 23.0457
130.3186 25.8350
138.6092 30.4872
138.2838 32.0048
132.3280 29.3216
137.4417 27.9509
138.2320 29.7597
131.1310 25.3175
135.0993 27.2593
136.2180 25.5211
133.0682 25.0602
138.6472 26.8681
130.8308 21.4621
137.7464 28.6239
139.3870 33.6773
134.0718 30.0367
130.3544 25.3250
136.5083 29.5636
138.4482 26.9523
139.2094 34.0483
132.2906 28.7925
124.2489 23.0852
136.1422 28.5797
133.3844 30.1357
130.8201 21.1916
135.0730 31.8215
129.1791 27.1346
133.7347 31.1082
131.6098 28.6379
133.1448 23.5177
134.3368 25.3325
129.5921 22.7157
139.5345 33.9180
137.3563 26.4267
130.8754 21.0114
135.0101 31.6212
135.5466 25.6238
139.4833 30.8715
129.4597 26.6999
138.2226 27.9690
124.0301 26.4582
129.3381 30.0858
123.1542 21.0443
135.2412 31.1925
129.8593 24.7566
138.6395 29.7082
126.6520 27.0404
134.1113 31.0876
131.7323 21.6600
137.4885 30.0997
129.0499 25.0436
135.7924 27.5846
133.3118 30.6646
128.8750 29.5703
126.5254 26.6936
131.2120 27.9701
131.2295 27.5402
129.8780 26.5212
132.0387 29.1627
138.8889 27.7996
131.7630 29.0605
136.7004 25.7631
132.9968 30.1927
130.8507 24.5153
139.0771 26.8532
136.3281 25.9502
137.4869 26.5669
132.9664 30.7413
133.9047 31.1570
132.3023 28.7568
131.9705 29.8001
133.9262 30.7713
139.3001 27.4780
131.4100 22.1531
127.3082 25.7028
136.8030 32.1722
129.2774 29.4607
130.9263 21.3762
134.4410 26.1897
130.7429 28.1239
134.5676 27.4605
145.9225 34.9319
135.0471 28.0321
123.6711 21.9068
132.5576 23.6361
130.7815 27.5597
136.0794 27.0241
133.2672 30.7609
130.7541 24.5073
136.2351 26.9958
132.8339 25.8872
128.4302 26.2076
137.9485 29.7116
131.3951 21.0935
124.3955 22.9409
135.5525 27.1089
138.8613 26.4048
128.1102 24.9460
136.1550 31.5612
131.1588 25.0411
132.7297 23.8715
130.7937 27.8292
129.3076 26.7821
135.9794 30.5221
138.9695 26.6423
129.1371 25.4987
137.0798 27.7173
131.3574 20.7207
132.7212 29.7443
124.7142 24.2174
134.1318 27.5652
134.1280 31.8453
137.5124 29.2377
131.0530 21.3817
136.3914 25.8820
134.9502 33.0551
128.8212 24.9962
139.1071 27.1464
132.9565 29.0297
129.5861 29.6504
129.6954 27.0689
134.0253 32.4688
137.4291 31.8152
136.6073 26.3358
136.0769 26.0092
135.6335 30.1530
132.1989 20.4512
130.9734 22.5321
122.8420 22.8356
132.0626 26.2844
137.4602 30.3267
130.4271 26.9581
133.9628 28.9748
122.8200 21.6757
130.9848 20.5244
129.2792 26.5838
135.7918 27.2067
130.7379 22.5625
123.6645 21.1949
137.3509 27.9789
133.8865 29.3471
135.6486 26.0382
135.6260 27.6097
129.7117 24.3053
136.7621 27.5763
127.5432 25.7070
137.1097 26.4524
132.6711 29.9869
122.1303 23.7234
131.6205 22.0592
129.2838 25.9767
134.8544 32.9812
123.4587 23.5426
130.5973 29.5422
132.3817 23.1973
133.4074 24.5673
137.2102 30.3839
133.6778 31.9917
133.8733 23.8604
131.0375 25.4218
134.1892 28.8438
123.9517 20.0990
129.1658 26.9237
138.8227 26.1189
129.7627 25.4955
138.7010 28.3212
139.3682 27.8818
129.2397 25.2852
135.6596 25.0280
139.3276 26.5100
136.7016 26.1002
135.4620 30.7319
134.1286 28.5794
136.5607 32.1278
138.6935 27.9373
136.2515 25.2294
133.4865 32.0877
131.6595 28.1103
129.3788 26.8531
132.9514 22.6948
129.1441 24.4794
132.5684 20.4831
132.6890 30.6343
136.3170 27.4078
129.6507 21.1330
131.6935 24.5567
133.4088 32.1914
136.8516 28.4988
130.2845 27.6643
136.1927 30.5564
127.9493 26.4290
130.6079 20.4972
131.5767 29.3902
133.5153 28.4335
136.4436 26.9198
136.0921 30.2305
135.3067 28.3075
134.3367 26.5810
135.3137 28.3455
131.2062 23.9056
137.2353 33.2110
128.1275 26.4421
130.2843 28.0899
137.3369 27.4366
136.2861 28.8722
133.6115 32.4556
139.4792 27.1412
139.3557 27.7063
130.6454 21.0708
136.7287 28.4588
133.1750 27.6974
130.9354 24.1846
135.7504 27.3333
133.8535 29.1805
133.2533 27.7932
136.0233 26.8706
132.5657 30.1445
135.4984 25.6563
134.4912 27.3314
136.3080 30.7733
135.0815 25.2121
135.8659 29.4432
131.1631 28.2631
130.3749 25.9493
131.9819 29.8827
132.3400 30.4103
130.0693 27.0945
135.7464 27.1383
132.1299 24.5976
135.5588 25.7431
133.5261 30.0878
135.7922 26.8707
122.5159 21.0546
137.6894 30.1498
138.3222 26.7625
130.1634 26.1992
129.7631 27.3046
137.7553 29.9884
133.9931 29.7294
133.4515 31.4638
138.5144 27.0638
131.2028 25.9884
137.4716 26.4617
122.3070 20.1944
139.4877 27.2374
131.8462 22.1449
137.4938 29.5530
139.3584 27.1277
130.4568 27.4797
129.6428 24.6323
136.6503 27.7401
134.5376 26.5465
139.1969 27.4543
135.1398 30.2588
135.3932 30.0088
136.2183 30.5336
132.9324 30.0116
132.4922 28.0850
131.3210 24.4656
138.8901 26.7441
139.0685 26.8381
131.2334 21.7134
135.2573 27.2679
135.0230 27.5669
126.8008 24.9138
133.0374 29.7221
134.2576 31.8521
134.8479 28.4246
135.8357 33.1065
135.4973 27.2239
137.0700 26.5383
132.4623 29.3470
131.0034 28.7366
132.0732 22.2810
137.8176 29.3910
132.0295 28.8820
137.3949 28.0653
135.5217 31.0159
137.0568 29.7026
137.1466 29.1462
134.2043 27.4884
130.2020 24.2781
136.6992 30.7122
133.8229 31.5585
136.3080 27.5698
136.9654 26.8886
130.6082 27.7630
143.2476 35.7095
136.5854 26.9375
134.5190 27.9697
135.8593 27.3271
131.3703 25.7895
132.9800 29.6507
129.2143 26.9329
136.4409 27.5278
128.9502 27.0649
130.3503 28.1007
134.1674 30.8952
122.3593 22.8702
132.7951 29.3902
132.0528 27.6602
137.0006 28.3475
133.0815 27.6666
132.3515 22.2891
139.1911 27.0733
132.4236 30.9286
132.7188 27.7841
135.4567 30.1382
137.0971 27.8270
121.2158 26.9539
131.2675 22.6961
131.4237 20.2513
132.8179 22.6417
133.8583 27.4667
129.5509 26.7981
139.4998 26.9697
124.5952 23.2280
131.0868 21.3061
149.8028 35.2398
138.8321 31.4968
133.2281 23.6304
132.6777 20.3738
135.8854 25.9312
135.1794 28.3675
134.4336 29.1789
128.4358 25.0486
130.9349 20.2844
130.9531 22.1165
129.6718 30.2933
134.9032 27.9806
128.0318 24.4809
129.4067 25.7643
129.5215 16.8052
131.9049 31.4820
141.1588 33.8641
136.9108 30.4530
130.4399 21.2076
138.0555 28.6714
135.7093 32.6793
128.0596 25.0943
130.6613 21.9927
129.7984 22.3257
130.8011 21.5799
123.0835 19.8434
130.6941 26.4007
137.7798 28.0113
132.2060 22.3910
130.4648 24.8813
123.3419 22.2472
132.6259 23.4622
129.4763 26.7234
124.4765 21.0195
132.9146 29.1868
132.8917 23.8357
125.0656 22.1524
131.0359 22.2556
137.5016 27.0533
136.9933 33.4631
132.4926 29.6765
130.4824 26.5504
136.2664 30.2501
125.3087 23.0748
134.6347 31.7387
130.6066 24.5037
132.2360 30.2789
128.2231 30.1076
133.4605 25.6586
129.4155 24.6843
122.0971 24.5457
118.4950 20.8314
135.7936 31.0413
146.9699 37.4849
136.9190 30.6076
133.1120 31.8842
131.7825 27.9494
136.4634 27.0902
143.6212 36.4095
137.0465 26.6907
139.6169 33.5461
135.6566 27.6474
139.1989 30.1199
139.2502 29.7509
135.0289 32.1301
138.4517 31.7332
139.4171 28.2059
137.0668 26.8923
136.9696 26.5474
136.6004 27.3343
135.5349 31.9551
145.1250 36.1596
138.2793 31.8654
136.9536 30.0927
133.4353 32.7618
136.7414 30.6804
137.1623 27.3351
146.2166 35.9594
139.3300 33.7777
136.5365 27.1340
144.3722 33.6714
139.4231 33.9273
139.2467 32.1314
136.1461 27.5693
147.0185 35.1518
138.1926 29.0223
138.4106 29.0562
138.1283 33.3591
147.0038 37.2462
136.6338 30.5137
136.7377 31.1730
136.5240 26.0745
139.3154 33.9299
142.7709 36.4403
137.9322 33.4826
147.2167 37.7834
138.4897 29.4661
139.4393 33.7350
136.3649 26.8042
147.3145 35.3738
139.7068 28.0033
139.1996 27.0041
137.0670 26.7682
135.1287 31.9381
138.2330 28.3922
139.5261 33.1417
136.2242 27.2694
145.7352 39.3835
136.8589 30.7548
145.9031 34.5390
137.8564 30.0697
138.2255 30.0557
138.2485 31.8596
138.2984 29.5095
145.0526 38.8296
150.0346 35.4990
147.7345 34.9875
141.2294 34.8726
137.0371 26.6282
134.6547 32.8249
139.1295 29.5374
135.0775 31.8357
147.0796 35.0617
144.7733 39.3626
137.0889 30.5399
136.8238 33.3127
137.6286 29.7027
137.5604 30.4148
133.1128 32.0735
145.3405 39.0468
130.5578 25.8782
138.2939 27.0273
151.9834 35.1809
135.1649 32.2452
145.0665 38.8079
135.4180 32.5314
141.1043 35.7626
139.6939 32.8266
146.8913 34.9362
145.9053 34.4629
136.0201 31.0169
138.2940 28.7138
136.1982 27.3524
138.3817 28.7809
136.4018 27.7032
138.3034 27.0098
146.6179 34.7818
145.3584 39.0664
138.8558 31.9393
138.3791 27.0029
138.5281 32.0216
139.8418 33.0438
135.0029 32.0568
138.9402 32.0532
143.3822 35.2487
139.1705 29.2555
136.3993 33.3452
135.7997 27.6087
137.8723 33.5282
140.2329 32.9992
136.4255 33.2118
145.0941 35.9443
135.6829 27.6751
139.5354 32.9625
137.4426 30.8515
144.2909 38.0374
139.8652 32.8315
146.6176 37.0855
136.2687 25.9019
137.6186 28.7395
138.4443 31.5290
137.2385 26.8624
135.7793 27.4915
139.5526 32.5261
134.9953 31.8005
136.1657 30.9146
146.1176 34.6630
135.8393 27.7557
136.0903 30.6826
138.5144 27.0261
143.3256 35.5951
136.7677 29.8874
136.4886 27.2369
134.2850 31.1713
137.0914 30.1644
136.8207 27.7820
139.2227 29.2170
134.8713 33.5877
136.1605 27.2452
134.7737 32.2762
144.5113 33.0397
137.7500 33.7121
136.8013 30.5658
140.3792 34.2943
135.1539 32.5535
139.2228 33.9764
143.2932 35.9779
135.3698 31.3728
141.2281 34.5358
142.9446 35.7479
147.6566 37.9185
135.5504 31.4443
135.7009 27.6747
141.4879 34.4064
137.7377 27.1119
136.6273 27.3412
147.7170 37.3301
133.0698 32.4452
135.9303 33.1556
138.7192 32.2348
136.7026 29.9933
137.8400 30.1297
138.2177 28.6246
137.7555 33.1005
139.5054 28.0456
139.4367 32.7547
137.5364 28.6705
134.8674 32.8427
140.4771 35.0528
136.2745 30.7528
134.8600 32.6163
135.6064 33.1139
136.8210 26.0574
141.0195 33.6037
147.7493 35.5824
139.1764 30.1124
138.3460 29.4905
136.0997 30.6737
135.4854 27.5894
146.4902 35.7832
134.8897 32.5422
135.4638 27.7042
136.3697 26.0217
145.5965 35.7786
139.2673 28.5075
146.7320 34.8336
139.5442 27.9530
137.8844 33.5431
139.4176 33.7979
147.2915 35.1511
137.6224 30.5962
145.5631 36.2061
139.9224 34.7648
137.5711 28.6773
136.2665 27.2409
143.9503 36.8367
136.9247 30.4637
136.2005 30.6398
131.3757 28.0587
136.4678 27.1996
135.4624 31.2208
134.9478 32.0681
143.0191 35.8345
145.2569 36.4778
136.1340 27.6017
137.8636 27.0787
138.6087 27.1013
139.4760 33.0317
136.8569 30.7196
137.3927 30.1985
146.6314 34.8817
147.0499 34.9974
135.9291 30.9963
134.4769 31.0787
136.7979 33.2486
136.7488 30.7789
139.0890 27.0327
151.7587 34.3226
146.1221 37.5664
136.8967 30.6855
137.0328 26.7198
140.2453 31.6071
135.3361 33.1564
136.7963 30.6141
137.9618 30.5044
138.2202 27.1297
135.5316 33.0819
135.5330 33.1500
135.8746 27.5643
138.2042 29.4760
139.3432 32.6445
147.0039 35.0495
161.1238 35.4444
150.3709 38.6305
138.1399 31.7993
141.0310 34.7163
135.6581 32.2850
143.5434 35.3684
135.0891 27.6603
136.5700 30.7437
141.2993 33.8599
144.4238 33.1086
147.0990 35.0587
138.2874 28.7076
136.8090 26.6818
135.6282 33.1563
135.9428 27.4034
137.4460 26.9648
139.2677 28.5278
137.2970 27.3884
139.8273 33.0284
141.2634 35.7451
151.8460 36.1300
139.4861 32.9968
135.1034 33.2445
137.4676 34.0053
137.1106 28.2978
137.1687 26.8571
136.1600 27.5222
138.3248 29.8735
137.5833 27.0193
145.5046 35.7805
139.0513 27.1310
136.8069 27.0982
137.5379 30.5253
136.3587 26.0827
138.8893 26.9256
137.0365 27.9690
145.9792 36.1085
137.1917 30.6288
140.4141 33.2692
136.6833 26.5673
139.5380 32.9372
137.0887 30.1892
139.2791 32.3193
138.2808 27.1554
138.5553 31.7813
138.1222 33.3620
135.5414 32.5568
147.7080 35.3814
135.1590 32.7407
139.2065 33.7991
138.0110 27.1015
139.6561 27.9433
