134.1750 31.9164
135.5672 30.6133
134.3811 32.3926
137.4848 31.7930
137.7832 30.6967
132.2551 31.6438
132.0619 31.5170
134.2494 32.0901
136.8859 30.2943
128.6963 28.4746
137.7770 30.1176
136.4419 32.0661
135.7965 31.6195
134.8965 30.5085
137.8019 29.5817
134.5112 31.6631
136.1605 32.5529
131.8621 31.4562
131.7603 31.2743
137.6258 29.4151
132.1429 31.4770
132.8291 32.5328
136.1979 32.5825
137.8099 29.8813
137.1060 30.4229
137.2861 29.6986
132.6501 32.4918
131.9268 31.7716
136.6292 32.1638
137.9339 30.1478
134.5207 32.3734
129.1243 29.2736
136.3931 30.5549
136.9195 30.0572
134.5022 32.4741
135.2960 32.3107
136.6712 30.9223
135.5282 30.2253
136.4650 31.4932
135.8748 31.9059
137.0109 32.2581
134.4669 31.8673
137.3615 30.1643
136.9519 30.2751
136.2561 31.7684
137.9448 29.7815
132.7179 32.5311
134.6629 31.2528
129.4457 27.8763
136.0997 31.8960
134.3535 32.4464
136.6593 32.0275
136.5646 29.2679
135.8902 31.9260
136.1231 30.9312
138.2917 30.1930
131.8709 31.2312
131.4611 30.7637
137.6055 29.9249
134.9285 30.0545
136.1480 32.1067
134.8537 30.7022
137.9218 30.1881
136.5687 30.9900
136.1597 29.1582
137.9921 30.3698
132.0987 31.5012
132.5485 32.1324
137.8822 30.0454
134.9352 30.4226
137.3680 30.3282
136.8421 29.7802
137.0421 29.6816
131.8938 31.6385
138.0606 29.9437
135.9165 32.3634
131.9781 31.8994
134.4323 32.3921
137.0209 29.8564
134.3791 31.7027
135.0257 32.0260
136.7040 31.2344
135.9977 32.6138
135.6715 29.3509
136.5650 31.3493
132.3739 32.0548
135.4567 30.4757
136.5088 29.0982
136.6496 31.5030
134.2607 32.4392
137.0796 29.7736
136.0964 30.9609
134.9524 32.1056
131.7288 30.9287
135.9069 32.7255
131.9292 31.6623
128.8554 28.3011
137.1017 29.6532
136.2622 31.3865
128.8517 29.2661
136.0738 32.1708
134.3601 32.2120
136.4273 30.6572
136.3270 32.3747
136.8585 29.7159
135.1791 31.7282
134.3060 32.0019
137.4542 30.1316
131.7238 30.9768
137.0949 29.8236
135.7861 30.2718
137.8656 30.5795
134.9460 30.7692
134.8540 32.0265
136.9406 30.3910
134.5661 31.3785
131.7784 31.3016
134.2054 32.1486
137.0091 30.0262
137.0825 32.3174
133.2178 31.9749
137.9064 31.6198
138.0419 31.1168
136.7386 31.5851
128.9000 28.0318
134.6385 32.3743
135.7572 31.8864
132.2618 31.9078
131.8206 31.6944
136.7344 30.4048
137.5553 30.7959
136.5489 29.2735
136.7027 31.3228
134.3273 31.7245
136.3393 30.7677
132.8901 32.1114
131.6249 31.0997
131.6493 30.9658
136.0641 32.8239
129.4919 27.6761
137.6729 30.5432
137.9892 29.7928
134.2011 32.3790
133.2298 31.8120
136.5941 30.1145
136.5743 31.5543
136.8768 30.1816
134.1265 32.0626
136.1954 30.7117
134.3094 32.2483
131.5336 30.1922
136.3996 32.3090
135.9589 32.1109
137.5674 30.5925
131.8092 31.4760
137.6899 30.3500
134.9663 32.1562
136.1317 29.1440
135.0815 31.7314
137.8653 30.5887
135.9984 31.9464
131.9677 31.2990
131.7703 31.1708
132.0158 31.5228
137.0959 29.4210
131.6993 31.0225
135.9052 32.0827
132.0774 31.8392
132.3768 32.1228
128.9669 28.3006
131.8982 31.6405
135.0571 30.1379
131.9517 31.3748
135.4342 32.0796
135.5239 31.3614
131.6161 31.0808
130.7244 30.8061
136.5760 31.1323
136.5638 30.4625
137.7060 31.2566
136.4683 32.0178
131.9033 31.7586
137.3974 30.9437
131.8178 31.4488
136.6512 30.4032
136.0169 31.5689
135.4532 30.4173
136.5316 32.2821
131.8439 31.6061
136.5025 31.1710
134.3011 31.3550
131.9932 31.6581
130.0661 28.2021
137.9637 30.2860
136.1747 32.2547
136.2688 32.5311
134.1088 32.3355
137.5151 29.7321
135.4229 31.7679
137.7258 30.5586
132.3982 32.1021
132.9511 32.3825
134.9359 31.0156
137.0623 30.0815
131.6852 31.1367
132.4695 31.4469
136.7676 30.4182
134.6803 31.8373
137.0191 31.3964
138.0363 31.1256
129.4547 29.2106
136.3372 31.4974
136.6115 31.6821
135.5998 31.6466
137.0434 29.9139
136.3805 32.1018
138.0319 29.7846
132.7235 32.1903
131.7348 31.1465
136.2276 30.9716
137.4379 29.9914
131.6823 30.9845
136.9790 29.9521
136.3190 30.8452
134.2880 32.2574
133.2173 31.9789
136.0950 31.3894
129.0380 28.3647
137.6822 29.3052
134.9456 32.1837
134.8436 30.0069
137.0773 30.0308
136.7008 30.7043
132.2438 32.2966
137.9869 30.0010
137.6753 29.8641
137.1328 29.8848
131.7836 30.9713
137.7852 30.5491
137.1786 30.4206
134.1568 32.2616
137.0843 29.8299
132.9923 29.2483
137.1405 30.1007
133.2123 31.7009
136.0750 32.2179
133.2365 31.8164
138.0018 30.0471
134.3734 31.9813
137.8466 31.1001
134.7634 29.6292
136.5931 30.9851
136.3516 31.7098
137.6977 30.8420
137.7024 30.1900
133.2806 32.5426
137.2105 29.7290
137.0597 30.2917
132.0830 31.5136
132.1532 31.8679
136.6967 30.5042
128.7604 28.3165
137.8401 31.7838
136.6115 29.7891
137.5931 30.7506
134.4078 32.3795
131.7738 31.1045
134.9393 29.5851
131.9442 31.7818
137.6409 31.1871
131.9061 31.0770
134.2395 32.0427
134.7466 32.2832
132.3256 31.6780
136.5508 31.4399
137.6667 31.1765
135.4805 31.4945
137.6231 30.0641
136.9863 29.9666
131.7855 30.9295
132.1421 31.7593
137.9640 29.7690
136.5811 30.6780
137.6330 29.6942
136.9723 30.1056
137.8585 30.4485
138.0300 30.2099
135.9164 31.4598
136.2204 32.1850
137.6366 29.8504
138.0497 29.5337
131.7317 31.4903
137.5001 30.5691
131.6485 31.2691
134.3980 31.7826
136.5966 30.0528
136.6599 31.3860
135.4375 32.1011
134.7884 32.1946
132.1811 31.5614
137.7984 30.1539
135.4020 30.5732
138.1566 29.6963
135.0213 31.9147
134.1855 32.2371
134.3514 32.3098
135.3120 29.3916
136.2091 32.4081
136.1494 31.9680
137.7723 29.5763
137.5400 31.2753
137.5387 29.3818
136.9909 29.9413
135.0441 31.9256
136.7302 30.2798
134.9971 30.6927
137.4049 30.2754
134.9623 29.7829
134.2255 31.4351
132.4092 32.3982
131.9659 31.6636
137.5916 31.0190
131.9138 31.5650
137.6637 29.9656
132.7124 32.0205
138.0817 29.9544
136.4010 31.3284
131.9372 31.4541
135.6983 31.9140
134.9828 30.9941
135.9896 32.3163
136.9426 30.1004
135.1204 29.7627
136.6942 30.9440
137.6212 31.5859
137.7637 30.4194
131.8204 31.1358
136.9179 30.4232
134.8606 32.0422
135.1565 29.3712
134.2796 31.4418
135.3520 31.3344
129.4973 27.6505
137.5574 29.6852
132.6960 31.9754
137.9351 30.3457
135.8115 31.7280
136.7868 31.0401
136.9906 30.4406
132.8535 32.0971
136.4433 31.2981
133.9561 32.4048
137.7029 29.6932
136.3441 31.1904
136.2850 31.3044
137.4094 29.8142
132.8052 32.1009
133.7772 32.2990
137.0371 29.7740
136.2201 32.1561
134.1043 32.3231
138.0547 30.3171
128.7596 28.3318
133.8571 32.4952
131.7874 31.1347
136.5904 30.7066
136.5798 31.9464
134.7624 32.2433
129.0816 28.0139
136.4112 29.1634
137.7196 30.4795
134.6530 32.2790
134.3044 31.8379
137.6063 30.5527
136.3566 31.5558
136.9918 30.2289
137.7353 30.2276
138.0682 30.1209
136.7368 30.4584
136.8301 30.1771
136.3938 30.4122
136.1143 32.6127
135.4213 31.8326
137.1064 30.2949
136.0896 32.0139
131.8840 31.6268
137.9541 30.0807
128.4214 28.1981
132.5811 31.4239
132.7880 32.1346
137.4398 29.7119
132.1701 32.2120
136.4440 31.1543
131.1643 30.9555
131.7581 31.1683
138.0607 29.8933
136.6770 30.5368
135.5176 32.0473
136.8508 30.2362
136.0120 31.7476
137.5797 29.8433
134.0178 31.1490
129.8170 27.8965
137.0724 31.8588
137.9539 30.1148
131.6333 31.0642
137.5056 30.2499
136.8636 29.9474
137.3237 30.9212
135.5030 30.4403
134.8167 32.2355
135.2238 30.7072
133.5853 32.5430
137.6093 29.8932
134.2475 31.9037
136.2651 30.5727
136.5617 30.6542
137.4767 30.7428
133.9316 32.3863
136.7284 30.8871
135.8649 30.6963
135.0318 32.3640
131.9972 32.0529
134.7549 31.0362
135.1836 30.1271
136.8099 30.7112
136.5726 31.3838
137.0229 29.8228
134.0375 32.3078
135.3068 30.5838
136.8845 32.1046
136.9039 30.4308
131.8620 31.1213
137.5833 30.6571
135.9997 31.5604
132.3162 32.3777
129.0051 28.1266
136.4635 30.9900
134.8433 32.1220
137.9332 30.0852
132.7112 32.5558
131.7132 30.8139
134.4374 32.4384
137.8533 30.4975
134.9796 32.0603
136.6450 29.2930
131.5178 29.9749
136.9011 29.9062
136.5878 30.4437
132.3143 31.4209
131.8233 30.9102
137.9592 29.8314
128.6751 28.0680
131.8538 31.2721
136.6769 31.9121
132.9509 30.1503
136.6708 30.8533
132.9672 32.5411
131.8686 31.3206
135.5623 30.1470
137.8153 30.0876
134.0232 32.3986
137.5884 30.3445
135.9338 32.1804
137.1021 32.0872
136.6495 30.3774
136.6037 30.0641
131.9013 31.8118
131.6202 30.8086
131.8047 31.3454
137.2063 29.8728
137.0927 30.1266
136.0577 31.2377
132.0918 32.2815
134.9524 30.2719
136.5310 32.1146
137.1625 32.4264
134.9883 30.0145
137.3658 29.3820
133.2225 31.9311
134.8802 32.1603
131.6637 30.8973
135.8695 31.7444
133.2146 32.5138
137.6738 31.6272
135.6243 30.3927
137.1836 30.0327
137.4729 29.8573
134.7965 29.8113
136.7698 32.2207
128.8912 29.0980
135.9882 31.9202
133.9851 32.4100
136.9957 32.2147
136.1194 29.1769
135.9765 31.6011
137.2476 29.7355
135.9247 31.0648
133.8385 32.4018
136.0912 30.9131
137.4622 31.8127
132.6996 32.3219
137.7348 30.0021
135.7915 31.2443
132.0253 32.4284
137.0551 32.4960
134.1153 32.3742
135.4466 30.3037
136.2350 30.9969
137.2852 31.0084
137.5557 31.8003
137.9071 30.0442
137.1122 32.0473
134.2458 31.8750
135.9753 31.5461
128.6859 28.4419
131.8096 31.3179
136.8754 30.1518
135.9294 31.7082
133.9668 32.4104
135.8575 31.7944
134.5773 32.3678
137.0574 30.5924
136.5003 29.8458
136.3483 30.8105
137.5027 29.8680
136.2486 30.4412
131.8904 31.7042
134.1839 32.0919
137.0660 30.7010
135.3162 30.6319
133.9804 32.4324
135.4933 32.1487
134.1695 32.1473
136.7668 30.5473
135.0172 29.5563
136.0798 31.5763
128.5361 28.8916
137.6113 30.4361
136.3158 31.8440
131.7328 31.1025
131.9725 31.4446
135.7525 31.8768
136.3976 31.9576
137.2209 30.5705
135.8007 32.0055
136.2870 31.2035
129.0947 29.2677
136.8876 31.0229
136.7082 29.7175
137.0613 30.0106
137.2711 30.0829
136.3917 31.8779
136.6384 30.5840
135.5106 32.0524
136.6744 30.1967
132.0415 31.4878
134.9196 32.1381
132.2674 31.8771
132.7546 32.1913
135.4190 29.4286
136.2649 31.5689
131.9016 31.4814
129.5143 27.7166
134.0608 32.4118
136.8619 29.9508
137.2506 29.9244
135.0858 32.0387
137.0395 31.9482
134.1783 32.1902
135.1756 31.8564
134.1876 32.2391
135.7784 31.8590
135.1689 30.8214
136.5771 30.2534
136.3925 30.8363
136.2995 30.8601
129.1676 27.4261
131.7235 31.2403
133.0590 31.9235
134.6231 32.3415
135.2862 31.6938
136.4963 31.6140
137.2135 29.9571
136.3104 31.9016
136.5934 30.5461
131.6596 31.1892
137.0133 29.5627
131.8773 31.6039
135.0786 30.0776
134.2057 32.4291
131.8421 31.2354
131.9491 31.7744
133.1873 31.9583
136.4722 31.9167
136.9849 30.5065
131.9146 31.6010
133.0202 32.0356
136.7083 31.2336
131.8309 31.5835
132.5105 32.0500
131.7405 31.1837
136.2562 31.0481
136.9127 30.6213
136.1487 32.2337
132.3647 31.8423
128.9182 28.1778
137.0538 29.7657
132.1615 31.7092
135.9557 30.9169
137.3302 29.9060
137.0279 30.6389
136.6855 31.0829
131.7369 31.3553
134.5492 30.8814
137.2377 29.8837
135.7559 31.9275
136.1576 31.2553
137.3181 30.4575
137.7067 31.4353
133.8490 32.2000
131.7350 31.5011
135.2566 29.4973
136.2616 32.0953
135.1061 32.1092
136.4870 32.3693
136.4494 30.8445
136.1474 31.0890
136.6377 32.5810
135.8040 32.9352
135.7594 32.4802
136.2996 32.5298
136.7480 32.6321
135.3300 31.9307
132.8387 32.2671
136.7796 32.1529
135.4565 31.7382
137.7897 30.6274
137.4515 32.4026
128.9026 29.2686
135.7776 33.0048
136.8721 32.5867
137.5848 30.3660
136.9840 32.4874
136.4635 32.4958
136.6690 31.7507
129.0956 28.4183
134.8378 32.2980
135.1675 32.5121
136.0894 32.7461
133.5460 31.0459
137.4872 30.1206
136.7326 32.6570
132.9143 32.2663
137.8847 30.3792
136.7241 32.0340
137.0250 32.6556
136.7014 31.4755
128.6801 28.9854
135.4108 31.8419
129.2889 29.4253
134.9308 32.1989
137.6883 30.6649
135.8625 31.3959
136.2830 32.7247
136.0546 31.2280
134.9035 32.1298
136.1237 31.8856
136.7480 30.5414
135.8927 32.8290
137.4526 30.7138
137.8267 30.6079
136.2313 32.2977
136.7491 32.2662
135.3624 31.9174
136.5418 31.1336
128.9689 29.4860
136.3131 30.8210
137.7966 31.6917
137.5889 30.4983
129.3640 29.6135
135.3188 31.9401
136.4040 32.7686
136.3950 31.9575
136.3906 31.5648
132.5486 32.3144
136.1792 32.9214
136.1701 32.8926
136.3299 30.9728
136.6604 32.2275
128.8763 29.3021
136.6084 30.7717
137.2261 32.5032
136.1102 32.7095
135.3646 31.8513
136.0758 31.0391
137.3179 32.4120
137.7506 30.4580
132.3041 32.3474
134.5310 32.3957
136.3604 32.4162
136.6661 31.1908
136.8717 32.7936
128.9788 28.4661
134.5144 32.4648
137.7007 31.9463
136.8696 32.5978
137.0685 32.5534
136.0057 32.8670
137.2460 32.4129
136.2053 30.9968
137.0355 32.3965
136.5821 31.1696
137.2051 32.5251
135.3915 31.9463
135.6121 32.5308
135.3502 31.9115
137.4997 32.2687
134.8739 32.2649
136.0005 32.0091
136.8925 32.1535
136.2822 32.6986
137.0991 31.4677
134.7283 32.2765
136.0625 32.3314
136.5228 32.7551
136.2022 31.1213
136.9049 32.5949
134.6321 32.3680
136.4341 32.7414
137.8109 30.2753
136.8193 32.2956
135.5612 31.6183
135.5459 32.3207
136.1518 33.0944
136.6475 32.7073
135.8864 32.4356
137.5838 31.9583
136.6632 31.2292
135.1645 32.0550
135.9666 31.2791
137.1723 32.5071
136.8460 32.4374
136.2890 32.7727
136.3627 32.1316
136.7457 32.2690
136.2725 32.8394
136.3518 32.7562
136.8372 31.7171
136.4048 32.8729
132.0854 32.0356
136.6175 32.3934
136.8005 31.5754
136.5915 32.7283
136.2119 32.5905
137.4689 32.2816
137.5173 32.2895
135.9932 32.9208
135.0059 32.2350
136.4093 32.7247
136.5332 32.4322
136.4521 32.4905
136.2860 32.6667
136.5392 32.8662
136.3020 32.5129
132.2779 32.2312
136.6430 32.3373
137.0206 32.1242
137.0285 30.6938
136.6348 32.2892
136.8576 31.9979
136.9905 31.4930
137.6244 30.1426
136.4111 32.6006
136.8278 31.9951
137.6794 32.0355
135.9796 32.8703
128.8531 29.4012
136.7143 32.8919
136.8108 32.1528
136.7496 31.9513
136.8729 32.1202
135.9863 32.0786
136.0755 32.8256
137.5398 30.3800
136.6571 32.7568
136.6201 32.4660
136.2555 32.7453
136.9138 32.5892
136.6301 32.1471
136.4871 32.4624
136.0074 33.1433
137.1301 30.6443
136.8171 32.7240
136.9339 32.4459
134.6849 32.3905
136.7815 32.2583
136.3911 32.5147
136.2092 32.7506
136.8383 31.8505
135.4064 32.6528
136.2347 32.7143
132.8523 32.1320
136.7419 32.2989
137.0238 32.5645
136.6125 32.7593
135.9607 32.1899
136.4888 32.1531
136.7717 31.6987
134.1999 32.0810
135.4780 31.9046
132.2186 32.1046
136.1230 32.6639
136.8585 32.2590
135.9187 33.0377
136.2599 32.6319
137.3863 30.4913
136.7389 32.1663
136.8823 32.6437
135.6345 31.7177
135.9064 33.0928
136.6543 31.7008
136.5115 32.5383
136.5721 32.4460
136.3354 32.5867
136.7612 32.5184
136.2315 32.9752
136.7637 32.2728
136.1343 32.9720
134.9207 32.2591
136.3873 32.4177
137.5027 30.3836
129.4533 29.1421
128.8151 28.4004
137.5658 30.2922
137.6635 30.2478
129.4323 29.2279
136.5645 32.3292
136.2930 32.8223
136.5639 32.7468
134.8902 32.2788
136.9759 32.6071
136.5042 32.5583
136.3938 32.6432
134.8796 32.3050
136.9404 32.5230
132.9542 32.2023
135.9538 32.9975
136.8519 32.1450
136.9582 31.9178
135.3800 32.5104
136.6777 32.3628
136.0849 33.0260
136.4718 31.8945
129.1542 29.3614
136.1238 32.9861
132.4445 32.2413
136.1976 32.9442
136.5826 32.3865
136.4143 32.6005
135.4740 32.4649
136.4641 32.4353
136.4640 32.5255
136.5046 32.4333
136.7580 31.8779
136.1757 32.8206
136.3120 30.7463
135.6676 32.4597
134.3734 31.4613
137.9008 30.6175
138.0810 29.9816
136.6920 32.0622
132.5250 32.1646
136.8167 31.6527
134.0900 32.5641
137.5954 30.6046
137.3497 32.4007
135.7859 31.1653
137.6660 30.8659
136.4105 31.7148
135.7663 29.8101
135.3551 29.8342
133.0860 32.3741
128.5102 28.7260
135.5030 32.5039
134.6025 31.5663
128.7255 28.5509
129.2771 29.4491
129.2250 29.7388
137.5761 29.4677
135.8964 30.3925
137.5135 30.3809
133.0311 32.4242
137.2761 31.2794
137.6730 30.6238
131.9716 32.0636
133.8596 32.2014
136.9879 31.5287
136.9862 30.1953
129.0586 28.5802
136.1813 32.8436
136.8827 32.8335
130.3344 28.1653
135.8544 32.7297
136.3546 32.0653
137.1244 29.9626
136.5047 31.7877
134.8511 32.0250
135.9136 32.1777
136.7008 30.9686
130.9265 29.9798
137.9017 30.6661
136.8220 32.2691
134.3627 32.3148
132.7171 30.3136
135.5421 32.1693
127.3560 31.7864
129.5183 28.0847
135.9522 31.1245
128.9746 28.8364
136.1194 32.0156
136.2612 30.7685
137.4340 32.3246
137.7200 30.0636
129.1672 28.3742
134.3018 32.3190
137.7345 30.6486
137.1439 29.7758
138.1572 30.4097
137.2417 32.1546
135.4411 31.0876
137.1549 31.5612
136.6585 31.4895
131.8404 32.1888
136.2131 32.5241
134.3988 31.5220
138.1935 30.4447
135.3720 33.0799
136.7142 32.5049
131.4482 30.0286
137.4147 30.2746
137.7202 30.8087
137.1220 31.4084
135.9365 31.2166
137.3449 29.9507
136.8322 31.5312
133.8421 32.5731
136.7531 32.6947
135.5427 31.4881
137.7518 30.4645
136.6374 32.6787
131.0241 28.7727
137.4061 32.3217
132.3189 32.2452
134.5240 32.0898
135.9250 33.0869
134.7254 31.1050
131.6394 31.4111
134.0613 32.3584
136.2118 32.4239
129.8495 28.9514
134.8904 31.3604
137.6227 29.8359
135.1478 31.3817
135.8721 32.8643
129.1889 29.4674
135.7237 32.4906
135.0238 32.1915
136.7493 30.9084
137.7388 30.2822
133.9469 32.3852
137.3573 29.3018
134.6088 32.3881
129.7137 29.1154
134.3805 32.4794
135.7219 29.8044
136.5213 32.3734
135.4898 31.7878
132.2252 32.5922
135.9825 32.9051
135.6987 32.2714
137.6147 31.1819
136.2193 30.6212
137.6976 30.4541
133.1781 31.7285
136.6575 30.5942
129.3242 29.4439
136.8431 32.1669
137.0408 32.0330
135.9285 32.5751
137.1408 30.5083
133.6936 32.4476
135.4490 29.3609
136.8438 30.2103
136.7448 32.4543
136.0954 31.4703
134.7704 32.0815
137.9054 29.7368
138.0715 29.5282
136.3454 32.2484
131.7061 31.0153
134.2196 32.1136
136.5092 31.1330
133.3362 31.7751
136.4035 32.2492
132.5258 32.5175
132.9635 32.0987
134.1707 32.3468
138.1714 30.4701
131.8011 31.1325
137.7840 30.6961
136.1236 32.1144
136.9037 30.0659
135.5658 32.0119
136.6465 30.2060
128.8656 28.3357
135.9364 31.8370
137.6778 30.3900
134.9875 30.5500
137.0545 30.5947
135.3281 30.3748
135.9726 31.6903
136.0856 32.2143
137.3980 32.3023
136.1847 32.6963
137.1076 30.0217
137.6910 31.2893
136.5002 30.9943
136.2313 31.1146
131.7939 31.3433
136.7786 32.2028
137.2310 29.9453
136.4493 32.3376
137.5522 31.3714
136.7966 32.0800
136.9609 31.7886
135.6559 31.2448
134.9384 32.1867
135.8411 31.7831
134.1012 31.9695
135.3943 31.7725
137.1620 32.5489
136.2911 32.2014
135.1399 32.3649
131.9417 31.7961
136.1090 32.0626
128.7843 28.4697
134.4215 31.1246
134.7622 32.2098
135.5881 30.1544
131.9013 31.4567
136.4913 30.1412
137.3969 30.6498
136.8324 32.5874
136.9158 29.7147
137.6624 29.8882
136.5998 32.0652
137.9456 31.4018
135.6626 32.1114
129.1399 29.2796
136.6967 31.8217
137.3066 30.2699
133.6193 32.4957
136.7746 30.7974
136.6288 30.6844
136.8651 30.9742
134.9601 30.5920
134.9437 30.5454
136.1946 31.6431
136.5449 30.7791
131.8804 31.4720
132.1953 32.3871
137.1138 30.4996
136.6557 30.8661
135.7990 31.7932
137.7556 29.3181
138.0106 30.1047
137.2019 30.1131
134.9750 30.2192
136.6831 31.9887
128.8120 29.3168
136.9571 32.4528
137.7434 30.2964
132.9846 32.0778
131.7428 31.3114
136.7874 29.9687
136.0481 32.7381
135.2174 30.4796
134.3511 32.4187
138.0190 30.3037
134.9534 32.2013
136.7256 30.4911
134.0766 32.0557
136.0335 31.5044
136.5507 32.2314
136.6027 32.3930
136.3685 32.1392
135.7214 30.1473
135.5782 32.0625
134.1902 32.3565
131.7440 31.1436
136.4701 32.3387
134.1667 32.2620
135.9593 31.6724
137.2976 30.7053
129.2335 29.3330
136.6700 30.6011
136.9758 30.4139
136.1352 31.9443
133.2155 31.8753
137.4637 31.6962
131.9389 31.3581
136.9147 31.9881
129.9542 27.9787
137.0663 30.1578
136.2540 31.9144
137.2209 31.8866
136.9075 31.9841
136.7598 32.0912
135.1260 30.7710
134.9883 30.9990
136.1317 30.7735
132.1311 31.6358
134.5971 30.9876
136.0842 31.2791
137.0593 30.5281
131.7969 31.2584
136.6724 30.7704
136.2265 31.7573
136.4661 31.8349
136.5852 29.8717
131.9717 31.3287
136.2543 31.9170
137.2948 30.4681
137.5919 29.9671
137.6924 29.7641
137.1022 30.6805
134.2274 32.4398
128.8079 28.2816
135.8850 31.7345
136.4802 31.0411
132.7671 32.1302
137.0879 32.0941
136.8712 30.3668
137.7509 31.4080
134.7243 32.2482
131.8414 31.3042
131.8834 31.6886
136.2625 31.9145
135.8846 31.7888
136.8202 30.3247
136.7928 30.3556
136.3117 30.7224
135.5078 31.3457
131.9930 31.5790
134.4843 32.3859
136.2957 31.8132
137.5981 30.8832
136.4758 32.1270
131.8573 31.2254
136.6896 31.1460
134.2449 32.2955
132.2864 31.9042
136.3889 32.3469
129.4189 29.2385
134.8964 30.9154
135.9982 31.6142
136.2115 31.9140
134.2444 31.8443
134.6686 32.3136
134.0044 31.3626
137.2328 32.2352
136.9711 29.8965
135.9785 31.7461
134.5049 30.9934
136.0626 31.4572
128.7370 28.3288
132.0905 31.5852
128.7857 28.4144
136.5627 30.8374
136.1345 31.5279
137.0132 29.8509
135.5796 31.9714
133.9491 32.3106
136.7359 31.4065
135.1734 31.9096
136.1856 31.9713
135.4220 31.2521
136.1825 31.8239
135.0934 30.7999
136.0679 31.9819
132.7919 31.9912
138.0628 29.8836
136.1764 31.2197
136.3554 31.1041
128.8375 28.2327
137.1357 29.8838
136.9698 30.1610
129.5526 27.7331
136.7017 30.1716
136.7587 30.9253
137.9126 30.1270
137.1995 30.3128
134.2075 32.3735
136.8483 30.6494
137.7825 29.2889
136.9620 30.3400
133.4713 32.4598
132.3017 32.4123
136.5689 30.8502
137.0451 30.0091
136.9281 30.5412
137.7485 30.1827
134.2383 31.6859
137.0771 30.4640
128.9213 29.1404
134.8246 30.9993
135.7206 31.9424
138.2451 30.0567
136.3323 31.7461
135.0945 29.5441
134.9566 29.4705
135.9933 32.1129
132.2904 31.8392
128.7798 29.0754
134.4663 32.3793
134.6932 32.2909
135.1933 30.5648
136.9580 30.2061
131.5570 30.9074
136.8051 29.5140
132.7994 32.1203
137.3584 30.3817
128.9421 28.1449
134.8516 32.1852
133.7684 32.2395
128.9987 28.2847
136.9168 31.9073
136.8804 32.3970
135.3646 31.9094
128.9982 28.3955
136.6575 30.3197
134.3619 32.2310
136.8523 29.9937
132.4062 32.1587
136.6245 31.8695
128.7742 29.0947
137.6656 31.8928
134.7033 31.3198
134.4681 32.0646
132.0189 31.9685
135.2206 32.0248
136.5312 32.1436
136.1660 32.0211
136.1668 32.2543
136.8881 31.3698
136.6550 31.7110
137.6747 30.5700
136.1445 32.2637
134.3816 31.9757
136.7340 31.9899
136.1461 31.6728
134.6415 31.0736
135.4893 30.3396
135.4263 30.6749
132.7885 32.5413
136.4300 32.4047
128.8042 28.5806
136.0503 32.4833
132.0278 31.7962
128.8130 28.5455
132.9209 31.9711
136.3647 32.0484
135.2101 31.9755
134.5148 32.1951
137.1200 32.3470
131.7162 28.8928
131.9074 31.5383
134.3935 32.2777
135.9762 32.8641
132.9056 32.1483
136.1926 32.4769
136.9614 31.6319
137.7297 30.5219
136.6065 32.1370
135.6884 31.9993
129.3196 29.4834
132.7966 32.2965
136.8006 31.3858
128.8726 29.1059
136.6061 32.0846
135.0559 32.1185
136.0835 32.5734
136.4224 32.1299
129.0551 28.1954
137.3382 30.4641
133.1178 32.0139
136.8353 31.8987
131.9370 31.4490
133.5030 32.5238
136.2906 31.3045
136.7674 30.3773
132.3117 32.0456
134.3256 31.3561
128.8812 28.4476
136.8351 32.3572
132.1383 31.7970
137.5329 31.5320
129.1443 29.3368
133.0555 29.5603
134.1711 32.3849
136.3806 30.7503
134.2851 32.1920
136.7509 31.9548
137.4004 30.3044
134.3762 32.2675
136.6010 31.9196
132.2894 32.4193
132.1843 32.1077
135.0042 32.1058
136.2278 32.6180
133.6530 32.5153
134.9623 32.1992
137.4606 32.2454
135.5207 31.8015
136.0128 32.5449
134.9879 32.1844
132.8302 32.2585
137.0123 30.5374
135.5972 30.2671
132.1644 31.8338
129.2192 28.3667
136.7571 30.4645
134.2410 32.3699
135.1476 32.0938
135.9195 31.7795
136.5467 32.4353
133.0520 31.6556
134.8997 32.1958
136.2958 32.5935
136.8078 32.2926
136.7275 31.3468
136.4079 31.3992
129.4793 29.7322
137.6692 29.8890
132.4261 32.5212
134.4223 32.2889
135.9656 32.7627
135.9638 32.5604
131.7542 31.2551
136.6981 32.3708
133.0119 31.7416
131.8531 31.4619
131.7863 31.2452
134.8946 31.1988
135.3198 30.1112
133.6716 32.5162
132.1194 31.9060
136.6781 32.1892
136.6557 32.3218
129.0701 28.2779
131.9371 31.7180
135.4593 31.9608
135.8463 32.4062
135.8672 31.7202
135.4930 31.9885
135.7670 33.0191
136.3551 33.5292
135.6946 32.9748
134.9364 32.2271
136.5919 32.3903
137.3247 30.5365
136.4100 32.9303
135.6413 31.9409
136.3989 33.0987
134.7841 32.3537
134.6892 32.4038
135.1789 32.1999
136.7870 32.0936
134.9729 32.2562
136.8404 32.6969
135.0728 32.2378
137.5904 32.2492
134.9826 32.2353
135.4614 32.7124
135.3415 32.0784
136.7337 32.6692
135.6518 31.8900
136.4477 32.3942
137.2199 30.5252
135.7358 32.7241
136.8572 31.0587
134.7418 32.3796
136.0824 33.3480
134.8545 32.3239
136.3466 32.9281
136.5152 32.9488
134.8997 32.3065
135.7569 32.8520
136.7529 32.2165
134.5267 32.4817
136.7540 31.9941
137.0703 30.8540
135.6346 31.7968
136.2525 32.5181
136.1311 32.0331
137.8385 31.6785
135.8952 32.3095
137.3500 30.3734
136.8106 31.1607
136.6585 33.2633
137.3402 30.4211
134.8760 32.3440
135.2158 32.0884
137.4213 30.3063
135.0645 32.1822
134.5432 32.4644
134.6842 32.4162
136.6235 32.7323
137.4708 30.4162
136.9015 30.8437
136.2422 32.5137
136.7320 32.2445
137.0803 30.9351
137.5453 30.4233
137.1652 30.6007
137.0479 32.2586
134.7832 32.3772
135.2754 32.7853
136.2405 32.5396
135.9559 31.7381
136.8815 32.0920
134.5895 32.4835
137.2079 30.4099
137.1945 30.2521
136.0187 33.2410
135.3541 32.7214
136.7779 31.3304
134.8727 32.2799
135.4850 32.7127
135.1171 32.1541
136.7897 32.7085
136.8806 30.7934
135.3191 32.7324
134.6923 32.4071
134.9454 32.2970
136.2677 32.6006
136.8226 31.2704
134.6397 32.4498
136.1571 31.8525
137.1852 30.7519
136.5272 32.3805
135.8483 32.2481
136.1561 32.7183
134.7466 32.4087
136.5067 33.0974
134.5607 32.4650
136.3660 32.7747
136.8201 32.8529
135.3139 32.0860
136.9552 32.4696
136.4222 32.4256
136.9091 30.8567
136.8429 32.1280
137.2574 30.4632
137.0009 32.3249
135.0463 32.2328
137.0193 32.1332
134.9043 32.3209
134.4276 32.5272
135.5312 32.0230
135.4508 32.7383
135.2174 32.0974
135.9238 32.4190
136.3447 32.4708
136.4163 32.1973
137.0326 32.2641
135.6828 32.4420
135.2954 32.7264
136.7717 32.1861
135.3706 32.6925
136.9110 32.6158
135.1880 32.1026
135.4849 32.5403
136.9600 32.4661
135.8264 32.5191
137.1868 30.5175
136.7812 32.0634
137.0157 32.0747
134.6186 32.4577
136.6363 32.3442
134.6479 32.4266
134.8574 32.2920
136.8908 30.8054
136.2789 31.4409
134.6547 32.4254
137.0441 30.8240
137.3990 30.4733
136.2620 31.4441
136.4610 32.3446
136.3039 32.6313
135.3981 32.7114
136.2019 33.2856
134.4757 32.5036
136.8791 32.0920
136.1706 32.0404
136.6226 32.6129
135.1041 32.1694
136.0683 32.4149
136.8264 31.2946
137.3974 32.5057
134.7150 32.4132
135.4870 32.7676
136.3852 31.9610
135.5567 32.7492
136.2707 33.5461
136.2912 31.4973
135.9564 32.2657
136.5967 32.7972
135.4179 32.6860
137.0124 32.3589
135.8512 31.7475
137.3553 30.4174
137.2740 30.6178
135.3163 32.0685
131.2035 30.6728
136.8267 32.1694
135.1310 32.1641
135.0432 32.2568
136.6445 32.3297
136.7482 32.6443
135.3367 32.0794
137.0116 31.0870
135.8109 31.7088
136.9704 32.3924
136.5072 33.6146
136.7937 32.6529
135.5013 32.9161
136.6001 31.1950
135.4266 32.0025
136.6869 33.4511
134.9557 32.2332
136.8085 32.1623
136.0906 32.6837
136.8341 32.4875
135.7043 32.8804
135.6649 31.8347
135.3975 32.7255
135.3397 32.8518
134.9753 32.2645
136.8744 31.1321
135.3073 32.6546
135.3597 32.6668
135.7016 31.7894
136.7857 30.9031
136.8324 32.1056
136.6269 32.2186
136.1740 33.2244
134.8433 32.3562
136.7756 32.6041
135.9088 32.7985
136.2626 32.5244
135.4687 32.7053
134.6562 32.4163
136.9527 32.0275
135.9507 31.7391
136.5937 32.5395
136.8801 32.5363
135.4842 32.6151
135.5786 31.8567
136.2716 33.3602
135.6115 32.5343
135.8766 32.5450
136.4801 32.1714
136.3145 32.5126
136.0065 32.3751
137.4702 30.3620
136.5156 32.3795
134.6267 32.4266
136.9724 32.0693
134.8151 32.3361
136.8045 32.3879
135.6244 32.9267
136.6430 32.6158
137.2723 30.6265
135.5338 32.7758
136.6711 32.2251
134.5008 32.4965
135.6509 32.8181
136.6732 33.4699
135.6560 31.8959
136.9096 30.7748
136.8364 30.7035
135.4858 32.8241
134.9772 32.2561
134.4989 32.4783
136.2603 33.4906
137.1641 30.7614
136.9022 32.0864
136.6731 32.6911
136.5794 31.8679
134.7682 32.3824
135.3315 32.6816
135.3837 32.6029
134.4467 32.5061
137.4701 30.4528
137.4949 30.4824
134.9057 32.2991
137.2623 30.5473
134.8473 32.3113
136.4668 32.3549
134.5651 32.4508
135.4292 32.5219
137.4748 30.1258
136.5979 32.2789
134.6589 32.4208
137.3846 30.5163
136.4643 32.7122
135.7709 32.8440
137.2878 30.4619
137.2143 30.5764
137.0085 30.7654
136.8890 32.2140
136.1680 33.2042
136.5766 32.7375
137.3403 30.5470
137.3260 30.4590
134.7361 32.3887
136.4775 32.6860
136.3700 31.7536
135.3941 32.7350
134.7526 32.3735
134.8748 32.3271
136.3670 32.0337
136.9940 32.1459
136.7789 32.0681
134.9136 32.2776
136.9331 32.5168
136.3659 31.2837
135.6297 32.4757
135.3045 32.8212
137.2416 30.3309
137.3308 30.5459
136.3079 32.1275
136.0654 32.7306
134.8122 32.3117
137.0065 32.0752
135.6891 32.5453
136.8213 32.0692
136.7608 32.0394
136.2700 31.3518
137.4639 30.3371
136.9748 32.1095
134.9942 32.2276
136.2330 33.0618
134.9187 32.3183
135.0238 32.2454
134.8771 32.3212
136.8491 32.2078
135.5387 32.7431
134.6793 32.4134
136.3557 32.8578
136.2592 33.0839
135.6050 31.9661
134.9094 32.2893
136.9717 32.2422
137.4692 30.1734
137.4175 30.4773
136.2660 31.4574
137.3321 30.2241
135.6820 31.8724
135.3964 32.7168
135.9538 32.6819
135.1906 32.1631
134.8715 32.3451
135.4376 32.6325
134.5581 32.4758
135.9548 32.1728
137.6133 30.2155
137.2326 30.4006
136.0586 32.7562
136.7867 32.1372
136.1873 31.8572
135.4403 32.5444
134.6894 32.4276
136.1689 31.5082
136.6328 32.7591
136.3271 31.4074
137.1092 30.5827
134.9221 32.2557
134.9695 32.2704
136.4924 32.7892
135.3564 32.0740
135.8724 32.2465
134.4349 32.4879
135.4509 32.6942
136.2324 33.2690
137.3422 30.4721
135.8395 32.2959
136.1281 32.5860
136.1142 32.6558
136.8514 32.1670
137.4846 30.4076
134.7326 32.3837
136.6377 31.1685
136.2072 32.9745
135.5723 32.4647
134.8339 32.3389
137.4383 30.4200
137.2154 30.3084
136.1164 31.5063
135.6874 32.8224
134.8782 32.3223
135.9589 32.7825
136.7729 30.6178
136.7359 31.2318
128.6258 28.8031
136.6973 33.3278
134.8104 32.0261
138.1252 30.2530
131.3860 30.1696
136.2056 29.3289
136.9948 31.3707
128.9359 29.2387
136.0137 31.1987
137.0250 32.6575
138.0139 29.9014
133.6010 32.1966
134.5246 32.4304
128.9750 28.4519
135.9628 32.4576
137.9505 30.2486
136.7036 32.0592
133.9895 32.3001
135.1656 32.6574
132.3478 31.8172
136.0223 32.0801
137.4177 29.5214
138.0522 30.2764
133.9052 32.6012
131.9042 31.2953
132.5402 31.5752
130.6255 29.9416
134.3604 32.1495
132.8941 29.1596
132.2599 31.9437
131.4155 31.1498
131.5320 30.5206
133.8866 32.3327
136.8640 32.4525
135.4800 30.1593
134.4678 32.0851
134.9171 31.8863
134.5761 32.4935
136.9349 29.8318
133.1830 32.2767
136.8986 30.4539
132.0101 32.0917
136.6005 30.0294
136.0936 31.6623
135.7519 31.9594
137.4617 31.1794
128.5911 28.4655
137.7166 31.1474
137.1210 30.4548
137.2922 29.7968
137.0389 31.9800
129.4874 29.5115
136.1669 30.8176
135.7045 32.8394
132.1640 32.5632
137.4203 30.1285
136.7309 31.3895
128.8804 30.2965
136.9708 32.2461
137.3922 31.9564
136.0764 30.0670
136.9220 29.8180
129.2857 29.4263
134.6287 31.5737
137.5364 29.9235
135.9881 31.2582
137.1123 29.6814
135.4900 31.6935
137.5942 29.4260
138.2576 30.4146
135.8113 31.5109
135.0471 31.9500
136.3136 32.2535
132.5539 32.0460
137.0107 32.6266
135.7059 31.5667
136.5168 29.3162
134.5471 29.7401
136.4526 30.8511
130.8140 30.1059
135.1687 30.7167
136.8832 32.4339
135.8242 32.6654
132.0265 31.4834
137.0795 32.4137
136.0786 31.1621
135.2157 31.2240
136.1889 32.1696
134.2473 32.2328
136.6404 30.5913
135.9046 31.7615
135.2805 30.4026
138.1790 30.5450
129.3856 29.4916
129.0220 28.3507
136.9197 30.1910
134.9379 31.5746
136.7207 29.5144
132.5541 32.1572
137.4013 30.0462
132.2933 32.3156
135.9451 33.3284
128.9471 29.3739
135.1760 31.8169
131.8220 31.9932
134.6276 32.5576
136.8173 32.0768
132.9776 32.1777
128.9423 28.7279
137.8548 30.3924
132.1274 31.9387
131.9198 31.7327
136.6895 30.2703
136.9455 30.8722
128.8529 28.2046
137.5557 29.7011
134.8113 32.2790
130.5109 28.4477
135.2032 30.6029
136.1053 30.9138
132.9267 32.1741
137.7015 29.7017
131.7963 31.5136
136.8899 31.3009
138.1107 30.5185
137.9039 30.1039
136.2288 31.9887
137.0950 30.4430
133.9777 32.4246
132.0038 31.9766
138.0722 30.1577
136.7753 31.3558
137.0896 30.7117
137.7977 29.8676
130.3207 28.0893
135.0201 31.1041
137.9648 30.3951
132.7875 32.4800
134.1284 32.2678
136.3220 31.3583
137.2330 29.7333
128.7298 28.4757
134.3786 31.4931
137.6252 30.6774
136.2621 32.2153
134.4168 31.7579
129.1863 29.3064
136.6873 30.1520
136.2715 32.0024
134.0982 32.4680
132.1244 32.3285
129.1820 28.3191
129.2462 28.3438
132.9432 31.3538
135.1034 32.0541
137.5250 29.6523
131.5514 30.7734
129.7321 29.6711
128.8021 29.5318
136.1055 31.0525
136.2619 31.3980
132.0233 31.6356
132.8941 32.5395
134.4021 32.2009
136.9459 30.7127
132.5845 31.9870
128.7349 29.0756
134.6982 32.3084
132.9886 30.6863
136.5699 30.2589
129.3576 29.4231
136.1522 31.6619
135.7790 31.0959
131.6864 31.4759
134.9694 32.1460
136.6936 29.9879
129.1890 28.3333
137.0490 29.1767
137.8572 29.8845
134.7042 32.1708
137.2475 30.5801
134.2958 32.3853
135.9127 31.1272
134.9588 32.1306
136.4454 32.1617
133.1389 30.4477
134.2104 32.2300
138.0848 30.4806
134.1064 32.4424
134.6537 32.1367
132.2459 32.3230
134.3800 32.0689
135.9645 31.9214
136.3744 31.3992
137.4739 30.3778
136.6126 31.2501
134.8657 32.0696
134.5311 31.5878
128.7036 28.5938
137.6882 30.2885
138.0670 30.4875
131.7895 31.4555
137.3633 29.9753
128.9464 29.1028
133.2279 32.5698
135.2284 30.9008
137.8104 30.7114
134.8349 32.2952
134.7906 32.6245
134.0186 32.2496
136.5746 32.1202
134.5251 31.7850
135.7740 31.8077
128.7768 29.0871
135.2427 31.8915
135.2515 31.6309
136.4793 31.9773
129.3917 27.8472
131.7188 31.5377
136.0261 32.6461
132.2367 31.8496
136.6327 31.6618
137.3520 30.0499
136.6947 32.2176
136.7780 31.3168
132.8461 32.1437
129.0372 29.5082
137.4964 30.4535
138.1964 30.7328
136.6884 31.3401
134.7563 32.3224
136.9920 30.7572
132.1341 31.8656
136.8922 32.6890
136.9205 32.3275
137.7477 29.8300
128.9442 28.2838
137.6700 30.0696
135.4631 31.6806
135.5563 32.5407
136.0210 31.0315
128.8184 29.4014
128.9731 29.3131
133.3788 31.8497
136.1187 31.9938
136.8433 32.5629
137.8260 29.9620
134.4515 32.4179
134.5520 32.1750
134.3629 32.2546
136.2398 32.8859
137.4651 32.1576
136.2342 30.7863
137.2857 32.1896
134.5155 32.3876
137.3028 29.8336
135.3102 32.6437
132.8581 32.4753
136.8578 31.9167
136.9036 31.6878
132.9012 32.5241
134.3107 32.0775
135.8486 30.0969
136.7501 32.2475
135.2888 31.8715
136.1309 30.9418
136.1808 32.9074
132.7811 32.3814
136.4098 32.3002
132.4890 32.3241
136.1825 32.0651
137.6612 30.7752
137.4551 29.8787
137.3568 30.8893
137.6331 30.7570
134.7219 32.1060
135.5670 31.5858
134.8601 32.2045
133.1038 32.1456
131.9898 30.6860
135.7381 31.7525
136.1012 31.1122
137.4248 29.9268
136.6828 30.4014
137.9756 30.3906
132.3154 31.8761
135.0840 32.1333
128.9841 28.2907
133.6383 32.4732
137.6754 30.1280
132.7666 32.0577
137.1381 30.6808
136.4403 31.2570
128.7151 28.6139
129.5605 27.8946
128.4845 28.6975
135.4834 31.7573
134.4505 32.0728
137.2651 30.9205
136.0951 30.9412
135.8031 32.9774
129.1700 30.5718
128.8621 29.0887
136.5752 32.4029
129.5202 27.8126
137.3350 29.8607
135.5509 31.5986
135.8039 32.7177
136.8433 31.1188
136.9984 32.4762
133.2259 31.8174
132.0045 31.6706
135.7546 32.7471
135.8884 30.3542
131.1314 28.7804
137.2398 29.6962
136.4525 31.7502
134.3142 32.4798
137.4513 31.5631
135.5412 31.5650
135.3907 32.2945
135.8063 32.7064
135.9463 31.0998
134.2925 32.1490
137.6355 30.2967
129.1027 30.4657
131.9254 31.7252
136.6223 32.1314
129.3839 27.9473
131.7574 31.1893
129.6009 27.9902
134.8275 32.1235
136.8245 31.1510
129.4101 29.3702
136.8213 32.5208
136.9548 32.5850
136.7773 33.0567
134.0191 32.0761
136.5482 32.1121
134.7807 32.3461
137.0087 32.4773
136.2575 32.6736
136.2153 32.7921
137.5828 30.4275
136.3589 32.5832
135.9703 33.0714
135.8591 32.0536
134.6415 32.4296
137.5744 30.4919
137.3203 30.0040
136.9516 32.6733
136.6122 31.9815
136.9416 31.9370
136.8800 32.1030
136.4286 32.9587
136.4123 31.5985
136.5200 32.4779
135.4227 32.4585
136.8602 32.2133
136.9086 32.1033
136.5633 32.7421
137.4274 30.0335
136.2235 32.9503
135.4087 32.4602
136.7358 32.1148
136.4876 32.5543
136.9520 32.1513
135.9871 32.9106
136.5195 32.5641
137.6357 30.2070
136.6698 32.5125
136.8035 32.2627
135.0791 32.1605
137.5438 32.2131
136.7041 32.1560
136.8871 31.9361
136.4398 32.5826
136.1158 32.9338
136.7480 32.3974
136.7667 32.5223
136.9254 32.0107
136.8250 32.6968
128.6344 28.5881
136.6668 32.3609
136.5244 32.6102
136.4319 32.4092
137.1250 32.6369
136.0035 32.9050
136.6817 32.0611
137.2101 30.1705
136.7025 32.1846
135.1889 32.1467
136.6193 32.7603
135.8684 32.3105
136.7986 32.3328
136.7579 32.6733
136.5467 32.3851
136.5868 32.7456
136.1153 31.8339
136.1012 32.9967
136.7759 32.3812
137.0579 32.4198
136.5210 32.0549
136.5164 32.2839
136.6771 32.3315
137.3426 32.4654
137.5300 30.2188
136.8077 31.7950
136.7091 31.9405
136.0815 33.1216
136.2872 32.6366
135.4584 32.5494
136.7395 32.1017
136.2838 32.8279
136.7914 32.1187
136.6677 32.4001
136.8646 32.1700
137.0065 32.5889
137.4922 30.5164
136.6159 32.0133
135.9835 32.8400
136.2748 32.9700
136.3851 32.6705
135.0248 32.2055
136.7540 32.6079
136.3164 32.6023
136.5827 32.9389
135.4983 32.5537
136.6262 32.4029
133.3196 31.6097
136.4583 32.6950
135.9695 31.9401
136.6076 32.5848
136.6722 32.1020
136.3085 32.7815
136.4834 32.5594
136.8219 32.4185
136.7962 32.4203
136.8312 31.9865
136.2496 32.3134
137.2875 32.5042
135.8786 33.0147
135.9027 31.6195
136.4475 32.4081
136.6991 32.8324
136.1734 31.4110
136.2340 32.6731
136.7296 32.7781
135.8111 32.8478
136.7154 32.7636
136.3114 32.5074
136.7775 30.7504
136.3447 32.9321
134.8457 32.3132
136.2531 32.7502
136.4628 32.3870
134.7195 32.3829
134.9155 32.2418
135.1392 32.1306
133.0321 32.2135
136.9108 32.2118
136.0081 33.0021
135.8642 31.5817
136.7263 32.3513
137.5578 30.0350
136.8854 32.0027
136.1074 32.9795
136.4018 32.7196
129.8742 27.5465
135.3361 30.4099
138.2765 29.9297
135.2007 30.6872
133.4375 32.4912
128.4884 28.2968
129.1668 27.9862
132.6322 32.1523
136.7913 31.8706
136.1044 31.6806
135.1199 32.0150
135.1238 30.7628
136.6224 31.0028
136.9654 29.7160
136.7193 30.5918
135.0402 30.8564
137.8573 31.6901
134.9693 30.9207
133.1792 32.5804
137.6442 31.9639
137.9579 30.1125
135.1821 30.1706
136.1831 31.4943
132.0649 31.8355
136.5492 30.9949
131.9150 31.5268
137.6454 32.1115
136.0874 31.7354
136.5225 32.2682
137.9602 31.2114
136.2889 31.3823
137.4661 30.3434
134.2458 32.1766
131.9852 32.0306
136.5000 30.4537
131.8103 31.2594
136.1561 30.5902
137.0757 30.2095
135.7130 29.8750
134.3132 31.6734
128.5637 28.3438
132.1842 31.9187
136.5782 31.5846
131.2484 29.9007
137.5855 31.2491
137.4967 29.6781
135.1775 30.8123
138.0298 29.9662
135.6589 32.0409
136.3805 30.8313
133.3883 32.5193
137.4719 30.6200
138.0144 30.1091
136.0784 31.7002
135.7545 31.8884
136.4455 31.1288
136.5938 31.0937
137.6742 31.8637
137.9075 31.5093
134.5961 32.3049
137.2744 32.3659
136.2240 32.4746
135.0803 30.3628
136.4883 31.0209
134.4555 31.6655
136.5540 31.0050
135.8562 31.7721
132.9361 32.6311
137.1441 30.1362
137.7545 29.6872
136.3613 31.2797
131.9701 31.5723
136.5187 31.0267
137.4380 29.7413
132.0845 31.9447
137.3457 31.0327
136.5271 30.9061
136.7752 30.6949
138.3131 30.2055
137.5946 30.6045
136.6918 30.1157
136.4724 31.0997
136.2956 31.3655
137.0209 29.9697
137.0286 31.2186
136.0647 31.7926
137.3873 29.9866
136.6125 32.1813
136.7207 32.4176
137.7589 31.4429
136.4466 31.1442
136.4685 31.1021
134.2124 32.1337
136.2644 30.5034
131.7766 31.3106
136.2590 31.8174
135.2724 31.5929
135.2395 30.6935
137.4586 31.4795
138.2201 30.5552
137.1775 29.9189
136.4343 31.1291
129.7969 27.8853
136.3084 31.3332
135.2444 29.5015
134.8802 31.1587
131.7924 31.4493
132.7272 32.1171
135.1521 29.5300
135.6070 32.5254
136.7484 31.0593
136.3877 33.2861
137.0278 30.5393
137.4928 30.1771
136.2254 32.9488
136.9807 30.4846
137.3660 30.0258
136.3297 31.1683
136.0654 32.9396
137.0570 31.9343
137.0525 30.4673
135.8058 32.4330
135.6361 31.9083
136.9837 32.5252
136.6436 30.8736
137.2598 30.5706
135.5678 32.6590
136.2091 31.3373
135.6362 31.9389
136.8017 32.0032
135.4313 32.6125
136.0480 31.4903
136.5413 32.3264
137.2785 30.4685
137.5079 30.6169
136.8669 31.8000
137.4852 30.6047
137.0879 32.4679
136.5962 32.0418
136.7763 31.8387
137.6190 30.2750
136.6028 29.1796
137.2608 30.3818
136.7618 32.4968
137.4120 30.1320
136.3241 32.1207
137.1579 30.3495
136.2324 32.4396
137.6071 30.2279
136.1040 32.2084
137.2489 30.5272
135.8086 32.5024
136.2152 31.3357
136.3041 32.3993
137.2414 30.4672
137.1719 32.4586
136.7151 32.7312
136.1290 31.4071
135.5182 32.5912
137.1876 30.1485
135.6590 32.3611
136.5995 32.8343
136.6210 32.0711
137.3310 30.2653
136.8445 31.4325
137.1708 30.6747
137.0562 32.6081
137.3053 30.0495
136.1519 32.1188
136.0807 32.4379
136.7236 32.8311
136.6556 30.9316
136.5572 32.5580
136.8148 30.6239
137.2076 30.5323
136.3779 31.1710
137.2333 30.5238
136.7631 32.4662
136.4101 31.1394
136.8733 32.6877
136.4523 31.0790
136.1358 31.9905
137.3248 30.2485
136.4756 31.0615
135.9142 31.5648
136.6172 32.6704
137.0749 30.2593
136.4398 31.0701
136.6736 31.9239
137.2538 30.2240
135.3635 32.7534
137.2621 30.7025
136.0265 31.5402
136.2636 32.9605
137.3721 30.2842
137.0188 30.5662
136.2602 31.3369
137.5607 30.3159
136.6780 32.6260
137.2891 30.4771
135.8761 32.7517
137.2747 30.1468
137.1210 32.2644
137.3825 30.1531
137.2788 30.4353
136.4935 31.0447
136.3695 32.1518
137.2931 30.0637
135.6360 32.9008
135.2820 32.0573
136.1184 32.8210
136.9594 30.5550
137.2219 30.4024
136.7044 32.6204
137.2344 30.3850
135.5156 32.6299
137.3150 30.2421
136.5792 32.4362
136.1085 31.3606
136.7970 32.4130
135.7644 32.7483
137.3447 30.2552
137.2263 30.3583
135.8569 32.2596
137.4781 30.2011
136.1486 32.2835
137.5303 30.3258
136.9337 32.5348
137.3557 30.1299
136.9599 32.5354
137.4043 30.0715
135.7886 32.7578
137.3858 30.4431
136.8121 32.3758
136.7332 33.2551
137.4403 30.3717
137.3561 30.6064
137.0656 32.5325
137.2984 30.5134
136.8115 31.8809
136.0434 32.9233
136.2841 31.2798
136.9246 31.8360
137.2802 30.1175
136.5299 32.6410
136.2776 32.2263
136.6481 32.6637
137.1171 32.5703
137.1489 30.3331
136.4196 32.8978
137.1177 30.3869
137.1242 32.3933
137.1388 30.6465
137.4914 30.0890
137.0490 32.6164
137.3574 30.2402
136.6766 31.9458
136.7495 30.9074
135.9760 32.4890
137.3131 30.2089
135.6115 32.7909
137.3902 30.1515
138.0681 30.9338
136.2877 31.4790
136.3027 31.8190
136.0465 32.0531
128.0400 28.0218
135.3118 32.1201
137.8516 30.9622
136.4964 29.7007
136.4198 31.1149
129.3013 28.3498
136.7189 31.1773
134.1910 31.8830
138.3729 29.8829
133.4204 31.1431
136.9333 29.5909
137.3479 30.5853
132.0531 31.2042
133.1477 31.8281
131.4156 30.7621
136.7278 30.5582
137.1008 30.8107
137.8869 29.7058
134.6493 31.9635
132.5776 32.0165
138.1031 29.8290
137.5065 30.4831
132.7148 32.0634
138.2055 30.3020
134.4054 32.3451
132.2529 31.5215
129.4207 27.7812
132.0496 30.1418
135.4765 32.0474
128.1735 28.4864
134.2813 31.2162
136.1314 30.4557
136.4685 32.3207
128.9466 29.9736
135.5462 31.2746
135.9693 31.8086
128.9312 28.4479
137.3193 30.8897
128.8163 28.8248
137.4599 31.8298
134.4256 31.3835
128.9731 30.6013
135.3985 31.1597
136.6541 30.1960
135.0879 30.1946
135.9451 32.5940
132.2043 31.4855
134.4665 32.1431
131.7150 30.7289
136.4805 30.7736
137.7362 29.5832
137.2185 29.4324
135.4555 32.1397
128.8396 28.5570
135.2753 33.0979
132.5411 32.3209
136.6924 30.8867
132.4768 31.7673
137.5840 29.2893
136.6866 32.1310
132.2703 31.6356
134.6363 31.3113
137.1958 29.3232
136.1603 31.8708
137.7374 30.2220
134.7332 31.4695
132.1714 31.8593
136.0504 31.8291
134.7222 29.6349
129.6987 30.5529
134.6737 31.6396
137.8768 30.0842
137.2311 29.6924
133.2949 29.6388
132.1224 31.2500
131.0685 29.8467
131.5092 31.3132
132.4573 31.1183
136.5912 31.3865
137.8620 30.4240
132.0882 31.9165
133.9490 31.7296
137.5203 32.0988
136.7177 29.7201
136.1750 29.2249
137.3134 31.7256
135.3954 29.9073
130.3971 28.0968
134.2716 32.0157
136.6853 30.7115
133.7511 32.0112
131.4095 29.9624
131.7639 30.9013
137.2677 29.4073
134.2138 29.5318
132.3016 28.5982
137.6823 30.0729
131.2965 29.9988
133.9564 32.1347
132.0651 31.4034
136.0220 30.7566
137.9630 30.2327
137.3484 29.5136
135.6089 31.3923
132.6131 31.4751
135.0530 30.2076
138.2889 33.3200
135.6111 31.3465
133.0358 32.1584
134.5163 30.5853
127.6475 29.8932
137.2370 29.8598
138.0130 30.3831
135.2491 31.2687
137.7971 30.4011
132.1299 30.4154
136.4801 29.5600
134.4329 29.4710
137.8428 30.0400
129.6557 29.0033
135.8302 30.9457
134.5686 29.3934
129.2237 28.9038
132.2756 31.5132
136.7748 29.6892
134.7447 31.5433
135.4458 31.5647
137.7494 30.0279
137.6467 29.9096
137.7097 29.9767
134.8568 32.6599
136.7489 30.3557
133.4937 32.0915
137.0033 29.2067
137.8993 29.6099
137.7439 30.7760
131.6791 28.4565
134.3608 29.8063
131.2970 30.1928
135.2905 29.6648
137.5023 29.4456
136.5439 29.8331
131.5587 30.2979
134.5552 28.9621
134.3128 30.9784
134.9803 30.5542
135.5700 30.7938
137.0811 29.7015
133.5111 32.1365
135.4824 31.4984
136.9422 29.5215
134.9303 32.6304
136.3290 29.2013
134.9330 31.7672
132.4391 31.9730
129.5835 27.6439
136.3228 31.4644
135.1676 31.8073
131.7503 31.7331
133.2043 31.7813
129.1632 29.3373
135.6674 31.5040
134.1958 32.0711
128.9036 28.4978
129.3134 29.4000
132.8918 32.0251
133.2848 31.4718
137.1647 31.9939
136.7862 32.2445
136.8898 30.6780
137.5602 32.0453
137.9363 30.0012
135.7649 30.2168
137.9749 29.9996
132.8933 29.1582
135.4401 30.2715
133.0854 31.4948
136.0088 31.0441
128.3857 28.5055
137.6763 30.2006
137.7824 30.3340
135.8256 30.0139
136.2880 32.3549
137.1359 31.7797
135.5053 31.3434
136.5082 32.1494
128.8778 28.9592
138.0847 30.2894
137.0130 32.1452
133.5806 30.8245
137.1488 30.1989
136.7720 30.7742
128.5878 28.6788
136.7952 31.7430
132.4297 32.0449
137.4180 30.3764
132.2912 31.7720
129.5205 29.7287
136.5061 31.6182
132.8763 29.4904
137.4229 29.7188
136.3632 31.3629
132.5015 32.5811
138.1745 29.8517
137.8285 31.3341
134.4255 32.2834
131.8711 31.8920
137.5790 31.7388
136.5404 30.7318
136.1644 30.8136
133.0768 31.8749
136.0575 32.3216
136.7107 30.8536
134.9217 31.6598
134.8641 31.9881
131.7308 31.7767
135.0326 31.1419
137.4396 29.7653
137.2437 29.6969
138.0871 29.7568
135.0045 31.8271
131.4712 30.8228
132.4193 32.0014
137.3632 29.8992
135.4516 32.1012
131.6195 31.1433
136.3378 31.3229
137.7394 29.8127
136.7655 32.3371
134.8565 32.6968
133.2642 31.0702
137.1421 30.7441
135.1872 32.4607
137.2213 30.7380
136.8827 29.7606
137.5618 31.9432
130.1996 29.0888
137.0321 29.9173
134.2114 32.4924
134.7305 32.1055
135.0586 32.1124
136.7501 30.9953
138.0162 31.3132
135.2880 32.0001
127.7370 31.3585
136.1354 32.2235
137.7519 30.9560
136.6689 31.6314
137.8835 30.5496
135.1928 30.9174
134.9555 32.1537
128.8537 29.1399
133.1448 31.0167
134.0400 32.4983
137.9382 29.8351
132.1370 31.6715
133.8679 32.6128
134.4690 32.0329
128.3972 28.9382
133.9206 32.1302
134.4531 31.6542
128.8026 28.2695
135.3558 31.5731
129.0263 29.7917
137.2414 29.6054
132.2246 32.3549
136.7471 31.8702
128.9879 28.3939
135.1210 31.9812
135.5139 32.0189
128.8205 29.4526
133.5054 30.8138
134.9393 31.1049
133.9817 31.5810
131.8712 31.1386
137.5546 29.6797
136.8092 30.0262
132.0868 31.7958
132.9300 31.7824
134.9798 32.1073
131.3390 30.4066
128.6855 28.3226
129.8004 30.2122
134.0563 31.8993
136.8025 30.4634
136.8367 30.1376
133.0703 31.1949
136.6754 30.5674
134.6277 31.0773
134.1911 32.1206
137.5598 30.3668
136.3213 31.2085
134.6789 31.9984
128.9389 30.3315
134.8408 32.5417
136.4598 31.0541
134.8230 30.0413
132.3445 31.6504
134.6960 31.9675
134.4831 31.4950
128.3285 28.4088
132.4619 31.5767
133.0266 30.0659
132.8906 31.4862
138.1219 29.9291
128.3752 28.8351
131.6026 30.9327
136.7948 30.6432
136.7945 29.8551
136.6260 30.9789
135.6742 31.2297
136.4899 31.1536
128.9213 28.3624
131.6882 30.8136
136.7295 31.1520
137.3322 29.7450
137.7681 29.8843
133.7674 32.3267
136.8595 30.5918
136.4660 31.0307
130.9905 30.2682
137.2145 29.8372
132.0995 31.5232
134.0494 32.4022
135.7754 31.2879
135.1225 31.7523
129.5126 28.0964
131.7522 30.9620
136.5548 31.1051
134.0649 32.0032
136.9984 32.1592
135.5340 32.1694
133.8208 32.1108
136.2868 31.1076
129.6749 27.8789
138.1184 30.1169
134.2962 32.3990
132.0723 32.0662
135.6058 30.4915
133.8461 32.4322
137.4619 31.5571
137.0997 30.1308
136.9297 30.4330
136.9712 33.0386
137.2150 31.6784
136.8965 32.0862
136.8900 32.3815
136.3075 32.0266
133.0451 32.0519
137.2379 30.9742
137.2023 31.3409
136.1005 32.1085
135.8002 33.0721
133.4483 31.0993
137.0078 32.1059
136.8788 30.7655
136.8672 31.4842
136.0100 33.2530
135.8697 32.9193
131.2186 30.5196
138.2006 30.5930
137.6262 31.8969
136.5564 32.1196
134.4987 32.4224
138.1605 31.0076
131.7552 32.2972
137.6046 30.4542
137.8156 30.0073
136.9542 33.1254
137.6588 30.0448
136.6567 33.2159
134.1521 32.1542
135.5156 32.5400
138.1062 31.4808
136.8138 30.5911
134.3216 32.0690
136.8772 33.8383
137.1552 32.2866
136.6196 30.9846
134.8981 32.2750
137.3611 29.7648
131.6364 31.8001
137.0822 32.5393
137.9366 30.9445
136.4839 32.9446
137.9106 31.4823
137.0572 32.6497
135.7513 31.7242
137.5046 30.0262
137.4063 29.7209
137.3019 31.5507
132.5981 32.4538
137.0775 31.5434
136.2550 33.5369
137.0686 32.9388
136.4400 32.8153
136.5514 33.2404
127.7865 31.9613
135.7089 32.5098
129.3055 29.0104
137.6446 31.3779
138.0311 31.7153
133.1937 32.2065
134.9005 29.5813
136.7476 33.3227
136.7708 32.8335
134.5142 31.8511
136.8501 32.8055
134.9692 32.2963
136.0797 33.0094
134.3625 32.5345
136.6003 33.4467
137.1886 32.6622
137.7194 32.0720
136.8407 32.1932
126.4461 32.2076
137.0464 33.2768
135.6031 31.7552
137.9506 31.4084
136.1460 31.4293
135.7439 31.7001
137.0813 30.0872
136.9845 31.8189
135.7997 32.5291
137.9723 31.7761
135.8516 31.7488
136.7566 32.3011
137.0992 32.8166
131.1534 30.2323
136.2646 33.6398
131.2794 29.9743
137.0534 29.8639
137.0173 32.2651
132.5687 30.6960
136.3356 32.9588
136.2956 30.9993
136.8234 32.0392
127.5140 32.7450
135.0029 32.2196
137.7183 30.2353
135.5358 31.7468
136.3361 30.6566
137.9097 30.8641
136.6760 30.7276
136.6199 33.2483
136.0448 32.6060
135.8575 32.9758
137.2853 30.5464
135.8776 32.4609
136.8481 32.7957
136.2648 33.0433
129.4469 29.8682
136.5782 33.9108
136.3734 33.5656
137.1642 33.8572
135.1078 32.1562
136.2821 31.6536
128.9836 28.2350
136.6346 33.8026
136.4537 32.4117
133.1853 31.9258
137.3438 33.9682
134.9211 32.2304
137.5526 30.8428
135.8596 33.0011
135.8502 33.0729
135.6259 32.3025
136.9755 30.7707
132.4188 31.9391
133.2109 32.5263
135.8795 32.8817
137.0677 33.3057
128.8239 29.2781
136.5658 32.2643
130.2783 28.3384
134.8126 31.1615
136.8452 31.7459
132.7484 32.2176
132.2217 32.2132
131.9938 31.9151
136.4809 32.6393
128.8221 29.1282
134.2689 32.1986
131.9477 31.7270
131.9292 31.6857
131.9298 31.6961
131.8234 31.5391
136.7543 30.7749
132.0898 32.0675
137.4128 30.1424
136.3971 32.7620
137.4236 31.8493
132.2039 32.0230
131.5963 30.9644
129.2654 28.3260
133.0874 29.7734
131.9387 31.4707
136.6062 32.6917
132.2023 31.9846
136.5558 32.4691
132.1373 32.2329
132.8585 32.2215
137.1282 32.4191
133.1454 30.1242
136.5493 32.3505
135.3765 32.3971
131.9269 31.9104
135.5772 30.4613
136.7859 32.6250
135.6370 32.4748
134.4368 31.9492
136.6348 31.9627
136.5161 32.2332
132.4273 32.4370
135.2643 29.6552
133.7000 32.4488
131.8934 31.6443
132.8646 32.1983
132.9814 32.2159
134.2266 32.1287
132.8297 32.2927
129.9669 28.1683
133.6197 32.4952
137.5568 30.2284
132.1322 31.9458
132.1060 32.1410
136.1934 32.9006
136.6381 32.0837
136.6803 32.1318
136.6453 32.3391
132.1059 32.2272
135.9213 32.9661
128.8433 29.2537
132.0221 31.8724
134.3350 32.3026
129.0586 28.2715
133.7213 32.4706
136.6589 30.2410
131.9864 32.0004
132.3055 32.0488
133.9707 32.3896
136.7737 32.1000
136.1815 32.0016
136.4451 31.6445
132.0609 31.9482
134.1767 32.2900
136.3939 32.3606
131.8690 31.5423
129.0053 28.2675
137.0956 30.3570
136.6986 31.3844
131.8810 31.4546
136.6222 31.8136
136.7799 32.3959
134.3757 31.4325
131.8036 31.3193
136.3533 32.2886
133.2714 32.5443
134.1263 32.3345
136.8858 32.2027
135.4694 32.5758
135.4218 32.3708
134.2566 32.3253
131.9219 31.6822
134.3383 31.5550
135.4842 30.3504
134.4326 31.7148
136.0838 32.6196
136.6847 32.7611
128.9020 28.3345
136.3009 32.6608
133.0113 32.3508
134.3299 32.1007
136.1741 32.3445
134.3310 32.3345
133.7171 32.4695
137.1240 30.0179
136.8102 32.0579
132.0420 31.9111
136.0800 32.0876
132.2547 32.2933
134.2027 32.2323
137.3421 32.3394
136.6184 32.0479
134.2826 32.3342
134.2181 32.0658
136.9165 32.4694
132.3166 32.2340
131.8577 31.6766
131.8295 31.5079
131.9887 31.4901
134.6831 32.0114
135.1147 30.7127
134.1782 32.4187
129.6166 27.8168
129.6775 28.0123
137.1534 30.2886
136.9348 30.9641
136.4908 31.2235
136.5663 30.5922
135.6746 31.3259
133.8799 32.4894
132.9028 30.5654
128.7762 28.3738
137.8353 30.1517
137.8460 29.8417
132.6066 32.1104
134.0526 32.3981
134.1700 31.7215
132.6716 32.5998
137.3982 30.0981
135.8760 29.2339
133.8649 32.3599
131.1082 28.6959
132.8970 32.4834
135.1238 31.9597
137.8418 30.7120
137.2917 29.7282
136.2532 31.1229
132.6885 32.5373
128.9930 30.0525
132.1462 31.7199
128.6656 29.1259
138.1489 30.1268
128.6736 28.4727
134.9355 32.4086
133.9904 32.0056
137.1704 29.9497
132.4145 31.7385
128.2865 28.5190
132.0296 31.4197
135.7914 29.7582
136.6130 30.8840
129.8827 28.1683
136.4941 31.1131
129.1740 30.8048
134.5731 32.2951
128.5787 28.4132
135.2212 30.6161
137.5296 29.6911
137.0621 30.9788
133.8933 32.3476
134.0940 32.2818
134.8451 31.0300
137.0877 29.7703
133.8275 32.4475
134.6465 31.1782
134.1229 32.0102
132.2920 31.6581
134.8406 31.1574
131.3409 30.4568
137.0472 31.0354
136.1762 30.6440
134.7188 31.0113
128.5302 29.0250
129.5588 27.6201
135.4883 32.1284
135.3807 30.8175
128.6726 28.3790
132.8021 29.1739
132.6478 29.3405
133.0960 31.9143
132.9185 32.4660
136.2162 31.1577
134.5536 31.6933
134.8157 31.8027
136.4017 30.9254
136.9020 29.8822
130.3109 28.3564
133.5856 32.2907
131.6146 31.2664
136.6893 30.3501
136.8106 29.1525
136.1275 32.0895
135.2850 31.6928
136.4898 31.6220
136.6066 29.1244
138.1246 30.0839
136.7443 31.4953
136.6650 32.2642
136.5822 30.3926
136.5237 30.4452
133.0318 30.6596
132.6178 32.5082
132.4980 32.0445
131.7507 31.4543
133.1768 32.5961
134.8107 32.2381
134.9711 32.1350
137.9094 30.3084
130.7244 29.9930
134.5572 31.4785
134.4667 32.4374
135.6732 31.4137
134.2058 32.3423
136.5980 32.7273
136.0774 32.6235
129.4408 29.0999
136.2255 30.6704
132.0396 32.1188
137.5387 31.6011
135.0143 30.6399
136.5880 31.8955
134.5839 32.0939
132.4493 32.2407
138.0258 30.1461
134.2571 31.9195
135.9642 31.6865
131.7650 31.4921
131.8489 31.7056
132.8438 32.6497
135.6988 30.6411
135.0972 32.4737
137.4116 31.8424
136.9877 32.0681
134.2511 32.3103
132.3834 32.3142
131.9883 31.8277
136.3292 32.5019
134.6802 31.3228
134.9936 30.9688
136.6501 31.8347
132.5560 32.2288
132.0246 31.5998
132.9391 32.2025
137.9320 30.3389
136.5614 32.2509
131.7640 31.3637
133.2704 31.9506
132.9459 31.8734
136.2711 31.3205
135.8969 32.6889
134.6069 31.4792
136.3132 31.5819
136.9694 32.5612
136.5708 31.8132
132.3886 32.4224
136.7190 31.1932
132.0542 31.5907
131.7432 31.2795
133.9250 32.2530
134.7920 32.3054
131.8286 31.2596
136.0976 32.7173
138.0377 30.1337
134.5927 31.7481
136.0054 32.2142
136.0699 31.4886
132.9689 29.5162
136.3138 32.4892
134.7009 31.8757
135.4972 32.1695
128.8533 28.5286
131.8483 31.4626
137.0940 30.9115
131.9637 32.0397
132.5202 32.5365
135.6199 31.4383
132.0543 31.7033
135.3434 30.2106
137.0312 30.3647
135.6861 29.4087
133.0844 32.0832
135.6641 32.1973
133.2014 31.7343
132.0687 32.1789
137.2249 29.9252
129.0440 29.2988
137.7081 30.3871
134.9508 31.3496
137.4129 30.1994
136.0808 32.6867
136.5633 32.3125
137.8062 30.0843
135.2963 31.7011
132.0178 31.5265
136.6160 32.3627
134.8115 31.3108
136.4735 31.9410
138.0481 29.9666
137.7536 30.7361
137.8616 30.0184
132.0688 31.6154
131.6934 31.2141
129.4605 29.1914
132.1203 31.9302
132.8297 32.3307
134.1653 32.2074
135.4221 31.5500
129.2575 28.3697
132.5902 32.2730
136.4772 31.2042
132.6198 32.1706
131.8449 31.6192
131.4667 31.1137
136.9798 32.0073
137.7190 29.4997
134.7667 32.0434
136.4358 29.7033
131.7050 31.0547
136.6173 29.6073
134.5423 32.1140
136.1735 30.6902
137.6245 29.3624
135.7720 31.7664
136.6386 31.9110
129.9843 28.1589
131.7002 31.0851
136.6346 30.9816
128.2932 31.3424
128.8104 28.8221
128.7373 28.9501
135.1187 29.6499
136.8201 30.9690
129.6175 27.6805
134.3417 31.8947
137.1469 30.1712
128.8602 29.4330
137.2680 30.4557
135.5549 29.9537
133.1003 31.5321
134.3238 32.1952
137.1279 30.2178
133.2248 32.2633
136.9053 31.5031
128.4454 28.4230
128.6420 28.8687
132.0009 31.5805
135.6816 31.0986
137.7972 29.5696
131.5527 30.7526
133.0300 31.7227
129.1254 30.2291
128.6754 28.3552
133.2593 30.9777
136.0804 31.7011
132.1958 32.0538
136.8823 30.3832
134.2873 32.1685
134.4999 31.6201
137.0621 29.8763
137.0758 29.6190
137.1071 29.9537
137.8767 30.0142
136.8523 30.3282
134.2530 31.2188
130.1741 30.0898
130.3775 28.1795
137.4860 29.4119
135.0178 31.9250
134.4480 31.7055
129.5871 27.8515
136.7549 32.0016
129.3851 29.4218
134.5320 32.7865
135.8847 30.7741
132.3508 31.8813
136.5599 29.1155
136.7393 31.7158
134.4449 31.4485
138.0178 30.0849
137.7120 30.5014
130.0188 28.0811
134.9967 32.0167
136.8225 29.5878
136.3650 31.7017
133.1377 31.4509
134.1112 31.8157
137.0291 30.6467
133.9172 31.9768
128.7962 29.4310
136.6991 30.5486
129.8071 28.0267
132.1445 32.0529
137.6102 30.4794
134.7071 30.6931
133.1120 32.0060
136.6113 29.3175
134.2614 32.2450
132.0365 31.4583
134.1635 32.1861
137.7083 30.1512
132.7485 32.0149
132.0553 32.0056
136.7344 30.0958
137.1829 30.1378
134.8027 32.2125
136.4394 31.0654
134.1661 32.1944
133.5474 32.5494
130.5975 30.7714
137.6422 31.3578
136.4131 30.7232
133.2924 31.5401
136.8154 30.8002
134.2079 32.1213
136.8649 29.5889
137.8975 30.3727
135.8401 29.1301
137.6251 30.3888
131.3330 30.0186
132.1024 31.6822
128.3877 28.3015
131.6918 30.7319
134.2469 31.4043
132.3868 32.1771
137.0553 30.6224
135.6358 32.6895
137.9078 30.2397
135.9101 30.9488
136.3735 29.7594
134.9067 30.5818
134.7808 31.2270
136.7155 30.7646
138.0447 29.8139
128.7728 28.1408
131.4098 30.4511
132.7115 29.1557
135.2148 30.8586
134.7337 31.8788
134.8791 32.1407
136.1249 29.2270
135.0140 30.5161
136.9618 29.3206
132.3827 31.9041
136.1537 30.9327
136.3593 30.6107
136.7652 32.0899
137.8597 30.6392
134.7499 32.1042
137.2597 29.5934
137.5279 29.7962
138.0296 30.1135
137.0964 29.6007
134.2173 32.1090
134.8044 30.7053
134.4486 32.0206
133.4088 32.3714
138.0128 30.1045
128.9675 30.3858
131.4285 30.5815
134.8979 32.1792
133.0162 30.7878
135.1693 32.4031
132.8986 30.1301
135.5353 31.1716
138.1827 30.5577
131.6101 30.8163
135.0139 30.3965
137.7275 30.6556
136.6481 30.0998
136.7855 31.3745
131.5593 30.3482
136.7780 31.1983
137.3960 30.6320
136.4138 31.6454
134.9040 32.1494
135.6492 31.9323
131.1192 30.1322
136.7476 29.7626
134.0330 32.0388
131.7153 30.9337
133.9651 31.6827
135.0941 32.0126
137.3184 29.7180
137.9933 30.4071
137.0649 29.2982
138.1224 30.1209
138.0348 30.2317
137.8208 30.0152
134.4090 32.4146
134.7110 31.8602
133.9223 32.0693
137.9122 30.1216
137.7622 29.9394
135.6005 29.4473
134.7219 30.9649
132.3235 32.1282
136.6055 31.9259
136.5633 30.7017
136.3590 31.1776
132.2008 32.4434
135.5940 29.1899
137.8661 30.1979
138.0055 30.0455
136.5338 30.9279
137.3114 30.1595
132.7324 32.5022
137.2893 29.5907
131.6928 30.9641
137.4932 30.1146
137.5247 30.8054
131.9693 31.4139
131.6813 31.1643
136.2323 31.1619
131.7354 31.0322
137.9431 31.0117
135.7680 31.9014
137.5986 29.5365
131.6952 31.4258
134.9632 31.9443
132.0492 32.0003
136.8380 30.4997
137.0701 29.8708
136.3731 30.5323
132.0595 30.7629
136.5200 31.3369
135.9984 31.4819
132.0558 31.5579
137.1138 29.8759
134.9776 30.2755
136.8722 30.7860
137.6136 29.9743
137.9803 30.8663
137.1534 29.7217
132.0700 31.9618
136.7963 30.5581
137.9970 30.2571
131.8016 31.0454
131.8562 31.2527
137.9713 30.3582
136.5255 30.6508
137.0168 29.7805
137.1978 29.8769
137.5663 31.4770
131.7126 31.1295
137.6099 30.4200
136.7944 30.8184
135.0337 29.5754
132.3892 31.9703
136.4772 30.6725
137.0951 30.4500
137.5589 30.0368
133.1384 32.0178
136.6332 30.2950
131.7520 31.0862
137.3344 29.9075
137.0401 29.7590
134.7765 30.7967
137.8675 29.6193
135.1761 29.3154
137.6426 29.6220
137.4806 29.7260
138.0296 29.8748
136.6904 30.4473
137.5561 31.3682
137.0888 29.9087
136.2485 30.7881
137.3968 29.7133
137.0728 30.1125
138.0526 30.0256
137.7733 30.2503
136.7609 30.1041
134.0908 31.7566
134.1600 31.3495
137.3245 29.8662
137.9826 30.3236
131.7679 31.3320
135.0327 30.7690
129.2040 27.5305
133.0542 31.8452
137.0438 30.4385
137.5860 30.8665
137.0423 29.9354
137.3477 29.7077
136.6679 30.6710
136.2869 30.8128
137.2337 29.7880
131.7767 31.0628
132.7881 31.9314
131.8731 31.5993
131.9298 31.3843
137.9411 30.1914
136.0931 31.5041
136.9474 29.9672
131.9866 31.9084
131.7785 31.0751
137.3504 29.6550
137.3073 29.5168
133.9477 32.0440
136.7401 30.4994
136.8710 30.0495
136.4027 30.9440
131.8150 31.3811
136.8861 30.1215
137.1886 29.7288
137.3220 29.7923
136.2589 31.0748
136.9892 30.1514
137.8342 30.0252
136.9310 30.0348
138.2785 30.0237
135.9451 31.5418
138.0083 30.1188
136.7332 30.4958
137.3369 29.7190
131.7914 31.3215
131.7798 31.4567
136.6672 30.6173
131.7860 31.2924
131.6854 31.0112
134.2778 31.1588
134.8512 29.8275
131.7100 31.2196
137.1014 30.1364
136.6638 30.5481
136.5747 31.0850
137.2114 29.8377
136.9092 29.9904
134.1555 32.3797
136.5269 31.2664
133.7085 32.3007
136.8773 30.3682
126.3180 31.2120
134.2394 32.3511
136.9778 31.8838
135.0241 32.3451
138.1201 29.6569
133.0659 29.7946
134.8515 32.1707
137.1949 29.3153
133.1065 31.3397
134.1097 31.6378
137.6759 31.5795
138.1069 29.9922
135.3658 30.7777
135.0305 31.7509
138.2567 29.7346
134.1212 31.2539
137.7807 29.9208
134.1191 32.1704
136.7890 32.1702
136.4037 29.9102
132.9246 32.6239
137.5773 30.4782
129.2206 29.2124
133.8824 31.7486
134.1340 31.9456
134.9234 31.6741
128.3992 28.2885
136.1096 29.0494
131.8088 30.9721
138.2144 30.3690
136.2107 31.6575
135.7632 29.8280
136.5627 31.2391
135.1687 30.2077
138.0888 30.3734
134.5375 31.7754
135.3141 31.1363
135.4598 30.1385
137.3644 30.8648
134.3116 32.0878
134.8602 29.5168
130.0995 29.2142
135.1755 29.3092
128.3396 28.1859
128.6838 29.4942
137.0402 32.1276
137.4351 30.5074
134.4146 30.9594
134.1919 32.3652
135.4203 30.8192
137.8725 30.5035
129.7527 27.8187
132.3123 31.3437
136.3675 29.1495
130.7709 28.3508
137.1502 32.5115
137.8102 30.6848
137.5453 30.3827
136.1835 30.6867
137.2704 30.1252
135.2415 30.5877
136.1692 31.9687
137.6361 30.1881
131.5468 28.5729
134.3376 31.6626
133.9833 31.8366
131.9019 31.6032
132.0804 31.0795
132.6740 31.9865
130.0494 30.1206
134.7954 32.0761
134.4325 31.7743
134.2827 32.0661
129.9770 27.6302
132.5319 28.9604
135.4871 32.5001
136.8412 32.1016
136.0755 33.1040
135.6313 32.4632
136.3265 32.6712
137.3527 30.4560
136.9578 32.1698
136.7442 31.9526
136.3210 32.9528
136.5128 32.5645
135.3958 32.7379
137.4864 30.4965
137.5669 30.4159
136.6722 31.9668
135.9896 32.6295
136.1276 32.0551
136.5641 32.4864
136.5500 32.9038
136.1964 33.0291
136.8074 32.3318
135.9209 32.6270
136.1980 32.8855
136.3088 32.7903
136.1783 31.9934
136.2972 32.7751
136.6619 32.2138
136.3504 32.3623
136.1686 32.0416
136.7054 32.4461
135.6055 32.8824
136.5336 32.2732
136.9400 32.1521
136.6739 32.7445
136.1406 32.5200
136.0468 33.1698
136.1727 32.9488
136.8534 32.2522
136.5668 32.8184
135.8002 32.7333
136.3797 32.8733
136.4972 32.2179
136.7244 32.4254
136.7894 31.9898
136.8146 32.0531
136.7668 31.9386
136.1098 33.0228
136.7214 31.9906
136.1607 33.0255
136.4437 32.5355
136.3908 32.8907
136.7979 32.1335
136.9220 32.1318
135.5729 32.4815
136.0559 32.7678
136.2208 32.0850
136.8154 32.1199
136.4015 32.7313
136.7929 32.2694
136.8921 32.1157
136.7957 32.1423
136.5492 31.8096
136.9455 32.1382
136.0034 32.6460
136.7692 32.3955
135.9922 32.7037
136.6234 32.4204
136.8439 32.0389
136.1977 33.2721
136.2688 32.8435
136.7243 32.4350
136.3697 32.7110
136.1104 32.5076
135.4211 32.6687
136.7973 32.3721
135.3911 32.6749
136.8418 32.2028
136.0646 33.0536
137.0475 32.6584
136.3084 32.7189
136.0128 32.6955
136.5570 32.5080
136.4187 32.8942
136.8448 32.0935
136.6489 32.1182
136.9023 32.1818
136.3974 32.0734
136.7282 31.9991
136.4681 32.2799
136.7816 32.3419
136.6514 32.0795
136.3769 32.9565
135.6374 32.8775
136.8792 32.2003
136.1272 32.9920
136.5321 32.2510
135.4612 32.9158
136.6991 32.4372
136.8552 32.0574
136.7759 32.7747
135.6412 32.5008
136.2497 32.7521
136.3105 32.7287
136.1105 33.2110
136.4388 32.6428
136.3985 32.0268
135.7972 32.3166
136.3872 32.6747
136.8332 31.9895
136.4465 32.7562
136.4316 32.6105
136.4078 32.3091
136.2061 32.9903
136.8941 32.0664
136.9377 32.5756
135.6217 32.8794
136.8278 32.3285
136.8186 31.9284
136.9050 32.2119
136.8504 32.2775
135.4472 32.6192
136.0225 32.0936
136.4936 32.3983
136.5140 32.2517
136.5567 32.5288
136.5299 32.2805
136.4775 32.5529
136.5575 32.5397
137.2327 30.6640
136.1414 32.6103
135.4895 32.5774
135.4922 32.7709
136.0833 33.0220
136.2572 32.8726
136.4702 32.5668
136.8381 32.1726
136.6607 32.5162
136.1690 32.9714
136.8832 32.1808
136.7131 32.4635
136.4395 32.4013
136.2481 32.1288
135.4859 32.8648
136.5957 32.2979
136.4126 32.0309
136.7056 31.9816
137.5069 30.4704
135.7476 32.8439
135.3966 32.7162
136.7559 32.0966
136.2650 32.0670
136.4269 33.0475
136.3569 32.6503
136.8072 32.3708
135.4415 32.8148
136.4789 32.9663
136.7512 31.9714
136.1443 32.5880
136.8369 32.0980
136.5597 32.4721
136.8395 31.9953
136.2538 32.9768
135.3485 32.6982
136.1659 32.1623
136.1770 32.9161
135.4267 32.8267
136.5198 33.1430
136.2117 32.1550
135.3736 32.7348
136.1402 33.0894
136.6026 32.5934
137.3109 30.4705
136.8926 31.0582
136.3123 32.9737
136.5868 32.1280
135.7318 32.3342
136.6277 32.1004
136.7358 32.1513
135.3852 32.6410
136.8253 32.3978
136.3831 32.7572
135.6078 32.8629
135.5029 32.5383
137.5591 30.3917
136.1876 33.1916
136.8300 32.2091
135.4167 32.7448
136.8641 32.2188
136.5538 32.2320
136.0324 32.7255
136.8330 32.0049
135.9258 32.7419
136.4039 32.0015
135.9568 32.1317
136.5990 31.6648
136.3204 32.8042
136.7631 32.3591
136.6849 31.9779
136.2414 32.5723
136.3861 33.0026
136.1707 32.0012
136.7701 32.8415
136.8237 32.0422
136.0726 32.5533
135.7008 32.8581
136.7731 32.0640
136.2149 32.9380
136.8629 32.0891
137.4420 30.2392
136.8286 32.0418
136.5801 31.7573
135.7898 32.2483
136.2728 32.7762
136.6785 32.1722
135.6703 32.4698
136.1767 33.2473
136.0805 32.7177
136.2820 32.7901
136.3270 32.3944
136.1602 33.2637
136.5526 32.5859
136.1933 32.0194
136.1260 33.2261
135.5488 32.9073
136.7798 31.9848
136.0894 33.0687
135.5970 32.4562
136.8568 32.1092
136.2131 32.8202
136.2270 32.5273
136.4021 32.4416
136.1968 32.0668
136.3332 32.4623
137.5015 30.4832
135.4051 32.6692
136.9160 31.0235
136.4524 32.6165
137.3212 30.5045
136.8402 32.2827
135.3589 32.7280
136.5374 33.1921
137.3315 30.5669
136.3028 33.1093
136.7893 32.8657
136.1087 33.0095
136.4725 32.5126
136.5155 32.5155
136.0533 32.9534
136.5724 32.9246
136.7912 32.4002
136.3564 32.0842
136.1522 32.6689
136.6969 32.7029
136.6289 32.0628
136.9215 32.2238
136.3916 32.4192
136.7567 32.3223
136.7469 32.1009
135.3797 32.7297
135.3768 32.6073
136.8811 32.2736
136.0659 33.0996
137.1011 30.7267
136.8477 32.1786
136.3065 32.6746
137.3920 30.4483
136.4307 32.6625
135.8179 32.3045
135.4304 32.7762
136.7058 32.8697
136.8304 32.1614
135.4370 32.6633
136.3441 32.7198
135.8280 32.8672
136.5598 32.3561
136.7733 32.0077
136.1317 32.0721
136.5062 33.0920
136.0442 33.1984
135.5813 32.5446
136.4913 32.5413
136.7168 32.3827
136.1921 32.0511
136.3257 32.7485
136.8851 32.1108
136.4259 33.0410
136.3415 32.6667
136.0571 33.1947
136.2068 32.9593
136.2496 32.4630
136.8367 32.1532
136.0308 33.0366
136.2650 33.0819
136.1544 32.0284
136.3247 32.4894
136.1751 32.0976
136.2064 32.8218
136.0777 33.1330
136.0579 32.7235
136.8432 32.1097
136.8277 32.0747
136.3246 33.0097
136.3531 33.0712
136.8541 32.2049
136.1752 32.8597
136.7262 31.9888
136.1560 32.0854
136.1239 33.0415
136.3536 32.6667
136.5655 32.5512
136.6480 32.4318
137.2147 32.5897
137.1307 32.6207
136.6267 33.1513
136.1989 32.0669
136.6661 32.4787
136.7391 32.3424
136.2870 32.7676
136.6217 32.1010
137.2890 30.4848
136.0736 33.1625
136.5093 32.6898
136.1252 32.0897
136.8378 32.1768
136.6926 32.4339
135.6683 32.4427
136.1614 32.9333
136.2484 32.8286
135.4283 32.8006
136.1932 32.9765
137.5130 30.5138
136.3473 33.0145
136.7317 32.1300
136.0483 32.2323
136.8031 32.1605
136.8311 32.1395
136.5333 32.5469
136.6594 32.3922
136.3926 32.9114
136.6226 33.0482
135.3799 32.6649
136.3313 32.3464
136.1114 32.9803
136.5793 33.2808
136.0827 33.0332
135.3471 32.8371
136.5195 32.7901
136.2305 32.8973
136.2958 32.4581
136.3181 32.9704
135.3841 32.6131
136.8857 32.1373
135.5693 32.5166
136.1738 32.9444
136.0401 32.0840
135.7924 32.7204
136.8219 32.2375
135.5319 32.5570
136.1463 32.0357
136.6597 32.6110
136.8407 32.1091
135.9967 33.1266
136.6636 32.2633
136.3146 32.6666
136.6359 32.7118
135.9047 32.2620
136.5111 32.9949
136.1646 32.5691
136.7277 32.4344
136.7503 32.0867
136.3341 32.7294
136.4434 32.8163
136.2964 32.7943
136.7614 32.3719
136.1264 32.9227
136.1381 32.1169
136.4913 32.5910
135.9917 32.1808
