133.8235 31.6126
135.1048 31.0025
133.2498 32.5663
137.6164 31.0335
137.3731 30.2834
132.5105 31.5940
132.3931 31.7225
133.6928 32.0113
135.7076 31.8273
128.6466 28.4547
136.7437 30.6683
136.5576 32.0097
134.3900 32.4163
134.8111 30.6545
136.9719 30.1234
134.1234 31.6199
136.4217 32.3908
132.3118 31.9647
132.1743 31.9302
136.8951 29.9993
132.3615 31.5456
132.7847 32.3545
136.4791 32.4028
136.7719 30.4678
136.4214 31.4813
136.3098 31.0841
132.7151 32.3443
132.3822 32.1490
136.7952 31.9752
137.0475 30.3805
133.3760 32.5871
128.9056 29.1931
135.2576 31.7430
135.7887 31.6904
133.5373 32.6583
135.1247 32.6555
135.8683 32.0088
135.3583 30.5955
136.1895 32.0400
135.3743 32.4520
137.3398 31.9012
133.9091 31.7679
136.4072 31.2830
135.8470 31.7713
135.8461 32.2886
137.0231 30.1426
132.7083 32.4320
134.4337 31.3412
129.4782 28.0354
135.7566 32.4091
133.2719 32.5908
129.1964 29.0824
136.7178 31.9673
136.3688 29.9841
135.4741 32.4685
134.9402 31.9425
137.7193 29.8366
132.2090 31.6831
131.8382 31.7043
136.5470 31.0110
135.0293 30.4637
136.1138 32.3498
134.6560 30.8262
137.0346 30.3989
135.4868 32.0922
136.3126 29.6203
137.3035 30.1602
132.4061 31.6882
132.8757 31.4057
136.8467 30.4970
134.8194 30.7327
136.8633 31.0039
135.9880 31.2664
136.1642 30.9454
132.3595 32.1504
137.1655 30.0676
136.0480 32.5675
132.5260 32.1531
133.3003 32.5724
135.9866 31.4789
134.0439 31.5469
133.8080 32.4663
136.4820 31.7369
136.1919 32.5691
136.0057 29.7611
136.1157 31.9517
132.8321 31.5679
135.1732 30.8092
136.4885 29.6232
136.6709 31.7497
133.2079 32.6044
135.9760 31.1799
134.9356 31.9778
133.7267 32.4507
132.0278 31.5479
136.2180 32.6539
132.4150 32.1489
128.8189 28.2755
136.2574 31.0914
135.3540 32.2989
128.6922 29.2426
136.0476 32.4264
133.4539 32.1920
135.3543 31.9859
136.6283 32.2531
135.9961 31.1029
134.1798 32.2325
133.7478 31.8938
136.5007 31.1501
132.0645 31.6573
135.9791 31.2159
135.3996 30.8060
137.3520 30.2467
134.7096 30.9005
133.8255 32.3420
136.1447 31.7636
134.3098 31.3732
132.1848 32.0083
133.5910 31.9944
135.9416 31.6027
137.4921 31.7572
132.9350 30.9489
138.0550 30.7807
138.0561 30.3054
136.7716 31.7075
128.7991 28.0569
133.5297 32.6262
135.1080 32.5234
132.7375 31.6373
132.2970 32.1982
135.6062 31.9138
137.3494 30.5096
136.4377 29.9988
136.5072 31.7239
134.0271 31.5738
135.1015 32.1040
132.9296 31.1753
132.1092 31.8834
132.0259 31.7206
136.3167 32.6538
129.4121 27.8083
137.1532 30.5350
137.0845 30.0622
133.1491 32.4049
132.9145 30.7761
135.7263 31.3570
136.4857 31.8023
135.6862 31.7504
133.6669 31.8810
135.1146 31.7931
133.4458 32.2248
131.7355 30.5263
136.5750 32.2283
135.8814 32.4811
137.1847 30.5485
132.2654 32.1241
136.9608 30.6459
133.6798 32.5614
136.2547 29.6058
134.2497 32.1434
137.3585 30.2061
135.8109 32.4497
132.2518 31.6014
132.1408 31.8451
132.4415 31.8234
136.5887 30.1320
132.0820 31.7027
135.4582 32.4339
132.5642 32.0040
132.8708 31.6953
128.9499 28.2984
132.2462 32.2024
135.1351 30.5097
132.2876 31.6794
134.7136 32.6937
134.6212 32.0220
132.0256 31.9645
130.9271 30.7639
135.8909 32.0541
135.3746 31.6938
137.7533 30.5431
136.6245 32.0720
132.3746 32.2104
137.2775 30.7503
132.2762 31.9934
135.5257 31.8726
135.0220 32.4394
135.2021 30.7676
136.6040 32.1545
132.3066 32.1047
135.7552 32.1237
134.1968 31.2739
132.4424 31.9974
130.0967 28.2367
137.2236 30.2372
136.2442 32.2937
136.7102 32.3440
133.2148 32.2892
136.5353 30.8914
134.0231 32.4204
137.2682 30.4119
132.8349 31.6642
132.9823 31.9497
134.6095 31.1498
136.0083 31.6912
132.1428 31.8531
132.3289 30.8051
135.6631 31.9209
134.0522 31.8331
136.9629 31.3297
138.1318 30.3279
129.2395 29.1620
135.8142 32.2486
136.5650 31.8450
134.2616 32.3681
136.1623 31.5238
136.4887 32.1264
137.1920 30.0061
132.9676 31.3250
132.0990 31.8879
135.0195 32.2282
136.4763 31.2014
132.0810 31.7200
136.0292 31.5976
135.1047 32.1919
133.3911 32.2463
132.9769 30.9948
134.8753 32.4208
128.9973 28.3485
137.1633 29.6243
133.6331 32.5329
134.9559 30.4185
135.9722 31.6568
135.4919 32.0364
132.6059 32.3066
136.9520 30.2664
136.5726 30.8210
136.1010 31.4638
132.0586 31.5056
137.3097 30.3062
136.6720 31.2789
133.4242 32.1446
136.0479 31.4543
132.6320 29.0511
135.9792 31.5986
132.8744 30.7208
136.0466 32.4295
132.9608 30.8994
137.0893 30.2008
133.8280 31.8260
137.9089 30.3376
135.1961 30.0301
135.8294 32.0456
136.1699 32.1309
137.4255 30.3712
136.9164 30.7154
132.8437 32.4462
136.2190 31.1817
136.2491 31.6135
132.3864 31.6761
132.6779 31.8887
135.4696 31.9651
128.7230 28.3084
138.0406 31.0093
135.9689 30.9926
137.4163 30.4169
133.2664 32.5554
132.1335 31.7391
135.3943 29.9523
132.3446 32.2065
137.6650 30.5015
132.1110 31.3570
133.6624 31.9115
133.5401 32.5815
132.5248 31.5238
136.5789 31.8281
137.6667 30.4836
134.5258 32.1289
136.7297 30.9023
135.8206 31.6069
132.0403 31.4274
132.6382 31.7841
137.0352 30.1531
135.3337 32.0798
136.5832 30.5218
135.8242 31.7220
137.1403 30.3546
137.2542 30.1204
134.7029 32.4818
136.3670 32.2567
136.5413 30.8663
137.3278 29.6867
132.2611 32.1735
137.2219 30.6077
132.1441 32.0568
134.0138 31.6644
135.6882 31.3518
136.5885 31.7444
134.6254 32.6951
133.5716 32.5136
132.4442 31.6312
136.8629 30.6574
135.0948 30.8897
137.4249 29.7526
133.9593 32.3560
133.4567 32.1095
133.3103 32.3362
135.7122 29.7779
136.4509 32.3117
136.1577 32.3235
136.9202 30.1608
137.5402 30.6669
136.7877 30.0746
135.9152 31.5777
133.9386 32.3463
135.5218 31.7475
134.7178 30.9020
136.7433 31.0356
135.2132 30.2121
134.0984 31.2973
132.7429 32.1972
132.3128 32.2218
137.4659 30.5088
132.3789 32.0651
136.6118 30.8660
132.7355 31.1230
137.2784 30.0306
135.6762 32.2119
132.3448 31.8472
134.7658 32.5926
134.6903 31.1579
135.9866 32.5138
135.7092 31.6830
135.3628 30.1731
136.2229 31.8941
137.7658 30.8288
137.1682 30.4306
132.1526 31.6310
136.0596 31.7961
133.7515 32.4129
135.5522 29.7316
134.1190 31.3358
134.6399 31.8603
129.4176 27.7816
136.4899 30.6313
132.6992 31.0769
137.2678 30.2625
134.8372 32.5503
136.5165 31.7039
136.0952 31.7264
132.8725 31.1219
135.8574 32.1741
133.0653 32.3441
136.6494 30.4376
135.5399 32.2775
135.2700 32.3112
136.4008 31.1174
132.8738 31.1564
133.3022 31.9988
136.1907 31.2669
136.3528 32.2377
133.2149 32.2541
137.2923 30.1068
128.6872 28.3165
133.0169 32.5653
132.1320 31.8171
135.3510 32.0890
136.8418 31.9575
133.5248 32.5128
128.9580 28.0666
136.3849 29.6593
137.1875 30.4182
133.4086 32.4845
133.9262 31.6168
137.2005 30.5010
136.0309 32.2094
136.1385 31.7370
136.9275 30.6618
137.2130 30.1125
135.6331 31.9380
135.6685 31.6840
135.3720 31.7497
136.3474 32.4917
134.0336 32.4271
136.3321 31.5415
135.9832 32.4205
132.2772 32.1441
137.0029 30.2595
128.3617 28.3293
132.3610 30.4868
132.8894 31.2185
136.4454 30.9284
132.5382 32.3388
135.6640 32.1777
131.5078 31.5542
132.1438 31.8786
137.2686 29.9959
135.5494 32.0003
134.7267 32.6398
135.6894 31.8118
135.3040 32.4141
136.4095 30.9840
134.1621 30.8863
129.7369 27.9263
137.1184 31.6572
137.1077 30.2776
132.0318 31.8740
136.7730 30.8821
135.7674 31.5214
137.1183 30.8361
135.1505 30.8314
133.5612 32.4962
134.8419 31.0425
132.9391 32.5712
136.4336 30.9858
133.8790 31.6680
135.2838 31.6407
135.3846 32.1163
137.2595 30.5904
133.1393 32.2835
136.3613 31.8463
135.1186 31.5458
134.6924 32.8211
132.3786 32.3391
134.5255 31.0876
135.1488 30.5261
136.2453 31.8216
136.3691 31.8959
136.0699 31.3104
133.2991 32.1384
134.9812 30.9318
137.1395 32.0140
135.8559 31.8190
132.1333 31.4063
137.3356 30.4663
135.0213 32.4616
132.5522 32.3892
128.9218 28.1251
135.3743 32.2051
133.6333 32.4851
137.0987 30.2629
132.6666 32.4752
131.9645 31.4799
133.3611 32.6155
137.3458 30.1995
133.7197 32.4823
136.4999 29.9224
131.6437 30.3274
135.8642 31.4865
135.3681 31.8780
132.3240 31.0313
132.0155 31.3627
137.1010 30.0749
128.6016 28.0955
132.2336 31.8484
136.8297 31.8458
132.2974 29.2278
136.2478 31.9419
132.7686 32.4088
132.2082 31.8657
135.4311 30.5640
136.8552 30.5597
133.1067 32.3728
137.0258 30.6944
135.8682 32.5128
137.3624 31.6599
135.5060 31.8713
135.5685 31.3722
132.2508 32.3009
131.9877 31.5845
132.1893 32.0554
136.2361 31.4055
136.0239 31.6644
134.8570 32.3569
132.4837 32.4418
134.8397 30.6500
136.6485 32.0883
137.6613 31.5592
135.0877 30.3526
136.7999 30.0726
132.9177 30.9050
133.6073 32.5174
131.9922 31.6555
134.9450 32.5117
132.8711 32.3752
137.8294 30.7573
135.2478 30.8324
136.0255 31.5579
136.2460 31.1902
135.0255 30.2270
137.3197 32.0259
128.7704 29.0859
135.7334 32.4172
133.1300 32.3157
137.4112 31.8207
136.2466 29.6600
134.9098 32.4841
136.1709 31.2155
134.8908 31.8974
133.1247 32.2111
134.9575 31.9005
137.7454 30.9999
132.9602 31.6831
136.7015 30.7917
134.7089 32.1178
132.1309 32.6645
137.7028 31.6442
133.1697 32.3224
135.2200 30.6863
135.0897 32.1853
137.3075 30.8775
137.7025 30.9978
136.9167 30.4265
137.2774 31.7208
133.8521 31.6545
134.8652 32.4707
128.6277 28.4260
132.2241 31.8904
135.6334 31.7494
135.0932 32.4672
133.0840 32.3374
134.9791 32.5071
133.3966 32.5745
136.5012 31.4678
135.8526 31.0655
135.1326 32.1121
136.4924 31.0802
135.3214 31.5463
132.3320 32.2496
133.6449 31.9210
136.5856 31.4198
134.9665 30.9549
133.0507 32.4343
134.9933 32.6270
133.5840 32.0023
135.6748 31.9487
135.3274 29.9587
135.2021 32.3943
128.3778 28.9385
137.0416 30.6324
136.1618 32.1747
132.1369 31.7821
132.3396 31.7985
134.9664 32.5406
136.4604 32.0728
136.7110 31.1751
135.3590 32.4851
135.1614 32.3206
128.8987 29.1975
136.6990 31.5003
135.9763 30.9707
135.8874 31.5818
136.2329 31.4420
136.3868 32.0357
135.3732 32.0290
134.8164 32.6349
135.5696 31.6822
132.3802 31.7191
133.6345 32.4982
132.7299 31.6673
132.9504 31.3615
135.7657 29.8046
135.7245 32.3000
132.2861 32.0694
129.4271 27.8486
133.1116 32.3811
135.8561 31.4712
136.0647 31.4698
133.7916 32.5182
137.2438 31.7385
133.5045 32.0678
134.0140 32.3588
133.3951 32.1481
134.9097 32.5322
134.8270 31.1051
135.4761 31.5131
135.1472 32.1486
135.1121 32.1284
129.1520 27.5389
132.1874 31.8975
132.7840 30.8748
133.3935 32.5684
134.1541 32.2487
136.3441 31.9642
136.2276 31.4450
136.3282 32.1173
135.2998 32.0103
132.1074 32.0137
136.2880 30.6849
132.3516 32.1035
135.1006 30.5023
133.1335 32.5280
132.2309 31.6934
132.3900 32.2340
132.9416 30.9470
136.5134 32.0240
136.3934 31.6346
132.3580 32.1093
132.8539 30.9981
136.5319 31.7389
132.3261 32.1222
132.8330 31.4408
132.1080 31.8908
135.0347 32.3019
136.2691 31.7162
136.2531 32.3277
132.6863 31.5446
128.8491 28.1726
136.0219 31.1667
132.5674 31.8244
135.0115 31.7921
136.1307 31.3363
136.5267 31.5288
136.3768 31.8112
132.1144 32.1224
134.4652 30.8199
136.1081 31.4167
135.1396 32.5122
134.8902 32.3740
136.8491 31.0604
137.7715 30.6338
133.4942 31.8673
132.1676 32.2215
135.6373 29.8977
136.2143 32.1165
133.8956 32.5893
136.6046 32.2046
135.1588 32.0029
134.8068 32.1340
136.8436 32.3409
136.1428 32.8740
135.7577 32.6413
136.5411 32.3561
137.1914 32.1812
133.9476 32.5147
133.0055 31.4240
136.8515 31.9517
134.1683 32.3762
137.3285 30.2658
137.8166 31.4829
128.7198 29.2262
136.2087 32.9352
137.2633 32.0657
137.1556 30.5798
137.3340 31.9263
136.6766 32.3443
136.6757 31.6879
129.0384 28.4203
133.7131 32.6425
135.2422 32.7611
136.3480 32.5442
133.2256 30.3767
136.5393 31.0431
137.0333 32.2714
132.9965 31.3272
137.2275 30.2370
136.8988 31.8209
137.5591 31.7973
136.6381 31.6180
128.5948 28.9781
134.0043 32.4449
129.0627 29.3113
133.7183 32.5985
137.4133 30.3010
134.4707 32.2979
136.4918 32.5210
134.7781 32.1673
133.5815 32.5080
135.7084 32.3022
135.4181 31.8595
136.1922 32.7070
137.2758 30.5291
137.4025 30.1597
136.2093 32.2117
136.9011 32.0369
133.9527 32.4772
135.7070 32.0869
128.7698 29.4051
135.0260 31.9512
138.0203 30.7996
137.0874 30.5695
129.2043 29.5017
133.9328 32.5196
136.7286 32.5480
136.2200 32.0250
135.8927 32.1286
132.8749 31.8770
136.4439 32.7084
136.4310 32.6757
134.9825 32.1412
136.8598 31.9826
128.6920 29.2622
135.2233 32.0071
137.6516 31.5513
136.4118 32.4846
133.9592 32.4457
134.8081 32.0390
137.6546 31.4588
137.1919 30.3171
132.6257 32.2811
133.3907 32.6060
136.5490 32.2017
136.1777 31.7973
137.4235 32.0146
128.9813 28.4637
133.5637 32.6787
137.8513 31.0566
137.4356 31.9391
137.5487 31.7482
136.3561 32.6360
137.6649 31.4825
134.9071 32.0499
137.3627 31.8634
135.9204 31.9787
137.7110 31.5654
134.0324 32.5121
135.5721 32.7373
133.9719 32.4839
137.8253 31.3454
133.6536 32.6118
135.6213 32.4204
137.0126 31.9713
136.5344 32.4866
137.0359 31.2683
133.5195 32.5803
136.0892 32.3847
136.8239 32.4836
134.7991 32.2562
137.3449 32.0009
133.4643 32.6134
136.7377 32.5040
137.0386 30.4343
136.8941 32.0830
134.2127 32.3574
135.3939 32.6383
136.4417 32.8755
137.1438 32.2995
135.9234 32.5422
137.7583 31.0104
136.0599 31.8011
133.8115 32.5391
134.6900 32.1665
137.6312 31.6165
137.2110 32.0899
136.5174 32.5655
136.3337 32.0851
136.8592 32.0406
136.5562 32.6244
136.6203 32.5564
136.9415 31.5881
136.7345 32.6155
132.5805 32.1574
136.7337 32.1878
136.7836 31.5587
136.9161 32.4094
136.4711 32.3621
137.7645 31.3320
137.7786 31.3283
136.3179 32.7179
133.8613 32.6243
136.5956 32.5284
136.6873 32.2439
136.6553 32.2757
136.5536 32.4562
136.8613 32.5200
136.5302 32.3286
132.7141 32.0754
136.8966 32.1015
137.0895 31.8077
136.4160 31.4591
136.7798 32.0801
136.8806 31.7239
136.9854 31.3550
136.7678 30.8161
136.6240 32.4054
136.9498 31.7995
137.9100 31.1500
136.2983 32.6776
128.6126 29.3080
137.2252 32.2567
136.9368 31.9470
136.8036 31.7207
136.9986 31.8967
135.7402 32.4680
136.3578 32.5945
136.9368 30.7448
137.0867 32.3294
136.8507 32.2874
136.5294 32.5311
137.3678 31.9966
136.6274 31.9025
136.6630 32.2517
136.3809 32.9394
136.5383 31.3113
137.3026 32.1040
137.2313 32.0565
133.6370 32.6496
136.8734 32.0434
136.6794 32.3422
136.4654 32.5321
136.9762 31.6788
135.5837 32.8771
136.5521 32.4914
132.8768 31.1724
136.8305 32.1166
137.5273 31.7906
136.9870 32.3839
135.8058 32.4960
136.4936 31.9550
136.8050 31.6220
133.6990 31.9046
134.1072 32.5344
132.7423 31.9618
136.3668 32.4652
137.0273 31.9620
136.2794 32.8844
136.5185 32.4210
136.9170 30.8802
136.8458 32.0086
137.3821 32.0114
134.2210 32.4759
136.3079 32.9425
136.5662 31.7174
136.6799 32.3656
136.7470 32.2763
136.5379 32.4115
137.0792 32.2189
136.4942 32.7424
136.9117 32.0638
136.4155 32.7338
133.7501 32.6201
136.5903 32.2279
136.9801 30.7582
129.2686 29.1559
128.7849 28.3728
136.9075 30.7597
136.9321 30.6821
129.2617 29.2076
136.6831 32.1607
136.5549 32.5918
136.9399 32.4288
133.7263 32.6185
137.5405 31.8159
136.7876 32.3650
136.6244 32.4496
133.7800 32.6368
137.3090 32.0068
132.9967 31.2607
136.3181 32.8073
136.9849 31.8481
137.0611 31.6727
135.3933 32.7727
136.8055 32.1176
136.4096 32.7850
136.2272 31.9160
128.9487 29.3195
136.4677 32.7347
132.8641 31.8288
136.5264 32.7070
136.7221 32.1641
136.6196 32.4003
135.4554 32.7305
136.6226 32.2433
136.6840 32.3675
136.6788 32.2807
136.8572 31.7111
136.4691 32.5851
134.9612 31.9075
135.6166 32.6780
134.1440 31.4325
137.4441 30.1131
137.2148 29.9825
136.6606 31.8541
132.8883 31.4760
136.8691 31.4697
133.3107 32.7088
137.2952 30.3235
137.6357 31.4818
134.5825 32.0730
137.4549 30.3292
135.9184 32.0713
135.8059 30.4527
135.6311 30.0692
133.0016 31.6737
128.4783 28.7439
135.5243 32.7412
134.0681 31.7256
128.7502 28.5280
129.0229 29.3329
129.1254 29.6915
137.0228 29.9307
135.2449 31.0194
136.9552 30.7139
133.0021 31.9000
137.1645 31.0219
137.3566 30.2919
132.3457 32.3462
133.3373 31.8829
137.0339 31.3671
135.6535 31.6058
129.0275 28.5469
136.6759 32.5288
137.5467 31.9444
130.1517 28.0380
136.2397 32.6401
136.1517 32.1413
136.1116 31.4489
136.5816 31.8245
133.7011 32.3078
135.7628 32.4487
136.1292 31.8311
131.2628 30.6431
137.4646 30.1373
137.0583 32.0726
133.1938 32.4260
131.4926 29.0882
135.3159 32.5612
127.9007 31.5511
129.5768 28.2369
134.8277 32.0111
128.8503 28.7425
135.9446 32.3033
135.0353 31.9130
137.6744 31.4736
136.9257 30.6378
129.0924 28.3748
133.2300 32.3506
137.3942 30.2112
136.0706 31.2151
137.6406 29.9250
137.1468 31.7560
134.6989 31.5260
137.3359 30.9867
136.4846 31.7071
132.0425 32.5581
136.4075 32.3463
134.1761 31.5411
137.9626 29.9598
136.0898 33.3018
136.8228 32.2881
131.4845 30.4163
136.4873 31.1552
137.4600 30.2682
137.0205 31.1486
134.5168 32.2842
136.4958 31.1814
136.8080 31.3996
133.1493 32.7249
137.0037 32.3157
134.3495 32.3354
137.0717 30.4415
137.0534 32.3232
130.7613 28.5751
137.7309 31.4160
132.7573 32.0544
133.4626 32.2765
136.4002 32.8924
134.5205 31.2927
132.2460 32.0399
133.1855 32.2536
136.5363 32.3012
129.7175 29.1610
134.3347 31.6925
136.5948 30.8876
134.5962 31.6766
136.3210 32.7049
129.0288 29.4444
135.7089 32.6954
133.8409 32.5871
136.0373 31.8020
137.0029 30.4808
133.0582 32.3325
136.8186 29.7763
133.4249 32.6029
129.7349 29.4770
133.5074 32.6997
135.7388 30.3487
136.8737 32.0875
134.0573 32.4626
132.2021 32.6736
136.2257 32.7222
135.5358 32.5752
137.6376 30.5440
135.1706 31.7031
137.0305 30.5335
132.8650 30.7553
135.5657 32.0024
129.1012 29.3074
137.1854 32.0198
137.2601 31.8038
136.1176 32.5865
136.5627 31.3982
133.0250 32.2753
135.7802 29.7746
135.5602 31.6342
137.0405 32.2261
135.0198 32.4141
133.6939 32.3941
136.9239 30.2289
137.3748 29.6491
136.4141 32.2048
132.0569 31.8002
133.6466 31.9728
135.7912 32.1381
133.0130 30.8797
136.4960 32.1591
132.6252 32.4389
132.9299 31.1141
133.2053 32.3148
137.7462 29.9957
132.1775 31.7486
137.3755 30.2735
136.1806 32.3524
135.7704 31.7179
134.7791 32.6288
135.5448 31.5165
128.8256 28.3019
135.4614 32.4435
137.0167 30.5755
134.8132 30.7877
136.6344 31.4650
135.1068 30.7411
135.2465 32.4546
136.1513 32.3862
137.7041 31.4089
136.4785 32.4656
135.9362 31.6003
137.7497 30.5455
135.5191 32.1805
134.9440 32.3086
132.2120 31.9362
137.0826 32.1001
136.1167 31.4559
136.7253 32.2164
137.6747 30.6642
137.0671 32.0268
136.9456 31.6991
134.7367 31.9310
133.6353 32.5433
134.9452 32.5156
133.7924 31.5786
134.0611 32.4256
137.7310 31.6159
136.4088 32.2114
134.8523 32.7427
132.3277 32.2247
136.0879 32.3848
128.7496 28.4248
134.3891 31.0572
133.5179 32.5127
135.3919 30.5817
132.3065 31.8936
135.6076 31.3560
137.0398 30.7982
137.1996 32.1727
135.9464 31.0466
136.5414 30.8187
136.7782 31.9556
138.0891 30.5656
135.3190 32.5500
128.9249 29.1919
136.6962 31.8725
136.7275 31.1725
132.9328 32.3926
135.7680 31.9256
135.4362 32.0884
136.5166 31.6050
134.7741 30.7854
134.7800 30.7582
135.8289 32.3474
135.4266 32.1193
132.3362 31.9615
132.4615 32.4334
136.5257 31.4313
135.8856 32.0291
134.9041 32.5483
137.1815 29.5662
137.1280 30.2147
136.1747 31.4978
134.9176 30.5967
136.9078 31.9895
128.5198 29.2291
137.3619 32.0035
136.9326 30.6276
132.8561 31.0491
132.1696 32.0366
135.6902 31.3857
136.3156 32.5821
134.9742 30.8404
133.2481 32.5782
137.2841 30.1549
133.6639 32.5647
135.5182 31.9487
133.7193 31.7173
134.8303 32.4472
136.6443 32.1355
136.7033 32.2714
136.6347 32.1165
135.4930 30.6826
134.8897 32.5988
133.2180 32.3270
132.0787 31.9066
136.7555 32.2152
133.3531 32.1789
135.0945 32.4755
136.9232 30.9712
128.9884 29.2204
135.5293 32.0400
136.2404 31.7163
136.0025 32.3833
132.9673 30.9349
137.6292 30.9658
132.2985 31.7465
137.1673 31.8977
129.9035 27.9265
136.0281 31.7075
136.1938 32.2185
137.2386 31.5602
137.2040 31.8373
137.1165 31.9969
134.8270 31.0467
134.6744 31.2033
135.0967 31.7805
132.5089 31.7515
134.4734 31.0083
134.8584 32.4026
136.4857 31.5394
132.2094 31.8883
135.7697 32.0615
135.9772 32.3186
136.4355 31.9929
135.8391 31.1167
132.2599 31.6387
136.2035 32.2267
136.8135 31.0785
136.5487 31.0203
136.5918 30.6913
136.6055 31.3871
133.1780 32.5852
128.7350 28.2802
134.9737 32.5015
135.5258 32.1873
132.9007 31.2423
137.3561 31.7473
135.7527 31.8727
137.7858 30.6170
133.4761 32.5195
132.2574 31.7806
132.3419 32.2058
136.1909 32.2266
135.0421 32.4945
135.5958 31.8563
135.6051 31.8998
135.1548 32.0523
134.6954 31.9468
132.3999 32.0067
133.3283 32.5608
136.1525 32.2088
137.3850 30.4854
136.7819 32.0650
132.2359 31.6145
136.3903 31.8133
133.2802 32.3028
132.7570 31.6510
136.5928 32.2334
129.2536 29.1843
134.6281 31.0227
135.0817 32.4561
136.1790 32.2733
133.9195 31.6031
133.4592 32.5702
134.0622 31.0298
137.6053 31.5063
135.9481 31.5083
135.3181 32.4400
134.4241 30.9892
134.9818 32.4409
128.6612 28.3200
132.4640 31.7813
128.7471 28.3866
135.5277 32.1477
135.3387 32.3822
136.0293 31.4257
134.8009 32.6163
133.2720 32.0920
136.7540 31.6074
133.8775 32.4235
136.1754 32.2977
134.7147 31.7995
135.9930 32.3420
134.7882 31.0562
135.9000 32.4305
132.6708 31.0309
137.1665 30.0767
134.9181 32.3601
135.2991 32.2825
128.8087 28.2363
136.0138 31.4625
135.8373 31.7301
129.4684 27.8848
135.6368 31.6256
136.3781 31.7812
136.8463 30.5090
136.4826 31.4177
133.1476 32.3871
136.1497 31.8459
137.1352 29.6189
135.9320 31.7891
132.9732 32.2097
132.5759 32.4259
135.5137 32.1217
135.8889 31.6289
136.1416 31.7790
136.9034 30.6743
134.0344 31.4075
136.3533 31.5665
128.7605 29.0906
134.5456 31.0924
135.1438 32.5377
137.5700 29.8758
136.1952 32.1509
135.4825 29.8902
135.4088 29.8487
135.9353 32.4928
132.6870 31.6048
128.6594 29.0820
133.3045 32.5436
133.4632 32.5395
134.9292 30.9095
135.8955 31.7735
131.9469 31.8008
136.3417 30.5678
132.8819 31.2068
136.8749 31.0115
128.8848 28.1603
133.6001 32.5176
133.4281 31.8987
128.9635 28.2885
137.1370 31.7879
137.2815 32.0257
133.9601 32.4971
128.9754 28.3885
135.3972 31.6489
133.3445 32.2826
135.6627 31.4358
132.8450 31.7583
136.7036 31.8411
128.6176 29.0752
137.8958 31.0228
134.4307 31.4302
133.6550 32.1074
132.4830 32.1886
133.8873 32.5413
136.7667 32.0635
136.1434 32.2954
136.2293 32.3239
136.7920 31.4800
136.6854 31.7483
137.2373 30.4173
136.2258 32.3408
133.7683 31.9022
136.8051 31.9391
135.5403 32.3457
134.4805 31.1121
135.2420 30.7217
134.9987 31.0315
132.7091 32.4161
136.7219 32.2838
128.7828 28.5374
136.2328 32.4517
132.5445 32.0168
128.7795 28.5062
132.6498 30.8806
136.4290 32.0813
133.8449 32.4837
133.4950 32.2493
137.4574 31.7481
131.0058 28.4647
132.3137 32.0448
133.3017 32.3472
136.2456 32.7045
132.9344 31.2024
136.3905 32.3662
136.9468 31.5509
137.2125 30.4032
136.6812 32.0437
135.0422 32.5295
129.1108 29.3810
132.9726 31.6124
136.7677 31.5315
128.7440 29.0842
136.6811 32.0097
133.7067 32.5314
136.3523 32.4375
136.4940 32.0390
129.0056 28.2019
136.9350 30.9533
132.9068 30.9716
136.8989 31.7892
132.3077 31.8696
132.8947 32.4155
135.3880 32.2877
135.4388 31.7290
132.8084 31.7390
134.2256 31.2484
128.8710 28.4332
137.2019 32.0747
132.6079 31.8854
137.6721 30.7855
128.9108 29.2747
132.4688 29.0984
133.1267 32.4021
135.1431 32.0956
133.4964 32.1426
136.8996 31.9358
136.7588 31.0152
133.2913 32.3170
136.7204 31.9079
132.6070 32.3530
132.6815 32.0705
133.6649 32.5224
136.5051 32.4534
132.9218 32.4314
129.2442 28.3273
133.6887 32.5705
137.7668 31.3314
134.1469 32.4743
136.2490 32.5020
133.7398 32.5822
132.9904 31.4382
136.2126 31.6313
135.3373 30.6576
132.6656 31.8038
129.1680 28.3680
135.5625 31.9393
133.1650 32.4064
133.8141 32.5482
135.1894 32.4452
136.9089 32.2638
132.6766 30.5884
133.6164 32.5588
136.5428 32.4457
137.0486 32.1469
136.6477 31.6547
135.7508 32.1844
129.3054 29.5855
136.5551 30.7938
132.6275 32.4165
133.2948 32.3508
136.2481 32.6473
136.2213 32.5408
132.1464 31.9640
136.9592 32.2289
132.5864 30.5738
132.3135 31.9739
132.1624 31.9032
134.6078 31.3141
135.3063 30.4650
132.9209 32.4666
132.6834 31.9006
136.8411 32.0514
136.8964 32.2072
129.0187 28.2648
132.3445 32.1964
134.1398 32.5568
135.7728 32.5696
134.6280 32.4648
134.3043 32.5633
136.1497 32.9498
136.6364 33.1152
136.0744 32.9515
133.7241 32.6063
136.6551 32.0463
136.8545 30.9577
136.6792 32.5912
134.5128 32.5348
136.6706 32.7009
133.7595 32.6536
133.7465 32.6765
134.1108 32.6270
136.8733 31.7778
133.8663 32.6401
137.1522 32.0791
133.9933 32.6292
137.8587 31.2804
133.8249 32.6226
135.6846 32.8817
134.1330 32.5849
137.0150 32.1951
134.4514 32.5269
136.5366 32.1124
136.6410 31.1587
135.9355 32.7405
136.3711 31.5217
133.7500 32.6640
136.4325 33.1366
133.8203 32.6506
136.6322 32.5906
136.8109 32.4918
133.8132 32.6411
136.0608 32.8058
136.8009 31.8580
133.6906 32.6924
136.7509 31.7527
136.6008 31.2692
134.2654 32.5082
136.4251 32.2401
135.8249 32.3226
138.0535 30.7858
135.7787 32.5220
136.6485 31.0556
136.3730 31.5311
137.2396 32.3615
136.7380 31.0199
133.9014 32.6572
133.9522 32.5892
136.7072 30.9801
133.8418 32.6066
133.6436 32.6837
133.7369 32.6709
136.9113 32.2908
136.9165 30.7887
136.2165 31.5868
136.4159 32.2567
136.7477 31.9066
136.6940 31.2188
137.0355 30.6554
136.5146 31.2519
137.1416 31.7897
133.8091 32.6636
135.6392 32.9971
136.4275 32.2521
134.9470 32.3969
136.9278 31.7586
133.7999 32.6964
136.4561 31.2869
136.1736 31.4227
136.3858 33.0301
135.6107 32.9322
136.4581 31.5157
133.7193 32.6299
135.7319 32.8625
133.8809 32.5981
137.0622 32.1620
135.8770 31.7254
135.5900 32.9513
133.6811 32.6593
133.9214 32.6504
136.4307 32.3239
136.5686 31.4579
133.7918 32.6883
135.7091 32.3096
136.8547 31.0473
136.6121 32.0592
135.6604 32.5366
136.3617 32.4266
133.8571 32.6809
136.8011 32.5628
133.6625 32.6787
136.6219 32.4960
137.1858 32.1071
134.1000 32.5921
137.1399 31.9622
136.5411 32.1488
136.2029 31.5796
136.8775 31.8010
136.6264 31.1518
137.1146 31.8733
133.9221 32.6282
137.0617 31.7592
133.8873 32.6528
133.6861 32.7085
134.4835 32.5637
135.7117 32.8911
133.9221 32.5818
135.8518 32.5253
136.5015 32.1873
136.3392 31.9729
137.0832 31.8266
135.6439 32.6527
135.5610 32.9471
136.7787 31.8716
135.5850 32.9085
137.1797 32.0150
133.8785 32.5798
135.5393 32.7697
137.1316 31.9674
135.8352 32.6015
136.4644 31.2791
136.8463 31.7571
137.0653 31.7309
133.7842 32.6880
136.7188 31.9919
133.6872 32.6687
133.7188 32.6276
136.0069 31.6795
135.1764 32.2424
133.7219 32.6762
136.6589 31.2845
136.9013 30.8652
135.1648 32.2563
136.5420 32.0570
136.4576 32.3258
135.6331 32.9069
136.5103 33.0083
133.6541 32.6983
136.9248 31.7389
135.9033 32.2716
136.8100 32.2855
133.8526 32.5949
136.0198 32.3830
136.5558 31.4495
137.7872 31.4754
133.7968 32.6759
135.7706 32.8954
136.1862 31.9962
135.8201 32.8514
136.5773 33.2108
135.2767 32.2107
135.7993 32.4776
136.8262 32.3863
135.6340 32.8840
137.1493 31.8867
134.6101 32.4630
136.7382 31.0157
136.8242 31.0129
134.0728 32.5858
131.2992 31.1998
136.8777 31.8165
133.9092 32.6036
134.0157 32.6433
136.6662 32.0129
136.9997 32.1795
134.1670 32.5952
136.7061 31.2558
134.4742 32.4748
137.1087 31.9916
136.7806 32.9804
137.0505 32.1373
135.9206 32.9948
135.6252 31.9696
134.1630 32.5729
137.3002 32.4268
133.7612 32.6158
136.9380 31.8114
136.2822 32.4504
137.0371 32.0855
136.0271 32.8696
134.3946 32.5238
135.6524 32.9136
135.7805 33.0352
133.8868 32.6327
136.5404 31.4423
135.4848 32.8881
135.5446 32.8927
134.3725 32.5041
135.8331 31.8047
136.8711 31.7868
136.6921 31.8967
136.5037 32.9479
133.8657 32.6618
137.0051 32.1720
136.1476 32.6451
136.4241 32.2691
135.6844 32.8618
133.7005 32.6676
137.0131 31.7299
134.8758 32.4135
136.8014 32.2375
137.0976 32.0561
135.6288 32.8133
134.2250 32.5285
136.5690 33.0291
135.6671 32.7200
135.9022 32.5755
136.3541 31.9517
136.4578 32.2366
135.9164 32.4550
136.8523 30.8461
136.6224 32.0425
133.6149 32.6607
137.0067 31.7332
133.7379 32.6477
136.9976 32.0121
136.0052 32.9535
136.8472 32.2749
136.7568 31.0287
135.8210 32.8722
136.7328 31.8967
133.7058 32.6982
135.9551 32.8482
137.2226 32.4850
134.4697 32.5276
136.0465 31.6531
135.6861 31.8165
135.8167 32.9280
133.8601 32.6341
133.6116 32.6835
136.5455 33.1716
136.7746 31.1140
136.9613 31.7560
136.9006 32.2901
136.4387 31.7331
133.7784 32.6612
135.5440 32.9072
135.5029 32.8325
133.6208 32.7042
136.9505 30.7650
137.0351 30.6882
133.8330 32.6446
136.7864 31.0522
133.7325 32.6378
136.5388 32.0719
133.6406 32.6784
135.4569 32.7719
136.5479 31.0525
136.6329 31.9746
133.7073 32.6771
136.9435 30.8434
136.6859 32.4146
136.0430 32.8025
136.7326 31.0676
136.6903 31.1301
136.2964 31.4656
137.0290 31.8555
136.4734 32.9283
136.8142 32.3781
136.8011 30.9529
136.7736 31.0027
133.7488 32.6645
136.7250 32.3838
135.9405 32.1014
135.6672 32.9217
133.7367 32.6559
133.8718 32.6581
136.1783 32.0296
137.0615 31.7796
136.8308 31.7818
133.7841 32.6296
137.1265 32.0250
135.1351 32.2085
135.6155 32.6829
135.7188 33.0261
136.4059 31.2916
136.8725 30.9325
136.1716 32.0927
136.2718 32.4833
133.6849 32.6324
137.0594 31.7554
135.7399 32.6964
136.8982 31.7637
136.7644 31.7748
135.0278 32.2736
136.7980 30.8872
137.0035 31.7502
133.7966 32.6136
136.5134 32.7676
133.8957 32.6520
133.9330 32.6317
133.8058 32.6382
136.7986 31.8869
135.7883 32.8522
133.7027 32.6636
136.6151 32.6093
136.5326 32.7703
134.5204 32.5397
133.8305 32.6394
137.0826 31.8396
136.6452 30.9968
136.9073 30.8370
135.1837 32.2467
136.4660 31.1998
134.4915 32.5198
135.6325 32.9105
136.1440 32.5523
134.0608 32.6135
133.8959 32.6557
135.5945 32.8423
133.7267 32.6949
135.7221 32.4570
136.8030 30.7748
136.5224 31.2358
136.2676 32.5029
136.8303 31.8061
135.7587 32.2824
135.4963 32.7866
133.8025 32.6771
134.9983 32.3222
136.8889 32.3276
135.2680 32.2052
136.3981 31.3703
133.7526 32.6197
133.8872 32.6380
136.6974 32.4684
134.1872 32.5897
135.6865 32.5169
133.5340 32.6854
135.6766 32.8666
136.5051 32.9744
136.8056 30.9774
135.6771 32.5418
136.2953 32.3596
136.3138 32.3917
136.9601 31.8137
136.9411 30.7652
133.7218 32.6569
135.7113 31.9187
136.4641 32.7085
135.5487 32.7001
133.8125 32.6492
136.9191 30.8278
136.3710 31.3333
134.8562 32.3488
135.9823 32.8421
133.8473 32.6530
136.1684 32.6161
135.7463 31.9416
136.5338 31.6669
128.5648 28.7852
137.3566 32.3739
133.7386 32.3548
137.4182 30.0439
131.5927 30.7577
136.2341 29.9754
136.9413 31.1992
128.8608 29.2161
134.6752 32.2110
137.4812 31.8276
137.1741 30.1286
133.5509 31.5760
133.3959 32.6064
128.9529 28.4476
136.0657 32.4801
137.0426 30.3122
136.9916 31.8360
133.4639 32.0578
135.3540 32.9346
132.6568 31.4878
135.8894 32.3833
136.6567 30.0575
137.1780 30.1792
133.2625 32.7394
132.2609 31.5747
132.4033 30.9943
131.0091 30.3767
133.5332 32.1406
132.3610 28.9197
132.6037 32.1350
131.9491 32.0847
131.8006 31.1993
133.3144 32.0881
137.1034 32.1098
135.3261 30.6373
133.5204 32.1674
133.8324 32.2740
133.7068 32.6728
136.0509 31.1641
133.1214 31.4632
135.6416 31.8560
132.5749 32.3369
135.6233 31.3029
135.4650 32.3614
135.0750 32.5241
137.5197 30.7678
128.5436 28.4783
137.8213 30.3945
136.3067 31.5334
136.1046 31.3660
136.9529 31.8726
129.3217 29.3290
135.1467 31.8064
136.0894 32.8619
132.1422 32.6909
136.7141 31.0768
136.4622 31.7091
128.3757 29.6562
137.1137 31.7241
137.3457 31.1571
135.6243 30.8317
135.7839 31.5438
129.0653 29.3583
134.0948 31.8080
136.3207 31.2101
134.7864 32.1294
136.0112 30.7614
134.0296 32.4118
137.0171 29.8807
137.9477 29.8729
134.3737 32.3250
133.8269 32.4808
136.3674 32.0306
132.8619 31.3912
137.5087 31.7143
134.4093 32.3489
136.3253 29.8747
135.0553 29.9949
135.0776 32.0336
131.2010 30.6779
134.8294 31.0686
137.0938 32.1061
136.0295 32.6694
132.3478 31.7288
137.4136 31.8517
134.9276 32.1300
134.7293 31.4696
135.9655 32.3115
133.4077 32.2548
135.4340 31.8724
135.2472 32.4613
135.0792 30.7683
137.9296 29.8790
129.1388 29.3177
129.0358 28.3821
135.5238 31.5735
134.3194 31.8313
136.2047 30.4675
132.8394 31.3035
136.3737 31.2306
132.5986 32.2448
136.4037 33.3126
128.7900 29.3205
134.0824 32.4049
132.3290 32.3509
134.2163 32.7238
136.8932 31.8745
132.9244 31.1505
128.8853 28.6809
137.2229 30.3060
132.5903 32.0543
132.4917 32.0813
135.3468 31.6880
136.5294 31.4677
128.8223 28.1989
136.4737 30.7174
133.5264 32.5526
130.3830 28.3929
134.8725 31.0086
134.9686 31.8514
132.9771 31.2882
136.8006 30.3835
132.1890 32.1326
136.9004 31.4345
137.5808 30.0870
137.0236 30.3941
136.2629 32.1630
136.1667 31.5731
133.0553 32.3801
132.2944 32.3570
137.1812 30.1949
136.6312 31.5412
136.5972 31.3050
136.6613 30.5234
130.1745 27.9892
134.6896 31.2613
137.1571 30.2536
132.8042 32.2065
133.4288 32.0863
135.6382 32.2359
136.1920 31.0731
128.7163 28.4575
134.1505 31.3737
137.3463 30.3485
136.5574 32.1545
133.9873 31.6642
128.9522 29.2308
135.7002 31.4923
136.3096 32.1551
133.1203 32.6203
132.4923 32.4138
129.1337 28.3144
129.1489 28.3210
132.6929 30.2519
133.8182 32.5279
136.6373 30.5908
131.8997 31.6839
129.4325 29.4031
128.4641 29.3358
134.9712 32.0708
135.4946 32.2892
132.3756 32.0364
132.7261 32.4294
133.4511 32.2105
136.1432 31.6601
132.7641 31.2932
128.6417 29.1160
133.5022 32.5854
132.5897 29.6949
135.5734 31.5341
129.1740 29.2850
135.4605 32.3550
134.7924 31.9018
132.1595 32.2032
133.6584 32.5050
135.7545 31.3396
129.1097 28.3050
136.6501 29.7389
136.8510 30.3332
133.4942 32.4198
136.9598 31.0384
133.1997 32.4512
134.8125 31.9756
133.7259 32.5691
136.4147 32.0809
132.8230 29.5713
133.3947 32.2138
137.4748 30.1171
133.0917 32.5568
133.6846 32.2905
132.5988 32.3290
133.6974 31.9332
135.5264 32.4008
135.7318 32.2251
136.8571 30.7877
136.1951 31.9203
133.7030 32.3975
134.1431 31.6585
128.6530 28.5756
137.0431 30.6390
137.6126 30.0327
132.1638 32.1957
136.1433 31.3363
128.8418 29.0444
132.7910 32.6357
134.7522 31.2766
137.3643 30.3033
133.6389 32.6116
134.9363 32.8765
133.3363 32.1011
136.9370 31.9772
133.9884 31.6786
134.9343 32.5283
128.6212 29.0791
133.9572 32.4708
134.2167 32.2123
136.6776 31.9195
129.4092 27.9673
132.2576 32.1519
136.1893 32.5599
132.6787 31.7563
136.7553 31.7358
136.1649 31.3106
136.9301 31.9506
136.5011 31.6448
132.9167 31.2477
128.8870 29.4519
137.0746 30.6229
137.9955 30.0450
136.4963 31.6147
133.5719 32.6180
136.4327 31.4554
132.5613 32.0429
137.3995 31.9618
137.1153 31.9647
136.7298 30.5600
129.2589 28.3501
128.8569 28.2441
136.5633 30.8536
134.1556 32.4155
135.6068 32.7707
134.8851 31.8980
128.6198 29.3275
128.7884 29.2622
133.1506 31.0602
135.8964 32.3800
137.1557 32.1600
136.7946 30.6143
133.3609 32.6325
133.4013 32.3234
133.3884 32.3175
136.4441 32.6507
137.5934 31.3156
135.1238 31.8523
137.5791 31.4163
133.3979 32.6311
136.0203 31.1692
135.4816 32.8791
132.8644 32.1184
136.7199 31.7490
136.9615 31.4844
132.7816 32.3512
133.7015 31.9936
135.4512 30.7402
136.7191 32.1181
133.9559 32.4358
134.8868 32.0042
136.3836 32.6763
132.8965 31.9378
136.5042 32.1766
132.8279 32.0051
136.0204 32.2931
137.4239 30.3656
136.5630 31.0535
137.0926 30.7846
137.4050 30.3957
133.5467 32.2746
134.3689 32.2611
133.6014 32.5840
132.9906 31.1279
132.1205 30.5756
134.4017 32.5115
134.8222 32.1419
136.1798 31.1624
135.4600 31.7733
137.3301 30.1096
132.7083 31.5391
133.7114 32.5531
128.9482 28.2958
132.9574 32.3510
136.8324 30.7194
132.7102 31.0945
136.8989 31.1569
135.5136 32.1964
128.7341 28.6138
129.5558 28.0711
128.4891 28.7435
134.1797 32.4120
133.5561 32.1965
137.0124 30.8999
134.9015 31.9740
136.1558 32.9284
128.9254 30.1491
128.7160 29.0636
136.8122 32.2292
129.4553 27.9665
136.1115 31.1956
134.3177 32.3771
136.1225 32.7219
136.4603 31.5444
137.3842 31.8619
132.8823 30.8723
132.4906 31.9435
135.9393 32.7921
135.2489 30.9608
130.8054 28.5365
136.2430 31.0012
136.2661 31.9788
133.3829 32.6732
137.5642 30.9404
134.2381 32.3037
135.0626 32.6239
135.9732 32.7338
134.8078 32.0478
133.4991 32.1464
136.9700 30.6926
128.7756 29.8913
132.3886 32.1870
136.6612 32.0135
129.4040 28.0778
132.1612 31.7944
129.6741 28.1202
133.5275 32.3641
136.5013 31.5863
129.2313 29.2291
137.2057 32.1000
137.2924 32.0591
137.2914 32.2310
133.6100 31.8482
136.5430 31.9106
133.7122 32.6429
137.3319 31.9450
136.5057 32.4689
136.4650 32.5625
137.0147 30.6321
136.6021 32.3787
136.3259 32.8627
135.4794 32.4580
133.6642 32.6661
137.0853 30.5910
136.1602 31.3024
137.4803 31.8867
136.5653 31.8342
136.9716 31.7095
136.9947 31.8799
136.7916 32.6222
135.8852 32.0953
136.6717 32.2407
135.3712 32.7277
136.9446 31.9758
137.0207 31.8361
136.8267 32.4294
136.3959 31.1546
136.4779 32.7057
135.3725 32.7287
136.8896 31.8989
136.6626 32.3785
137.0530 31.8449
136.2970 32.7228
136.7755 32.3631
136.8409 30.7626
136.8043 32.2842
136.9665 32.0069
133.8025 32.5853
137.7694 31.2459
136.8373 31.9817
136.9566 31.7074
136.6151 32.4053
136.3802 32.6918
136.8661 32.1429
136.9899 32.2329
136.9710 31.7527
137.3195 32.0811
128.5985 28.5860
136.8561 32.0949
136.7471 32.3212
136.6248 32.2108
137.6878 31.6448
136.3352 32.6772
136.8215 31.8878
136.1101 31.4262
136.8208 31.9934
133.9688 32.6048
137.0165 32.3676
135.7880 32.5565
136.9449 32.0784
137.1214 32.2350
136.7009 32.1896
136.9201 32.4113
135.6339 32.3291
136.4593 32.7498
136.9713 32.1242
137.3371 31.8875
136.4960 31.9099
136.5410 32.0331
136.7922 32.0925
137.7495 31.4471
136.7690 30.8782
136.8384 31.6546
136.7686 31.7299
136.4206 32.8730
136.5638 32.3837
135.4968 32.7846
136.8566 31.8694
136.5499 32.5926
136.8841 31.9293
136.7990 32.1392
136.9756 31.9318
137.5243 31.8085
137.0786 30.6662
136.7088 31.7948
136.2751 32.6511
136.5200 32.6929
136.5832 32.4832
133.8002 32.6101
137.0291 32.2537
136.5562 32.4013
136.9776 32.4573
135.5633 32.7805
136.8326 32.1840
133.0095 30.8131
136.6881 32.4782
135.5526 32.3939
136.7514 32.3480
136.8068 31.8886
136.5697 32.5691
136.7940 32.3615
137.0153 32.0585
137.0513 32.0988
136.9146 31.7670
136.2894 32.2054
137.7017 31.5210
136.2583 32.8664
134.5735 32.4432
136.6193 32.1949
137.1398 32.2911
134.8559 32.3289
136.4929 32.4463
137.1593 32.2537
136.1453 32.7833
137.0543 32.3064
136.5513 32.3190
135.6216 31.8720
136.5958 32.6780
133.7531 32.6379
136.5232 32.5141
136.6557 32.1836
133.6598 32.6480
133.7125 32.6094
133.8702 32.5857
133.0402 31.3154
137.0635 31.9659
136.3616 32.7663
134.4746 32.4310
136.8494 32.1229
136.5638 30.9749
136.9489 31.7539
136.3957 32.7312
136.6653 32.4993
129.6825 27.5994
135.1303 30.7478
137.7805 29.7320
134.9031 30.9582
132.8846 32.3563
128.4496 28.3928
129.0465 28.0862
132.9208 31.3333
136.8726 31.7579
135.4418 32.3606
133.7514 32.5178
134.8080 31.0190
136.1511 31.9657
135.9628 31.0518
135.6289 31.9854
134.7446 31.1135
138.0063 30.8614
134.6952 31.0641
132.7721 32.6069
137.8536 31.1229
136.8923 30.4079
135.1736 30.5477
135.3290 32.3421
132.5923 32.0070
135.6424 32.1131
132.3791 31.9398
137.9310 31.2640
135.5056 32.3516
136.6210 32.1791
138.0377 30.3780
135.4412 32.2780
136.9484 30.8376
133.5311 32.1053
132.4932 32.2785
135.2070 31.7535
132.2262 31.8220
135.1631 31.6517
136.1487 31.6232
135.5050 30.5380
134.0814 31.4674
128.4985 28.3911
132.7211 31.7790
136.5068 31.8262
131.4051 30.3455
137.6714 30.5498
136.4568 30.7606
134.8508 31.0633
137.0025 30.2291
135.2436 32.5396
135.1021 32.1729
132.9140 32.3530
137.1796 30.6409
137.0452 30.2724
135.4396 32.3631
134.9411 32.5388
135.5377 32.1958
136.1481 31.9886
137.8654 31.0292
138.0588 30.6625
133.3390 32.5218
137.6393 31.5105
136.4283 32.3294
134.9725 30.6928
135.5005 32.1751
134.1615 31.5490
135.6728 32.1067
134.9882 32.5062
132.6798 32.6621
136.1915 31.5469
136.6385 30.3899
135.5354 32.2347
132.4176 31.9037
135.5476 32.1437
136.4156 31.0053
132.6661 32.0187
137.3325 30.7433
135.4982 32.1378
135.8645 31.9317
137.8820 29.8227
137.2308 30.5003
135.5123 31.4639
135.5560 32.1765
135.4544 32.2726
135.9632 31.5806
136.9470 31.2984
135.5735 32.3710
136.4226 31.2518
136.7875 32.1072
137.0517 32.2070
137.8865 30.6356
135.5718 32.1943
135.5768 32.1726
133.6632 31.9772
135.2381 31.6073
132.2178 31.9812
136.0971 32.2483
134.2873 32.1885
134.9113 30.9929
137.6266 30.7953
138.0451 30.0035
135.8577 31.3848
135.5090 32.2075
129.6294 27.9409
135.4254 32.2723
135.6333 29.8572
134.6178 31.2504
132.2661 32.0441
132.8617 31.1758
135.5746 29.8650
135.6710 32.7156
135.8944 31.8086
136.6074 32.8921
136.0133 31.6167
136.5976 31.0175
136.4665 32.6845
135.8642 31.6891
136.3468 31.2269
134.9738 32.2340
136.3781 32.7159
137.0535 31.6148
136.0124 31.6020
135.7657 32.6156
134.4288 32.5342
137.1845 32.0257
135.3864 32.0033
136.7594 31.0756
135.7724 32.7996
134.8497 32.3097
134.5055 32.5407
136.8984 31.7729
135.5804 32.8373
134.6698 32.3813
136.5566 32.0770
136.7016 31.1060
137.2340 30.5569
136.7934 31.6290
137.2054 30.5951
137.3819 31.8463
136.6045 31.8445
136.7982 31.6697
136.9104 30.7204
136.4526 29.6609
136.5505 31.2176
136.9143 32.2266
136.5079 31.1392
136.1586 32.1002
136.1658 31.4672
136.3320 32.2553
136.8257 30.7913
135.8889 32.3890
136.7076 31.1273
135.8284 32.6253
134.8474 32.3052
136.3845 32.1960
136.5994 31.1952
137.6041 31.6081
137.0270 32.3235
134.7374 32.3474
135.6541 32.7932
136.0898 31.4573
135.5797 32.6422
137.0005 32.4221
136.5581 31.8861
136.5279 31.1811
136.5535 31.4968
136.6382 31.1998
137.5070 31.8021
136.2326 31.3168
135.8900 32.3297
136.1646 32.3718
136.9921 32.3403
135.4382 31.9953
136.5377 32.2852
135.5836 31.8456
136.6191 31.2045
135.0659 32.2061
136.6705 31.1591
136.9837 32.2189
135.0916 32.1903
137.2854 32.0878
135.1412 32.1575
135.7828 32.3356
136.5011 31.2062
135.1691 32.1395
134.4956 32.4214
136.8860 32.3869
135.9274 31.5912
135.1106 32.1600
136.6623 31.7643
136.3206 31.3454
135.6745 32.9418
136.9323 30.9635
134.6717 32.3946
136.4815 32.7067
136.6623 31.0785
136.0512 31.6080
134.9415 32.2882
136.9486 30.7350
136.8891 32.3383
136.7606 31.0695
136.0916 32.6767
136.2931 31.3378
137.2070 31.8172
136.5008 31.1639
136.6228 31.1505
135.2088 32.1205
136.1962 32.0881
136.2265 31.3239
136.0191 32.9294
133.9973 32.5748
136.3918 32.5726
135.8403 31.7129
136.3837 31.3183
136.9712 32.3112
136.4367 31.2963
135.6935 32.8088
136.4340 31.2434
136.7564 32.2133
134.6873 32.3349
136.9357 32.1534
136.0138 32.7580
136.5338 31.1703
136.3813 31.3280
135.6677 32.5404
136.7465 30.9579
136.1684 32.2740
136.9353 30.7623
137.1341 32.0932
136.4056 31.2318
137.2565 32.0412
136.4586 31.1633
136.0417 32.7427
136.9053 30.8916
136.9596 32.1162
137.4636 32.2225
136.8487 30.8969
137.0036 30.8368
137.4429 31.8256
136.7854 31.0330
136.8645 31.6706
136.3442 32.7115
134.9270 32.2714
136.9505 31.5946
136.2872 31.3266
136.7718 32.4272
136.2014 32.1036
136.9075 32.3665
137.5542 31.7225
136.1589 31.4799
136.5914 32.6293
136.1011 31.5223
137.3848 31.7957
136.5487 31.2819
136.5589 31.0474
137.5141 31.7976
136.5471 31.1539
136.6470 31.7773
135.6454 31.8859
135.9405 32.4918
136.4307 31.2552
135.9227 32.8703
136.4990 31.1622
137.9717 30.1482
135.6829 32.2404
136.3774 32.0649
136.2380 32.3650
128.0593 28.1995
134.6550 32.7128
137.7818 30.2690
136.0446 31.2161
135.5606 32.2292
129.2599 28.3523
136.7269 31.6858
133.9281 31.4517
137.9997 29.5774
133.1314 30.3729
136.1203 30.7550
136.9669 30.9132
132.1515 31.2549
132.8208 30.6777
131.8441 31.7011
135.4829 31.9938
136.6003 31.2073
137.0255 30.0727
133.8104 32.0775
132.7337 31.1738
137.0812 30.0731
137.3062 30.5887
132.8802 31.3971
137.8920 29.8965
133.3129 32.5052
132.4600 31.5559
129.4207 27.9219
131.8887 29.9850
134.7594 32.6482
128.1233 28.6138
134.2510 31.0798
135.3624 31.4605
136.7266 32.1448
128.4558 29.4749
134.5275 31.9915
135.2522 32.4317
128.9724 28.4820
137.2827 30.5753
128.6924 28.8439
137.4146 31.0970
134.2749 31.3029
128.8119 29.9678
135.0132 31.7442
135.3560 31.7858
134.8773 30.6514
136.1620 32.5483
132.4021 31.6298
133.6917 32.1461
131.9015 31.4202
135.3007 32.0787
136.7952 30.3372
136.4542 30.4409
135.0923 32.5903
128.8646 28.5318
136.0351 33.3109
132.6729 32.2573
135.7260 32.0342
132.6142 31.3592
137.1036 29.5635
136.8789 31.9472
132.4603 31.5764
134.4694 31.4951
136.9163 29.6935
135.6668 32.3638
136.8450 30.7985
134.3473 31.7449
132.7216 31.8271
135.6193 32.4071
135.2030 29.9185
129.2186 30.6846
134.2418 31.6666
136.9423 30.6734
136.4096 31.0700
133.1245 29.5259
132.2264 30.8802
131.2707 30.2763
132.0430 32.1455
132.4723 30.0294
136.1576 31.9386
137.4139 30.1802
132.3597 32.3684
133.9606 31.0847
137.5956 31.2973
135.9648 30.9367
136.2799 29.8265
137.6235 31.0369
135.3722 30.3891
130.2492 27.9754
133.7262 31.9924
136.2061 31.9296
133.7993 31.3470
131.4663 30.2992
132.0436 31.5682
136.3438 30.7085
134.9982 29.7058
132.1368 28.3043
136.6193 30.8927
131.6171 30.3023
129.2716 28.4220
133.8051 31.7888
132.3720 31.4951
135.4743 31.9462
137.1556 30.4139
136.6586 30.5282
134.6127 32.4835
132.4922 30.6038
135.2507 30.5068
138.2010 34.1589
134.8099 32.4316
133.1138 31.2505
134.8006 30.8095
127.4032 30.0299
135.8830 31.5586
137.3238 30.3027
134.7830 32.0191
136.9720 30.5740
132.0538 29.9828
136.1938 31.0226
135.1698 29.7143
136.5785 30.7398
129.4993 29.0785
134.8396 32.2901
135.2752 29.7936
129.1271 28.7940
132.3999 31.4074
136.2214 31.4403
134.6203 32.0909
134.4062 32.4118
136.8216 30.7023
136.4686 30.9164
136.8958 30.8515
135.0512 33.0518
136.8065 31.8094
133.5055 31.6014
136.5294 30.0836
136.7419 30.2354
137.5518 30.4140
131.4980 28.1318
135.0437 30.0708
131.6590 30.7433
135.5070 30.1978
136.8439 30.3857
135.9370 31.3784
131.9027 30.6458
135.0458 29.3793
134.2986 31.0885
134.6494 31.0684
134.9587 31.9386
135.8345 31.5330
133.5419 31.7691
134.5765 32.4406
136.4091 30.9035
135.0231 32.9711
136.4888 29.9688
134.1656 31.9929
132.7179 31.3419
129.4699 27.7589
135.6759 32.2076
133.9507 32.4039
132.2047 32.2981
132.9267 30.9074
129.0176 29.3111
134.2720 32.3231
133.7523 31.7530
128.9893 28.5525
129.1833 29.3084
132.6887 30.9265
133.0172 30.6981
137.0513 31.6842
136.8215 32.0935
135.8592 31.8458
137.7290 31.2595
136.8032 30.4027
135.3476 30.6826
137.0352 30.1948
132.4239 28.9404
135.3294 30.5169
132.7231 30.3458
134.8449 31.8739
128.3001 28.5730
136.8223 30.8954
136.8736 30.5815
135.6258 30.6618
136.3576 32.3302
137.3287 31.3853
134.7566 31.7502
136.8252 31.9635
128.8181 28.9163
137.1749 30.2613
137.0410 32.0309
133.2387 30.3376
136.3778 31.4925
136.1028 31.8454
128.5104 28.6579
136.8326 31.8715
132.8336 31.5284
136.6222 31.0428
132.5938 31.6650
129.3204 29.5609
136.3263 31.9679
132.0617 28.8266
136.4538 30.9403
135.5586 32.1953
132.5546 32.5566
137.5364 29.8135
137.8527 30.4173
133.3268 32.2479
132.3833 32.3065
137.8479 30.9173
135.3295 32.0880
134.9967 31.9269
132.8021 30.8857
136.3559 32.3302
135.9100 31.9411
134.0401 32.0502
133.8082 32.3005
132.1750 32.3706
134.7441 31.3358
136.1306 31.0169
136.3529 30.9902
137.0406 29.9545
133.9215 32.2941
131.7605 31.7920
132.7984 31.6274
136.4345 31.2494
134.8845 32.6286
132.1440 31.8150
135.6487 32.2244
136.5802 30.6338
136.9627 32.1256
135.0524 32.9327
133.0416 30.3908
136.8548 31.2983
135.2571 32.7489
137.1023 31.0015
136.2438 31.0555
137.5855 31.1429
129.9145 29.2489
136.1144 31.3926
133.2389 32.6336
133.5213 32.4208
133.7155 32.5516
136.3612 31.7146
138.0234 30.5180
133.8316 32.5183
128.2393 31.4300
136.3558 32.2344
137.5968 30.4131
136.6098 31.7145
137.3788 30.1276
134.8103 31.3056
133.6822 32.4808
128.7095 29.1047
132.7675 29.9322
133.1836 32.6835
136.8772 30.3774
132.5015 31.8975
133.2398 32.7272
133.8002 31.9368
128.1470 28.9172
133.6396 31.8323
134.1481 31.5521
128.7081 28.2362
134.4771 32.0758
128.6095 29.5121
136.2713 30.7497
132.5162 32.4358
136.7057 31.8839
128.9432 28.3731
133.8941 32.4825
134.8377 32.5979
128.5419 29.3414
133.2163 30.3352
131.0705 30.8713
134.5965 31.2722
133.8988 31.2330
132.1302 31.6160
136.6252 30.6695
135.8517 31.5791
132.4559 32.1626
132.6383 30.6530
133.6804 32.4423
131.6685 31.1204
128.6806 28.3235
129.4375 30.5900
133.8682 31.3914
135.5380 31.8553
135.7595 31.6352
132.7964 30.1988
135.4564 31.9437
134.4344 31.0486
133.5264 32.0904
136.8172 30.7651
135.1814 32.3125
133.6934 32.2704
128.5137 29.6709
134.9089 32.8838
135.3768 32.1877
134.8636 30.4077
132.5258 31.5271
133.9382 32.1001
134.3286 31.4787
128.2277 28.5419
132.4005 31.2462
132.4185 29.3204
132.5901 30.2996
137.2234 29.9526
128.1609 28.8671
131.9726 31.8701
135.6350 31.9678
135.7445 31.1960
135.9946 31.9884
134.6984 32.0230
135.8286 32.1730
128.8418 28.3229
131.9465 31.5866
136.5213 31.6669
136.2485 31.1143
136.6635 30.5920
133.2241 32.0125
136.1257 31.8571
135.2463 32.1932
131.3259 30.9290
136.2944 31.3355
132.4293 31.6653
133.1147 32.3910
134.6667 32.0174
134.1190 32.2637
129.5510 28.1899
132.0487 31.5368
135.9169 32.0603
133.7346 31.6095
137.1189 32.0727
135.1147 32.5806
133.5425 31.8487
134.9918 32.2951
129.6947 28.0271
137.2125 30.0656
133.2125 32.4603
132.3725 32.3692
135.2248 30.9866
133.0861 32.2198
137.6970 30.8576
136.3161 31.5445
136.0451 31.8448
137.3956 31.9937
137.3820 31.1581
137.0043 31.6635
136.8670 31.8907
136.2859 32.0014
132.8540 30.9826
137.2407 30.7371
137.1639 30.9188
135.9320 32.3113
136.2191 32.9568
133.1878 30.5196
136.9838 31.7705
135.6016 31.7537
136.8886 31.4028
136.4201 33.0423
136.1455 32.7670
131.3759 31.1067
137.9552 29.9372
137.7128 30.9751
136.4489 31.9206
133.4759 32.6602
138.2306 30.1672
132.0394 32.5942
137.2345 30.5449
136.9302 30.5332
137.5249 32.0605
136.3734 30.8767
137.1188 32.4141
133.5793 31.9800
135.5242 32.7515
138.1904 30.6321
135.3342 31.7001
133.5987 32.1222
137.0531 32.7959
137.1107 31.6844
135.4296 32.0118
133.6790 32.5968
136.3557 31.0076
131.9618 32.4315
137.2635 31.8685
137.9226 30.1233
136.4850 32.5752
138.1433 30.4720
137.3503 31.8149
134.4516 32.4840
136.6584 31.0169
136.1987 30.9231
137.0134 31.1683
132.7047 32.3075
136.9658 31.1420
136.6266 33.1768
137.7082 31.9041
136.6370 32.5916
136.8484 32.6191
127.9661 31.7419
135.6930 32.6859
129.3008 29.1978
137.9207 30.3938
138.2091 30.8934
133.1092 31.3463
135.2760 29.9883
137.5909 32.1619
136.7872 32.1951
133.9326 31.8161
137.2272 32.0071
133.8722 32.6283
136.3709 32.6952
133.6190 32.7072
137.3272 32.4375
137.3666 31.7501
137.9158 31.1459
136.8001 31.8569
126.7131 32.2749
137.6709 32.1340
134.1082 32.4423
138.1031 30.4920
134.7653 32.3391
134.3264 32.4697
135.5733 31.4098
137.0366 31.6131
135.8862 32.6074
138.0344 30.9223
134.5741 32.4677
136.7689 32.1343
137.4141 31.7784
131.4771 31.0567
136.6020 33.3055
131.4412 30.4386
135.9621 31.3428
136.9509 31.7785
131.7379 29.4453
136.4817 32.5833
134.8367 32.1331
137.0172 31.8666
127.6854 32.2659
133.9018 32.6467
136.8069 30.6545
134.0685 32.4834
135.0157 31.8453
137.6586 30.1375
135.1944 31.9596
137.2208 32.3999
136.1318 32.3869
136.1331 32.8667
137.0177 30.9141
135.7624 32.5830
137.4100 31.9983
136.5518 32.7489
129.2966 29.7667
136.6931 33.4605
136.5797 33.1577
137.0146 32.9291
133.9170 32.6066
135.8719 32.2015
128.9453 28.2368
136.6928 33.1424
136.3376 32.0958
132.8927 30.9295
136.9632 33.0291
133.6452 32.5737
137.3698 30.4175
136.1213 32.8891
136.2969 32.9269
135.4188 32.5785
136.1148 31.5867
132.6769 31.4149
132.8104 32.3711
136.2826 32.7061
137.5550 32.2378
128.6279 29.2250
136.7621 32.1170
130.2251 28.3596
134.5508 31.2792
136.8844 31.6315
132.9584 31.4310
132.7148 32.0829
132.5060 32.2030
136.9064 32.3974
128.6722 29.1085
133.5190 32.1382
132.4076 32.1366
132.4097 32.0862
132.3515 32.1781
132.2891 32.0963
135.6952 31.9463
132.5540 32.1969
136.4815 31.1942
136.7025 32.5463
137.6298 31.0605
132.7449 31.8816
132.0204 31.8079
129.1790 28.3112
132.4343 29.1417
132.3504 31.8720
136.9256 32.3911
132.6670 31.9761
136.9099 32.2934
132.5289 32.3249
132.9740 31.3519
137.5165 31.7242
132.6253 29.3735
136.6828 32.2152
135.2728 32.6792
132.4144 32.2653
135.1926 30.8636
137.0847 32.2369
135.6657 32.7051
133.7968 31.9005
136.7299 31.8814
136.6041 32.1030
132.6407 32.3643
135.5957 30.0224
132.9821 32.3018
132.3115 32.2006
132.9584 31.2672
132.9910 31.2795
133.5966 32.0418
132.9905 31.5444
130.0656 28.1918
132.9368 32.3826
136.6874 30.9145
132.6414 32.0047
132.5213 32.2949
136.4456 32.6598
136.7296 31.9528
136.7329 32.0318
136.7764 32.1708
132.5131 32.3483
136.2952 32.8053
128.6584 29.2110
132.5045 32.1577
133.2634 32.3617
129.0216 28.2637
132.9895 32.3400
135.4501 31.5780
132.3796 32.3133
132.8295 31.6842
133.1357 32.2489
136.8690 31.9528
135.9866 32.2984
136.2042 31.9923
132.5227 32.1610
133.2967 32.2173
136.6602 32.1828
132.3308 32.0420
128.9630 28.2792
136.1273 31.5951
136.5033 31.6806
132.3037 31.9894
136.5487 31.7827
137.1063 32.1339
134.2062 31.3671
132.2083 31.9619
136.5162 32.1517
132.8200 32.4272
133.2204 32.2401
137.0349 32.0867
135.5437 32.8074
135.2952 32.6731
133.2392 32.3208
132.3285 32.1634
134.1140 31.3972
135.2393 30.7103
134.0439 31.6478
136.3546 32.4572
137.0705 32.3349
128.8439 28.3135
136.6156 32.4632
133.0340 31.6288
133.6111 32.0943
136.3558 32.2744
133.2198 32.4000
132.9488 32.3771
135.9709 31.5580
136.8752 31.9005
132.5108 32.1908
135.8812 32.4074
132.6005 32.2974
133.4028 32.1686
137.6519 31.4471
136.6951 31.9795
133.2580 32.3436
133.6932 31.8981
137.2218 32.0825
132.7921 31.9849
132.2525 32.2521
132.2821 32.0997
132.3607 31.7216
133.7312 32.1217
134.8106 31.0405
133.1702 32.4218
129.5877 27.9356
129.8236 28.0418
136.1498 31.5562
136.7485 31.3684
135.9110 32.0998
135.2863 32.0475
134.5893 32.0473
133.0371 32.4399
132.5005 29.5251
128.7126 28.3801
136.7234 30.6360
136.8499 30.3280
132.8036 31.2346
133.1695 32.3045
133.9965 31.3530
132.5457 32.6533
136.4707 31.1270
136.1268 29.7770
133.1852 32.0337
130.6445 28.3933
132.8430 32.2080
133.9014 32.4033
137.4191 30.1797
136.3790 31.1187
135.0146 32.3479
132.6354 32.4862
128.6720 29.6492
132.5740 31.8416
128.4642 29.0983
137.3623 29.9161
128.6453 28.4973
134.8241 32.8414
133.6953 31.7074
136.0735 31.4119
132.5575 31.4703
128.1441 28.6120
132.2809 31.8230
135.7068 30.4664
135.4699 32.0557
130.0168 28.1740
135.8878 32.0998
128.8540 30.3297
133.3686 32.5810
128.5354 28.4746
135.0207 30.9494
136.5469 30.8347
136.6741 31.3255
133.1112 32.1924
133.3775 32.0858
134.5169 31.1541
136.0356 31.1229
133.0824 32.2578
134.4830 31.2415
133.7433 31.7906
132.5432 31.6481
134.6463 31.2129
131.6221 31.2102
136.7036 31.2754
135.3451 31.6230
134.4538 31.1461
128.2971 28.9947
129.4486 27.7538
134.7077 32.6360
134.8509 31.2013
128.5460 28.3847
132.1312 28.7873
131.7526 28.7777
132.8614 30.9364
132.8181 32.1933
134.9479 32.2919
134.1845 31.7526
134.1030 32.0376
135.1318 32.2246
135.9999 31.3807
130.2757 28.3627
133.3645 31.7453
132.1252 32.0900
135.6503 31.8121
136.6595 29.6228
136.0075 32.3846
134.1027 32.3164
136.1689 31.9997
136.5791 29.6932
137.1862 30.0560
136.7230 31.5881
136.8166 32.0752
135.4498 31.6755
135.4034 31.6789
132.5915 29.6573
132.7010 32.3602
132.8204 31.4267
132.2709 32.0539
132.7854 32.6135
133.5482 32.5757
133.6547 32.5476
137.0819 30.3942
131.1330 30.4683
134.3271 31.5100
133.3873 32.6244
134.5608 32.1600
133.2149 32.3145
136.9444 32.4013
136.2850 32.5023
129.2678 29.1129
135.1007 31.7758
132.5302 32.2712
137.7091 30.7775
134.8027 30.8348
136.7221 31.8190
133.6217 32.3013
132.9189 31.7197
137.1535 30.1653
133.8159 31.7635
135.0074 32.4633
132.2218 32.1005
132.3159 32.2054
132.6299 32.6767
135.0668 31.1247
135.0319 32.7290
137.5997 31.0214
137.1420 31.9379
133.3081 32.2974
132.7742 32.0510
132.5499 32.0547
136.6254 32.2997
134.4280 31.3904
134.7539 31.1422
136.6710 31.8062
132.9226 31.6312
132.4575 31.9197
132.9978 31.2599
137.1264 30.3016
136.6444 32.1079
132.1554 32.0438
132.9820 30.9970
132.5799 30.8161
135.1661 32.3198
136.2061 32.6286
134.2863 31.5745
135.8349 32.1961
137.4434 31.8637
136.5841 31.8492
132.6327 32.3440
136.4168 31.7314
132.4487 31.9301
132.1309 32.0566
133.4204 32.0601
133.5931 32.6066
132.1990 31.8039
136.3371 32.5277
137.1350 30.2303
134.0078 31.7848
135.8736 32.5083
135.1177 32.4221
132.2631 28.9446
136.6923 32.3007
133.9010 31.9551
135.1663 32.5727
128.8019 28.4811
132.3351 31.9328
136.8208 31.2058
132.3408 32.3510
132.5757 32.4720
134.4309 32.2072
132.5100 31.9148
135.3434 30.5110
136.0745 31.6951
136.0105 29.8259
132.9065 31.0362
135.3892 32.5497
132.8890 30.7652
132.5173 32.3579
136.1388 31.4006
128.8384 29.2425
136.9992 30.5197
134.5062 31.5332
136.4544 31.1813
136.3870 32.4766
136.8555 32.2009
136.7460 30.5924
134.2857 32.2376
132.4213 31.8276
136.7195 32.1799
134.4336 31.4241
136.4407 31.9869
137.2411 30.0531
137.4107 30.2911
136.9184 30.4561
132.4447 31.9163
132.1362 31.9780
129.2427 29.1552
132.6865 31.9220
133.0023 31.6147
133.4404 32.1022
134.4025 32.2378
129.1751 28.3579
132.9213 31.7203
135.5845 32.1546
132.9034 31.4069
132.2260 32.2486
131.8392 32.1147
137.1058 31.8743
136.9552 29.9681
133.7039 32.2762
136.0171 30.8246
132.0430 31.8982
136.2523 30.7475
133.6138 32.1926
135.0388 31.8595
136.9692 29.9570
134.8174 32.5326
136.6796 31.8564
130.0732 28.1218
132.0202 31.9703
136.1054 31.9551
128.4856 31.2534
128.7682 28.8580
128.6181 28.9377
135.4657 29.9645
136.2822 31.6891
129.4769 27.8217
133.9461 31.8236
136.2870 31.6208
128.5237 29.2915
136.6810 31.0846
135.4541 30.5230
132.8006 30.6171
133.4990 32.2059
136.1273 31.6545
133.2036 31.5882
136.7833 31.5899
128.4164 28.5596
128.5145 28.8659
132.3501 32.0572
134.7915 31.8411
136.9071 30.0544
131.8786 31.6092
132.6699 30.6656
128.7906 29.8112
128.5760 28.3852
133.0227 30.3192
135.5398 32.3762
132.7656 31.8912
135.6899 31.8266
133.5748 32.0409
134.1711 31.5790
135.7882 31.4049
136.0991 30.9032
136.2372 31.5066
136.9671 30.4646
135.4563 31.8639
134.3057 31.1088
129.7810 30.9395
130.2318 28.0875
136.6606 30.1344
133.8703 32.3109
134.0154 31.7566
129.6069 27.9854
129.4840 28.2164
137.0408 31.9633
129.2149 29.2964
134.9285 33.1025
135.1800 31.6859
132.7262 31.6594
136.4079 29.6889
136.8389 31.8293
134.3210 31.3911
137.2442 30.1539
137.2718 30.4044
130.0385 28.0133
133.7442 32.4861
136.1723 30.7893
136.2070 32.0765
132.8569 30.4072
133.9240 31.4077
136.5510 31.5435
133.6409 31.4590
128.4580 29.2910
135.3997 31.9788
129.8682 28.0746
132.5125 32.2591
136.9494 30.6628
134.4966 30.8019
132.9129 30.9193
136.4116 29.9180
133.4868 32.1422
132.3138 31.6722
133.6088 31.9899
136.6495 30.8021
132.7646 31.1689
132.5077 32.2349
135.7720 31.5586
136.2157 31.4565
133.5990 32.6002
135.3163 32.2192
133.4241 32.1556
132.9027 32.5880
130.6853 30.7582
137.6219 30.6649
135.3043 32.0544
133.0285 30.7318
136.4080 31.7981
133.6297 31.8769
136.2924 30.7195
137.1217 30.2722
136.0712 29.5901
137.1338 30.4722
131.5324 30.3633
132.4695 31.9287
128.2924 28.4662
131.9533 31.4355
134.0907 31.3748
132.7455 32.0013
136.6219 31.4764
135.8934 32.8144
137.1667 30.2582
134.9238 31.8693
136.0033 30.9297
134.8227 30.6736
134.5813 31.4286
136.0951 31.8995
137.2401 30.0096
128.6725 28.1903
131.7122 31.0949
132.1368 28.6475
134.7089 31.3665
133.8802 32.1534
133.5902 32.4571
136.1797 29.9063
134.7215 30.8861
136.6830 29.9786
132.7311 31.4541
134.9571 32.1967
135.2209 31.9851
136.8012 32.0508
137.4681 30.2705
133.6421 32.4211
136.3499 30.7073
136.5921 30.9530
137.1718 30.2225
136.2597 30.7795
133.6103 32.1760
134.7300 30.7306
133.8411 31.9567
133.0723 31.9552
137.0948 30.2283
128.5914 29.7829
131.7355 31.3008
133.6934 32.5245
132.7692 29.9207
135.0620 32.6984
132.1300 29.1274
134.6970 31.8207
137.5831 30.0365
131.9175 31.6194
134.9257 30.6917
137.3562 30.2790
135.5420 31.4093
136.6160 31.6497
131.8561 30.7616
136.7401 31.6500
136.9275 30.8451
136.4922 31.9586
133.5650 32.4965
134.6813 32.6103
131.5483 30.9379
135.9904 31.0912
133.7132 31.7031
132.0273 31.6114
133.9735 31.3527
133.8306 32.4241
136.2054 31.1570
137.1253 30.2562
136.7552 29.9887
137.2914 30.0453
137.2592 30.1117
136.6759 30.6616
133.2514 32.5420
133.8693 32.1576
133.6321 31.7724
137.0276 30.4031
136.8278 30.6399
136.0163 30.0980
134.5270 31.0092
132.8619 31.7563
136.6798 31.9774
135.5991 32.0556
135.5464 32.2540
132.3603 32.6712
135.8493 29.6117
137.0333 30.3777
137.0363 30.2812
135.7002 32.1418
136.5085 31.3165
132.7449 32.3510
136.3980 30.7712
132.0499 31.6917
136.6920 31.0622
137.3350 30.5607
132.3471 31.7676
132.1190 31.9577
135.0690 32.3343
132.0603 31.7630
137.9068 30.2557
135.1600 32.5199
136.6800 30.2999
132.1903 32.1856
133.8403 32.3531
132.5389 32.2828
135.8082 31.8971
136.1043 31.4759
135.2870 31.8759
132.1976 30.4654
136.2197 31.9834
134.8149 32.4676
132.4406 31.7912
136.0152 31.4686
134.9088 30.6339
136.4242 31.6810
136.6045 30.9721
137.8480 30.1651
136.0839 31.1667
132.5253 32.2309
135.7716 31.9359
137.0890 30.2916
132.1180 31.5786
132.2312 31.7123
137.1628 30.2769
135.3400 32.0725
136.0112 31.3008
136.1278 31.4396
137.7253 30.7426
132.1091 31.8497
137.1208 30.6011
136.3175 31.7863
135.4358 29.9635
132.7807 31.4778
135.2975 32.0889
136.4603 31.4959
136.6468 31.0072
132.9472 31.0177
135.4173 31.7708
132.1199 31.7151
136.2599 31.3408
135.9980 31.2380
134.5881 30.8597
136.9074 30.1458
135.5470 29.6659
136.7005 30.3928
136.4070 30.9516
137.0708 30.1309
135.4678 31.9103
137.6917 30.6570
136.0038 31.4988
135.0820 32.0680
136.4424 31.0304
136.0086 31.6700
137.1149 30.1696
136.9795 30.5805
135.6827 31.6805
133.9252 31.3459
134.1085 31.2070
136.2710 31.3138
137.2379 30.2186
132.2471 32.0006
134.7051 31.0377
129.2053 27.6964
132.7437 30.7533
136.2790 31.6361
137.4367 30.4720
136.0084 31.5624
136.2673 31.0788
135.7201 32.0501
135.0721 32.1193
136.1992 31.3202
132.1182 31.6563
132.6162 30.9423
132.3047 32.1637
132.3183 31.7717
136.9594 30.4130
135.1279 32.4171
135.8752 31.6020
132.4740 32.2614
132.1404 31.6413
136.3725 30.9271
136.5031 30.4957
133.6837 31.6545
135.6187 31.9465
135.7497 31.6606
135.1733 32.2011
132.2924 31.9809
135.7694 31.7395
136.2083 31.1922
136.2506 31.2696
135.1365 32.2996
135.9106 31.7400
136.8097 30.5716
135.8424 31.6608
137.6214 29.8038
134.8109 32.4871
137.1368 30.2456
135.6083 31.9542
136.2838 31.1071
132.2023 32.0054
132.2123 32.1352
135.5754 32.0343
132.2247 31.9176
132.0713 31.7976
134.3062 31.0453
135.1445 30.2439
132.1617 31.9826
136.0539 31.6462
135.5605 31.9818
136.0846 32.0296
136.0964 31.3933
135.8557 31.6251
133.1753 32.3806
136.1711 32.0081
133.3283 31.9472
135.8090 31.8592
126.5510 31.5170
133.1460 32.5345
136.8992 31.8122
134.9304 32.7813
137.4067 29.8369
132.3597 29.1849
133.6992 32.6237
136.6336 29.8681
132.7955 30.2689
134.0533 31.3529
137.7597 30.9804
137.2753 29.9719
134.8981 31.0233
133.9632 32.2530
137.8462 29.7827
134.2197 31.1564
136.5646 30.6075
133.7002 31.8932
136.7800 32.1535
135.5732 30.9971
132.7355 32.7164
136.9783 30.6699
128.9513 29.0711
133.7936 31.3584
133.8629 31.5388
134.3218 32.0788
128.2993 28.4934
136.1032 29.4144
132.1481 31.5140
137.4440 29.9759
135.6566 32.3023
135.4832 30.6404
135.8226 32.0895
135.2741 30.4552
137.2529 30.3246
134.0467 31.5949
134.8691 31.7650
135.4732 30.6325
137.3553 30.4942
133.5805 31.9772
135.4340 29.7488
129.9504 29.4732
135.6554 29.6403
128.1689 28.3061
128.1860 29.3406
136.7856 32.0939
137.1631 30.5589
134.3051 30.7440
133.1205 32.5071
134.8370 31.4126
137.3399 30.2159
129.6694 27.9287
132.3362 31.0601
136.3531 29.5469
130.4104 27.9108
137.8251 31.5194
137.3472 30.2738
136.8552 30.7683
135.3845 31.6872
136.5273 31.4379
134.9288 31.1201
136.0116 32.3554
136.5306 30.8187
131.1299 28.2456
134.2348 31.3681
133.7886 31.3290
132.2361 32.2993
132.0716 30.8574
132.7950 31.1983
129.6820 31.0185
133.6785 32.3679
134.1805 31.6160
133.6626 32.0789
129.7861 27.6537
131.9060 28.6649
135.4906 32.7432
136.9234 31.7769
136.3875 32.8587
135.6113 32.6767
136.5690 32.4310
136.8519 30.9432
137.0398 31.8191
136.7781 31.7131
136.6112 32.6830
136.7275 32.2916
135.6554 32.9245
137.0584 30.6766
137.0371 30.6355
136.7074 31.7566
136.1649 32.4967
135.8636 32.3197
136.7488 32.2161
136.9050 32.4832
136.5002 32.7579
136.9626 32.0196
136.0799 32.5749
136.4822 32.6317
136.5614 32.5639
135.8914 32.2682
136.5456 32.5459
136.7176 31.8860
136.4492 32.1264
135.9282 32.2733
136.8728 32.1415
135.9606 32.9148
136.6070 31.9625
137.0516 31.8412
136.9317 32.2755
136.2949 32.3285
136.3891 32.9357
136.4665 32.6607
137.0018 31.9509
136.8893 32.4477
136.0188 32.7123
136.6215 32.5681
136.5158 31.9898
136.8979 32.1115
136.8600 31.7286
136.9021 31.7843
136.8185 31.7003
136.4322 32.7583
136.7518 31.7463
136.4765 32.7647
136.6497 32.2897
136.6774 32.6194
136.9209 31.8457
137.0269 31.8377
135.5514 32.7116
136.2684 32.5270
136.0419 32.1949
136.8759 31.7843
136.6288 32.5101
136.9413 31.9907
136.9841 31.8110
136.9172 31.8618
136.3427 31.8017
137.0091 31.7726
136.1796 32.4985
136.9370 32.0800
136.1793 32.5525
136.7929 32.1488
136.9215 31.7616
136.5042 32.9913
136.5289 32.6030
136.8742 32.1495
136.5867 32.4870
136.2655 32.3318
135.6182 32.8604
136.9567 32.0636
135.5842 32.8835
136.9750 31.9161
136.3853 32.7960
137.5852 31.7499
136.5484 32.4636
136.2177 32.4964
136.7451 32.2376
136.6903 32.6049
136.9431 31.8275
136.6660 31.8560
137.0145 31.8922
136.2590 31.9853
136.7696 31.7436
136.5300 32.0236
136.9323 32.0530
136.6894 31.8222
136.7034 32.6535
135.9796 32.8969
136.9922 31.8987
136.4258 32.7160
136.5610 31.9934
135.9225 33.0191
136.8629 32.1390
136.9390 31.7735
137.2139 32.1798
135.6405 32.6913
136.5093 32.4931
136.5441 32.4741
136.4291 32.9598
136.6434 32.4248
136.2325 31.9871
135.6666 32.5682
136.6179 32.4219
136.8936 31.7081
136.7621 32.5061
136.6557 32.3548
136.4842 32.0702
136.5047 32.7277
136.9696 31.7694
137.3600 31.9687
135.9717 32.9087
136.9815 32.0181
136.8831 31.6885
137.0278 31.9363
137.0079 31.9755
135.5817 32.8319
135.7570 32.4043
136.5805 32.0891
136.5625 31.9854
136.7430 32.2509
136.5547 32.0248
136.6753 32.3067
136.7463 32.2656
136.8037 31.0489
136.3136 32.3687
135.5773 32.7875
135.7765 32.8956
136.4052 32.7603
136.5316 32.6249
136.6771 32.3158
136.9680 31.8768
136.8210 32.2136
136.4653 32.7187
137.0009 31.8941
136.8659 32.1547
136.5440 32.1159
136.1076 32.1472
135.8725 32.9604
136.6454 31.9812
136.2458 31.9790
136.7331 31.7563
137.0733 30.6570
136.0448 32.8111
135.6340 32.9102
136.8696 31.8157
136.0902 32.1413
136.7672 32.6695
136.6093 32.3999
136.9646 32.0622
135.7776 32.9512
136.8165 32.5849
136.7929 31.7276
136.3202 32.3494
136.9193 31.7711
136.7362 32.2127
136.9094 31.7268
136.5402 32.7146
135.5761 32.9140
136.0087 32.2635
136.4708 32.6629
135.7833 32.9588
136.9262 32.5726
136.0759 32.1961
135.6424 32.9315
136.4607 32.8258
136.7907 32.2764
136.8000 31.0055
136.5189 31.4458
136.6137 32.6979
136.6201 31.8788
135.5901 32.5921
136.6540 31.8525
136.7895 31.8298
135.5428 32.8651
136.9773 32.0757
136.6340 32.4771
135.9496 32.9036
135.5465 32.7655
137.0055 30.6699
136.4877 32.9155
136.9644 31.9164
135.6868 32.9146
136.9991 31.9205
136.5972 31.9507
136.2380 32.5079
136.9014 31.7348
136.1449 32.5980
136.2268 31.9788
135.7013 32.4502
136.3731 31.7336
136.5520 32.5714
136.9261 32.0648
136.7097 31.7592
136.4145 32.2915
136.7094 32.6786
135.8724 32.2879
137.3143 32.1253
136.9072 31.7629
136.2286 32.3995
136.0203 32.8479
136.8861 31.8000
136.4778 32.6665
136.9600 31.8034
136.6669 30.9931
136.9103 31.7578
136.3731 31.7613
135.5917 32.5387
136.5210 32.5450
136.7426 31.8502
135.6413 32.6668
136.4765 32.9801
136.2803 32.4703
136.5340 32.5498
136.4291 32.1600
136.4803 32.9951
136.7389 32.3071
135.9332 32.2546
136.4425 32.9724
135.9528 32.9697
136.8570 31.7308
136.3983 32.8069
135.5590 32.6847
136.9590 31.8143
136.4896 32.5632
136.3779 32.2939
136.5258 32.1618
135.9988 32.2321
136.4716 32.1820
137.0658 30.6669
135.5941 32.8792
136.5220 31.4314
136.6699 32.3689
136.8322 30.9665
136.9803 31.9913
135.6199 32.9327
136.9778 32.5537
136.9495 30.8817
136.6208 32.8041
137.3582 32.0882
136.4144 32.7467
136.6808 32.2589
136.7178 32.2609
136.3857 32.6862
136.9851 32.4429
136.9554 32.0732
136.2160 32.0258
136.3539 32.3888
137.0598 32.2745
136.6924 31.8033
137.0242 31.8571
136.5188 32.1306
136.9466 32.0709
136.8621 31.8129
135.6331 32.9240
135.5011 32.8372
137.0180 31.9008
136.3817 32.8536
136.6513 31.2422
136.9010 31.8204
136.5503 32.4349
136.9108 30.8611
136.6359 32.3949
135.6532 32.5415
135.7414 32.9253
137.2115 32.2272
136.9458 31.8815
135.6132 32.8592
136.5656 32.4642
136.1105 32.7619
136.6245 32.0348
136.8472 31.7382
135.9005 32.3039
136.9080 32.5718
136.3866 32.9669
135.6308 32.7361
136.6917 32.2752
136.8687 32.0940
135.9710 32.2344
136.5715 32.4873
136.9687 31.8070
136.7742 32.6636
136.5742 32.4335
136.3945 32.9584
136.4840 32.6774
136.4052 32.2064
136.9536 31.8532
136.3573 32.7916
136.5865 32.7924
135.8846 32.2959
136.4759 32.2088
135.9680 32.2585
136.4724 32.5519
136.3937 32.8794
136.2726 32.4730
136.9438 31.8133
136.9267 31.7994
136.6248 32.7157
136.6741 32.7388
136.9759 31.9142
136.4600 32.5894
136.7839 31.7357
135.9426 32.2789
136.4506 32.7814
136.5835 32.4208
136.7557 32.2614
136.8210 32.1502
137.7265 31.5749
137.6744 31.6458
137.2065 32.3569
135.9966 32.2246
136.8500 32.1656
136.8967 32.0546
136.5424 32.5209
136.6689 31.8367
136.7693 31.0422
136.3933 32.9089
136.7189 32.3851
135.8983 32.3137
136.9467 31.8801
136.8526 32.1318
135.6007 32.6561
136.4538 32.6681
136.5083 32.5636
135.7494 32.9445
136.4909 32.7164
137.1268 30.6090
136.6451 32.7137
136.7775 31.8015
135.9143 32.3831
136.8896 31.8059
136.9087 31.7904
136.7184 32.2769
136.8273 32.1191
136.7178 32.6205
137.1418 32.3619
135.5593 32.8776
136.4210 32.1309
136.4256 32.7067
137.0908 32.5136
136.3986 32.7763
135.7540 33.0148
136.7540 32.4351
136.5121 32.6515
136.4626 32.1704
136.6108 32.6949
135.5049 32.8433
136.9811 31.8286
135.5819 32.7347
136.4674 32.6817
135.7633 32.3933
136.0001 32.7056
136.9573 31.9509
135.5918 32.7681
135.8794 32.2976
136.8917 32.2352
136.9183 31.7790
136.3491 32.9018
136.7065 31.9290
136.5590 32.4165
136.9026 32.2803
135.7391 32.4914
136.8863 32.5437
136.3517 32.3142
136.8923 32.1185
136.8624 31.7911
136.5684 32.4708
136.6924 32.4864
136.5449 32.5336
137.0003 32.0598
136.4234 32.6546
135.9295 32.3002
136.6965 32.3212
135.7996 32.4270
