130.9948 26.4568
131.9943 29.7226
131.8809 24.9016
138.4964 33.6173
131.5084 30.4700
133.1378 28.5998
131.0032 27.4531
135.6026 30.9488
138.2932 28.1041
138.8469 28.2567
136.2386 28.5720
130.0748 27.3734
136.6422 29.5183
134.5715 31.5673
131.6849 31.3578
138.2150 28.1677
132.3372 30.1249
135.1063 33.6472
138.3917 27.7082
137.1956 29.4538
138.6562 27.8061
133.3120 25.3994
135.0341 30.3583
140.6365 34.5873
135.2425 32.1453
131.1393 27.3142
139.1458 27.9626
136.2250 28.5971
138.1588 28.8017
139.4755 28.7396
135.7875 28.9107
136.1954 28.3958
138.2777 28.2998
130.0335 26.7081
137.1319 30.5567
135.8541 30.3244
131.6975 28.4585
134.3152 27.8486
132.2117 26.7120
138.5940 27.7597
131.3451 28.9735
137.3490 33.4590
135.8628 28.2118
136.2745 27.9226
134.1524 24.1232
139.8583 34.5397
131.6226 30.7713
134.9323 31.4005
134.2958 28.4506
125.9042 23.8019
135.0521 28.3672
132.2306 25.8753
135.2666 32.6013
135.1156 28.3823
131.5082 25.2569
140.1037 33.5657
131.5059 28.7410
134.2019 28.9702
131.1514 28.0583
127.5428 24.5931
134.6819 28.3129
136.9607 26.6377
137.1216 29.7346
134.3883 30.0202
140.5468 34.5105
137.8701 27.3476
132.3826 31.1891
132.8996 24.5079
137.1732 27.9508
131.7085 26.7943
134.2416 23.8446
139.8322 28.1374
131.8008 28.6416
131.1218 28.7836
136.1356 28.3499
130.2416 28.9693
127.2314 25.8731
135.4235 23.5993
135.8853 33.4155
132.8862 25.0024
135.7967 29.9610
134.2276 24.4689
131.6712 27.4503
132.5775 29.9146
135.6591 29.6047
131.0478 30.3395
133.5340 25.0220
137.0024 31.4526
127.2924 27.9184
136.7625 31.5050
133.7371 25.0908
136.7575 31.0338
131.4862 28.0758
136.3111 27.6138
133.4989 21.4650
130.9948 27.4376
138.7112 28.1778
131.7745 31.9826
136.1458 30.2506
133.7972 24.7686
134.4562 31.9795
132.1749 26.5671
135.0285 22.9088
136.2827 31.1715
133.1275 31.8427
134.9419 30.7020
133.7437 25.8465
135.9674 28.2045
141.0765 34.9228
132.4441 28.2746
141.5703 35.2290
137.6143 33.0980
131.8767 27.7483
133.5965 25.0144
130.1811 28.5910
130.2435 29.0485
135.7236 29.8309
136.7171 32.2291
136.1678 31.1549
133.6585 24.9068
133.0962 26.4735
138.4511 27.9277
134.6895 30.4518
130.0825 28.6934
136.5164 30.3611
138.4127 33.6811
130.9940 27.3138
133.7264 25.7417
135.2177 33.6595
136.5157 28.5917
132.1200 28.8578
135.7487 29.0373
131.0993 27.8281
133.8237 24.2763
131.0152 28.0196
131.3361 31.2701
131.9020 27.7194
137.7834 29.3551
131.4250 27.8982
134.2697 30.1061
139.5945 28.4135
138.0003 26.8512
135.2762 22.6334
133.1955 24.6701
139.2958 34.5906
138.2196 27.9729
134.3536 28.8591
134.9329 33.7000
131.8640 31.0835
136.2005 29.4736
130.0287 28.5973
136.7124 29.1736
130.6232 28.8973
134.4244 30.0655
134.9744 33.6013
126.9826 25.6112
134.1459 30.5412
136.8569 29.8022
132.0125 25.5055
131.7334 31.1104
135.8354 28.3139
137.5081 29.4437
144.7826 36.2266
131.3903 28.9464
134.7727 30.3382
129.8087 28.7005
138.2351 28.3024
135.9514 28.4694
129.5211 26.1228
140.0926 34.0493
134.9521 30.2714
135.8065 28.1839
133.4999 31.7390
130.1373 28.6975
130.0729 28.2717
139.0887 33.7493
132.0510 28.5546
132.0271 28.8848
131.7780 28.6813
133.3923 25.5218
139.5863 27.5325
133.0638 28.4771
134.8151 29.7902
131.8322 29.8063
136.1284 28.1207
130.5057 29.3550
129.7983 26.0422
135.7688 28.8355
131.5863 27.4657
139.6373 28.4579
138.2622 26.6597
138.7184 27.7775
132.0578 28.1449
134.2041 32.8477
132.6858 29.6426
134.9051 33.6608
136.0871 28.7655
136.1693 29.0010
131.7034 28.7889
139.1463 28.0242
138.8607 27.8460
132.1959 29.9572
131.6235 29.5032
135.8139 30.1942
135.9521 30.6307
133.6813 25.1770
125.9862 22.3846
137.9306 28.5140
137.4624 29.1798
134.5192 30.0449
139.4339 34.3412
138.0450 28.2220
138.0570 28.7520
133.0283 28.4476
137.0804 32.3292
138.3931 28.1235
130.8475 28.1969
133.8152 24.7218
124.7020 21.7837
136.4369 28.3244
132.0753 28.1634
139.8614 28.0749
132.4948 29.9817
130.8548 27.9918
125.2782 22.8300
136.6201 29.2761
136.7574 30.0862
132.9881 25.3538
130.1954 26.4597
138.6262 27.5946
135.9200 29.5113
133.3014 30.2040
132.2483 30.2685
135.6443 28.3183
127.6975 29.4466
140.9844 33.7121
138.8291 27.7984
137.6147 32.8891
132.4807 24.5619
131.8788 32.4522
124.8393 24.0380
133.5803 32.1866
131.6220 28.8388
131.6649 27.5138
131.0864 27.7028
133.3639 30.7227
130.7936 27.0782
132.6002 25.1692
136.7316 31.4145
136.3541 28.9493
132.0903 29.2210
133.5981 29.0726
131.1855 28.2328
135.6683 29.2675
136.0121 28.9347
135.6749 30.4242
132.1675 32.0589
136.9999 32.7060
135.7254 28.2278
131.8743 28.8807
131.6680 27.2516
137.4448 26.8946
134.4671 29.8170
130.7142 27.2155
134.6905 30.6337
130.3461 26.6043
136.1962 29.4953
138.5150 27.0141
136.7095 28.0735
134.0876 23.8688
132.2774 29.6388
139.7548 28.5210
131.4672 27.0913
138.0209 28.3922
135.0460 22.2301
130.9228 27.4654
132.3340 25.0056
125.4724 23.8529
132.7021 29.1431
136.3363 31.1028
139.8781 27.9600
132.6747 32.5015
139.3352 28.1990
138.7548 27.1442
133.6077 24.9373
134.5205 28.8392
132.3553 25.6485
137.4832 29.1772
126.3784 23.2559
131.6794 28.8449
131.9615 28.1954
130.2072 28.9519
138.2634 28.4681
134.5968 30.5270
138.6214 34.1640
136.7433 28.9341
132.2101 30.3820
133.6485 25.4549
131.7734 27.4078
138.8637 27.6983
134.4242 28.3274
125.2425 24.0173
136.2557 29.0987
133.5915 32.9866
132.7282 29.0270
136.2598 31.3750
135.2422 22.8336
125.8326 22.8630
132.5077 28.7389
131.3433 29.2208
126.6528 25.7413
135.7699 31.1842
134.9451 30.9445
134.1611 29.5516
138.5672 27.5967
136.3924 30.4522
136.4359 31.3180
135.1915 33.2083
135.9121 28.4016
130.8628 27.3405
139.5713 28.1979
135.1228 27.9286
137.3203 31.1091
130.8380 26.9300
131.8575 32.5039
133.9599 29.4934
137.4123 30.3996
131.6921 28.7377
130.7932 27.8080
133.9577 32.4552
130.8508 26.5296
132.3024 32.5778
137.0300 28.5948
132.0407 27.4366
132.7617 24.5689
131.5954 25.8047
132.5865 31.7987
135.2659 22.5447
130.8862 26.4389
137.7083 32.4550
136.1845 31.0525
135.8179 28.1083
133.9136 24.4018
132.0126 32.1415
135.5997 29.4615
136.3600 29.5483
135.8078 29.0281
132.3053 28.8772
136.9778 30.4925
138.2566 28.1420
137.7695 29.9047
133.2826 32.1942
136.9055 32.2232
126.9347 28.7504
130.1594 27.8245
135.2688 32.9275
139.7872 28.0059
135.5591 33.1599
137.1651 28.5259
130.6306 28.8974
135.3040 33.1613
134.5571 28.7115
135.6703 30.4478
138.9725 27.9462
135.8241 31.0412
136.1649 29.8125
137.6283 28.3196
133.7741 31.9845
126.3733 25.1935
137.4025 33.1603
131.3721 29.9228
136.2505 29.8890
139.3078 28.3128
132.4231 31.6415
131.2645 26.3726
133.5506 26.1263
131.7940 26.8239
130.5344 26.7472
133.7015 25.5238
131.9499 25.8526
137.4173 29.0072
134.1428 29.0374
131.8456 27.0639
135.6355 28.7620
132.7216 21.9995
134.2868 23.6475
133.9463 32.3104
133.0123 25.9224
126.1256 24.3778
136.2484 28.3397
139.2889 28.0011
140.0209 28.1375
130.9076 27.3649
129.9414 27.4023
135.6935 29.2165
129.4392 28.0890
136.0358 29.0124
134.6171 31.9183
136.2832 28.1005
133.7499 24.3496
132.0288 30.1885
132.1354 29.9140
132.8305 28.8425
133.3216 25.2994
138.3661 27.8464
133.2004 28.7019
139.1588 27.7684
137.0630 28.4537
131.2119 30.3573
132.0003 28.2183
132.3246 32.5678
136.6654 29.9156
130.0275 27.5100
132.3707 30.5389
130.1909 26.0874
139.8597 28.9499
129.5560 27.5340
138.4411 27.6301
135.6436 28.8581
135.4059 28.8009
135.7768 28.7983
134.7129 29.4686
133.3460 29.3068
137.8722 28.4412
136.1118 28.3531
136.7090 29.4593
132.0146 25.6135
132.4166 28.8878
136.6328 31.2660
132.1493 32.6755
133.3800 24.4964
132.6466 28.6106
139.0052 28.1399
130.5657 26.4653
133.7425 24.4122
135.8341 29.8004
134.4913 24.5342
126.7553 25.5528
137.5392 33.0107
128.1791 28.9840
137.5274 28.8815
129.7588 27.1215
144.3271 35.4972
133.3780 23.7823
139.5419 28.3025
133.4413 25.3212
133.9957 23.8942
132.4685 26.9328
132.6629 25.2065
133.0224 30.4012
133.2819 25.1199
131.5779 25.8138
134.2935 29.3971
131.2064 27.2599
129.6685 25.9191
138.5326 27.9853
132.1866 32.7831
136.8801 32.3954
136.4609 33.4537
130.3023 27.2908
135.8999 28.7316
125.5562 25.5187
132.7843 29.2397
137.2973 29.8964
137.2156 31.2296
130.9954 26.9850
136.3799 29.3620
131.2799 27.3850
135.9822 31.1878
136.4667 28.9970
135.8833 28.5384
138.1686 28.5705
134.1515 23.3735
134.3804 29.5220
131.6510 28.7486
137.1173 31.2270
131.0909 28.6905
133.1272 25.3007
137.3852 27.1565
133.3103 25.6008
135.9984 31.1472
126.9946 22.4414
135.9802 28.7399
134.0086 25.0548
135.5793 30.6909
132.3967 30.2274
135.3733 33.3834
139.4168 27.9947
131.5464 27.5794
136.8243 31.1469
139.5043 28.5355
137.4445 29.2091
128.0732 29.0317
136.4838 29.0993
136.9782 30.0880
135.7145 27.9923
135.8017 28.6570
131.4863 27.9789
136.5467 29.9882
139.0518 27.8580
135.5898 29.8286
133.2748 28.6391
134.4256 23.7859
134.9165 31.3355
125.8081 24.3755
136.0549 29.5660
131.0700 30.2705
133.7217 24.6253
138.9304 27.9128
138.2576 26.8229
135.1111 28.4096
138.4541 33.7536
133.8931 24.6553
131.2462 27.1999
132.4938 27.1043
138.2451 27.8320
131.7440 26.4715
137.0656 31.4607
134.4027 28.2928
134.6354 28.3559
131.3983 29.9336
134.3097 29.5666
133.7901 24.6128
133.9464 25.0251
132.2949 27.2387
136.3736 30.1638
137.8782 29.0197
135.7291 30.4206
134.5937 30.9073
136.2196 28.1648
134.4029 29.6916
125.3679 24.3178
132.2446 24.5624
131.8795 31.1234
135.2831 32.9110
131.6675 28.2202
131.4910 27.8682
136.1242 28.3027
131.7937 31.8698
129.2531 26.6911
139.4026 28.5320
134.7112 29.5673
134.6023 30.0865
134.8400 33.6811
136.5443 28.7770
136.2039 28.5199
131.6474 27.7382
131.8140 30.8618
137.5378 31.0498
132.6664 29.8514
135.4521 24.0137
139.5548 28.6651
136.3085 28.2326
135.8620 28.3958
134.8300 29.8032
131.7527 25.8946
139.5129 28.4547
136.9110 28.4819
135.8893 30.9974
135.5758 30.6588
131.5272 26.5931
134.2680 29.8307
125.8586 23.6779
133.2287 28.0226
136.9511 30.1473
136.4798 29.4548
139.0561 28.5387
135.8774 33.5198
136.6846 30.1409
139.7611 28.9579
137.8513 26.6808
137.2337 33.5355
139.2509 28.2598
135.6869 33.1387
138.4047 27.0433
137.8955 32.9650
139.2429 33.8140
137.5545 29.5085
136.2935 31.4945
138.7773 28.7398
139.9544 28.4099
136.5753 29.0782
132.2268 29.2626
138.4216 29.3988
140.1213 34.0566
135.1133 32.6172
136.0143 33.5159
137.7839 33.5005
128.7128 29.5791
137.8648 30.4766
127.5928 27.2809
136.2748 29.1485
137.6999 32.7705
139.9194 28.3009
137.6858 26.9837
137.9355 31.4915
136.9102 28.5231
136.9200 33.4945
135.7899 28.1715
139.5371 28.5424
136.7366 29.8658
135.6322 31.0435
139.2057 28.2640
137.0401 29.4394
127.5539 28.2573
139.0712 28.2499
143.3066 37.4623
136.8978 28.5249
127.5994 28.4258
139.0628 27.9756
138.2940 27.6834
137.9375 30.1081
137.7688 31.0457
133.7412 29.0001
139.2497 27.7936
136.0015 29.0465
135.5300 29.6347
137.3573 33.3547
127.5157 28.6011
135.7356 28.1403
138.1359 28.2790
137.4548 29.4760
135.0216 24.0162
139.3567 33.3207
133.3326 29.1891
138.8336 27.4177
142.0926 35.8878
136.3401 28.4586
131.3246 30.8297
137.9254 27.1218
141.4217 34.7955
138.5157 27.9577
138.9243 28.1595
137.2917 31.7134
135.9109 30.1894
138.9616 27.8597
139.6237 28.2474
139.3474 28.1089
138.7506 28.7050
139.1898 27.7828
139.2244 27.7157
139.1511 28.5984
135.8955 31.2464
137.4094 32.4121
138.5921 27.7752
138.2253 27.0035
135.7246 30.9393
137.1722 33.5059
145.1738 37.2386
133.9012 26.0593
137.6764 29.3496
139.3949 28.3896
139.0168 34.0455
132.3869 28.8156
135.3508 30.0071
135.9049 28.6831
137.4643 29.7462
139.6269 27.5195
137.0504 32.0820
135.7081 28.3504
138.3597 27.5225
137.4809 32.4419
135.4316 28.2436
139.0255 27.5075
138.0511 28.0922
134.7435 29.7359
137.4847 34.6312
135.7697 30.5906
139.2861 33.2303
135.5046 28.3257
135.8408 30.8388
136.7212 30.6715
137.1803 34.5744
136.2750 31.3383
135.6459 33.0782
140.2288 34.5703
136.8566 29.7300
144.3273 38.2976
139.7306 28.6514
138.5567 27.6134
127.1426 27.4417
137.0990 32.3702
145.7872 37.8815
137.4325 28.9528
138.1154 27.1463
139.8329 28.7096
137.0763 32.4458
135.3379 28.0837
140.6214 34.2812
137.3119 30.1252
137.0456 29.6952
140.6441 33.5135
139.5203 28.7312
137.8167 33.4527
136.0203 30.9496
135.7963 28.9803
135.9338 30.8039
137.5746 31.3099
132.9684 30.4518
139.5732 33.0292
139.6934 28.7802
140.6953 34.5277
130.0296 27.3232
139.5251 28.1344
134.6692 29.7005
133.0279 27.8460
144.5853 34.4698
137.4359 29.0943
136.9517 30.6375
135.9204 30.3326
137.7172 33.1462
139.7438 28.3992
136.9550 28.3197
137.3188 33.3631
136.9792 32.7236
138.2451 29.2778
138.9861 27.5817
137.0037 34.4054
139.6802 28.2163
135.7166 28.0698
138.3821 32.5011
138.7757 28.4976
126.7500 26.4967
125.8842 26.1133
139.6336 28.6258
138.8709 28.3311
135.8366 28.6146
137.4387 28.6834
138.6378 33.6904
136.3532 29.2453
142.4763 37.4818
134.7032 32.0570
135.8414 29.0226
142.3891 37.3298
137.3036 29.7930
140.5593 34.1253
136.9804 30.0459
137.3657 33.2032
139.4485 28.3436
133.4857 28.7237
139.1954 27.8697
137.3258 29.5643
139.4760 34.8101
140.1942 33.2111
135.6576 29.1621
139.4194 27.8622
136.9531 30.6326
131.7141 28.4363
136.8933 33.3627
137.7013 33.6244
137.4044 32.3076
133.2408 31.8209
137.1125 33.4262
132.0598 27.6751
136.8855 29.9550
135.7131 24.4554
137.5264 32.6265
135.7126 22.3920
130.9271 30.1876
136.6467 28.0964
137.3144 31.2989
134.0699 25.2823
131.5423 30.5141
134.0353 26.5595
135.8175 28.2347
131.6431 28.8508
135.1374 33.3188
132.3953 28.0330
135.4749 29.8090
136.3157 28.6071
138.4669 27.9933
134.7839 31.8752
132.0738 28.6857
137.2365 28.4260
135.0305 28.0828
137.9553 33.2335
136.7558 28.4598
139.6233 29.2668
135.5045 28.0267
136.0354 32.8523
134.3782 24.2078
134.1551 29.7873
139.6125 28.8402
123.5840 30.0234
127.2897 25.5632
134.3056 24.1645
127.0631 26.4552
139.6078 28.4123
139.3470 28.0764
139.8238 34.6350
137.9983 30.3006
137.9888 27.1122
140.2282 28.3535
135.7342 23.0526
137.2854 32.3573
136.6199 30.8675
131.9554 28.8982
132.5172 27.7852
138.5600 28.0418
134.1418 28.6775
134.3214 31.6950
139.6109 28.2280
135.9080 33.5317
139.4866 27.7710
135.2850 30.8758
131.7549 29.3935
141.7430 35.2426
137.7398 26.3297
140.8781 33.7121
133.4515 27.9988
136.1640 27.5276
136.6082 30.9604
134.6329 24.1425
133.3678 25.4862
136.6761 30.2142
134.8828 24.7994
139.5694 28.2585
134.9976 23.8028
137.0560 30.6182
134.4554 28.0984
135.8391 29.0260
137.2332 29.8718
133.8976 28.8047
137.8109 26.4601
131.5306 29.1386
140.2791 27.7216
128.1452 30.3734
131.3979 28.6781
134.7449 23.8587
139.3417 28.2782
135.1102 33.6109
137.3482 30.2392
136.3739 29.9431
134.3551 23.6154
136.0221 29.8906
132.2496 28.1835
135.7829 30.9558
126.6758 26.6696
132.9580 28.8125
137.1992 28.4468
139.2773 28.1107
131.6535 29.0959
127.5180 24.8115
135.7132 28.7287
140.1588 34.0590
136.1195 28.6071
134.4926 21.8156
136.9890 26.8384
138.3542 27.4243
138.3666 33.5767
132.9351 28.2952
133.4733 25.2538
135.9535 28.6424
132.6095 27.8543
142.0004 35.1688
132.8147 28.7643
133.5628 24.9699
139.1432 33.9939
132.0059 28.5260
136.5311 31.4524
135.2965 28.4349
138.4417 27.7684
136.4322 28.7366
133.8532 24.4353
139.5566 28.4631
130.3400 25.6768
136.9967 31.3474
131.0361 25.8706
136.5682 29.1487
131.5846 28.7126
137.7901 33.3837
136.4834 30.5614
135.8693 28.3002
136.7860 28.9993
135.9347 28.8388
132.8346 30.6198
137.4974 33.1390
136.0574 29.2289
139.3834 34.1722
136.9788 32.3783
135.5172 22.5218
137.7615 29.9655
138.6782 27.8775
130.8196 26.5570
134.3104 24.6947
132.1277 27.4785
139.8215 28.2449
134.8765 31.4780
140.1076 28.1333
125.7744 26.2284
133.6274 32.0396
133.4935 24.0453
131.0856 27.9176
131.7961 31.0447
139.1232 27.9128
133.9439 24.5435
138.9321 34.1245
139.3468 28.2102
136.2076 29.0715
136.3234 34.0795
139.3502 27.9833
127.6703 28.7044
137.5883 33.1449
134.1814 28.6226
131.4988 28.2739
136.6308 28.8452
135.8372 28.9622
135.6534 28.0428
129.1473 25.8864
133.2058 25.8853
138.0374 28.8614
136.6803 28.4874
134.2110 30.0574
134.6294 29.3427
138.6944 28.0090
135.9453 28.8142
134.2764 28.1934
138.2752 33.8585
135.0579 28.7703
136.0214 28.5133
127.4565 24.6379
132.3935 28.8238
127.4525 27.7557
136.3748 28.2468
132.7126 28.5818
135.0300 31.1695
138.4557 28.3777
135.8306 30.9351
131.8393 26.0548
132.2804 25.0825
136.9152 32.5394
136.9517 31.0599
135.3905 28.0482
133.0047 26.6125
136.0961 29.5472
140.6279 35.2243
133.3997 25.4882
139.5394 28.2069
130.8999 28.0652
132.0108 32.3881
133.6371 23.9802
139.7774 28.1895
135.5800 29.0629
135.1087 27.9828
138.9962 27.8158
137.9137 27.6674
131.1097 28.0517
132.1968 29.5521
141.7291 35.3686
125.7720 24.9395
135.8742 29.0550
135.9870 27.9548
137.2691 33.3312
137.0948 32.1555
130.6136 26.6457
132.2058 29.7861
132.5135 24.9320
132.7530 25.5689
135.7220 28.8043
138.5544 28.0519
130.1688 28.5873
136.0744 29.3475
136.2269 28.7583
137.7107 30.1488
135.9437 28.9043
134.5202 31.8964
136.3401 28.7959
136.4439 29.2508
133.2532 26.2912
139.3896 28.4561
139.4879 28.4286
133.2763 24.3161
137.5713 30.4033
136.5842 30.0373
134.4779 33.4976
135.8342 30.4013
135.1914 30.3821
133.4176 24.0961
134.6110 30.4065
134.1275 29.8862
136.8077 29.7001
135.5351 28.9602
135.6862 29.7502
135.8235 28.8417
136.1701 29.2281
132.3006 24.6066
132.5569 28.6649
132.3720 24.6517
136.8188 31.3388
129.1581 27.8100
135.8684 28.3324
132.6236 24.6560
131.8066 30.6641
138.3310 33.4541
131.2398 26.6072
136.2747 28.4974
138.1611 28.5372
132.0528 29.5996
131.0350 27.0440
133.7634 31.8491
138.4897 27.0679
135.8065 30.3535
132.8225 26.7082
135.8850 30.0579
132.3524 28.5257
125.1184 24.8878
137.4793 29.2366
135.8848 29.5000
136.1650 28.1040
138.6218 28.5020
132.6198 26.8278
136.7774 29.8318
136.5817 30.9450
135.6029 29.4810
135.1897 25.2242
138.6017 27.9593
132.3268 26.2437
138.8748 27.5669
134.6943 31.3564
137.3032 33.5565
135.7458 28.9126
136.7366 28.4852
139.7851 27.8782
135.9500 29.0754
126.7081 25.7567
136.5898 31.4542
136.2442 29.5413
138.7025 34.0638
138.4817 27.8577
135.1596 23.3259
136.4055 31.2952
137.7539 27.7021
135.7199 29.3120
131.8464 26.9029
135.7150 29.2825
136.2775 27.8938
135.7038 28.4730
132.3903 27.7439
133.3025 33.2912
136.4285 29.4099
127.1539 27.5555
131.8522 26.4944
139.8940 27.7111
138.6917 33.9212
137.4495 27.0865
125.4719 23.3520
125.6331 22.8985
137.2986 27.0175
130.7859 29.5423
128.2447 28.8098
134.8596 23.1669
131.0218 27.0611
130.3789 25.9122
135.6722 30.4711
132.9099 31.6857
138.9085 27.8299
135.8836 32.9134
138.6871 27.8388
134.8793 23.4443
131.7707 32.1334
139.3017 28.1160
136.5113 29.0699
135.0684 23.4495
136.4027 29.5831
134.6861 29.4784
138.2336 33.6687
128.2045 28.5927
131.8335 27.2618
134.3971 24.5640
135.6561 33.0178
137.6436 31.0459
131.9314 27.5902
138.4152 27.8356
131.9797 27.5489
137.2835 33.3318
140.6347 34.1253
131.3469 27.9463
133.0647 26.6259
137.5053 33.0660
138.6530 27.6871
130.6489 27.9581
131.6630 26.7227
130.9632 28.0238
132.1356 28.0586
138.2432 33.7913
126.2794 26.8296
132.1933 27.7756
134.5590 29.8989
130.1644 27.8591
131.4401 27.7648
139.4072 28.6107
134.3651 25.0669
127.7023 25.2508
134.3518 29.8269
134.4429 23.7978
138.5740 28.0196
135.0404 33.5872
135.7850 30.7496
138.2373 33.9239
135.7054 30.5518
126.1725 26.3643
134.7328 33.7774
127.5218 28.2977
138.2761 33.7491
136.2930 27.9617
132.0976 28.5733
137.4584 33.3246
139.6326 28.5451
133.0412 28.3078
130.2353 28.6109
131.4375 27.7523
134.9561 28.3361
135.7410 28.3567
131.7364 30.4680
133.8340 31.7734
133.7594 28.6868
131.8556 31.3252
127.0348 28.0090
134.0225 29.7387
133.2556 26.5385
134.1629 28.3155
131.0502 27.1602
137.5340 33.0760
139.8699 28.4809
132.3832 27.3590
137.3059 30.8328
133.2884 31.9223
135.0857 31.2431
136.4228 28.3842
138.7441 27.5673
137.9613 26.7104
138.5995 27.6358
136.4783 30.5268
132.3608 27.3458
136.3299 27.7298
134.7310 33.7749
136.9647 29.7094
131.4846 27.2052
134.7336 33.0195
136.2375 31.3483
133.6944 25.2626
136.7064 28.3449
139.6429 28.2944
137.1001 32.6218
134.4358 28.6768
137.4771 27.0101
136.0361 30.9146
139.2647 33.8276
136.4419 28.9876
136.0032 28.9121
136.0000 29.9555
134.0458 32.1101
133.8537 25.9496
137.0431 28.5585
132.1718 27.9200
132.9748 28.4634
136.3225 33.4854
136.0157 31.0477
134.6675 29.5602
134.8881 33.5564
130.3302 26.7829
126.8746 25.5922
137.9308 26.7909
137.4301 33.4244
133.4028 28.4318
139.5472 28.1562
137.2629 33.1302
139.3203 28.1962
138.3952 31.4123
136.6992 28.3305
145.3025 36.2840
137.1491 30.0875
137.1967 28.4950
136.4924 30.2137
139.5250 28.2960
136.5902 29.1734
137.6156 29.1810
136.7913 29.3868
137.8009 33.4551
138.0650 33.8984
137.3238 28.7579
137.1107 29.2551
138.5233 30.6019
141.3979 35.7219
134.9724 32.0774
141.3448 36.0852
137.3364 29.7635
137.9595 33.1672
136.5459 30.2674
135.9437 30.6911
138.1640 31.1004
136.0744 29.9342
139.2977 33.4052
136.6981 29.5326
138.2337 29.9979
137.6627 32.6811
137.6415 29.8018
140.4979 33.8429
136.8297 29.8289
139.4263 28.3672
144.4022 36.0912
137.5172 33.1404
139.1578 28.0516
137.2277 28.5819
136.6566 30.0809
137.5382 28.8355
137.1903 33.7162
139.3542 27.9293
136.9855 28.8313
139.6044 28.5287
136.4983 29.7417
136.0366 29.9020
137.1407 33.5057
135.9032 28.0814
136.7768 30.6754
137.9751 31.2887
137.6749 32.8409
137.3180 29.5086
139.8239 28.7299
137.1223 29.7230
146.9974 34.9949
140.1064 28.6928
136.5435 29.7992
145.4402 35.6563
139.4925 28.1907
137.4443 33.1138
136.9924 29.4754
136.3252 28.3496
136.4489 28.8838
135.9438 30.0840
138.9857 28.6490
139.6512 28.5336
136.2549 30.4936
138.9323 28.5262
137.7516 32.8373
137.5560 29.3816
136.4227 29.0429
137.3105 28.7326
137.5907 33.1284
139.7069 29.0733
136.9924 33.4506
140.3581 33.4612
136.9131 29.7258
135.9827 29.5965
138.2037 30.5832
137.0453 33.2840
144.5011 38.5682
137.5788 29.7737
138.4945 28.3316
135.8068 31.3005
144.0119 39.3127
137.5530 32.8576
136.5169 30.3525
136.8368 29.6386
138.9420 34.5495
137.4437 33.0713
136.6313 31.0415
137.4375 28.8841
137.2871 30.5079
139.7355 28.2564
137.6676 32.9571
152.4398 34.1398
137.2439 30.5405
136.1965 29.2453
136.8354 28.7331
139.1864 27.8196
137.1626 30.6364
140.5303 35.1242
137.4031 33.1297
137.2224 29.9175
145.3487 34.7293
136.4830 29.6543
138.5797 31.0154
137.6221 29.2325
137.2117 30.3237
139.5136 28.3189
137.0926 29.1742
136.7847 29.7849
136.9505 28.8586
139.1669 28.2184
136.8784 33.2486
137.2974 29.2073
139.0652 27.6530
136.5981 28.2107
137.3112 33.2268
136.0265 30.5357
145.2867 35.3909
139.9535 28.9371
137.6737 29.4878
136.6770 30.2814
138.8546 28.5485
145.2814 35.6289
139.4270 28.3457
136.2913 29.2116
146.1065 38.7114
139.1371 28.4009
136.2014 30.4805
136.6892 29.8532
138.3679 29.7879
136.7026 33.8664
137.6897 29.4481
137.6493 33.1896
137.4861 32.8286
137.7935 33.1266
139.7421 28.6937
139.9929 28.7308
137.8790 31.6815
137.4853 33.4421
137.7864 33.4682
136.3039 30.0679
137.0114 29.0848
139.4381 28.0054
137.1023 28.5208
135.6790 30.9494
136.2933 29.4354
139.4221 28.2672
137.2928 29.9735
137.3805 30.4041
137.3196 33.7138
137.0409 29.6615
137.7183 29.2381
135.8665 30.5415
139.6449 28.3760
137.3184 30.1825
144.3549 38.5266
140.5410 34.5819
139.8098 28.7855
137.4921 33.0310
137.6495 32.9993
137.2569 33.2284
144.6582 34.9986
136.2541 30.3659
138.3198 30.4301
139.3364 28.0919
141.8919 35.1215
144.0735 36.5567
136.3087 28.8787
139.6817 28.3532
136.3046 30.7602
137.3107 30.4818
143.6926 36.0560
138.3348 32.2211
136.0577 29.8570
141.5874 35.8294
135.9902 29.7685
137.6584 29.3881
137.8680 33.1398
136.8838 30.0371
141.7608 34.6683
136.1627 30.1510
136.6769 29.6487
137.5552 32.5934
136.9370 30.8231
136.8448 30.4175
140.9088 35.5954
138.0773 31.6209
137.3278 30.2304
136.7073 29.2403
136.1253 29.3868
137.4082 33.0589
137.2753 29.2504
137.9836 31.2098
136.7626 29.8858
140.8880 35.1837
137.5272 32.6062
137.5054 34.6557
137.2002 33.5300
136.7843 28.7946
136.1568 29.3520
139.7525 28.7560
135.8391 29.5925
139.8413 28.8158
136.9050 29.0805
137.0897 30.0586
136.9957 30.7446
137.1196 33.6805
137.4076 29.3138
136.9302 29.4786
136.0555 30.0430
139.0383 34.5547
137.6713 29.6095
136.2163 30.8433
137.5424 32.5849
135.7221 31.0365
136.7998 29.1029
137.1686 29.7267
137.2490 29.6995
139.7402 29.0801
137.2217 28.6567
136.8071 28.4147
136.4611 29.9527
137.2555 32.5938
136.5052 30.8519
136.5393 30.9763
136.2799 28.2623
137.2212 32.8288
137.0842 28.8467
138.9881 27.6544
136.2586 30.4124
137.0222 29.1766
136.7930 29.1280
136.4863 28.3617
137.5031 31.7486
137.3508 28.7021
137.5024 29.4330
139.1514 34.6261
139.4757 28.3159
137.0147 28.7072
142.5033 37.4482
137.6892 29.5400
139.0843 28.3224
137.3805 33.1210
137.8142 33.4318
137.6455 29.0619
146.9767 35.6147
136.8245 30.2249
136.7543 30.8446
137.0334 28.6407
138.4003 29.7217
139.5364 28.2104
136.3222 30.5990
143.8477 37.6385
136.1137 29.7252
135.9293 30.4084
139.4057 28.3797
136.7101 28.3713
135.5071 30.2465
136.4194 30.8365
138.4252 27.7984
137.9138 33.2636
137.6403 33.0864
136.2308 28.7075
136.2885 30.2958
137.4130 29.9763
135.7831 28.9239
136.8912 30.6205
135.9793 30.5475
136.9919 29.0414
136.6523 29.4420
139.5562 28.3580
137.5951 32.9635
139.3100 28.3287
137.1387 29.9772
137.0370 28.5061
137.5307 33.0627
138.5208 30.7493
137.4863 29.4470
139.3119 28.6957
136.3079 30.0494
138.2746 30.6365
137.4028 28.6992
137.0371 29.0581
137.0762 28.7437
137.0109 28.8322
137.4252 30.4085
136.5806 29.2100
136.9549 30.1768
138.8076 27.5965
136.7109 29.7938
136.7926 29.3137
136.2411 30.7545
136.5393 29.3885
139.3102 28.1517
137.0842 29.3852
136.2327 28.3105
138.5051 27.8246
134.1114 28.4410
139.2172 28.0453
129.6409 28.3165
131.1402 27.0239
141.8772 35.2252
136.3712 31.0673
131.3128 25.7059
141.0549 35.0402
134.1937 30.7564
138.9299 28.6367
147.9444 34.8651
132.8262 27.9940
133.6020 30.6267
138.4963 27.2579
129.2700 30.0547
138.1788 32.7700
135.0291 31.7611
130.4353 28.0106
136.8993 30.1535
145.1392 37.1889
137.8000 30.6767
133.0990 30.8528
132.8383 28.7615
131.5108 28.3002
126.7309 22.1107
130.0581 27.5439
130.1738 28.2475
143.5513 37.9984
133.9473 24.2310
135.2930 23.6240
135.5234 26.2871
137.4442 33.4059
136.3206 31.4236
131.4036 29.2744
136.2386 28.5009
136.7135 31.4528
136.5453 28.5863
137.5139 27.9586
143.8659 36.0234
135.5930 28.3405
134.8516 25.0276
138.6630 33.7940
133.8458 24.4300
138.4004 28.5149
133.5454 31.5515
137.0839 30.5360
138.6944 29.1135
137.3292 30.7042
135.0788 23.7260
134.6889 21.5777
127.3870 28.9102
135.2816 21.8995
139.7082 27.9754
138.6166 27.4968
139.4816 30.7836
135.4376 31.7983
135.9521 28.9087
137.3027 28.6844
137.1578 33.4201
130.6717 28.3781
138.0018 30.2977
138.2685 27.8092
124.1131 23.7726
138.0035 31.0622
131.5715 30.5321
133.9486 24.3599
145.3108 35.3994
137.8120 33.5213
135.3972 33.2535
137.3550 32.0042
137.3719 26.8866
132.3948 29.8475
137.9346 31.7903
134.8808 22.5761
135.9799 29.1172
137.0562 31.2143
132.5702 26.6361
141.4697 36.2461
128.0098 28.1304
136.4674 28.9229
133.7055 24.3992
137.3493 29.2633
136.0822 28.3414
134.5023 31.6367
134.0989 23.4293
133.3507 31.9502
137.8583 33.1353
144.3913 36.3837
134.4087 29.7327
126.1692 29.4626
131.6686 31.2908
134.8332 30.3743
136.5440 28.2493
136.1059 29.9816
139.7417 28.8471
138.3030 27.4805
135.8892 32.9699
131.7538 26.4758
134.2110 23.9754
134.4381 28.9183
138.7628 27.9405
134.8262 29.8079
135.8730 33.5191
139.8044 33.4088
132.0681 28.5488
135.3873 27.9741
131.4756 27.1796
133.2149 31.3639
137.1968 33.6197
136.6569 28.6473
136.4365 29.1096
135.6972 29.3233
134.2858 29.7765
130.4300 26.7879
132.0145 28.6051
131.7334 27.5673
137.0552 28.6398
139.8517 28.3567
133.4684 31.6255
137.0284 33.6162
131.9600 28.6789
131.4343 26.5830
136.0278 29.8372
133.7513 26.0004
130.6740 27.6178
134.1870 30.0243
138.8841 27.4999
139.0319 27.4958
135.1718 33.4034
139.5372 28.4716
135.7875 29.4427
135.4030 32.8821
132.0967 29.1456
131.1896 28.6114
135.5702 28.2299
134.8544 30.0183
132.3177 31.2230
131.2882 27.2271
138.8118 27.5996
139.6304 28.4043
134.2637 24.0237
133.0322 31.4691
135.9054 28.7661
135.5483 30.1441
136.8410 29.4460
137.2499 26.7694
133.9869 24.2748
139.5743 28.3910
134.1309 24.1465
134.2727 23.9105
135.8188 29.2102
131.7464 28.5408
134.8940 33.5362
131.0918 26.8798
133.7311 24.7607
130.8093 27.4805
131.2027 27.5687
136.3456 29.6522
135.5246 29.2640
136.4088 29.8762
136.0110 28.7313
133.6210 24.4049
133.4908 25.9833
134.6013 28.3306
139.8243 33.4898
134.3494 29.9355
136.8740 30.1646
131.8477 28.1563
134.6991 23.4712
143.1730 35.1441
134.3357 24.8389
133.4698 25.2290
131.1173 27.9842
131.2936 27.8288
133.3043 25.2961
137.0198 31.3197
140.0293 27.6950
131.6877 25.8571
137.8590 27.9223
135.2692 31.1172
131.5177 27.8417
137.5710 33.0721
136.0430 30.2393
137.3945 32.4203
135.5880 23.3773
132.8961 30.3582
139.3404 28.2219
138.8170 28.2239
139.2065 27.4438
135.3773 29.3517
134.4624 29.7523
139.2796 27.9374
136.3746 28.8679
135.6662 28.1075
137.4651 29.6770
135.0867 23.6447
131.1353 30.3336
126.7164 26.5668
132.7224 28.6871
139.6267 28.5353
143.1500 35.5086
137.9521 28.0585
133.4308 25.4262
137.7209 26.7296
133.1971 24.1620
138.8382 28.1106
139.7251 28.7656
133.5369 24.9956
138.9593 28.3302
139.0183 28.6283
132.2627 29.4415
140.8672 35.4618
132.4375 28.3445
133.2008 25.3137
132.4556 30.0475
139.0681 28.6813
135.2035 23.6776
135.8411 28.8173
132.0773 28.9032
132.6549 27.6978
134.9406 30.0273
132.2564 28.3643
138.8505 33.9314
135.5494 28.4987
137.2984 32.9527
137.2332 30.5694
137.7452 30.5378
139.1630 27.2767
131.8365 28.9047
135.2304 33.4781
139.5530 28.4675
137.6380 31.6028
135.6299 28.6522
136.8060 30.3225
134.4477 31.8043
139.4208 27.8053
131.2018 27.4185
136.5259 28.4939
131.4642 29.9185
138.3680 28.5180
137.1919 29.8835
126.8999 25.9377
136.1834 30.1420
134.7229 24.6163
139.6031 27.5676
138.4050 29.4793
138.0851 32.9078
127.1974 26.0503
137.3642 26.0533
134.0318 23.9264
135.4810 31.4200
135.4229 28.0156
132.6317 28.7583
133.6579 29.9018
133.0803 25.1299
132.5213 28.0473
138.3309 29.8802
135.8587 31.5728
138.3085 27.3676
137.1942 31.4384
139.8280 28.5809
136.6989 31.4615
135.2647 23.7201
133.9701 24.6360
136.2849 30.4847
127.7108 28.2518
133.4137 29.7549
138.1305 27.7567
126.8698 25.4782
132.0745 30.8102
125.5844 24.0470
135.7064 30.5326
136.0552 30.5049
127.9854 29.3156
133.3055 25.3367
136.2890 29.2754
138.3556 27.5221
135.4064 28.1056
139.8204 28.8061
137.3338 29.0454
137.1641 30.1823
139.7504 28.8170
139.8469 28.8890
138.5205 29.0184
138.1383 34.0321
145.6930 35.3912
139.1678 27.8730
137.8297 33.3830
137.1404 29.7984
144.8244 35.1453
140.3528 33.3052
138.5981 29.0504
138.8432 27.5992
137.0604 29.9349
137.2523 32.3116
145.1129 36.9151
138.6844 27.5758
137.1379 32.4089
138.1133 30.1823
141.0860 33.8010
136.3759 29.0236
137.1177 31.9270
137.4121 33.3172
139.0300 28.2011
140.5905 33.7112
139.7717 34.3468
145.0455 35.5740
137.7672 33.2455
126.8015 27.6673
137.7876 33.4034
136.2480 30.0840
137.2635 33.2990
136.2751 28.4375
136.7634 29.0238
140.7906 33.5567
139.7151 28.6487
137.5446 33.6828
138.0211 34.4422
140.6893 34.5209
140.2177 33.4468
135.9321 30.1277
137.3011 33.5729
137.4804 33.3918
139.7231 34.7165
140.7186 34.5166
135.6953 29.1363
137.4983 33.6924
140.1389 34.0716
135.9404 28.6985
137.4208 30.1317
136.1733 28.8392
137.2715 32.2824
138.5702 28.7347
137.7402 33.5310
137.8734 32.9720
143.2584 36.2029
138.3930 31.0840
137.4879 33.0216
136.3896 29.3740
138.2025 30.8848
136.4152 28.9827
137.8908 33.0496
138.5046 27.1232
141.3354 34.0222
136.7224 28.6247
137.3059 32.3298
132.3214 28.8029
137.4450 32.9896
137.5504 33.2039
137.0724 28.3744
137.6147 33.6837
145.4166 35.7079
141.1152 33.7669
137.5088 29.3499
138.1468 30.8919
137.1422 32.9501
140.4305 33.3732
139.4725 28.2538
138.2451 28.1203
140.5218 33.3781
136.9115 28.6408
137.7309 32.7861
137.7244 29.4407
137.5609 29.5350
137.6140 29.3986
137.5960 29.0714
138.5016 28.2948
139.7018 28.7819
136.0648 30.0220
136.5992 28.4020
132.2160 28.4461
137.1701 29.9907
139.4949 28.2920
138.0638 30.2826
141.9268 36.1683
139.7872 28.3975
124.9542 21.5344
127.2136 25.8203
137.4453 33.1163
128.2399 25.9296
131.7162 27.1142
130.3586 28.7518
124.9202 24.2550
133.0699 29.6908
138.7906 27.8107
137.0013 28.3656
129.1291 26.2326
135.6461 28.1091
139.1896 28.0161
135.2189 28.6376
131.2773 26.7112
142.6937 37.1278
132.4290 27.0836
133.8569 25.5557
139.1956 34.2939
126.7808 25.6677
137.5782 31.3932
134.7065 30.0503
136.4223 29.0840
134.5365 29.8301
138.1875 29.3244
136.2687 33.9592
135.8517 29.0590
135.2340 29.3434
134.1683 23.9855
134.5671 29.6700
139.9215 28.0228
134.7192 30.4797
135.1437 25.4550
136.0556 29.4602
135.9422 21.9281
133.7054 32.0730
126.7458 28.2552
135.5939 33.1359
138.5628 33.5246
134.7970 29.6066
141.0248 35.1188
137.3302 31.1418
128.9502 26.2684
138.6823 33.5161
139.5247 27.9856
136.0452 28.2481
130.4040 26.5949
133.3562 25.2799
136.6718 33.2907
138.6196 27.9346
134.0141 24.3165
136.6142 29.4456
135.5822 28.3149
144.5628 35.3621
134.3907 24.4898
131.6863 27.9744
127.1543 25.4819
135.8826 27.9954
131.1903 26.3449
136.6198 29.6193
138.8904 27.7451
132.5765 29.8771
136.0851 29.7071
137.0305 33.9510
136.9868 29.7528
134.6744 29.9417
135.3560 27.9906
132.6702 25.5238
131.5256 30.0212
134.9467 28.6527
134.5966 28.2013
141.6410 35.1711
135.7002 28.7997
138.5556 28.8405
136.5689 29.3184
136.3096 30.1217
136.4291 31.4585
131.5876 27.6618
137.0047 29.6399
138.8970 33.5496
144.7909 34.7523
136.5835 29.3981
136.5586 29.4283
130.4009 27.9651
135.5784 23.4989
133.7038 29.3154
135.2977 28.5486
133.2834 24.4447
129.2152 26.0934
139.6445 34.4105
136.2495 28.1269
136.5700 29.0514
133.6348 25.0012
136.8024 30.0650
125.5925 24.5546
132.9115 26.7520
135.0611 31.0396
133.1155 30.4850
126.3953 25.5279
136.6949 28.5532
136.9977 29.7491
137.3043 29.6119
136.5436 29.1805
138.8315 28.5192
136.5124 29.4183
135.5111 29.6067
135.3686 28.0977
139.0814 27.6720
136.9111 29.6237
135.9695 28.8561
135.9380 28.2419
137.1263 29.6789
136.9769 30.4317
139.0997 27.9939
136.0159 29.9556
136.3566 28.8061
138.1852 31.3422
137.3239 29.5189
136.1761 30.5802
139.5203 28.2857
140.8997 34.2615
140.4148 33.7998
139.8668 28.7971
139.5543 28.4024
137.2671 30.3432
135.8488 30.7225
136.8388 30.6458
136.8434 31.6201
139.6622 32.4599
137.1947 29.7681
137.5041 33.2337
139.3160 28.1181
137.1930 29.4233
138.8883 28.4016
136.4168 30.7054
136.0931 28.5863
136.7512 30.2289
137.7545 32.9271
137.2450 32.6108
136.2874 28.3162
136.6991 30.0118
135.9101 30.5413
135.7560 30.9301
136.7900 29.1755
136.2113 28.2005
137.1271 29.6440
136.5194 28.7045
137.1703 29.8156
137.3598 32.3461
136.6673 28.7226
136.9343 30.5962
137.5443 33.2497
136.2682 29.9643
136.0052 28.3504
139.4580 28.4132
137.3863 33.5859
135.9024 28.7956
136.1590 28.6623
137.4703 33.3637
136.0071 28.4901
137.5415 29.5287
136.7834 28.4127
138.3248 31.0614
138.8826 28.4445
136.2230 28.5835
137.3014 29.6621
139.4218 28.2424
135.6444 29.2952
136.9304 34.3123
137.3328 29.8580
136.3341 28.5303
136.6495 28.9589
136.5147 30.3203
137.0835 29.9369
136.7837 33.3677
136.1387 28.0807
139.6220 28.4614
139.4253 28.0346
135.9171 29.2532
137.2082 28.8793
136.9805 29.5311
136.6916 29.9091
136.3752 30.6862
136.4132 28.2798
137.8564 33.3116
138.0618 30.8342
137.5463 33.2597
136.3935 28.4200
136.5223 30.2686
136.2969 30.5593
136.2393 30.8261
135.7416 30.4365
135.6476 28.4975
135.8835 30.8582
137.8751 31.4575
135.4319 28.1147
137.3313 33.3303
136.2423 29.8307
145.4849 37.2514
135.9295 30.5298
137.4759 30.4159
137.3420 29.5920
138.5112 27.9199
139.3698 28.1125
144.0482 37.8544
136.5638 29.0491
137.8452 33.3771
140.1259 33.8916
137.1009 28.8584
142.0831 35.0464
136.6593 30.6446
136.7825 29.8675
136.5724 28.2071
138.0932 31.6429
136.4811 28.4317
137.3456 30.1403
144.7148 35.0678
136.0532 28.6122
136.4027 28.1673
135.9644 29.9467
135.4450 29.2358
136.9458 32.4840
137.9679 28.3416
127.9057 28.8949
136.6693 29.7344
133.3956 28.1275
136.4525 28.8583
135.4430 30.2650
133.8766 24.7412
134.7161 33.5096
139.5269 30.0829
135.3368 24.6287
129.9431 28.1360
132.5595 28.7558
135.7380 30.4122
137.3204 29.4515
139.3257 33.8962
134.7497 24.9378
129.0598 26.5076
134.2699 28.3209
134.1254 33.1411
131.9189 31.4858
143.6353 36.0312
133.5554 25.3119
127.5796 25.0481
134.6594 24.0544
133.0097 25.8139
132.2305 25.0132
138.4178 32.9809
133.7585 27.2959
134.0616 25.2549
129.0943 30.1426
136.9229 33.6898
123.3924 26.4019
132.0345 26.7189
124.5796 27.9492
129.5599 24.3394
136.2704 29.4583
128.3962 25.2298
138.3606 28.2957
134.7416 30.3423
133.9335 25.5698
131.2139 31.0320
136.8016 29.8906
134.0189 25.4451
134.9681 24.5353
136.5485 31.4757
139.2258 27.9610
131.1818 29.8032
136.8521 29.8665
132.8587 28.7469
138.2350 32.8976
132.7203 29.8857
131.9229 27.5353
139.8636 28.1166
134.0028 23.0127
133.4195 26.0248
132.0886 29.4104
134.7852 28.7052
125.6301 23.7629
129.1849 30.0985
132.2379 28.3585
138.6524 28.7577
124.6805 20.8686
128.9825 31.1968
131.9273 28.0205
133.6484 32.0954
133.1913 31.8886
135.3353 30.6322
137.6847 33.6393
133.2936 27.0166
136.6756 29.3951
130.3009 27.6431
131.2701 27.0929
131.0127 27.3563
132.5668 27.1055
136.4073 28.9065
133.8754 31.8734
131.2540 27.9502
131.2383 23.1219
120.5917 19.5707
124.9001 22.0933
132.1927 23.6686
126.4821 25.2884
131.9090 26.4553
129.6708 27.2630
133.1319 28.1420
135.7941 27.1741
131.7488 26.1362
131.9213 23.4740
131.5575 25.8026
133.0744 26.2558
129.2300 24.7597
131.4451 25.0231
123.2653 22.9556
135.3871 24.6062
129.9084 25.4697
128.7563 23.8460
130.6666 26.9410
131.1401 26.0429
135.1377 27.7396
128.0470 24.1286
134.9082 22.5224
133.3266 21.6349
125.2623 20.3273
128.4430 24.7770
132.4224 23.2900
119.2210 19.7659
135.0802 25.4406
132.4208 24.7969
131.2254 22.9485
131.3380 25.0332
134.9557 21.6474
127.9227 24.6985
137.3241 28.4968
136.9565 29.1999
135.9382 27.9736
134.5397 31.0012
124.8103 21.6714
122.3635 20.9932
130.6092 28.6896
133.7973 24.0264
131.1833 25.5543
132.1324 23.9345
130.5690 21.8700
127.6828 23.1136
126.1232 23.1600
130.5807 21.2676
130.4454 21.7787
133.2438 26.4522
131.7022 22.4664
134.1311 24.6305
133.3893 22.2882
128.9594 24.3710
133.8849 24.2575
135.0736 31.0336
137.6147 29.1087
135.4680 24.8080
135.7376 33.0567
132.6960 27.3790
136.5473 30.8571
131.7802 27.0517
134.0815 30.0174
132.4141 28.8369
136.7611 31.8098
137.0887 28.8056
139.0479 33.9600
134.7556 28.5374
134.1895 24.8689
126.0009 23.5355
131.7458 27.6987
132.4634 27.6343
138.4765 28.3928
134.3184 25.1448
140.0796 28.2071
135.6738 23.6794
137.9175 29.9399
134.4822 24.5587
127.9108 28.4495
131.2561 31.0423
137.2065 30.4526
136.2919 28.8280
131.7326 31.5321
138.8642 27.8067
130.5061 29.4687
133.2167 31.7705
139.4687 28.9653
137.2900 29.4016
131.8167 30.8631
138.7239 34.1895
135.1513 23.8627
133.9261 32.3541
135.9860 29.3359
136.8409 30.3319
132.2399 27.2608
137.8941 30.1673
135.8497 28.4608
134.7332 23.9772
135.8450 27.7635
133.1801 32.0811
131.7061 29.7486
137.5007 26.4272
138.7459 27.8484
138.3680 32.9205
135.3415 25.4274
130.4716 28.8237
134.9663 31.7995
139.0455 28.3042
138.1409 27.9495
136.0034 32.7441
135.7583 28.8859
138.8483 28.3890
136.4802 33.5992
139.5765 28.5878
132.4016 27.5021
136.4309 28.3800
137.3315 28.7843
139.3991 28.4787
137.2165 29.9900
137.2832 34.1356
134.7394 30.1797
135.8389 28.3172
134.0248 24.9106
135.4741 22.5362
132.8163 25.0201
136.5926 29.1772
133.0126 29.0120
139.7275 28.5792
123.4177 29.9209
131.6488 28.6103
144.3823 35.2522
139.9026 33.8289
136.1682 31.9964
131.6944 27.2534
135.5198 29.3769
132.2332 27.6355
132.0284 27.4010
137.0967 32.4765
134.8727 33.6605
135.9465 31.0426
131.8423 30.6553
135.2249 30.9874
131.0524 27.8163
135.5344 25.8484
126.9694 27.0515
139.9583 27.6198
131.8668 29.7984
138.3560 26.6239
137.8691 27.2310
131.7231 27.8166
129.9476 26.5727
134.3513 29.5644
132.9690 29.1821
140.0026 27.7593
138.1528 27.6204
132.3376 28.4073
137.6344 29.4713
135.5327 33.0876
127.1931 29.0205
134.1388 29.8533
137.2568 29.9525
138.2046 29.2531
132.0495 31.6394
135.6253 29.7110
131.2080 28.8196
131.1126 27.8749
137.3767 27.7134
135.9826 28.9746
134.1906 26.3384
139.8055 27.9029
137.1755 30.0663
126.0711 23.4423
129.4892 27.7935
133.5955 23.6777
130.5528 28.0313
134.0155 28.8816
129.3829 27.0456
133.6932 33.3374
135.8310 28.4500
135.3185 28.9844
136.2420 28.2143
135.0168 22.3237
135.8043 30.9441
131.6707 31.6362
135.3055 28.2807
139.9970 27.9082
133.1821 32.1571
131.0336 26.1470
135.8827 28.9993
136.8158 29.8505
138.9279 27.8161
134.9768 31.5380
133.3850 24.0061
135.5591 25.4124
132.0221 25.4035
126.5942 25.1818
130.7522 28.8064
136.0880 28.6648
131.4007 26.8582
139.5035 28.0858
129.9222 26.7618
135.8034 30.6088
132.8444 24.6317
132.9264 28.8097
134.8637 23.0406
131.6906 28.3467
136.2042 29.0175
135.2950 28.2800
139.0037 33.8138
146.0280 37.9057
135.4338 33.4268
138.3354 34.4799
143.6494 36.5951
137.0387 33.3788
139.9194 28.5933
135.1707 28.3089
148.2509 35.2285
136.7394 30.4089
138.4802 30.6067
138.1354 32.9335
137.5957 33.4222
140.0432 28.3933
139.8749 32.2345
138.2858 31.2926
136.6561 30.3120
136.9561 28.1443
134.2710 25.1261
137.0922 30.0515
135.0435 23.7036
146.4547 37.7136
137.4331 29.7929
139.6953 28.0595
136.4269 30.5650
133.3304 33.1497
138.5566 30.0685
144.0707 36.5440
142.8468 34.9731
139.8300 28.8030
134.4022 33.3628
138.5711 29.1070
135.9736 30.2323
133.3546 31.7527
136.1049 33.5120
139.4892 34.8816
141.9014 34.8377
137.2837 29.0260
138.3012 27.2535
124.0983 23.6181
145.1307 38.6935
131.0726 30.9805
137.4746 33.0293
139.6070 28.4783
144.6933 32.1929
149.6726 35.9520
121.7550 32.6397
146.5460 34.6832
139.6213 28.2431
136.4518 28.6985
139.6694 28.2649
136.8725 30.9686
137.3432 33.1345
143.4330 38.4095
138.1470 30.4823
133.5339 32.0021
135.5023 29.1223
137.5559 30.9185
147.0217 35.3546
139.2575 28.1237
137.2419 32.3736
140.2518 28.3223
138.9843 28.3285
137.8067 29.7122
139.1102 27.6701
137.6862 29.6807
138.0071 33.0693
135.6397 29.4539
137.5859 33.1598
143.4148 36.5608
139.1212 28.0242
135.7068 32.9849
143.1214 36.7031
137.2137 34.5594
150.7463 36.0707
136.4260 28.2488
138.4399 27.8734
135.2375 33.5340
155.2061 34.5149
138.9436 27.6722
137.5409 33.2823
134.2283 32.5303
137.2074 30.0001
137.0092 30.7087
131.1522 30.7508
138.3668 28.8721
138.6939 28.1493
147.1475 35.1920
127.5674 28.3133
138.3846 33.3207
133.7595 32.2985
130.8862 26.2908
132.6264 30.8888
134.7149 29.7102
134.4413 32.2365
131.0570 28.1931
134.7061 29.5697
133.9142 29.6508
134.8924 31.4508
134.8054 29.7724
136.8161 28.8363
134.8204 29.8148
136.6682 28.9850
131.6374 28.1232
137.5907 34.3469
133.4320 31.9270
131.9588 31.1006
132.8962 31.4638
130.3871 29.4500
134.5629 29.6002
134.5013 29.5558
131.9366 31.7657
145.2526 35.4827
132.1904 27.9144
136.6946 29.8871
134.8669 29.9435
131.0840 26.9633
137.7574 33.4069
139.2436 28.3350
133.9147 24.4173
137.6672 28.9598
139.6854 32.9688
133.3143 31.8311
125.6974 24.5147
132.3777 27.1991
134.9578 33.6646
133.0408 30.4248
136.8682 31.4668
133.9279 24.2673
134.5619 32.7023
126.8700 25.5701
131.1054 27.4969
136.3568 28.1538
135.1172 31.2107
132.6262 31.8452
137.8145 30.8601
138.4063 33.9313
138.1575 33.5154
134.7172 29.6042
135.5221 28.1784
127.4662 27.1428
135.0217 30.3563
133.9510 24.0597
131.3319 27.2603
138.1638 29.4431
132.6668 31.9771
134.8450 30.2002
130.9465 27.6938
138.1825 33.4257
137.3493 33.4370
134.6685 29.4948
134.1065 23.8469
138.5411 33.7254
134.8427 30.3484
136.2215 28.1945
135.7268 28.6467
130.3428 28.6811
137.2984 33.2131
137.7647 34.5859
132.6537 28.6639
134.9521 33.4976
133.8840 25.9148
131.1860 27.4482
138.2214 33.7133
138.5855 28.7382
136.8917 28.4706
133.4252 25.4575
134.8045 29.6818
133.8871 31.7630
132.5872 25.7659
131.0480 26.3688
131.4441 27.8799
140.4669 33.4458
137.3934 30.3465
131.7223 28.6383
133.8685 24.3893
131.6128 28.6127
134.1992 25.0451
134.1986 24.7610
135.8119 30.7874
134.5730 29.9009
139.6650 28.1284
134.1812 32.0798
134.3952 23.4225
137.8725 29.9235
133.7620 24.2930
130.8763 28.3786
145.5625 38.8492
133.6397 31.8794
134.4408 29.8260
134.8023 29.7950
129.6870 28.7703
132.8807 24.6249
130.7516 26.9795
131.2053 27.1791
136.2184 28.1982
139.5649 28.7079
137.0090 31.5231
138.2684 28.2098
133.8404 24.2458
132.0123 28.6254
131.9036 31.5456
127.8504 29.5566
135.8799 31.0022
132.1335 28.6487
134.5236 32.0642
133.2037 25.1203
133.7432 28.2099
132.0743 28.2282
137.6846 27.4636
130.3435 26.4415
131.6688 28.2333
130.2496 28.9739
131.5879 28.6816
130.8492 27.4699
135.2309 29.6125
136.4306 31.5094
138.5889 27.8362
132.7799 26.9715
134.5607 27.8841
131.6198 27.2886
131.3200 28.7872
139.6723 28.2744
127.4814 27.7717
131.9895 32.1637
130.1010 26.9477
138.1503 28.2537
126.8908 25.8114
137.3367 28.7932
135.4299 26.0443
127.3352 28.7262
127.9884 25.3856
135.9420 31.3043
133.1703 24.7541
130.4378 26.8610
133.7286 24.6353
130.9321 28.3671
139.1348 28.4707
130.5759 26.6075
131.7860 26.9177
130.6762 28.3803
133.1449 32.2491
131.9666 25.9322
134.7648 33.4334
137.3301 28.4674
134.3683 25.9606
129.4567 28.0659
124.5410 23.5631
138.5853 27.8670
133.8229 21.4804
127.7579 26.0113
129.7046 26.2275
134.5764 33.7210
132.0698 30.1939
135.5480 29.5279
130.8367 26.2852
133.6940 25.8201
136.7899 28.5366
139.2007 27.3819
133.4347 32.0627
131.6557 28.5753
137.2451 31.2479
137.0403 29.2759
139.7205 28.0057
132.2043 25.1163
139.9070 33.9430
138.2155 28.6830
135.5242 28.7248
137.2159 30.1141
131.8600 27.7950
135.0459 30.8435
134.9253 30.2281
138.0779 27.0849
140.0371 27.8866
137.5664 29.2818
131.1284 29.2013
130.6001 27.7876
136.5303 27.8570
134.6909 24.6397
134.0850 24.2177
137.5092 33.2260
138.1765 27.7528
126.8681 26.8142
138.9926 27.1955
134.4806 32.8552
128.6604 25.5762
132.3496 27.6183
133.1619 24.4574
132.9948 32.0611
131.3744 28.3435
139.4415 28.2666
134.2225 29.4225
132.1829 31.9466
132.2036 28.2119
132.6575 24.7530
135.7169 31.0212
138.6561 32.7239
143.4435 35.4144
130.8905 27.4518
132.7729 30.9081
134.7385 29.8735
129.9403 28.0842
132.7923 26.8441
137.5943 33.1170
133.4173 31.4037
130.3910 28.7251
137.2449 33.6112
136.7076 33.3426
134.8199 33.7573
131.8423 29.1053
133.3720 30.7529
136.5567 29.4844
131.8749 27.7698
131.5462 26.4036
136.2407 30.1304
145.8981 35.5011
137.5735 28.9773
133.0990 28.8020
135.8556 28.6449
135.1059 33.5285
134.6869 29.3276
130.3013 27.1357
139.9936 28.6472
133.0473 28.6132
135.5434 29.3462
139.9163 34.0780
131.0704 27.7199
138.8620 28.0947
136.0524 28.6403
134.0042 32.0454
135.9403 30.9951
133.6037 24.0634
139.7637 28.7588
130.1885 29.1310
135.0845 28.6590
133.9690 32.3304
133.1733 28.9739
133.9214 24.1169
133.2789 31.4276
126.9964 25.4715
135.6059 29.9114
133.5919 24.9086
132.3770 27.3815
139.5973 28.8928
134.9775 33.7556
134.2964 29.9558
136.8423 28.4974
137.0481 28.8961
131.7405 27.6095
136.1596 28.2261
138.8276 27.5653
133.2962 26.4757
139.2436 27.9900
134.2174 23.5634
134.7280 30.9255
137.6313 32.6484
131.6040 28.9324
131.3988 27.8170
133.2734 32.7133
139.4216 27.9978
135.4947 33.0419
133.6183 30.0828
126.7780 24.9018
132.7007 31.6389
132.8983 29.2780
131.6894 27.5154
134.3844 23.4348
135.9983 33.0473
137.1902 29.7044
130.3467 28.6244
135.1006 31.4429
134.6357 29.0622
133.9342 25.3486
133.7258 26.1477
133.4121 21.7162
135.8021 32.9983
139.0347 28.1262
133.9476 23.7986
137.2490 30.1410
138.2997 27.7598
138.8818 30.5039
131.7508 28.1051
125.8481 25.5744
135.7464 30.0459
124.4646 27.8605
126.6999 27.5610
125.2344 23.5402
135.9314 30.3525
125.8424 25.4117
131.1644 26.5132
139.4374 28.6907
127.6601 28.0537
137.3288 30.7060
133.2244 24.5530
136.6019 30.7781
130.8712 27.2125
135.9243 28.9918
131.4293 28.5984
127.6470 29.4986
127.1758 27.8188
131.4968 27.1724
135.1766 28.6119
134.4324 29.6397
133.2273 28.2664
134.5190 29.0600
139.1029 28.5946
134.0656 30.0317
138.8643 27.9466
132.0429 29.1551
132.4773 25.6179
139.5568 28.2781
139.0169 27.5816
139.1093 28.1435
131.7271 28.5797
136.8368 31.4304
133.6970 29.8025
132.8431 29.0317
134.8806 31.1949
139.3535 28.5476
133.3023 24.3544
129.6392 27.2477
133.8883 33.1931
127.3718 29.2667
133.7776 24.2357
134.0340 26.3534
133.0119 28.6298
136.1830 28.8906
138.4710 34.3374
132.5140 31.6373
125.6807 24.6300
133.3293 24.8336
135.0254 28.2403
135.5695 29.9952
131.1522 29.4131
132.5306 25.6051
135.7215 29.7397
132.2210 26.9155
130.3686 28.5184
136.5623 31.0996
126.7924 25.9007
134.5349 23.7975
127.4087 25.3653
136.2150 29.2569
139.9226 27.8161
130.7765 26.7586
134.9656 33.5598
130.9645 27.3150
133.5989 24.9398
133.2200 28.5093
130.4057 28.9070
137.1799 30.0724
139.4514 28.2901
130.9160 27.4155
135.4653 30.5384
134.6851 23.5626
134.2307 29.8712
128.0716 26.0775
136.1737 28.6248
134.4615 31.8485
137.4491 29.5443
134.3663 23.7651
138.8676 27.9386
136.7977 32.1168
131.5910 25.7478
139.7624 27.7529
133.2378 28.7526
127.0469 29.0486
132.3721 28.4229
134.0758 31.8078
134.7847 33.6489
138.7349 28.2045
138.2679 27.4469
133.4524 31.6124
135.3815 23.1525
133.5905 23.6493
126.6791 25.1893
131.2215 26.8886
137.2462 29.4024
134.7037 27.9645
132.1741 30.5484
124.6711 23.9856
134.4405 23.5312
131.3598 28.4233
136.1670 29.0949
133.2081 23.5353
126.5482 24.1751
136.3022 29.6902
132.4230 29.8703
138.0519 27.5748
135.4228 29.1295
138.6540 34.0112
132.0406 25.2144
135.9241 29.8073
130.4271 27.3481
136.7945 34.1141
139.1116 27.8427
131.2668 28.8648
126.8678 25.1799
133.4631 24.5229
131.3160 28.2201
136.7244 32.0879
126.2811 26.1099
131.3977 31.3303
133.9061 24.7691
133.4080 27.0349
137.0328 30.2159
134.7902 31.8984
135.4656 25.5915
132.4542 27.5024
132.2051 30.2046
126.4181 24.0827
132.1939 28.0416
138.9626 28.1149
131.2105 27.7832
129.4791 27.9616
137.3529 28.7458
139.3356 28.5341
131.0429 27.5363
138.6297 27.9452
139.7993 27.9726
134.6441 33.7484
138.3100 28.3496
133.2886 31.8271
132.0894 30.4479
135.0374 31.1453
137.7803 28.9253
138.8500 27.8112
133.6035 32.3810
134.9610 29.2006
131.9622 28.2766
133.8707 25.7910
131.9183 25.1902
134.9982 23.5340
131.6757 28.3490
136.7805 33.2515
135.6676 30.2140
134.3704 22.7558
133.0781 26.2067
133.8429 32.2966
134.8006 30.7874
134.6540 28.3393
136.8042 29.2504
130.1763 28.3316
133.8376 23.7038
133.2057 28.9631
132.3024 31.7912
135.7637 29.9773
137.0665 30.7906
131.9367 31.5702
136.7202 26.7501
131.7381 31.4230
132.8085 24.7791
136.3431 32.1687
129.9136 28.0739
132.2728 28.5164
137.7949 28.4039
132.2957 32.6194
134.4176 32.4641
139.8176 27.9953
139.5833 28.4597
129.8126 28.8090
134.2104 23.4411
134.7424 30.7057
135.8345 27.9446
133.2787 25.2264
135.8101 28.8541
132.6308 30.2821
135.8647 28.5472
135.9167 29.6578
133.2650 28.9422
138.2905 27.5878
136.2646 28.8125
137.1200 31.0240
138.5665 27.4286
132.2654 32.8841
135.1870 28.5827
133.4338 28.1346
132.4506 29.0211
132.2843 29.0368
133.5135 28.2577
136.0128 29.5860
133.1754 26.5994
138.2588 27.6385
131.9394 29.2362
133.1056 25.2723
136.3397 28.9878
125.4229 23.2437
136.5785 31.1881
139.2578 28.0543
133.4512 27.9741
132.0406 28.0199
136.5619 31.2195
132.0667 29.4296
137.0350 31.4243
138.0135 29.2396
131.5706 26.9708
139.0520 27.7758
125.6578 22.6461
139.8030 28.2538
133.6258 24.7185
137.1202 29.5667
139.8026 27.8452
134.5967 28.4383
132.8779 25.5000
135.8173 28.8561
137.2362 33.5561
136.9625 26.8319
139.6508 28.3792
133.2769 31.8608
133.3938 31.7440
136.6661 31.1590
133.5817 28.6596
134.4409 30.3693
132.9336 25.7189
139.4466 28.2126
139.8287 27.7598
133.9508 24.4743
135.7647 29.6991
135.7584 28.7046
130.6254 27.0380
129.5952 27.9671
133.8331 29.0834
134.7540 31.5760
131.6592 31.1802
136.7443 32.1517
136.1260 29.2849
139.1568 28.0299
134.1183 29.8549
132.4105 28.8648
133.5267 24.7273
136.3808 31.3608
133.7825 30.1548
135.6854 30.8838
137.1176 30.8493
137.4954 29.6698
135.0326 31.0434
136.3329 28.8704
133.0492 25.2318
136.4598 30.5515
137.6681 29.9676
135.8141 28.8984
138.0361 28.4547
134.6829 28.4714
139.4735 34.0026
136.7533 28.3629
132.5829 32.1592
135.5804 30.3642
131.3675 27.0535
134.0058 29.2409
130.2279 28.8619
135.7222 29.3291
130.2258 28.6108
132.1393 28.6695
133.2055 31.7028
124.5620 24.0837
133.6989 29.2328
135.8022 28.1310
135.5510 29.7860
136.0276 28.2693
133.8922 24.9041
139.8159 28.0254
131.2754 28.7699
135.8251 28.5197
133.4005 32.0139
135.6773 30.5250
123.0071 27.2439
132.6609 22.5736
134.7330 23.3091
134.1721 25.1554
133.8729 30.4143
131.1468 28.3443
139.2521 28.2018
128.2547 26.4375
133.3083 24.8019
143.2861 35.9844
137.4785 32.8076
133.8884 24.8731
135.3737 24.0360
138.4859 28.2658
131.9046 31.7335
132.5089 29.9567
130.6526 27.3519
134.8506 22.9416
133.5547 24.0130
125.9555 28.2992
133.2428 31.5852
130.3609 26.3233
130.6198 27.2652
130.0263 29.9124
132.3709 19.2783
131.4857 29.4897
137.0053 34.2419
137.0843 30.7887
133.4464 23.4956
136.3423 31.1902
126.4235 25.5483
136.2173 32.0110
131.0086 26.2061
133.2410 24.0006
132.6781 21.8162
134.3916 23.4957
125.9737 22.5945
134.0420 28.0250
126.8059 25.8661
135.9046 28.6281
133.2776 24.2327
131.7886 27.9749
127.2087 24.5893
132.2035 24.9980
132.1423 28.4089
125.6321 24.5009
133.5926 29.0356
134.2805 25.1092
126.8391 25.0345
133.4625 23.9332
138.1172 28.5612
137.1249 31.4833
131.3288 29.0109
134.9429 28.1182
136.9224 29.9428
129.2662 26.0210
134.0664 32.0880
131.4962 26.2858
132.6278 29.1261
126.3869 28.6083
134.0616 27.4794
132.0370 25.5672
128.6176 25.8990
124.8045 24.7854
124.3999 20.4997
137.3243 29.5928
144.3434 38.5218
136.9214 30.0977
137.6932 29.4683
135.7070 28.0353
136.7508 28.5283
141.0621 35.5987
138.6234 28.5300
137.1837 32.7729
136.4133 28.9996
139.7312 29.0265
139.8524 28.9120
137.2096 33.3572
137.3833 30.1755
137.5968 33.1281
137.4451 32.4417
137.8407 33.1761
139.9444 28.4555
137.8369 33.3737
138.3314 28.1453
138.6423 28.4569
135.6477 30.1189
137.5713 33.1277
138.0808 31.2967
137.6331 32.6738
141.0164 34.8761
137.5266 33.1592
137.2582 32.3821
136.2898 30.6132
137.5334 29.0535
136.7784 30.1975
138.4491 27.9273
144.3762 37.6336
137.5392 32.5486
135.9165 29.6371
144.4204 35.2475
137.5239 32.5358
137.8964 33.0909
135.9903 29.3935
138.9583 34.5123
135.5683 31.0638
136.9481 28.8091
137.5166 33.6535
144.2497 37.6037
136.5181 30.2430
138.4125 31.1184
138.7500 33.1124
138.3954 27.5873
137.6013 32.5969
140.9825 35.7691
137.5083 33.6416
137.5060 33.2695
144.1242 38.2113
136.4970 29.3090
137.5697 32.5830
136.0118 28.0495
138.8515 34.4866
139.6791 28.3230
139.2680 28.2637
138.3377 28.2886
137.3908 30.1909
135.8349 29.9056
137.7461 32.7834
136.6541 28.8303
145.7887 37.2547
136.9798 30.1924
141.8768 34.6926
137.5972 29.7071
136.9538 28.8756
137.2947 32.3927
135.9785 31.1464
145.7310 37.5481
145.7518 35.3763
138.5076 34.4029
141.9120 35.7443
137.8116 33.4130
139.1225 27.5892
136.8736 29.1541
139.9721 28.8849
136.9843 30.7925
140.3321 34.4861
146.0315 37.5149
137.8358 33.3968
137.2414 30.1118
137.7850 30.5651
137.6151 29.6667
136.7265 30.6401
137.0894 29.3299
145.5950 37.1378
132.5270 27.2433
139.3168 27.8928
145.1411 35.7976
136.3937 29.6781
145.5663 37.3132
137.7753 31.6181
137.2139 33.3028
141.3783 36.0631
137.5673 32.9346
137.7172 32.7558
140.0258 34.4558
141.5334 34.8918
137.2259 29.4646
136.2838 29.5531
136.0048 29.5907
136.2482 29.5633
135.8451 28.6354
139.1835 28.0840
139.9174 34.4662
145.5606 37.1137
137.3998 32.5181
139.3240 27.8748
137.3265 32.4035
137.5997 32.6791
137.3606 29.8424
137.3572 32.4896
140.9040 33.6545
139.8632 28.8097
138.1768 30.1089
136.3531 29.0940
137.6092 33.6069
138.9142 33.5062
137.5064 31.1252
137.5211 34.5801
136.4147 28.9782
137.4644 32.8537
137.2015 28.7930
144.0963 36.5672
137.8969 33.2541
144.3752 37.6699
138.6132 27.6903
136.0479 28.7373
138.4640 32.8191
139.0717 28.0415
136.5244 28.8707
138.8787 33.4539
136.5473 29.7905
136.6403 29.8912
141.6306 34.5122
136.1743 28.4807
136.8148 29.8708
139.2260 28.1982
140.3772 33.9077
137.5820 29.5031
137.2551 32.6419
136.7135 28.8134
136.6671 31.3985
136.2643 30.4474
136.1269 29.0253
139.8699 28.7854
135.4582 31.2460
136.5681 28.8716
136.5980 30.9129
144.6465 34.4369
137.3944 33.4913
136.7485 30.1892
137.2539 33.3921
138.0946 31.0177
137.4740 32.4861
140.5054 33.7418
137.2993 30.3023
137.5615 33.1259
140.6166 33.4183
144.2957 38.6336
137.4721 30.0664
136.4409 28.9365
137.8750 33.3437
138.9878 28.2675
136.8859 28.5521
144.8537 39.0398
137.4296 33.2714
137.6895 29.4205
137.8069 30.7274
137.3153 32.4120
137.3122 29.3216
137.6160 29.9844
135.5956 30.8097
136.9041 31.6093
139.3856 28.4460
137.7384 33.0088
137.2376 33.2680
135.8302 28.8477
136.5019 29.5466
137.7046 33.5357
136.5544 30.0733
137.2059 28.9055
137.8166 30.8840
138.5818 28.0587
137.4750 32.8761
140.4860 34.5624
139.7480 29.0234
136.0048 31.0026
136.8163 29.8546
136.4535 28.4333
144.3999 37.6428
137.2136 30.6621
136.5912 28.4830
138.7009 28.0499
141.2109 33.9443
139.9859 28.6997
140.0179 34.4578
139.7052 28.3750
137.5264 33.6272
137.5581 32.5577
140.4353 34.5105
135.7614 31.1979
138.6440 34.5181
137.7380 33.5081
136.0060 28.9569
136.9086 28.3034
143.8884 36.8724
136.8995 30.0528
136.9857 29.6436
135.6291 28.0357
136.8521 28.5751
136.3429 29.9306
136.9021 30.8449
140.6652 33.4686
142.4627 36.9388
136.1603 29.3122
139.2493 27.6699
138.5280 28.7836
137.5857 32.9715
137.7826 32.8385
137.5399 33.1631
136.9496 30.1513
137.2997 29.3098
139.4926 34.8852
140.1691 34.4757
137.5578 29.8588
136.2723 31.4253
137.6564 30.7231
136.9272 30.2025
139.2440 28.2440
145.3327 36.0672
143.5395 38.3842
136.9194 30.1555
139.1574 27.8105
137.5400 33.1189
139.0693 32.6857
137.9371 30.9796
136.7873 30.1512
137.2048 28.7355
138.4958 28.9131
137.7176 31.2096
137.8561 30.9746
135.9673 29.5774
135.9225 31.1660
137.8177 33.0105
140.2948 34.5036
154.1407 34.4100
149.1274 36.2722
137.2759 32.3951
137.7785 33.4715
137.6584 31.6782
140.8780 33.8112
136.0182 28.2369
136.7559 30.2961
137.6796 33.0611
137.5098 33.1411
144.6282 34.5202
140.1646 34.5066
137.1100 28.4973
138.4591 27.8250
137.9327 30.8548
136.5699 28.8488
139.2039 27.7711
139.9038 28.6195
138.3587 27.9473
137.6639 32.7189
141.2068 35.9673
143.0588 36.5399
137.7567 32.8578
137.8734 30.2839
137.6455 33.4791
135.5054 29.9585
138.6498 33.0924
139.1811 27.7899
135.9388 29.5375
136.5423 29.3283
137.6776 33.1113
139.1196 28.0355
141.0532 34.1292
138.4425 29.1222
136.4514 28.1439
136.6144 29.8697
138.5387 27.7219
137.2681 33.1998
139.3840 27.9008
136.1285 29.0053
137.5403 33.0966
144.5189 37.4757
137.0866 30.3004
137.5211 32.8388
138.4389 27.6558
137.8735 33.0215
136.2695 30.5258
137.8560 33.0562
138.4857 28.7742
137.4272 32.4678
137.5897 33.6238
137.7728 31.6463
140.0101 34.6051
138.1669 31.0248
137.6912 32.7032
139.0802 28.2533
137.7285 32.7422
139.2732 28.3735
