129.6696 25.1982
135.3612 29.5632
129.5684 24.2929
141.3724 34.3242
135.1869 28.9371
131.3010 28.0575
130.2781 25.4941
138.2073 28.5109
137.1892 26.4869
137.9521 27.1977
135.0559 27.6395
129.2271 25.9311
135.2463 31.8102
134.0618 31.7953
136.2581 29.7123
136.9198 26.4281
134.4784 29.6408
139.0859 32.5470
137.3863 27.1135
136.8315 29.7434
136.7333 25.6486
131.6556 24.3545
136.9896 28.5907
141.8625 36.0291
137.5751 32.1631
131.2927 25.3958
139.1488 27.0109
135.3955 27.5470
139.0004 27.8586
139.3962 29.7448
137.5121 28.6315
135.2174 27.5121
137.6370 27.3162
129.1857 25.8634
136.7786 30.1321
136.7011 27.7193
132.8424 30.5299
131.1582 26.8427
133.5785 25.8943
136.8564 26.2033
132.6437 30.6918
133.7319 27.7459
136.2533 26.5972
133.2682 21.8766
145.7571 35.2549
135.1707 28.7094
135.2755 30.8072
132.8203 29.6281
124.2620 20.7219
131.8498 28.2655
132.0797 25.0554
137.1552 32.0632
132.3898 28.7690
129.7064 24.5765
141.8825 35.0395
132.6990 30.4653
133.2048 29.4760
130.1638 25.8696
125.4277 21.2980
132.2000 29.1271
134.9833 26.0397
136.2027 30.8635
133.0206 28.1131
142.2281 36.3266
136.9387 26.9589
135.8039 28.6243
131.9423 24.3186
137.2377 27.5879
132.4525 26.4701
132.6101 21.4354
140.0502 27.7538
133.0263 30.3662
132.0173 29.7416
135.4337 27.7387
130.0271 27.7469
125.1623 25.3625
133.7066 21.3195
139.5218 33.9048
130.7120 24.4400
138.4515 28.5458
133.6114 22.6675
131.2330 25.7105
134.4756 29.7693
137.9703 28.7510
135.5938 29.5789
132.9623 23.8575
134.4203 32.9660
127.1658 28.0412
133.1911 31.8176
133.3357 24.1000
135.9544 31.1010
130.1329 26.2316
135.0761 27.0210
129.8936 22.1400
130.4024 25.4342
137.4243 26.7916
135.4792 30.4518
135.6933 31.6493
133.5082 22.9086
134.3153 32.2133
132.5741 25.9493
132.2009 21.0562
138.4073 29.3739
134.0551 31.0570
137.9528 28.8005
133.5978 24.8054
135.1678 27.5925
141.8841 35.9810
131.4252 28.6500
146.3576 34.5576
139.9700 32.7975
130.1775 26.4898
133.1593 23.5351
129.3720 27.2572
131.6420 29.4065
136.5866 27.3891
136.1575 31.9740
138.3570 29.4022
133.1679 23.3173
133.3253 25.0007
136.7888 26.1206
136.8013 28.6222
129.1003 27.4471
136.6436 30.5906
130.0154 25.3708
133.7778 24.4179
136.1542 27.3571
132.6676 30.1441
137.2968 28.0820
130.5413 25.6113
132.9950 21.6581
129.5942 26.2990
130.9783 30.1400
130.3673 26.1759
134.9922 31.9193
130.6164 25.3906
132.6010 28.1684
139.8427 28.1109
136.0428 25.6311
132.2009 20.7994
132.9144 23.4791
145.6100 35.5158
136.9735 26.6607
132.5697 29.2570
139.2464 33.2730
135.3927 28.6223
136.8513 27.5643
129.3920 27.2006
138.5442 29.4850
130.8738 28.2975
132.7367 28.3052
124.5168 24.1077
134.3247 28.1545
137.8053 29.6228
131.5807 25.1767
135.5878 29.0467
134.5947 27.8017
133.9886 32.6143
145.3962 39.0451
132.7427 30.6939
136.7822 28.8003
137.5487 27.1719
134.7338 27.8616
126.7720 25.2773
145.2324 35.6561
136.9122 28.5685
134.3110 27.7624
134.7618 30.9536
129.5795 27.5884
129.4103 27.2035
141.3964 34.8976
132.4730 29.9892
133.0063 30.4377
132.7644 30.3675
131.5119 24.6171
140.1501 27.5868
130.4701 27.1151
134.2129 28.1980
135.3565 29.7127
135.7972 27.1936
132.2240 30.1285
125.9108 23.7267
136.5325 27.8401
131.3959 25.7784
139.5457 28.3129
135.5988 25.9264
136.6890 26.0249
131.4707 28.7833
137.9981 32.5536
133.9710 29.8881
139.0510 32.3634
135.5722 27.8228
136.0920 27.8963
132.1723 29.7103
138.3745 27.0270
137.4278 26.3226
134.8547 29.3100
134.9320 29.9521
136.9265 27.6034
138.1258 28.4886
132.7457 24.6008
124.0603 19.7724
138.3604 27.3219
134.6475 32.5416
134.1903 28.0511
145.1709 35.7340
137.2449 26.6887
138.7763 27.5072
130.7050 27.5005
138.4111 31.7430
136.8278 26.1191
129.8085 26.6780
132.8869 22.1427
121.7788 20.4755
136.2796 27.0964
132.3362 29.9578
139.8805 27.8680
134.4807 29.3299
129.7654 26.3881
122.7467 21.0282
137.9958 28.4136
136.3866 30.7605
131.0847 24.3470
128.0580 25.3847
136.4486 25.8791
136.4524 27.8231
133.7623 28.7163
134.8917 28.9484
132.2083 27.8909
129.2075 29.4401
143.1794 35.2677
137.2747 25.9872
139.1452 31.6955
131.1442 23.9844
131.9686 31.9302
124.5887 22.1204
134.7421 31.3211
133.0002 30.4686
130.4881 25.6670
133.2079 28.2600
128.6851 25.4455
130.9457 24.7399
137.7875 29.5114
136.3487 27.0509
132.8613 29.9780
134.0317 29.2659
129.7966 26.5794
137.5259 28.6836
136.9564 27.9510
138.1179 28.2928
135.4209 30.5516
138.8587 31.6487
133.0086 27.6669
132.9447 30.5146
131.3178 25.8509
135.8506 26.3228
132.4968 28.3498
129.5107 25.5181
136.9418 28.7150
129.0536 25.5678
136.5205 27.5321
136.1468 25.6673
136.5178 26.8607
132.3315 21.6313
134.8427 29.7358
139.5424 28.4517
131.5088 26.1956
137.8872 27.2473
131.0146 21.3742
130.3253 25.6559
130.2090 24.3496
124.2185 21.3552
133.0024 30.1009
138.2661 29.6407
139.9777 27.5768
136.5603 29.4096
139.0294 27.0168
135.8063 25.3424
133.1464 23.4916
132.3526 29.2143
131.8761 24.9706
135.1195 31.5721
124.8855 19.8282
132.7140 29.8324
131.2863 28.4428
129.7221 27.1859
137.5861 26.9148
136.8709 28.8464
143.2231 35.5911
138.4476 28.6987
135.0523 28.8738
132.3640 24.5381
137.0030 26.1197
132.3719 29.2522
124.8172 21.7682
136.2763 27.1821
135.4250 30.7001
131.9994 28.9678
137.9495 29.6499
132.4140 20.9758
123.5371 20.3883
131.3809 28.2766
132.6714 30.5763
138.1491 29.8053
138.0355 28.8949
132.8389 29.3512
136.3583 25.5267
137.4362 30.1313
137.9783 29.8485
136.6670 31.7117
135.2122 27.7891
130.6243 25.3251
139.6717 27.3144
131.4449 27.2040
136.3355 32.4564
128.9853 25.3368
132.0035 31.9648
133.2229 29.1301
137.3107 30.3944
132.9576 30.5916
129.7166 26.1022
134.3553 31.5335
128.2440 25.2990
136.6213 29.4880
138.7714 28.3045
130.7833 25.9044
131.1254 24.1697
130.4787 25.2174
135.9100 28.4328
131.6077 20.9304
139.7841 31.3096
138.2353 29.8429
132.9178 27.7460
132.7700 21.8012
131.2900 30.9189
137.6554 28.5702
138.4339 28.8099
136.1111 27.7479
132.4791 29.9636
137.2037 30.0060
137.0586 26.4514
133.8963 32.4857
134.3120 31.1249
137.8639 31.3806
129.5248 29.7687
128.9901 26.0502
137.2678 31.4939
140.1093 27.7409
139.3316 34.0135
138.3421 28.6600
129.7234 27.3770
138.3489 31.8287
132.2834 29.1915
136.4923 27.6213
137.2311 26.7447
138.1645 28.5696
138.4889 29.2210
138.5771 27.4774
134.9696 31.2725
123.6528 23.0915
139.9253 32.7366
134.9120 30.3863
138.0923 30.1694
139.8219 27.4512
135.7320 28.6939
132.1350 26.5188
133.2060 25.0721
132.9877 26.3095
127.9713 25.3147
133.2174 24.3090
130.9606 25.1874
137.3904 30.5671
133.1331 29.7810
131.2749 26.1723
134.9033 27.8559
131.1844 23.0289
132.2355 21.5330
134.5471 31.6005
132.4023 25.0630
124.3742 22.7740
135.3742 27.4093
139.1074 26.9974
140.2998 27.4143
130.1507 25.4312
128.8205 26.1621
137.5962 28.6011
135.9900 27.4593
134.3018 31.6823
136.2482 26.9884
133.0371 22.0973
134.8347 29.2627
135.1396 29.3968
131.8102 28.9782
132.9873 24.4078
136.4817 26.1734
131.9346 28.9409
138.7071 26.8322
138.2560 28.1147
135.5238 29.3960
131.3168 28.5303
137.6263 29.4581
128.9332 25.9952
135.1817 28.6233
127.5103 25.4049
139.4528 29.7717
128.4056 26.7296
136.6726 26.0535
137.0228 28.0231
133.5753 27.9207
136.7847 28.0044
133.6936 27.9773
134.1253 29.2221
138.0685 27.3661
134.8848 27.6098
136.0134 30.6127
131.2388 24.6270
131.9154 29.2388
137.7766 30.1199
136.1225 29.8960
132.9720 22.9110
130.7509 27.7563
137.8155 27.0529
127.9540 25.4032
133.1496 22.0034
136.2258 27.6130
133.2882 21.9196
123.7841 23.3336
139.3061 32.6876
127.6426 28.4065
138.3421 29.8549
128.4042 26.1753
145.5811 34.3214
132.0596 22.0014
139.5398 27.8985
131.5385 24.4539
132.8174 21.2927
132.8966 25.7692
131.2737 24.7848
134.4116 28.3101
133.1120 23.6893
130.2759 25.1035
132.8228 29.0075
131.6156 25.9583
126.1316 24.1892
136.7014 26.2625
131.8418 31.9288
138.1906 31.5913
129.4409 25.5141
136.6678 27.8791
132.9217 29.8250
136.3153 30.9967
135.8743 32.9174
131.4461 25.2786
137.9261 28.1566
131.6928 25.7680
138.2795 29.6868
136.6522 27.3378
134.8283 27.8244
138.5675 27.3905
131.7897 21.2521
132.4092 28.5941
133.4353 30.3664
134.5046 32.8714
131.9780 29.5838
131.7242 24.4995
135.8457 26.5062
132.5405 24.6603
138.4104 29.4030
125.6843 19.7218
137.1174 28.0196
133.3562 23.7287
137.2332 27.7737
134.5666 29.4024
139.7165 27.2316
137.3942 30.5522
139.4493 28.8408
134.7788 32.1209
127.7989 28.4939
137.5173 27.9437
136.1812 30.7425
133.9639 27.7933
135.8948 27.9026
130.6608 25.5982
137.4117 29.6215
138.2600 26.9812
136.1684 27.5809
131.7352 28.6055
132.8468 21.2853
133.8261 30.9613
124.6408 22.6245
136.2577 27.5145
135.5646 29.7865
133.2275 22.2868
137.4187 26.4925
135.3830 25.4788
132.0077 28.3233
133.2606 22.3195
131.7181 26.0454
131.4409 26.6352
137.1725 26.8202
132.8167 25.9240
136.1470 32.9463
132.2881 29.1692
131.4530 27.9206
135.0167 30.3178
132.6761 28.9001
133.1134 22.0674
133.5585 23.3343
131.3855 26.3253
137.1895 29.6762
139.0979 27.8058
138.3615 28.4447
138.0447 28.9348
136.0281 27.1282
132.5298 28.4958
124.8281 22.3348
131.6590 23.7620
135.2695 28.7937
136.3777 31.8772
130.1964 27.4774
130.9455 25.4619
134.9598 27.5830
136.0734 29.8105
128.0432 25.6457
139.4660 28.7892
133.8660 27.9867
134.3566 28.0955
139.3568 33.8561
136.7328 27.0489
135.1469 27.8037
131.1475 25.5361
135.2004 28.6509
136.0923 32.0688
134.5408 29.7414
134.1047 21.7195
139.5275 28.8806
136.1702 27.1302
134.5084 27.6841
134.6422 28.0676
131.2126 24.9084
139.6229 28.4686
137.9773 28.0328
138.4368 28.9070
137.1255 27.7542
132.5986 26.1790
132.7634 28.7783
124.3619 20.8187
130.6336 27.1478
136.9143 30.2221
138.3153 29.7692
139.5996 27.9808
138.4652 34.0621
136.7963 30.5461
139.3541 29.6385
135.5499 26.0243
139.8136 34.4540
139.7085 27.3054
139.2457 34.3524
136.3667 25.9022
139.4917 32.7140
141.6351 34.7810
137.5051 30.2011
133.2124 31.9610
139.7533 27.8201
139.6593 28.4582
137.1297 27.7154
134.0918 30.1295
139.3420 27.7311
145.1077 35.6256
135.9420 33.2483
129.3698 29.1819
135.7879 32.4124
127.4041 26.9138
136.0142 27.6839
139.7231 33.2685
139.6895 28.4110
136.3824 25.9901
136.0917 31.8247
138.2358 28.1992
134.3221 27.9214
139.5317 28.2508
136.8017 30.6036
138.4244 29.1215
139.1307 27.0771
137.0341 29.7681
127.4356 28.0382
139.2195 27.1253
144.5532 37.4323
136.5442 27.5866
127.5431 28.3761
137.5034 26.9173
137.4153 27.0163
135.5176 32.6991
135.8912 32.2181
133.8048 29.0696
138.8101 26.9514
137.2363 28.1773
137.4542 28.7404
128.3850 29.3472
133.3517 27.9625
138.2216 27.2575
135.7767 30.8626
134.0084 22.1502
139.6746 32.3125
134.1205 29.4919
136.8348 25.9774
145.1745 34.2234
135.9375 27.5169
131.3381 30.9104
137.2898 27.2558
146.2379 34.9487
137.2238 26.5752
138.2543 27.0320
136.1662 32.3740
137.8945 28.2305
137.2786 26.5367
139.9343 27.7461
139.4866 27.1256
139.7996 27.6027
138.4357 27.0210
138.7042 27.0248
139.5175 28.3185
138.1669 29.6187
139.0371 31.9626
136.9445 26.4928
136.2763 26.0114
138.3510 28.7878
145.3895 37.9974
134.5179 25.3251
134.3995 32.9073
139.5946 28.0415
142.4462 35.8760
132.6842 30.3260
136.9932 28.1596
137.5643 28.6117
136.7344 30.7813
140.0319 27.4837
137.3897 31.4016
133.3109 27.9645
137.1357 26.4465
139.3193 33.1104
132.2441 28.4394
137.3805 26.5003
138.4943 27.5950
134.4962 28.0545
141.9134 35.8092
137.7981 28.1781
132.3548 28.3642
138.4988 29.0869
137.3552 30.0409
137.8871 29.6544
139.2259 34.0417
146.3704 35.4193
136.7040 30.6768
147.3133 38.2882
139.4013 29.3282
136.9038 26.2628
126.7350 27.1870
138.7878 32.3474
148.2255 35.9988
135.5052 31.9662
136.9352 26.7932
139.5931 29.2291
138.9260 32.0416
131.9817 28.3823
145.5975 35.3431
136.3923 30.4200
136.0688 31.2415
142.1772 35.3944
139.5338 29.6576
138.4630 29.0451
137.8536 28.6446
138.4884 29.1694
136.3873 31.7552
134.2346 28.4223
139.5825 29.2746
146.8176 35.0482
128.7568 25.9645
140.0415 27.5768
133.3599 28.0643
130.7899 26.7283
144.8692 33.4446
134.2659 32.7385
137.0623 30.0443
138.1350 28.4396
140.3090 33.0509
139.9241 28.3122
136.4705 27.5437
140.6662 34.1703
139.4755 33.4473
139.4877 27.7273
137.4133 26.4838
140.9870 35.1881
140.0524 27.9341
133.0083 28.0035
138.9296 31.2001
138.4893 27.1206
126.4956 27.8811
139.4937 29.4043
138.1964 27.1317
136.4346 27.9819
138.8098 29.5042
141.3547 34.9478
136.3003 27.6604
144.8816 36.9262
133.6410 31.7545
137.8278 28.6131
144.8237 37.1620
135.8398 31.3599
143.8900 35.7396
136.6631 30.3788
140.7655 34.2341
139.8568 27.9549
133.5910 29.7788
138.2037 27.1013
136.3100 31.0263
145.7973 35.4097
141.4419 33.7391
137.4955 28.6768
139.9646 27.0117
137.3014 29.9938
133.0840 30.1654
140.6781 34.1588
138.1152 31.6233
134.7167 31.0681
130.2881 27.1940
136.6347 30.4360
134.9194 22.0038
138.9297 32.0502
132.0378 20.7720
135.8736 29.4950
136.9888 26.9428
133.2325 32.1098
134.0882 23.9192
131.1018 30.6162
134.6852 26.6942
133.4069 28.0005
134.2346 30.3654
139.2155 33.1029
131.0555 28.1221
138.3504 28.4797
134.9701 27.9285
137.1323 27.0764
135.2146 31.1556
132.6381 30.2653
138.7313 28.1665
132.0288 28.8168
139.4528 32.4927
136.6368 27.3967
139.2591 30.5488
132.2394 28.2970
133.5937 22.0752
133.4604 28.9645
139.3602 29.2667
123.0449 30.0748
125.4790 24.0803
133.5540 22.1270
126.1191 25.7781
139.5204 28.1039
139.9870 27.2883
146.0592 35.4188
134.8124 32.7169
136.8711 26.1650
140.5643 27.7283
133.5519 20.9922
138.2725 31.7568
137.2236 30.0260
133.6120 30.3341
130.5368 26.7243
137.5923 27.5468
133.5921 29.7315
134.4803 32.0195
140.1453 27.5541
138.9521 34.0569
139.8780 26.9223
138.1585 29.2270
133.4352 30.7798
145.4108 34.8038
135.3910 25.6159
143.7124 35.6312
131.2036 27.0124
136.1724 26.5101
135.8327 31.2663
133.6724 22.3447
132.6288 25.1294
136.4014 30.6692
134.0838 22.8114
139.8063 27.3624
134.1095 21.7832
137.0788 29.9652
132.1520 29.1549
137.3540 28.7778
136.8109 30.1482
133.9795 29.3361
135.5878 26.2448
133.5409 30.6784
140.1127 26.5798
129.4395 28.9564
132.2567 30.0959
133.6920 21.7323
139.6963 27.4669
140.1794 33.9274
136.1980 31.1828
137.4031 30.5888
132.5632 21.1205
138.5648 28.8245
131.4882 28.7551
137.8429 28.3100
131.8262 28.7281
138.6711 29.0215
139.1653 27.0155
133.9135 30.2812
125.0908 22.9000
136.1397 28.0737
145.4093 35.7808
136.3232 27.9048
130.4427 21.8020
135.1722 25.9909
136.8927 26.6059
141.2554 34.6758
130.4989 26.5721
133.1598 24.3132
135.9648 27.8892
130.5694 27.5084
144.1945 34.8686
131.4169 28.1318
133.1704 23.6962
131.7590 29.0730
137.5781 29.3370
131.9780 28.0691
136.6295 26.1166
136.1750 27.4039
132.9701 21.9501
139.4671 29.0462
126.9310 24.5721
137.0604 29.2805
129.5656 25.0439
138.6922 28.8405
134.0109 30.4198
137.0656 29.8997
135.1992 27.6427
138.6318 29.1628
136.6861 27.8268
135.0411 28.2022
140.4490 33.1632
136.0046 27.7437
142.9768 35.5512
138.2221 31.6790
131.9714 20.7322
135.8279 32.8282
136.8413 25.9651
133.6864 23.4860
130.5243 26.1118
140.0347 27.9124
134.9312 31.6550
140.5063 27.4470
126.6738 28.0064
134.8457 31.1189
132.1071 21.8794
130.2962 26.1692
135.6623 29.0145
139.0244 26.9356
132.7900 21.7837
143.1784 36.0089
139.7956 27.2725
136.4882 27.9036
137.6402 33.2317
139.3522 27.0830
127.5816 28.2754
139.9161 32.6882
132.7734 29.6395
130.7199 28.0633
136.1429 27.8282
136.9720 27.8883
132.1939 27.5685
125.5517 23.8893
132.5440 24.5873
138.8368 27.4507
136.6889 27.2172
132.6551 28.4164
132.7266 28.0672
137.0741 26.1144
136.6481 27.8923
131.0869 27.5276
132.2936 28.3573
136.1958 27.9771
125.5361 21.1452
131.7137 28.8466
126.8178 26.4819
136.2557 27.4735
131.0296 27.7844
134.6734 33.2121
137.4731 26.6266
138.4591 29.3843
131.7189 25.4506
130.3233 24.5582
139.0404 32.0485
135.8018 31.6048
131.8830 27.2182
132.9429 25.2130
136.2382 27.5196
140.5847 35.0418
132.8404 24.7488
139.8798 27.5179
129.6735 26.3214
131.6998 31.4733
132.2822 21.6140
139.8965 27.5853
137.7501 28.7416
131.5197 27.2173
137.7735 26.7819
137.5583 27.5470
129.8741 26.2513
134.6472 29.8848
145.7009 34.4193
123.6668 22.4379
137.1097 27.8947
135.5883 27.3346
140.8292 33.4180
137.4869 31.3462
129.1237 25.2642
134.9182 28.9976
130.4511 24.4393
131.6534 24.5117
137.1438 27.9845
137.1861 26.1881
129.5297 27.0617
136.3544 27.3410
135.4336 27.7350
135.9263 32.6928
136.7144 27.9061
134.3522 32.1750
135.4894 27.5577
137.7281 28.1018
132.5262 24.8208
139.6512 28.3681
139.8473 28.1308
132.8657 22.1962
133.6983 32.6330
137.4598 30.1721
138.8894 32.2756
137.5269 27.9933
137.0809 28.2235
132.2426 21.9318
136.8638 28.7267
132.8659 28.8259
137.3808 29.6465
136.9559 28.0168
136.5486 27.7191
136.7276 27.8482
136.5938 27.1315
131.7005 23.7956
130.9821 27.9447
130.4977 24.1059
137.6600 29.4193
134.5385 27.6243
131.4013 24.1175
135.2520 28.5992
140.9259 33.2108
131.8704 26.3337
135.7436 27.5547
138.3558 27.3344
135.1206 29.5073
134.5452 32.1788
135.9624 25.6634
138.0851 28.3425
132.8175 25.1707
137.8251 28.1590
130.8504 28.0601
124.0078 22.3942
135.0903 32.5780
136.1697 27.4719
135.1658 27.4472
138.2586 27.0333
132.9225 25.3337
137.3972 30.2257
136.9485 29.9919
137.5739 28.6038
134.0176 22.6957
136.8297 26.1652
132.4224 25.9454
137.0219 26.1165
135.1725 30.9640
137.4318 28.2289
136.8117 27.2840
140.0891 27.6604
136.5662 27.9575
124.5259 24.0782
137.7506 29.3996
138.1537 28.3369
143.2273 35.7324
136.6446 25.9011
133.5344 21.2318
138.2311 29.5975
137.9707 27.6236
137.2621 28.1358
133.0111 26.2010
137.5270 28.4906
136.0259 26.6080
134.0051 27.8898
130.0134 26.5767
133.3359 32.8358
138.4897 28.7685
126.6366 26.7218
132.5599 25.9898
139.8496 26.9993
143.0680 35.9118
135.7827 26.4059
123.5385 21.3118
123.3154 20.6822
135.7254 26.6113
132.4243 30.6799
127.6564 28.0408
132.2834 21.0303
127.1044 24.8325
137.3708 27.8816
137.1841 29.2333
137.4259 26.3755
139.2199 32.7507
136.8932 26.0487
132.7836 21.2609
131.3439 30.9050
139.4464 27.1402
137.2031 27.6990
133.5584 21.3047
137.8537 30.3905
133.1490 27.9988
127.6893 27.7310
131.0922 25.9446
133.7287 22.8823
136.2204 31.9525
130.8604 25.7619
136.9156 26.4729
130.8016 25.8842
140.4984 33.8509
143.4722 35.5813
130.6876 25.7014
133.6254 25.2408
140.0721 32.8665
136.8097 26.0161
129.6142 26.1701
133.0233 26.3042
129.9200 26.6660
131.7553 29.1009
141.3400 34.1490
127.3464 28.4943
130.3675 27.4858
133.1358 28.0691
129.1378 26.4592
131.3342 25.5807
139.6365 29.3251
133.8557 23.9874
125.2132 23.3903
132.6720 28.5763
133.1189 21.2246
137.2381 26.8387
138.0935 28.4142
141.1331 35.0853
137.9430 28.2505
126.2845 26.3581
139.3725 34.3903
127.2393 27.2596
136.6180 26.9313
132.2072 29.6294
139.4510 28.6373
130.5929 26.8492
129.7069 27.2668
131.4593 25.6111
131.7186 28.1904
133.4268 27.9855
135.3018 29.0542
134.2402 32.3949
134.0003 29.5519
135.8844 28.9698
127.6403 28.7349
133.0593 28.7296
133.9063 25.0393
132.1893 29.0856
131.2149 25.4038
139.9300 32.7822
139.6865 28.5057
130.8382 26.1434
134.9638 31.9833
134.5151 31.0757
132.6625 31.5259
136.3306 27.1564
136.8384 25.9426
135.6113 25.6722
136.8035 26.0401
137.4403 29.8094
130.7465 26.1718
136.2103 26.7364
136.4561 30.8021
131.5030 26.1157
137.6979 32.5178
137.9110 29.5952
133.5148 23.8817
137.0053 27.2629
140.0206 28.0589
139.0070 32.0158
132.2865 28.8940
136.1708 26.0592
138.1881 30.0581
141.8190 35.2761
136.7587 27.2497
137.4209 28.4509
138.4888 28.7046
134.5930 31.9821
134.0958 24.8499
138.3820 28.5768
130.4893 27.9361
130.8450 27.6869
138.3459 29.7425
133.5872 28.0011
138.8762 32.2365
129.8263 25.7415
124.4462 24.1682
135.7367 25.6374
131.5971 28.2202
140.1124 27.6363
139.6859 27.2766
137.9414 30.7082
136.7203 27.3457
151.9918 35.3034
136.5576 30.3810
138.6847 28.9331
137.1100 30.4248
139.9453 27.9299
138.6350 28.9898
134.0490 32.8919
135.0445 32.2520
139.3685 34.9572
138.1442 30.3958
134.5962 32.5922
135.6128 32.3429
141.2580 36.0832
132.3884 31.6232
141.1327 36.2193
135.8555 31.1978
141.4238 34.0599
136.9669 30.4694
138.5167 29.3276
136.3570 31.6118
138.5473 29.5996
139.1588 31.6416
134.8796 32.3627
135.4688 32.5467
140.0886 33.3004
137.5871 30.1461
142.7007 35.2445
136.0708 31.0972
139.8989 27.9850
152.2221 37.1323
138.9292 27.0565
138.8097 29.2106
136.4455 30.7170
135.6317 32.0926
138.4497 33.2221
139.4774 27.1075
138.6219 29.5566
139.5156 28.7963
135.3083 31.6569
138.4227 28.6836
137.8260 33.9370
135.7188 27.7215
136.7084 30.0977
136.3568 31.6377
140.6411 33.3480
136.0995 31.2273
139.6655 29.1886
135.8747 31.2788
151.7999 35.4857
139.7299 28.9011
135.3789 31.3964
150.4776 36.2350
140.0104 27.6043
137.2820 29.7572
135.6522 27.7647
136.1956 27.8977
138.4533 28.7729
139.6452 28.1145
139.4831 28.8699
136.1931 30.4622
139.9035 27.7106
140.4915 33.2757
133.7829 32.7967
136.1772 27.8076
138.2588 30.2639
140.5424 33.9004
139.6522 30.3202
137.8610 34.0209
142.0262 35.3063
136.2059 30.9168
136.7731 27.5179
135.8584 32.1762
147.2924 38.2784
136.6382 30.8232
137.7713 27.1817
133.8955 33.1765
146.3431 39.7338
140.7032 33.4170
137.1335 30.3839
137.5191 30.1300
145.0216 36.2662
140.8888 34.1593
136.7005 31.0478
135.1801 32.0178
135.6654 31.7142
140.1328 27.9650
156.2851 33.7208
135.7105 31.6444
136.5911 27.8152
138.0684 28.2673
138.5906 27.0607
135.6528 31.6160
140.9097 35.3173
140.7330 34.4656
136.4225 30.4792
148.8106 34.8983
135.5886 31.9655
137.8903 30.6030
134.3672 32.9864
136.4742 30.3537
140.0451 27.9345
134.5637 32.6712
136.5121 30.7566
138.7601 29.4306
139.6058 27.2504
140.6886 33.9156
134.0692 32.8265
137.4761 26.8517
136.7255 27.3485
137.6664 30.5090
149.4936 35.8812
139.6265 29.7793
133.7555 32.7095
136.8121 30.5016
139.8336 27.5145
150.1883 36.2162
139.9466 28.1278
136.4167 27.8439
147.1494 38.4159
139.7829 28.0954
135.5706 31.2055
136.6450 30.7075
139.2814 28.2005
136.0553 33.6173
134.6235 33.0871
140.7735 34.2982
140.7651 33.4198
139.5895 29.4718
139.6877 29.1412
137.2292 31.3090
137.7840 33.6943
140.3091 34.8160
135.1638 31.8220
135.2645 32.0701
139.8207 27.2961
138.5886 28.7913
138.4965 29.3070
137.7878 28.1262
139.8999 27.7154
135.9547 31.0237
135.9082 31.5648
137.5530 33.4402
136.0535 31.2006
134.3144 32.8974
138.5668 29.1863
140.0324 28.0742
136.1038 30.7368
146.7980 37.8550
145.1070 36.2148
139.4763 29.3309
140.8975 34.0873
140.6537 34.4076
145.0844 33.8890
136.0592 30.6097
135.7139 32.4113
139.4537 27.1669
144.9807 34.8309
144.5599 37.2193
136.6925 27.8865
140.0624 28.0949
135.5913 31.8086
135.8624 31.6348
152.1638 36.6006
138.7533 31.8711
138.6053 29.0246
145.9694 35.8990
137.0614 27.7224
134.0947 32.9978
140.4093 33.1496
136.3349 30.6783
146.0575 35.0529
135.4400 32.1509
134.5698 32.7209
139.9114 33.4236
135.6704 31.2984
137.1428 30.2465
140.6830 35.3904
136.3005 31.7662
135.9847 30.9094
137.0127 30.8774
136.3263 27.5920
140.8903 34.0625
135.2783 31.5043
136.0518 31.9856
136.3000 30.7903
142.6425 36.2547
139.9787 33.3890
137.9400 33.7057
137.1813 27.7448
136.3622 27.6674
139.4652 29.4971
137.1499 27.8305
139.6944 29.3862
136.2206 31.5184
136.8699 30.2477
135.9505 30.8972
138.1631 33.2941
135.9424 30.6825
136.9648 29.8426
138.5301 29.4858
146.3110 35.4615
133.5052 32.5646
136.3028 31.2985
139.8099 33.4417
138.4476 29.4610
137.9095 30.3943
135.9520 31.0862
135.8299 31.3348
139.5925 30.2232
138.9086 29.3373
136.4848 27.4311
136.0976 30.5196
139.1943 33.2434
135.8423 30.9784
136.1824 31.3976
135.4034 27.8466
140.0883 33.3019
138.3332 30.2462
137.5242 26.5256
136.3221 30.3271
134.8699 32.5297
137.8220 30.4597
135.7238 27.8343
137.7157 31.4581
138.7425 29.6442
137.6559 29.8775
146.2319 35.4175
140.0304 27.8327
138.7148 29.1147
144.6858 37.1055
133.5944 32.7216
139.8160 27.5183
140.7151 34.4771
134.6288 32.8515
152.1239 39.3469
136.8547 30.3920
135.9304 30.9080
138.6905 28.8014
139.3981 28.1117
140.0121 27.6996
136.6006 30.1327
145.6966 37.3782
138.3899 28.6060
138.3401 29.9823
139.8103 28.2848
136.7806 27.3146
137.6798 28.9825
135.6970 31.1898
137.4589 27.1073
141.2907 34.4217
140.6729 33.9440
137.3904 28.3053
135.8238 30.8639
135.8715 31.4352
137.9630 28.7546
136.8736 30.0719
138.5229 29.4528
135.6984 31.8707
135.3177 32.1121
139.9833 28.1086
141.2566 33.8801
139.8886 28.0636
136.6637 30.3318
138.2778 28.4644
140.6313 33.9123
135.7013 32.2143
135.3118 31.4413
139.3524 29.8390
135.0882 32.0114
135.7776 32.2434
138.5766 29.9858
135.3326 31.9210
138.5947 29.5257
138.4577 29.8471
136.8778 30.8433
138.6239 29.0714
136.9680 30.2775
137.0143 26.0806
137.5725 30.0522
135.2448 32.0313
135.8949 30.9048
138.2735 30.0361
139.6834 27.2377
136.1559 30.4308
135.2941 27.8618
137.3624 26.8545
132.5027 29.5197
138.0901 27.1612
145.1863 34.6643
136.8436 30.9214
129.0668 25.0524
140.6603 35.3271
136.2956 28.7172
139.7670 27.9743
148.3783 34.6815
130.5214 26.1378
132.7528 28.5280
136.7359 25.7545
129.4581 29.2840
139.5162 32.3330
133.6869 32.2092
128.7328 26.2302
136.8604 30.3579
145.6698 38.8910
136.2111 32.1690
135.0057 28.0090
132.1324 28.9971
132.8893 30.5306
126.6013 19.8350
127.9438 25.2159
128.8089 26.4088
146.1138 37.9769
132.6073 21.5183
134.1352 21.6369
133.9022 27.3780
137.6385 33.8559
137.4465 29.3930
133.9211 30.4792
135.6393 27.5656
137.8820 29.3256
136.5392 27.1982
137.8360 27.7824
152.0637 36.4972
132.3777 27.8964
133.7596 22.4895
141.3331 35.1803
133.3041 22.2879
138.2757 27.3017
135.0210 31.0146
137.0286 29.9889
139.6693 27.9489
136.0781 33.2133
134.0909 22.0730
130.3458 20.5931
128.7911 29.2479
131.6488 19.9444
140.4897 27.2476
136.8547 26.4136
142.1518 30.2591
135.1799 33.2844
137.7406 28.7916
138.9444 28.1391
129.5248 26.5801
135.5083 32.6283
137.6490 27.3915
121.7729 24.2609
136.6034 31.4187
135.3961 29.0348
132.8790 21.5210
149.4388 35.8421
139.3223 34.9740
138.6391 31.9753
138.6421 31.6332
135.7110 26.4645
134.8516 28.9285
138.4504 31.5936
131.1314 20.8235
137.6541 28.6276
133.2726 32.2462
133.2928 25.6929
141.0995 36.0204
127.8102 27.5254
136.7990 27.2491
133.0149 21.8406
136.3808 32.1931
135.2301 27.7264
134.2288 32.2155
131.9109 21.7245
134.6146 31.1835
144.2072 38.0852
132.8484 28.9881
126.2265 28.7185
136.2215 29.5459
137.0009 28.6294
136.4971 26.8328
138.3449 28.5627
139.6087 29.5859
136.8121 26.6865
139.2748 33.1741
132.7581 25.9276
132.8563 21.3493
132.6472 29.1965
137.6987 26.6205
134.4996 27.9809
141.2979 33.5974
131.8368 29.1365
131.6284 27.7065
131.4542 26.0400
133.6045 33.0271
140.3557 34.0651
136.7739 27.3445
136.4074 27.3596
137.6249 28.5842
132.4664 28.1534
129.1910 25.4650
131.7388 29.0237
131.2200 25.6692
138.5446 28.9191
139.7520 28.1626
134.9711 31.1055
132.0506 29.5187
132.6392 26.3645
136.7285 27.5469
133.5088 25.0065
130.0373 26.0303
132.8962 28.8377
137.0242 26.2263
138.8992 26.8437
139.1810 32.4534
139.4629 28.5360
137.1620 28.0711
138.8345 32.2066
132.9037 29.9709
130.6201 28.1181
132.4274 27.9645
135.8199 28.0499
135.6772 28.3903
131.6809 26.1307
137.0022 26.1001
139.7379 28.1862
133.1781 21.6273
136.8560 29.1284
137.2542 28.1762
137.3494 27.8558
134.9353 31.9673
135.6935 26.0953
133.1758 22.0996
139.8398 28.1269
133.0577 21.3615
132.9465 21.6670
137.1246 27.9488
132.6641 30.1687
138.0193 31.5965
131.4324 25.9167
133.2532 22.5566
130.2579 25.7559
130.7892 25.4822
138.5343 28.9793
137.5071 28.5548
135.6561 31.2293
136.6782 27.8323
132.8786 21.9432
133.5865 24.4623
131.9925 28.7682
141.9053 34.9271
132.4676 28.2467
136.3060 30.5777
130.3014 27.7187
132.6931 21.3565
143.8204 33.9904
133.5579 23.5442
132.6773 24.5626
129.7963 26.2661
130.9770 25.4849
132.7269 24.4505
137.4439 29.4393
139.8825 26.4891
130.8528 25.1528
138.3319 27.6436
133.7574 33.0764
131.0261 25.6202
139.9399 32.8922
138.4855 29.5760
139.2465 32.3344
133.6284 21.0665
134.1087 28.5240
139.7686 27.4198
137.5325 27.0375
139.1819 26.8883
137.0508 28.1004
132.4271 28.3921
139.1795 27.0095
135.7905 27.7012
132.3529 28.0904
137.1040 30.5031
133.8437 21.5551
135.6924 29.5027
131.3169 28.1105
139.5654 28.4002
144.0869 34.5241
137.9971 27.3894
132.4294 24.8028
135.9518 25.8317
132.8246 22.9776
137.5125 26.9788
139.5654 29.5430
133.1991 24.1628
139.3585 27.0794
139.6468 28.3753
135.0297 29.7485
131.1575 28.3081
132.1416 24.4944
134.7405 28.8596
139.5225 28.5826
133.9783 21.9387
137.6899 28.7960
131.8481 28.7196
130.3886 27.2119
135.8780 28.1390
131.5141 28.7684
141.7370 35.5255
132.4467 28.0799
140.1408 33.2055
135.8223 31.6801
135.7861 32.7162
137.3895 26.6156
133.1922 30.2081
139.7904 28.3534
137.4213 31.3494
135.3434 27.8370
136.7620 30.3346
133.7777 32.0955
139.6934 27.0803
135.8407 27.7437
135.6102 29.6301
138.1934 27.0966
136.0319 30.9276
125.3460 24.8556
135.6797 31.0312
133.9058 22.5493
139.9080 27.2265
139.3330 27.8927
125.4828 25.2143
135.0956 24.4287
132.8932 21.4002
134.4730 33.2009
131.7879 28.0801
131.3924 28.2956
134.0933 28.8191
131.8412 24.6616
130.5771 27.8207
139.3145 28.1796
137.6593 31.9723
137.0250 26.6082
136.3159 32.9135
139.5434 28.2599
135.9306 33.2567
134.0137 21.8113
133.4427 22.3832
137.4602 29.9685
127.3785 27.9667
134.3086 29.1576
137.5397 27.3576
124.7449 23.8334
135.0919 28.4662
125.3600 21.1061
138.0854 30.3472
138.4708 29.5271
128.2602 28.9641
133.1067 24.3779
136.3255 27.7724
137.2105 26.9359
132.1878 28.5625
139.6456 29.3255
134.7009 32.5143
136.7053 30.2651
139.5523 29.4941
139.6269 29.6643
139.6455 27.4727
150.2400 36.0347
138.6644 27.0362
135.9781 31.0489
147.3250 34.9844
141.7738 34.9257
139.7821 27.7224
137.0703 26.1492
136.1498 30.7797
138.7110 31.8933
145.3298 38.8265
136.8064 25.9804
138.9331 32.1975
135.5946 32.5658
144.2388 35.9092
136.0961 27.8436
136.3019 32.1691
138.8062 27.0846
142.4442 35.2991
145.1244 35.4156
150.3755 36.1758
141.0175 33.5244
127.6689 28.9734
135.5280 31.6719
140.3442 33.7580
135.6667 27.8516
138.5830 29.4170
142.4137 35.3171
139.5030 28.8872
137.8345 33.7245
146.6466 35.0995
141.9550 35.1681
137.8740 28.2117
138.1909 34.2804
146.3679 35.3681
146.6821 35.0975
137.4007 28.7046
137.7967 33.7418
145.4612 35.7843
137.7517 28.8063
135.8764 31.4564
137.3591 28.3017
138.3854 31.6486
139.1533 27.1149
140.8686 34.1015
140.1118 33.0201
152.0495 36.3419
137.2841 30.9186
140.6606 33.3733
137.4610 27.9296
136.1573 31.7774
135.9551 27.6785
139.5289 32.6484
136.6776 26.0790
144.3563 35.8079
136.4631 27.3969
138.6873 31.8383
131.8533 28.8245
140.5589 33.2256
141.0216 33.8095
138.1802 28.3430
137.7619 33.7729
150.7872 36.0684
144.2343 35.9042
134.7955 32.2195
135.7827 32.1323
140.0345 33.1789
142.0933 35.3092
140.0120 27.7378
138.1555 27.3341
141.9960 35.0749
137.3000 27.8544
139.9764 33.1366
134.9119 32.8542
137.6771 29.8188
133.6973 32.7438
134.8787 32.8168
137.6288 27.1180
139.5491 29.5038
138.5195 29.6505
136.5184 27.3453
131.7952 29.1607
136.6160 30.3438
139.9155 27.9121
135.6425 32.5549
149.1123 35.9070
139.8247 28.3531
122.5032 20.0724
125.1164 24.8285
140.2479 33.2026
125.7172 25.0525
131.5175 26.1626
129.3444 27.4180
124.5227 21.4697
133.7445 29.9021
136.9332 26.2805
138.5766 27.9067
127.3526 25.6943
132.1263 27.4727
139.6953 27.0483
132.1763 28.4095
131.9982 26.4705
147.4524 35.4464
131.4144 26.6134
133.6775 24.2346
142.8685 35.5533
137.5198 31.1435
133.9027 28.2590
135.9023 27.6032
132.7186 28.2902
138.9626 28.0876
137.5423 28.6424
135.6355 28.0188
132.8791 21.3788
132.7056 28.4293
140.6340 27.5904
136.8682 28.7145
134.2799 23.7879
135.9126 27.8806
133.1794 19.8897
134.7949 31.3592
130.0641 29.9137
138.9458 32.4045
141.3306 34.8526
135.5211 27.7395
141.1664 35.4144
136.3732 32.1062
127.6614 25.8716
141.5251 35.0254
140.1296 27.4911
135.1472 27.4699
128.6812 25.5207
132.2793 24.4824
140.4953 33.2661
136.8334 26.3977
133.1050 21.7403
136.1697 31.2381
132.1265 27.7623
148.4918 35.5169
133.5515 22.5702
130.1950 26.7490
123.8890 23.7505
134.5332 27.7216
131.4115 25.3895
135.8261 30.7426
137.3389 26.1755
134.5820 29.6430
136.6189 27.5825
138.0108 34.0129
136.3815 30.7003
134.1986 28.1699
131.6490 27.8450
130.9345 24.7335
135.5464 29.7948
132.1995 28.8122
131.7679 28.4864
145.4713 34.8485
137.3211 28.4839
139.8699 27.9139
138.4316 28.9794
136.0550 30.6041
137.4392 29.2371
131.1741 25.6299
137.5906 30.0579
141.4849 34.3930
146.6689 34.5534
138.1388 30.0433
138.2547 29.8496
129.1342 26.3964
133.8868 20.9745
133.5058 29.1230
132.0024 28.0603
133.0669 22.0509
126.4340 25.1037
145.2707 35.3574
136.6893 26.9793
136.5129 27.5525
133.7694 22.8390
136.3744 30.6282
124.3528 22.4810
133.5075 25.6964
133.1815 32.4374
134.3655 28.6112
137.0301 27.3635
136.3478 30.6371
135.9104 31.2865
138.4299 28.6470
139.7290 27.3007
138.2958 30.0175
137.1862 28.6243
132.4197 28.9269
137.7148 26.9504
137.1143 30.4414
138.1399 29.0433
134.6625 27.9209
136.0971 30.8920
137.0595 30.2005
138.2306 27.1195
137.5732 28.1581
136.6592 27.7905
136.7982 31.2334
136.1439 31.0280
135.8418 31.5864
139.8858 27.9330
145.8110 35.2724
142.3862 35.3791
139.4965 29.3850
139.9899 28.1604
136.3751 30.3929
138.0080 28.4405
136.9435 30.0175
134.1849 33.1393
139.7081 32.3443
136.4037 30.5135
140.0609 34.5095
139.5399 27.1946
137.4847 30.1612
139.1236 27.0998
135.9707 30.7472
136.9153 28.0734
136.2712 30.8118
140.0184 33.0808
139.7434 33.5027
135.0823 27.9209
136.3564 30.7537
138.4333 28.8084
138.4522 29.0100
136.6697 31.1214
135.8953 27.6408
136.0360 31.0057
135.9813 27.9469
136.5449 30.4132
139.0683 31.9536
136.0901 27.7894
137.0257 29.9900
136.3594 31.2763
134.5279 27.9345
139.7572 28.3786
137.8284 33.9038
137.6515 28.8303
137.3180 28.3953
134.7565 27.9415
133.7095 32.7764
136.1069 27.8502
136.4261 31.4818
139.7002 27.2389
136.6466 28.1334
135.8038 31.3249
139.9788 27.7662
137.2955 28.6884
140.9771 35.1820
136.5818 30.3192
135.8782 28.0268
136.7732 27.6885
137.1324 30.3709
136.6646 30.3503
136.5181 27.3286
139.7135 28.7587
139.6635 27.2225
137.4307 28.3306
135.9757 31.7035
137.5295 30.0687
136.5999 30.6748
135.6657 31.1147
135.7284 27.8602
141.2014 33.7280
135.8731 32.1004
135.6098 27.9442
136.9442 30.4831
135.7062 31.0395
138.3043 29.7635
137.3735 28.0002
132.8573 28.1243
138.4256 28.9698
137.8034 30.8245
132.5247 28.9534
138.5082 29.1869
145.1595 38.2954
138.5205 29.6284
136.0846 31.3074
135.9178 31.2465
137.1985 26.6834
139.7741 27.2956
146.8125 37.8824
136.5540 27.7382
141.2650 34.0435
142.7288 35.2580
137.5016 30.6516
145.1584 34.7789
137.2587 29.8909
136.2840 30.8014
136.8474 27.3348
137.6592 31.0132
135.5385 27.9250
136.0844 30.7735
145.2135 33.9850
137.1142 28.2463
136.9488 27.2116
137.3542 27.9898
136.1589 27.9847
138.7537 31.8425
137.6459 27.3450
127.5281 28.3938
136.7383 29.7510
132.3045 25.9625
136.1278 27.3245
137.6923 28.8442
133.3514 23.2978
137.6138 31.6957
141.8773 30.0026
134.0213 21.7124
128.4100 25.9119
130.9534 27.8087
137.3610 28.2651
135.0804 32.8282
142.6316 35.2418
133.3650 22.4566
126.5657 24.8336
130.9322 27.2484
137.4729 31.9467
136.1653 28.4801
152.1331 36.4573
133.0675 23.7417
124.8873 22.3280
133.2060 21.6015
132.1944 24.5263
129.8899 24.8921
139.3213 32.2699
134.3513 26.2904
133.3747 24.4055
129.2618 28.4983
139.6798 33.9963
132.8557 26.1761
123.7509 27.4866
125.7308 22.4851
137.1877 27.6840
125.5741 22.9035
138.0335 27.1017
136.2853 28.2492
133.1142 24.4454
131.2621 30.1826
136.3254 30.5947
133.6205 23.7410
132.7264 21.5738
133.3852 32.9135
139.1753 27.0703
134.0216 30.0142
136.3120 30.7836
130.7821 27.4013
139.4365 32.3354
134.1018 29.0247
130.6848 26.0929
139.9282 27.8671
130.8459 21.6552
133.3645 24.9448
132.7860 30.0671
131.9977 27.8943
124.5581 20.7537
130.9457 29.0814
131.1427 28.0425
139.6140 27.6873
120.9266 20.1297
129.5081 29.5235
130.2980 26.0541
134.3404 31.1417
134.3518 30.9128
138.5951 29.0799
140.6944 34.1688
133.8267 25.2803
138.3002 30.0734
129.0672 25.9128
131.7026 25.1883
129.1210 25.3834
131.5514 26.5484
135.4170 27.6912
134.6331 32.0611
130.2713 25.3864
128.4434 21.4898
114.7770 17.3545
121.7585 20.3666
130.6696 22.8105
124.5409 22.0949
130.8751 23.7743
126.8149 23.9836
130.4937 26.0453
133.5726 27.1003
129.1322 25.1884
129.6513 22.7384
129.0522 23.8751
133.1508 22.8216
125.5025 22.0234
130.2889 23.0029
133.5803 21.6779
125.8301 23.1106
125.8892 19.7620
129.4521 24.8156
132.9490 26.1988
124.9166 20.2958
130.9148 20.8926
129.1169 21.4307
125.1396 20.9362
131.1918 22.5845
110.8096 18.6122
132.9768 23.1375
130.3802 23.8532
128.9272 21.3358
127.9420 24.1085
130.4746 19.6775
122.6154 21.8585
137.2834 26.4649
138.8094 28.6237
132.6141 27.4536
137.3348 28.4911
120.2885 19.6264
115.7501 19.1936
129.2191 26.5340
131.6030 20.8857
127.3721 24.4506
130.2724 23.2605
127.8940 19.0408
126.0876 19.8887
124.1917 19.0819
127.6719 18.3460
127.6595 19.4019
133.1455 24.0841
128.7823 22.2127
132.1972 22.5374
130.3581 22.2654
125.8622 21.7291
133.1453 21.7679
135.7284 30.8718
135.6912 31.0956
134.6436 21.9356
139.1549 34.0342
131.7528 26.6355
137.2004 29.9097
131.3859 26.2698
132.9054 28.7645
132.0311 29.3689
137.6495 32.5458
138.2608 30.0266
141.3260 35.1443
131.9639 28.5034
133.8186 23.5933
124.4484 20.5684
130.3105 27.0128
130.5086 27.5829
137.9539 27.0909
133.7944 23.5168
140.7187 27.2374
134.0442 21.3166
135.8418 32.4838
133.7134 23.6962
127.6228 28.5095
131.3331 30.2558
135.8451 31.3302
135.9221 28.0317
136.2890 29.2765
138.2581 26.8703
132.0547 30.1062
136.1698 30.2893
139.6981 29.7886
133.6365 32.7078
135.7328 28.6315
145.2902 35.8573
134.2791 22.3024
134.4437 31.9828
135.7703 27.7652
136.6164 30.4374
131.2022 26.3278
134.3060 32.8688
135.0846 27.5954
133.6864 21.5832
136.4293 27.0728
134.2503 31.0225
135.3900 29.9552
135.2098 25.2373
136.9671 26.3287
139.9456 32.5249
134.3921 23.4739
130.9511 28.3269
134.9657 31.7695
139.3256 27.0420
137.5198 27.1469
136.2361 32.8793
137.5510 28.5395
139.4930 27.0821
139.5136 28.8624
130.4365 26.3675
136.3412 26.9461
138.1108 30.3818
139.7187 28.4014
136.3066 30.4181
140.8695 34.3010
136.3800 28.3456
134.9974 27.8640
133.7023 23.0458
131.8340 20.8885
132.5365 24.3228
138.3759 28.6596
132.5432 30.1317
139.7231 29.3225
122.8138 29.9330
132.4846 30.5623
144.4672 33.7318
142.0803 35.2687
136.9789 32.8518
131.5808 26.0359
136.8047 28.1913
130.3354 26.7110
130.6068 26.0892
138.8666 31.8348
138.0598 30.1519
135.1824 29.0092
138.2539 29.1678
130.2243 25.9977
134.7311 25.3420
126.2021 25.8307
140.1591 27.1619
135.0335 29.7195
135.3295 25.2822
136.6653 26.4898
130.7103 25.9281
128.7805 25.5556
132.8486 29.3211
133.6355 29.7444
140.3000 27.3624
136.6065 25.9275
130.8744 28.1586
134.5625 32.5963
138.9853 32.2224
128.6459 29.2123
132.9428 29.0325
136.3734 31.0938
139.5103 27.9631
135.7567 28.7023
137.4981 28.3016
132.1882 29.8826
129.5391 26.2498
137.2145 27.3507
136.3170 27.8456
134.5758 25.1551
140.1392 27.6796
135.9338 31.2977
123.8846 20.7833
131.9370 21.6204
129.0806 26.5381
133.2831 29.5038
128.0633 26.3060
137.9678 32.0813
134.4102 27.8223
136.8366 27.9267
136.0144 27.2466
131.1960 20.9623
138.0942 30.1443
131.2660 30.3314
131.8045 27.7761
140.2355 27.5062
133.2993 31.3952
129.2999 25.1005
137.1800 28.0131
136.7525 30.6591
138.4881 26.7929
133.9793 30.9169
132.3488 21.8159
134.1344 23.6764
131.1222 24.6859
123.7785 23.2090
130.4875 28.0164
135.4829 27.8533
132.8261 26.0247
139.7098 27.5270
128.3198 25.5899
136.3432 31.2271
130.7591 24.4648
131.6358 28.6144
132.3956 20.6532
130.4338 27.9543
135.6615 27.6477
131.7434 27.5656
142.1080 35.6205
147.0131 36.7632
139.4130 33.9377
144.4823 37.1475
140.4082 34.0526
139.7046 29.3508
131.9804 28.0805
151.5211 35.6948
136.5640 30.6093
135.6280 32.1709
140.0763 33.0336
139.2522 34.8871
139.5385 28.4855
139.9414 32.1068
135.4058 32.1988
136.8610 30.3475
138.3376 27.8809
133.6950 24.1408
135.8010 31.3543
133.9765 21.7634
144.3329 37.8236
136.7749 30.8203
140.2182 27.9533
136.8438 30.4935
132.9498 32.0120
139.4968 28.6227
144.5429 37.1551
144.8859 35.3000
139.8357 29.2519
138.3437 32.2518
139.7066 27.6938
135.2390 32.6475
134.9324 31.3714
138.0937 33.8852
145.9180 35.3576
146.2256 35.0168
135.4814 31.1763
137.4608 27.4119
121.7860 23.8974
144.5330 38.4152
130.7755 30.0040
140.8637 34.1250
139.4315 29.4226
143.0660 32.7781
152.8356 36.9465
121.2888 32.5412
145.8236 34.0793
139.9245 27.4733
136.2576 28.0495
140.2280 27.8442
136.1099 31.5324
143.4106 38.1843
135.8018 32.2775
134.7559 31.7158
137.8431 28.2347
135.7516 32.6364
152.4456 35.5304
139.4256 27.0821
137.5623 31.3247
140.7320 27.2653
139.1846 27.0636
136.0895 32.6835
138.7962 26.8214
133.5185 32.5093
140.1920 33.1857
137.2668 28.6993
140.9717 34.1909
146.8536 35.6812
138.6826 27.0734
139.7701 33.9968
144.6138 37.5680
151.9926 39.6213
136.7309 27.2068
136.9889 26.4956
138.9791 34.2027
158.1156 32.0337
137.2020 26.5975
137.1553 33.6121
133.5144 31.8315
137.0618 30.0611
135.9114 30.9071
131.4665 30.5502
139.1723 27.2669
137.0223 26.5903
152.4383 35.5816
127.2448 27.9007
141.2674 33.5567
134.5168 31.4175
134.7651 28.1247
133.9910 28.1067
134.0149 31.5354
129.9709 27.0389
132.9375 28.0366
133.9609 28.8189
135.1955 31.2934
134.5526 28.0713
138.6228 28.6742
134.6540 28.0731
138.5666 28.5686
130.2133 27.2317
141.1003 34.5034
134.7653 31.1874
135.1571 28.6674
136.8081 29.0852
131.9283 29.9044
132.6647 28.0929
132.4915 28.4540
136.2436 29.4266
149.7124 35.8927
130.6494 28.0574
136.9867 30.5268
134.2822 28.1474
131.4396 25.4012
139.8876 27.4958
133.2588 22.0288
138.8992 29.4723
134.7724 31.2313
124.3413 22.5799
131.0341 26.2916
134.4024 28.3852
134.2767 33.0279
133.1227 21.7284
138.1376 32.5199
124.3309 24.0184
130.8433 25.5030
136.4767 26.8505
133.0692 32.5158
137.1792 29.5683
136.0513 32.1733
142.3104 35.8233
141.2050 34.7312
134.2820 27.9509
132.3083 28.4730
136.6096 28.4626
132.8890 21.6528
131.6723 25.9941
139.3868 27.6774
133.4575 32.1676
134.6423 28.1098
129.7489 26.2680
141.2488 34.7679
140.5475 33.8044
133.0569 28.0079
132.6337 21.4095
141.1914 34.8968
137.0400 28.8682
136.3423 27.1139
135.7527 27.8507
129.6725 27.0589
144.0109 36.0365
131.2565 28.2444
138.3610 31.8697
134.0506 24.7729
131.1518 25.4860
141.0542 34.7764
139.0525 27.1350
137.7430 27.9918
132.6539 24.8026
134.7983 27.9678
133.6424 32.0687
132.2642 25.3000
130.5876 25.1741
130.7647 25.7705
141.9509 35.0059
136.1650 31.2433
133.6149 30.3078
133.2288 22.0685
133.8291 30.4136
133.8605 23.7117
133.6428 23.4198
138.5859 29.0394
133.3636 28.0219
140.0861 27.7770
134.3400 32.3133
132.1122 21.1951
135.7300 32.4625
133.0641 21.9564
129.8063 26.8613
147.9604 37.8453
134.9281 31.3080
132.5358 28.1157
134.4689 28.0436
132.1347 24.2769
130.3554 25.2590
136.0695 26.7248
139.4592 28.5612
136.0977 32.9513
137.1737 26.3606
132.8107 21.6903
132.3398 30.0123
135.9110 28.9544
129.4550 29.3865
138.0140 30.1075
131.8721 29.0952
134.3605 31.6720
133.1763 23.9000
131.6079 28.1913
131.1882 28.5014
137.2990 27.3124
127.5674 25.2803
130.6056 27.9225
129.9377 27.5971
132.8168 30.2421
130.0531 25.7652
137.1145 28.0928
133.5382 32.6680
136.9022 25.9951
133.5325 26.0133
131.2514 27.1771
131.1780 25.7433
133.3668 30.5571
139.7849 27.8867
126.7230 27.0242
131.3664 31.1240
128.8792 25.6330
137.3833 26.9689
138.3033 30.0095
134.0384 27.3131
127.8036 28.8995
125.0530 23.6448
133.4380 31.8400
133.0884 22.9046
128.8334 25.3493
133.1805 22.0525
129.9492 27.1008
139.6349 27.7840
129.0553 25.3235
131.4049 26.5231
129.6802 26.8733
133.6410 31.5155
131.4671 25.2081
138.7664 32.2679
138.6368 28.6950
134.7961 25.7189
123.8566 21.5089
136.5431 25.5149
130.1632 21.9566
125.4799 24.6268
126.4342 24.7654
138.4323 32.0003
135.1723 29.0054
137.4612 28.0963
128.4068 25.2454
133.5492 24.3105
136.3580 27.4194
138.5364 26.8949
134.0130 31.1260
132.8095 30.5165
135.6866 32.6924
135.5317 31.3180
139.9507 27.6616
130.5912 24.8241
142.6078 35.3336
138.9346 27.4023
134.6393 27.8439
136.3314 30.5094
130.0777 26.6328
138.2085 28.9949
136.5998 28.4457
136.8744 26.5187
140.5811 27.2297
135.0032 32.7583
133.2151 30.5800
129.7418 26.0836
136.8815 27.0109
133.7425 22.5536
133.0795 21.7131
140.4561 33.8504
137.6479 27.3417
136.6239 25.4387
137.8305 32.7544
125.2888 23.3962
130.1822 26.5292
132.9971 23.4371
133.1872 31.5077
130.2792 27.5943
139.7290 27.3926
134.3168 28.9609
136.4500 29.4798
131.7437 29.1802
130.7512 24.4866
138.4833 29.0673
140.0456 31.3832
144.6665 34.3827
130.3310 25.9199
135.5886 28.1319
134.1172 28.1896
128.7475 27.0928
133.4537 25.5499
139.9767 32.8810
133.1936 31.3283
129.7383 27.1614
139.2984 33.5724
133.9186 30.0366
134.9608 28.0656
135.5205 31.7873
130.1504 26.3949
132.3763 26.1019
135.9859 31.4341
151.7392 35.6608
135.6251 31.8861
132.5794 29.5288
136.1912 27.8789
132.4695 28.0605
128.7706 25.3861
139.8397 28.5869
131.6920 28.5736
137.3581 28.4783
144.9814 35.5933
130.2989 26.0652
137.6811 26.6678
135.7959 27.8058
134.5633 32.1788
138.4055 29.4441
132.6925 21.7264
139.6446 29.1302
131.2764 28.7803
131.9294 28.1579
134.4347 31.4962
133.3528 29.8405
132.9308 21.7764
133.2446 32.2836
124.2270 23.9349
136.7929 27.6183
133.1890 23.4151
130.4509 26.3409
139.2051 30.1236
138.7018 32.1984
132.8060 28.8321
137.7052 27.9600
138.6301 29.6525
131.1476 25.6548
135.7912 27.3239
137.0740 26.0398
133.4763 25.1282
139.2798 27.0201
132.2558 21.3714
138.1477 28.9215
139.4687 33.2608
133.8624 30.1645
130.8289 25.4582
136.1992 30.2480
139.2224 27.0671
139.3533 33.5574
133.0891 28.7592
124.3463 23.4342
136.4992 29.0200
133.3776 29.9382
132.1554 21.2927
139.2961 34.0561
135.9881 31.4039
129.6462 27.3122
132.9011 31.4848
132.3209 28.4537
133.5181 23.9526
134.7934 25.6502
130.3311 22.5199
139.4922 33.8177
138.3244 26.9403
132.1840 21.3036
135.9017 31.3372
136.5870 26.1297
139.7344 30.8974
130.1367 27.1494
138.2428 28.2685
123.9619 26.5386
128.9090 29.6758
124.0292 21.1987
135.6130 31.3841
130.5700 24.9797
139.3782 29.5734
126.9910 26.9461
133.3070 32.1035
133.0620 22.1011
137.4545 29.8930
129.8042 25.1144
136.5413 27.9163
132.9594 30.5059
128.9967 29.2504
126.7494 26.6508
131.6046 26.2941
132.1828 28.2660
132.4629 28.0208
130.6366 26.7328
132.4404 28.8703
139.4243 28.2204
132.5312 28.5438
137.6689 26.3830
132.9390 30.0847
131.7579 24.6552
139.7728 27.2745
137.3279 26.5268
138.3945 26.9782
132.8560 30.5028
133.1842 32.1857
133.1926 28.7693
132.0930 29.1604
133.0900 31.2673
139.6595 28.1014
132.6748 22.1042
128.5396 25.8379
137.7150 32.4660
129.4682 29.4610
132.4345 21.4829
134.7245 26.1204
131.3728 28.2309
135.6751 27.4834
144.9170 36.1052
135.8291 28.5726
124.2721 22.3261
132.9907 23.7458
131.6108 28.0306
136.5924 27.5794
132.8971 30.6988
131.4758 24.8021
136.8258 27.5134
133.0661 25.9647
129.2636 26.5045
138.2934 29.7362
133.1140 21.2626
124.5025 23.5424
136.0362 27.3536
139.7345 26.6436
128.9821 25.1237
137.8469 31.4701
131.3376 25.4249
133.0555 23.9106
131.6090 28.1892
129.8537 27.2074
135.8590 31.1983
139.5855 27.1706
130.0778 25.5546
137.6360 28.1221
132.9283 21.1398
133.0290 29.2887
125.5945 24.7018
135.3458 27.7375
133.8580 32.1521
137.7174 29.4841
132.7295 21.3639
137.4895 26.3955
135.8876 32.1881
129.8184 25.0010
139.9594 27.4675
133.6228 29.3134
129.8361 29.8809
130.3424 27.4800
134.9538 31.7156
138.3208 31.8551
137.5386 26.8895
136.9254 26.6382
134.6793 30.9457
133.5215 20.9575
131.8658 22.2783
123.3681 22.7778
132.1053 26.3862
137.6028 29.7643
131.3975 27.3785
134.6780 29.4864
123.6164 21.7083
132.1863 21.0822
129.9397 27.0869
136.1351 27.5541
131.7761 22.4880
124.5878 21.4881
137.8073 28.2149
134.3396 29.7218
136.6032 26.5717
136.5449 27.8425
130.3233 24.3661
137.4439 27.8900
128.9773 25.7563
138.2805 26.9136
132.6859 29.8895
122.7687 23.4313
132.9933 22.1537
129.7926 26.2881
136.0434 32.0764
124.5291 24.3467
130.8639 30.0495
132.9029 23.4102
133.8787 24.9875
136.9584 30.1834
134.1504 31.8011
134.3455 24.4678
131.1418 25.9187
134.8993 29.2427
124.6403 20.5434
129.9182 27.1305
139.3195 26.7132
130.5246 25.5826
128.0987 26.8827
138.8919 28.7267
139.6769 28.3166
130.0226 25.4630
137.0158 25.5612
139.9850 27.1005
137.4837 26.8671
134.6983 31.1024
134.8815 29.1613
137.4553 32.5707
138.9213 28.4189
137.4055 25.9570
134.5166 31.8887
133.4866 27.9701
130.1277 27.3415
133.5842 23.4873
129.9845 24.6459
133.8079 21.1825
132.4861 30.0847
137.1397 27.8407
130.8074 21.6611
132.5750 24.7074
134.5949 31.9441
137.2012 28.7020
131.1529 27.7045
136.9665 30.7536
128.6357 26.6711
131.7210 21.1317
132.0258 28.9885
135.1230 28.5821
136.8504 27.3841
135.8896 31.0948
135.9547 29.0481
134.9177 26.4960
135.9735 29.1869
131.4714 24.1001
136.0504 33.1010
128.7989 26.6593
130.9637 28.1150
138.2124 27.5187
136.5362 29.5290
134.7877 31.9452
140.1108 27.6617
139.8266 28.1814
131.9918 21.1953
137.0413 28.6646
134.7377 27.5973
131.4478 24.3307
136.5172 27.7385
134.4174 29.5315
134.8413 27.7787
136.5070 27.3459
132.6386 29.6724
136.5290 26.1144
135.5106 27.4433
137.4880 30.3405
136.2711 25.5631
135.6683 30.4788
132.0782 28.2812
130.8381 26.6376
132.0421 29.2969
132.2899 29.6866
130.8696 27.3134
136.2737 27.4291
132.8768 24.8895
136.6209 26.2041
133.5374 30.0775
136.3193 27.1353
123.2838 21.1482
138.1241 29.9271
139.1275 26.9837
130.8002 26.6632
130.3633 27.6654
138.1227 29.9273
134.1175 29.9563
133.5462 32.6347
139.3328 27.5906
131.5717 26.4217
138.3820 26.8039
123.0685 20.4922
140.0099 27.7562
132.9549 22.5537
137.5917 29.6325
140.0517 27.6095
131.4314 27.7695
130.6863 24.6972
137.2342 28.1322
135.1138 26.3821
139.7052 27.9657
134.0407 31.0255
134.5338 30.9019
137.0715 30.6814
133.1051 29.7337
134.2545 28.1507
132.0765 24.7531
139.6220 27.1930
139.9022 27.2146
132.6552 21.8911
136.0280 27.4897
135.9349 27.8277
128.1065 25.2097
128.5371 26.7836
133.2824 29.4462
133.8711 31.7860
135.6513 29.0869
136.0636 32.3655
136.1456 27.3349
138.2700 27.0152
132.9232 28.9922
131.4983 28.5590
132.9135 22.7839
138.0828 29.6304
132.8630 28.6608
137.8840 28.2689
135.9926 31.1972
136.8521 29.8057
137.4733 29.2377
135.4359 27.4959
130.9192 24.3723
137.3310 30.2188
134.3682 32.4158
137.0225 28.0047
138.0259 27.2899
131.5431 27.9722
142.6424 35.4178
137.0325 27.3622
135.7143 28.5608
136.5866 27.6292
131.5851 26.1724
133.1830 29.3292
129.8053 27.1916
137.1396 28.0142
129.5093 27.2073
131.0487 28.1360
133.1183 31.4710
123.0609 22.6140
133.3896 29.2106
133.9156 27.7803
137.5751 28.7236
134.7442 27.5569
133.0544 22.9638
139.9802 27.5682
132.3064 30.1219
134.5270 27.7711
134.6108 30.9730
137.6381 28.0526
121.5445 27.1649
132.0448 22.5363
132.8678 20.7449
133.3223 23.2920
135.0266 27.8911
130.1161 27.2572
139.8723 27.6235
125.3649 23.7161
132.4790 21.6938
149.4157 35.7741
139.5352 32.2912
133.4357 24.0710
133.9066 21.2805
137.0634 26.4414
135.8463 29.1455
134.6021 29.6286
129.2034 25.4320
132.2304 20.6832
132.2898 21.8512
129.0561 29.9010
135.9033 28.3111
129.0494 24.4034
129.8295 26.0907
130.3310 16.9127
132.3208 30.6906
141.1572 33.7674
136.8905 30.0680
131.3796 21.6625
138.4980 29.1161
136.4504 32.4677
129.0114 25.2023
131.9972 21.8799
130.5683 22.5641
132.1047 21.5497
124.0854 19.8822
131.2419 26.9653
137.6620 28.4672
132.8099 22.9138
130.8357 25.3568
123.6511 22.7172
132.6639 23.8466
130.2674 27.1970
124.7348 21.9142
133.5348 29.3300
133.0843 24.0988
125.2464 22.8107
132.2025 22.1888
138.7798 27.3044
135.4805 32.9699
132.5378 29.6335
131.4806 27.1123
136.1350 30.9935
125.8524 23.6347
134.6302 31.4751
131.4335 24.8483
132.2141 29.7231
128.3045 30.1701
133.8569 25.7713
130.5242 24.6045
122.0358 23.7265
119.8108 20.8568
136.6293 30.8684
146.7529 37.8045
136.6285 30.4253
133.8651 32.8841
133.1683 27.9476
136.5334 27.3648
141.7560 35.8090
137.8584 27.0707
139.7257 33.4652
136.0292 27.7357
139.6380 30.0188
139.6736 29.6287
136.0587 31.3834
139.0818 31.9956
139.7025 28.4324
137.7559 27.1813
137.6987 27.0176
137.0777 27.6774
137.3244 30.8944
139.8925 33.2677
142.8730 36.3762
138.6328 31.9660
136.2769 30.3768
134.8340 32.5922
136.7327 30.4366
137.5734 27.2854
145.8261 36.7913
139.4101 33.2702
136.6983 27.4790
144.8045 33.9542
139.5092 33.4900
139.7497 32.7186
136.6270 27.7726
146.1650 35.5296
138.3547 29.1270
138.6384 29.0138
137.8606 33.5912
147.1032 37.8487
136.6971 30.6221
137.9876 30.5447
137.1284 26.5922
139.4337 33.3570
141.1957 35.4931
137.8635 33.6326
146.9716 38.0234
138.6771 29.2683
139.5759 33.4160
136.5065 27.1374
145.9615 35.8065
139.9365 28.0354
139.7103 27.2834
137.8495 27.1306
136.1366 31.2910
138.1216 28.2878
139.8926 33.1375
136.4105 27.5101
144.5087 39.0220
136.9302 30.2427
145.7366 34.9801
137.7856 29.7882
138.5443 29.6673
138.6205 31.9503
138.3513 29.4793
144.8663 38.5965
149.8394 35.7491
147.4398 35.1459
141.0703 34.1235
137.8738 27.0303
135.6331 31.9084
139.5602 29.4107
135.6410 31.4363
146.4022 35.2599
144.2661 38.3962
136.6003 30.3073
135.7566 32.6766
137.4541 29.5741
137.3958 29.9460
134.3212 32.8242
144.9226 38.9081
130.6877 26.3310
139.0300 27.0361
151.6906 35.7600
136.5004 31.1648
144.8914 38.5954
136.8623 31.3427
141.0956 36.1427
140.5290 33.2063
139.8549 33.1893
146.2829 35.2233
145.9084 34.9304
137.1997 30.4575
138.4568 28.7236
136.5475 27.5789
138.5364 28.7582
136.6479 27.9792
139.0098 27.0327
146.0982 35.2360
144.9256 38.9417
139.2259 32.4760
139.0769 27.0354
138.7745 32.0965
139.9785 33.2787
135.8085 31.4660
139.1770 32.5368
143.1810 35.2633
139.6028 29.2534
135.6045 32.5461
136.1404 27.7196
137.7940 33.6529
140.8282 33.1598
135.9814 32.3896
143.1704 36.1975
136.0527 27.7881
140.2334 33.1706
138.2539 30.2326
144.6031 37.1555
140.6692 33.1405
146.9210 37.6758
136.9623 26.3304
137.7723 28.7831
139.0879 31.7422
138.2372 27.0631
136.0748 27.6088
140.0579 32.7341
135.3887 31.3743
137.2908 30.3430
145.7753 35.1268
136.1274 27.9316
136.1406 31.0186
139.2108 27.0861
142.8510 35.2896
136.0541 30.5305
139.4092 33.6917
136.7590 27.5152
133.2467 32.1695
136.5083 30.1695
137.0636 28.0219
139.6334 29.2226
134.5748 33.4496
136.3099 27.4895
135.5367 31.6246
144.8802 33.3780
137.8126 33.8173
136.6035 30.5445
139.3359 34.9222
136.6354 31.3048
139.3371 33.2551
142.2899 35.5092
135.7975 31.2611
140.7055 33.9565
142.1496 35.3406
146.8654 38.4874
136.8156 30.8536
136.0583 27.7853
141.1787 33.8030
138.6866 27.0740
137.0273 27.6223
147.3679 38.4706
134.2626 32.9459
135.9717 32.1810
138.7857 32.2652
135.9576 30.6661
137.7847 29.8038
138.3699 28.6818
136.0145 33.1961
139.7006 28.2401
140.2884 33.0549
137.7492 28.7810
135.8580 31.7856
140.3709 34.7716
137.1146 30.4367
135.9934 31.5967
136.0009 32.0725
137.3592 26.5740
140.9438 33.5024
145.9520 35.8840
139.6264 29.9990
138.4242 29.3903
136.1685 31.0096
135.8686 27.6668
145.8131 36.7306
135.9311 31.5757
135.8527 27.7567
137.0741 26.4483
144.6959 35.8006
139.5838 28.7649
146.2172 35.2114
139.7914 28.1246
137.8806 33.6615
139.5609 33.4344
146.5249 35.2805
137.9690 29.9881
143.6283 36.2888
140.3115 34.8508
137.7408 28.7283
136.4684 27.4740
143.5898 36.9338
136.4646 30.5400
136.4075 30.8833
132.2809 28.0397
136.6896 27.4871
135.6438 31.1923
135.5830 31.5170
142.1767 35.4185
143.9224 36.4171
136.5011 27.7576
138.7558 27.0364
139.3185 27.2405
140.0533 33.1177
136.8283 30.3020
136.9352 29.8390
146.0596 35.3736
146.4612 35.2182
136.9841 30.6540
133.2809 31.9419
135.8304 32.6614
136.9303 30.2702
139.6381 27.2565
151.8310 35.2239
145.9625 37.9575
136.7869 30.3225
137.8748 27.0619
140.2911 31.5860
135.7158 32.2215
136.6169 30.5078
138.4483 29.9218
139.1426 27.2380
136.1412 31.9188
135.8643 32.1433
136.3337 27.6850
138.2608 29.4531
140.1116 32.9558
146.3259 35.2954
159.6325 36.1886
150.4394 38.7573
138.5433 31.8991
140.8297 34.1090
137.1402 31.3029
143.3483 35.4696
135.6194 27.7284
136.8818 30.3941
141.0965 33.6147
144.8692 33.4315
146.4244 35.2495
138.4581 28.6840
137.3346 27.0642
135.8561 32.1556
136.1732 27.5507
138.4406 27.0308
139.5413 28.7967
137.7764 27.3242
139.9987 33.2309
141.0080 35.8412
149.2925 36.3823
140.1206 33.1211
135.2909 32.7745
137.8983 34.0527
137.2806 28.6209
138.1003 27.0716
136.6611 27.7333
138.5201 29.5402
138.5737 27.0448
144.7299 35.7584
139.5174 27.4691
136.9280 27.2494
137.6121 29.9229
137.0298 26.5574
139.4046 27.0742
137.2307 28.1823
145.4200 36.7910
137.0456 30.1101
140.5782 33.3740
137.2215 26.9877
140.2673 33.1072
136.5151 30.1798
139.8929 32.8063
139.1638 27.2600
139.1254 32.0876
137.8173 33.5806
136.8917 31.3990
146.5731 35.4344
136.4766 31.4266
139.3545 33.0701
138.9127 27.0803
139.8819 33.1951
139.8117 28.0367
