135.3333 30.9558
136.1305 29.4960
136.5929 30.2164
137.7919 33.5392
137.0225 32.5305
131.8204 30.2741
131.5838 29.9788
135.9321 30.7890
137.7329 30.2497
128.5878 28.0065
136.9636 31.2056
136.1027 32.8626
137.3466 29.1918
135.4886 30.1613
137.7214 31.0749
135.5720 30.7908
135.6573 32.9432
130.9951 29.8895
131.2886 29.8444
138.3100 30.5294
131.8244 30.1934
133.7657 32.6546
135.6169 32.9885
136.9894 31.2528
137.4054 30.1498
137.4487 30.9350
132.7183 32.6197
131.2036 30.1569
136.3324 32.7228
137.0511 31.8126
136.7204 30.0622
137.9556 29.1485
137.7441 30.5267
136.7585 30.3721
136.3312 31.9224
137.7992 29.7327
135.5896 29.4404
137.0839 29.9306
136.5286 31.8855
137.0207 33.4504
135.7042 30.8160
137.2701 30.4372
137.6064 30.2217
136.4151 32.1595
137.2974 31.3651
132.9194 32.6298
135.2966 30.7036
129.5995 27.7129
136.2417 32.2734
136.4753 30.3897
136.4731 32.5688
137.9096 28.8909
136.4279 32.1367
137.4034 28.9665
137.3085 31.6110
131.3985 29.8370
130.8992 29.6182
137.1073 30.8920
135.1963 29.6498
135.9809 32.3620
135.3120 30.3571
137.0375 31.7749
137.9426 29.7525
136.5598 28.4004
136.9784 32.1234
131.7049 30.0189
131.6290 30.7252
137.0567 31.6137
135.5948 30.0412
137.2252 30.2572
138.0088 30.5682
137.7982 30.7621
131.1563 29.9874
137.2249 31.5916
135.9865 32.0231
131.1596 30.2572
136.6659 30.1567
137.6631 30.7123
135.5042 30.8273
137.0830 29.5541
137.2083 29.8382
135.8490 32.6808
135.8117 28.7924
137.4317 29.5337
131.6264 30.4492
135.7811 29.4716
137.6178 28.6834
136.6071 32.0745
136.5010 30.4068
137.6109 30.7959
137.2657 28.9907
137.0042 29.6720
131.5131 29.8597
135.8372 32.5159
131.3396 29.9069
128.7240 28.0116
137.6878 30.8277
137.9208 29.4608
128.8074 29.0508
135.9982 32.1295
136.3131 30.5647
138.1732 29.8447
135.8092 32.9898
138.0030 30.5722
136.7537 29.6980
135.9314 30.7883
137.2159 30.5660
131.8815 30.0069
137.5459 30.7367
136.0591 29.3637
137.0328 32.3873
135.5405 30.2603
136.7839 29.7769
137.6549 30.1210
135.1190 30.7627
131.0975 29.7972
135.9532 30.8296
137.6427 30.4631
137.5130 33.9797
134.5506 32.2200
137.6435 31.8816
137.5967 31.7392
136.6277 32.2848
136.7950 30.0857
136.8677 30.5598
131.6370 30.3511
131.0493 30.1126
137.8727 30.2432
136.9719 32.5550
137.9645 28.9168
136.9638 30.1755
135.3819 30.8861
138.2334 29.7434
131.9571 31.2130
130.9649 29.7135
131.0258 29.7614
135.6124 32.6498
129.7510 27.5451
136.9081 32.0620
137.3783 31.3311
136.5251 30.4805
133.9324 32.4387
138.2891 29.7943
136.6277 31.8495
137.7664 30.3367
135.6882 30.9446
137.4411 28.9106
136.1696 30.6278
132.8004 31.1073
136.0278 33.0251
136.0673 31.9279
136.8395 31.7990
131.0348 29.8985
136.9000 31.4619
136.9486 29.8997
136.4749 28.4511
136.3839 30.0262
137.0055 32.4022
136.2031 32.1884
131.5863 29.9729
131.6593 29.9368
131.2431 29.8945
138.2335 30.4693
131.0645 29.7618
136.0234 32.1441
131.3247 30.2133
131.4694 30.5347
128.9832 27.8380
131.4918 30.0161
135.3787 29.7481
131.3084 29.8851
136.5521 31.8529
136.6125 29.5952
130.9938 29.7535
137.7334 29.6091
138.1457 30.0725
137.4832 32.8743
136.0406 32.7146
131.1183 30.0781
136.9144 32.6203
130.9340 29.9750
137.9722 30.2934
137.7455 29.3148
135.7357 29.5130
136.2240 32.9691
131.0064 30.0456
137.7716 29.5715
134.7709 30.8772
131.0028 30.0788
130.3508 28.2278
136.9447 31.9395
135.9077 32.8149
135.6198 32.9222
135.9802 30.8151
137.2044 31.0447
137.1269 29.4081
136.9482 32.2403
131.6567 30.6890
133.2887 32.4561
135.6226 30.4142
137.5984 30.4103
130.9412 29.7734
132.4700 31.1972
137.8131 30.1959
136.0352 30.5645
137.0879 33.0410
137.4887 31.9154
137.5329 29.3495
136.4504 32.3326
137.2182 29.2809
137.6299 30.6227
136.0190 32.7820
137.2953 31.4093
131.7376 30.8549
131.5117 29.8700
138.0797 29.3635
137.2478 30.7098
131.4440 29.7797
137.6994 30.5671
138.1939 29.6566
136.1956 30.6184
134.4371 32.2363
137.8990 29.3478
129.0419 27.9980
138.6948 30.0407
136.9032 30.0232
135.0105 29.5805
137.5868 30.4746
137.8245 29.9596
131.6199 30.7150
137.0829 31.7048
137.0733 31.2688
137.5244 30.7652
131.9790 30.0781
136.8594 32.2007
137.3413 30.1430
136.0246 30.7972
137.6255 30.7188
133.1680 28.4083
137.4912 30.4094
134.1101 32.3921
135.9857 32.3523
134.3625 32.1991
137.1421 31.7765
135.9931 30.7411
137.3315 32.6833
134.4098 29.1137
137.8598 29.7054
136.4793 32.1402
137.1601 32.7848
136.9436 31.0701
135.3908 31.5244
137.5255 30.9188
137.4886 30.1811
131.3778 29.9728
131.4671 30.1336
137.8536 30.1765
128.5606 27.8817
137.4668 32.1711
138.2242 29.3017
136.8626 32.3598
136.6066 30.2025
131.5589 29.8990
134.4577 29.0706
131.2291 30.1017
137.3657 33.1033
132.0114 30.0965
135.8328 30.9048
136.8685 29.9139
132.0269 30.4808
136.9056 30.3350
137.4056 33.0997
136.6129 29.6398
137.0632 30.7734
137.6524 30.5942
132.1282 30.1567
131.4346 30.0680
137.4384 31.2795
137.9581 30.0959
137.1842 31.1983
137.6441 30.4084
136.8849 32.1247
137.0131 31.9769
137.8168 29.2787
135.9140 32.6184
137.0837 31.1288
138.6612 30.2562
130.8419 29.9350
136.8890 30.8495
130.7794 29.8218
135.6066 30.8575
138.2954 29.6176
136.9520 30.2464
136.4219 31.9937
136.8873 29.7411
131.7941 30.2129
136.9207 31.1757
135.8761 29.5852
138.1331 30.8655
136.8049 29.6794
135.9646 30.8165
136.4551 30.3570
135.1486 29.0705
135.7393 32.9292
136.0774 32.2709
137.5665 31.1273
137.4711 33.3141
138.5440 30.2863
137.6882 30.5952
136.9141 29.6091
137.8304 30.3600
135.6266 30.1537
137.1877 30.4025
134.7848 29.3634
135.0192 30.9284
131.3463 31.0701
131.6186 29.9858
137.1737 33.0437
131.1976 29.8691
137.0411 30.9456
131.7047 30.6871
137.2017 31.6759
137.8392 29.4720
131.3971 29.9111
136.7600 31.2203
135.6464 30.3298
135.9696 32.2294
137.6774 30.4281
134.7917 29.3253
137.7162 29.7041
137.5345 33.1008
136.8528 31.7479
131.4585 29.8702
137.6534 30.1004
136.8235 29.7385
134.9400 29.0534
135.0298 30.8673
136.3252 29.8938
129.7167 27.5020
137.2131 31.1500
132.1129 30.9624
136.9797 32.0447
137.4203 29.4779
137.4126 29.6159
137.5623 30.0093
131.9812 31.1546
137.8541 29.4552
135.9415 30.9376
137.2858 31.2390
138.0289 29.5949
138.0326 29.5997
137.2757 30.8890
131.7733 30.9672
135.1080 31.2428
137.6816 30.7463
135.9576 32.6484
136.0689 30.7809
137.0574 32.0892
128.9375 27.9077
135.6716 31.0509
131.6994 29.9415
138.0201 30.1346
136.2325 32.6066
136.9106 29.7945
129.2845 27.5437
137.0194 28.5485
136.9454 32.0478
136.8695 29.8799
135.4642 30.9031
136.8501 31.8213
137.1385 29.7935
137.5814 30.2519
136.9265 31.1333
137.0374 31.7691
137.8493 30.1738
137.7777 30.4072
138.2580 29.4204
135.6871 32.8216
137.1955 29.3989
137.4493 30.2666
136.0430 32.1831
131.3120 30.0315
136.9673 31.6666
128.2878 27.5577
132.3851 31.3726
132.0041 31.1342
137.2567 31.0955
131.4512 30.4754
137.9413 29.6270
130.5411 29.8415
131.1532 29.7916
137.3402 31.4389
137.8687 30.1525
136.5032 31.8894
137.7422 30.3083
137.1201 29.6941
137.1378 31.0370
134.3188 30.9090
130.1895 27.9126
137.8388 33.9211
136.9217 31.6671
131.0423 29.7629
137.1675 30.3691
137.8868 30.5721
136.7927 32.2220
135.8650 29.5086
136.8781 29.8719
135.9527 29.8360
135.5071 31.2480
137.0804 31.0338
135.2652 30.8868
137.2973 28.7950
138.0379 30.0729
136.7340 31.9608
135.6456 30.9663
137.6857 29.6428
136.9529 29.0519
136.8158 30.4274
131.3490 30.4058
135.1853 30.5353
135.3515 29.6292
137.6646 29.8636
137.1508 29.8294
137.6206 30.7391
135.8842 30.8764
135.9223 29.6584
137.0932 33.3181
137.7230 30.0040
131.4401 29.8450
136.8044 31.8823
137.7168 29.3615
131.6210 30.8622
129.1035 27.6090
138.0408 29.8567
136.9381 29.7199
136.9996 31.6255
133.0977 32.6197
132.1017 30.1481
136.5176 30.3127
136.8839 32.1674
137.0142 29.6748
138.2144 29.2045
132.9805 31.5022
137.7682 30.6406
138.0717 30.2202
131.5309 30.1343
132.2764 30.3363
137.1498 31.5304
131.4247 29.8374
136.4602 32.5002
133.7513 31.2813
137.7342 29.6939
134.7785 32.1123
131.2977 29.8785
135.5564 29.4328
136.9565 31.1224
135.9438 30.8683
137.0010 30.7270
136.0835 31.8388
137.6989 34.0202
137.9733 30.2896
138.3363 29.6488
131.3108 30.1330
131.1076 29.7290
131.1169 29.8058
137.4305 30.7391
137.5332 30.3654
137.7348 29.1067
131.1051 30.7307
135.5989 29.8751
136.1341 32.8162
137.3927 33.9641
134.9705 29.5498
138.2531 30.5368
134.0692 32.4173
136.9838 29.7600
131.7797 29.9710
137.3167 29.5130
135.1567 31.6795
137.4133 32.9559
136.0077 29.4374
137.4982 30.4847
137.2025 30.9817
134.5763 29.2668
136.5094 32.6513
128.6468 28.6472
136.2235 32.1162
135.7921 30.9476
137.3313 33.7802
136.4854 28.4255
137.5610 29.3150
137.4409 30.9318
137.1179 29.1450
135.5688 31.0612
137.2446 28.9298
137.8800 33.7617
132.0042 31.6439
136.9933 31.0643
136.8894 29.2317
131.5007 30.9000
136.9413 33.3910
136.2486 30.7496
135.5970 29.4935
137.9308 29.2165
136.7372 32.5244
137.6567 33.3829
136.9784 31.5583
137.8313 34.0439
135.4408 30.8962
137.7466 29.3274
128.4609 27.9106
131.3807 29.8726
137.7466 30.4333
137.4936 29.4390
135.9819 30.8724
137.1682 29.6591
136.8097 30.0338
137.4525 29.9382
137.7424 28.8578
138.2089 29.7079
137.1827 30.9498
137.5137 28.8453
131.2625 29.9346
135.8517 30.8453
137.3418 29.9061
135.9355 29.6429
136.0569 30.8652
136.2080 31.9428
135.9440 30.8378
137.8065 30.0964
134.7021 29.1305
137.6865 29.3878
128.3723 28.3060
136.8827 31.0716
136.2292 32.3774
131.3114 29.7818
131.4520 29.9429
136.9412 30.1948
136.0708 32.6265
137.1939 30.1669
136.1991 32.2021
138.0343 29.6076
128.9754 28.7781
137.2762 29.7971
138.3858 29.9889
137.6163 30.5053
137.3739 30.5914
136.1400 32.5073
137.9630 30.1672
136.4753 32.0365
138.0542 30.3484
131.5690 30.0149
136.9962 29.7591
131.6236 30.2661
131.9165 31.1218
135.2932 29.1067
137.4317 29.5068
131.3466 29.8602
129.7797 27.5692
136.1656 30.7889
137.7825 30.5883
137.4342 30.7282
137.0665 29.6561
137.7199 33.9084
136.0244 30.8000
136.9570 29.5547
136.1284 30.7624
136.9395 30.1845
135.9056 30.0162
138.3243 29.7734
138.1806 29.8016
138.1769 29.6173
129.4252 27.2615
130.9380 29.8161
133.0674 32.4975
136.8404 29.9517
136.7126 29.7307
136.5720 32.0766
137.4758 30.6378
136.1316 32.4583
138.0393 30.1858
131.0371 29.7655
137.9600 30.6854
131.1133 29.9456
135.2123 29.6191
136.4121 30.5325
131.0981 29.7865
131.2209 30.0618
133.9759 32.4806
136.1547 32.6015
137.5052 30.0377
131.3901 29.9443
132.4509 32.3728
137.2822 29.6955
131.0832 29.9796
131.9979 30.7951
131.3377 29.8173
138.1363 29.5424
137.5726 29.8583
135.9520 32.6771
131.8002 30.3753
129.0392 27.6686
137.6634 30.7592
131.7335 30.2467
137.2220 29.0059
137.3546 30.8069
137.4372 29.8938
137.5826 29.6054
131.0402 29.8583
134.8767 30.4342
137.4523 30.7201
136.6292 31.8689
137.9957 29.3611
137.1712 30.2288
137.4757 32.8316
135.3891 31.1609
130.9121 29.9505
134.9899 29.2010
135.9908 32.7542
136.9717 29.8238
136.1637 33.0248
138.0670 29.9662
137.4889 28.9765
136.4208 32.9231
135.6677 32.2289
136.0270 31.7657
135.7425 33.0287
136.5190 32.8390
137.1510 29.4667
132.0355 31.8004
136.7663 32.7951
137.1334 29.3654
136.9186 32.3894
138.4272 33.8766
129.1326 29.2181
135.4423 32.3587
136.8033 33.1137
137.0210 30.5704
137.1436 33.6852
136.1660 33.1126
136.4136 32.4479
136.7982 30.5248
136.6581 31.2495
135.6444 32.7339
134.1006 31.7401
137.2561 30.5305
136.4519 32.8832
132.1444 32.0917
136.9149 31.9225
136.6798 32.6063
137.2152 33.8871
136.7523 31.9206
128.5084 28.7560
137.2853 29.3863
129.3720 28.7381
136.9009 30.0053
136.8062 32.2649
137.2814 29.1547
135.4684 32.9574
137.5839 29.0557
136.9854 29.8035
136.2126 32.2682
137.8771 30.1446
135.7280 32.4170
136.8289 31.2850
136.9415 32.4043
135.8279 32.9466
136.6767 32.7167
137.1812 29.4373
137.8191 29.5866
129.2226 29.0737
138.0992 29.4144
137.4336 32.2884
136.9318 30.7377
129.3948 29.3226
137.1530 29.4686
135.5397 33.0744
136.0860 32.6811
137.2374 29.5563
131.7157 31.2515
135.5370 32.6300
135.5266 32.7154
138.1312 29.5885
136.5234 32.6588
129.2334 29.1976
137.9409 30.0117
138.5007 34.1282
135.6834 32.7759
137.1272 29.4197
137.3329 29.0009
138.6436 34.0205
136.8485 31.6722
131.6631 31.1958
136.7725 30.1014
135.9251 33.0583
137.5762 29.5866
136.9889 33.3650
128.7171 28.1680
136.7444 30.3872
137.5184 32.7334
136.6543 32.9008
137.6434 34.1051
135.6809 32.6169
138.3586 34.1513
137.8722 29.1526
137.5322 34.0400
137.7308 29.5244
138.1592 34.1779
137.1246 29.5772
136.2910 31.4605
137.2025 29.4679
138.0472 33.8212
136.8505 30.3019
136.1072 32.2793
137.2109 33.4980
135.5127 32.9751
137.4843 33.6896
136.8811 29.9371
135.8605 32.7112
135.9821 33.2059
137.9694 29.2894
137.1542 33.6458
136.8593 30.0561
135.5186 33.0382
136.8659 31.4730
136.9921 33.1603
136.9316 29.4422
136.3265 31.6920
135.3024 32.4959
136.1730 33.1216
135.9003 32.4648
137.6678 33.0888
137.5460 29.4834
137.0176 29.7080
137.3435 29.0845
137.9174 34.1721
136.7778 32.9251
135.4630 32.9567
136.0876 32.9092
136.6988 32.7767
135.4203 32.8451
135.4698 32.9865
136.8858 32.8183
135.4049 33.0094
131.3293 30.4869
136.4096 32.8167
136.7632 32.4795
136.0134 33.1794
135.5783 32.9366
138.1049 33.7703
137.8976 33.5419
135.6573 32.5600
136.7679 31.0299
135.7202 33.1510
136.2819 33.0196
136.0361 33.1397
135.5508 33.0025
135.9150 33.2343
135.7512 33.0469
131.4454 30.8163
136.3629 32.7920
137.6221 34.0439
137.4767 29.7817
136.3605 32.7599
136.9891 33.2350
137.1173 33.2249
137.1231 30.5842
135.9006 33.1596
136.9214 32.9653
137.4882 32.8422
135.6890 32.5968
129.2556 29.1081
136.3568 33.0780
136.9040 33.0083
136.7041 32.6785
137.0761 33.3555
136.0772 32.2586
135.6076 32.7253
137.0912 30.4338
136.2654 33.0957
136.3722 32.8715
135.4880 32.9286
136.9270 33.2691
136.4603 32.6703
136.1865 33.0975
135.2367 32.5563
137.3702 29.9130
136.6595 32.9400
137.2357 33.6830
136.7831 30.5591
136.7559 32.8361
135.8598 33.0883
135.5131 32.8478
136.9232 32.9177
136.0404 31.6990
135.5202 32.8696
131.8611 31.2785
136.7123 32.7521
137.2613 33.8798
136.1758 33.1741
136.0303 32.1077
136.2038 32.9313
136.7340 32.5489
135.7671 30.8566
137.1759 29.4928
131.3230 30.5562
135.6736 32.8565
137.0183 33.3744
135.4472 32.4199
135.6017 33.0038
137.1420 30.1792
136.7015 32.6694
136.7382 33.0332
137.3006 29.3080
135.3841 32.3649
136.5256 32.3831
136.2503 33.1011
136.3424 32.9343
135.6944 33.0705
136.6057 32.7853
135.4013 32.7147
136.7049 32.7884
135.4753 32.6179
136.8104 30.5328
135.9997 33.0879
137.1132 30.3791
129.5952 28.5335
128.7752 28.0154
137.1105 30.4875
137.0542 30.6153
129.6106 28.5729
136.3352 32.8696
135.4185 32.9499
135.9507 33.1904
136.7947 30.6114
136.9072 33.3729
135.9403 33.1122
135.7177 33.1154
136.7676 30.9934
137.0955 33.5690
132.2032 32.1273
135.5837 32.4645
137.0077 33.2747
137.3472 33.7607
136.4842 31.4352
136.4803 32.7500
135.4501 32.4993
136.1838 32.7104
128.9930 28.7384
135.4872 32.5490
131.5971 30.9414
135.4460 32.5970
136.3624 32.8891
135.8935 33.1626
136.4259 31.4847
136.0940 33.0968
136.0658 33.1232
136.2637 33.0187
136.7153 32.6168
135.5354 32.7550
138.0707 29.2260
136.5209 31.3302
135.4957 30.8476
136.9187 32.4087
137.0747 31.6888
136.5408 32.6527
131.4967 30.8141
136.6597 32.6638
136.5425 30.5913
136.7971 31.2948
138.4761 34.1602
136.8868 29.4095
137.0665 32.7805
136.2550 32.3078
135.7455 29.2025
134.9793 29.3278
135.0632 32.0738
128.2809 28.3905
136.5246 31.2119
135.7511 30.7491
128.6477 28.1961
129.4325 28.7390
129.5240 29.5878
138.4225 30.4362
136.7899 29.2250
137.0816 30.3104
134.7713 32.2363
137.4127 33.5269
136.8285 32.0948
131.5527 30.5810
135.5487 31.1913
137.3395 33.4699
137.7053 30.2369
135.4064 32.5187
136.5940 33.0003
131.4687 28.8120
135.8676 32.4751
136.1571 32.7367
137.5387 30.5002
136.1608 32.5037
136.8949 29.8403
136.0032 31.8450
137.8658 29.5795
131.5064 29.7145
137.0119 32.4879
136.9066 33.0339
136.6985 30.2133
133.4174 32.1154
136.1937 31.7911
126.6303 31.6198
129.9051 27.9497
137.0053 29.1057
128.9679 28.4081
136.0245 32.3330
137.7833 29.0432
138.3644 33.9058
137.0414 30.9116
136.5930 30.4797
136.7830 32.1916
137.4986 30.8686
137.0809 32.1106
138.4612 33.8643
136.3327 29.9307
137.2443 33.7322
136.6563 31.8981
131.3814 30.5626
135.6190 32.8833
135.2477 30.8963
137.1596 32.0062
134.8374 32.6425
136.2824 32.9895
133.1666 31.6978
137.2148 30.3996
136.8297 32.6245
137.0162 33.3232
137.2246 29.2033
137.3680 30.7086
136.8356 32.6713
136.1411 30.8806
136.5502 32.8883
136.7412 29.7022
136.8137 31.4929
135.8175 33.1284
132.7559 29.6912
138.4153 33.9434
131.1245 31.0255
136.6197 30.3065
135.3762 32.4495
135.3480 30.6335
135.9626 30.9174
135.8586 32.9793
129.9336 28.4317
135.9250 30.5255
137.1011 31.0652
136.0583 30.3135
135.7341 32.3529
129.2833 28.7833
136.0544 31.7582
136.8800 30.0382
137.7225 29.6680
136.9472 30.6456
136.0684 30.9336
138.4295 30.1763
136.8043 30.3525
129.8169 28.5000
136.5348 30.3381
135.7076 29.2205
136.0283 33.0476
137.1496 29.3282
132.0081 32.1330
135.6309 32.3537
136.3124 31.6187
137.5734 33.1906
137.3865 28.8742
136.8551 31.1946
134.0305 32.4212
137.8717 30.1012
129.3842 28.7238
136.7360 32.8538
137.7876 34.0065
135.8723 32.6632
137.3722 30.0265
135.3769 31.1962
135.3116 29.0898
137.7766 30.3731
136.5475 32.8016
137.8207 29.3556
136.8073 29.7967
137.3922 31.3476
138.5897 30.3554
135.9999 33.0104
131.5738 29.8463
136.0612 30.7814
137.8597 29.6434
134.5416 32.1201
136.0327 33.0334
132.0099 31.8488
132.1782 32.0159
136.2751 30.6707
137.2508 32.0377
131.7400 29.9371
136.8933 32.4714
136.0116 32.2239
137.7343 30.5219
136.5482 31.9236
138.1709 30.1643
128.8620 27.9534
136.8057 30.9875
136.9412 30.7884
135.5961 30.1092
137.3924 29.8818
135.6867 29.5905
137.4437 29.4615
135.9794 32.5001
138.4850 33.9175
135.4835 32.9362
137.5574 30.4588
137.4904 32.9641
137.9794 29.8373
138.0661 29.4186
131.2613 29.8768
136.6116 32.7013
137.4694 30.6480
136.0478 33.0655
137.4959 33.4245
136.6271 32.6330
137.3813 33.6765
136.6613 29.5368
136.8730 30.2316
137.2565 29.5336
135.3866 30.9973
137.0210 29.4890
137.9100 34.1853
135.9176 32.8552
136.5505 31.7235
131.2583 30.1370
136.0306 32.2542
128.7317 28.0678
134.6514 30.6416
136.9293 29.7726
135.7041 29.4025
131.2194 29.9265
137.8555 28.9746
136.8705 31.2287
136.7443 32.9843
137.8720 30.7009
137.0854 30.9336
136.3185 32.6856
137.6019 31.8154
136.1430 31.9329
128.9438 28.7951
136.5721 32.4293
137.2833 30.3364
135.8979 31.1490
137.7799 29.7909
137.9425 30.0994
137.3509 29.7693
135.4547 30.2104
135.5340 30.1957
137.2349 29.6196
138.0076 30.0052
131.1060 29.8875
131.5398 30.9570
137.3919 30.0482
137.8046 29.8088
137.1999 29.5958
138.7354 30.0357
137.0238 31.7789
137.4333 30.4233
135.5631 29.7910
136.3780 32.5304
128.9358 28.9901
137.1484 33.6430
136.9388 30.9169
132.3320 32.3030
131.2258 29.8238
137.9692 30.4533
135.6381 32.7260
135.7794 29.7261
136.6189 30.2596
137.0102 32.0503
136.8134 30.6367
137.8836 30.2242
135.3778 31.0020
137.7614 29.3093
136.2811 32.8662
136.4060 32.8369
135.9516 32.8358
135.8596 29.3559
136.2530 32.0842
136.1848 30.6951
131.6855 29.9444
136.0811 33.0538
136.1576 30.7420
137.4390 29.4224
137.0006 30.3643
137.8987 30.1309
137.5885 30.1488
136.0799 32.2449
134.2507 32.2605
137.7578 33.6601
131.4913 29.9155
136.9484 33.0379
130.4303 28.0759
137.5975 30.3529
136.1032 32.3780
138.0654 33.9705
137.2788 33.4985
136.5343 32.5887
135.8721 29.9635
135.6902 30.3631
137.3239 28.9030
131.4344 30.0582
134.9235 30.5772
137.9029 29.2959
137.4539 30.0451
131.1980 29.8136
137.7988 29.9115
136.5458 31.9888
136.1988 32.5683
138.2880 29.4362
131.9314 30.1123
136.0917 32.3550
137.1864 30.1701
137.0985 30.8532
137.1596 31.3194
137.3050 29.9679
136.4367 30.4910
137.3947 29.3906
137.9973 29.7845
132.0219 31.1503
137.6513 33.9854
137.7295 30.1958
137.4517 32.4718
136.8987 29.8321
131.1252 29.8263
131.0108 30.0056
136.1482 32.4037
137.1202 29.7141
137.7704 30.2199
137.8013 30.2355
138.2121 29.4439
136.6465 29.6233
131.6644 30.0626
136.6535 30.1111
136.2183 32.3029
137.1068 32.7840
136.0475 32.8935
131.3018 29.7606
137.4386 29.6642
136.2737 30.6240
131.8909 30.4126
135.9243 33.0507
129.6089 28.5193
135.5162 30.3560
137.6264 29.3733
136.1243 32.3082
135.5489 30.8933
136.8289 29.9147
134.7056 31.0111
138.2914 34.1071
137.6742 30.6298
137.1749 29.6651
134.7732 30.5353
137.8068 29.3070
128.7849 27.9400
131.6547 30.0367
128.8109 28.0193
137.9950 29.9852
137.7035 29.3720
137.6656 30.7033
136.7593 31.3721
135.4721 31.0199
136.7305 31.6817
137.0765 29.5302
136.0549 32.3185
136.4049 29.8448
136.2931 32.1998
135.7897 30.0472
136.0898 32.2346
131.8888 30.9228
137.2545 31.4964
137.9827 29.3474
138.0653 29.7182
137.5354 30.6998
137.6395 30.3321
129.8334 27.5911
137.9748 30.3746
137.6063 29.7037
136.9863 31.7046
137.3478 30.2722
136.5123 30.4607
137.5675 29.8672
138.8831 29.8787
137.6088 30.1366
135.4372 31.3588
131.6207 30.8387
137.9611 29.9454
137.6013 30.5482
137.5752 29.9438
136.9241 31.0668
135.2183 30.9149
137.4315 30.0536
128.7964 28.6876
135.4257 30.4655
136.6380 31.7501
137.3656 31.4753
136.3294 32.2292
134.7887 29.1483
134.5469 29.0394
136.0777 31.8677
131.4512 30.1985
128.6147 28.6803
136.6849 30.1088
136.8533 29.8804
135.8615 29.7520
137.6504 30.2733
131.0181 29.7033
138.3967 30.0494
131.8151 30.9889
137.1905 30.2571
129.0563 27.5898
136.9728 29.8378
135.1662 31.2239
129.0305 27.8387
137.2726 33.4577
136.7762 32.9954
137.1730 29.4890
129.0003 28.0119
138.1082 30.2357
136.4701 30.4251
137.8471 30.5198
131.5767 30.6468
136.4097 32.4972
128.7403 28.6930
137.4954 32.9996
135.3550 30.6879
136.3108 30.5436
131.3861 30.3951
137.0437 29.7197
136.1343 32.8621
136.0350 32.3825
135.9449 32.7340
136.7376 32.2868
136.5488 32.3719
136.7831 31.7375
135.9412 32.6621
136.0214 30.7605
136.5880 32.5201
137.2939 29.4954
135.1959 30.5518
135.7544 29.4688
136.0425 29.6108
133.9041 32.6351
135.8974 33.0617
128.6603 28.2014
135.8408 32.7815
131.1844 30.1138
128.7698 28.1203
132.0841 31.4450
136.0339 32.7817
137.1049 29.6696
136.5387 30.2579
137.9064 34.1224
133.0481 29.3427
131.2438 29.9598
136.5113 30.3577
135.5972 32.5452
132.0844 31.6595
135.7164 32.9489
137.1994 33.3666
136.8179 31.9186
136.4190 32.6539
136.3931 32.1388
129.3873 28.7443
132.1320 31.9963
136.7343 31.8275
128.7679 28.6956
136.3130 32.6907
136.9290 30.0034
135.7619 32.8449
136.0230 32.9357
129.2062 27.7305
137.1655 30.1516
133.7048 32.5564
136.9081 32.9328
131.2760 29.9242
135.7431 31.2853
137.9614 29.4446
137.8507 30.3029
131.4584 30.4420
134.8350 30.8496
128.7625 28.0785
136.6813 32.8119
131.2780 30.1451
137.6386 33.4784
129.0280 28.6899
133.6279 29.7075
136.4361 30.6118
138.2066 29.7513
136.2004 30.6801
136.5753 32.5010
137.2079 30.3055
136.5808 30.3363
136.2884 32.5897
131.5909 31.2827
131.2280 30.5333
136.9760 29.9020
135.5678 32.9327
136.1258 31.0533
136.8675 30.1759
138.1255 33.7542
137.1828 29.3502
135.8631 32.7461
136.8514 30.2373
132.0473 31.7216
137.5383 29.9112
135.7211 29.3969
131.2890 30.2027
137.8635 30.2157
136.4732 30.4955
136.8810 30.1943
137.2381 29.6187
136.1345 33.0601
133.7884 32.4688
136.8933 30.0888
135.6237 33.0528
136.6705 32.7835
136.9491 30.3890
137.7016 29.3866
137.0759 30.9402
131.8624 31.8741
136.6078 30.2482
135.7630 32.5503
135.8921 32.6214
131.2749 29.8314
136.4652 32.7220
133.1936 32.5190
131.1017 29.9125
131.4924 29.8780
135.4949 30.5494
135.2930 29.5365
135.9097 31.1275
131.2113 30.2741
136.5203 32.6309
136.3449 32.7854
131.4076 30.0467
137.1022 29.6866
135.9792 32.4229
137.4877 29.2952
136.9866 29.8659
135.4668 32.5083
135.2188 33.1738
135.5628 32.4263
136.8594 30.2281
136.4019 32.8838
137.1921 30.0771
135.6301 33.2012
136.9624 29.9135
135.6447 33.2559
136.7726 30.9532
136.7730 30.7345
136.4725 31.9799
136.7885 32.8777
136.7725 31.1583
136.8900 33.3402
136.5628 31.8367
137.6649 33.1851
136.7999 30.6995
135.8365 32.0452
136.8075 30.6364
136.5554 32.9397
137.1826 29.5304
136.1590 33.1067
137.3072 29.9908
135.8540 32.5725
137.4731 29.5664
136.7778 30.8263
134.9251 32.9638
136.7702 31.0719
135.3289 33.0667
136.1658 33.3680
136.7561 31.1572
135.7969 32.4492
136.6375 32.8067
136.7537 30.8120
136.6906 32.6559
137.3228 29.7944
137.3513 29.3250
135.6881 33.0683
136.0660 32.4931
137.5120 32.1282
135.9980 32.2813
137.2645 30.2352
137.3570 29.6232
136.4162 33.3135
137.2535 30.1767
136.6477 31.6146
136.9137 30.0972
137.2368 30.3156
136.8248 30.4858
136.7581 30.6238
136.7591 31.0162
136.1455 33.1983
137.1367 30.3557
137.6226 29.6545
135.7168 33.0471
136.6495 32.7961
137.1540 29.9379
137.0693 30.5120
137.3657 29.9035
137.6331 34.1345
136.7384 31.2675
135.7495 32.0501
135.6479 33.0607
137.4605 29.3394
137.0892 33.4945
136.7007 31.3324
137.4076 30.0820
137.4359 30.2726
135.0208 32.7758
135.9275 31.8096
137.0217 29.9399
136.8230 30.4418
135.8346 32.1192
136.8131 30.6898
136.7417 33.0705
137.6885 29.7714
135.8596 31.9023
136.7717 30.6486
136.6868 31.4806
135.6799 33.1011
137.0239 30.0690
136.7071 31.3768
136.3986 32.2678
137.2095 29.8852
136.3390 32.9873
136.0636 31.9181
135.4943 32.9224
136.6923 31.4521
136.3170 33.4400
136.7568 30.6812
135.4885 33.0714
136.8885 33.3863
136.8011 30.7572
136.9758 33.6347
136.1520 33.1361
137.6022 29.6680
136.9871 33.2679
137.3117 30.0322
137.4513 34.0627
136.6608 31.6263
137.5919 34.0673
136.6896 31.4871
136.7329 30.8878
136.7803 31.0695
135.7901 32.1297
136.8587 30.3179
135.9075 32.7556
135.9549 33.1519
136.0896 33.0446
137.4606 34.0782
136.0939 31.7352
135.8680 31.8945
136.8484 32.9600
135.9359 31.8507
137.0059 33.6671
136.8902 30.1698
136.3398 31.4457
137.0918 33.7943
135.9481 32.6152
137.3807 29.9595
136.8144 32.8983
137.6175 34.0366
136.7390 31.0609
136.4683 32.8015
136.7731 30.8723
136.8120 30.4955
137.6617 29.7023
137.8702 29.4095
136.7628 30.7421
137.3903 29.7112
137.1649 30.2791
137.8508 29.3766
136.1618 33.0604
135.5628 33.0898
135.8183 32.0715
135.1243 32.8122
136.7480 30.7919
137.0802 33.4956
136.0750 32.5769
136.4106 32.9979
136.8080 30.7574
135.7969 32.9707
136.9893 30.0861
138.6096 33.9282
136.7289 31.2174
135.7157 32.2454
136.1112 32.7033
135.7656 32.3211
135.1133 33.1185
137.7196 29.3257
135.9950 32.4844
136.2957 33.1910
135.9173 31.8392
137.4534 34.0650
137.4378 29.2954
137.2415 30.1814
137.1654 30.0706
136.8435 30.4199
130.6499 29.8713
136.8725 33.1288
136.7819 31.1052
136.5448 31.8284
136.4880 32.7723
136.5724 32.9298
136.8099 30.7023
136.9808 30.2246
137.4832 29.2819
137.4454 33.9696
135.9517 33.3940
136.6965 33.0213
135.5661 32.2906
137.8245 29.5523
136.9606 29.9438
136.4583 33.4610
136.8147 30.5627
136.7811 32.9537
135.6341 32.9000
136.9103 33.2093
135.7252 32.3835
137.2855 29.3695
135.8322 32.1011
135.5331 32.2366
136.7113 31.4704
137.2423 29.7648
136.1781 31.5163
136.0395 31.6987
137.3602 29.3216
137.7533 29.6854
136.9707 33.2265
136.3798 32.7532
135.1443 32.7461
136.6800 31.5134
136.7603 33.0235
135.7424 32.6629
135.7547 33.0951
135.8546 32.0923
136.7722 30.7376
137.3976 33.8501
137.4425 29.3418
136.3298 33.0033
136.9706 33.4411
136.0698 31.6867
137.2783 29.4078
135.1369 32.9889
136.0283 31.8555
135.8901 32.7601
136.2421 32.9605
135.8203 33.1295
135.8907 32.8636
137.1668 30.3291
136.2606 33.0384
136.7740 30.5102
137.4239 33.9423
136.7740 30.9633
136.7044 32.9580
135.6720 32.3711
136.4325 32.9716
137.1699 30.0708
135.7883 32.2968
136.5242 32.7197
136.7375 30.9010
135.7836 32.2973
136.5190 33.4950
137.1939 29.5168
137.6521 29.7380
137.7669 29.8687
135.7497 32.2022
136.7514 31.3357
136.7594 30.6513
135.0976 33.0839
137.2621 29.8018
137.1802 33.6628
136.5563 32.9637
136.3123 32.6225
136.7312 31.3204
135.9984 31.7285
136.2101 31.5258
136.7346 30.5831
137.1038 30.3905
137.0600 30.4712
136.7520 31.2422
137.2661 29.9848
136.7923 30.6792
136.2409 33.0504
136.7730 30.5620
136.4522 31.4065
137.2404 30.5614
136.3792 32.8072
136.7753 30.7693
137.1208 30.2337
135.8759 33.2110
135.8012 32.4651
137.2749 30.0630
137.2991 29.9304
137.4921 29.7681
137.0181 33.4674
135.1683 32.7950
136.2516 33.1887
137.1644 30.1821
137.2349 30.1361
136.7781 30.6544
135.8823 33.2038
136.3988 32.3007
135.8130 32.1481
136.7787 30.7972
136.7342 31.2326
136.0806 32.8263
137.4227 33.9834
136.7287 32.7974
136.7975 30.7666
137.1602 33.7807
138.0143 29.5630
136.1140 31.7114
135.6324 32.1671
137.3577 30.1947
137.1614 30.1161
136.0345 32.9150
135.5946 32.8615
136.8157 30.4896
137.5707 33.9970
135.9598 32.1136
136.9228 33.0841
136.7225 32.7248
137.9494 29.4139
137.2006 30.3294
137.3596 33.9290
136.7948 30.7885
135.2691 32.8047
136.6279 31.6505
136.6411 31.6892
136.7431 31.2374
137.1702 33.6221
135.8049 32.2517
136.7566 31.0759
135.4691 33.0536
135.2535 32.8776
136.9189 30.0222
136.7695 31.0233
137.2742 33.9266
137.2378 30.4977
137.1448 30.2839
137.8208 29.3665
137.3257 30.3533
137.2240 29.4795
135.8449 32.0311
135.8033 32.7501
136.6613 31.6619
136.6515 31.5829
136.0325 31.7607
136.7493 30.8189
136.0176 32.1614
137.1151 30.5807
137.3695 30.1013
135.5916 32.8293
136.7794 32.8952
136.3093 32.3101
136.3663 31.4198
136.7351 31.1868
137.7888 29.3358
136.4148 33.0708
137.8526 29.3815
137.4428 29.8919
136.8200 30.4280
136.7016 31.4748
136.0700 33.2830
136.8062 30.7076
136.0307 32.0456
136.7552 30.4821
135.8740 32.0838
135.1559 32.9616
137.2247 30.1225
136.0307 31.9812
135.6281 32.9349
135.5691 32.8997
137.0043 33.3227
137.1301 30.3742
136.7758 30.8668
137.7759 29.5417
135.4062 32.7320
136.3767 31.4455
136.7543 31.2079
137.1653 30.2820
137.3974 30.2001
137.7937 29.3180
135.8080 32.3438
136.7487 31.2315
135.7305 32.7339
137.6718 29.8970
137.2540 29.5993
128.4621 28.3711
136.1845 33.3683
136.7129 29.8979
137.0129 31.9907
133.2594 31.3172
136.5267 28.4511
136.7957 32.7656
129.1782 29.2880
137.4056 29.1458
137.9837 34.1710
137.2541 31.6055
134.2776 31.8149
136.7696 30.2633
128.7653 28.0967
135.8769 32.7862
136.9962 32.0044
136.5240 32.5977
135.5104 30.9862
136.5916 30.6970
131.4438 30.1977
135.9953 32.2090
137.5468 31.0565
137.1449 32.2706
136.3407 30.8378
131.0689 29.7777
132.1353 30.8602
131.9579 29.7958
136.2999 30.6405
133.2888 28.7928
131.8386 30.1639
130.7717 29.9525
132.5282 30.4351
135.1654 31.1217
137.2724 33.7343
135.8758 29.3770
136.5088 30.4147
136.9234 29.7004
136.5275 31.7839
137.7470 30.7165
134.4747 32.2561
137.6731 30.1303
130.8721 30.7738
138.3466 29.7638
137.5814 29.4456
136.3940 32.1405
137.2690 33.1813
128.4230 27.9184
137.3700 33.1826
137.4217 30.0600
137.3976 30.8698
137.5490 33.8988
137.4654 28.9102
135.7610 32.1040
131.9471 31.9247
137.2126 30.5659
136.9833 30.0966
127.5157 30.2031
136.9189 33.7578
138.1180 33.7205
136.2579 29.1483
137.9362 30.6513
129.0337 28.6777
136.0451 30.5839
137.1513 31.0076
137.3506 29.0196
137.6645 30.9337
137.2792 29.4223
138.2728 30.5569
137.1929 31.8717
137.3845 29.1485
137.1414 29.6034
135.8148 33.0676
131.7295 30.6699
136.9850 33.7623
137.4291 29.2150
137.4062 28.7445
134.2290 29.0309
138.1572 29.8867
131.3324 29.4654
136.0434 29.8226
137.0154 33.2799
135.7367 32.5221
131.2775 29.8965
138.3465 34.0629
137.5250 28.9735
136.0596 30.1003
136.0060 32.7450
136.2413 30.6230
138.0652 30.1089
137.1507 29.7930
135.6357 29.5916
137.1590 32.2743
129.3754 28.8869
128.7479 27.9966
137.7479 30.4070
136.0112 30.4567
138.2830 29.3680
131.1193 31.0618
137.2997 30.6250
131.8919 31.3086
134.8248 33.0671
129.1262 29.0261
136.9828 29.5610
130.9102 30.9352
136.6183 31.2799
137.0012 33.0132
132.0709 31.9280
128.7899 28.3222
136.9623 31.9980
131.5110 30.3523
130.9344 30.1069
138.0746 30.2241
137.3200 29.8266
137.1882 31.1578
136.8785 30.1932
131.4944 28.9507
135.9535 29.8032
137.4882 28.9332
132.1341 31.6809
137.2692 31.2685
131.0427 29.9491
136.7836 31.9956
137.1170 32.3092
136.9499 31.7109
136.0887 32.4658
137.4124 30.1520
135.9129 30.9338
131.4401 30.3549
137.1254 31.8874
136.7740 31.5875
137.2565 29.8786
137.0666 31.2823
131.2206 28.7190
135.7310 30.3421
136.9914 32.1939
133.4375 32.5761
136.0065 30.8652
137.8753 29.5695
137.5018 30.9224
128.5993 27.9313
134.9734 30.8336
136.9254 32.2605
135.9869 32.7948
135.4278 30.8557
129.1038 28.5856
138.2054 30.2267
136.0254 32.5694
136.2237 30.7548
131.5447 30.7938
132.8245 32.4455
137.0232 29.7776
137.4129 31.1692
131.4905 29.8526
129.1324 29.4251
137.9539 29.2545
137.8635 29.4018
131.6918 30.2357
134.5217 32.3334
136.2221 30.5861
137.4655 29.8513
131.8855 30.7309
128.4925 28.7232
136.8681 30.0131
133.4477 32.1904
138.2307 29.4484
129.0567 28.7335
137.2627 29.6340
136.8746 29.3781
131.0879 29.9356
136.9764 29.9109
138.2180 30.2263
138.6424 29.7697
137.0667 31.4499
136.8709 29.8331
137.1582 30.1578
136.6057 30.2726
137.0854 29.0284
137.0053 29.7529
136.0810 32.9322
133.9169 31.5277
136.2677 30.6739
137.1661 32.3475
136.3595 30.6818
136.7311 29.9154
131.2838 30.8036
136.1663 30.6294
136.2221 32.2052
137.7353 29.3882
137.1194 30.5076
137.5714 29.5547
136.8592 29.7271
135.5138 30.7340
128.4318 28.0439
136.9910 30.7245
137.0559 32.2542
131.1410 29.8641
137.3383 30.7423
128.6590 28.7456
135.5744 31.5577
136.0095 29.9795
137.1084 32.6117
136.8201 30.3934
136.6495 30.9603
135.7749 30.9205
136.1439 32.7785
136.0005 30.6633
137.2362 29.5895
128.4785 28.7583
137.1471 29.4686
136.4559 29.8804
136.1420 32.7039
129.6242 27.6942
130.7435 30.1648
135.8061 32.7083
131.3571 30.2007
136.5192 32.3093
137.3431 30.6141
136.6553 32.6895
136.9073 30.6508
131.8120 31.2495
129.3889 29.4190
137.0358 30.4774
137.3815 32.0622
137.0073 30.0638
136.8307 30.2845
137.4498 29.8400
131.3092 30.2661
136.5383 32.9796
136.9687 33.3093
137.0953 31.2935
129.0262 27.8103
137.0895 30.8437
137.2304 29.3423
136.4659 31.3851
137.4507 28.9773
128.9148 29.3071
129.2341 28.7353
134.4786 32.1106
136.0672 32.2584
136.9510 33.1387
137.0358 31.4368
136.7573 30.1109
136.5093 30.2739
136.3829 30.4607
135.3155 32.6834
138.1169 33.8067
137.6717 28.9840
138.5351 34.0418
136.7546 30.0085
137.4094 30.9065
136.3044 31.4683
133.8371 32.6605
136.9963 33.0011
137.2009 33.3380
134.5912 32.3556
136.1758 30.6914
136.0140 29.1857
136.7900 32.7665
137.1247 29.4811
137.3716 28.9411
135.3938 32.6632
132.4044 32.3474
135.9122 33.0043
131.4583 31.0962
136.0482 32.5091
136.8791 32.5426
137.2402 30.8297
136.7559 32.1862
136.8044 32.4098
136.7523 29.9538
136.9884 29.4233
136.9245 29.8068
134.2785 32.4803
132.6330 30.7711
137.3355 29.2777
137.6954 29.0961
137.2340 30.8189
138.0391 30.2652
137.0373 32.1848
131.4651 30.1779
136.8779 30.2719
128.9881 27.8735
135.6625 31.1943
137.1131 30.5913
131.8134 31.0097
137.2542 29.9989
137.8575 29.5386
128.3064 28.1770
129.9438 27.7844
128.2335 28.3536
137.1758 29.3338
136.3456 30.5373
136.8108 31.9905
137.4547 28.9784
135.5864 32.1776
129.7911 30.9047
128.8040 28.6447
136.3641 32.8821
129.8338 27.7407
137.3846 30.8571
136.9711 29.4480
135.9081 32.2982
137.2558 29.7422
137.3038 33.8791
134.1821 32.4468
131.1191 30.1140
135.8819 32.4791
136.4191 29.2112
132.8483 29.7252
137.4870 30.9920
136.3228 32.3768
136.7334 30.3656
137.6960 33.7319
136.7059 29.5984
136.5410 31.7278
135.8543 32.5101
137.2186 29.1081
136.2886 30.6537
137.0438 30.6880
129.7222 30.8862
131.2571 30.0704
136.2426 32.7346
129.6869 27.7666
131.5647 29.8708
130.0716 27.9173
136.8963 29.8475
137.2239 29.7781
129.1100 28.6100
136.7080 32.9692
137.2383 33.8417
136.7833 33.1672
135.7525 30.9907
136.2222 32.8172
136.7961 30.4680
137.4464 33.9774
135.5537 32.9714
135.4857 32.8370
136.9931 30.6363
135.7568 33.1036
135.3900 32.4661
136.1216 32.1927
136.7642 30.6961
136.9785 30.6445
137.4046 30.6036
137.0556 33.6505
136.3466 32.6330
137.4001 33.7719
137.1765 33.5115
135.4863 33.1393
136.9347 30.1992
136.1452 33.1116
136.4588 31.5170
137.0780 33.3827
137.1614 33.5837
136.1524 33.2082
137.3113 30.6548
135.3997 32.7241
136.4530 31.5376
136.6080 32.6365
136.1203 33.1397
137.4460 33.9352
135.6969 32.5210
136.1761 33.1192
137.1049 30.6102
136.5914 32.7903
136.8036 32.9208
136.8091 30.5643
137.8021 33.3365
136.5394 32.6163
137.0825 33.3621
136.0272 33.1574
135.4911 32.6615
136.6665 32.7855
136.6713 32.8114
137.1931 33.6121
136.6789 32.9481
128.5023 28.1146
136.4357 32.7687
136.1108 33.2007
136.1532 33.0818
137.8871 34.1913
135.6528 32.5550
136.4672 32.5892
137.4463 30.3646
136.5142 32.6354
136.7265 31.3772
136.1795 33.1644
136.0432 31.9234
136.8228 32.9754
136.5263 32.8631
136.2903 32.9592
136.0594 33.1830
136.5670 32.0249
135.5143 32.5118
136.6333 32.7996
137.5936 34.0562
136.2066 32.8057
136.2492 32.9728
136.4437 32.7519
138.6512 34.0937
137.1698 30.4723
136.8005 32.7021
136.6001 32.5686
135.2922 32.6467
135.5359 32.9896
136.3736 31.4131
136.6392 32.6560
135.4285 32.9189
136.7545 32.7924
136.4285 32.8101
137.1242 33.4329
137.2992 33.8937
137.0253 30.4370
136.3223 32.6561
135.7037 32.5815
135.3012 32.8585
135.7363 33.1173
136.8003 30.8261
136.6228 32.8381
135.6749 33.0549
136.2020 33.2798
136.3232 31.4623
136.3729 32.8397
134.2331 32.2809
135.7651 33.1412
136.3293 32.2618
136.4823 32.9372
136.4593 32.6122
135.4472 32.9492
136.0116 33.1194
136.8371 33.0944
136.7703 32.9400
136.8809 32.9613
135.9571 33.0065
138.6392 34.1242
135.4841 32.3774
137.5499 29.2107
136.0728 33.0904
136.4483 33.0229
137.8566 29.3174
135.5620 32.9569
136.4461 32.9698
135.7450 32.3403
136.5434 32.9266
135.7690 33.0487
137.8004 29.8621
135.3673 33.0079
136.7878 30.9525
135.4675 32.9411
136.1814 33.0607
136.7809 30.5954
136.8438 30.3416
136.8459 30.3510
133.4368 32.5792
137.1669 33.5743
135.5068 32.4649
137.4665 29.1681
136.6132 32.7317
137.1927 30.6685
137.1939 33.5349
135.4770 32.5904
135.6534 33.1146
130.2394 27.7713
135.6069 29.5605
137.6952 31.1000
135.7997 29.7766
135.3035 31.3901
128.1383 27.6972
129.5074 27.6468
131.5321 30.6912
136.6809 32.6008
137.3216 29.4257
137.0615 29.8049
135.8099 29.9440
137.7734 29.7049
137.8000 30.7627
137.8143 30.0262
135.7734 30.1301
137.5203 32.0491
135.6025 30.2725
135.7008 31.4933
137.5338 33.0965
136.9959 31.7623
135.3461 29.6423
137.7967 29.4811
131.2189 30.1643
137.9025 29.7380
131.1206 29.9614
137.5441 33.0704
137.0762 29.7113
136.2433 32.9356
137.4492 32.0255
137.8598 29.4124
137.1292 30.3470
136.2637 30.6856
131.1405 30.4016
138.2861 29.5359
131.0946 29.7998
137.3778 28.8720
137.5090 30.2576
135.9249 29.3267
135.1394 30.9150
128.4017 27.8007
131.3123 30.2811
136.5433 32.1566
133.2576 31.3455
137.3656 33.2836
137.2724 31.1223
135.8480 29.9492
137.1314 31.7936
136.3482 32.2152
138.1988 29.7546
135.3633 31.5000
136.8560 31.1134
137.0426 31.8904
137.2841 29.4434
136.8271 30.8621
137.9646 29.6605
137.7707 29.6248
137.4812 32.8934
137.5830 31.8650
136.8512 30.0200
138.5327 34.1079
135.6960 32.9991
135.5798 29.8222
137.9769 29.7809
135.2976 30.8538
137.9193 29.7300
137.2599 29.5638
134.6092 32.2427
137.4662 30.3593
137.2448 31.4354
137.9072 29.4665
131.2388 29.9935
137.9504 29.7608
137.2676 31.0046
131.1320 30.3112
136.9171 32.7934
137.9419 29.8711
137.7425 29.8542
137.2495 31.5937
136.8237 31.2445
138.3129 30.0628
137.9560 29.6485
137.8265 29.3408
137.6113 30.5420
136.7901 32.3712
136.8400 30.5359
137.2907 30.6670
136.2787 32.7352
136.4605 32.7649
137.4099 32.4484
137.9573 29.6434
137.9531 29.6803
135.8151 30.8538
137.4345 28.8900
131.0675 29.8071
136.2713 32.2607
136.4825 29.9940
135.8850 29.7527
137.5653 33.6391
137.1468 32.0353
137.5267 30.6724
137.9845 29.6608
130.3425 28.0182
137.9213 29.4683
134.8768 29.1606
135.4437 30.5142
131.0221 29.9259
131.6012 30.7355
134.7431 29.1079
136.0688 31.8640
137.7137 29.5083
136.2307 33.5253
137.5532 29.9101
137.2174 30.4873
135.3445 32.8539
137.6189 29.9589
137.3554 30.5846
138.0455 29.5155
135.5959 32.5611
137.8208 34.0569
137.5261 29.9785
135.9946 32.5047
137.1115 29.5584
137.6101 34.1088
137.9225 29.8779
137.2474 29.9230
135.9623 32.1667
137.8967 29.3184
137.0061 29.7409
136.8094 32.8482
136.1072 31.6731
137.6925 29.2065
136.4101 32.8873
137.2754 30.0002
136.9040 30.6849
137.1232 33.2238
136.9448 30.5167
137.9708 34.1434
136.3361 32.6905
136.7199 32.6229
137.0742 30.5394
137.7997 28.8617
137.3255 30.1043
136.9017 33.0551
137.2744 30.4950
136.0733 32.9645
137.4421 30.1258
135.8293 33.0853
137.1191 30.5259
136.0652 32.7871
137.2855 29.9201
135.9476 32.6248
137.9183 29.3499
135.9750 33.1339
137.3221 29.9984
137.9990 34.1614
136.7031 32.9395
137.7967 29.2473
135.9993 31.8917
137.4635 30.3326
136.1896 31.7454
136.0207 33.2152
136.4677 32.6468
137.2986 30.2752
136.7209 32.1319
137.3182 29.8191
137.7594 34.1670
137.3992 30.5215
136.0837 32.7443
135.7898 32.8898
136.9035 33.2133
137.9221 29.8223
136.6580 33.0023
137.7805 29.9501
137.3404 29.8969
138.0465 29.5927
137.3007 29.9317
136.7871 32.8971
138.0572 29.6568
137.0830 33.5215
138.0527 29.7548
136.1190 32.5115
137.2995 30.2934
138.0524 29.7740
137.5150 29.1776
136.4545 32.9962
137.5483 30.1644
138.0740 29.7358
136.4932 32.5424
137.3660 30.2931
135.7749 32.2194
137.1452 29.9151
137.6281 29.1950
135.3307 32.9326
137.2586 30.2674
137.5808 29.9099
137.9292 29.3827
137.1086 30.4034
136.6779 32.8763
137.2628 29.9826
135.7924 32.7051
137.3774 30.3909
138.2055 34.0971
137.2887 30.4453
137.2999 30.0502
138.0363 29.7700
136.1657 33.0133
137.3918 30.5131
135.6849 32.4395
136.9312 29.9908
135.5289 32.7492
137.6333 29.9072
137.3723 30.0982
136.6667 32.8585
137.3549 30.1009
135.9574 32.0132
137.3179 30.3112
136.3955 32.9135
137.7610 29.1952
136.9772 33.1719
135.8720 32.5282
137.2829 30.3049
137.3702 30.1482
136.0385 32.0774
137.2030 30.3934
135.8612 32.8690
137.1277 30.3575
137.4636 33.9976
137.3114 30.4756
137.4917 33.9805
137.2952 30.5662
135.8525 32.5726
137.1865 30.1053
137.0079 33.2392
136.3554 33.2674
137.1809 30.3017
137.0867 30.0909
137.7932 34.1538
137.2362 29.9978
136.8525 32.8305
135.6105 32.5719
137.9853 29.4254
137.2175 33.5552
137.3881 30.4290
136.2146 33.1654
135.8517 33.0298
136.5546 32.9111
138.0460 34.1680
137.4460 30.1364
136.0536 33.3494
137.4704 30.0787
138.1744 34.1108
137.3896 29.8047
137.2336 30.5805
137.7238 34.1659
137.2732 30.3337
136.5238 32.5474
137.8393 29.7378
135.7844 32.9433
137.3139 30.3528
135.8453 32.3437
137.2827 30.4619
137.3712 32.2974
137.5266 29.5520
136.3724 32.2911
136.1654 32.3117
127.6227 27.4701
136.6427 31.6936
137.1992 32.6959
138.4680 29.2314
138.0117 29.8589
137.0920 29.9525
135.5289 30.9912
137.7339 31.1667
134.3751 31.6463
138.0717 30.5762
136.9832 30.7116
131.8140 30.1208
132.8273 32.5024
130.9336 29.5585
137.7443 30.0164
137.0330 30.2508
137.4083 31.4410
136.4867 30.2120
131.5451 30.1798
137.9943 31.0579
136.9256 30.8798
132.4242 31.4146
137.0780 31.9110
136.4832 30.1682
132.2503 30.3909
129.5204 27.5948
133.3496 31.7805
136.7604 31.2210
127.8565 28.1531
134.9921 30.7049
136.5718 28.8724
136.2065 33.0447
129.1418 31.1300
136.4622 29.8684
136.7872 30.7329
128.8226 27.9721
136.6258 32.1728
128.6848 28.1400
137.7882 33.9004
135.0187 30.6891
128.0429 30.8005
136.8074 29.3968
138.1149 30.2759
135.3614 29.6959
135.9189 32.8345
132.3156 30.8293
136.4709 30.2719
132.2155 30.2680
138.1108 29.8560
137.4581 31.3879
137.9644 30.9226
136.2351 32.0774
128.9264 28.1646
134.5952 32.8218
132.1858 30.9286
137.8309 29.6796
132.7240 31.2999
138.2600 30.6398
136.4750 32.6040
132.0488 30.6263
135.5428 30.6830
138.5495 29.9726
136.1288 32.3106
136.9008 31.3558
135.6842 30.6981
131.7710 30.0768
136.5565 32.0470
134.2917 29.1444
129.8979 29.2235
135.7548 30.7288
137.1156 31.7386
137.5518 30.9703
133.7957 29.3879
130.3969 30.0235
132.8178 30.6518
130.7574 30.0935
132.6074 30.9283
137.0078 30.0942
136.9568 31.9564
132.1811 30.4959
134.6401 31.3272
137.9041 33.7140
138.4582 30.0172
136.4149 28.4850
137.6096 33.9736
135.5499 29.3639
131.1946 28.6365
135.8476 30.7602
137.8065 29.9410
134.0761 31.9285
133.1090 31.4635
132.6915 30.5394
138.2826 30.5956
134.1503 28.9331
132.3140 27.9936
136.9669 31.3526
132.9478 30.8558
134.8677 30.8841
131.7918 29.8017
137.9600 29.1638
137.1895 31.9559
138.2651 30.5588
137.6095 29.0436
132.4967 31.6646
135.0669 29.3522
139.0431 33.0665
137.2807 28.9861
132.2480 31.7795
135.3794 29.9553
129.0382 30.2151
137.4661 30.7339
137.3480 31.7003
137.0087 29.3649
137.1372 32.1529
132.8312 32.0218
138.2687 29.2107
134.2331 28.7753
137.0687 31.5361
130.1077 28.1999
137.6301 28.9704
134.0467 28.7620
132.6605 31.5316
138.4285 30.2288
135.9243 30.1357
137.4636 29.1803
137.2079 31.6375
137.0235 31.0782
137.0283 31.2930
136.7448 31.7914
137.5789 30.3226
134.9460 31.2389
138.6645 29.7324
138.2694 30.8891
137.1182 32.5128
132.2040 28.3888
134.5258 29.1976
132.3711 30.4144
135.6229 29.0721
138.3023 30.4095
138.4979 29.7407
133.0320 31.1932
134.6377 28.8002
135.0343 30.3903
135.5158 30.1585
137.1838 29.1426
137.5685 30.7472
134.8251 31.3131
137.1318 29.1392
138.2012 30.5671
136.6890 30.3086
137.4552 28.3828
136.3369 30.3073
132.0602 30.8469
129.7468 27.4266
137.5004 29.2709
136.7322 29.8179
131.1287 29.9948
134.5973 32.1581
129.1556 28.7777
137.1962 29.3336
135.5976 30.9480
128.4149 28.0725
129.2232 28.6879
131.9682 31.3830
133.8575 32.4137
138.2452 33.9338
136.7243 32.8084
137.6913 29.8029
137.6474 33.3642
137.0066 31.5365
136.0595 29.3226
136.9302 31.6039
133.2359 28.6094
135.5746 29.4575
133.8416 32.4348
137.6925 29.1025
128.0620 28.1356
137.0274 30.8781
136.9306 31.0279
135.9350 29.3311
135.8145 32.9597
137.7612 33.9852
136.5008 29.7732
136.0936 32.9188
128.6892 28.5809
137.2045 32.1842
137.2628 33.8088
134.0275 31.3723
137.4181 30.4813
137.9212 29.8337
128.5121 28.2939
136.8166 32.5092
131.9682 30.7039
137.1985 30.2063
131.7167 30.5054
136.5707 32.2045
133.4127 29.6313
137.2549 30.9272
137.7642 29.4933
132.0577 32.1630
137.4589 31.2777
137.5122 32.2002
136.7139 30.2104
131.1427 30.0533
137.5194 33.0483
137.8927 30.0483
137.6452 29.0020
133.5503 32.5536
135.9432 32.4549
137.7449 29.7616
136.1257 30.5161
136.7632 29.8733
130.9644 30.2221
135.5689 30.4213
137.2866 30.9838
137.5450 31.0006
137.3708 31.4980
136.5307 30.0173
131.1540 29.7309
131.4288 30.5936
137.3916 30.7178
136.3286 32.0820
130.7929 29.8680
137.9196 29.5756
137.0009 31.1730
136.4663 32.7827
136.5389 31.3398
134.3801 31.7516
137.1037 30.1792
136.3370 31.8470
137.0850 30.0389
137.9362 30.5237
137.7213 33.4474
130.9764 29.0320
137.5962 30.6307
136.7583 30.5349
136.8606 29.8553
136.9757 29.7194
137.4025 29.8214
137.7510 31.5599
137.0054 29.9580
127.0718 31.3633
135.9285 32.5371
137.1885 32.9721
136.4776 32.3325
137.0081 32.3241
135.8181 30.1217
136.9530 29.9071
128.8322 28.7998
133.6752 32.2618
136.1715 30.7576
137.1645 31.6282
132.0261 30.3858
136.5305 30.7038
136.1431 30.6158
128.2702 28.4410
135.1570 31.1477
135.3509 30.8115
128.8462 27.9162
136.4379 29.8811
129.3273 29.7518
137.4867 30.9654
131.9909 30.9604
136.5738 32.4677
137.0873 29.5653
136.7781 31.0696
128.8570 29.2216
134.1184 31.3211
135.7288 30.3896
134.8668 31.1270
131.9758 30.1612
137.2854 31.1189
137.8419 30.5159
131.8640 30.3396
132.2523 31.6790
136.9750 29.9592
131.7935 29.9038
128.2460 27.7994
129.9462 28.9537
135.1664 31.0640
137.8383 30.2019
137.7986 30.5652
133.6526 32.2142
137.8091 30.0675
135.2937 30.5574
136.0383 30.7981
136.9983 30.8641
138.0278 29.6601
136.3953 30.2914
129.6052 30.7544
136.4926 31.7667
137.9644 29.7410
135.1155 29.6347
131.4574 30.2633
136.3256 30.2739
135.3255 30.7189
128.0322 27.9069
131.9257 30.7542
133.7858 31.0940
132.3799 32.1332
137.3679 31.5105
128.3367 28.1839
131.6752 29.9656
137.7728 29.8928
138.0594 30.4653
137.8390 29.6676
136.5671 29.5369
137.9079 29.6668
131.9195 30.0625
137.3844 29.6106
137.3673 30.9408
137.0794 31.3991
135.7059 31.0750
137.6897 29.9096
138.0141 29.8351
130.7159 29.4088
137.5362 30.7431
131.1000 29.9682
136.4611 30.6228
137.0448 29.2428
136.4357 29.9058
129.7207 27.8239
131.2564 29.7654
137.9309 29.6124
135.2850 31.0127
137.5156 33.8102
136.2391 31.7471
135.0239 31.4079
138.1006 29.5282
129.8544 27.6665
137.0750 31.8270
136.6637 30.1962
131.5495 30.3257
136.2803 29.4130
135.9202 31.0232
137.7469 33.6710
137.4929 30.3798
137.5683 30.1625
137.7488 34.3008
137.8345 33.9746
137.1501 33.6701
136.8352 33.4078
135.9251 32.7629
132.1605 31.8318
136.7120 31.9332
137.4047 33.6211
135.9606 32.4894
135.1959 32.7102
134.5676 31.4943
137.5833 34.0212
137.8637 29.9591
136.8759 32.6544
135.0048 32.8863
135.4507 32.5322
130.4073 30.0750
137.1540 32.2255
137.6367 33.2724
136.2004 32.8348
136.7651 30.1945
137.4065 32.2904
136.9896 30.5092
136.9529 31.1747
136.7921 33.7195
137.1311 30.8141
136.4362 33.3063
135.9556 30.8480
136.1137 31.8052
137.9186 31.4718
138.0214 30.2164
136.0983 30.7319
136.5320 33.7434
137.7330 34.1951
137.9618 29.8370
136.7889 30.4615
137.3790 30.9679
131.1496 30.1637
137.8552 34.1760
137.2321 32.7010
136.5583 33.3974
137.4547 32.1594
137.8756 34.2292
137.4082 29.3323
137.2205 30.6779
137.3212 31.0382
137.8997 33.7565
132.1266 31.8795
137.2336 33.7909
135.0477 33.1138
137.6492 34.2441
135.7624 33.1572
136.4880 33.3967
127.1933 32.6969
135.8003 32.1564
129.5767 28.6281
137.3083 33.4314
137.7737 31.7175
134.6651 32.2236
134.6033 29.0218
136.2879 33.3214
136.7113 33.2948
135.5773 30.7611
136.8642 33.5775
136.5573 31.8256
135.3869 32.8634
136.7494 30.9933
136.1065 33.5123
138.9190 34.2266
137.4138 32.8002
137.2439 33.6560
125.9670 32.2851
137.9353 34.2754
137.3028 29.2787
137.5708 31.9360
137.6653 29.1385
137.4651 29.3426
137.6702 30.3763
137.4752 33.8197
135.8726 32.5321
137.6368 31.8884
137.4411 29.3855
136.6156 32.6764
137.7145 34.2789
132.0348 30.0135
133.2244 31.4450
137.6798 30.6416
137.4992 34.1520
132.4020 31.7276
136.1223 33.4942
138.1105 29.4360
136.7005 32.7053
127.7052 33.3640
136.8173 30.3338
136.9811 31.0008
137.0894 29.4482
138.0834 29.2253
137.1705 32.9398
137.9236 30.0310
136.1489 33.4313
135.5256 32.9012
135.6201 32.4897
137.2146 29.9713
135.9109 32.6882
136.9685 33.3469
135.3089 32.9064
129.7489 29.0438
136.3931 33.9653
135.2663 33.2887
139.6563 34.3998
136.7851 30.8194
137.0583 29.9158
129.0149 27.8456
136.1727 33.7054
136.3609 33.1497
134.0662 32.4999
140.1861 33.9674
136.8508 30.3737
136.6848 32.0846
135.5057 32.6211
135.3276 32.1617
136.4089 31.5642
137.5385 29.7947
131.4096 30.5441
135.6508 31.5734
135.6610 32.0826
138.4080 34.2456
128.8896 29.0862
136.2892 32.8425
130.9100 28.5892
135.4258 30.5622
136.9522 32.9250
131.8449 31.2149
131.3096 30.7648
131.1410 30.2366
135.6368 33.0807
128.6765 28.7791
136.0395 30.7588
131.0941 30.0822
131.2126 30.0528
131.3356 30.0368
131.1141 29.9739
137.7799 29.8926
131.4542 30.5383
137.2869 30.5528
135.4424 33.0151
137.9719 33.8282
131.2873 30.4186
130.8240 29.7055
133.7384 30.2368
131.2908 29.9296
136.3395 33.0934
131.4634 30.3713
136.1722 33.0428
131.4806 30.7707
131.9668 31.6131
137.9927 34.1386
133.9158 30.9711
136.3161 32.9159
136.3703 31.7458
131.1025 30.2517
136.0967 29.4013
136.7096 32.9226
136.3276 31.4677
136.0281 30.7098
136.3486 32.5684
136.2033 32.9203
131.7002 31.3355
134.9107 29.2609
135.7546 31.1313
131.3992 29.9811
131.9337 31.5191
133.1060 32.5947
136.0590 30.7985
132.1386 32.0226
130.2539 28.1225
135.6358 31.2431
137.1265 30.6004
131.2812 30.3818
131.3546 30.5272
135.4330 32.7473
136.3636 32.6363
136.4766 32.5900
136.4596 32.7365
131.3049 30.7921
135.6393 32.4197
129.1574 29.1935
131.2214 30.1938
136.4865 30.3936
129.0655 27.8519
135.7842 31.1025
138.1712 30.2167
131.3057 30.3644
131.2238 30.4118
135.9342 30.9407
136.7004 32.6840
136.1135 32.5131
136.6375 32.0578
131.3470 30.3207
136.2446 30.7022
135.9050 33.0445
131.1151 30.0246
129.0418 27.7426
137.5056 30.1838
136.9316 30.4115
131.2248 29.8969
136.4214 32.4872
136.6640 32.7879
135.0637 30.8339
131.4017 29.8798
135.9981 33.0189
135.6775 31.4823
136.1331 30.8083
137.2830 33.5722
136.2935 31.4687
136.3374 31.7692
136.4183 30.5430
131.3863 30.0914
135.1605 30.8633
135.8056 29.4195
135.5183 30.8098
135.7514 32.8294
136.2698 33.0920
128.9877 27.8209
135.5622 33.0021
134.3714 32.4561
136.1874 30.6780
135.8582 32.8752
136.5970 30.3165
135.8889 31.0704
137.5799 30.5014
136.8490 32.8893
131.2261 30.1856
136.0508 32.3605
131.5021 30.8417
136.1889 30.7010
138.5544 33.9581
136.3289 32.6205
136.4861 30.4275
135.7107 30.8896
137.1006 33.4805
131.4435 30.7541
131.1391 30.0097
131.0750 29.9202
131.0187 29.9178
136.5240 30.1887
135.8160 29.9807
136.1631 30.7075
129.8063 27.6636
129.7483 27.8100
137.3778 30.3323
137.1486 29.9087
137.8970 29.5072
138.1558 29.9982
136.9439 29.3444
135.6996 31.0098
133.8465 31.8440
128.3708 27.8280
136.9611 31.2876
137.0550 31.4302
131.2930 30.6099
136.1931 30.7097
135.0558 31.0090
133.0584 32.6086
137.2309 30.6918
136.0787 28.6481
136.0338 30.9195
132.7026 29.7256
134.1807 32.5149
137.0448 29.4824
137.1870 32.6238
137.4020 30.9390
138.1351 29.5903
133.1232 32.6090
129.7126 30.0397
131.3356 30.0520
128.6026 28.6931
137.1877 31.8547
128.4269 27.8154
136.7478 30.8966
134.8732 31.3085
137.5795 30.5585
131.4550 30.2478
128.1803 27.9893
132.0962 30.2879
135.8076 29.1014
137.9430 29.8367
130.1847 28.1517
137.9408 29.6733
129.4121 30.9644
136.8680 29.9396
128.2892 27.8203
135.9916 29.7733
137.2304 31.1809
136.8855 30.6969
135.5782 31.0493
135.8566 30.8928
135.4095 30.4332
137.6524 30.8083
135.6225 31.0787
135.0294 30.6341
135.3317 31.0071
131.5150 30.2422
135.4518 30.4823
131.5591 29.7012
136.9415 30.6575
137.3712 28.8219
135.2183 30.5482
128.3318 28.5921
129.7394 27.4442
136.3175 32.0464
136.3436 29.6724
128.5994 27.8458
133.0107 28.5080
133.3452 29.3578
133.4229 32.5199
134.5907 32.3198
138.1134 29.6064
135.5202 30.7755
136.2857 30.2793
138.1788 29.7814
137.7308 30.6843
131.0370 28.6166
135.1018 31.4738
130.6787 29.9554
137.9314 30.3281
138.5583 29.4272
136.0329 32.2845
136.5816 29.7921
136.5751 32.1497
138.0006 28.9222
137.1385 31.8985
136.7018 32.0417
136.4646 32.6778
138.1480 30.1285
138.2351 29.9179
133.7199 32.0695
132.4453 32.4860
131.8719 30.7437
131.0468 29.9375
135.6816 31.5967
136.8877 30.0017
136.9830 29.8931
136.9362 31.9300
131.5953 29.5588
135.3764 30.7075
136.7660 30.1834
136.9869 29.3923
136.3549 30.6393
136.0716 33.2025
135.7521 32.8340
129.5778 28.5875
137.5636 28.9199
131.3868 30.5586
137.6539 33.4332
135.5690 30.1205
136.2921 32.5540
136.4599 30.2550
131.2442 30.8823
137.1174 31.9631
135.6030 30.9044
137.4399 29.4206
131.1470 29.9811
131.2973 30.0511
133.9048 32.6446
136.5265 29.3392
136.5528 31.6888
138.0252 33.8714
137.2229 33.6125
136.3430 30.5736
131.6908 30.9575
131.1815 30.1809
135.8632 33.1129
135.3249 30.6575
135.7090 30.2764
136.4414 32.4677
131.6126 30.9039
131.3502 30.0437
132.2139 32.0521
137.0096 32.0723
136.2820 32.8606
131.1782 29.8476
134.7067 32.0380
132.1626 31.8412
137.9539 29.5408
135.9147 32.5025
135.4460 30.6801
137.3549 29.4586
136.8704 33.3045
136.2840 32.5069
131.8788 31.4266
137.4144 29.6102
131.8125 30.2255
131.4260 29.8500
135.5794 30.9984
136.8242 30.4675
131.5728 29.9316
135.6369 32.7716
137.0647 31.8846
135.7317 30.7422
136.0607 32.2229
137.8499 29.3723
133.5495 29.5680
135.8015 33.0417
136.2391 30.4956
136.1900 32.0154
128.7724 28.0748
131.0434 29.9319
137.0137 30.2943
131.2637 30.4905
132.2218 32.2561
136.8032 29.4883
131.4767 30.0984
135.4454 29.5122
137.5114 30.1478
135.7536 28.8906
133.3156 32.5632
136.2393 31.7062
134.0459 32.3871
131.2793 30.5929
137.4718 30.7134
129.0325 28.8176
136.8924 31.3473
135.7567 30.4870
137.2281 30.5219
135.6500 32.8682
136.1733 32.9216
136.9669 31.3414
136.8131 29.5630
131.2754 29.9341
136.4928 32.7720
135.5143 30.6321
136.1029 32.6461
137.1731 31.6513
137.0401 32.6290
136.9550 31.3734
131.4826 30.0542
131.0246 29.7585
129.9356 28.4895
131.1943 30.3311
132.2704 32.2886
136.0925 30.7745
136.6456 29.6515
131.5715 31.0251
137.9384 29.6860
131.6161 30.7659
130.9342 29.9854
130.7032 29.9109
137.4321 33.7663
137.9803 30.9097
136.6939 29.9649
136.9623 28.6514
131.8444 30.0309
138.3548 29.3328
136.6158 30.1199
137.7026 28.9384
138.3352 30.6044
137.3662 29.4273
136.4861 32.4662
130.5228 28.1842
131.3189 29.7895
137.6928 29.7549
127.2098 31.1435
128.4143 28.2387
128.4929 28.4641
134.7945 29.2507
137.4759 29.7597
129.7822 27.4840
135.6104 30.8041
137.5200 30.3670
129.2431 29.1058
137.2036 30.2412
135.5481 29.3228
133.7629 32.4528
136.1328 30.6314
137.5199 30.3114
134.9809 31.8565
136.8970 32.6146
128.1670 27.7807
128.4895 28.3181
131.3781 30.0126
136.6370 29.4886
137.8624 31.0005
131.0284 29.7057
133.3857 32.4635
129.6506 30.1943
128.5251 27.8558
134.2271 31.6457
137.0663 29.9877
130.9852 30.3525
137.6157 30.1459
136.0277 30.7542
135.3942 30.7468
137.6129 30.7196
137.8321 30.8073
137.5741 30.5688
137.0128 31.5817
137.8487 30.2558
134.5253 30.8883
131.7806 29.4837
131.2305 28.7789
138.0953 30.7434
136.8136 29.6527
135.3124 30.7777
129.7607 27.6579
136.5721 32.5535
129.2941 28.6483
136.6506 31.0980
136.8573 29.0877
132.2434 30.7852
137.8011 28.8357
136.6327 32.4286
135.2925 30.6964
137.0719 31.8625
136.9032 31.9968
130.4034 28.1091
137.0598 29.5948
138.2991 30.2422
136.3694 32.2287
133.0750 32.4263
135.4747 30.8990
137.4883 29.7948
135.1746 31.2700
129.1069 29.1543
137.9081 30.1816
130.1167 27.9593
131.8671 30.4882
136.9289 31.0210
135.0832 30.3367
133.3461 32.4957
138.2421 29.2322
136.3957 30.4905
131.4719 29.8860
135.7998 30.8826
136.9851 31.1634
132.3185 31.3616
131.3276 30.1698
138.0575 30.3844
137.4490 30.3492
136.9198 29.7848
137.9724 29.7275
136.1602 30.7424
135.0957 31.4746
130.3342 29.6465
137.5232 33.1707
138.1647 29.8636
133.7936 32.3480
137.6070 29.7175
136.1589 30.7151
138.0785 30.4931
137.0199 32.0067
136.3087 28.3230
136.8685 31.2761
132.7057 31.0583
132.0090 30.4014
128.2551 27.6160
132.6337 30.5601
134.9771 30.8199
131.5015 30.6207
137.4231 29.9482
135.9460 31.7949
136.9160 31.7583
137.2444 29.0989
136.9325 28.6742
135.6113 30.0542
135.6038 30.5458
137.7826 29.8007
137.3415 31.6308
131.1898 29.6347
133.0799 28.4991
135.9996 30.0291
136.3905 30.2999
136.9661 29.8958
136.7477 28.3971
135.7107 29.8123
138.4528 29.9401
131.9393 30.5585
137.9140 29.1493
138.2188 29.5092
136.5055 32.5883
136.9893 32.4752
136.7633 29.8175
137.5889 31.0000
137.1778 31.0202
137.0864 31.8772
137.8727 30.7793
136.0273 30.7594
135.1769 30.2347
136.1035 30.6241
134.9519 31.5227
137.0707 31.8087
129.6351 30.7550
130.6291 29.6800
136.9755 29.7367
134.1884 31.5372
136.5788 31.5818
133.8392 31.1950
136.5135 29.6486
137.4718 31.8253
131.5569 29.8887
135.6894 29.7786
136.8740 32.3927
138.2112 30.1570
136.7558 31.7469
132.9026 31.1161
137.0301 30.1064
136.9569 30.7254
136.5774 32.1122
137.0004 30.0669
136.7209 31.6099
132.1285 29.9954
138.2267 30.2709
135.2511 31.0979
131.6667 29.8907
135.0518 31.0794
137.0737 29.5795
137.3210 31.0032
136.9599 32.2684
138.7741 29.6986
137.2479 31.8855
137.0190 31.9708
137.0661 31.5605
136.7204 30.1052
136.3459 30.3929
135.2064 31.2491
137.0596 31.6968
137.0196 31.1776
135.9619 28.7663
135.0589 30.4831
131.2547 30.3210
136.2982 32.5051
137.9507 29.9940
137.9993 29.7367
131.2933 30.5599
135.9763 28.6485
136.9568 31.7346
137.1888 31.7038
137.9115 29.9032
137.3244 30.5027
133.0351 32.6133
137.5695 30.9874
131.4417 29.7981
137.1632 30.6351
136.8459 32.4310
131.4049 29.8720
131.1858 29.7426
138.0653 29.5422
131.8534 30.0219
137.3130 32.3883
136.7166 31.5942
137.6075 31.0986
130.7935 29.9392
136.9107 29.6841
131.0802 30.1757
137.7180 30.0424
137.5938 30.6924
138.2104 29.4098
132.3035 30.4996
137.4965 29.5266
137.7998 29.3181
131.4221 29.9782
137.5606 30.7053
135.5572 29.8596
137.5247 29.7891
137.1053 30.8341
137.2237 32.4603
137.5238 30.8655
131.3073 30.1767
137.7440 30.0197
137.0690 32.0492
131.7319 29.9631
131.3622 29.8166
137.0685 32.1770
138.0661 30.0874
137.6958 30.7563
137.4863 30.7008
137.5532 33.2742
131.2613 29.7832
136.8613 31.2534
137.5969 29.7650
134.7377 29.1272
131.6235 30.3785
138.1495 29.9837
137.4329 30.0968
137.1356 30.7085
133.8339 32.5402
138.1334 30.2159
131.2675 29.7860
137.3373 30.7534
137.6617 30.7798
135.1219 30.3920
137.6399 31.1649
135.0787 29.0065
137.3595 31.2365
137.2480 31.0984
137.2507 31.5523
137.9365 30.2899
137.5313 33.4050
137.5784 30.6477
138.0536 29.2476
137.3215 31.0207
137.5735 30.3978
137.1697 31.7795
136.9181 31.5544
137.9258 30.4402
135.0231 31.0518
134.7561 30.9346
137.3354 30.8165
137.0352 32.0664
130.9262 29.7957
135.7368 30.1205
129.3891 27.3657
132.9828 32.4993
137.5021 30.1472
137.0459 32.7403
137.6069 30.6010
137.3613 31.0214
137.8445 30.0152
138.1724 29.4240
137.4301 30.8557
131.4276 29.8344
132.1673 31.1621
131.2263 29.9282
131.2198 29.8301
137.0273 31.9086
137.7418 29.3189
137.7079 30.5915
131.1217 30.1319
131.4921 29.8362
137.3795 31.0325
137.6523 31.0105
135.1232 31.1489
137.8252 30.1526
137.7476 30.5112
138.1326 29.8494
130.9876 29.8289
137.7222 30.4288
137.4967 30.8884
137.3556 30.8826
138.1051 29.5823
137.6438 30.3022
136.9969 31.4860
137.6981 30.4986
137.4544 31.4033
137.7290 29.3069
137.1104 31.8398
137.8472 30.1502
137.3464 30.9841
131.1766 29.8091
131.1488 29.8568
137.8916 30.0775
131.1295 29.8178
131.5882 29.8507
134.5342 30.7652
134.6346 29.3151
131.1173 29.7540
137.5365 30.3816
137.8965 30.1348
137.7739 29.6033
137.4656 30.7737
137.7265 30.5629
136.1552 30.7230
137.6178 29.5098
135.0384 31.3244
137.7255 30.1477
125.9063 30.8247
136.5304 30.3772
136.7339 33.0343
136.8381 30.7235
138.3981 30.6129
133.6703 29.9280
136.9580 29.7272
138.6108 29.9319
133.5471 32.1812
135.4506 30.7810
137.4662 32.8740
137.2683 31.7529
136.1840 29.6700
137.0032 29.6639
138.3034 30.5991
134.3568 30.9649
137.0360 31.3820
135.8411 30.8427
136.3494 32.6429
137.3234 28.7286
134.3274 32.3544
136.9286 31.0600
129.0691 28.5124
134.7350 31.1522
135.4966 30.9222
136.2649 30.2640
127.8210 27.5113
136.6385 28.3541
132.5588 30.4675
137.4964 31.7789
136.8452 30.8642
135.9706 29.0945
137.3347 29.8747
135.2887 29.6235
137.2894 32.2455
135.7704 30.6862
136.4003 29.6896
136.1197 29.3629
136.6576 32.1914
136.4677 30.3921
134.2532 28.8752
130.9639 29.0896
135.0387 28.9593
128.1140 27.5130
128.5343 29.0665
138.0278 33.9925
136.9402 30.6921
134.7785 30.4728
136.0457 30.6760
136.3651 29.7685
136.9983 32.3062
130.1210 27.7993
132.5040 31.1690
137.1980 28.5045
132.2332 29.1233
137.0092 33.5923
137.1508 32.5482
136.9601 30.8509
138.1249 29.2538
137.3296 30.3959
135.9054 29.7059
136.1220 32.4402
137.1067 30.8537
132.7852 28.9311
134.9497 30.9129
135.4609 30.9023
131.1813 29.8682
132.3805 30.4744
132.1594 30.7888
129.7907 28.9614
136.9519 29.6489
135.6394 30.6731
135.9219 30.7490
130.5335 27.9766
132.8644 28.2207
136.4171 31.4447
136.9401 33.1587
135.4084 32.5380
136.1977 31.5878
135.5678 33.0112
137.2149 30.1928
137.3085 33.8815
136.6720 32.6253
135.3852 32.8948
136.0979 33.1410
135.8444 31.9949
137.0500 30.4708
137.0486 30.5564
136.4804 32.5681
135.8120 32.8165
136.0508 32.4862
136.2821 33.0041
136.1136 33.2524
135.4156 32.6522
136.7561 32.9236
135.8863 32.7009
135.5010 32.7347
135.4759 32.9737
136.0991 32.4802
135.4887 32.9533
136.4571 32.7163
136.0255 33.0783
136.0660 32.5412
136.5288 32.7812
135.6498 32.2677
136.2374 32.9435
137.3203 33.8180
136.4702 33.0135
135.7233 32.9625
135.2640 32.5690
135.4452 32.6619
136.9662 33.2119
136.1737 33.2038
135.9312 32.4385
135.4942 33.1249
136.2395 32.9252
136.5363 32.7874
136.7642 32.7667
136.8884 32.9767
136.7082 32.6741
135.4832 32.5540
136.6029 32.6040
135.4544 32.5942
135.9794 33.1314
135.4767 33.0481
136.7735 32.8644
137.2733 33.7411
136.3674 31.4531
135.6161 32.8424
136.0305 32.7264
136.8755 33.0516
135.7472 33.1257
136.6982 32.8159
137.1481 33.5607
136.7490 32.8310
136.2973 32.5497
137.3039 33.8703
135.7888 32.8484
136.6555 32.8226
135.7928 32.8265
136.3583 32.8661
137.0037 33.1923
135.1388 32.8155
135.4432 32.8685
136.5974 32.7586
135.6634 33.0915
135.7412 32.9137
135.9541 31.8711
136.7492 32.8976
135.9441 31.8533
136.9668 33.1738
135.4636 32.5107
137.5131 34.0921
135.4998 33.0033
135.7166 32.8298
136.2734 33.0442
135.6212 33.1381
136.9908 33.1684
136.4519 32.6463
137.1842 33.6257
136.0976 32.9054
136.6173 32.6165
136.1886 33.0045
136.7413 32.8641
136.4500 32.6316
135.4022 33.0155
135.6849 32.2821
137.1085 33.4814
135.4632 32.6152
136.2844 32.9029
135.5064 32.2947
136.4949 32.7782
137.0373 33.2780
136.6802 32.9192
136.0526 31.7607
135.4752 32.9204
135.4887 33.0189
135.2023 32.6778
135.9581 33.1629
136.1131 32.8408
136.0917 31.8413
135.6286 33.0900
136.9962 33.1484
135.6579 33.0764
135.8386 33.1315
136.1241 33.0523
135.4278 32.6752
137.1898 33.6032
137.0310 33.4686
135.6895 32.2666
136.8906 33.0976
136.8853 32.9113
137.2335 33.6697
136.9533 33.2061
136.2375 31.5030
136.0488 32.3511
136.2367 33.0606
136.2446 32.9426
136.2752 33.0583
136.3161 32.8935
136.0943 33.1455
136.2955 33.0501
137.1993 29.9908
135.6015 32.9494
136.1924 31.5574
135.8146 32.1026
135.4864 32.5509
135.4520 32.8275
136.0148 33.1577
136.9757 33.1955
136.4711 32.8417
135.4828 32.6344
137.1283 33.5166
136.5517 32.7979
136.1530 33.1179
135.9881 32.8232
135.6670 32.2047
136.3801 32.8291
136.1162 32.8518
136.5740 32.5745
137.0511 30.4836
135.8026 32.4288
135.8616 31.9919
136.6252 32.6934
136.0469 32.7677
135.4989 33.1347
135.6262 33.0600
136.8090 32.9817
135.7410 32.1136
135.8210 33.2113
136.6743 32.6436
135.6262 32.9536
136.9394 33.1544
136.3063 32.9907
136.9711 33.0961
135.3888 32.7767
135.9063 31.8615
136.0015 32.7798
135.5081 32.6826
135.7341 32.1202
136.1801 33.3638
135.9835 32.8407
135.8074 32.0254
135.3918 32.5797
136.3676 33.0185
137.2427 30.1257
137.2851 29.7676
135.3721 32.8654
136.2978 32.7545
136.2444 31.5751
136.3933 32.6659
136.6310 32.7325
136.0996 31.6298
136.8697 33.0957
135.5372 33.0886
135.6829 32.2532
136.3302 31.4421
137.0725 30.5237
135.2155 32.7366
136.9132 33.0940
135.8381 32.0496
137.0151 33.3000
136.2766 32.8739
135.6714 32.8316
136.9810 33.1272
135.7565 32.6563
136.1182 32.8072
136.0445 32.2094
136.4899 32.3525
135.4551 32.9812
136.6493 32.7919
136.5382 32.5643
135.6352 33.0561
135.3984 33.0353
136.1108 32.5098
136.5469 32.9366
136.9394 33.0670
135.7609 32.8985
135.7515 32.3745
136.7051 32.7257
135.4128 32.7611
137.0965 33.4149
137.2467 30.4014
136.9470 33.0884
136.3842 32.4701
136.1846 31.6624
135.4764 32.9226
136.4937 32.6891
136.0526 31.8030
135.1545 32.7618
135.6078 32.8706
135.4659 32.9296
136.0089 33.1002
135.1292 32.7766
136.2370 33.1142
136.0723 32.5646
135.1752 32.6923
135.6042 32.3128
136.7403 32.7410
135.4293 32.5629
136.3466 31.4565
137.0269 33.2941
135.4879 32.8158
135.7369 33.0606
136.0840 33.1518
136.0282 32.6578
135.8765 33.1140
137.0510 30.4760
135.9933 31.7349
137.3055 29.7673
135.9398 33.1649
137.2028 30.1577
136.9266 33.1440
135.8319 32.0112
136.2290 33.3734
137.1391 30.1425
135.3049 32.8248
136.6316 32.9654
135.5011 32.5740
136.0688 33.1166
136.1627 33.0992
135.5858 32.5109
136.0625 33.2412
136.7323 32.9066
136.0551 32.8890
135.5451 32.9285
136.4232 32.9293
136.3744 32.6567
137.1615 33.7304
136.0267 33.1307
136.5803 32.7067
136.6134 32.6869
135.8553 31.9204
136.3364 31.4000
136.9621 33.3821
135.4398 32.5241
137.3476 29.8197
136.9874 33.3123
135.5591 32.9963
137.1807 30.2376
135.7849 33.1356
136.0728 31.7894
135.7351 32.1675
136.3755 33.0489
136.8853 33.0256
135.9425 31.8392
135.5388 33.0362
135.7298 32.4919
136.3330 32.9260
136.6894 32.7014
136.0366 32.5077
136.0064 33.2977
135.2366 32.5826
136.1397 31.6159
136.0654 33.1342
136.5132 32.7511
136.0423 32.5740
135.4776 33.0108
137.1375 33.5301
135.4730 33.1121
135.6209 33.0435
135.2323 32.6028
135.4028 32.7364
135.7334 33.0265
136.9096 33.0821
135.5391 32.4577
135.3232 32.7274
136.0744 32.4956
135.8563 33.1240
136.0344 32.6523
135.4810 32.8019
135.3434 32.5626
135.6301 32.8310
136.9948 33.2101
136.9496 33.0880
135.3593 32.8963
135.3325 32.9574
136.9882 33.2267
135.5034 32.7150
136.6058 32.6084
136.0426 32.5866
135.4808 32.5521
135.6195 33.0532
136.2616 33.0713
136.3993 32.8378
138.2948 34.1865
137.7471 34.1761
136.2503 33.3057
136.0470 32.6149
136.4443 32.8384
136.5613 32.7434
135.4714 32.9309
136.3557 32.6904
137.2592 30.0987
135.2801 32.5875
136.0442 33.2079
136.0222 32.5312
136.9260 33.1171
136.4808 32.7869
136.1508 31.6280
135.4983 32.6571
135.4400 32.8596
135.7574 32.1002
135.4761 32.6558
137.0001 30.5484
135.3616 32.9942
136.6112 32.7138
135.9765 32.6807
136.7881 32.9548
136.9263 33.1562
136.1953 33.1078
136.3881 32.8118
135.4481 33.0298
136.2173 33.2621
136.0765 31.6182
135.9769 33.0511
135.5197 32.5814
136.3341 33.3734
135.5009 32.5327
135.6641 32.1065
136.0410 33.2640
135.4822 32.7659
135.7611 33.0666
135.3726 32.8948
136.2623 31.4459
137.1213 33.5050
136.2651 31.4863
135.4938 32.6734
136.0521 32.3632
135.8974 32.3780
136.8324 32.9733
136.2164 31.5291
136.0741 32.5015
136.3843 32.9802
136.9507 33.1920
135.3750 32.4752
136.4881 32.7405
135.5669 33.0060
136.2720 33.1308
136.0011 32.1151
135.9940 33.2716
135.6248 32.9567
136.5422 32.7905
136.5936 32.6821
135.5128 33.0313
135.6824 33.1885
135.4288 32.9629
136.5108 32.7599
135.5313 32.6397
136.0266 32.6320
136.0672 33.1646
136.0035 32.2879
