133.4475 29.1258
134.8913 27.6577
134.0747 26.6034
139.6958 33.3217
137.9476 34.3503
132.2766 31.6037
132.5299 30.9423
134.9408 28.1015
137.4082 30.1521
127.4585 27.7322
137.2092 28.2309
137.3217 33.1980
137.4430 29.6035
132.3727 27.5599
137.1258 28.4707
134.2117 28.6521
136.3352 29.3400
133.9598 32.1886
132.7535 32.3262
137.9700 28.5973
132.2747 31.5463
134.9465 29.4243
135.8384 29.6948
137.6416 30.4199
138.3291 29.3109
136.1473 27.9345
133.8669 32.0172
136.9284 33.6800
136.7008 33.1235
135.4491 28.1416
138.1029 29.0675
139.2208 29.4548
136.3997 28.3365
139.0224 29.2289
137.9393 30.0771
132.2552 27.3658
137.9366 29.7243
138.1954 28.8256
134.0733 28.7103
138.2642 29.7047
137.7719 29.8836
135.4475 29.8131
135.7783 28.7634
133.9819 28.7385
138.1305 28.7968
134.9070 27.9588
136.4459 33.2635
137.8498 29.6820
137.1465 28.5434
135.8174 27.8033
136.8113 32.7758
132.3136 31.0033
133.3231 32.3715
137.4814 28.3546
130.7749 27.0251
137.5909 28.5985
132.7035 27.6554
136.6950 33.3103
136.8077 30.1586
133.1583 26.4816
136.5468 32.4336
132.5184 31.1854
131.7264 30.3747
134.8121 29.2200
132.0303 27.0755
138.2789 29.5780
136.7422 28.0332
137.4161 30.4510
133.8770 32.2390
136.8576 33.2158
136.4577 28.3066
133.6073 31.8053
134.6958 26.8150
136.6311 28.0580
133.7563 28.6165
135.0614 26.9423
138.6341 29.1353
135.6421 29.1197
133.9301 27.5803
138.6165 29.7710
133.5111 32.3165
132.0857 27.7253
134.8300 26.3544
135.2424 29.6117
134.5076 27.2262
139.2901 29.5944
135.2866 27.4902
135.3614 27.4253
132.4364 31.0040
136.3947 28.8948
132.2753 30.8992
127.7912 27.8575
136.1863 27.8087
138.0148 30.1574
129.0734 29.3236
137.6022 28.5211
134.8968 27.4020
138.9070 29.2703
135.6822 29.3380
136.5056 27.9027
134.0195 26.0924
134.9913 27.9282
137.9455 29.5807
132.6151 31.1933
139.0029 29.7405
134.2589 26.9120
136.0253 32.2339
132.5736 27.6194
134.2313 26.2711
137.4715 30.1594
134.1918 30.4923
133.6112 32.3990
135.2250 27.8641
137.5788 29.8419
141.0762 35.3455
134.7712 28.9513
139.0644 34.6370
136.5894 33.2593
135.9773 28.0517
135.5116 27.4818
133.2726 32.3967
133.8241 32.0822
137.1721 30.1561
136.8924 32.6143
138.2597 29.3768
135.7036 27.7902
133.5492 28.7391
139.0028 29.2487
132.7347 30.6106
133.3559 32.4192
133.5250 31.9070
136.4957 29.0440
136.8127 33.4641
135.7305 28.7116
135.6096 27.9665
135.0426 29.7906
137.2085 30.4657
135.6315 29.1881
137.3352 29.9876
134.6147 28.3535
135.8028 27.5064
134.7537 28.1009
133.0039 31.8362
135.9247 30.9709
136.4853 28.1167
135.0829 29.1743
133.8794 32.1920
138.9070 28.9583
138.6698 28.4541
133.5395 25.9333
134.3714 27.3227
136.9224 32.7197
136.8821 28.1827
132.4911 31.0452
132.5952 31.2048
133.0957 32.3833
136.8924 28.8460
133.4346 32.3553
136.5569 30.5578
133.6294 32.4204
133.2855 30.8860
132.4153 31.0120
131.8259 27.7202
132.4088 32.1210
137.1859 28.3313
134.0893 26.7308
133.6624 32.3477
138.4945 29.7140
136.9182 30.6761
141.5426 33.9016
134.5483 29.3752
133.7613 31.9517
133.8223 32.2815
139.0631 29.3182
138.4253 29.8551
132.1329 27.5719
137.0858 33.4548
134.0553 32.1330
138.1665 29.9368
134.9002 31.1679
133.8064 32.1131
130.6880 28.5645
136.7385 33.4700
135.7128 29.2358
135.1607 29.3003
134.7399 28.1761
135.9309 28.0505
138.3105 28.2553
137.1116 33.7062
133.9615 32.5077
134.3560 28.4588
137.6485 29.8752
133.7835 32.3358
131.3695 29.7785
137.8158 30.0334
135.0046 27.6038
138.7224 29.2107
136.9421 32.1953
138.6758 28.5772
138.2744 28.5575
135.1984 29.3018
136.4077 32.8467
131.7495 30.2433
132.5679 31.1252
138.3147 30.0125
136.9285 29.9701
132.5191 30.9573
138.3826 28.6212
138.9870 29.2052
134.5379 28.2708
134.1922 29.1754
138.4569 29.8738
135.6117 30.3537
135.4643 27.8305
130.7041 26.5947
137.4407 30.1301
137.2823 30.3592
133.7940 32.1031
136.8898 33.4756
137.9739 28.4498
136.9990 28.1897
133.1433 31.4337
137.0457 33.2446
138.2994 29.3717
134.9278 27.6522
136.4619 27.8047
129.7943 25.8573
137.8399 29.8255
134.7510 29.2462
138.6903 28.9000
134.2993 29.2388
136.9614 33.5693
134.9925 27.6349
130.3683 26.2194
136.7899 30.2165
136.7430 28.5726
135.6010 27.9211
134.1204 28.7522
138.2243 28.4963
137.8843 29.9274
133.1641 32.3881
132.1991 31.6271
137.3891 29.8854
127.4051 28.0491
140.0281 34.4901
138.2725 28.9192
136.4928 32.2484
134.2073 26.5096
132.5384 31.0455
130.5207 26.4484
134.0828 32.5106
132.8016 31.2797
135.2672 27.9625
135.5780 28.3373
132.5004 31.9261
135.5098 27.9554
134.1234 26.8215
137.0107 28.2337
139.1237 29.3861
133.1339 31.4659
132.3224 31.9319
135.5493 28.8663
137.0538 30.0509
138.6698 29.9612
137.4760 30.1073
136.8341 33.3002
137.0025 33.2536
138.8607 29.6675
135.1432 28.9226
135.4833 27.4804
136.0784 29.2373
133.9258 32.2292
135.4289 27.5060
133.4972 32.2554
133.9489 28.7558
138.1523 30.0124
138.4765 28.4100
136.3244 28.1745
134.5505 27.0252
132.3491 31.2056
138.8610 29.1071
132.8630 27.8098
136.8185 28.5184
134.4178 26.2917
135.0567 28.0628
134.4068 26.7787
130.7462 26.9223
135.5853 30.6663
136.9709 28.3826
138.7239 28.8668
140.8833 32.8623
138.6638 29.0315
138.8115 28.5823
135.3843 27.5859
139.0475 29.3471
132.5706 27.4757
136.9665 30.2936
130.7411 26.6128
133.8448 29.6021
132.7038 31.0816
133.7043 32.4250
137.6161 28.4376
133.0906 30.8095
136.9291 33.3164
137.7364 30.2841
132.2868 31.1661
135.8550 28.3723
133.0777 28.1441
138.7855 28.9489
136.8475 30.4680
130.5363 26.9421
138.5017 29.6194
136.8416 33.4558
132.3780 31.1349
137.5923 30.1462
134.3666 26.3060
130.7935 26.4814
133.8404 29.7684
134.4710 28.0435
128.7204 27.0332
138.2117 30.1889
133.5931 31.9748
136.8210 33.5912
138.5405 28.9931
138.7174 29.7169
138.2614 29.6093
133.5513 31.8166
138.2982 29.9436
135.1136 27.5256
138.8717 29.0553
137.5584 30.3040
137.8999 30.2302
135.4973 27.6150
133.2002 30.9007
134.3835 30.7096
137.0085 28.3250
134.7502 29.2819
134.9469 27.7546
136.8913 32.7639
133.7155 28.5286
132.9005 31.1844
137.2433 30.5435
135.2491 29.2079
134.5888 26.7302
128.2777 27.0531
133.9489 26.6841
136.7370 33.3450
134.8654 26.5353
133.5323 29.1400
137.3797 33.7620
137.1316 30.1764
138.1456 29.6506
136.1752 27.7698
136.9589 33.2109
137.3041 30.1005
138.9793 29.5114
138.4273 29.9548
135.4576 29.2692
136.6581 29.9464
138.3204 29.3721
136.9796 28.3641
134.0345 32.5933
136.8287 33.2145
127.0168 27.3524
131.5348 29.8008
133.4913 32.2564
138.3415 28.5687
133.8623 31.9582
137.0503 30.3349
133.7447 32.4795
132.4317 32.1704
136.9298 33.2247
137.2746 30.1282
138.3081 28.6620
137.5508 30.0406
137.8541 29.7447
136.6996 27.9960
135.2912 31.4824
129.1502 27.0569
138.2106 32.6351
136.3244 33.0227
133.5841 32.5008
137.9608 29.6540
139.2485 29.1753
137.0005 32.9216
134.0804 28.4284
135.6949 28.3514
133.4240 28.3079
133.6098 28.5640
136.1921 27.8201
133.0480 28.5762
134.3043 27.0404
137.3201 30.3505
136.1414 32.9985
133.3279 28.5149
138.6096 29.5111
133.6691 25.9481
134.9293 26.7338
133.9089 32.1183
133.3059 28.7264
131.0951 27.4659
138.1300 29.7458
138.3433 29.2219
138.7990 29.0184
134.5956 28.2879
134.2226 28.2501
137.0925 30.2181
132.3387 31.0910
136.8042 33.3034
138.7210 29.9076
134.0113 32.1361
136.8895 30.4372
135.1783 27.1699
135.3629 30.0202
137.0297 32.3219
132.6908 31.3720
134.8015 27.6519
136.1628 32.2507
135.8044 27.5557
138.4923 28.9780
133.0137 30.7236
138.2607 28.4074
139.2009 29.4409
131.2319 29.7449
132.7652 31.4385
136.7583 33.0241
132.5267 30.9009
136.9206 33.3336
135.4054 32.3190
138.0011 29.8338
134.1217 29.1154
132.2110 31.2012
132.1373 27.4088
139.0740 28.8658
134.3037 28.4608
137.9776 28.4591
137.0525 28.2978
140.1641 32.5948
139.0394 29.3449
138.6053 29.9422
133.9766 32.5338
133.0031 32.0995
133.6511 32.3878
136.9957 28.1065
138.0111 29.7135
137.9644 29.2997
132.3018 27.1487
135.2784 29.6377
131.2548 28.1043
137.9329 28.6684
134.9795 29.5982
135.0611 27.1907
132.4984 31.2458
138.4090 29.1157
133.7853 29.2152
134.5512 27.1794
136.8633 30.0215
136.4699 27.6905
130.2961 27.4887
136.7042 33.2268
128.2594 29.3290
136.3591 28.4159
134.0379 28.5404
141.6284 34.8262
133.3477 25.9623
138.8182 29.2669
136.6185 27.9692
134.9579 26.8005
133.3797 28.6706
134.5642 26.9269
140.7879 33.0636
132.0224 30.3142
135.7762 27.7116
134.0010 26.8254
133.3851 30.9732
135.3034 28.0685
132.0799 27.3895
138.4603 29.1419
135.5249 32.6161
139.9322 33.1629
136.7858 33.0952
139.8471 32.7612
133.6942 28.4507
138.7036 29.8778
127.3192 27.9225
132.3950 30.9563
137.4210 30.4652
138.8496 29.4612
134.9130 27.6483
137.8868 29.7410
135.5712 27.9387
137.7230 30.1055
139.0537 29.5233
138.9719 29.6518
137.7379 28.4667
135.1440 26.7620
134.0547 32.5250
134.7151 28.2812
138.6077 29.4432
133.8384 28.2678
135.0075 27.5802
136.6495 28.0896
135.1284 27.6033
137.2408 30.2184
131.3315 26.3416
138.3881 29.9919
128.4043 29.8265
136.1879 27.8694
136.7310 28.6168
132.4256 31.0037
132.4695 31.0301
138.2709 28.4221
135.1395 28.9045
138.1591 29.4895
139.0548 29.1946
137.3259 30.4156
128.0016 29.0823
138.6943 29.5940
137.5293 30.3827
136.7274 30.2559
137.3556 29.9173
135.1416 29.0770
137.0021 30.4813
138.2721 28.6574
139.1281 29.3038
132.4534 31.0981
135.6759 27.4302
132.8522 32.2809
133.5964 32.2880
131.0969 27.2859
138.6727 29.8154
132.2931 31.4167
134.9004 27.3614
139.2068 29.2751
138.6926 28.4655
139.2964 29.5771
138.4730 32.3607
134.9023 27.4479
135.4673 27.8897
135.0284 27.5099
138.0053 28.4203
134.0654 28.4129
138.1526 30.1897
139.0502 29.4346
137.9136 30.2812
133.6275 32.1665
134.1165 32.8880
135.4497 27.6352
135.4625 27.6296
135.2547 28.9389
138.8764 29.8687
136.0637 28.7741
138.5405 30.0826
133.4470 32.3264
138.9125 29.6839
133.9094 32.2001
130.8774 27.2951
134.2375 26.5927
133.5446 32.1832
133.8502 32.1405
134.7282 29.5801
135.2676 29.2309
138.1931 29.6667
132.4238 32.1069
130.8640 29.8862
138.7797 29.3558
133.8567 32.1432
133.4542 32.3458
132.5633 31.0141
137.6310 30.3277
137.4380 30.2525
135.7864 29.3095
132.2117 31.5271
127.7858 27.3973
139.1917 29.4824
132.2907 31.2940
134.5393 26.1188
139.1287 28.9159
138.0992 29.8155
138.5908 29.7683
134.0512 32.2607
132.7740 28.0146
139.2613 29.2145
137.4659 28.5810
138.0814 30.0735
137.9598 29.5827
133.3638 28.6613
133.9065 32.2419
130.6982 26.7967
136.1438 31.3139
137.2460 30.7470
137.1682 33.8075
136.6138 30.4120
139.1688 29.0311
137.0282 32.8558
138.1320 30.3596
138.9827 29.2058
135.9067 29.5340
136.4318 32.3232
137.4012 29.5663
132.1624 30.2306
136.6474 32.5014
138.4983 28.4951
136.3686 32.4000
139.8118 32.9945
136.8404 30.6731
137.5880 29.6756
137.3248 33.7874
136.3978 33.2830
139.3909 29.7152
138.9018 29.2141
136.7263 28.9663
135.1803 30.1792
138.0583 29.6894
137.0887 33.2244
131.9603 29.9775
136.8672 32.9292
137.1534 33.6302
136.9941 33.6800
129.0353 29.5083
137.8505 29.3242
128.3864 28.0893
138.4362 30.3625
136.1756 32.3717
138.8935 28.9523
136.2325 29.1173
137.2816 29.6227
137.3474 29.8242
136.1700 32.9943
136.4290 30.2937
138.8884 29.4082
137.7866 30.4498
135.4831 30.0609
137.1259 33.2579
137.8471 29.5490
137.5650 30.3785
129.0035 29.2315
138.7893 29.5531
141.4144 34.7685
136.8770 29.8273
128.5741 28.9349
137.7591 29.4759
135.9877 29.4531
135.9991 31.0952
137.7277 29.2225
132.1652 30.4259
138.3503 28.8809
136.6734 29.0287
138.0783 30.0693
136.6188 33.4686
128.4748 28.8309
136.8043 30.0809
135.7993 29.2531
136.9075 30.7752
135.9680 27.8336
139.4169 32.9929
136.9442 33.3126
132.0023 30.3444
136.6329 28.4370
137.2897 33.5708
138.2350 29.9954
127.8753 29.4636
136.7961 28.3442
135.5716 32.8304
138.0341 28.9124
141.6000 35.4549
137.8343 29.1345
141.3171 33.0955
138.1821 30.0169
141.8214 34.8826
137.8847 29.4040
138.8781 29.1016
138.1345 29.3174
139.8770 33.2453
139.4748 29.4932
138.7483 29.1261
136.1217 29.1016
139.1526 28.9180
135.5722 30.5271
137.1669 33.5857
138.4656 29.0741
138.3927 28.4723
135.7501 29.4773
136.2562 32.8580
139.9498 34.5454
136.0991 27.9700
136.6481 30.4057
138.9362 29.4483
135.6451 32.5649
135.6241 29.8646
140.1134 32.7723
138.5026 29.8596
137.0284 30.7657
138.8527 28.7164
136.5168 32.3978
136.4806 29.0747
135.7880 30.0324
136.9122 32.8457
137.0195 28.9904
135.9360 29.3417
138.1665 34.3048
135.7924 29.4799
133.4995 31.4258
137.1941 33.7871
137.0389 33.2891
137.0140 32.9939
135.9013 29.2692
139.8102 33.3564
139.9099 33.3361
137.0239 29.0302
138.9408 30.0434
137.3471 33.9630
137.1430 33.3138
137.0537 33.4535
136.3584 29.3819
136.0616 32.3816
135.6274 30.2756
132.2601 30.5108
136.8759 33.6282
137.2092 30.3033
136.9134 33.7356
140.4307 34.3191
138.0888 29.6114
137.3971 33.9036
141.2097 35.1382
136.2142 29.0914
128.7546 29.0247
135.3772 32.8862
136.5919 32.4976
141.5353 34.7852
138.0459 30.4244
136.1470 29.1565
138.3903 29.6050
135.7155 32.5349
137.0985 33.8215
136.8515 29.0091
137.0844 33.5016
136.9958 32.8966
136.9894 30.7303
137.2561 30.4230
135.6543 32.6727
139.3602 29.5830
136.8440 32.6985
136.4990 31.6352
136.9489 28.9655
139.0165 29.8806
136.3375 29.0275
131.9308 30.2704
137.0588 33.3547
135.9346 32.4192
139.0897 29.4459
137.0893 33.3572
137.0502 33.2526
134.2552 28.5949
137.6561 29.5359
133.3027 31.0714
135.8597 29.1898
140.2349 34.4245
136.7716 30.6886
136.3523 29.3989
138.3124 29.8341
137.2235 33.6887
135.7770 32.5903
137.8783 29.5652
138.9581 29.7214
136.5148 33.2212
137.1117 33.0534
137.1480 33.6687
135.7031 30.4228
137.0080 32.8935
138.5168 29.0290
136.9737 32.8434
138.7603 29.1925
138.2265 30.5124
137.1911 33.9103
138.3938 29.6230
128.2549 27.9916
127.6464 27.7846
138.3412 29.6146
138.1886 29.6364
128.7852 28.0515
137.0642 33.7950
136.7724 29.0834
136.9652 33.5605
139.1278 29.8439
137.0233 33.8336
137.7306 33.9332
138.8619 30.1320
141.4408 34.6992
132.2874 30.1004
138.3416 30.3091
140.8317 33.8850
137.5784 30.5342
137.0208 33.0591
137.3931 30.6745
136.4757 33.3732
127.9739 29.1244
138.9571 29.4887
131.8615 30.3889
138.5850 29.0435
137.1003 33.3638
137.1093 33.8179
137.7673 30.4879
137.0740 33.6192
137.1513 33.8459
137.2234 33.6117
137.0542 33.0941
137.0267 28.9656
137.8936 29.1081
138.8596 29.8333
134.8103 28.6302
135.5784 32.8151
136.4604 32.7303
135.6429 32.6197
133.3657 31.0101
137.0439 33.0855
135.8496 28.6555
137.5021 30.5867
141.4668 35.1195
135.8373 27.9179
138.3073 34.5194
136.1773 33.0325
134.2621 26.2702
131.5623 28.2413
136.8390 28.5480
137.4317 28.4861
135.4604 28.0152
128.2270 29.8750
128.9049 27.9856
129.2553 28.3251
135.9400 32.7166
134.8342 26.4010
138.1839 29.7891
134.9108 29.0319
136.9575 33.6341
132.5358 32.2468
134.9096 28.6954
139.6037 32.5876
137.3825 29.9454
138.4329 29.0280
135.5463 33.0435
134.2050 30.9228
135.5427 29.2872
136.8324 29.1754
137.3912 29.8117
136.4945 33.3567
139.1684 29.8677
138.7160 29.3091
136.5426 30.2534
132.4868 30.8387
135.4898 27.7010
133.2559 32.7640
139.1341 29.4344
126.1118 31.5680
129.2288 27.0169
134.8701 26.8857
127.7634 28.0706
138.9610 29.2848
138.3375 29.4339
139.9077 33.2592
139.1246 29.4128
136.1173 27.9380
136.9432 32.8951
139.0254 28.5941
138.2154 34.3082
139.0834 32.5846
135.4572 27.4877
136.9179 33.5509
135.3662 32.3030
135.9092 29.1882
134.3766 28.7440
137.9763 28.9992
135.5955 32.5772
133.4026 31.0692
138.3855 29.5098
135.6089 32.7356
137.9661 28.2699
137.2735 29.9893
135.3335 28.5976
135.5873 33.2223
136.1370 28.3947
136.7649 33.0827
136.9597 33.7692
135.5062 31.5175
140.7203 33.0248
136.3285 27.9153
138.8050 30.0059
135.2044 28.1848
135.3337 28.4841
136.2122 29.4361
135.2671 27.8372
139.2738 29.3853
134.5715 26.9932
138.3715 30.1886
128.8788 27.9275
138.9008 29.9030
136.7669 29.8812
137.3929 30.4172
138.9653 29.6689
136.2942 28.4150
135.9191 29.2575
138.9094 28.6737
128.6496 28.4326
135.2022 28.3606
134.1653 27.2619
136.9194 33.4853
138.9917 29.4076
132.0678 30.0972
138.9248 29.7963
137.9314 30.3526
139.8257 33.3364
135.1983 27.0133
139.0728 29.8092
134.8108 29.5164
137.2594 30.1241
128.1895 27.9798
135.7420 32.5402
138.8120 32.4662
135.6033 30.0699
138.5547 29.3271
133.8113 29.7989
131.6997 27.0416
137.0524 29.9465
135.7444 32.5709
138.5321 29.9547
134.3141 26.2155
136.6341 28.2947
135.9218 29.4881
137.7173 33.9100
132.7538 31.0959
135.0906 27.5070
138.0608 29.9551
134.7387 29.0025
137.1835 33.8793
132.7254 30.2965
131.9089 29.9734
134.7188 27.3549
136.7582 32.4780
132.5707 31.1525
137.2331 34.1676
137.6994 28.5693
139.2254 29.4489
138.0416 28.5908
139.0587 29.6473
127.6759 27.9030
135.9701 27.7418
137.7548 29.6827
132.3630 27.2837
138.4333 29.4879
132.0577 27.2318
138.8687 29.5164
135.5942 29.0187
138.2827 32.5271
136.5003 29.4027
137.7313 29.9537
137.0231 30.3648
138.1720 30.0042
132.1270 31.3549
136.4634 32.2878
136.9597 30.0236
137.1072 33.8370
139.8801 32.9230
137.0153 33.1487
134.5351 26.3496
136.6172 27.8598
138.2485 29.1245
133.3368 28.4189
135.5539 27.6307
135.6508 29.3646
138.6760 28.8733
133.8087 32.2531
138.8843 28.9862
127.5408 27.9860
134.6602 31.2543
134.8213 26.7504
134.9012 27.7661
133.7745 32.3977
138.1985 29.3848
135.8857 27.6103
135.6422 33.0602
139.2812 29.3144
138.6325 30.2117
136.7323 33.6455
138.3539 28.6869
128.1315 28.8947
136.5515 33.1154
137.0240 30.3220
135.5682 28.4323
136.8488 30.3323
137.0679 30.2397
138.7375 29.6360
132.5172 27.7827
132.6197 27.3361
138.1530 29.2197
137.1284 30.5514
133.8978 32.2206
133.1237 30.7644
138.4273 29.4935
138.0448 29.9016
139.0090 29.3426
138.1294 33.9312
136.9523 33.4949
137.8416 30.0149
131.6879 27.1190
135.4582 29.7757
128.0997 29.1352
136.3579 30.4281
131.4956 29.7154
133.0933 32.3954
139.1089 29.4795
135.9355 29.0629
132.2551 27.3579
134.5461 26.6615
137.0234 32.9974
136.5409 27.9816
136.8301 30.2896
133.3920 28.8868
138.5337 29.9158
137.1520 33.8600
136.6800 32.4390
135.0585 29.2691
134.2300 27.1586
138.6077 28.8397
134.8416 27.8250
132.6431 31.1781
136.9834 33.7698
134.6263 26.8704
138.6096 29.1070
137.9399 29.7749
137.1374 30.2422
138.4206 29.3879
136.8271 28.3450
134.3498 29.3406
139.6191 33.3019
132.3975 31.0634
139.3304 34.9368
129.3990 27.2297
137.7236 30.0315
137.5443 28.5666
138.2759 32.7499
136.5179 33.1803
133.5516 28.2556
134.4421 28.4033
134.6816 26.6190
132.3077 31.9442
133.2146 28.7608
138.4625 29.8725
138.5017 29.5013
133.5196 32.4143
137.8519 30.0252
136.8387 28.4720
135.8731 29.5112
138.6308 29.9333
132.7294 31.2798
137.0351 28.3933
137.9875 29.6324
135.5903 27.5027
139.0557 29.1719
138.7432 29.3229
134.3360 26.8497
138.2943 29.1070
136.9427 30.3006
133.8985 32.3839
137.5291 30.0371
140.5318 33.9791
134.7844 26.7040
133.5745 32.2432
133.9136 32.1460
136.6029 28.7289
136.9227 30.2521
137.3873 30.1290
137.3698 30.0025
138.3569 29.9954
134.0243 26.5006
132.4999 31.1658
134.1841 26.4953
137.6875 28.5875
135.3742 29.7605
132.4078 30.9966
138.6990 29.7438
134.4184 26.8567
132.2574 31.5284
137.5584 33.9417
132.9535 27.8725
138.5595 29.8907
137.9403 28.6396
134.3951 28.3892
135.4627 27.9359
134.8284 31.0984
138.8110 28.6048
137.0741 30.0810
133.0485 28.6461
138.5147 29.8773
127.4421 27.5653
132.5280 30.9827
127.6575 27.5617
137.1108 30.4328
138.6011 29.9633
137.1163 28.3098
139.1379 29.2501
133.2975 28.6728
136.9734 28.7380
136.4258 27.9132
136.9203 28.3635
134.4435 25.7700
137.9561 28.6548
132.5293 27.5542
138.2575 28.6430
133.5302 32.3483
136.8626 33.1182
138.1653 30.0031
137.3398 30.4317
138.5771 28.6826
137.6633 29.9370
128.7656 26.9740
139.0924 29.3388
138.4992 29.5331
136.4428 32.9141
138.3434 29.3637
134.9180 26.9348
138.4247 29.3776
136.0957 29.0490
137.6510 30.0674
133.6562 28.6392
133.0044 30.7217
136.8884 30.1816
137.0809 30.4777
137.9923 29.8430
136.2969 28.0442
134.1314 30.0757
138.3377 29.5877
127.9376 28.8276
133.8590 28.3617
138.8085 28.9194
136.7413 32.9779
136.5564 28.3167
130.6704 26.4874
130.8025 26.1444
136.5417 28.2081
133.5633 32.3098
128.1290 29.2636
134.4073 26.3653
135.4505 27.8171
132.2256 27.2644
137.5214 30.1307
134.4734 32.4532
138.9671 29.2089
133.6888 31.9605
138.2499 29.3820
127.7765 27.0552
135.1907 27.0402
134.2078 30.2097
135.6399 32.8551
137.9531 29.6296
139.0695 29.5887
135.0306 27.0159
139.0795 29.6106
133.8640 32.5011
137.6856 33.8840
127.9962 29.1559
133.5985 28.9967
135.3103 27.6294
134.4135 32.4358
137.9391 29.7036
135.4707 29.7898
138.0523 28.6654
135.6935 29.2562
137.1259 33.7105
136.5790 33.2525
136.7892 33.0917
135.7639 29.2668
135.2735 27.9335
136.5954 33.3079
138.2884 29.0838
133.1114 28.0036
133.4779 28.3167
134.9329 27.7436
134.8382 29.2220
137.3734 33.9185
127.6819 28.1118
135.8308 29.2520
133.6998 31.8483
127.7392 27.4988
131.5957 29.9982
135.6458 29.5683
138.2397 29.5554
135.4222 28.0012
131.4943 27.5868
133.7370 32.4573
134.9685 27.1874
138.3443 29.0221
132.2200 30.3045
135.8535 29.4109
136.8909 33.5874
137.7213 33.9344
137.4182 28.7243
127.9660 28.2174
132.1023 30.1787
136.8531 33.2919
127.9406 28.8506
137.6949 33.9108
139.2368 29.6485
135.7489 29.2184
136.5369 33.3827
138.3791 29.3518
135.1081 29.5507
133.1465 32.4099
135.6881 28.5569
137.7847 30.2251
136.7611 30.0056
133.5966 32.1563
134.5888 30.9031
127.6522 27.8907
135.5650 32.7236
133.7018 32.0486
139.7757 33.2498
127.9495 28.6967
134.7899 31.3805
135.7646 28.4495
138.9501 29.4572
135.0487 27.9901
136.5536 33.2411
138.3942 29.4060
135.9850 28.4186
135.7995 29.6382
132.6906 30.5241
133.5433 31.6757
139.1108 29.7401
135.9551 29.3690
136.7149 28.3567
138.0992 28.6111
139.7293 32.8973
138.0742 30.4875
135.7971 29.2365
136.2815 28.0151
132.3464 30.2910
137.4224 30.2810
132.8375 27.7759
133.4463 31.4360
137.0324 30.1410
135.5177 27.8708
136.7830 29.9004
138.5707 29.1543
136.9892 33.6701
135.1045 29.5458
136.7999 28.0493
135.6959 29.8843
136.3124 32.3052
139.1495 29.6517
138.3773 29.9458
139.0487 29.7948
132.3545 30.2589
135.8159 28.4719
137.0067 28.8222
135.8315 29.3444
132.1664 31.6273
136.9988 33.5173
135.9132 30.9799
133.9666 32.3941
132.6568 31.0160
133.8162 28.8653
131.2501 27.6385
136.2040 28.6035
133.4718 31.5207
136.7477 33.6464
136.5865 33.3448
132.3432 31.0843
138.0020 29.4593
136.4502 33.1102
137.9166 29.3323
136.7234 29.6311
138.4744 30.3272
137.2085 33.9761
137.5028 30.6972
137.0602 29.7588
135.5169 32.7736
137.8078 30.2707
136.9915 33.7763
137.4135 29.5633
135.4809 32.7767
136.4855 29.9243
136.1953 30.2614
136.5366 33.0693
137.2673 30.9177
136.6807 33.1253
140.5241 32.7832
136.4433 29.9397
137.4946 30.8250
136.9845 29.7060
135.6116 32.7896
136.5553 29.6122
135.7720 32.5698
137.4910 30.3891
136.5806 33.3343
136.8997 30.2279
136.6287 29.8237
135.7592 29.7751
136.6022 29.8829
137.6270 33.9808
138.1204 34.4003
137.4352 30.8878
137.1329 29.1701
135.9148 32.5540
136.1717 30.3726
137.0663 33.3276
136.9138 30.3442
137.6929 29.3773
137.2004 33.9850
136.1764 33.0962
138.2388 29.1529
138.0885 30.0046
136.7847 30.3619
137.9523 34.4272
138.0243 30.0759
136.4476 32.9868
137.8985 29.5120
138.2215 29.8751
137.3070 29.7220
136.9944 30.9457
136.3883 29.9428
135.3552 33.1381
138.4229 29.7299
136.9276 30.1361
136.1173 31.2294
136.7798 32.6900
137.6322 30.4100
138.3802 29.6409
137.1101 30.4796
141.9633 35.7559
138.7811 29.4035
137.6839 30.8020
137.3237 34.0246
137.7971 29.4807
136.1931 32.8354
137.5797 30.2878
137.8287 30.0422
138.7273 30.1000
138.9129 30.0743
138.3712 29.6725
137.3411 29.7166
136.6016 30.0617
137.1872 29.7379
135.7802 32.7202
136.8440 30.2068
138.7881 30.1635
136.3901 29.9792
136.2305 32.8963
137.8323 34.0182
138.5593 29.6087
136.3064 32.8462
136.7026 33.3247
136.9090 30.4097
135.4800 32.8234
138.7639 30.2105
136.8772 29.2999
136.3652 32.8770
139.6721 34.7108
137.5611 30.8856
135.6680 30.3572
136.8417 29.7391
140.1740 34.4838
136.2668 32.4064
137.1100 30.1561
137.7179 30.2795
136.5003 32.9842
136.3309 32.8977
136.4935 29.8466
136.1534 30.1996
136.5406 30.1002
137.8951 29.6104
137.5540 34.0823
137.0811 33.5130
136.5609 32.5004
142.9435 35.7449
136.4216 30.2165
138.5621 30.3585
138.9442 30.0330
137.9488 29.5425
136.5960 30.1668
141.4055 34.8668
136.1980 33.1767
137.4946 30.3914
137.9559 34.3763
136.2443 30.6576
135.5606 32.7534
137.0178 29.7683
136.4789 29.9331
136.7924 30.2250
137.9165 29.3639
136.4659 30.8106
137.0736 30.2545
138.3434 29.8494
138.1295 29.3847
136.8609 32.7114
137.4727 34.0541
136.5769 30.8006
138.5168 29.1521
136.6152 29.8278
136.4067 33.4441
135.4648 32.8482
136.7839 29.8296
137.9905 33.9921
138.3706 29.6386
136.3636 30.1187
136.8944 30.7008
137.3244 33.9988
137.9960 29.3092
137.3998 33.8187
137.8116 29.4462
136.5750 33.2036
138.6757 30.2341
141.5953 35.5604
137.5802 29.4138
137.9688 30.1119
137.7906 30.2738
137.1644 29.7052
134.2586 32.5841
136.4780 29.9945
136.4422 33.0108
136.3960 32.4400
135.5346 32.8511
137.2893 29.7141
138.4049 29.6082
136.8244 29.5860
135.4571 33.2045
136.1277 32.4928
136.3606 30.4441
138.0292 30.1977
137.7561 29.5474
136.2749 30.1544
136.8860 29.4647
138.9157 29.8583
137.5158 29.4511
137.0957 30.8855
136.6621 30.0011
136.4035 32.8967
137.0465 30.4728
139.0559 29.8137
139.0624 29.9010
137.3739 29.5396
136.6734 30.3791
140.1426 34.4941
137.0287 33.2361
138.9169 29.5242
136.3903 32.9208
135.8046 32.7128
136.3644 33.4589
137.7836 34.0224
136.3480 30.5494
137.0314 29.7436
137.6306 29.4662
135.8938 32.4823
140.7167 33.8924
138.5917 30.3492
137.4462 29.5530
136.3977 29.3306
136.4083 30.1626
137.2880 34.0549
136.3885 32.4484
137.0497 33.8502
137.6669 33.8678
138.3103 29.8250
135.3905 32.8813
138.8956 30.1181
136.3989 30.0101
135.6053 32.8195
137.2930 30.7300
135.4798 32.8524
138.0419 30.1312
137.8509 30.5992
136.2209 32.4343
136.1501 30.4234
136.8853 30.6792
139.1458 34.8827
136.8981 29.5938
136.9724 30.1329
136.8366 30.1503
138.4963 30.3815
136.1685 32.9005
136.8780 30.9428
135.7120 30.6680
136.8529 30.3694
140.9333 34.9021
135.9855 32.5247
136.9708 33.1355
136.0565 33.1938
138.8770 30.1315
138.6925 30.2884
139.1934 29.6587
138.4516 29.7264
138.4368 29.6150
138.2536 30.3622
137.4591 30.4183
136.2162 30.3814
136.2801 32.4055
136.6103 30.8608
137.8566 30.4202
138.0793 29.8521
137.0525 33.0454
136.2696 30.1355
138.4242 29.7916
136.6086 32.4713
136.7567 29.2318
137.8818 30.1638
137.1414 30.4858
137.1472 30.3521
138.9101 29.5533
135.5085 32.8815
138.4232 29.8624
138.1239 30.0180
137.1932 30.9256
136.4099 32.4029
136.5620 33.2022
136.5203 30.1227
136.7059 29.8221
138.3507 30.2703
137.4236 34.0195
136.8040 32.7456
136.6467 29.8607
138.4484 29.3468
136.3464 30.4284
136.4667 30.7572
137.8140 30.1348
138.1106 30.0211
137.0458 33.9317
137.0286 29.4372
136.4047 30.0088
136.5884 30.5327
136.9919 33.0556
137.9407 29.3201
138.2634 29.8555
141.4151 35.6442
136.2321 30.2566
137.7372 29.1747
136.4479 32.9802
136.6519 33.0725
138.3941 30.2895
141.5654 35.6100
137.2436 30.7113
136.2104 30.3253
136.4264 29.3429
137.2693 29.2060
137.6034 29.6063
136.2082 30.4471
140.9360 35.1623
138.1153 29.8773
138.4497 29.7787
137.9523 29.3978
137.9771 30.0049
136.5419 29.6119
138.1533 30.6213
135.6983 30.1854
136.6808 33.0704
136.3817 32.9200
138.4616 30.4565
136.2089 30.5690
136.7098 30.5772
138.2302 29.7468
137.7773 30.1860
136.1374 29.6021
136.6047 33.2156
136.5923 30.4030
136.3349 30.7581
137.8127 29.3761
135.6541 33.0049
138.0095 29.3674
137.3480 30.4033
136.3063 30.1048
136.3441 32.8899
135.3439 33.0158
136.9958 29.7004
136.7588 30.7995
139.3713 29.5679
136.3203 30.4515
136.8608 29.2692
138.0635 30.0513
136.5084 30.6556
136.1421 29.5631
136.3689 29.5291
138.3746 29.7823
136.5802 29.8785
137.3844 30.5100
138.4479 29.0954
137.9221 30.4152
136.3569 30.7135
138.4345 29.7710
137.7655 30.1035
138.1394 29.3357
137.8221 30.5748
138.4697 30.2336
135.7405 30.1163
137.4684 30.1734
137.9227 29.1806
127.7937 29.1910
135.1631 27.6668
136.3298 32.3605
136.6149 31.9846
133.6597 27.5662
139.1485 34.7876
130.6566 29.2348
137.8047 29.7530
142.8825 35.5570
136.7980 33.4621
135.6314 31.2158
136.4485 28.0008
127.8815 28.6417
137.4744 34.0543
137.4487 33.7300
136.4883 33.1475
134.0007 30.6412
134.5242 28.1106
132.6160 32.0509
137.2433 30.6332
138.4976 34.2088
137.1794 28.6919
133.5694 31.7289
133.5404 32.1309
132.1904 30.6100
135.5828 28.5171
130.7626 26.0775
132.5338 31.5574
133.6036 32.4502
132.8678 31.5681
134.0715 30.0418
141.5168 35.1850
134.6462 27.3054
135.9117 27.8701
135.5463 25.5981
136.1959 32.7596
137.9579 30.2301
134.0173 29.3568
137.5390 30.0513
139.2056 29.3999
138.7868 29.8467
135.9619 28.8768
139.1989 35.0999
127.4830 27.9476
141.7850 34.3661
138.5103 29.6441
136.6934 27.6363
138.7390 32.3785
135.4439 27.7036
137.6344 28.6983
133.1879 30.6331
137.9501 29.9040
138.1030 29.7054
125.7804 29.1357
138.4350 32.1598
134.0911 26.2645
135.5334 26.9179
127.9770 28.7274
135.2331 26.9476
137.8802 28.2275
136.2340 28.1509
138.5372 29.5276
135.8503 33.3290
136.3848 29.8892
137.5470 29.9100
136.8310 33.0751
132.1710 30.2348
137.5396 29.6806
135.9982 28.4792
129.7284 26.9866
138.1395 30.1920
132.1566 30.7764
134.2037 27.2680
141.4643 34.9009
136.0730 33.0896
133.1857 32.2903
138.9512 32.4316
136.8337 28.1941
134.9032 28.3439
137.7480 34.0667
134.4093 26.5828
138.1216 30.2564
138.0538 29.3934
132.1954 27.3349
141.3264 34.0103
128.5686 28.5166
136.6254 30.1268
134.8608 27.2731
138.4465 30.5668
137.5107 29.8222
133.0645 30.6435
137.3233 33.9679
128.2414 28.1285
134.9276 26.4175
132.6741 30.4216
135.9991 33.1475
140.0879 34.4178
132.5186 30.3158
127.7957 28.9255
137.2718 33.7411
134.4484 32.4389
134.1932 31.9602
138.9191 29.7320
138.6377 29.6748
139.0925 29.3197
136.9448 28.2406
134.8837 32.0616
133.9367 28.2389
135.9552 27.7493
131.8254 30.0529
136.4858 28.9032
134.0296 31.9901
136.7499 33.3577
136.6563 33.0110
135.4975 30.4265
138.1693 29.7695
135.1649 27.6661
133.8158 32.4919
136.7749 32.6962
136.8083 28.7893
138.6245 29.5994
138.2645 30.1823
134.1279 31.3000
134.3343 28.3599
136.9872 32.7632
135.4261 29.7811
135.2471 28.2513
137.2379 30.3685
139.1249 28.9780
127.5109 27.2567
134.1844 30.4941
137.2441 33.2422
135.7033 29.2555
133.8278 28.6941
128.0684 29.1594
138.2415 30.2467
135.8266 29.2979
135.1114 28.0072
132.5788 30.4833
131.6814 31.7800
138.0286 28.2923
138.6208 29.0565
132.6636 31.1781
129.3213 29.2854
137.9692 28.9601
137.8981 30.0599
132.2836 31.9987
134.6721 28.8104
135.1509 27.8542
138.1637 29.8526
133.5119 32.2891
127.9157 29.4291
135.6958 28.1246
138.5513 29.1441
128.1540 29.2112
138.5599 29.1470
135.3255 27.4617
133.9857 32.1700
137.3639 29.9436
138.1739 30.1062
136.6462 28.9673
136.2411 29.2878
135.8363 27.9195
138.4376 29.1170
135.3956 27.3648
134.6707 26.8299
139.2525 29.5367
135.6689 30.2718
135.5125 31.1207
134.8329 27.6246
134.7528 27.3247
135.0123 27.4707
134.9296 27.9834
137.3612 28.7653
138.4217 30.0162
137.9456 29.8558
138.3596 29.9076
135.4177 27.5145
133.4269 28.5070
127.5331 27.6576
139.0768 29.4705
136.6462 32.4507
133.1108 32.3258
137.8037 30.4533
128.0388 29.0204
134.8485 28.5311
134.6600 26.9467
140.1430 34.3628
135.9040 28.0853
135.8136 27.8498
134.8096 28.2925
135.5351 29.7852
134.6161 27.2230
138.0467 29.4111
138.9886 28.8705
134.3259 26.7883
135.7352 29.5578
128.6138 27.4604
134.0397 31.2015
135.4895 29.0848
133.5061 31.8740
136.4255 33.2545
138.0677 29.7594
136.7464 32.5151
136.1034 27.6736
131.3906 30.0196
137.9484 29.6064
138.0583 29.3403
136.4922 28.0969
137.5597 30.2216
133.4053 31.2393
135.5333 33.0105
138.7493 29.0027
137.3392 29.9491
136.6052 30.2497
136.7607 30.5195
135.9165 27.7603
130.7819 29.1709
128.0345 28.2064
134.1991 29.3691
138.9787 29.2237
140.4675 34.1265
135.8394 29.5310
135.2905 27.9041
136.3954 28.3702
134.3583 26.6896
138.3594 29.0729
137.9997 29.6311
135.1121 27.5918
139.3621 29.4291
139.4306 29.3797
135.1856 29.1244
140.8125 34.9304
134.8568 28.9976
135.0248 27.7748
134.3018 27.8565
136.7815 32.7513
137.6671 29.7411
135.6807 27.6004
138.1748 30.3691
131.5044 29.5599
135.6016 30.6247
133.0310 30.7276
135.9198 31.0883
135.8721 32.5565
136.5141 30.5652
137.1307 33.5611
136.8096 32.8114
136.0185 27.9743
136.0217 28.1586
138.9055 28.7462
134.9746 29.0587
132.8608 31.3890
137.4104 29.4921
137.4580 29.2445
136.6694 29.9406
137.1695 30.6718
138.6196 34.4078
132.3658 32.0055
138.9899 28.8965
135.1011 28.5204
137.9756 29.9181
133.4786 32.2247
138.5956 29.5528
137.5506 30.3980
128.4752 29.5853
128.9763 26.9266
128.1394 29.8124
139.0045 29.8151
135.3832 28.0495
137.0791 33.3637
138.4359 28.5033
138.9466 29.0471
129.5831 28.5762
128.2000 29.4143
137.3944 33.6647
129.3561 27.4512
138.6796 28.2868
135.1145 27.1816
138.1594 30.3026
137.7789 30.1989
141.1843 35.3801
134.8230 29.2140
133.9141 32.1558
136.3945 33.4710
133.8967 26.8442
136.1295 31.8290
138.9926 29.4319
137.6709 33.9805
136.4486 28.1695
139.7827 33.4092
136.1551 28.4134
138.7735 29.0932
137.1066 29.4587
135.6766 27.9450
135.0774 27.6024
137.4944 29.8155
129.3215 28.6299
133.5311 32.0771
135.7051 30.4643
129.1771 27.2150
132.2521 31.1398
129.2489 26.5221
138.3098 30.5738
138.4066 29.7233
127.8457 28.6792
136.9890 33.0043
138.9140 34.5835
135.1640 27.9743
136.8290 33.7124
138.8645 30.1064
136.1180 29.1217
136.5341 29.0937
138.0414 29.6342
137.4101 33.7447
136.6110 30.6159
137.0436 30.6706
139.2919 29.6656
138.1666 29.6607
137.8701 29.7820
137.6564 34.0114
139.9419 32.3879
141.0077 35.0741
137.3455 33.9725
138.1185 29.4275
136.5033 32.4055
137.3408 30.5633
141.0730 35.1805
135.5554 32.6887
137.7749 29.8033
138.3801 29.0369
137.4104 30.5513
137.0756 33.6606
137.1278 33.6652
141.8367 34.1362
138.3717 28.9468
137.1862 33.5696
138.1930 29.7009
137.1124 33.2071
135.7345 32.7948
138.7486 30.2043
140.2566 33.1811
136.7002 33.5858
137.3280 33.8411
137.9577 29.0325
137.0728 33.2509
137.0430 32.9683
141.0951 35.1949
136.0542 32.4240
127.6315 28.2474
137.0579 33.3453
135.3054 33.0888
137.1798 33.8275
136.8610 29.0666
136.6017 33.5365
137.8339 29.9942
136.9133 33.7353
136.1236 29.5879
135.8197 32.4716
139.1639 29.4225
136.4476 32.3553
137.0602 33.5594
137.0307 33.0751
136.7959 33.3240
138.8478 29.9124
136.2502 32.3637
136.6304 33.5420
137.0320 33.0267
137.0725 33.2805
138.2756 29.7241
136.5830 32.5099
137.0096 33.5378
138.3859 30.3231
136.3807 29.3990
138.5225 30.3504
136.9350 32.7780
137.3483 29.0171
136.8737 32.7123
136.9152 32.8140
141.8424 34.7237
138.4149 29.6841
136.5868 33.5013
136.7182 29.0211
136.9631 29.1775
137.3290 33.4709
138.8781 30.0959
136.8102 32.5934
135.8823 29.5480
135.5646 32.9286
139.0364 29.8555
137.1039 33.7281
135.0259 29.0927
137.5349 33.9546
136.5397 33.1162
136.5059 32.3945
136.5297 33.3584
135.8637 29.2493
137.3456 33.8922
136.4597 32.4584
138.7692 34.4631
136.9635 32.1443
136.7101 30.6576
137.3659 29.3688
136.9393 33.7701
135.5991 32.6891
137.8910 29.2871
136.0483 29.1494
135.9644 32.4094
138.0187 30.4024
136.1544 32.3911
135.6187 30.0438
136.7148 30.2558
136.5659 29.3828
136.4922 29.9736
136.1291 29.2160
137.0959 33.6287
139.3130 29.7042
136.9934 29.7697
136.6284 29.8907
135.4090 29.5412
137.5712 30.6455
137.5257 29.4918
137.1180 33.5224
138.0330 29.7356
141.1535 35.3831
138.7103 29.2138
137.3149 33.3993
128.9522 25.8097
132.0511 27.7690
136.3388 32.6545
132.4679 27.9706
133.4805 28.5471
127.9164 29.6276
128.3014 26.3229
131.6363 30.2332
136.8996 32.7017
138.2552 29.1678
137.2492 29.9067
132.4887 27.8252
138.3624 29.6632
139.2157 29.4249
137.1867 30.1664
132.7674 27.5853
140.4782 34.2133
132.8704 27.9352
135.9308 28.5394
136.9694 33.1503
131.3030 27.6724
138.1316 30.1749
133.5522 31.6456
136.9754 30.3043
133.7213 32.0017
137.8583 29.5565
136.8566 33.7360
138.0620 30.0463
137.9396 29.6301
134.9852 27.2436
133.7643 31.9326
138.6329 28.9990
133.5137 32.2342
135.0290 26.3247
137.7984 29.9363
135.0863 25.0086
134.3920 30.7965
127.2899 27.7056
132.4874 30.5750
137.6192 33.9006
134.1716 32.8323
141.1400 35.2582
138.3863 30.2118
132.5247 27.8683
136.6556 32.5865
138.2085 28.7656
138.9807 29.6473
133.9244 28.9753
136.1805 27.9691
136.9695 33.0867
138.1780 29.1725
135.7958 27.6832
136.9605 30.3515
138.1230 29.8414
141.0187 34.9028
135.7601 27.5577
135.6165 29.9611
131.9896 27.6291
136.9142 30.2926
133.5914 29.3508
136.9324 30.2717
138.3504 29.1265
134.2909 28.9755
137.9879 29.7533
136.8192 33.0111
137.4471 30.3547
133.6931 31.8925
136.8787 30.2519
135.8354 27.9054
133.6556 31.9429
138.3810 34.3517
136.9420 30.2090
137.6248 30.2180
136.5977 32.5123
138.2272 30.2461
139.1436 29.4746
136.8984 30.3231
138.2209 29.9157
138.9667 29.3183
137.3259 33.6854
135.9353 28.0087
137.8222 30.4614
137.6279 33.8770
136.9172 32.8550
139.8587 34.4719
136.9581 30.3400
136.9020 30.3012
134.3143 28.6140
136.0106 27.6020
133.5508 32.3531
137.1704 28.4123
134.9322 26.7843
132.1378 27.5230
139.9018 32.9754
137.9335 34.3606
136.4699 30.3395
136.9408 30.3364
132.8163 28.8703
137.6315 30.2979
130.4957 27.0747
133.6352 28.7665
133.7421 32.1702
131.5676 30.1593
130.2554 27.1672
138.9402 30.1186
136.9008 30.5199
137.3645 30.3258
138.1342 29.8866
137.3953 29.1426
137.3158 30.0794
137.9181 29.7968
138.8021 29.6577
138.5633 29.0187
137.5085 30.2442
136.6472 33.3188
135.8859 29.9120
136.7880 30.0519
137.0744 30.4791
136.8377 30.6631
138.1024 29.2661
136.1887 29.6817
135.7113 32.9490
138.5785 30.3816
137.3940 29.3171
136.5668 32.4879
137.5652 30.3667
136.9659 29.7469
137.9670 29.5501
136.8950 33.6650
137.0251 33.2284
138.2463 29.5881
137.6546 29.7406
137.7646 30.2082
137.9980 29.8924
137.1577 33.8736
137.6161 30.1956
137.0487 33.9102
138.2962 29.6904
138.2103 33.9943
137.1541 30.4755
136.2747 33.2176
138.0484 29.2621
137.2434 33.8162
137.6091 30.3385
137.0735 33.3298
137.6957 29.2950
136.4481 30.1219
137.8015 29.9827
137.1530 30.6486
136.1158 32.3579
137.0193 33.8558
137.8850 30.0686
136.3018 33.7997
136.8805 30.4045
141.4267 33.1082
137.9030 29.8672
137.5237 34.0587
135.6236 30.0429
136.5722 30.2980
136.4535 32.7298
136.8915 30.0739
137.0837 30.4674
138.6144 29.9442
137.1815 30.4702
136.8501 32.7643
138.6858 29.9202
137.8820 30.2906
136.2922 33.1670
137.8272 30.1096
138.1041 30.1231
137.4927 29.4910
136.3406 32.3707
137.5952 30.0065
138.3430 29.9954
136.6588 33.5730
137.8277 30.0516
136.6337 30.5794
138.0549 30.0699
137.3610 29.4044
137.3645 29.1469
138.0047 29.9821
137.3746 30.3171
137.9733 29.3106
138.3352 29.7028
137.1302 33.6166
137.4700 30.3981
137.4067 34.0540
137.8992 29.9526
137.9923 29.9153
137.7624 30.2515
137.3281 30.5354
137.1515 33.2763
137.9455 29.8159
137.7933 29.1858
137.8177 29.5280
136.4280 29.1324
137.3612 30.1128
137.6553 30.2913
137.1289 33.4522
137.6966 30.2531
136.6492 30.0327
137.8628 30.0798
136.7693 32.5592
137.4916 29.2577
136.2902 33.0367
137.9843 29.9893
137.6891 30.2331
136.5485 30.1698
138.0930 29.8647
135.7811 30.8468
138.3561 29.7180
137.9880 29.8845
141.2183 32.8335
138.0053 29.7863
136.3941 33.0984
137.9088 30.1449
141.6023 34.7099
138.3085 29.8270
138.3455 29.8225
137.5589 30.3852
138.2416 28.9495
138.1126 29.2735
141.8668 34.3364
137.9066 29.9139
136.6623 32.4541
136.8916 33.0660
137.0696 33.0129
137.6632 30.1423
135.7172 33.0145
137.6221 30.2013
136.9158 30.3749
138.0957 29.7946
141.5893 33.3045
138.0087 29.9656
136.7331 33.6479
136.6784 30.4784
137.6761 34.1030
137.8999 30.0067
138.3485 30.3694
138.0196 29.9004
137.0195 30.3068
137.0804 33.8556
136.6402 28.4005
127.1346 28.2422
137.0381 28.5495
137.8432 28.4654
138.4939 30.1774
138.5320 29.3618
135.0618 27.1377
138.3994 34.1385
134.8107 30.4403
139.1671 29.2489
135.1605 25.5101
132.8314 31.9652
131.9391 31.5582
133.5366 32.2628
137.3519 30.1780
137.0602 29.9872
136.6073 32.8458
134.8104 25.2050
132.0872 30.9921
137.2127 28.2772
137.7702 28.5940
134.3378 32.1065
138.6257 34.3727
132.3665 27.5272
132.5410 31.6366
131.6107 29.1462
136.3221 27.7051
130.0955 29.3191
132.4539 27.6217
133.6417 26.4399
137.4956 33.8100
130.2646 31.1510
134.9214 26.7841
136.3285 27.8497
127.2733 28.0523
136.8491 32.8012
127.6086 29.5416
133.3657 29.0791
126.8659 29.7718
133.0125 25.3634
138.6651 29.7260
131.4510 27.6832
136.1335 29.6053
133.5120 32.0133
134.8964 25.3812
133.4556 31.5223
139.1829 29.5339
135.3332 28.7419
134.8289 25.9821
138.3835 30.2700
127.7907 27.6873
138.4058 29.0345
132.6053 31.7916
137.2030 30.3855
133.9369 31.9251
137.8458 33.9376
132.7610 31.8833
135.0553 27.4358
136.9034 33.9637
138.5686 28.9761
134.9081 26.6647
134.1004 28.9195
132.3860 31.9613
136.7284 33.0640
131.1832 26.2110
128.7147 28.6122
135.0828 28.6123
134.9932 30.0946
138.9367 29.0454
130.1776 26.0530
128.1931 28.4776
133.6979 31.8255
133.4930 30.7707
133.7912 31.3647
137.7200 30.0526
136.3897 32.3686
133.1741 31.3244
134.9223 30.6246
139.5794 33.2592
139.1763 29.5515
134.4172 27.5540
134.6812 27.5522
133.6153 30.0828
134.7936 28.0935
137.9298 29.8728
136.0206 31.9341
133.5772 31.4036
132.7033 31.6800
133.8613 25.8662
129.2110 25.1686
129.5952 27.1155
133.6051 26.3212
130.6509 28.9229
134.1485 31.8950
133.4788 31.3277
138.5650 29.3193
135.1815 29.8096
135.5286 27.6157
133.5887 24.9144
131.7709 29.5332
130.0264 27.4863
135.7644 29.7704
132.8188 25.7276
131.9597 29.9945
130.3584 27.8439
129.3820 30.3439
134.4034 25.9900
134.4543 27.7989
132.7262 25.0683
135.5244 29.9465
131.7222 29.5268
137.7605 28.4899
131.7729 25.8581
135.0260 27.0174
133.6034 25.2220
130.3081 25.1078
131.9599 29.6642
134.9809 26.3209
129.8549 25.4291
134.8982 24.4465
135.7191 27.0362
133.7925 25.4108
134.4305 27.2999
134.8251 26.1629
133.6795 26.7614
134.3001 30.5109
137.9390 28.2921
137.5123 28.1856
135.6877 32.3057
131.3568 27.9764
129.3397 25.3280
133.5984 31.6903
134.0081 27.1867
134.3976 27.4676
134.4799 26.8283
132.9061 25.3196
131.0387 27.1749
131.4553 27.3788
133.8706 24.4111
133.6151 25.2381
134.7289 30.6042
134.0826 25.0226
134.2647 25.4681
133.4323 25.5687
133.1429 23.9819
135.0536 27.4847
133.3748 32.1298
138.6429 29.5132
134.9537 26.0703
133.1635 30.9976
134.6248 28.8617
139.0656 29.9551
133.7681 28.7773
128.6112 29.6748
128.3066 28.0643
133.4367 30.9716
135.5347 29.4327
138.1111 32.4814
137.2086 33.2584
137.5238 30.2828
140.0724 33.0428
136.3080 32.8836
134.1792 26.9353
136.8189 33.0918
130.0062 26.9410
132.2339 27.4155
135.1157 29.6845
138.2203 29.1207
128.5372 29.8961
136.4455 28.0213
138.5706 28.9959
134.3806 26.3501
135.6444 29.9339
135.4898 27.8721
136.7345 33.5454
128.1839 29.2411
135.5942 31.1673
137.9737 29.6910
136.6747 30.1354
127.7973 28.0310
137.3095 33.2477
133.5833 32.2993
138.4251 29.3868
133.4848 32.4485
136.8100 33.2589
135.3459 31.7743
138.5995 28.4166
137.5087 30.4527
131.6673 29.7227
136.8332 33.0971
135.6651 27.9985
134.0358 32.1043
137.2629 29.9421
137.8192 30.5144
135.4198 29.2990
138.0238 28.9042
138.2794 29.8982
135.2994 27.1991
135.8180 28.0873
134.0863 32.0954
134.2385 28.5946
138.5036 28.2150
138.9623 29.1763
136.8262 32.6909
134.8730 26.3322
131.9159 30.8523
133.8025 31.4105
138.1018 29.6351
138.6498 28.9953
133.2369 32.1873
136.7086 30.2929
139.3571 29.3412
136.9131 33.5851
139.2553 29.1405
134.4132 29.4136
137.8275 29.5886
136.9234 30.6422
138.6573 29.4594
137.4693 30.6086
140.2701 33.1110
132.6380 32.3530
137.5375 29.7137
136.2373 27.9142
135.4841 26.9521
135.5569 27.3067
138.6398 29.5651
136.0580 32.3924
138.7415 29.2803
126.2008 31.2295
135.3224 29.2398
141.2301 34.7819
136.7082 33.3295
136.9867 32.6727
132.7575 28.1081
139.0909 29.4407
129.8409 29.3774
135.5660 30.6439
135.2704 27.8405
137.1640 33.2877
132.4906 31.1570
136.3231 28.1724
134.6035 27.4344
130.2424 29.5154
134.5445 30.6110
133.6466 29.6281
128.0834 27.2755
134.6472 26.0155
129.5410 29.2215
138.5755 28.4431
131.8794 30.3836
136.2783 33.1223
138.7059 28.7260
136.4950 27.9629
130.0372 29.3663
135.2963 29.9544
133.4647 28.2549
134.4946 30.7487
133.1795 31.5817
138.8612 29.0795
137.9911 28.6135
132.3553 31.9214
132.4938 30.2095
136.6982 30.4411
132.9316 31.2806
127.5219 28.4675
133.9953 30.2790
137.2400 30.3076
139.2919 29.4753
135.0783 32.4384
137.5310 30.1138
134.2627 28.3317
134.9427 28.0780
136.6063 27.9297
137.4767 30.3178
134.3985 26.4009
129.1683 28.5824
138.6934 28.7955
137.1931 30.4314
130.8344 27.4654
131.6255 29.9444
134.1728 26.5047
133.3105 28.3821
127.9298 29.1714
131.6152 30.2021
135.4871 31.2600
131.9479 29.4066
136.7942 33.3000
128.5474 29.9655
132.6053 31.1165
138.5466 29.6952
138.9911 29.3268
137.2175 30.4071
134.3600 25.8982
137.5341 30.2775
132.5311 31.3958
138.6345 29.5256
138.8806 29.0779
136.8322 33.7516
134.2427 28.5417
138.1748 29.8150
137.2712 30.3959
132.7258 32.3286
138.1085 28.1474
133.7077 32.2360
134.4030 26.6218
134.9216 25.9183
134.4464 26.8838
129.2308 26.9875
133.3936 32.4717
138.2470 29.9020
133.4182 28.4333
138.8499 28.8500
133.5655 29.3788
137.9828 30.1543
137.2011 33.7894
134.8804 26.8888
132.1365 31.2613
134.1277 26.3935
134.9244 28.3825
137.8213 29.9047
138.1997 29.7243
139.4604 32.5968
141.1725 34.5418
136.9179 33.6340
132.4039 30.2722
136.8000 33.0676
141.7481 35.2034
136.0227 33.0321
137.9548 29.4801
134.3786 29.9222
142.4642 35.6644
137.0537 30.6472
136.8904 29.4599
137.1415 33.7995
132.9160 31.8581
140.3082 32.7482
136.6563 33.5866
138.8655 29.0860
140.9285 32.9065
138.2489 29.6866
137.1594 30.5050
137.7062 29.9225
135.3009 28.1416
137.7520 30.6182
139.1497 34.1208
135.4162 27.9162
140.3643 34.3270
136.7227 30.4725
138.0856 28.6967
136.7723 30.5771
134.1544 32.1034
140.7468 32.6722
141.4372 34.3500
135.8568 32.9734
137.4518 29.5796
137.5635 29.7977
139.3009 29.3783
138.0965 32.0981
132.2302 30.2962
136.6175 33.6122
136.7076 33.6775
135.7614 32.8556
126.7120 32.8889
137.1832 30.5827
136.1778 28.9437
130.5423 26.4296
141.7231 34.3269
133.8453 29.8289
136.4074 32.9873
138.5511 33.9967
137.6594 29.7837
142.8050 34.6747
142.1191 34.4236
124.5923 32.3557
143.8197 36.1999
137.8824 29.5388
136.1772 29.6586
137.9905 29.3670
137.2376 29.9585
136.4632 33.3913
140.7563 33.5640
137.6370 29.3765
137.0370 33.4746
133.3679 31.3125
133.8523 31.8516
139.2291 29.6029
143.7229 35.9397
131.6913 29.8901
138.6395 34.3507
137.7272 29.1204
136.9052 33.0712
138.8214 29.1042
139.2550 29.0445
136.3039 30.4007
138.0761 29.0772
136.6466 30.1498
136.2951 33.3227
138.0126 34.1181
137.8642 30.1412
136.1707 33.2101
140.6515 33.9773
137.9398 29.1238
131.8786 29.1265
140.8774 33.8140
136.8762 33.4683
143.0182 34.2085
136.5097 29.9209
138.2450 29.2943
134.7531 29.5641
145.0649 35.9433
137.7798 29.6045
135.6995 33.0387
137.2572 34.1071
137.2689 28.8912
137.3228 30.5085
137.0164 30.4070
131.7014 30.4227
136.8063 28.5455
137.8808 28.8570
144.7258 36.2253
128.5094 29.1462
137.3805 33.7143
134.0027 31.4025
134.0835 28.6531
131.8189 30.2143
133.4177 31.1446
133.9319 31.9733
137.3699 33.9208
128.3050 29.3003
134.8445 28.4166
133.8786 32.1728
133.7100 32.3082
133.5900 32.5605
133.8360 32.1688
137.0381 30.3305
133.8883 32.4856
138.0945 29.7918
135.5424 29.7503
139.7106 32.9155
132.7520 30.6977
133.4745 32.2495
135.4443 31.4737
132.9762 32.3126
135.5501 32.7496
133.7534 32.5283
137.0322 33.7042
133.4684 31.3246
132.1578 30.3088
141.7826 35.0103
135.3526 30.5916
137.1090 33.7921
137.9425 30.5654
133.8295 32.0060
134.2999 27.4160
136.8902 32.7872
139.2227 29.5423
135.1910 27.6581
135.7299 29.6877
137.1813 33.8907
132.7865 30.5583
130.6411 27.0867
135.3057 28.1414
132.3403 31.0035
132.0994 30.3164
135.9004 30.9398
135.1358 27.6010
132.0973 30.0921
129.6890 27.6613
135.0878 28.4965
137.5400 29.9312
133.5302 31.5320
133.9562 31.8959
137.2897 29.0158
137.7041 33.9076
137.6055 33.9342
136.7050 33.6234
133.5320 31.3171
138.3438 30.2893
128.5956 28.5374
133.8580 31.9979
135.1119 27.3333
135.1384 28.2512
139.2965 29.4422
133.7919 31.8798
133.4029 31.3678
135.1447 28.3453
137.0936 33.1185
137.4522 33.9989
136.3410 33.0321
133.8747 32.4230
134.8962 27.1741
137.4937 33.9267
133.6940 32.0003
137.8834 29.9917
136.5825 30.2618
133.4758 32.3675
136.4000 33.1916
136.6033 32.4043
133.7897 29.7360
132.3658 30.9941
137.2066 32.7833
135.9649 28.6372
135.3515 28.3770
139.6081 32.4253
139.1698 29.6194
139.0363 29.8323
135.4316 28.0808
133.6384 32.5912
134.1336 30.2685
132.7198 27.5641
133.9284 28.6278
135.7149 29.1500
135.8099 32.4835
135.8311 29.2775
135.3024 28.8721
135.0401 27.4878
135.5842 29.2739
135.6358 28.2197
135.3805 28.0015
137.3824 30.0283
133.7091 31.8521
138.6013 28.9880
133.2124 30.8617
134.6485 26.9085
138.7834 32.4668
135.8044 29.5804
135.2188 27.5649
134.2687 28.6123
141.5428 34.7690
132.5864 30.5911
133.8688 32.3118
133.9715 32.2030
133.8003 32.1871
134.8189 26.6487
132.7754 27.3162
135.0463 27.6713
128.6860 27.1099
137.7724 29.9913
138.4278 29.3663
138.0898 30.1583
138.8869 29.4713
135.2536 27.2536
134.6299 28.3431
135.6001 30.9104
127.6366 28.8070
139.0076 29.2878
135.3446 29.2395
133.8683 31.7405
134.3767 27.1822
134.0419 29.8983
136.6057 32.1078
137.1976 28.0998
133.7800 27.8065
134.9484 28.1713
133.0739 32.5744
134.6039 29.2624
135.3738 27.5699
140.6814 33.7562
136.7033 28.2447
139.0364 29.4001
135.7691 30.6496
132.4643 32.1391
136.8468 32.7085
127.5364 26.9028
135.3752 28.0116
134.0156 29.6037
137.9743 28.2258
132.4290 32.0482
127.7052 28.8779
132.5875 31.2513
133.3972 27.9723
137.2501 30.0806
129.5302 27.6361
137.2073 30.4407
135.3469 25.8237
127.3354 28.0558
132.2194 27.4058
138.6707 30.0474
135.1817 27.1711
133.7299 28.7572
135.1871 27.5317
132.7970 27.7889
138.7784 29.1854
134.3256 28.5906
133.1602 28.3991
133.7127 29.5450
134.0789 32.2868
133.1846 28.1541
133.0623 31.2178
139.1747 29.5850
134.4900 26.1969
133.1498 28.6027
130.2584 29.4662
128.3310 26.3509
137.7318 28.4714
134.0952 26.0862
127.1851 27.1767
130.1246 27.6290
131.8367 27.7166
135.3361 30.1727
134.3540 28.9302
138.0739 29.9963
133.8284 28.7188
134.8373 27.9417
137.1523 30.4527
138.6161 28.5819
133.9003 31.4250
133.9867 29.7137
133.6599 32.3962
138.9827 29.3731
136.7670 28.9334
138.4793 28.7492
134.4108 26.4506
136.5191 33.1462
138.1596 29.5734
136.7887 32.7455
137.0540 33.7103
136.8572 33.7324
139.0678 29.5110
137.1625 30.6362
135.6825 30.7317
131.7178 31.9933
133.2344 32.1749
133.8617 32.2393
136.5734 28.3193
138.2382 28.5102
137.6295 29.8555
137.0061 33.2778
131.9768 30.6569
133.5414 28.5186
136.1749 27.8429
135.6105 27.9799
135.2410 27.5788
136.3879 32.3125
136.1859 28.8980
128.3498 28.1216
138.5017 28.5177
133.4874 31.6986
139.7879 33.1840
132.3748 27.7019
135.5729 29.8850
134.7423 26.8829
137.1295 33.1551
134.5430 28.3841
138.6235 29.1701
134.1005 32.1854
134.3360 32.5448
134.7857 29.3077
134.1939 26.4621
138.4472 30.1680
138.6952 32.5153
140.9969 34.9221
134.9736 27.6678
131.6203 30.1719
133.7596 31.8469
136.7565 33.6783
133.5946 29.4045
133.5599 28.3898
136.5355 33.3038
134.1953 32.2953
133.3269 32.3416
132.2809 30.0679
137.0994 33.0983
136.9014 33.5880
132.3435 30.9788
134.4277 29.1355
131.9319 30.1459
136.8754 30.3679
135.8734 29.1993
134.0991 28.4523
138.6091 29.6592
139.1586 34.8393
135.9484 31.0813
132.1390 30.3179
138.6254 29.8627
132.2972 31.3701
132.6781 31.0730
133.4055 28.3236
139.1404 28.9289
132.2351 31.1330
136.9356 28.8635
136.9855 32.9707
135.0108 28.3566
139.1157 29.5316
138.4259 29.9660
134.3493 31.2952
135.8337 30.7569
134.8491 26.9001
138.9869 29.0001
127.5093 27.8515
133.5305 32.0914
139.0946 29.4942
133.6906 31.7539
131.4357 29.6025
134.7457 26.9646
132.9132 32.3237
131.6620 27.6671
137.7863 30.0032
133.8987 27.1979
135.5768 29.7919
138.8204 29.2741
134.7690 29.6404
133.1613 30.9931
136.9555 30.5452
138.0690 30.3415
135.0164 28.2575
137.7790 29.9352
136.0946 29.2422
135.6524 30.3869
138.6750 29.0483
134.5157 26.4332
133.3781 32.4078
137.0029 32.7741
134.5698 28.5711
135.1900 29.2422
136.9152 33.2735
138.3011 28.7941
132.5719 32.2492
133.8509 32.5293
129.3125 27.7250
133.8215 31.8348
131.4512 29.6168
135.0656 27.9854
134.2121 26.3939
132.3170 30.5408
137.4623 30.4625
133.4379 32.2012
134.1481 32.1697
134.2825 32.4552
135.9866 28.8712
136.0604 28.3610
133.7181 25.8387
133.2828 31.5003
138.0959 28.6794
134.2767 27.0178
139.3207 29.5314
138.0402 28.5272
138.4944 29.1686
136.6468 31.7594
129.4785 27.4421
132.5012 30.8181
138.7039 29.6701
126.3417 30.4278
127.4430 28.4341
130.7236 26.4587
138.6658 29.7798
128.5650 26.6363
133.4189 28.3812
138.1215 29.6604
128.0524 29.0991
137.9483 29.3090
133.4360 27.7719
135.5695 29.6319
134.7685 27.9548
137.6648 30.0855
134.0497 29.7303
127.5085 28.8947
127.9224 29.0048
132.5183 32.0930
134.1821 27.4477
136.8996 28.5706
134.1567 32.4180
135.8615 31.0419
127.5050 27.3289
134.8120 30.3613
138.3025 29.4384
133.3500 30.3805
138.1685 29.5037
134.6100 28.3550
133.6615 28.5133
138.1101 28.3049
138.8799 29.0908
139.2859 29.3338
135.4911 29.4179
137.2103 30.3096
135.1523 31.2984
132.2731 30.5849
133.8416 32.3261
139.0052 29.1380
134.4355 26.8123
133.5773 29.5738
136.8783 33.7313
127.6128 28.2200
135.4100 27.3281
133.9784 25.8721
133.0678 32.1777
138.9713 29.5218
136.4537 33.1256
133.0045 28.3639
136.9834 33.3701
136.7592 33.3306
129.5124 27.0764
135.3444 27.5606
137.9559 30.3857
137.8138 28.6375
132.1286 31.9896
133.2181 28.8143
138.1637 29.6691
133.4706 28.6282
128.0378 29.1801
137.4337 30.2754
129.3994 27.5110
133.5642 32.4371
135.9443 27.7814
132.1401 27.3128
135.7561 30.6595
138.6464 29.0034
134.5268 27.3461
132.7944 31.0798
134.6524 28.4451
136.2883 27.9709
133.5536 32.2290
133.2104 32.4208
139.2778 29.4168
138.4394 29.4724
135.7303 28.3338
136.8624 30.1904
134.8079 26.9613
134.4749 30.5154
130.7031 28.4425
138.6559 29.9013
135.4342 30.6201
138.6177 29.5838
134.8006 27.1034
138.9915 29.1505
136.6772 33.2632
133.1823 27.1980
138.4188 28.5138
131.3140 29.3532
133.1130 32.1656
127.2107 27.6796
132.9374 31.4782
134.5027 31.1324
133.6142 32.4941
138.6283 29.5002
136.3268 28.3879
136.8654 33.1927
135.7014 27.0657
133.6634 26.2924
131.3115 27.5362
134.5259 28.2368
137.3956 30.3174
136.8265 32.9529
132.3156 31.5852
129.8934 27.1259
134.1174 27.1266
134.6529 28.1032
136.7495 30.0963
133.4315 25.0657
132.4446 27.2400
138.8551 29.5341
132.6077 31.9785
138.4967 28.9782
138.2234 29.8606
136.4170 33.0511
136.7579 32.5805
134.1605 26.6455
138.8025 29.5570
134.9652 27.7577
137.0147 33.5887
138.7257 28.9636
134.3970 27.2655
132.2055 27.9867
134.4158 27.1082
133.9986 29.9070
136.6559 33.2334
128.6525 28.5539
133.8163 32.3745
135.5647 27.9617
135.0007 30.0628
137.2219 30.5789
135.8255 31.4318
134.6133 25.8628
137.0816 33.4322
132.1855 31.2876
132.2091 27.1528
136.2900 32.1777
139.1496 29.1754
135.8705 28.8601
130.8114 29.9809
137.8601 29.5827
139.3985 29.2076
134.8534 29.2844
137.7811 28.2849
138.6200 28.7231
133.5225 31.2543
139.0625 29.4097
134.4504 30.8893
132.3940 31.4568
134.3465 30.9281
136.5261 28.0233
137.6911 28.3429
136.9517 33.0332
137.6362 28.8307
137.1684 33.5475
136.7929 32.7443
136.5318 28.0359
134.2360 26.6850
134.7877 26.8340
133.9656 29.8710
136.7399 33.3135
137.4051 28.5480
133.9306 26.9622
133.1736 28.6996
133.8339 31.4283
134.9933 29.4791
137.1597 30.1794
137.0885 30.4283
132.2445 30.4163
133.9020 27.6714
134.9270 28.9254
137.2619 33.5920
137.3024 30.1977
137.8915 30.3001
135.6796 32.2759
136.8195 28.0605
132.6372 31.0256
135.1473 27.1193
136.8021 32.5020
132.2423 31.3642
132.4837 30.9229
137.9270 30.2018
132.7173 31.2520
140.3574 34.1117
138.6447 28.7664
139.0019 29.0488
133.6451 32.3091
134.8335 26.7043
133.8149 31.8846
137.3593 30.2372
136.1943 27.8910
138.2772 29.9754
132.4802 31.6377
138.6001 29.8120
138.7521 29.8165
132.1997 31.6281
138.0920 28.4407
131.6899 27.3624
138.6657 29.4941
137.6943 28.4677
140.1045 34.1266
136.9471 28.0784
133.8107 32.0350
137.2676 30.2007
137.1596 33.5850
132.4699 31.2380
132.4545 30.9455
137.0975 33.3663
138.8090 29.8659
136.4548 27.8763
138.1655 28.4564
132.3668 30.9449
135.8751 28.0156
138.4408 29.5646
130.5980 26.3732
132.8251 32.1944
139.0681 29.3203
138.4661 29.3854
136.4492 27.9070
134.8815 29.5503
139.2630 29.2973
132.2952 31.1273
139.1779 29.3867
137.8773 28.4262
132.9290 28.1300
138.2887 28.5799
130.7919 26.5384
138.8044 28.9089
136.0441 27.8480
136.8346 33.2687
137.7158 30.4532
139.9159 33.0262
138.9066 28.8951
138.8305 29.3861
135.6742 28.2858
137.6751 29.9602
136.8321 33.4634
136.5875 28.3246
138.9401 28.8380
134.5646 30.9757
134.6150 30.8889
137.7512 28.4487
137.0722 33.6314
133.6358 32.2147
132.6473 27.5054
128.2036 27.1863
138.4974 29.3795
138.9707 28.9089
136.1666 27.7526
137.7846 30.0085
138.1749 29.9674
135.4382 27.5094
132.3028 30.9593
133.3097 30.9681
133.7186 32.5174
132.9901 32.2687
136.8365 33.5615
138.4700 29.9079
138.4428 28.6066
133.9249 32.0666
132.5562 31.0601
136.0868 27.8435
138.9537 29.4222
134.1769 30.4334
137.2861 30.0953
139.0797 29.2775
137.8739 30.4028
133.6425 32.1515
137.1521 30.4101
135.9582 27.8707
136.4482 27.9688
138.7783 29.2347
137.6699 29.9684
136.8471 28.4185
139.0332 29.3970
136.8356 32.9410
138.9166 29.5790
136.7214 33.2190
137.2619 30.0884
135.6805 27.5419
133.2241 32.4118
133.4727 32.4404
137.1579 30.1845
133.5624 32.4262
132.6131 31.0014
135.2020 31.5941
130.2707 26.8723
133.2818 32.4316
137.9133 29.8383
137.1407 30.0916
138.4852 29.5988
136.4443 27.8314
138.9594 28.9537
134.8873 28.0968
138.5281 29.7240
134.4579 30.8085
137.4609 30.1070
125.9706 29.8597
134.2927 26.2078
136.0370 27.9230
135.1508 29.0097
134.2935 30.9838
135.4952 28.0589
138.6154 28.9165
131.5344 30.0586
134.3602 27.9574
140.0740 34.3568
137.0725 33.1863
134.3652 27.1694
135.5976 25.9678
138.6796 28.8459
135.1276 30.9138
135.6955 29.3389
134.5968 27.2971
137.1109 33.8215
134.3270 26.4064
134.7740 29.8414
135.6766 27.4317
127.7092 28.2003
135.3397 31.2571
133.6466 28.1616
133.2780 28.2245
127.2362 29.1138
135.9964 23.6927
133.3349 31.4585
137.1210 32.7255
135.5053 28.5333
133.3592 26.3846
138.8954 29.6110
130.9900 27.8501
136.8427 32.7580
134.1304 28.5328
133.8313 27.0506
133.7617 25.6876
136.8979 33.4778
134.2438 27.1042
130.3728 26.5273
136.3293 31.9512
130.7494 27.9770
127.1418 26.7789
128.2775 30.3993
139.9879 32.1386
134.6432 26.5129
134.1294 29.8617
132.9045 27.7339
134.1615 26.7610
135.1933 29.5101
128.6971 26.4089
131.7681 29.6298
134.2856 25.7240
131.1700 27.8575
135.0355 27.2580
138.0141 28.8843
138.3722 29.7035
133.5753 28.0207
137.0551 28.3689
139.0797 29.7136
131.3721 28.4794
135.5511 31.7539
133.1694 27.8357
133.7112 31.9425
133.1297 31.6442
132.4416 30.0929
128.3772 28.2701
135.6977 25.3232
133.2538 28.1244
133.3194 28.9093
128.8455 27.2578
129.5804 25.2345
137.6854 30.5088
140.1402 34.4828
137.3405 30.7062
136.5722 30.1927
136.1022 29.4615
138.2241 29.9046
141.0165 35.3352
137.0822 33.5199
137.4549 28.9948
137.0177 33.0092
138.8284 30.1414
138.4258 29.5915
138.3149 29.6374
136.5731 33.4803
136.2040 29.5088
136.2674 33.0962
136.9946 32.8958
136.1164 32.3847
138.8217 29.2889
136.5129 32.4597
135.6954 29.9197
137.4720 28.9987
136.7167 29.0464
136.2374 33.0842
136.8436 29.0310
136.7199 32.5849
137.1214 33.8909
136.2369 33.2463
136.7621 32.5859
136.4344 30.3123
136.9958 33.0119
135.5766 32.8600
136.5569 29.4212
137.1081 30.7466
138.2787 29.0576
140.0201 34.4602
136.7845 32.5480
136.5316 29.1939
137.7541 33.9924
137.2668 33.8858
136.4520 32.3956
136.8521 32.7695
137.0309 33.1629
138.5008 30.2258
137.0582 33.6106
138.9603 29.6103
137.0256 33.8185
136.1962 29.4016
136.4351 32.4268
141.8674 34.6647
137.9746 30.4030
137.0042 29.3989
137.7205 33.9625
135.7937 30.6378
136.6234 32.4686
140.9982 34.9459
136.7089 32.5593
136.3413 33.3058
141.1699 35.4657
136.6950 29.4273
136.4774 32.4133
136.8089 29.4517
137.0612 33.5417
138.7240 29.2735
137.5466 28.9976
137.1214 33.4550
135.6935 29.9041
136.2731 29.4504
138.6587 30.3397
136.7073 32.5727
138.9126 30.1009
139.9053 34.4734
137.4000 30.6911
141.4937 33.2251
136.3132 29.4551
136.1416 29.5694
136.6089 32.4541
136.5574 31.6911
139.7202 34.6117
136.7919 33.6937
141.0027 35.0652
136.7691 33.7401
137.0758 33.5615
137.1095 33.7548
136.8727 32.7531
136.7712 33.6758
136.0005 29.3322
136.5215 30.4834
138.8477 29.3981
137.2145 33.7411
136.3575 30.3046
137.0792 33.2218
140.0132 34.5642
136.9712 32.8286
137.0374 30.8605
136.2451 29.1580
136.4166 29.4425
138.0452 30.4895
137.3677 33.9199
136.6740 33.6864
137.8280 30.6856
136.8936 32.1272
139.8699 34.5850
135.5319 30.0574
137.0802 33.8932
137.1859 33.8434
138.6906 29.1429
141.0709 35.1884
136.4785 30.3877
140.1070 34.4285
139.1539 29.7030
136.3838 33.4649
135.8198 32.5481
137.1359 33.6521
136.0752 32.4086
137.1714 33.5452
137.0979 33.3110
135.8534 32.5093
137.6358 30.3594
136.4740 29.5015
138.7352 30.2213
139.0440 29.8377
138.3588 30.3150
137.7162 28.9565
137.0660 33.5245
139.9561 34.4598
136.6298 32.4829
138.6827 29.1213
136.4110 32.4003
136.1250 32.4258
137.7733 34.0166
137.4337 30.8033
136.7546 32.6033
136.6955 33.6994
136.9858 33.7670
138.4103 29.6005
137.0012 29.1658
138.8047 30.1953
136.4817 32.4002
137.7804 33.9788
137.2744 33.2670
135.6276 30.4070
135.7468 32.8609
138.8153 30.1309
137.0971 33.8043
137.0675 33.2938
136.2003 29.5416
140.8449 33.7868
136.9130 32.7493
140.4632 34.2357
138.3504 29.0376
138.3802 30.4750
137.8921 33.9973
137.7987 28.9658
138.8685 30.0930
137.8455 33.9841
137.5240 30.8346
137.9598 30.5088
135.4266 32.8557
138.0769 30.0038
136.9924 30.4223
137.6789 28.9906
136.8343 33.7177
138.0391 30.3382
136.7045 33.6299
136.4665 32.4529
138.9101 30.0842
136.4949 31.6826
136.4312 30.3436
138.5026 30.3655
138.3657 29.6271
138.9314 29.6467
138.8920 30.1051
137.0701 33.5910
136.6150 29.5028
140.3329 34.3547
136.8645 33.8602
136.5692 33.5831
137.0370 30.6833
136.4874 33.3313
136.4380 29.1001
136.5636 32.4391
136.8292 33.7047
137.3132 32.9754
136.2347 29.4354
136.2129 33.1463
135.6992 32.5812
140.6270 33.9427
136.4301 29.4503
138.7766 30.0462
136.9173 32.8146
137.5667 29.0818
138.1211 29.9105
140.5534 34.1118
136.3784 33.2619
136.4740 30.3384
137.0705 29.0025
136.7840 32.6405
137.5686 30.7856
138.9491 29.7095
136.8759 29.4694
136.8983 29.0489
137.0776 33.8716
138.9488 29.5733
135.9451 32.4690
136.4064 33.4583
138.3407 30.3389
136.4671 30.3631
136.9050 32.8337
137.9675 30.5113
138.1070 30.3336
137.1026 29.0358
135.7777 30.5786
136.3593 32.4147
137.7195 34.0369
136.8886 33.7946
138.3973 29.5916
138.9756 29.9629
137.0037 30.4240
137.0862 33.7998
138.1707 29.9611
140.5155 34.1056
138.2167 30.5773
138.2153 29.9531
138.1291 28.9879
135.7556 32.5661
138.8619 29.3761
137.0350 33.7418
137.0940 33.3594
138.7685 29.2614
136.3946 32.3419
136.6784 32.5552
136.8784 33.8379
136.8764 29.4669
137.1053 33.2582
136.7150 33.6160
137.0462 33.1923
137.0905 33.6636
136.5061 32.4043
138.3996 30.4348
139.0788 29.7929
140.0565 34.4682
137.2973 30.7110
137.0537 30.3599
136.1821 29.3641
138.2610 29.8730
136.9925 33.8605
136.4643 30.6217
136.6255 30.0507
135.7811 32.5011
140.0337 34.1733
138.6181 30.3312
135.8022 29.6462
135.7041 30.3978
135.8991 32.5188
136.8583 32.7239
136.1676 33.1083
135.3858 32.7839
137.3737 30.7143
137.4327 30.8252
137.0415 33.4692
137.0715 33.1876
136.6680 33.7080
136.2781 29.4575
135.6844 30.6675
135.7100 29.6838
137.3689 30.7223
137.8703 29.0809
137.2721 32.9260
140.4717 34.0471
137.3848 30.6832
138.5583 29.1037
136.2169 33.1072
136.9529 33.8277
137.8209 34.0221
137.0469 29.0669
137.1119 30.7357
136.2687 29.5385
137.3775 29.0130
136.2874 29.1469
137.1474 29.0485
137.0662 33.3266
136.8952 33.8679
138.6859 30.0992
135.5892 30.0476
135.9987 32.4359
137.0859 33.3532
143.3601 35.9560
142.8161 35.6592
137.4258 34.0312
136.7839 32.6117
136.9347 32.8087
136.4513 29.1186
136.7052 33.6143
137.9451 30.1133
137.0378 30.7388
135.9032 32.4861
136.1599 33.1374
140.4014 34.2451
137.0706 33.2277
136.4381 30.2112
138.2726 29.0172
137.0097 29.0924
138.8825 30.0972
138.5820 29.0734
138.2647 29.5750
136.1934 29.1750
136.2689 32.4237
137.0197 33.9447
140.8488 33.7853
136.5979 32.4400
137.0332 33.6484
136.0224 29.3717
135.3468 33.0360
139.0923 29.7411
137.5230 33.9844
138.6068 29.1577
138.5803 30.1867
138.1387 30.5833
135.3045 33.0595
137.7314 28.9270
136.6200 33.6509
137.3701 29.0016
139.0603 29.7690
137.9058 30.6483
138.3329 29.0037
136.0875 33.0786
138.6818 29.1676
138.4746 30.3810
136.1919 33.1054
135.3681 32.9022
140.1279 34.4919
136.9019 30.7266
136.4408 32.4368
135.8728 29.5323
135.3884 33.0339
136.4913 30.2659
136.1421 32.3576
135.8163 29.6860
136.5046 32.4152
136.5805 32.4531
135.9735 29.5470
136.9179 33.6602
136.2883 29.2244
136.9332 32.8753
137.6009 29.0392
137.2811 34.0144
136.9534 32.8411
137.6326 29.1473
