130.6580 25.2239
133.7052 30.4101
130.6430 24.2700
141.0282 33.7433
134.5970 30.2132
131.8359 28.1754
130.7429 25.8122
137.9958 28.8897
138.3650 27.1402
139.1593 27.2908
135.8582 27.7118
129.5807 26.2846
137.0330 30.8709
134.3611 32.0065
133.9466 31.0217
138.1469 27.0666
134.2577 29.8155
138.1205 32.4905
138.0926 27.1810
135.6611 31.0089
137.9584 26.6027
132.7528 24.5875
136.3187 28.8261
141.4181 35.9853
135.9875 32.8130
131.1521 25.8169
139.5822 27.2761
135.9305 27.7820
138.9033 28.2727
139.7982 29.3851
137.1973 28.7177
135.9549 27.6188
138.6661 27.3902
129.5526 25.9990
136.8214 30.6672
137.1464 28.1454
131.9527 29.4494
132.2159 27.2396
133.2646 26.0788
137.7511 26.7928
132.0442 29.8022
139.1449 34.5371
135.4930 27.5525
136.7073 27.0833
134.3110 22.8927
143.9459 36.0470
134.8413 29.9323
132.9554 31.5902
132.7593 28.9085
125.0264 21.3795
132.7778 28.0301
132.2122 25.2119
136.3340 32.4395
133.0495 28.1699
130.7837 24.5454
141.6105 34.0657
131.9944 29.4929
133.0899 28.7247
130.3912 26.2631
125.8146 22.7277
132.4933 28.5661
135.8507 25.9840
136.9978 30.0100
134.7309 28.1724
142.0050 36.2480
137.5124 27.2788
135.5293 29.8211
132.7032 24.3386
137.5580 27.6212
132.4762 26.5309
134.2809 22.4642
140.0875 28.1009
132.1286 29.2361
131.4557 28.9837
135.7598 27.8484
130.3976 28.0963
125.7687 25.4677
135.1460 22.3990
138.7073 33.2201
131.9701 24.5725
137.9755 28.4108
134.1306 23.5704
131.2247 26.2865
134.0081 29.8898
137.5222 28.8246
133.9168 30.6284
133.2453 23.9926
135.2357 32.0998
126.8195 27.5572
135.0988 31.8380
133.5671 24.2235
137.6127 30.0604
130.4935 26.7159
135.9803 26.7370
131.0124 21.9658
130.8147 25.7914
138.8193 27.0761
132.6387 31.2865
137.7878 30.1505
133.9382 23.6484
133.7393 31.8837
132.6590 25.9445
134.4113 21.8441
137.9121 29.3956
133.5670 32.5600
137.4495 29.0266
133.9635 24.9827
135.9073 27.5819
141.3404 35.9901
131.2538 28.1508
145.7185 35.3393
140.1480 33.2697
130.6761 26.7331
133.5324 23.9683
129.7863 27.3466
131.0172 28.7554
137.1723 28.0188
137.0877 31.6542
137.8573 29.4836
133.6433 23.7814
133.6526 25.1754
137.8849 26.8703
136.2132 28.8713
129.5646 27.6581
136.3660 30.3331
130.8967 25.5694
134.1352 24.8504
138.4963 33.3196
136.2068 27.7275
132.0157 28.9961
137.0394 28.3793
130.5594 26.2177
134.0518 22.8681
130.2454 26.8446
131.2924 30.7196
130.7828 26.6008
136.3097 31.2413
130.8535 25.9873
134.3805 28.1003
139.9017 28.3673
137.0743 26.2008
134.2169 21.5151
133.2256 23.7887
142.8964 36.0896
138.1248 27.1080
132.7959 28.5723
138.2214 32.6272
135.1497 29.8804
137.3725 28.0240
129.7744 27.3462
138.3198 28.8714
130.9153 28.3191
134.2918 28.1669
138.5363 33.4662
125.5840 24.7362
135.4094 28.6067
136.3533 30.0603
131.7789 25.3283
134.9691 30.2454
135.5211 27.7546
135.4295 31.3301
144.3588 37.9759
132.2046 29.9686
136.1385 28.9936
129.4174 27.9444
138.6266 27.4141
135.5329 27.8835
128.0252 25.6357
142.0332 35.4491
136.2602 28.8103
135.5569 27.6448
133.0895 31.9379
129.9868 27.8147
129.6976 27.2762
141.2326 34.2036
131.7594 28.8357
132.0805 29.2084
131.9536 29.1377
132.7189 24.6967
140.1319 27.6459
131.3285 27.4042
135.1149 28.3897
133.4836 30.4509
136.2241 27.2663
131.4491 29.2598
127.3759 24.9240
136.5458 28.3720
131.2274 26.1839
139.7718 28.5248
136.9326 25.8767
137.9143 26.8028
131.2128 28.4906
135.5848 33.1075
133.4683 29.9316
138.0957 32.4455
136.0922 28.1184
136.2634 28.1393
131.7000 28.7977
139.5412 27.3451
138.8350 26.9982
134.1738 30.1616
133.0983 30.3259
137.5162 28.2040
138.0568 28.6931
133.2746 24.4760
124.8210 20.1162
138.8216 27.7744
135.9203 31.3582
135.1197 28.3170
141.7708 35.3754
138.5588 27.3174
138.9027 28.0409
131.4357 27.5395
138.1831 31.9928
138.0273 26.8648
130.2076 27.2721
133.6888 23.2473
122.8531 20.6610
136.5102 27.3628
131.6062 28.8787
140.0310 28.0127
134.5637 29.6351
130.2262 27.0299
123.7426 21.2529
138.0418 28.5966
136.7344 30.0638
132.3938 24.5474
129.5091 25.6318
137.5880 26.5332
136.6446 28.1362
134.6729 28.8712
134.5524 29.9567
134.2157 27.7605
128.7492 29.5867
142.3415 35.0733
138.3121 26.8149
139.1866 32.6947
131.5828 24.0437
131.8611 32.1583
124.5503 22.8893
133.3389 31.9639
132.0783 29.3960
131.3856 26.3275
130.4848 26.1998
134.6213 28.4359
130.1628 25.5489
131.8818 24.7891
136.5030 29.7295
136.5268 27.5210
132.5420 29.4908
133.6540 29.3969
130.3687 27.1783
137.2557 28.8088
136.6859 28.4354
137.9369 28.4589
132.6888 31.3006
138.7384 32.3108
135.1343 27.6345
132.0793 29.3226
131.5876 26.3970
136.7353 26.5448
134.0876 28.0977
130.4657 25.6895
136.2643 29.0028
130.1574 25.5774
137.1931 28.0093
137.2590 26.2485
136.9441 27.3711
134.0963 22.4661
133.6718 30.0969
139.7664 28.5559
131.6408 26.3968
138.8357 27.5618
132.9504 21.3207
130.4846 26.0728
131.2926 24.3755
124.8355 22.1442
132.6391 29.5013
137.9422 29.4967
140.1605 27.8741
135.1850 30.8401
139.8261 27.5986
137.4215 26.0661
133.4541 23.9647
132.7006 28.5294
132.1006 25.1329
136.0953 31.2422
125.5193 20.8920
132.3511 29.2923
131.1813 28.3509
130.0928 27.6815
138.9728 27.3348
136.2725 29.0687
141.5677 35.0130
138.1045 28.4457
134.6274 29.9686
133.2119 24.5648
131.2684 26.2990
138.1146 26.7832
132.5678 28.6885
124.9014 22.7209
136.4416 27.6162
132.8127 31.4228
132.1280 28.7247
136.8383 29.5954
134.5069 21.8605
124.4490 20.7500
131.6442 28.1429
132.0205 29.7645
137.6102 29.5710
137.5917 29.1714
133.1906 28.5818
137.6470 26.4631
136.2274 30.4367
137.1937 29.6350
137.2625 31.8107
135.6887 27.8078
130.8756 25.7689
139.8906 27.8759
132.4095 27.6662
136.3878 31.8791
130.4881 25.4300
131.9161 32.2046
133.6973 28.9277
137.1853 29.7741
132.1745 29.6526
130.1502 26.5289
133.9137 32.4176
129.8513 25.3673
134.6760 30.9574
138.4288 28.4769
131.1852 26.6402
132.0694 24.3699
131.1166 25.1395
135.7125 29.7011
133.8364 21.3716
139.2565 31.8200
137.9890 29.5198
135.0927 27.6271
134.0594 22.8874
131.6161 31.3854
137.3186 28.6065
138.2010 28.8319
136.4655 28.1757
131.9689 28.8361
136.4914 30.7404
138.2853 27.1066
135.5384 31.4151
133.6712 32.5442
137.9865 31.7732
128.5058 29.6134
129.6832 26.3728
137.4761 31.8126
140.2520 27.8859
138.5146 32.9807
138.1964 28.5191
130.2896 27.7998
137.9123 32.0621
132.5705 28.6256
137.0883 28.1353
138.7932 27.0774
137.9657 29.0050
138.2445 29.0177
138.6501 27.8850
133.5852 31.5454
124.5965 24.1803
140.2254 33.2920
132.9098 30.8150
138.2746 29.4176
139.8275 27.9657
135.4576 30.0061
132.1609 26.3157
133.5784 25.1796
132.5933 26.4831
129.5821 25.5931
133.6010 24.4575
131.3359 25.4005
138.3622 29.7827
133.0103 29.0408
131.7752 26.5828
135.8784 28.1246
131.8232 22.8387
134.1448 22.3353
133.6327 32.2329
132.8640 25.1786
124.5083 23.5057
136.1307 27.3934
139.7077 27.4676
140.6153 27.5313
130.7941 25.7161
129.3980 26.4461
137.3171 28.6084
128.4256 27.0074
136.2287 27.9049
134.1676 32.2860
136.5272 27.2313
133.8569 23.0814
134.1822 30.1692
133.8483 30.3186
131.8275 28.4442
133.2378 24.4611
137.6167 26.7440
132.1392 28.6856
139.4224 27.1308
138.0351 28.0982
134.0912 30.5581
131.2240 28.3648
131.6852 31.9458
136.2786 30.1697
129.5090 26.3286
134.9419 29.6943
129.0165 25.5892
139.8696 29.5719
128.8817 27.0466
137.5970 26.7456
136.7448 28.5007
135.2040 27.8314
136.6770 28.5252
135.1318 28.0624
133.6831 29.4359
138.6817 27.7001
135.8664 27.5957
136.8754 30.8936
131.9829 24.9867
131.7589 28.4626
137.4821 29.6933
133.6920 31.1392
133.4270 23.4147
131.2747 27.6644
139.2919 27.1968
129.6420 25.4514
134.0042 23.0458
136.9460 28.0313
134.2541 23.2878
125.0564 24.3365
139.2748 32.8997
127.7422 28.3539
138.5014 29.2716
129.0228 26.3493
145.9731 34.9028
133.5121 22.5609
139.7054 28.3091
132.6888 24.6924
134.3223 22.3918
132.9952 26.0038
131.9437 24.8177
135.2379 28.9999
133.3010 24.0475
131.1123 24.9585
133.4136 28.4994
131.3664 26.0415
127.4277 25.1137
137.8349 26.7860
131.8785 32.0595
138.0830 31.9123
139.3010 33.5852
130.2954 25.7631
136.5859 28.3868
124.4617 24.7150
132.7346 29.3931
137.2865 29.9410
135.9138 31.8584
131.4026 25.7425
137.7315 28.1728
131.3346 25.9789
137.6813 29.5261
137.1088 27.8676
135.5798 27.9179
138.8897 27.7689
133.8201 21.8627
133.4557 28.1561
132.2650 29.4942
135.5084 31.8546
131.4205 28.8646
132.7084 24.7037
136.7477 26.6509
133.1285 24.8148
137.9171 29.3790
126.1237 20.9535
136.7960 28.3993
133.6888 24.1845
137.5594 28.3293
134.5146 29.8208
138.7718 33.3741
139.9798 27.6156
131.3729 26.1710
137.6375 29.8205
139.7519 28.8648
136.0434 31.3039
127.9088 28.5539
137.5686 28.0665
137.0053 30.2060
135.3406 27.6816
136.1521 28.2175
130.6645 26.2164
135.8728 30.8677
139.3615 27.1869
136.9046 28.0558
132.0462 28.5164
134.4917 22.4650
132.8658 32.0445
124.5736 23.3221
136.8845 27.9238
133.6634 30.6648
133.8750 23.2600
138.8221 27.0303
136.9397 25.8386
133.0404 27.9964
133.9052 23.3392
131.5676 26.0839
132.2115 26.7685
138.1562 27.1819
132.6494 26.0507
135.6918 32.0641
132.5110 28.6862
132.2849 28.1723
132.9888 30.8065
133.4040 28.3456
133.9061 23.1868
133.8311 24.1364
131.9395 26.7051
135.9354 30.9873
139.0159 28.4925
137.9791 28.4265
137.4711 29.1785
136.3526 27.2671
133.8699 28.1202
124.5882 23.1245
131.6839 23.8772
134.8939 30.0219
137.1500 31.7853
130.7341 27.8801
130.9138 26.1411
135.9046 27.5762
133.6163 31.0756
128.7846 25.9860
139.7390 28.8717
135.2255 28.1277
135.1902 28.3866
138.2786 32.7590
136.6697 27.6292
135.6607 27.9442
130.9310 26.2088
134.9164 29.8372
137.1986 31.5375
134.0321 29.8517
135.3065 22.7098
139.9203 28.8691
136.4752 27.3199
135.6389 27.6567
135.3352 28.3816
131.5316 25.2004
139.7793 28.6216
137.7315 27.9832
138.0374 29.1179
137.5355 28.3034
132.3419 26.0920
133.6306 28.3476
125.0327 21.5269
131.5109 27.3919
136.8188 30.4075
138.2946 29.2525
139.6081 28.2782
137.6174 33.1878
136.4095 30.2574
139.8614 29.2756
136.7663 25.8491
138.2553 34.0985
139.7776 27.7929
138.4141 32.9342
137.2369 26.4532
140.0544 33.1032
141.2749 34.0122
136.3870 30.0275
135.1603 31.5953
139.5100 28.0949
139.8840 28.4967
137.5114 28.1072
132.9711 30.1054
139.1948 28.2949
142.0287 35.4537
134.9417 33.1362
138.4246 33.8146
129.0883 29.3159
137.0558 31.4649
127.4180 27.0883
136.4960 27.9189
139.3682 33.2342
139.8872 28.4269
137.1704 26.4949
137.7560 30.9705
137.7914 28.0488
135.3782 27.8878
139.7227 28.4980
136.4663 30.1247
137.9582 29.2050
139.6570 27.5922
135.7148 30.9986
127.1244 27.8448
139.6393 27.6660
144.2182 36.6961
137.1217 27.9976
127.2999 27.9979
138.8494 27.1830
138.3882 27.2960
136.6857 31.5218
137.2677 31.4220
133.7782 29.2213
139.4242 27.1570
136.9154 28.4111
137.1904 28.9664
139.0654 34.4910
127.5629 28.6169
134.9945 27.8325
138.8893 27.6055
135.5287 31.1476
134.7025 23.2357
139.8717 32.5720
133.5665 29.5560
137.7085 26.6094
145.3931 34.8000
136.0244 27.8091
131.7830 30.9818
137.4934 27.3374
144.8993 35.7920
138.2998 27.0551
139.1872 27.1826
136.7283 31.7671
137.9023 28.4076
138.5125 26.9790
139.9878 27.9600
139.7610 27.5189
139.5525 27.9557
139.3260 27.1809
139.4306 27.2158
139.6843 28.5867
137.5900 29.4662
138.6908 32.4788
137.7321 26.9793
137.1826 26.5569
138.0107 29.0304
138.3886 34.1940
145.1540 37.9309
134.6808 25.5630
135.7591 31.6084
139.6979 28.2045
140.9311 34.4614
131.9935 28.9897
136.7209 28.7579
137.1016 28.6350
136.9734 29.8438
140.0865 27.5565
137.7574 31.6768
134.9296 27.8949
137.9209 27.0095
138.8125 32.7608
133.3989 27.9768
138.6449 26.9678
138.5462 27.7655
135.2374 28.3286
140.0258 34.5493
137.8304 28.4412
133.7772 27.9534
138.1226 28.9817
136.3060 30.8026
136.5624 29.6829
138.4055 32.8699
143.3934 36.2192
136.4461 30.1066
146.4536 37.9285
139.7864 28.9862
137.6978 26.8145
126.6395 26.9808
138.1134 32.1992
145.5435 36.4679
137.6708 30.4533
137.4330 27.1441
139.9597 29.0169
138.4138 32.3461
132.8831 28.0251
143.7361 35.8865
137.1420 30.3760
136.8919 30.0184
141.9653 34.3909
139.8480 29.3767
139.3708 34.1413
138.0679 29.1217
137.4067 28.6835
138.1312 29.0255
137.5228 31.4055
135.1026 29.0271
139.9386 29.1386
144.8280 36.0859
129.3631 26.2900
139.9526 27.7620
134.9193 28.1590
131.7204 27.2020
145.1710 34.0417
135.8755 31.3822
136.6362 30.7635
137.9648 28.5238
140.0514 33.4492
139.9009 28.3289
137.1024 27.9293
139.3391 34.4608
138.8566 32.9181
139.2388 28.4045
138.5982 26.9789
139.7035 34.4431
140.0040 28.0882
134.7747 27.8879
139.0452 31.6183
139.3613 27.5198
126.0669 27.1130
139.8503 29.0653
139.2833 27.3970
136.3239 28.3156
138.6337 29.2803
140.9532 34.0731
136.8152 27.9522
143.6520 36.6040
134.6155 31.6055
137.4114 28.6379
144.1170 36.5476
137.2469 30.0952
142.1092 35.3213
136.8223 30.3418
139.3934 34.3566
139.8303 28.0136
133.1327 29.4072
139.3331 27.2692
136.7333 29.9599
143.7080 36.0629
141.2819 33.4101
137.1774 28.8649
140.1201 27.4606
136.6111 30.6405
132.1671 29.3324
138.9028 33.3416
139.3746 34.4140
138.1515 31.9090
133.1665 31.9804
139.0073 34.4020
130.6327 27.1143
136.6429 30.2015
135.7243 23.1741
138.6731 32.5161
134.0477 21.1173
134.5302 30.7007
137.1789 27.4253
135.2786 31.8280
134.1935 24.7258
131.6163 31.0369
134.9358 26.1909
135.0336 27.9620
132.5730 30.1279
138.1460 32.5025
131.0489 27.8845
137.7944 28.7245
135.8477 28.0572
137.9306 27.1351
133.2101 31.4553
131.9171 28.9478
138.4416 28.3246
132.4835 28.3250
140.1220 33.1059
137.0202 27.8568
139.3098 30.1390
133.6399 27.9045
138.7041 33.2171
134.2296 23.2141
133.9236 28.9508
139.7828 28.9904
123.3213 30.0622
126.1803 24.8677
134.3882 23.0495
126.5276 26.1346
139.7299 28.3069
139.9507 27.5485
143.4535 36.1905
136.3596 31.5408
137.4967 26.9180
140.4987 28.0129
134.9435 21.8523
138.0609 31.9160
136.2944 30.9218
132.5290 29.7103
131.0280 27.2993
138.1798 27.1969
133.1914 29.2052
134.0127 32.2345
140.0120 27.9083
138.2010 32.7998
140.1574 27.3708
137.6104 29.2630
132.3683 30.4354
145.2444 35.2509
136.3743 25.7770
142.2560 35.3252
132.0628 27.6011
136.4179 26.9467
137.6971 30.0687
134.3707 23.3150
132.8627 25.2185
136.5650 30.2921
134.5128 23.8388
139.8304 27.8325
134.9576 22.9135
136.8112 30.6088
132.4103 28.6301
137.2052 28.9046
136.9305 30.3628
133.6945 29.3416
136.5023 25.9357
132.3629 30.3773
140.4951 26.8976
129.5056 29.2923
131.5452 29.1239
134.5877 23.0273
139.7689 27.7871
138.4179 33.9145
137.4530 29.9289
138.1057 29.6663
134.3446 22.1547
138.1031 28.5313
131.2529 28.3633
137.8387 28.7348
132.0262 28.5764
138.3264 28.5649
139.7323 27.5047
132.5268 29.8668
125.5432 23.4982
136.1703 28.3088
142.1515 35.6150
136.2988 28.2499
131.7625 21.7142
136.1472 26.0298
137.5852 27.0427
140.9547 33.9043
131.3729 27.2400
133.3189 24.4143
136.1888 28.2184
131.0140 27.4137
144.4139 35.2588
131.8821 28.2931
133.4683 24.0038
131.4287 28.5000
136.3989 29.7367
133.3769 27.8831
137.6725 26.7761
136.2076 27.7265
133.9631 23.0506
139.7537 28.8194
128.3983 25.0710
136.0794 30.1012
130.3075 25.0392
138.3448 28.6608
132.4477 29.9535
135.9335 31.0033
135.7609 27.7218
138.3879 28.8062
136.6427 28.3185
135.3002 29.2378
139.9911 33.5061
136.4453 27.9895
141.5964 34.9136
138.0483 31.9275
134.0409 21.2445
136.2766 31.6848
137.8932 26.7287
133.9469 24.2037
131.0158 26.6922
140.0938 28.1638
133.8906 31.4073
140.6315 27.6914
126.0547 27.2711
133.2068 31.8317
133.6750 22.6167
130.4782 26.6661
135.0935 30.1972
139.5360 27.2735
133.9654 23.0099
140.9187 34.6202
139.8704 27.8312
136.4441 28.1631
136.8785 33.7320
139.7865 27.4994
127.4542 28.1235
140.3676 33.3004
132.7664 28.9388
130.8820 27.9462
136.5303 27.9277
136.8140 28.3649
134.2650 27.7017
126.6874 24.6318
133.1852 24.7769
138.9537 28.0090
136.6036 27.6230
134.0752 28.1736
134.5679 28.0175
138.2912 26.8728
136.6150 28.3736
131.9526 27.9063
133.6336 27.9816
136.1689 28.2411
125.9526 22.6012
131.6742 28.3486
126.9166 26.8655
136.2246 27.6969
131.4973 27.7789
134.3117 33.2757
138.7621 27.2017
138.0980 29.1576
131.7862 25.6344
131.5166 24.4822
138.4740 32.4214
137.5370 30.0681
132.9315 27.6220
133.3758 25.2953
136.9466 27.9355
140.2725 34.9209
133.2778 24.7468
139.9286 27.9167
130.2405 26.9027
131.8911 31.6864
133.8579 22.5438
140.0386 28.0128
137.2528 28.7410
132.4519 27.6401
139.1230 27.0322
138.0004 27.3836
130.3486 26.8041
133.3761 30.1420
145.7093 35.2437
123.7872 23.3189
136.8813 28.3426
136.2019 27.2688
140.0017 33.6574
137.8949 31.6843
130.2221 25.3871
134.5026 29.9487
131.5687 24.4238
132.5738 24.8553
136.8413 28.4083
138.3716 26.9544
129.8606 27.2686
136.6897 27.8442
135.8556 27.8969
136.4600 31.6968
136.6706 28.3698
133.7938 31.9979
136.0405 27.7062
137.7774 28.2052
133.2067 25.0034
139.8030 28.5758
139.8446 28.3189
133.4147 23.1754
135.5066 31.6871
136.1973 30.3459
137.9403 32.4738
137.7413 28.3006
136.8548 28.8600
133.6133 22.7478
136.1618 28.9505
133.6631 28.5067
135.8325 30.8427
136.7948 28.5041
136.8358 28.1639
136.6715 28.3680
136.5861 27.7078
131.7014 23.9985
131.3472 27.7864
131.2585 24.0620
136.3733 29.8216
128.2865 26.6710
135.6829 27.5848
132.0667 24.3176
134.9833 29.8018
140.8566 33.4487
131.8607 26.1601
135.9298 27.8401
138.9455 27.6658
133.7715 30.1776
134.0099 31.5536
137.1949 26.2432
138.0040 28.5234
133.2780 25.3798
137.9194 28.4353
131.1087 27.9147
123.7929 23.3144
136.4614 31.4265
136.5716 27.9112
136.0521 27.3515
139.3411 27.5200
133.2933 25.5949
136.2683 30.2404
136.5280 30.8756
137.3240 28.6545
134.8289 23.8082
137.9014 26.8010
132.5333 25.7797
138.2284 26.8239
133.0205 31.5590
139.1778 33.9780
137.0072 28.4758
136.9749 27.7259
140.2849 27.7786
136.6121 28.3683
125.6161 24.7643
136.5543 29.6741
137.9239 28.2786
141.1604 34.7995
137.7708 26.7215
134.9050 22.4333
137.7118 29.5455
138.0870 27.5675
137.0292 28.4046
132.5599 26.4223
137.2334 28.5282
136.5912 26.9322
135.3594 27.7732
130.7238 26.8733
133.9063 33.1543
138.2032 28.6033
126.6977 26.8041
132.5201 25.9413
140.4280 27.3630
140.8577 34.6285
136.8057 26.5784
124.4251 21.7442
124.1808 21.0137
136.5921 26.4875
131.7362 29.6619
127.8410 28.2365
134.3865 21.9296
128.6119 25.2102
137.6606 28.3030
136.1183 29.8978
138.7805 26.9760
138.3154 32.4969
138.0306 26.7492
134.6239 22.3470
131.7816 31.3043
139.7287 27.6388
137.3988 27.9669
134.8659 22.5352
138.2857 29.5649
134.8693 28.0509
127.8428 27.9735
131.3067 26.5085
134.0853 23.8923
138.4342 33.0444
137.3064 31.5034
130.9319 26.4485
137.8891 26.9876
130.9946 26.5347
139.1108 34.1749
142.1451 35.2837
130.5756 26.3538
133.7760 25.3584
140.2379 33.3636
137.7231 26.6726
130.1649 26.6791
132.6093 26.4550
130.3163 27.2476
131.3305 28.5087
140.7649 33.6874
126.4198 27.5613
130.7319 27.3617
134.8254 28.1527
129.6246 26.6913
130.9868 26.1089
139.8652 29.1049
134.1930 24.4719
125.9979 24.0025
133.8091 28.2153
134.5828 22.5083
138.1721 27.0810
138.4444 33.2250
137.9864 28.6403
140.6475 34.2232
137.8858 28.4724
126.0670 26.1152
138.2996 33.2786
127.2700 27.5090
136.7807 27.3281
131.7000 28.6351
139.7156 28.7925
131.4415 27.3592
129.9484 27.5821
131.0391 26.1518
132.5501 28.1150
134.9857 27.9135
134.7387 30.2058
134.1036 31.5340
133.4719 29.4372
135.3420 30.3038
127.0990 28.0336
133.8682 28.5834
134.2027 25.3390
132.4817 28.6909
131.1238 25.7670
140.0970 33.2923
139.8976 28.5334
131.3195 26.8897
135.4548 31.2110
133.3120 32.2043
133.0142 32.3103
136.3774 27.4958
137.7278 26.6123
136.9359 25.8474
137.6533 26.6698
136.0456 30.8649
131.2831 26.8919
136.5721 26.9332
138.2896 32.9873
136.5179 30.0674
131.5611 26.2918
135.6289 33.0001
136.7378 29.6265
133.6587 24.3496
136.6693 27.6110
139.9260 28.2259
138.5760 32.4439
132.6999 28.3956
137.0421 26.6775
138.0857 29.4110
141.3094 34.3645
136.7095 27.7499
136.9996 28.5418
138.0748 28.4832
133.5151 31.8330
134.5277 25.2159
138.0468 28.3235
130.8860 27.9955
131.4870 27.6547
138.9128 33.7791
137.9912 29.3730
135.0981 28.1103
138.0522 32.3367
130.3441 25.8270
125.5754 24.6865
137.0456 25.9604
139.0550 34.2022
132.1162 28.4098
139.9835 27.8007
139.7625 27.6941
138.4185 30.6155
136.5020 27.7207
150.5859 36.0913
136.9274 30.4617
138.3681 28.5955
136.1267 30.5682
139.8409 27.9552
138.2131 28.6020
135.6956 31.4950
136.5172 31.1589
138.1371 34.1673
138.3801 29.7514
135.7820 31.3163
137.5573 30.7790
141.6584 36.2838
132.5854 32.0185
141.3739 36.3862
137.2387 30.1589
140.4730 33.7017
136.2023 30.5293
138.1882 28.9949
137.9313 30.7273
138.3385 28.9973
139.3909 32.5179
136.2156 31.2386
137.1250 31.1422
139.3849 33.4552
136.1762 30.1984
142.1419 34.7811
136.7314 30.1189
139.8145 28.0462
149.0047 36.5491
139.4745 27.3868
138.5418 28.8976
136.4539 30.2845
137.7829 30.4081
137.2978 33.5139
139.7185 27.4166
138.4635 28.9987
139.7811 28.7482
136.8373 30.9415
138.0424 28.4906
137.9794 33.8094
135.8758 27.8491
136.4955 30.8909
137.8499 30.8938
139.8331 33.5774
136.7764 29.9968
139.9963 29.0521
137.0594 30.1393
149.9758 36.0096
140.1075 28.7112
135.9759 31.1968
148.0249 35.6043
139.8897 27.8023
139.3278 34.7009
135.7764 30.8982
135.8919 27.9437
136.2990 28.0870
138.1224 28.6240
139.5677 28.1902
139.7866 28.8111
136.1214 31.1048
139.6642 27.8877
139.7900 33.5449
135.4459 31.4929
136.4404 27.9842
138.4587 29.5528
139.1319 34.1531
139.5957 30.1242
137.9583 33.8184
141.5782 34.2508
136.7026 30.0821
137.2077 28.0541
137.5489 30.9463
138.6149 34.2720
146.5007 37.9054
136.6648 29.8961
138.8675 27.3812
134.8016 32.6166
145.3753 39.7424
139.7897 33.6230
136.1736 30.5878
136.0472 30.5114
142.3111 36.2116
139.3543 34.2133
137.8290 29.8031
137.0479 30.8958
137.4879 30.1462
140.0400 28.0950
154.5186 34.3572
137.4971 30.1398
136.5570 28.1336
137.7036 28.1301
139.3340 27.2371
137.4823 30.2042
140.0113 34.7852
139.4322 34.5826
137.0215 30.3659
148.1102 35.3040
137.7811 30.2581
138.3074 30.2618
135.7105 31.5934
137.0268 30.5331
139.8988 28.0240
136.0411 31.3153
136.4554 30.1583
138.5229 29.0429
139.6419 27.6779
139.1451 34.0265
135.6165 31.4060
138.8136 27.0725
136.4975 27.6736
138.1509 29.5883
147.3389 35.3566
139.9306 29.5525
135.4235 31.3779
136.3443 30.4882
139.6021 27.7814
147.8130 35.5679
139.8357 28.0665
136.4765 28.0979
146.6163 38.3909
139.7007 28.0714
136.3506 31.0913
136.3107 30.2863
139.2159 28.7929
136.3154 33.6858
135.5424 31.7627
139.4234 34.3290
139.8450 33.6357
139.9129 29.2027
140.0623 28.9480
138.0325 31.4577
137.8281 33.8579
138.5971 34.3407
136.3431 31.1549
137.2044 30.7853
139.8128 27.5477
138.1685 28.4457
138.0715 29.1323
137.6300 28.1758
139.7945 27.8509
137.1824 30.3097
137.4918 29.9907
137.3759 33.7195
136.8784 30.0375
135.8745 31.5132
138.2078 28.8881
139.9364 28.1521
137.2071 30.3790
145.9083 38.0690
142.4557 36.3252
139.9054 29.0724
139.2763 34.0956
139.2652 34.5544
145.4659 34.3188
136.0897 31.1273
137.3739 31.0326
139.6713 27.5724
144.8149 35.3375
143.5833 36.7019
136.5323 28.2637
139.9725 28.1688
137.6633 30.2178
137.5220 30.0418
148.5175 36.1385
138.7101 32.1932
138.2147 28.6840
143.0446 36.3162
137.3689 28.1504
135.5125 31.6637
140.0332 33.4647
136.7515 30.2959
144.5142 35.7987
137.5576 30.4549
135.7729 31.3236
139.0623 33.2711
137.2884 30.4762
136.4657 30.6301
140.7357 35.4280
137.7818 31.0739
137.2249 30.3786
138.2120 29.8009
136.8181 27.9769
139.2690 34.1300
135.6202 31.1998
137.6435 31.0639
136.5798 30.1832
140.9603 35.2546
139.1280 33.2962
137.7549 33.6688
137.4171 28.0637
136.7415 28.0081
139.8720 29.1530
137.1829 28.2133
139.9850 29.2731
138.0461 30.0678
136.7684 30.4986
137.1792 30.5183
137.6249 33.5244
135.5829 31.1311
135.7296 31.0320
138.3055 28.9971
143.3637 36.1462
135.3675 31.5897
137.9113 29.9049
139.0230 33.2012
137.9892 29.2585
138.3621 29.4822
137.0982 30.1606
137.1524 30.1221
139.6332 30.0540
138.6072 29.1556
136.7167 27.7755
135.9729 31.1454
138.4033 32.5460
136.7139 30.8935
137.8437 29.9288
135.7927 27.9557
139.3343 33.4182
138.4324 29.5808
138.5842 26.9699
136.1526 31.0985
136.4004 31.2385
138.3349 29.5601
135.9761 27.9490
137.8792 31.7021
138.5885 29.3853
135.9570 30.5275
143.5351 36.1274
139.8903 27.9790
138.3808 28.7167
143.5630 36.6154
135.3963 31.6310
139.6581 27.8043
139.4266 34.6092
136.0910 31.4419
152.6300 37.2951
136.5050 30.5044
136.9825 30.7062
138.3220 28.5600
139.3103 28.6693
139.9119 27.8353
136.2173 31.0425
145.7292 38.6013
138.0167 28.4566
138.2927 29.2561
139.7796 28.1950
136.5330 27.6855
137.0672 29.0928
137.0124 30.7393
138.3615 27.2545
140.0773 33.8704
139.1566 34.1146
136.8435 28.4492
136.1430 31.1227
137.3905 30.0360
137.4285 28.8201
136.5281 30.8567
138.2415 28.9985
137.8420 30.2487
137.4240 30.6039
139.8765 28.1124
140.2056 33.6751
139.7675 28.0156
136.8981 30.4208
137.8960 28.2394
139.1431 34.1112
137.6635 30.7189
135.5272 31.1729
139.7213 29.2976
136.2118 31.2019
137.5546 30.9088
138.5176 29.5720
137.3261 30.6791
138.4454 28.9820
138.4525 29.1686
137.2648 29.8009
138.2535 28.6573
136.5819 30.5532
137.8005 26.6774
136.0511 30.5328
137.1545 30.8002
136.9228 30.7841
138.3695 29.2287
139.7517 27.6341
135.6542 31.1446
135.7450 28.0087
138.3338 27.1870
132.6036 28.9554
139.3069 27.3559
129.0166 27.5861
144.9891 35.3204
137.7683 29.8913
130.0841 25.1501
140.6694 35.3204
135.8832 29.1919
139.5373 28.1041
148.6937 35.1646
131.3122 26.9489
134.1451 28.3302
137.5692 26.5537
129.3009 29.3352
139.8564 32.7883
134.5098 31.5438
129.5393 26.5088
136.5405 30.3616
145.0214 38.7970
137.0315 31.6247
135.6105 28.7855
132.3119 28.7948
131.9122 29.3325
126.4874 20.7012
129.6950 25.7500
129.4149 26.7457
146.0446 39.0282
134.1376 22.6847
135.0847 22.6849
135.1181 27.0541
137.6827 33.9546
136.0796 30.0951
132.4145 30.2392
135.9202 27.8514
136.6113 29.6486
136.3570 27.6829
137.8730 27.6667
148.4953 36.0512
134.3215 27.7833
134.4824 23.8230
140.7086 34.2483
134.0933 23.1432
138.8650 27.6124
133.0547 31.7596
136.5875 30.7625
139.4636 28.3723
135.3309 31.9586
134.8549 22.9786
131.5699 21.2377
128.2610 29.2347
132.7802 20.7935
140.4232 27.7754
137.5954 26.9232
141.3799 30.8652
134.6137 33.3538
137.3040 28.7267
138.7910 28.6997
138.6877 34.2344
130.0255 26.9957
136.8356 31.4398
138.4229 27.3344
122.2252 23.1979
137.9779 30.7277
134.6920 30.2857
134.2549 22.7355
147.3037 35.4071
138.1350 34.1433
138.1031 32.2379
138.4798 31.9581
136.5931 26.3388
134.6473 29.8074
138.5388 31.8865
133.1377 21.3766
137.1589 28.5508
135.2817 31.7506
133.3889 25.6576
141.4708 36.3262
127.8157 27.6757
136.6891 27.7392
134.0947 22.9112
136.8786 31.5599
135.6546 27.8929
133.8796 32.1053
133.8668 22.1158
133.3754 32.1789
144.0870 37.5326
133.5567 28.4422
126.1349 29.0112
134.3273 30.8980
136.3795 28.8963
136.7551 27.3214
138.1000 28.7157
139.9608 29.5312
137.5298 27.0863
138.3233 32.5442
132.6744 26.0668
134.4314 22.4784
132.9115 28.5086
138.9617 26.9959
135.2425 28.3255
141.2697 33.3211
131.5859 28.4497
132.8026 27.7915
131.6221 26.3746
134.4899 32.9026
138.6840 34.1474
137.0008 27.6833
136.8303 27.9110
137.2991 28.6134
134.1846 28.0766
130.1617 25.6422
131.5557 28.3367
131.0188 26.2473
138.3140 28.6153
139.7898 28.3321
133.1081 31.6880
138.8060 34.1576
131.6844 28.5872
132.3833 26.3278
137.3019 28.1180
134.0247 25.0044
130.2030 26.3028
133.6609 28.5746
138.1298 26.8332
139.3703 26.9226
138.1670 32.4328
139.6978 28.7974
136.9060 28.4375
138.1271 32.2802
132.4766 29.4549
130.8316 28.2400
134.3149 27.8200
135.7644 28.5817
135.4522 29.7231
131.6150 26.1895
138.0420 26.7861
139.8699 28.2951
134.3844 22.7857
136.1641 29.7770
136.8926 28.5171
137.5576 28.2327
136.1633 31.2512
136.6410 26.2095
134.0108 23.0674
139.9102 28.2602
134.4247 22.6700
134.2881 22.6079
136.8717 28.3461
131.9133 28.9591
137.7674 31.9841
131.4363 26.0941
133.9558 23.3390
130.3917 26.1420
130.8511 25.9391
138.2641 28.7478
137.1062 28.7741
137.4406 30.4842
136.5387 28.3920
133.8484 22.9568
133.9525 24.7791
132.4384 28.4649
141.4728 34.0934
134.1728 28.0342
136.9604 30.2750
130.8079 27.9842
134.4818 22.2450
143.9484 34.5479
133.9544 24.1913
133.1261 24.5893
130.2408 26.8783
130.8980 26.0653
133.0757 24.5105
135.9474 30.4025
140.4273 26.9058
131.2683 25.2042
138.2902 27.7465
134.7205 32.8552
130.8095 26.1971
139.8329 33.2980
138.2869 29.0811
138.7110 32.5960
135.1304 22.0139
134.9990 29.0050
139.8095 27.7509
138.9623 27.2029
139.5436 27.1638
136.8180 28.6591
133.8552 28.0755
139.7414 27.4174
136.1371 27.9268
134.1367 27.8659
136.5500 29.9229
134.8893 22.7626
134.2109 30.6863
131.7478 28.1899
139.7895 28.6203
144.1211 34.9707
138.4941 27.6148
133.1246 24.7856
136.9054 26.0993
133.1616 23.4325
138.8396 27.2078
139.8883 29.3728
133.4349 24.1698
139.6306 27.7335
139.6440 28.5147
133.5768 30.1706
131.2633 28.0027
132.9056 24.6980
134.6856 29.6361
139.6700 28.6907
135.0258 22.8376
137.2390 28.8265
132.0144 28.6660
130.8931 27.2257
135.7971 28.6428
131.3852 28.1929
140.7448 34.3719
134.2435 27.9109
139.6596 33.4580
137.4436 30.0843
136.6022 31.6512
138.7445 27.0167
132.5518 29.5886
138.7420 33.3223
139.7874 28.2832
137.9627 31.5933
135.8707 28.1194
136.6889 30.3839
134.0054 31.7722
139.8287 27.4453
131.0952 26.0920
136.1477 27.8517
134.0200 30.5695
139.1404 27.6249
137.1505 30.1871
125.8138 25.3443
136.4893 31.0593
134.4554 23.6150
140.1110 27.4925
139.3119 28.5458
139.7507 33.1652
126.0645 25.5841
135.7779 25.1454
134.3492 22.3817
134.5242 33.0979
132.7738 27.9500
131.7536 28.2177
134.5274 28.9628
132.6121 24.7849
130.9417 27.6071
139.2179 28.8731
136.4797 32.7858
137.6657 27.0472
135.7696 32.1117
139.7966 28.5509
135.0309 32.6863
135.0410 22.7710
134.1096 23.3856
136.0475 30.8225
127.3883 27.8888
134.0429 29.4971
138.2189 27.2751
125.6684 24.4213
135.0930 29.5289
125.4813 22.3254
138.2558 29.5211
138.2637 29.1017
128.2612 28.9576
133.3062 24.4849
136.5807 28.0133
137.8325 27.1373
133.0805 28.0341
139.9605 29.1891
136.2122 31.2732
136.9652 30.4462
139.9224 29.2436
139.9266 29.4946
139.3711 27.9984
148.5820 35.6593
139.3895 27.2342
137.1000 30.1401
146.2599 34.7943
141.4789 33.9216
139.4364 28.0398
137.8886 26.7452
137.0214 30.2177
138.3876 32.1683
144.7506 38.3184
137.6373 26.6456
138.2895 32.2928
137.0678 31.2915
142.4417 35.4723
136.3539 28.0125
136.9240 31.7491
139.4824 27.4871
142.0740 34.6548
143.0098 35.9274
148.0163 35.6032
140.2270 33.6098
127.0588 28.0667
137.5926 30.3488
139.0603 34.1478
135.9758 28.0823
138.3603 28.8637
142.1350 34.6208
139.9030 28.8656
137.7761 33.9135
144.6046 36.1002
141.5090 34.1606
137.8489 28.4016
138.0806 33.9854
138.8534 34.3704
143.7305 36.1682
144.6147 36.1292
137.0880 28.8959
137.7150 33.9519
142.2157 35.6838
137.2438 28.7458
137.4234 30.0394
136.8659 28.4487
138.2756 31.9866
139.4249 27.7418
139.4246 34.2256
139.9534 33.3179
148.0741 35.9918
138.2430 30.3557
139.8107 33.6177
137.6046 28.1826
137.8432 30.7359
136.3619 27.8931
140.2535 33.2103
137.3883 26.6863
142.8112 35.7575
136.7342 27.7961
138.4076 32.1447
131.9714 28.6161
139.9834 33.5214
139.6790 33.9121
137.8280 28.1307
137.7988 33.9979
148.5986 35.7421
142.4587 35.4859
135.5193 31.2378
137.6478 30.8590
139.5815 33.4202
141.6785 34.2008
139.8794 27.9147
138.7584 27.5363
141.6848 34.0331
137.5651 28.1010
139.7080 33.3267
135.9328 31.6147
135.9877 30.4437
135.4945 31.5548
136.1487 31.4716
138.7916 27.3359
139.9065 29.2525
138.3479 29.0695
136.3668 27.7014
131.4615 28.4359
136.9704 30.3589
139.8389 27.9695
137.0469 31.3460
146.4433 35.4415
139.8815 28.3526
123.3584 20.3293
125.8460 25.2401
139.6041 33.5358
126.5588 25.4286
131.7837 26.5088
129.8283 27.5842
124.6101 22.5437
133.4469 29.7951
138.0139 26.8280
138.1300 28.1239
128.1618 25.8900
134.2090 27.6701
139.8869 27.4598
133.3460 27.9718
132.1211 26.3901
145.1796 36.2149
132.2436 26.7187
133.9686 24.6804
141.5668 34.8708
125.4667 24.8601
138.0691 31.5053
134.9615 28.4029
136.3787 27.8120
134.3325 28.1140
139.0204 28.4956
137.2240 28.6539
135.9558 28.3279
134.3721 22.5063
134.0723 28.1370
140.4651 27.9808
136.2345 28.9465
134.8618 24.6561
136.3518 28.0388
134.1048 20.6480
133.3738 31.7293
128.7557 30.0655
138.0813 32.3345
141.0952 34.1269
135.7773 28.2364
140.7884 35.2194
136.8499 31.7281
128.2941 26.0410
140.8677 34.2955
140.0651 27.7173
135.9756 27.4880
129.8914 25.6435
133.0149 24.5228
139.6756 33.5793
137.8031 26.8649
134.2268 22.8978
137.9698 29.9681
134.1862 27.7555
146.5907 35.2697
134.0550 23.6590
130.6637 26.9121
125.3732 24.4857
135.6889 27.5729
131.3708 25.6258
136.6249 30.9920
138.5667 26.9078
134.2646 29.7506
137.2648 28.0840
137.8202 33.9419
136.8061 30.0120
135.1024 28.3727
132.6942 27.8674
131.9826 24.8326
133.8781 30.6180
132.7996 28.2368
132.3064 28.4013
145.2529 35.3032
136.9614 28.6487
139.5573 28.2269
138.2581 28.9115
137.3605 30.4863
136.5002 29.6280
130.9427 26.1819
136.3341 30.0978
141.1874 33.8315
146.2250 34.8018
138.2912 29.3944
138.2815 29.3159
129.7636 26.6098
135.2256 22.0595
133.7053 29.0596
133.5286 27.8668
133.7900 23.1000
127.6061 25.5259
143.1846 36.0015
136.5479 27.4185
137.2462 28.0171
133.9422 23.9389
136.7235 30.1523
124.1298 23.2754
133.5242 25.6876
134.8578 32.4130
134.6902 29.1173
136.8193 27.7379
136.7712 30.2123
137.0378 30.0416
137.9930 28.3802
139.6184 27.7524
138.3720 29.1983
136.8261 28.8820
132.9155 28.2140
139.0076 27.0796
136.2030 30.3242
137.4645 28.9371
135.4946 27.9315
136.9447 30.1445
136.4586 30.7876
139.2478 27.2785
137.6441 28.3158
136.4764 28.1629
138.1085 30.6472
136.7694 30.0020
137.8153 30.0513
139.8316 27.9375
144.0852 35.9532
142.0040 34.6055
139.9283 29.1094
139.8886 28.3185
137.0242 30.5473
137.9472 28.6704
136.3718 30.9079
134.9324 32.6019
139.7171 32.4271
136.9627 30.2662
138.2327 34.1851
139.7119 27.6190
136.0671 30.4233
139.5235 27.5862
136.1338 31.1071
136.6509 28.4918
136.5730 30.3808
139.7889 33.3089
138.9139 33.1157
135.6954 28.0198
136.4930 30.2504
138.1258 28.7594
138.0620 29.0400
138.1803 29.8546
136.0749 27.7806
136.8993 30.1017
136.1656 28.0666
136.9202 30.3212
138.6734 32.4580
136.4869 27.8922
136.5142 30.8271
139.2858 34.6565
138.0805 29.8629
135.4182 27.9441
139.7850 28.3148
137.8375 33.9290
137.2610 28.8301
136.8914 28.5645
138.6022 34.3023
135.6009 28.0538
135.3874 31.5021
136.3571 27.8804
138.0371 30.5360
139.6466 27.7117
136.4797 28.4382
137.1262 30.1394
139.8333 27.8746
136.9693 28.9102
139.7142 34.4966
137.0275 30.3568
136.0426 28.2143
137.0787 28.0384
136.1511 30.5760
136.8419 30.3553
138.5563 34.2258
136.3511 27.6122
139.8545 28.6158
139.7960 27.5656
137.0698 28.3964
138.0097 30.1396
135.9590 30.6115
136.3479 30.2658
136.0915 31.1358
135.9616 27.9218
140.3333 33.6541
137.6269 30.9520
139.3572 34.6717
135.9416 28.1202
136.1956 30.5058
136.0245 31.1517
138.1546 29.2772
137.5818 28.3274
134.6118 27.9638
138.0694 28.9867
138.0846 31.0397
133.0213 28.2032
138.4900 34.2538
138.2304 28.8058
145.0368 37.7954
138.2766 29.0337
137.2454 29.8945
137.0369 30.0420
138.1736 27.0879
139.7875 27.6390
145.8594 38.0924
136.8510 28.0121
140.0676 33.7909
142.0357 34.8267
138.3379 29.6517
144.9059 35.3187
136.1707 30.9093
136.5520 30.1854
136.5737 27.6159
138.1841 31.3262
135.9353 28.0638
137.1558 30.3896
145.5259 34.3397
136.7700 28.5700
136.4701 27.5955
137.5175 28.2470
136.2281 28.2816
138.4480 32.2531
138.6054 27.4435
127.4193 28.0543
136.2047 31.0009
132.5459 26.2471
136.2650 27.7203
137.3962 28.9904
133.5326 23.9854
137.4703 32.4339
140.9127 30.6800
135.2677 23.0785
129.1576 26.5552
131.4240 27.8278
137.4221 28.4306
135.7290 31.6194
141.7249 34.7787
134.3241 23.5672
127.7998 25.7635
131.9007 27.8045
136.5112 32.9564
135.7078 29.8155
148.2958 35.9946
133.2724 24.2134
125.2137 23.4326
134.5234 22.8369
132.8557 24.9848
130.9612 24.4574
139.3829 32.8164
134.2011 26.2349
133.6980 24.5013
129.3171 28.7398
138.3796 33.7706
123.5758 25.8534
132.6187 26.1537
123.8737 27.9193
127.0465 23.6239
137.6192 27.9239
126.0037 23.7586
139.0653 27.3322
136.0349 28.6805
133.6867 24.6582
131.3150 30.5979
136.7203 30.1789
133.8217 24.4720
134.5714 23.0468
134.9160 32.3639
139.6110 27.3144
132.6646 30.1008
136.7556 30.0321
131.7059 27.9041
139.6354 32.8029
134.0799 29.3643
131.0273 26.8912
140.2256 27.9073
132.8911 21.8446
133.7401 24.8360
132.3557 29.3720
133.4423 27.9416
125.0762 21.5336
130.4974 28.8664
131.4726 27.8938
139.5496 28.1764
122.5346 19.8240
129.4416 29.6081
130.7502 26.9427
133.4486 32.3768
133.2098 32.2649
138.1072 28.9616
139.4798 34.1555
134.2126 25.6161
138.4691 29.5024
129.8330 26.1880
131.6991 25.6800
130.5177 25.6074
132.2724 26.7016
135.9677 27.8216
133.6514 31.6199
130.7957 25.9695
129.8178 22.1606
116.4360 17.6031
122.8780 20.5789
132.0106 22.9527
124.7554 23.3350
132.0166 24.5377
128.5922 25.2126
131.6072 26.8740
134.7792 27.2224
130.7496 25.1340
131.1279 22.7244
130.6946 24.1146
133.5941 24.2392
126.6018 23.4244
131.2234 23.2686
135.2053 22.9932
127.6487 24.2945
126.9596 21.4456
130.4776 24.9561
133.3624 26.5629
126.0294 22.0057
133.2029 21.4004
130.4376 21.9448
122.8281 19.4530
125.9065 22.6706
132.2018 22.7956
113.5633 18.8977
134.0746 24.1944
131.4736 24.0074
130.0283 22.0851
129.6157 24.0013
131.6855 20.8574
124.6111 22.1984
138.6463 27.4983
138.7365 29.0626
135.0518 27.4693
137.4316 29.0381
121.9645 20.1106
118.1310 20.0400
130.0894 26.9135
133.8393 21.9866
129.2522 24.4995
131.6473 23.1421
129.0101 20.6812
126.7321 21.0144
125.4283 20.0498
128.9261 20.1321
128.9569 20.5238
133.8153 24.8066
130.0605 22.1845
133.4490 23.0931
131.6019 22.5002
127.0822 22.9881
134.2859 22.7493
135.4466 31.1262
137.2420 30.7251
135.4006 23.2797
138.4891 32.9634
132.3438 26.8298
136.2575 30.9238
131.6925 26.4920
133.7503 28.5296
131.8916 28.5559
135.9188 32.4619
138.4278 29.2910
141.1045 34.1479
132.7047 28.1737
134.0239 24.2916
124.8393 21.3683
130.6756 26.9980
130.9645 27.4070
139.2035 27.4153
134.1320 24.3646
140.6893 27.7308
135.3814 22.0683
136.9827 31.4450
134.0694 24.1665
127.2192 27.9538
131.4331 30.7480
137.3226 30.1589
136.1010 28.2345
134.9296 30.7272
139.0831 26.9548
131.1799 29.3233
135.4354 31.0877
139.8698 29.7149
135.4955 31.6012
135.3025 29.9587
141.9102 35.5238
134.9482 23.1753
133.5797 31.9927
136.4939 27.9291
136.6674 30.3324
131.7870 26.7725
135.7370 31.5954
135.7492 27.7861
134.6919 23.0083
136.4449 27.3225
133.6039 32.5344
133.4270 30.5454
136.0875 25.7505
137.7908 26.8967
140.3835 33.0290
134.9348 24.3072
130.9963 28.2582
133.9320 31.3967
139.6810 27.6708
138.4352 27.3592
135.8029 32.2572
137.0589 28.6482
139.7054 27.6730
138.6225 33.7977
139.9084 28.7996
131.0631 26.9756
136.4523 27.3520
138.4137 29.6665
139.8340 28.4297
137.1967 30.2614
139.9621 34.1047
135.7905 28.7584
135.6144 27.8207
133.8958 24.1156
133.9915 21.3063
132.8060 24.4588
138.2334 28.6679
132.1317 28.9711
140.0515 29.1440
123.3898 29.9896
131.8760 29.4958
144.8356 34.3420
141.5629 34.3424
135.5833 32.6600
131.5662 26.2836
136.6007 28.6893
130.8383 26.9383
131.1624 26.7657
138.6290 32.3537
138.5308 33.4276
137.8802 29.5450
134.6207 30.1909
137.7605 29.3024
130.3272 26.3858
135.3985 25.7583
126.8816 26.1100
140.5842 27.3754
133.3803 30.2254
136.6760 25.7663
137.3014 27.1665
130.8767 26.4241
129.7973 25.8467
133.2374 28.5267
133.1472 29.4847
140.4257 27.7447
137.7099 26.6734
131.0911 28.1168
135.5987 31.3647
138.2106 32.3781
128.4499 29.1970
133.6264 28.6409
137.2402 29.9605
139.4142 28.6081
135.5160 30.1085
137.3481 28.5075
131.5270 29.0408
130.1685 26.7105
137.5109 27.4716
136.4129 28.2404
134.9775 25.6024
140.2203 27.9448
137.3011 30.0988
124.6524 21.2724
128.6696 27.0906
133.5646 22.3648
129.6980 26.6898
133.1224 28.8690
128.5701 26.4765
136.6273 33.0458
135.3692 27.8562
136.6641 28.4872
136.3316 27.4382
133.2098 21.1851
138.0236 29.5711
131.5131 31.0527
133.2962 27.7358
140.5250 27.6762
134.3858 32.6580
130.2442 25.1761
136.8591 28.4066
136.4231 30.1492
139.2747 27.0014
132.7457 31.9099
133.5142 22.7546
134.7687 24.3565
131.7816 24.9687
124.6848 24.3195
130.8419 28.2955
136.0526 28.1819
132.4335 26.3261
139.8099 27.8511
129.4655 25.7703
137.8484 29.9548
131.9460 24.5157
131.6538 28.2503
134.2338 21.6695
130.8694 28.1567
135.9518 28.0083
132.9723 27.8444
141.0876 34.4101
148.1792 37.8975
138.6300 33.0441
143.5620 36.8828
138.8773 34.2320
139.9231 29.0487
133.3267 27.9239
149.6573 35.9464
136.5112 30.5348
137.7290 30.6690
139.9594 33.2884
138.1302 34.1572
139.8423 28.5397
139.9420 32.1082
137.6678 30.7841
136.5898 30.3242
137.7617 27.8778
134.0647 24.5310
137.0911 30.3055
134.8418 22.9043
145.4793 36.8131
136.5386 29.9615
140.3006 27.9605
136.3403 30.4848
133.5308 32.9831
139.3380 28.9477
143.7314 36.8530
143.9037 35.3141
140.0905 29.0308
137.5524 32.6634
139.5437 28.2072
136.1290 31.3732
133.3332 31.6960
138.0117 33.3642
143.8247 36.0733
144.8396 35.7495
136.1142 31.1539
137.6567 27.3174
122.6785 23.0953
145.3205 37.1271
131.0072 30.3621
139.3347 34.1376
139.7191 28.9838
143.7750 32.6488
152.7890 36.3169
121.7866 32.5982
146.3798 34.3095
139.9489 27.7754
136.2322 28.2682
140.0623 27.9631
137.6570 29.9644
138.3904 34.2342
143.4869 38.3309
137.4183 31.0850
133.4251 31.7858
137.4038 28.6515
136.6743 31.6071
151.1736 35.8496
139.7260 27.5485
137.9250 31.7147
140.7850 27.6858
139.6533 27.6374
136.4455 31.7195
139.3297 27.0651
135.3245 31.6705
139.6486 33.5646
136.9776 28.9565
139.4430 34.2696
145.0818 36.5468
139.3432 27.3161
138.5857 33.5728
144.9632 36.6105
153.3744 37.6546
136.4464 27.5598
138.0324 26.9735
138.3856 32.8727
157.5323 32.4280
138.3749 26.9841
137.4502 33.8232
134.7689 31.5324
136.8425 30.4497
136.7284 30.8439
131.5829 30.7003
139.2070 27.9142
138.0621 27.0198
151.3116 35.8139
127.1208 27.7494
141.0000 33.5841
133.5628 32.2661
135.4077 29.1176
135.0802 28.2262
134.4708 32.1201
130.3450 27.5098
134.7991 28.0671
134.3670 28.9418
133.7736 31.3869
135.2857 28.3725
138.2249 28.4727
135.3032 28.3983
138.1244 28.3672
130.5565 27.2776
140.3252 33.9420
133.2288 31.9148
134.9753 29.8662
136.1341 29.7435
131.1291 29.3085
134.5194 28.0483
133.8824 28.0832
134.6460 30.8395
147.5980 35.4574
130.9370 28.0928
136.2196 30.3347
135.2284 28.4449
131.2915 25.7716
139.8138 27.8860
134.0719 23.0863
138.6156 29.5630
139.7714 32.4719
133.2196 31.8620
124.1374 23.3202
131.7017 26.9012
138.4380 33.0705
135.1267 29.0227
135.1799 32.1988
134.2129 22.8100
135.7484 33.1446
125.5725 24.6187
130.7162 26.0385
136.6337 27.3057
133.8953 33.0882
135.6310 30.8041
137.2028 31.4818
140.7155 34.4508
140.8479 33.9173
135.3012 28.2156
133.4772 27.9759
127.2968 26.7100
136.0982 28.7289
134.1622 22.6531
131.4989 26.1220
139.1980 28.5002
135.1721 31.4180
135.5480 28.6404
130.2210 26.6984
140.8885 33.9318
139.1335 34.0798
134.8370 28.0745
134.2534 22.3682
140.9333 33.9856
136.3255 29.0349
136.4079 27.4408
136.0780 28.1883
129.9814 27.4710
139.1817 34.0594
141.1005 35.0955
131.4972 27.9910
137.8696 32.1020
134.4806 25.1333
130.8626 25.9947
140.6926 34.0020
139.4164 27.7288
137.4757 27.9247
133.1695 24.8313
135.4057 28.3242
134.2663 31.6035
132.3878 25.2373
131.0990 25.3157
130.6492 26.3995
141.6939 34.0077
137.4461 29.9388
132.4242 29.6698
133.9983 23.0794
132.3501 29.8082
134.1142 24.4633
133.9108 24.1912
138.1754 28.9829
134.9933 28.1656
140.1006 28.0068
133.6865 31.8429
134.0960 21.9230
137.0152 31.3760
134.0100 22.9421
130.1467 27.3800
146.7742 38.5099
133.3658 31.6361
134.3660 28.0628
135.3021 28.3405
132.6415 24.4288
131.0466 25.4048
136.4834 27.0485
139.8042 28.7781
135.6486 32.0251
138.3279 27.1581
133.8769 22.9113
131.7770 28.8305
135.2481 30.3939
128.9077 29.5929
137.9234 29.6293
131.5429 28.4528
133.8219 32.3634
133.4120 24.0607
132.2007 28.4096
131.2118 28.2968
137.6866 27.3488
129.3013 25.5061
130.8592 27.9785
130.5738 28.0246
132.1399 29.2023
130.3585 26.0983
136.7513 28.6648
135.0696 32.3314
138.0304 26.8067
133.2526 26.1307
132.2128 27.7724
131.2389 26.5601
132.2376 29.8826
139.7645 28.1045
126.8376 26.9958
131.7294 31.4963
129.4801 26.0217
138.6521 27.3282
125.6277 24.8464
138.4622 29.3223
135.0474 26.8295
127.6345 28.4628
126.1090 24.2130
135.2260 31.6128
133.4997 23.4960
130.0367 25.6502
133.9579 23.2337
130.4110 27.6213
139.6384 28.1503
130.2630 25.4003
132.0327 26.5659
130.1392 27.3511
135.0266 31.7204
131.5827 25.4895
137.9393 32.5010
138.3751 28.4768
134.7639 25.7314
124.3626 22.1549
137.8997 26.4449
131.2034 22.0497
126.2105 25.3111
127.9321 25.5068
137.8259 32.5083
134.5179 30.1840
137.2887 28.4794
129.7700 25.3489
133.7758 24.8617
136.9073 27.8414
139.3528 27.1085
133.7632 32.6639
131.9864 29.3751
136.5072 31.7079
136.9439 30.9273
140.0704 27.9574
131.3150 24.7294
141.8962 34.8657
138.9728 27.9962
135.4592 27.9640
137.1595 30.3405
130.6536 26.8782
137.6531 29.1476
136.0250 28.7256
137.4881 27.0639
140.7448 27.5197
136.1270 31.5379
132.1892 30.0107
130.1282 26.3717
137.0288 27.3753
134.2650 23.6464
134.2412 22.8390
139.1210 34.1507
138.3684 27.3809
137.8033 26.3973
135.2747 33.1925
126.2264 24.0262
130.8239 26.8320
133.3229 23.7193
134.5409 32.5337
130.7706 27.9720
139.7776 27.8792
134.0673 28.9979
134.4835 30.9286
131.3744 28.5346
131.8940 24.4489
137.9982 29.1747
139.4707 31.6240
144.9370 34.7497
130.3345 26.2333
135.5435 29.1442
135.0863 28.3404
129.1528 27.4231
133.4917 25.7196
139.9343 33.3029
133.5679 32.7939
130.0853 27.6094
138.8864 34.0596
139.3461 33.7396
138.2249 32.6985
132.9717 29.9474
135.5264 28.7190
137.6138 30.4254
130.6792 26.7414
132.3118 25.9072
137.9172 30.0216
149.8245 36.0726
137.7995 30.3618
132.5478 29.0829
136.2109 28.2504
138.5416 33.2134
134.3056 27.9373
130.1794 25.5839
140.1082 28.5141
131.9553 28.4372
137.0423 28.7499
142.0122 35.4343
130.3514 26.5831
138.8685 27.0552
136.1177 28.1980
133.7587 31.6600
138.0005 29.3211
133.8397 22.7524
140.0262 29.0843
130.7949 28.4748
133.2008 27.9223
133.9459 32.4429
132.9793 29.4488
134.1397 22.7369
134.9417 32.2854
125.5302 24.5301
137.1845 28.1978
133.5905 23.8704
131.0869 26.9165
139.7105 29.6244
138.0186 32.3729
133.6598 28.4136
137.5339 27.9572
138.5386 29.2333
130.9914 26.3339
136.2117 27.4593
137.9381 26.6755
133.7890 25.2134
139.7114 27.3845
134.1405 22.0793
137.6107 29.1740
139.2581 33.0848
132.6618 29.9169
130.8466 26.0624
135.1122 31.0966
139.7640 27.5748
138.4272 32.7187
134.0137 28.5916
125.1379 23.8999
135.9648 29.9133
133.0855 29.6225
131.3829 26.2529
134.1127 22.0002
138.4648 32.9264
137.1331 30.0307
130.0197 27.6073
133.3309 32.7216
133.5037 28.0766
133.7704 24.4357
134.6066 25.7384
131.2229 22.3789
138.5149 32.9058
139.3625 27.4367
134.1066 22.1181
137.2671 30.0957
137.5769 26.8748
139.2943 30.7498
130.5717 27.3948
137.8470 28.2206
124.2073 27.0804
127.1309 28.7560
124.8230 21.7129
137.2882 30.5932
131.1752 25.1421
139.8328 29.2687
126.9081 27.3163
135.3183 31.6926
133.6521 23.1954
136.2323 30.8133
130.6227 25.4325
136.6135 28.3890
132.0509 29.3733
128.6157 29.4436
126.9464 26.9754
131.8753 26.4699
133.5624 27.9029
134.2620 28.0277
131.5580 27.2492
133.0045 28.2956
139.5607 28.7253
133.7696 28.2086
138.7674 26.9158
132.4844 29.4254
132.4748 24.8997
139.9619 27.7962
138.8207 27.0343
139.3815 27.3912
132.0143 29.5033
135.1594 31.9522
134.0468 28.6708
132.2685 28.8592
133.2183 32.5443
139.8695 28.3822
133.6089 22.9608
129.0594 26.2776
135.5119 33.0990
128.7837 29.6186
134.0472 22.5656
134.8255 25.9068
131.7380 28.1627
135.9677 27.8878
142.0229 35.8536
135.5999 29.8506
124.1290 23.2517
133.3179 23.9031
132.4392 28.0731
137.1014 28.1557
132.1687 30.1441
132.1714 24.8896
137.3816 28.0414
132.9353 26.1132
129.8985 26.8779
137.9359 29.5240
125.4970 25.0493
134.6645 22.5613
125.5733 24.1391
136.2441 27.8126
140.3318 27.0962
130.0412 25.2562
137.6590 31.9287
131.1518 25.9212
133.3764 24.0082
132.1648 28.4042
130.0829 27.6441
137.3081 30.1710
139.8916 27.8169
130.5389 25.8824
137.6017 28.6126
134.6197 22.4203
133.4693 28.6397
126.5045 25.2844
135.7708 27.9535
133.9826 31.9284
136.1423 30.2610
134.4166 22.3490
138.8565 27.0358
137.0872 31.6181
130.8682 24.8343
140.1415 27.8030
133.3040 29.1151
128.5929 29.7664
130.8579 27.7034
133.9361 31.4719
137.8945 32.2353
138.9815 27.2059
137.6749 27.1389
133.1039 32.0099
134.9276 21.9995
133.4963 22.3370
124.1119 23.8874
132.0122 26.2692
135.9658 30.5533
132.2865 27.9493
134.2081 30.0370
124.1238 22.3810
134.2063 21.9713
130.4536 27.5790
136.5785 27.8535
133.0651 22.4256
125.3355 22.4707
138.0559 28.5665
133.7703 29.9591
137.5586 27.1142
136.6095 28.4353
131.3651 24.5584
137.7269 28.3408
129.7290 26.0667
139.3809 27.1219
132.1598 29.2054
124.2174 24.1034
133.5934 23.2714
130.4772 26.9242
136.9874 31.6619
125.2043 25.0673
131.1926 30.5255
133.5885 23.7031
134.2299 25.7077
136.6407 30.5365
134.1252 32.2930
134.8820 25.1507
131.5661 26.5965
134.1496 30.2525
125.3218 21.6104
130.5080 27.5925
139.7613 27.2004
130.6546 26.0899
128.5071 26.9188
138.7788 28.8407
139.8045 28.4379
130.7224 25.8368
138.2467 26.5509
140.4764 27.5403
138.4970 33.3737
138.8809 27.3425
133.2315 32.0070
134.2585 30.2097
135.5911 32.8840
138.8741 28.7650
138.4840 26.8870
133.5062 31.9903
135.2094 28.0113
130.7297 27.9708
134.1051 24.5309
131.2048 24.5099
134.8723 22.5071
131.7497 29.0236
137.5307 28.3117
132.7078 21.7144
133.2281 24.9383
133.6104 31.9240
136.7829 29.0769
132.0727 28.0327
138.1299 29.8399
129.1740 26.9924
133.7509 21.9208
132.2928 28.8218
135.0498 29.8785
137.2782 27.9826
137.3839 30.2304
135.2742 30.4180
135.6691 26.1874
134.8369 30.6472
132.2897 24.3374
135.2471 32.4341
129.2407 26.9150
131.1380 27.9739
138.5926 27.7585
134.4907 30.9870
134.5132 31.2864
140.2738 27.8393
139.9066 28.4132
133.9541 21.9240
136.5212 28.9870
135.7940 27.4867
132.6617 24.5136
136.5679 28.3066
134.4375 29.6654
135.5517 27.8773
137.0848 27.9324
132.6277 29.2019
137.5574 26.8237
136.0873 27.6852
137.0810 29.7308
137.4915 26.3605
132.8763 31.3166
133.3237 27.9428
131.8683 27.2485
131.9197 28.6277
131.9690 28.7932
131.7851 27.6879
136.9260 27.9110
133.4850 25.1067
137.6330 26.8988
132.8471 29.8519
132.3750 24.5776
136.4709 27.5853
124.1850 21.5428
137.8233 29.6295
139.7161 27.4305
131.8929 27.1402
130.8096 27.9223
137.7306 29.6504
133.2052 30.0264
135.3089 31.9332
139.1559 28.4212
132.0869 26.5061
139.3064 27.0961
124.0853 20.7871
140.0527 28.1383
133.5229 23.3526
135.8875 30.6542
140.2996 27.7289
132.3419 28.1232
131.9482 24.7391
136.9008 28.4686
136.0317 26.1149
139.8481 28.2099
133.5766 32.5753
133.1450 32.1372
137.7377 29.8303
132.8867 29.1539
135.3725 28.5464
132.6904 25.0427
139.8764 27.8517
140.3743 27.5354
133.8941 22.9995
136.6537 27.9244
136.2150 28.2241
129.8186 25.4860
128.9659 27.2772
133.1822 28.8897
134.4541 31.7917
134.9539 30.3811
136.6623 31.7715
136.3516 27.7665
139.4432 27.3316
133.6144 28.5987
131.5447 28.1908
133.4143 23.4567
137.0874 29.5922
133.8423 28.4353
137.9258 28.7017
137.5269 30.0345
135.5991 31.0070
136.5078 29.6023
136.1200 27.6556
132.2662 24.5584
136.2193 30.5295
135.5547 31.3789
136.8465 28.4704
138.8112 27.6267
132.4121 28.1474
141.7739 34.8461
137.1259 27.6803
135.5147 30.0168
137.0954 28.1626
131.8827 26.3414
133.3233 28.7373
130.1340 27.7010
136.9782 28.3850
129.8378 27.3946
131.2317 27.9725
134.3616 32.6764
123.6431 22.8066
133.5395 28.9659
135.4168 27.6646
137.3601 28.8637
135.8483 27.5045
133.6741 23.6386
140.2117 27.8486
131.6270 29.1661
135.5300 27.8022
133.2940 32.1952
137.7810 28.3638
122.0559 27.2747
132.5914 22.4645
134.5209 21.9929
134.0921 23.9158
135.5757 28.5725
130.5895 27.5225
139.7808 27.9911
126.5552 24.8404
133.7108 22.9691
146.9912 35.5760
139.7054 32.8184
133.5762 24.2916
135.2500 22.6200
138.6942 27.0100
134.7306 30.6169
134.3508 29.8010
130.2084 25.8575
134.2240 21.5621
133.5899 22.7168
127.2407 29.2182
135.8463 29.3311
129.7354 24.9095
130.1557 26.0224
131.2150 18.0915
131.9774 29.8068
139.8475 33.9968
137.1870 30.3661
133.2171 21.9912
137.8423 29.2949
136.1163 32.2140
130.1363 25.2046
133.3248 22.7696
131.4770 22.5076
134.1441 22.1038
124.9677 20.2284
132.0704 27.6209
136.9514 28.5280
132.9713 23.4749
130.8926 26.2169
124.4206 23.7315
132.4144 24.2396
130.7780 27.6407
124.3174 23.0255
133.4196 29.0394
133.7197 24.0993
125.4657 23.6657
133.2393 22.8202
139.0200 27.9421
135.5647 31.9336
132.4596 29.2924
132.5518 27.6646
136.9167 30.1482
127.3348 24.6477
133.7050 31.6209
131.7254 25.5634
132.0178 28.8781
128.4840 30.1038
133.7180 26.2227
131.8767 24.6229
126.6117 25.0226
123.2792 23.2349
122.0330 20.1822
136.8006 29.8968
145.9013 38.1295
136.7929 30.3453
135.5095 31.6065
134.9090 27.8394
136.6309 27.7609
140.9501 35.3997
139.1097 27.3586
138.9719 33.1441
136.4431 27.9344
139.7432 29.9140
139.9304 29.5102
139.0056 34.4037
137.4768 29.9881
139.2496 34.0799
138.7106 32.5376
139.8961 28.4981
139.2451 34.0825
138.7719 27.4294
139.0047 27.2648
137.4206 28.2145
139.4060 34.1021
138.2263 30.5711
139.3635 33.3534
141.5865 35.7573
138.2515 32.1272
136.5309 30.9596
136.3035 31.3492
136.6088 30.3716
138.4048 27.2977
146.2746 37.4934
139.0594 32.9528
137.1572 28.0367
145.2359 34.3129
138.9337 32.9736
140.2329 33.2615
136.6744 28.1708
143.1206 36.1445
137.8326 29.2412
138.3454 28.7029
137.6786 33.8174
146.3701 37.7222
136.3480 30.3473
138.3575 30.3322
137.9229 27.0538
139.1122 33.0223
140.8738 35.4330
137.7206 33.8392
138.8633 34.3926
146.0266 37.8632
138.3750 28.8736
139.0803 33.0829
136.3627 27.5076
142.6624 36.1984
139.9354 28.1079
139.7662 27.7749
138.9411 27.4626
137.4846 29.9606
137.7505 28.2706
139.6429 33.3224
136.9311 27.9038
144.4827 37.7096
136.7292 30.4657
144.6771 35.6708
136.2785 30.0460
138.4523 29.0846
138.2810 32.1375
137.7249 29.4127
144.8624 37.5263
148.6647 35.6456
146.1650 35.1630
139.6273 34.0977
139.1022 27.1110
137.7993 30.2660
139.9474 29.2494
137.4094 30.3510
144.2111 36.1622
144.5024 37.2740
137.0627 30.4256
136.6967 31.5999
135.8368 30.6417
136.3353 30.8044
135.6842 31.4159
144.7254 37.7964
131.3945 26.9810
139.5831 27.3468
149.3625 36.2446
138.0968 29.8893
144.8541 37.6718
137.9408 31.2918
138.9267 34.3822
141.3300 36.3351
140.0034 33.5078
139.5494 33.3369
144.3593 36.0651
145.0320 35.5525
136.2269 30.2335
138.1018 28.5275
137.0070 28.0440
138.1263 28.5229
136.5203 28.4196
139.5693 27.4176
144.2187 36.0674
144.7099 37.7954
138.6869 32.6247
139.6100 27.3504
138.3408 32.2402
139.3768 33.3919
137.3254 30.0850
138.4627 32.5117
142.3542 35.0019
139.9750 29.1149
137.1239 31.2042
136.5351 27.9504
137.7465 33.9215
140.8645 33.3682
136.9200 31.6410
140.6373 34.7963
136.3782 27.9580
139.7293 33.4600
138.4487 29.5319
143.5685 36.7042
140.4320 33.4806
146.4165 37.6269
137.7251 26.8578
137.2887 28.7422
139.1672 32.6558
139.2763 27.2594
136.4789 27.8602
140.6354 33.1954
135.9658 31.1995
136.2092 30.3643
144.1924 35.7828
136.1633 28.2283
136.7719 30.0836
139.6522 27.6036
142.1146 34.8888
135.5420 31.1191
138.6808 32.8327
137.2020 27.9760
135.1169 31.8649
136.2887 31.0376
136.7674 28.3679
139.9862 29.0925
134.3547 33.1271
136.6969 27.8461
137.4579 30.3686
145.2348 34.0585
137.8349 33.8810
136.5798 30.3568
138.1583 34.0875
138.0535 30.6023
138.8567 32.8118
141.9227 34.5335
137.4098 30.1776
139.1792 34.0938
141.8306 34.2635
146.4873 39.1312
137.3299 29.8371
136.3706 27.9651
140.1454 33.6938
139.4451 27.4568
137.3151 27.9776
146.6180 39.1194
138.7618 34.3545
135.6463 31.6035
137.2098 31.4160
138.2255 32.2048
135.6036 31.1455
136.2942 30.0216
138.0276 28.8250
135.2090 32.4101
139.7507 28.2752
140.0804 33.4215
139.1738 34.5262
137.3212 28.7998
137.9015 30.1624
138.7387 34.3722
136.2118 30.4198
138.0020 30.1074
137.3577 31.3371
138.4588 27.1031
140.0315 33.6249
142.8742 36.2943
139.7502 29.8975
137.9949 29.2598
136.7288 30.0838
136.0672 27.8640
146.2726 37.4891
137.5896 30.0185
136.1455 27.8896
138.0400 26.9359
142.4832 35.6359
139.9990 28.7193
144.3143 36.0718
139.8736 28.1756
137.7590 33.8327
139.0433 33.0544
144.1732 36.1942
137.2442 29.5737
142.0603 36.1130
138.7439 34.3697
137.3245 28.6629
137.0250 27.8685
143.5783 37.2451
136.8302 30.2751
136.6369 30.0196
134.0624 27.8453
137.1927 27.9438
137.0584 30.7720
137.4037 30.3800
141.9192 34.3610
142.5117 36.7307
136.6124 28.0805
139.4331 27.2243
139.3468 27.8032
139.7697 33.3323
136.7580 30.4135
135.6774 31.0056
143.6926 36.1379
144.3597 36.1231
136.8484 29.8150
135.1326 31.7464
136.6475 31.6415
136.6939 30.4555
139.7298 27.7287
150.3632 36.0703
145.8414 39.0951
136.7659 30.3925
139.1329 27.1727
139.2503 34.0730
139.6268 31.5994
137.4934 31.0555
136.6288 30.3346
138.5071 29.2621
139.3184 27.8199
137.5044 31.3136
137.4193 31.2325
136.7477 28.0497
137.6558 29.4027
140.0358 33.3463
144.0551 36.1730
157.7650 35.6411
152.8496 38.4505
138.2215 32.0872
139.3813 34.2550
137.9502 31.4904
142.3465 35.2094
135.8289 27.8680
136.5091 30.4614
140.2054 33.6248
145.2551 34.0770
144.2589 36.1450
138.0852 28.3889
138.1626 27.1849
137.4427 31.1704
136.5821 27.8477
139.3228 27.1961
139.9135 28.7615
138.5631 27.4063
139.4972 33.4136
141.0764 36.1843
145.9400 36.0098
139.7980 33.3611
136.3647 31.5967
137.9956 34.0607
136.9549 28.9679
139.2003 27.1837
136.7857 28.1481
138.3544 28.9747
139.4035 27.3042
142.3992 35.6079
139.2880 28.0693
136.6549 27.5419
136.0273 30.6147
137.8166 26.9825
139.7303 27.4052
136.8595 28.4245
139.4319 34.1009
145.7077 37.6495
136.8222 30.5546
139.6788 33.6327
137.9098 27.1313
139.9449 33.4261
136.4276 30.9830
140.0763 33.2577
139.2862 27.7918
138.6717 32.5418
137.7097 33.8575
137.8848 31.3794
143.5652 36.2261
138.0243 30.5840
139.1392 32.9288
139.5479 27.5725
139.5438 33.3511
139.7470 28.0592
