130.9570 26.4483
131.9260 29.5794
131.7807 24.7464
138.4648 33.3861
131.4413 30.3030
133.2823 28.4894
131.1423 27.5002
135.6981 30.9402
138.3457 28.0251
138.7947 28.2838
136.2991 28.6723
130.1497 27.4529
136.4002 29.8373
134.1635 31.3584
131.6752 31.4636
138.2520 28.0239
132.2353 29.8980
135.0037 33.6010
138.4102 27.6110
136.9437 29.5005
138.7272 27.7202
133.3018 25.3335
134.9198 30.4000
140.2173 34.5107
135.4145 31.7243
131.2955 27.4124
139.1407 27.9323
136.2926 28.7391
138.1192 28.6272
139.4596 28.6580
135.7598 28.9305
136.2875 28.4846
138.2655 28.1654
130.1272 26.7507
137.4106 30.1055
135.8257 30.5330
131.7693 28.3049
134.6655 27.7601
132.1908 26.5853
138.6515 27.7063
131.3150 28.8664
137.3568 33.3534
135.9817 28.3172
136.2383 27.9337
134.0797 24.1470
139.5188 34.8214
131.4578 30.7291
134.6591 31.1175
134.4895 28.3175
125.9133 23.9379
135.1207 28.3769
132.2207 25.7260
135.4056 32.2473
135.1747 28.4207
131.4092 25.1180
140.0512 33.5498
131.5107 28.5468
134.2461 28.9385
131.2588 27.9951
127.4656 24.6838
134.8282 28.2933
137.0166 26.6694
136.9551 29.7150
134.2091 30.0548
140.1452 34.4214
137.9358 27.2335
132.2098 31.2201
132.8967 24.4023
137.1608 27.8967
131.7017 26.6823
134.1123 23.8769
139.8784 28.0143
131.8498 28.4748
131.0788 28.6603
136.2202 28.4467
130.1282 29.0105
127.2866 25.9679
135.4039 23.6551
135.4176 33.4044
132.8584 24.9162
135.7417 30.1813
134.2038 24.4697
131.8386 27.3885
132.4759 29.6722
135.6311 29.6635
130.9909 30.3870
133.5054 24.9799
137.2729 31.3348
127.2459 28.0316
137.0870 31.3871
133.7130 25.0772
137.2056 30.7476
131.6427 28.0294
136.3093 27.5796
133.7082 21.4621
131.1299 27.4884
138.7011 28.1385
131.7417 32.1480
136.1755 30.4746
133.7660 24.7768
134.5059 31.5369
132.0672 26.3658
134.9414 22.9968
136.6993 31.1202
133.2686 31.9776
134.7205 30.6728
133.5911 25.9170
136.0630 28.2979
140.8786 34.6195
132.5608 28.2048
141.2732 34.7508
137.4348 32.9076
132.0752 27.6101
133.5741 24.9977
130.0799 28.6249
130.1464 29.0835
135.7088 29.9364
136.7420 32.3154
136.5886 31.1187
133.6271 24.8850
132.9996 26.4568
138.5246 27.8229
134.5238 30.4467
129.9707 28.7374
136.6959 30.5083
138.4535 33.5100
131.1521 27.4049
133.6147 25.8052
135.1284 33.6197
136.5108 28.7468
132.0979 28.6824
135.7499 29.0360
131.2164 27.8414
133.7390 24.2911
131.1044 27.9737
131.2756 31.3128
132.1303 27.5872
137.7612 29.0257
131.6153 27.8938
134.0840 30.0848
139.6495 28.3179
138.1077 26.8177
135.2576 22.7083
133.1250 24.6130
138.7673 34.3565
138.2648 27.8587
134.4166 28.8283
134.8650 33.5962
131.8055 31.1225
136.0187 29.7764
129.9091 28.6360
136.4398 29.4650
130.5593 28.8916
134.2066 30.1013
134.8350 33.5031
127.0353 25.7060
133.7533 30.4226
136.7427 29.9801
132.0195 25.3215
131.6848 31.1607
135.9030 28.4314
137.3578 29.2468
144.5232 36.0835
131.3490 28.8172
134.6000 30.3479
129.7042 28.7459
138.2540 28.1667
135.9933 28.5730
129.4398 26.1054
139.9259 34.0530
134.8832 30.3245
135.9086 28.2861
133.4035 31.7605
130.0401 28.7336
130.0214 28.3270
139.0483 33.6248
132.1009 28.3756
132.0245 28.7083
131.8105 28.4947
133.3798 25.4625
139.5946 27.4225
133.2391 28.3614
134.7253 29.9360
131.7131 29.6204
136.2184 28.1717
130.4135 29.3021
129.6395 25.9645
135.7825 28.8875
131.7628 27.4588
139.6880 28.3763
138.3817 26.6327
138.7503 27.6802
132.2772 27.9701
134.5045 32.4634
132.5935 29.3745
134.7844 33.5304
136.1254 28.8376
136.0886 29.1763
131.7327 28.5849
139.1758 27.9456
138.9003 27.8194
132.0920 29.7614
131.5618 29.3743
135.8028 30.4303
136.1103 30.7460
133.6341 25.1512
125.8607 22.5440
137.9270 28.3860
137.3037 29.0537
134.3328 30.1390
139.3362 34.4727
138.0932 28.1181
138.0669 28.5986
133.2067 28.3658
137.1201 32.3011
138.4474 28.0126
130.9266 28.2174
133.7948 24.6998
124.6836 21.8334
136.5079 28.4319
132.2785 28.0086
139.8645 27.9078
132.4264 29.7714
130.9564 28.0009
125.1357 23.0527
136.3652 29.5638
136.7878 30.1677
132.9742 25.2508
130.1863 26.4664
138.6765 27.4908
135.8349 29.6551
133.1161 29.9770
132.1096 30.0728
135.7160 28.3856
127.4418 29.3664
140.8920 33.6013
138.8376 27.7834
137.4110 32.7333
132.4895 24.4405
131.8794 32.5899
124.9455 24.2610
133.9198 32.1291
131.6326 28.6324
131.8420 27.4933
131.2018 27.7158
133.0394 30.5422
130.9267 27.1074
132.5881 25.0654
137.0720 31.3007
136.2802 29.1625
132.0605 28.9782
133.6728 28.9202
131.2691 28.1590
135.6601 29.2751
136.0148 29.0037
135.7021 30.5760
132.2021 32.1418
136.9300 32.6615
135.8436 28.3287
131.8694 28.6815
131.8551 27.1795
137.4802 26.8734
134.3511 29.9020
130.8461 27.2542
134.4152 30.5760
130.3689 26.6642
136.0068 29.7567
138.6910 26.9291
136.7283 28.0683
133.9282 23.9047
132.2187 29.3998
139.7789 28.4290
131.5699 27.1346
138.0313 28.2766
135.0545 22.3400
131.0403 27.5034
132.3034 24.8715
125.5075 24.0288
132.7283 28.9928
136.7605 31.0292
139.9032 27.8027
132.6943 32.5262
139.3758 28.0972
138.9232 27.0291
133.5627 24.9109
134.5901 28.8076
132.3732 25.5036
137.3514 29.0323
126.2481 23.3768
131.6919 28.6712
132.2077 28.0157
130.0798 29.0093
138.2657 28.3727
134.3387 30.4966
138.5832 33.9847
136.5621 29.1540
132.0491 30.1732
133.6244 25.4305
131.9306 27.3047
138.8672 27.6957
134.6626 28.2203
125.3505 24.2159
136.1444 29.3042
133.6783 32.8922
132.7498 28.8591
136.6537 31.3002
135.2060 22.8855
125.7212 23.0604
132.5343 28.5997
131.2865 29.0777
126.6717 25.8895
136.0467 31.1417
134.5652 30.8384
134.1958 29.4992
138.6749 27.5058
136.6193 30.5725
136.8468 31.2480
135.1553 33.0565
135.9570 28.4925
130.9787 27.3862
139.6365 28.1253
135.2982 27.9068
137.5809 30.8638
130.9581 27.0021
131.8588 32.6478
133.9860 29.4163
137.6855 29.8535
131.6870 28.5400
130.9155 27.7961
134.3911 32.1124
130.8405 26.5646
132.3054 32.6314
136.9774 28.6968
132.2330 27.3209
132.7677 24.4353
131.5873 25.6689
132.6851 31.9742
135.2332 22.6291
130.8371 26.4523
137.7416 32.3092
136.5854 31.0298
135.9459 28.2057
133.8860 24.4028
132.0633 32.2305
135.5811 29.4949
136.1312 29.8423
135.8477 29.0439
132.2789 28.7148
137.2279 30.1474
138.2996 28.0369
137.8834 29.4654
133.6360 32.2644
136.9132 32.2284
126.8281 28.8059
130.2415 27.8437
135.2411 32.6819
139.8255 27.8745
135.4591 33.0666
137.1153 28.5568
130.5578 28.8868
135.2891 33.0528
134.6179 28.6902
135.6871 30.5809
138.9686 27.9038
136.0979 31.0129
136.0206 30.1429
137.5805 28.2194
133.9648 31.8714
126.3253 25.3584
137.2399 33.0442
131.0398 29.8434
136.1539 30.2061
139.3522 28.2706
132.4519 31.8236
131.1793 26.3284
133.4195 26.1843
131.7673 26.6810
130.6181 26.8221
133.6362 25.5161
131.9169 25.6741
137.3078 28.9578
134.1719 28.9651
131.9249 26.9125
135.6444 28.8343
132.8216 21.8371
134.1637 23.7030
134.3268 32.0350
132.9867 25.8277
126.1546 24.5376
136.3421 28.4012
139.3171 27.9323
139.9848 27.9504
131.0481 27.4027
130.0359 27.4344
135.6931 29.2236
129.4675 28.0338
136.0217 29.1149
134.7085 31.4620
136.3556 28.1615
133.6646 24.3433
131.8577 29.9133
132.0484 29.7274
132.8576 28.7229
133.3292 25.2700
138.3946 27.7260
133.3535 28.5859
139.1927 27.7162
137.0554 28.5155
128.3286 26.7890
131.1858 30.3783
132.2218 28.0375
132.3610 32.6002
136.5475 30.1271
130.1136 27.5646
132.1346 30.3539
130.0564 25.9968
139.8305 28.7598
129.6540 27.5449
138.5002 27.5174
135.6092 28.8918
135.3811 28.8917
135.7709 28.8627
134.6580 29.6820
133.3911 29.1814
137.8671 28.3068
136.2137 28.4292
136.4979 29.7422
132.0627 25.4337
132.4201 28.7068
137.0387 31.1522
132.1216 32.7502
133.2977 24.4717
132.7420 28.5110
139.0461 28.1432
130.5420 26.5157
133.6839 24.4186
135.7513 29.9069
134.5551 24.4817
126.7820 25.6929
137.2973 32.8330
128.2229 29.1134
137.4501 28.7557
129.9039 27.1402
144.1039 35.4625
133.2915 23.7374
139.5918 28.1887
133.4387 25.2798
133.8631 23.9569
132.4922 26.7716
132.6133 25.0962
137.5159 34.6224
132.8080 30.2229
133.2758 25.0771
131.5013 25.6925
134.3441 29.4292
131.3492 27.3742
129.5201 25.8414
138.5858 27.8982
132.2015 32.8292
136.8723 32.3851
136.3759 33.3744
130.4209 27.3791
135.9308 28.7820
125.5004 25.7049
132.8125 29.0861
137.3175 29.5982
137.4901 31.0185
131.1145 27.0528
136.1631 29.6590
131.4465 27.4775
136.3516 31.1753
136.3472 29.2488
135.9243 28.6270
138.1821 28.4608
134.0887 23.4311
134.4034 29.6058
131.6561 28.5660
137.4167 31.0076
131.0736 28.5998
133.1279 25.2499
137.4396 27.1504
133.3187 25.5667
136.3374 31.1065
126.8345 22.4978
136.0137 28.7972
133.9827 25.0252
135.5953 30.7397
132.2561 30.0196
135.1140 33.4238
139.4659 27.9511
131.7511 27.5913
137.2382 30.9311
139.5197 28.4726
137.2991 29.0839
128.0576 29.1484
136.3076 29.3916
137.0806 29.9632
135.8278 28.0477
135.8057 28.7236
131.6877 27.9533
136.4986 30.2865
139.0773 27.8230
135.6012 29.8702
133.4391 28.5126
134.3432 23.8295
134.6186 31.1120
125.8843 24.5524
135.9197 29.7979
131.0389 30.3423
133.6950 24.6152
138.9649 27.9176
138.3890 26.7472
135.1757 28.4462
138.4777 33.5534
133.8710 24.6697
131.4122 27.3147
132.5715 26.9660
138.2942 27.7029
131.6857 26.3442
137.3310 31.3402
134.6727 28.2039
134.7933 28.3166
131.0507 29.8342
134.3186 29.5916
133.7730 24.6070
133.9242 25.0105
132.4171 27.0954
136.4343 30.4485
137.8653 28.8207
135.7605 30.6087
134.1185 30.8395
136.3111 28.2407
134.3483 29.7771
125.4678 24.5347
132.2822 24.4437
131.8108 31.1832
135.2643 32.6590
131.8626 28.0857
131.6892 27.8681
136.2260 28.3698
131.7537 32.0341
129.3382 26.7253
139.4232 28.4703
134.6602 29.7715
134.4294 30.2060
134.7547 33.5464
136.4945 29.0007
136.2734 28.6266
131.8409 27.6745
131.6021 30.7946
137.7560 30.7509
132.5526 29.5962
135.4102 24.1246
139.5472 28.5607
136.3950 28.3193
135.9201 28.4935
134.7874 29.9277
131.7103 25.7276
139.5181 28.3705
136.9032 28.5925
136.1687 30.9944
135.5749 30.7000
131.5110 26.5049
134.1896 29.8330
125.8416 23.8217
133.4598 27.9668
137.0037 30.0108
136.2276 29.7701
139.0444 28.5797
135.8862 33.4977
136.6707 30.2671
139.7022 28.7732
137.9328 26.6789
137.2433 33.4224
139.2117 28.2363
135.5171 33.0331
138.5549 26.9767
137.7603 32.7847
139.1629 33.6911
137.4121 29.2538
136.6680 31.4562
138.7396 28.7569
139.9906 28.2970
136.3666 29.3420
132.1312 29.0399
138.4203 29.2432
139.9649 34.0327
135.1494 32.3402
135.9915 33.4529
137.7890 33.3094
128.7060 29.6559
138.0505 30.1280
127.5409 27.3433
136.1057 29.4123
137.5558 32.6706
139.9419 28.2120
137.7299 26.9265
138.0230 31.3779
136.8602 28.6641
136.8365 33.4215
135.8803 28.2615
139.4937 28.4554
136.5434 30.1099
135.7020 31.0163
139.1688 28.2315
136.7526 29.6120
127.4647 28.3451
139.0680 28.2955
143.3218 37.4181
136.8385 28.6149
127.5416 28.4820
139.0653 28.0104
138.3158 27.5653
138.0724 29.7761
137.9200 30.7917
133.8252 28.8718
139.2835 27.7884
135.9474 29.1347
135.4939 29.7102
137.3037 33.2707
127.3665 28.5427
135.8351 28.2601
138.1248 28.1971
137.2744 29.2859
135.0448 24.0245
139.3276 33.2749
133.3969 29.0923
138.8810 27.4131
141.9038 35.4454
136.3834 28.5827
131.2927 30.9051
138.0135 27.0558
141.1583 34.4171
138.5179 27.8670
139.9744 34.9668
138.8976 28.2020
137.4654 31.6380
135.8317 30.4449
138.9190 27.8742
139.5994 28.1720
139.3233 28.0761
138.7249 28.7238
139.1727 27.7671
139.1930 27.6933
139.1237 28.5860
136.1595 31.2023
137.3394 32.3599
138.6390 27.7311
138.3577 26.9419
135.8756 30.9946
137.1840 33.4224
145.3377 37.1202
133.7737 26.0940
137.5700 29.0656
139.3505 28.3159
139.0334 33.9453
132.3700 28.6629
135.3315 30.1431
135.9042 28.7385
137.3939 29.4272
139.6148 27.4291
137.0361 32.0568
135.7466 28.4405
138.4411 27.4532
137.3870 32.3622
135.5122 28.2835
139.0255 27.5052
138.0367 27.9884
134.6491 29.9167
137.4783 34.5777
135.7971 30.7630
139.2582 33.1947
135.5545 28.3832
136.0102 30.9264
137.0690 30.5102
137.2097 34.5186
136.6422 31.2993
135.5128 32.9551
139.8354 34.5658
136.6234 29.9856
144.2706 37.8794
139.6933 28.5520
138.5921 27.5529
127.1396 27.6021
137.1136 32.3820
145.6216 38.0219
137.2804 28.9033
138.2587 27.0654
139.7969 28.6024
137.1025 32.4242
135.5052 28.1367
140.3310 34.2522
136.0623 33.7806
137.3942 29.6996
136.8096 29.8308
140.5572 33.4616
139.4611 28.6786
137.7645 33.2338
136.3201 30.9921
135.7694 29.0002
136.1343 30.8906
137.7302 31.0852
132.7456 30.2785
139.7270 32.9624
139.6694 28.6788
140.2513 34.4634
130.1226 27.3877
139.5029 28.1293
134.5667 29.8933
133.2499 27.8361
144.6644 34.4092
137.2426 29.0289
137.2689 30.2931
135.8936 30.5823
137.5263 32.9330
139.7420 28.3475
136.9386 28.3735
137.2492 33.2681
136.8582 32.6985
138.2492 29.0969
138.9691 27.5999
137.0557 34.3674
139.6763 28.1723
135.8263 28.1600
138.4129 32.4064
138.7331 28.5300
126.7067 26.6291
125.8319 26.1434
139.5798 28.5480
138.8178 28.3712
135.8190 28.7004
137.3127 28.6439
138.5800 33.5071
136.1251 29.5362
142.3179 37.3111
134.8758 31.5040
135.8201 29.0516
142.2997 37.2017
137.1821 29.5893
140.4309 34.1043
136.9844 29.9634
137.1750 33.1331
139.4330 28.3022
133.6303 28.5877
139.1764 27.8465
137.0983 29.4920
138.8491 34.4712
140.2346 33.1923
135.6324 29.1788
139.4853 27.8791
137.2375 30.2407
131.8126 28.2975
136.6689 33.2698
137.6874 33.3434
137.2960 32.1906
133.3355 31.9322
137.0724 33.3569
132.2831 27.5256
136.8369 30.0496
135.7090 24.5623
137.4077 32.5901
135.7624 22.4950
130.8848 30.2366
136.6745 28.1522
137.5148 31.0754
134.0527 25.2827
131.4805 30.3511
133.9691 26.6384
135.8745 28.3400
131.6152 28.6782
134.9728 33.2534
132.6026 27.9883
135.4908 29.9548
136.3121 28.7131
138.4889 27.9208
134.8614 31.3683
132.0458 28.4979
137.2042 28.4415
135.2410 28.0952
137.7648 32.9570
136.7536 28.6354
139.6482 29.0476
135.6507 28.0905
135.7677 32.6862
134.3924 24.2148
134.0973 29.7819
139.5310 28.6987
123.5564 30.1423
127.2211 25.5935
134.2667 24.1673
127.0213 26.5901
139.6119 28.3180
139.3630 28.0720
139.5083 34.8902
138.1352 29.9269
138.1388 27.0530
140.2342 28.1961
135.7509 23.1484
137.2111 32.2869
137.0976 30.7683
131.9213 28.7161
132.7590 27.7857
138.5193 27.9122
134.2167 28.5299
134.1147 31.5556
139.6730 28.2281
135.8883 33.4820
139.5268 27.7208
135.1635 30.7973
131.6601 29.2779
141.4744 34.8261
137.8985 26.3399
140.8156 33.5999
133.7676 27.9549
136.7530 34.2223
136.1933 27.4935
137.0167 30.7758
134.6671 24.1385
133.3577 25.4542
136.7553 30.3048
134.8609 24.8192
139.5488 28.2147
134.9609 23.8205
137.3192 30.1615
134.6956 28.0249
135.8168 29.0546
137.1145 29.6406
133.9969 28.6562
137.9391 26.4699
131.5259 29.0386
140.3005 27.6275
128.0296 30.3233
131.4011 28.5532
134.7307 23.8763
139.2826 28.2045
134.9641 33.5619
137.5282 29.7625
136.2216 30.2095
134.2266 23.6998
135.8759 30.2247
132.4393 28.0732
136.0208 30.9803
126.7219 26.8386
133.0466 28.7379
137.1452 28.4672
139.3239 28.0515
131.6258 28.9232
127.4535 24.8684
135.6826 28.8021
139.9888 34.0383
136.1735 28.7239
134.5853 21.9111
137.0431 26.8874
138.4484 27.3382
138.3322 33.3801
133.1247 28.2416
133.4577 25.2376
136.0026 28.7132
132.7972 27.8219
141.8745 34.8138
132.9025 28.6794
133.5295 24.9507
139.1502 33.9268
132.0965 28.3272
136.9079 31.3464
135.3648 28.4909
138.4961 27.6473
136.3883 28.9354
133.8133 24.4335
139.5384 28.4178
130.2901 25.5193
137.2866 31.1485
130.9488 25.7854
136.3688 29.4303
131.5938 28.5478
137.7175 33.1458
136.7585 30.6315
135.9374 28.4297
136.6020 29.2236
135.9721 28.8752
132.5896 30.4841
137.2795 32.9976
135.9470 29.3723
139.3268 34.1714
137.0087 32.3429
135.5355 22.6436
137.8965 29.5802
138.7331 27.8344
130.8188 26.5943
134.3321 24.6382
132.2980 27.3288
139.8423 28.1113
134.6039 31.2042
140.1214 27.9751
125.7359 26.2777
133.8702 31.9760
133.4034 24.0087
131.1857 27.9257
131.7243 31.0640
139.1402 27.8803
133.9253 24.5486
138.9122 33.9977
139.3982 28.1777
136.0697 29.2664
136.3629 34.0369
139.3612 27.9142
127.5310 28.7411
137.4529 32.9782
134.3204 28.4715
131.6051 28.1905
136.4832 29.0712
135.8496 28.9794
135.8010 28.1362
129.0044 25.8299
133.1621 25.8381
138.0325 28.6639
136.6937 28.6237
134.0574 30.0228
134.5932 29.5406
138.7461 27.9710
135.9803 28.8447
134.5481 28.0638
138.2973 33.7029
135.0742 28.8741
136.0565 28.6084
127.3619 24.7186
132.4036 28.6623
127.4755 27.9404
136.4250 28.3320
132.8237 28.5250
134.7451 30.9842
138.4566 28.2969
136.0558 30.9787
131.7475 25.9078
132.2492 24.9501
136.8936 32.4731
137.3357 30.8144
135.5755 28.1102
132.9235 26.5306
135.9639 29.8142
140.6374 35.1724
133.4016 25.4755
139.5725 28.1306
130.9905 28.0442
132.0146 32.4864
133.5347 23.9823
139.8241 28.0504
135.5459 29.1088
135.3158 27.9735
139.0547 27.8026
137.9720 27.5523
131.2007 28.0083
139.2093 34.6444
132.1373 29.3202
141.4708 34.8819
125.8284 25.1950
135.8783 29.1004
136.0200 27.9660
137.2353 33.2427
137.0671 32.0805
130.6313 26.7351
132.1365 29.5896
132.4847 24.8258
132.7472 25.4718
135.7259 28.8711
138.6107 27.9944
130.0673 28.6183
135.9647 29.5086
136.2415 28.9053
137.8852 29.7324
135.9698 28.9515
134.5007 31.4861
136.3142 28.9736
136.2493 29.5284
133.1206 26.2804
139.4126 28.3758
139.5253 28.3379
133.2146 24.2563
137.8214 29.9389
136.5616 30.2926
134.3173 33.2317
135.8426 30.5897
135.1431 30.4403
133.3239 24.0472
134.3610 30.4083
134.0423 29.8442
136.5860 29.9673
135.5064 29.0136
135.6716 29.8079
135.8346 28.8743
136.0581 29.4200
132.3264 24.4970
132.6437 28.5516
132.3650 24.5361
137.1516 31.1777
134.5523 33.7151
129.2488 27.8138
135.9439 28.4413
132.6449 24.5548
131.5960 30.4348
138.2620 33.2353
131.2187 26.5943
136.3427 28.6435
138.1604 28.4033
132.0225 29.4081
131.1625 27.1320
133.8014 31.7937
138.6861 26.9671
135.8020 30.5482
132.7615 26.5792
135.8223 30.2795
132.4098 28.3876
125.1334 25.1130
137.3465 29.0903
135.8328 29.6310
136.2593 28.1491
138.6418 28.4488
132.6363 26.6810
136.6201 30.0731
137.0433 30.8046
135.5812 29.4984
135.1366 25.2072
138.6543 27.8885
132.2332 26.0819
138.9019 27.5265
134.1832 31.2043
137.3679 33.3964
135.7543 28.9556
136.7626 28.6035
139.7737 27.7107
135.9235 29.1002
126.7402 25.8891
136.9621 31.3405
136.0447 29.8348
138.6977 33.9449
138.5611 27.7498
135.1435 23.3635
136.8039 31.1873
137.8167 27.6364
135.7074 29.3338
131.8857 26.7674
134.5505 33.6984
135.6981 29.2864
136.2298 27.9096
135.7400 28.5615
132.6326 27.6213
133.3048 33.2282
136.2014 29.7203
127.1578 27.7416
131.7558 26.3193
139.8713 27.5322
138.7417 33.7964
137.4964 27.0610
125.3505 23.5459
125.5046 23.1249
137.3404 27.0295
130.5686 29.5692
128.1987 28.9065
134.7786 23.2708
131.1464 27.1287
130.2360 25.7872
135.6872 30.6107
132.9418 31.8381
138.9481 27.8036
135.6661 32.7179
138.7174 27.7747
134.8392 23.4946
131.7465 32.2935
139.3132 28.0943
136.3356 29.3566
135.0458 23.4841
136.1848 29.9151
134.6313 29.6945
138.2474 33.5141
128.1626 28.6839
131.9454 27.1520
134.4479 24.5167
135.4890 32.8845
137.8398 30.7805
132.1319 27.4724
138.4623 27.7221
132.1637 27.4295
137.2045 33.2426
140.5125 34.0835
131.4828 27.9448
133.0407 26.5988
137.3134 32.9625
138.6996 27.6425
130.7658 27.9917
131.6409 26.6346
131.0476 28.0065
132.3654 27.9203
138.2640 33.6094
126.2183 26.8698
132.4424 27.6040
134.4069 30.0370
130.2313 27.8709
131.6147 27.8095
139.4041 28.5833
134.2828 25.0369
127.6585 25.2622
134.2530 29.8740
134.3760 23.8463
138.5694 27.9488
134.8809 33.5084
135.9288 30.8709
135.8956 33.5184
138.2749 33.7948
135.7283 30.7081
126.1327 26.4885
134.7360 33.6669
127.4165 28.3903
138.2908 33.6026
136.2817 27.9881
132.1356 28.4098
137.3598 33.1642
139.6320 28.4405
133.2132 28.2272
130.1491 28.6369
131.6012 27.7953
135.0433 28.3577
135.7708 28.4512
131.5749 30.1311
133.7149 31.7462
133.8848 28.5150
131.8339 31.4465
126.9042 27.9790
133.9975 29.7059
133.2417 26.5349
134.4338 28.1766
131.1685 27.2553
137.3501 32.9430
139.9016 28.3733
132.5928 27.2415
137.6289 30.4485
133.4650 32.0101
134.8221 31.0089
136.4868 28.5029
138.7681 27.5269
138.0585 26.7071
138.6384 27.5638
136.7527 30.6054
132.5419 27.2172
136.2634 27.7299
134.7480 33.6623
136.7282 29.8925
131.6059 27.2396
134.7408 32.8234
136.6272 31.2806
133.6849 25.2567
136.7209 28.4444
139.6584 28.2297
137.0044 32.5857
134.5139 28.6725
137.5132 26.9790
136.3359 30.9814
139.1875 33.7227
136.3129 29.2557
135.9979 28.9771
135.8622 30.2524
134.3415 31.8574
133.7275 26.0115
136.9753 28.6205
132.4031 27.7439
133.1344 28.4151
136.2282 33.4116
136.3482 31.0662
134.6051 29.7662
134.6753 33.3830
130.3797 26.8699
126.8679 25.6979
138.0201 26.7781
137.3767 33.2532
133.5665 28.3161
139.5260 28.1620
136.9992 33.1268
139.2740 28.1843
138.4392 31.4377
136.6838 28.4410
145.0325 36.0157
137.1933 29.8430
137.1105 28.5260
136.5311 30.4804
139.4768 28.2698
136.3170 29.4848
137.4447 28.9873
138.6957 34.5668
136.4993 29.6783
137.7092 33.2554
138.0690 33.8015
137.1542 28.7740
136.8169 29.3948
138.5756 30.6272
141.3554 35.5607
135.1454 31.5622
141.3606 35.9594
137.1818 29.5575
137.7600 32.9906
136.6059 30.4613
136.1107 30.8217
138.1923 31.0235
135.9149 30.2811
139.1948 33.3389
136.4096 29.8472
138.3276 29.8314
137.4919 32.6076
137.6132 29.3891
140.3559 33.8480
136.6379 30.0870
139.3836 28.3363
143.7915 36.0847
137.2865 33.0203
139.1367 28.0783
137.1030 28.6240
136.5900 30.3115
137.3723 28.7624
137.2189 33.6079
139.3303 27.9253
136.7878 29.0019
139.5536 28.4830
136.2842 30.0779
135.8573 30.2292
137.0652 33.4265
135.9804 28.1564
137.0773 30.4717
138.0387 31.1894
137.4648 32.7529
137.0383 29.4952
139.8001 28.6388
136.8864 29.7814
146.8034 34.8728
140.0800 28.5999
136.3312 30.1403
145.2957 35.6699
139.4478 28.1906
137.1753 33.0466
136.6661 29.7047
136.3770 28.4509
136.3100 29.1283
135.8250 30.3875
138.9060 28.7180
139.6231 28.4847
136.4604 30.7309
138.8631 28.6102
137.5643 32.7324
137.3798 29.1860
136.2336 29.3174
137.1503 28.7556
137.3432 32.9785
139.6874 28.9545
136.9064 33.4261
140.2906 33.4633
136.6556 29.9533
135.8468 29.8352
138.2989 30.4370
136.8731 33.2789
144.2474 38.1815
137.5130 29.3896
138.4454 28.2738
136.0454 31.2842
144.1452 39.3645
137.3102 32.7852
136.6465 30.5227
136.5424 29.9309
138.4720 34.4301
137.1591 33.0131
137.0163 30.9433
137.2365 28.8374
137.5189 30.0314
139.7269 28.2354
137.4214 32.8233
152.3499 34.2836
137.4874 30.0695
136.0071 29.4792
136.6929 28.9177
139.1646 27.8426
137.4536 30.1998
140.5404 35.0675
137.1695 33.0808
137.1446 29.7189
145.3363 34.6950
136.2445 29.9860
138.5805 31.0775
137.4600 29.0324
137.3811 29.9003
139.4707 28.2978
136.8072 29.3237
136.5555 30.0730
136.7463 29.0511
139.1043 28.2448
136.5691 33.2619
137.0285 29.2388
139.0292 27.6740
136.6104 28.2950
137.1265 33.1675
136.1639 30.7200
145.1870 35.4512
139.8997 28.8231
137.5512 29.1838
136.7668 30.3623
138.7719 28.6267
145.1021 35.6053
139.3577 28.3317
136.0831 29.4636
146.2711 38.6631
139.0769 28.4386
136.3907 30.7319
136.5019 30.1695
138.4073 29.6669
136.7705 33.8432
137.5712 29.1601
137.4338 33.0184
137.2183 32.7956
137.5822 32.9297
139.6820 28.6115
139.9621 28.6428
137.9379 31.6232
137.3883 33.2820
137.7051 33.2488
136.2476 30.4004
136.7314 29.2861
139.4022 28.0119
137.0087 28.5815
135.7765 31.0061
136.0502 29.7621
139.3769 28.2459
137.2785 29.6673
137.5689 29.9088
137.3548 33.5964
136.7658 29.8259
137.5936 28.9831
135.9431 30.7384
139.6154 28.3377
137.4138 29.7369
144.1451 38.1108
140.1137 34.5133
139.7728 28.6659
137.2093 32.9643
137.4069 32.8517
137.0838 33.1859
144.5346 35.0180
136.3929 30.6496
138.4143 30.3393
139.2840 28.0939
141.7157 34.8009
143.8283 36.4005
136.2083 29.0978
139.6636 28.3277
136.6570 30.8602
137.5385 29.9988
143.1147 36.0127
138.3943 32.1942
135.8804 30.1930
141.5188 35.5888
135.8264 30.0457
137.5257 29.1261
137.6672 32.9348
136.8676 30.0957
141.6797 34.4210
136.1391 30.4477
136.4069 30.0030
137.4188 32.5693
137.2793 30.5035
137.0609 30.2511
140.8997 35.5234
138.1192 31.5806
137.4534 29.7768
136.4302 29.5324
135.9528 29.6300
137.1413 33.0299
137.0027 29.2932
138.0256 31.0867
136.5767 30.1462
140.8820 35.0785
137.3958 32.6138
137.4646 34.5996
137.1731 33.4567
136.6178 29.0011
135.9752 29.6040
139.6893 28.6542
135.7482 29.7289
139.8103 28.6985
136.6299 29.3203
137.0957 29.8887
137.3258 30.3825
137.1738 33.5982
137.1720 29.2341
136.6254 29.7237
135.9552 30.3565
138.4984 34.3913
137.5980 29.2596
136.5664 30.9473
137.4201 32.5658
135.9078 31.0846
136.5243 29.3515
136.9400 29.7316
137.0292 29.6414
139.7240 28.9439
137.0783 28.7295
136.7708 28.5293
136.3223 30.2915
137.1045 32.5935
136.9229 30.8332
136.9585 30.9159
136.3246 28.3496
136.9055 32.8729
136.8810 28.9873
138.9577 27.7146
136.4236 30.6679
136.7299 29.3737
136.5168 29.3959
136.5102 28.4831
137.6138 31.6687
137.2055 28.6994
137.2976 29.2555
138.5796 34.4131
139.4302 28.2963
136.8660 28.8509
142.3569 37.3064
137.5978 29.2016
139.0269 28.3754
137.1109 33.0738
137.7228 33.2378
137.4761 28.8862
146.4909 35.5975
136.9034 30.2088
137.1434 30.6456
136.9261 28.7650
138.4303 29.6284
139.4803 28.1915
136.6110 30.7643
143.9517 37.4573
135.9187 30.0610
135.9887 30.6398
139.3405 28.3640
136.6993 28.4806
135.4311 30.3885
136.8318 30.8661
138.4279 27.7262
137.7514 33.0686
137.3869 32.9421
136.2069 28.8672
136.3595 30.5932
137.4183 29.5696
135.7419 28.9587
137.1700 30.3473
136.1093 30.7205
136.7406 29.2357
136.3623 29.7644
139.5059 28.3301
137.3334 32.8462
139.2448 28.3236
137.0947 29.8133
136.9556 28.5865
137.2640 32.9660
138.5532 30.7602
137.3017 29.2655
139.2549 28.6959
136.2379 30.3844
138.3512 30.5283
137.2454 28.6858
136.7872 29.2405
136.9159 28.8671
136.8108 28.9830
137.6284 29.9153
136.3025 29.5186
137.0103 30.0617
138.8130 27.6189
136.4999 30.1124
136.4967 29.5996
136.5937 30.8848
136.2439 29.7108
139.2731 28.1539
136.7769 29.5544
136.2805 28.4106
138.5198 27.7744
134.3276 28.2622
139.2187 28.0297
129.6159 28.3508
131.2566 27.1333
141.6863 34.8558
136.8619 31.0878
131.2763 25.5772
140.9665 34.8424
133.7643 30.7169
138.9199 28.7476
148.0276 34.9200
133.0490 27.9295
133.2885 30.3859
138.6225 27.1895
129.0226 30.2200
138.1689 32.6157
134.9628 31.2148
130.4993 28.0045
136.9288 30.0566
145.3327 37.1857
137.9842 30.3906
131.2356 31.3950
132.6536 30.6542
132.9408 28.6735
131.6304 28.2328
126.6255 22.1011
130.2111 27.5978
130.1727 28.2434
143.5417 37.7895
133.9082 24.2349
135.2728 23.6602
135.4393 26.1470
137.3983 33.3235
136.7082 31.3983
131.3975 29.1461
136.2995 28.5962
137.0855 31.3712
136.5440 28.7941
137.5288 27.9222
143.3915 35.9277
135.6481 28.4360
134.7769 25.0080
138.6657 33.7051
133.8322 24.4388
138.3825 28.4476
133.2894 31.5705
137.3573 30.1459
138.7046 29.2074
137.6199 30.3017
135.0441 23.7624
134.7881 21.6171
127.2264 28.7502
135.3860 21.9545
139.7939 27.9002
138.6772 27.4631
139.5157 30.6140
135.5571 31.5509
135.9403 28.9705
137.2179 28.6733
137.0659 33.3608
130.6571 28.3203
138.1617 29.9735
138.2860 27.7260
124.2533 24.1042
138.1050 30.9564
131.5024 30.3333
133.9576 24.3606
145.2769 35.4512
137.7654 33.3188
135.2383 33.2115
137.4522 31.9973
137.4014 26.8820
132.2976 29.6519
138.0125 31.7587
134.8251 22.6593
135.8913 29.1548
137.3923 31.0223
132.4787 26.5044
141.4367 36.1122
128.0486 28.1880
136.3367 29.1767
133.6669 24.4037
137.1185 29.2781
136.1610 28.4128
134.1143 31.4485
134.0323 23.4751
133.5025 32.0115
137.5943 32.9441
144.1062 36.2928
134.3352 29.8290
126.1255 29.5598
131.6516 31.3712
134.6725 30.3706
136.6014 28.3470
135.9937 30.2500
139.7130 28.6838
138.3945 27.3400
135.6525 32.7954
131.7270 26.3445
134.1243 24.0055
134.4828 28.9103
138.7830 27.9325
134.7885 29.9461
135.8674 33.5005
139.7776 33.4012
132.1073 28.3543
135.5496 27.9820
131.6320 27.2516
132.9390 31.3665
137.3106 33.5141
136.6185 28.8036
136.2679 29.3478
135.6800 29.3653
134.2476 29.8168
130.4439 26.9251
132.0457 28.4068
131.9116 27.5131
136.9793 28.7628
139.9322 28.2758
133.2821 31.6450
137.1141 33.5304
132.0160 28.5081
131.4252 26.5372
135.9076 30.1613
133.6238 26.0658
130.7980 27.6099
134.0644 30.0044
138.9512 27.5010
139.0455 27.5014
134.9833 33.3752
139.5158 28.3589
135.7441 29.4860
135.3318 32.6036
132.0383 28.9224
131.1819 28.5482
135.6711 28.2874
134.7668 30.0814
132.1967 31.2874
131.4410 27.3055
138.8223 27.5607
139.6387 28.2958
134.2114 24.0494
132.8017 31.5420
135.9282 28.8092
135.5173 30.2318
136.5968 29.7309
137.2928 26.7659
133.9238 24.2823
139.6453 28.3566
134.0994 24.1660
134.1987 23.9402
135.7970 29.2699
131.8156 28.3819
134.7134 33.3810
131.1849 26.9630
133.7111 24.7442
130.9261 27.4655
131.3587 27.6572
136.1537 29.9910
135.5231 29.2721
136.2762 30.1657
136.0692 28.8192
133.5548 24.4108
133.3538 26.0440
134.7837 28.2826
139.7922 33.5223
134.2362 29.9874
136.9627 30.0766
132.0709 27.9708
134.6350 23.5448
143.0825 34.9608
134.3347 24.7722
133.4338 25.2001
131.2461 27.9520
131.4629 27.8736
133.3172 25.2645
137.3240 31.1492
140.0296 27.5414
131.5944 25.7243
137.8808 27.8026
135.1091 30.8931
131.6988 27.8477
137.3663 32.9325
136.0473 30.4735
137.3307 32.4042
135.5702 23.4452
132.7398 30.1726
139.2984 28.1789
138.8066 28.2198
139.2420 27.4200
135.3891 29.4053
134.3632 29.8691
139.2890 27.8823
136.2890 29.0786
135.7922 28.1936
137.3463 29.3693
135.0440 23.6762
131.1332 30.4011
126.6538 26.7188
132.8055 28.6118
139.6206 28.4573
143.0134 35.3873
137.9735 27.9778
133.3953 25.3851
137.7768 26.7107
133.0949 24.0590
138.7888 28.1126
139.7248 28.6652
133.5083 24.9735
138.9813 28.4199
138.9922 28.6603
132.1653 29.2170
140.8960 35.4175
132.5615 28.2797
133.1883 25.2673
132.3579 29.8466
139.0410 28.7358
135.1778 23.7195
135.8107 28.8830
132.0803 28.7207
132.8308 27.6330
134.8817 30.0724
132.3681 28.2576
138.8499 33.7997
135.5511 28.5536
136.9320 32.9341
137.5170 30.1221
137.9273 30.1553
139.2077 27.1911
131.8390 28.7337
135.0315 33.4677
139.5281 28.4285
137.7710 31.4923
135.6057 28.7351
136.9629 30.2155
134.2228 31.5043
139.4584 27.7895
131.3324 27.5220
136.5233 28.6212
131.0788 29.7564
138.3769 28.4659
137.1400 29.7162
126.9787 26.0127
136.1723 30.4138
134.7111 24.6391
139.5537 27.4465
138.4457 29.3774
137.9839 32.7139
127.2348 26.1443
137.5049 26.1032
133.8923 23.9738
135.6189 31.2383
135.5903 28.0715
132.6588 28.6327
133.5281 29.7723
133.0411 25.0709
132.6995 27.9733
138.4233 29.7376
136.1712 31.4823
138.4029 27.2692
137.4059 31.2931
139.8501 28.4281
137.0402 31.4491
135.2435 23.7634
133.9448 24.6440
136.5422 30.7076
127.7384 28.3458
133.3685 29.6311
138.1443 27.6191
126.8027 25.5678
131.7511 30.6256
125.5921 24.1734
135.6905 30.7118
136.1980 30.6708
127.7550 29.2469
133.3316 25.3041
136.0762 29.5540
138.4148 27.4354
135.5602 28.1660
139.7960 28.6846
137.1084 29.0485
137.2995 29.8444
139.6967 28.6915
139.8173 28.7639
138.5172 28.9645
138.1373 33.9772
145.5669 35.3065
139.1539 27.8685
137.7297 33.1569
136.9906 29.7543
144.7403 35.1601
140.3289 33.2811
138.5813 29.0525
138.8452 27.6176
137.0105 29.8674
137.2339 32.2910
145.2267 36.7935
138.7248 27.5357
137.1677 32.4307
138.2408 29.9361
141.0090 33.6826
136.2100 29.2730
137.2341 31.9373
137.3121 33.1880
138.9912 28.2481
140.5130 33.7058
139.4770 34.5326
144.8777 35.5249
137.6203 33.0257
126.6367 27.6249
137.6792 33.1805
136.2003 30.3667
137.1613 33.2207
136.3189 28.5552
136.5135 29.2806
140.6960 33.4887
139.7031 28.5491
137.5982 33.4815
137.8508 34.4819
140.2649 34.4554
140.1618 33.4536
135.8432 30.4079
137.3258 33.4507
137.3980 33.2334
139.2471 34.8468
140.2835 34.4467
135.6534 29.1580
137.5704 33.5217
139.9772 34.0613
135.9220 28.7579
137.5309 29.6527
136.1256 28.9971
137.2130 32.2211
138.5559 28.7037
137.7386 33.3162
137.6892 32.7963
142.6441 36.1143
138.4090 31.0803
137.2255 32.9357
136.1395 29.6896
138.2595 30.7811
136.2670 29.2521
137.7242 32.8624
138.6784 27.0851
141.2601 33.8565
136.6550 28.8071
137.2724 32.2899
132.3277 28.6669
137.1659 32.9274
137.3890 33.0478
137.0440 28.4102
137.6557 33.4757
145.2852 35.6722
141.0288 33.6269
137.3147 29.1685
138.2093 30.7457
136.7930 32.9885
140.3782 33.3439
139.4465 28.2380
138.2333 28.0238
140.4711 33.3419
136.8169 28.7700
137.5888 32.6739
137.6545 29.1156
137.4183 29.2566
137.4768 29.1434
137.4282 28.9324
138.4715 28.2374
139.6444 28.6762
135.9610 30.3458
136.6046 28.5197
132.2937 28.3078
137.1596 29.7721
139.4585 28.2539
139.0147 34.5117
138.2050 30.0108
141.7861 35.9296
139.7780 28.3285
124.8993 21.5569
127.2703 25.9063
137.1877 32.9893
128.2271 25.9887
131.8182 27.0206
130.2518 28.7645
124.9973 24.4945
132.9847 29.4770
138.7987 27.7897
137.0000 28.4619
129.1341 26.2350
135.7976 28.1922
139.2324 28.0040
135.2606 28.7112
131.2890 26.7188
142.7328 37.1176
132.4935 26.9386
133.8044 25.6017
138.9245 34.1472
126.7970 25.7833
137.7482 31.2637
134.5386 30.1776
136.2599 29.3256
134.4084 29.9788
138.1990 29.0733
136.3406 33.9335
135.8361 29.0687
135.2240 29.4068
134.0807 24.0259
134.4655 29.8434
139.9284 27.9099
134.5267 30.4578
135.0330 25.3792
135.9188 29.6365
136.0371 21.9465
133.9594 31.9894
126.5921 28.2074
135.4626 33.0410
138.5099 33.3050
134.7801 29.7809
141.0168 34.9096
137.5918 30.9295
128.9848 26.2645
138.6391 33.3687
139.5388 27.9339
136.1502 28.3301
130.4228 26.6606
133.3355 25.2390
136.4020 33.2922
138.6362 27.8547
133.9932 24.3349
136.3849 29.7285
135.6664 28.3788
144.3763 35.3004
134.4419 24.4490
131.8904 27.8821
127.1629 25.5718
135.9627 28.0278
131.0575 26.3129
136.3915 29.8984
138.9247 27.7453
132.4922 29.6417
135.9240 29.9792
137.2649 33.9078
136.8046 29.8586
134.5156 30.1013
135.5257 28.0090
132.6566 25.3856
131.1800 29.8042
135.0268 28.6886
134.8552 28.1363
141.3413 34.6987
135.6463 28.8600
138.6046 28.8633
136.3173 29.5925
136.2767 30.3820
136.8261 31.3609
131.7610 27.6373
136.7604 29.7919
138.8254 33.3479
144.8190 34.6947
136.3389 29.6871
136.3177 29.7191
130.4808 27.9871
135.5732 23.5761
133.7325 29.2110
135.3500 28.6157
133.2236 24.4161
129.1447 26.0825
139.3704 34.5570
136.3167 28.2216
136.3913 29.2942
133.6509 25.0220
136.8033 30.1330
125.6507 24.7763
132.8831 26.6616
134.7417 30.9114
132.8467 30.2923
126.4175 25.7366
136.6531 28.7446
136.7342 29.9054
137.0580 29.5424
136.2839 29.4913
138.7759 28.5787
136.2227 29.7429
135.4440 29.6866
135.5169 28.1469
139.0697 27.6803
136.6061 29.8861
135.9299 28.9040
135.9875 28.3406
136.8528 29.7548
137.1961 30.1758
139.0700 28.0114
135.8351 30.2710
136.2753 29.0380
138.2290 31.3015
137.0497 29.4698
136.4001 30.7629
139.4843 28.2424
140.7153 34.1328
140.2905 33.8112
139.8306 28.6649
139.5598 28.3711
137.4288 29.8765
135.9678 30.8497
137.1305 30.4053
137.1171 31.6023
139.7709 32.4951
136.9887 29.7103
137.3183 33.1327
139.2811 28.1058
136.8752 29.5192
138.8302 28.4718
136.7859 30.7812
136.1119 28.6748
136.8755 30.2855
137.5615 32.7785
137.0977 32.6504
136.3242 28.4092
136.5969 30.2558
136.0027 30.7118
135.9105 30.9986
136.5013 29.4425
136.2653 28.2685
136.8378 29.7332
136.4392 28.9008
136.9945 29.7497
137.3074 32.2983
136.5483 28.9272
137.2114 30.2815
137.3789 33.1070
136.1411 30.2679
136.0418 28.4492
139.4173 28.3838
137.4147 33.4524
135.8755 28.8352
136.1589 28.7735
137.3859 33.2353
136.0158 28.5726
137.3791 29.2957
136.7359 28.5198
138.3428 31.0217
138.8228 28.5230
136.2242 28.7012
137.0730 29.5700
139.3794 28.2248
135.5906 29.3245
136.9912 34.2905
137.2133 29.5932
136.3400 28.6630
136.4346 29.2080
136.6188 30.5077
137.0048 29.8501
136.7060 33.3849
136.1909 28.1329
139.5945 28.4339
139.3999 28.0217
135.8216 29.3262
136.9967 28.9675
136.6542 29.7724
136.5149 30.2020
136.7272 30.7967
136.4433 28.3774
137.7383 33.0961
138.1619 30.6516
137.3989 33.1227
136.4122 28.5459
136.5936 30.4796
136.5699 30.7560
136.5667 30.9090
135.7122 30.6325
135.6311 28.5842
136.0634 30.9301
137.9765 31.3748
135.5620 28.1704
137.2300 33.2627
136.0456 30.1657
145.6770 37.2633
136.0326 30.7133
137.6492 29.9032
137.0990 29.4922
138.5244 27.8451
139.3407 28.1048
144.2045 37.5044
136.3350 29.3181
137.7585 33.1597
139.9403 33.9058
136.8817 28.9862
141.9882 34.7505
136.9607 30.5516
136.5932 30.1275
136.5985 28.2739
138.1840 31.6192
136.4850 28.5664
137.4267 29.7095
144.5924 35.1132
136.0584 28.6860
136.4465 28.2538
135.8060 30.2353
135.4034 29.2473
136.9265 32.4391
137.9925 28.2374
127.7379 29.0305
136.4528 29.9961
133.8114 27.9927
136.3941 29.1472
135.3957 30.3154
133.8721 24.7552
134.5703 33.3381
139.7858 29.9938
135.3189 24.6842
129.9874 28.1285
132.5958 28.5853
135.7821 30.6160
137.1212 29.3646
139.2625 33.7652
134.6719 24.9350
129.1628 26.4956
134.6027 28.2007
133.9228 32.9731
131.8543 31.6534
143.0157 35.9197
133.5963 25.2544
127.4777 25.0598
134.6361 24.0536
132.9842 25.6951
132.1121 24.8810
138.3714 32.8741
133.9584 27.2707
134.0219 25.2512
128.6818 30.2749
136.9976 33.5816
123.3793 26.6275
131.9655 26.5260
124.7392 28.0754
129.4076 23.9763
136.1358 29.7917
128.4110 25.2075
138.3755 28.2857
134.5635 30.3288
133.8784 25.5787
131.1389 31.0905
136.7310 30.1128
133.9682 25.4477
134.9451 24.5811
136.8247 31.3743
139.1510 27.8991
130.8274 29.8718
136.7944 30.0485
133.0204 28.6071
138.1726 32.7387
132.6503 29.5923
132.1764 27.4953
139.8036 27.9235
133.8085 23.0349
133.3017 26.1197
132.0100 29.1302
134.8594 28.7289
125.5696 23.9012
128.9573 30.2896
132.3604 28.2845
138.6842 28.7599
124.5923 20.7121
129.2956 31.4299
132.2323 27.7952
133.8184 32.0277
133.2794 31.9501
135.2070 30.6084
137.6690 33.3194
133.4622 27.0848
136.4762 29.6903
130.4366 27.6899
131.4477 27.2709
131.1785 27.4589
132.6350 26.9517
136.3238 29.0623
133.9056 31.8224
131.4456 27.9827
130.9790 22.8145
120.7571 19.7448
124.8593 22.2171
131.9042 23.4342
126.4109 25.6016
131.9638 26.1362
129.8629 27.3945
133.4545 27.9903
135.9497 27.0289
131.5254 25.8858
131.6349 23.2068
131.5575 25.4936
133.0979 26.2220
129.0423 24.4375
131.2230 24.7587
123.4147 23.2789
135.3622 24.6870
129.8684 25.1548
128.5157 23.5206
130.8127 27.0941
130.9105 25.9406
135.3991 27.7239
127.8294 24.1263
134.8571 22.5619
133.4593 21.5541
125.2214 20.2031
128.3069 24.8233
132.1808 23.0248
119.4860 19.9428
134.9459 25.3643
132.4014 24.6167
130.9896 22.7156
131.2361 24.7573
135.0563 21.6027
127.7916 24.8045
137.3900 28.4694
136.7832 29.3233
136.0210 28.0022
134.0931 30.8714
124.7640 21.7221
122.4871 21.2002
130.5012 28.5876
133.7060 24.0121
130.9523 25.3713
131.9804 23.6963
130.6139 21.5897
127.4517 23.0964
125.9983 23.3381
130.6740 21.0070
130.4043 21.5370
133.2048 26.3853
131.6340 22.2582
134.1877 24.5499
133.4451 22.1795
128.7133 24.0287
133.8347 24.2832
134.7551 30.8915
137.4820 28.8956
135.4827 24.8711
135.6253 32.9391
132.8792 27.3577
137.0169 30.8018
131.7935 26.9119
133.9868 29.9725
132.3965 28.6792
137.0227 31.8039
136.9357 28.8796
139.0412 33.8918
134.8309 28.5676
134.1659 24.8187
125.9533 23.6833
131.9160 27.6126
132.7041 27.5939
138.4846 28.3615
134.2736 25.1199
140.0363 28.0272
135.6434 23.8329
138.0543 29.6403
134.5352 24.5200
127.9005 28.5593
131.1884 31.1053
137.4973 30.0258
136.2303 29.0359
131.7241 31.6692
138.9146 27.8082
130.4214 29.4397
133.2821 31.8601
139.4381 28.8773
137.0170 29.3697
131.6278 30.8034
138.6610 33.9870
135.1717 23.8849
134.2758 32.0619
135.8939 29.4076
137.0387 30.2033
132.4247 27.1825
138.0300 29.7734
135.9054 28.6023
134.7074 23.9865
135.8646 27.7470
133.4938 32.1930
131.5469 29.5621
137.5801 26.4397
138.8086 27.8850
138.3517 32.7735
135.2617 25.4049
130.4156 28.8249
134.9677 31.3073
139.0656 28.3296
138.1890 27.8621
135.8623 32.5340
135.7563 28.9511
138.8669 28.4678
136.4532 33.4935
139.5311 28.4672
132.6501 27.4242
136.5034 28.4744
137.1780 28.7968
139.3618 28.4377
137.2463 29.7233
137.4624 34.0705
134.6402 30.2760
135.8948 28.4092
134.0310 24.8895
135.5145 22.6270
132.7557 24.9286
136.3771 29.4222
133.0772 28.8837
139.7712 28.5359
123.3795 30.0487
131.6915 28.4504
144.3199 35.2496
139.7505 33.9095
136.4886 31.9023
131.8224 27.1798
135.5090 29.4083
132.4398 27.4360
132.1984 27.3045
137.1076 32.4109
134.8148 33.5570
136.2644 31.0879
131.6109 30.3935
135.0201 30.8234
131.1980 27.8269
135.4408 25.7752
126.9302 27.2527
139.9951 27.4781
131.7186 29.6080
138.5323 26.5864
137.9414 27.1267
131.9564 27.7379
129.9821 26.6365
134.3435 29.5815
133.0489 29.0596
140.0474 27.6089
138.2508 27.5088
132.4645 28.3049
137.5571 29.1374
135.4229 32.9089
126.9923 29.0041
134.1035 29.8367
137.3209 29.6666
138.2266 29.0143
132.0659 31.7641
135.6538 29.7905
131.2123 28.7188
131.2231 27.8534
137.4392 27.7084
135.9921 29.0176
134.0760 26.4049
139.7976 27.7267
137.2553 29.7328
126.0108 23.6117
129.6102 27.7727
133.5083 23.6583
130.6546 28.0730
134.1105 28.7831
129.4697 27.0173
133.6351 33.2844
135.8743 28.5748
135.2659 29.0635
136.3318 28.2519
135.0414 22.4120
136.0137 30.9561
131.6671 31.7736
135.3979 28.3132
139.9791 27.7631
133.5394 32.2850
130.9324 26.0816
135.8863 28.9952
136.6716 30.0345
138.9204 27.7830
134.7573 31.1593
133.3109 23.9622
135.5353 25.4502
132.0098 25.2079
126.5469 25.3280
130.6547 28.7043
136.1385 28.7349
131.4707 26.8838
139.4785 27.9860
130.0573 26.8099
135.9772 30.7890
132.8398 24.5496
133.0653 28.7332
134.7734 23.1585
131.8124 28.1868
136.1132 29.1635
135.3902 28.3184
138.9336 33.6478
145.7225 38.0919
135.1255 33.4529
138.2396 34.4727
143.5531 36.5385
136.8815 33.3040
139.8709 28.5255
135.2447 28.3535
148.2226 35.0838
136.9461 30.3832
138.5459 30.6250
137.9977 32.7712
137.4907 33.2127
140.0600 28.2823
139.8745 32.2250
138.2893 31.2427
136.7760 30.3261
136.9245 28.2365
134.2162 25.0791
137.1127 29.8916
135.0078 23.7330
146.2850 37.6693
137.3669 29.5105
139.6432 27.9892
136.7650 30.6691
133.3120 33.0549
138.6543 30.0889
143.8462 36.3812
142.7836 34.8839
139.7558 28.6854
134.1682 33.1039
138.6219 29.1342
136.0395 30.5268
133.3677 31.8186
136.0714 33.4864
139.0513 34.5693
141.8049 34.5536
137.0232 29.0539
138.4499 27.1895
124.2127 23.8755
144.8782 38.6402
131.0487 31.0561
137.2129 32.9733
139.5877 28.4684
144.7836 32.2164
149.2058 35.9897
121.8718 32.8119
146.3763 34.6933
139.6317 28.2308
136.3803 28.8636
139.6472 28.2684
137.2537 30.7455
137.0841 33.1196
143.4289 38.3982
138.2596 30.2962
133.7500 32.0200
135.5180 29.2308
137.7782 30.5821
146.7846 35.2750
139.2672 28.1468
137.2495 32.3710
140.2213 28.1722
138.9740 28.3669
137.8135 29.3587
139.1160 27.6741
137.6520 29.3315
137.7432 32.8457
135.5468 29.4660
137.3519 33.0148
143.2499 36.5105
139.0786 28.0635
135.5157 32.9044
143.1207 36.8073
137.2103 34.4969
150.1079 36.0506
136.4614 28.3386
138.4453 27.7517
135.0657 33.5466
154.8493 34.4628
138.9280 27.6859
137.3556 33.1787
134.6189 32.0936
137.1606 29.7051
137.3023 30.3532
131.1328 30.8132
138.3773 28.8152
138.6881 28.1139
146.8921 34.9886
127.5395 28.4152
138.2913 33.1108
134.1217 32.1347
130.7512 26.2817
132.1780 30.7415
134.6042 29.8986
134.7655 31.7228
131.1241 28.1513
134.6490 29.7684
133.8943 29.5937
134.5991 31.1798
134.7318 29.9224
136.6694 29.0588
134.7547 29.9593
136.4816 29.2566
131.8112 28.0291
137.6142 34.2743
133.5757 31.9861
131.8580 31.1412
132.7257 31.5622
130.3068 29.4377
134.5024 29.7753
134.4565 29.7074
131.9489 31.8917
145.1943 35.4791
132.4313 27.7721
136.5624 30.1810
134.8071 30.0291
131.1857 27.0221
137.6925 33.2001
139.2231 28.3127
133.8873 24.4241
137.5900 28.8177
139.9285 32.9799
133.3841 31.9085
125.7619 24.6882
132.4882 27.0744
134.8503 33.5547
132.7970 30.2484
137.1564 31.3698
133.8864 24.2769
134.8361 32.3579
126.8735 25.6758
131.2293 27.5530
136.4344 28.2396
134.9082 30.9949
132.7643 32.0230
137.9768 30.5710
138.4211 33.7493
138.1380 33.3633
134.6489 29.8006
135.6285 28.2531
127.4390 27.2397
134.9293 30.3848
133.8332 24.1006
131.4908 27.3508
138.2220 29.2081
132.8683 32.1505
134.7274 30.2285
131.0355 27.6820
138.1229 33.2638
137.3599 33.3072
134.6128 29.7061
133.9763 23.8922
138.5164 33.5269
134.6960 30.3726
136.2965 28.2811
135.7267 28.7383
130.2639 28.6852
137.1240 33.1486
137.6234 34.5536
132.7252 28.5679
134.7454 33.3604
133.7509 25.9695
131.3171 27.5325
138.2414 33.5976
138.5678 28.6974
136.8550 28.5800
133.4210 25.4342
134.7436 29.8422
133.7676 31.7284
132.5726 25.6495
130.9532 26.3512
131.6033 27.8949
140.3952 33.4094
137.5974 29.8268
131.7641 28.4866
133.8331 24.3937
131.6606 28.4588
134.1662 24.9990
134.2152 24.7034
136.0399 30.8891
134.4339 30.0468
139.6814 28.0837
134.4441 31.7421
134.2931 23.5095
138.0025 29.5856
133.6772 24.3013
130.8914 28.3595
145.4483 38.8459
133.7101 31.8828
134.3432 29.9311
134.7280 29.9250
129.6199 28.8217
132.8858 24.5494
130.8548 27.0289
131.3643 27.3202
136.3229 28.2465
139.5840 28.6098
137.2742 31.3893
138.3174 28.1382
133.7304 24.2547
132.0799 28.4473
131.9066 31.7002
127.5234 29.4678
136.1354 30.9768
132.1420 28.4603
134.6474 31.5843
133.1580 25.0589
134.0089 28.1186
132.2509 28.0254
137.7364 27.4241
130.3056 26.4530
131.8615 28.1205
130.1393 29.0116
131.5893 28.5070
130.9834 27.4452
135.2702 29.7315
136.8278 31.4205
138.6986 27.8049
132.8878 26.8615
134.8610 27.8350
131.8094 27.3071
131.3060 28.6791
139.7523 28.2161
127.4210 27.9405
131.9608 32.2747
130.2042 27.0176
138.1601 28.1826
126.8931 25.9283
137.2354 28.8203
135.3212 25.9170
127.1858 28.5984
127.9406 25.4135
136.3476 31.2789
133.1083 24.7028
130.5124 26.9366
133.7243 24.6264
130.9870 28.3649
139.1864 28.4770
130.5827 26.7063
131.8032 26.8217
130.6559 28.3284
133.4432 32.3601
131.9953 25.7845
134.5485 33.1984
137.3142 28.4716
134.2246 25.9795
129.4881 28.0150
124.5477 23.7754
138.6284 27.7784
134.0512 21.5042
127.7608 26.0689
129.6751 26.2012
134.5050 33.5608
131.9293 29.9572
135.5214 29.5465
130.7292 26.3062
133.5437 25.8659
136.7904 28.6641
139.1976 27.2698
133.6384 32.0747
131.7146 28.4064
137.5012 30.9737
136.8073 29.3938
139.6913 27.8725
132.2131 24.9971
139.7120 33.9319
138.2390 28.6047
135.4978 28.8046
137.3450 29.7654
132.0896 27.6602
134.7627 30.8077
134.8298 30.2597
138.2188 27.0303
140.0097 27.7621
137.4311 29.0844
131.1171 29.0672
130.7303 27.8054
136.4328 27.8536
134.6823 24.6542
134.0563 24.2277
137.3144 33.0658
138.2002 27.6277
126.8627 26.9690
139.1295 27.1283
134.6436 32.5741
128.6096 25.5302
132.5830 27.4618
133.1270 24.3894
133.2730 32.2232
131.4700 28.2449
139.4733 28.2099
134.2348 29.4117
132.2236 32.0412
132.3753 28.0778
132.6473 24.6540
135.9329 31.0383
138.7262 32.6450
143.3538 35.2152
130.9994 27.4780
132.2892 30.7599
134.5973 30.0287
129.9782 28.0681
132.7722 26.7144
137.3753 32.9228
133.0652 31.3798
130.3027 28.7239
134.5729 33.6441
137.3194 33.4491
136.4927 33.3050
134.8259 33.6625
131.7961 28.9083
133.0010 30.6212
136.3342 29.7917
132.0907 27.6335
131.4879 26.2958
136.2436 30.4253
145.7301 35.4068
137.4573 28.8447
133.2182 28.7232
135.8506 28.7122
134.9308 33.4678
134.6326 29.5025
130.4100 27.2602
140.0158 28.5110
133.1746 28.5278
135.5186 29.3682
139.7743 34.1119
131.1965 27.7378
138.9014 28.1792
136.1067 28.7109
134.2895 31.8142
136.2402 31.0216
133.5166 24.0651
139.7878 28.6457
130.1207 29.2143
135.1582 28.7473
134.3471 32.0513
133.2792 28.8968
133.8055 24.1468
132.9449 31.4208
127.0283 25.5679
135.6005 30.0047
133.5508 24.8853
132.5877 27.2598
139.5742 28.7837
134.9346 33.6627
134.1395 29.9408
136.8326 28.6338
136.8754 29.0314
131.9092 27.5375
136.2501 28.3005
138.8221 27.5594
133.2349 26.4679
139.2399 27.9469
134.1041 23.6241
134.2627 30.8695
137.5243 32.5714
131.5774 28.7675
131.5912 27.8576
133.4870 32.6805
139.4481 27.9629
135.3749 32.8500
133.4656 29.9032
126.7430 25.0121
132.7159 31.8196
132.9305 29.1397
131.8767 27.4714
134.2672 23.5154
135.8253 32.9428
136.9955 29.6728
130.2732 28.6294
135.0365 31.0870
134.6589 29.1654
133.8864 25.3303
133.6173 26.1931
133.5847 21.7011
135.5501 32.7686
139.1168 28.1448
133.8230 23.8302
137.3916 29.7009
138.3389 27.6458
139.0446 30.5729
131.9973 27.9663
125.9293 25.7832
134.4264 33.6613
135.7287 30.2391
124.5031 28.0284
126.5103 27.5752
125.1877 23.7034
135.9454 30.5443
125.9236 25.6269
131.1043 26.4879
139.4451 28.5823
127.7276 28.2089
137.6517 30.1930
133.1813 24.5213
137.0690 30.6762
130.9972 27.3060
135.9373 29.0154
131.4999 28.4557
127.4512 29.4864
127.0080 27.9080
131.6179 27.1876
135.2515 28.6992
134.3749 29.7141
133.4015 28.1466
134.5685 29.0766
139.1073 28.5517
133.9557 29.9649
138.8635 27.9114
132.0006 28.9261
132.4273 25.4780
139.6398 28.2403
139.0203 27.5704
139.1241 28.1387
131.8188 28.4146
137.1866 31.3553
133.6638 29.7108
132.8688 28.8782
134.5061 31.0406
139.3584 28.4302
133.2487 24.2905
129.7360 27.2790
133.7955 33.1101
127.1702 29.2656
133.6586 24.2384
133.9322 26.3964
133.1492 28.5394
136.1612 29.0176
138.3176 34.2293
132.5627 31.8219
125.7658 24.8610
133.2825 24.7921
135.1527 28.2335
135.5442 30.0383
131.0726 29.3360
132.4932 25.4564
135.6983 29.7688
132.2147 26.7385
130.2567 28.4998
137.0129 30.9438
126.8658 26.0253
134.4589 23.8271
127.3325 25.3950
136.0911 29.5264
139.8833 27.6459
130.8552 26.8169
134.8179 33.4456
131.1181 27.3967
133.5953 24.9181
133.4010 28.4117
130.3091 28.9141
137.3200 29.7751
139.4597 28.1726
131.0448 27.4280
135.4147 30.5440
134.6319 23.6160
134.1465 29.8405
128.1090 26.1338
136.2250 28.7187
134.4222 31.4863
137.3432 29.2797
134.2767 23.8131
138.9429 27.9669
136.8190 32.1341
131.5130 25.5964
139.7990 27.5957
133.4652 28.6448
126.9429 29.1418
132.5121 28.3171
134.0446 31.6856
134.6845 33.5055
138.7613 28.1795
138.3829 27.3385
133.1575 31.6100
135.3669 23.2074
133.5315 23.6347
126.7122 25.3925
131.2977 26.9486
137.0110 29.4429
134.9642 27.9056
131.8923 30.2824
124.8561 24.2398
134.3319 23.6194
131.3935 28.2851
136.0604 29.3201
133.1053 23.4312
126.5266 24.3355
136.0988 29.9693
132.3312 29.6241
138.1207 27.4500
135.4484 29.2014
138.6749 33.8374
131.9567 25.0455
135.8300 29.9908
130.5599 27.3911
137.0374 34.1215
139.1736 27.8093
131.2456 28.7388
126.8683 25.3341
133.4097 24.5008
131.4242 28.1352
136.7967 32.1600
126.3548 26.3391
131.3624 31.3724
133.8806 24.7401
133.5873 27.0998
137.1646 29.9757
134.7826 31.3504
135.3853 25.5513
132.7516 27.4225
132.0999 30.0090
126.3583 24.1956
132.4263 27.8637
138.9980 28.1813
131.3656 27.8311
129.5620 27.9194
137.2544 28.7591
139.3231 28.4596
131.1973 27.5883
138.6681 27.8350
139.7800 27.7930
134.6206 33.5859
138.3259 28.2473
133.3823 31.8919
131.8646 30.1491
134.8369 30.9689
137.7213 28.7305
138.9253 27.8491
133.9336 32.2687
134.9326 29.3460
132.1921 28.0700
133.7676 25.8128
131.8488 25.0022
134.9604 23.5693
131.8396 28.2072
136.5657 33.2834
135.6244 30.3048
134.2793 22.7763
132.9889 26.1661
134.1512 32.0765
134.4202 30.7146
134.8263 28.2694
136.5845 29.4702
130.1014 28.3458
133.7663 23.7056
133.3427 28.8323
132.4151 31.9790
135.7445 30.1588
137.4809 30.3529
131.9446 31.7201
136.7844 26.7515
131.7319 31.5570
132.7841 24.6590
136.4526 32.1058
129.9491 28.0526
132.3518 28.3759
137.7756 28.2496
132.2855 32.6694
134.8687 31.9277
139.8347 27.8329
139.6341 28.3590
129.7347 28.8870
134.1180 23.5085
134.4436 30.6463
135.8890 27.9601
133.2503 25.1596
135.8372 28.8914
132.4807 30.0732
135.9044 28.6357
135.8558 29.8369
133.3752 28.8167
138.3721 27.4604
136.2611 28.9883
137.4709 30.6888
138.6984 27.3452
132.2409 32.9046
135.2528 28.6562
133.7231 28.0282
132.4723 28.8227
132.3031 28.8473
133.7518 28.1370
135.9148 29.8051
133.1720 26.5420
138.3343 27.5066
131.9095 29.0148
133.0802 25.1824
136.2492 29.2095
125.2975 23.4535
137.0126 31.0421
139.3105 28.0016
133.7512 27.8670
132.3082 27.8457
136.9988 31.1087
132.0196 29.2041
137.3161 31.2628
138.0570 29.0006
131.6238 26.9196
139.1059 27.7271
125.5238 22.8992
139.8589 28.1382
133.6099 24.6762
136.9004 29.6623
139.7879 27.6631
134.7218 28.4158
132.8624 25.3714
135.8234 28.8831
137.3157 33.3962
137.0173 26.8768
139.7008 28.2589
133.3655 31.9244
133.3463 31.7735
137.1021 30.9981
133.7533 28.4916
134.1337 30.3524
132.9354 25.6118
139.5115 28.1404
139.8119 27.5796
133.9263 24.4666
135.7577 29.7824
135.7771 28.7717
130.7531 27.1032
129.6623 27.9443
133.9158 28.9427
134.4574 31.2847
131.6317 31.2632
136.7942 32.2238
136.0123 29.4628
139.1898 27.9594
134.0373 29.8060
132.4304 28.6856
133.5076 24.6864
136.7940 31.2824
133.6006 29.9757
135.8042 30.9219
137.5086 30.3936
137.4277 29.3504
134.6894 30.9007
136.2902 29.0595
133.0243 25.1339
136.7966 30.5971
137.8215 29.4834
135.8214 28.9119
138.0384 28.3226
134.7786 28.4694
139.3622 33.9578
136.7969 28.4585
132.7135 32.2765
135.5715 30.4484
131.5121 27.1085
134.0375 29.1748
130.1033 28.8897
135.7061 29.3410
130.1286 28.6373
132.1868 28.4853
133.1504 31.7864
124.7165 24.3783
133.7477 29.1079
135.9203 28.2243
135.5449 29.8181
136.1375 28.3507
133.8681 24.8714
139.8367 27.8602
131.2532 28.6755
135.8683 28.6125
133.6017 32.0200
135.7085 30.6682
122.9814 27.4544
132.5936 22.3324
134.6452 23.4115
134.1214 25.1149
133.6348 30.2209
131.2352 28.2995
139.2656 28.2128
128.2895 26.5798
133.3311 24.7791
142.8756 35.8707
137.2754 32.6536
133.8599 24.8532
135.3111 24.1198
138.5503 28.1684
131.9391 31.8824
132.4790 29.7512
130.8067 27.3480
134.7411 23.0524
133.4481 23.9814
125.8891 28.5349
133.0303 31.6362
130.3534 26.2711
130.7501 27.2428
129.4986 30.2488
132.3623 19.3991
131.4272 29.3396
137.1918 34.0750
137.4137 30.2417
133.3813 23.4480
136.7821 31.1744
126.3446 25.7728
136.5831 31.9797
130.7893 26.1689
133.1666 23.9024
132.8714 21.6324
134.3063 23.5872
125.8465 22.7717
134.3040 27.9127
126.7870 26.0143
135.9349 28.7431
133.1918 24.1287
132.0752 27.7987
127.1687 24.6812
132.1455 24.8786
132.3258 28.2581
125.5598 24.7198
133.7254 28.8827
134.2180 25.0443
126.7150 25.1382
133.3218 23.8433
138.1562 28.4879
137.4067 31.4010
131.3727 28.8945
135.1967 28.1454
136.9409 30.0346
129.1286 25.9798
134.3138 31.7561
131.3939 26.1003
132.6592 28.8968
126.5572 28.7836
134.4325 27.3915
132.1088 25.3683
128.5120 25.9227
124.7794 25.0996
124.3359 20.3324
137.1209 29.5036
144.1440 38.0983
136.9523 30.0485
137.5974 29.1505
135.8245 28.1055
136.7086 28.6732
141.0631 35.5266
138.5928 28.5083
136.9209 32.8048
136.2459 29.2678
139.7118 28.8992
139.8202 28.7880
137.1219 33.2854
137.5141 29.7083
137.3744 32.9800
137.3645 32.3853
137.6746 32.9655
139.9593 28.3569
137.7362 33.1554
138.3085 28.0661
138.6119 28.4423
135.5992 30.2600
137.3496 32.9860
138.1503 31.2252
137.4851 32.6167
140.8279 34.6535
137.3184 33.0326
137.2372 32.4004
136.5862 30.7782
137.3626 28.9459
136.8495 30.2123
138.4437 27.8485
144.6064 37.2788
137.4502 32.4921
135.8047 29.8326
144.2528 35.2596
137.4258 32.4860
137.7262 32.9002
135.8632 29.5284
138.4746 34.3688
135.6340 31.0284
136.7775 28.9787
137.5550 33.4675
144.5040 37.2280
136.5992 30.4605
138.4267 31.1408
138.6454 32.9392
138.4419 27.5150
137.4861 32.5121
141.0042 35.7022
137.5462 33.4607
137.3549 33.1337
144.0963 37.8335
136.2310 29.6384
137.4523 32.5218
136.0836 28.1207
138.4458 34.3564
139.6640 28.2743
139.2377 28.2588
138.3118 28.2214
137.5291 29.7100
135.7248 30.1369
137.5947 32.6556
136.5026 29.0660
146.0090 37.3326
137.0698 30.0189
141.8141 34.3962
137.5392 29.3364
136.7492 29.0618
137.2638 32.4009
136.2909 31.1570
145.7699 37.5846
145.6122 35.3029
138.2461 34.3225
141.7868 35.2903
137.7380 33.1920
139.1021 27.5962
136.5984 29.3930
139.9412 28.7528
137.3203 30.4454
139.9007 34.4492
146.0612 37.5553
137.7626 33.1776
137.3093 29.7499
137.9740 30.2213
137.5493 29.3119
137.0368 30.4828
136.8036 29.5008
145.8400 37.2121
132.6810 27.1178
139.3020 27.8754
144.8919 35.6949
136.1815 30.0151
145.7064 37.3264
137.8860 31.5117
137.0887 33.2515
141.3965 35.9277
137.3266 32.8251
137.5638 32.6500
139.6718 34.5566
141.3338 34.5445
136.9342 29.5325
136.0404 29.8990
135.8519 29.8291
136.0166 29.9023
135.8259 28.7123
139.1695 28.0877
139.6432 34.6549
145.7984 37.1723
137.3266 32.5540
139.3158 27.8624
137.2841 32.4095
137.4446 32.6474
137.2771 29.5602
137.2843 32.5366
140.8134 33.5885
139.8334 28.6849
138.2876 29.9068
136.1683 29.3754
137.6225 33.4002
138.7992 33.3319
137.6965 30.8678
137.4984 34.5395
136.2541 29.2395
137.2025 32.8051
137.0263 28.8680
143.8825 36.4052
137.7532 33.0338
144.6001 37.3276
138.6361 27.6542
136.0465 28.8168
138.3841 32.6695
139.0558 28.0647
136.3878 29.1260
138.7498 33.2786
136.3364 30.1318
136.4850 30.1954
141.5516 34.2977
136.2143 28.5881
136.6621 30.0961
139.1979 28.1911
140.2175 33.8954
137.4554 29.2312
137.0622 32.6576
136.5606 29.0359
136.9749 31.3348
136.4413 30.6859
136.0224 29.1741
139.8459 28.6754
135.4772 31.0843
136.4201 29.1339
137.0233 30.8076
144.7528 34.4000
137.3609 33.3700
136.8113 30.2522
137.1776 33.3192
138.1656 30.8969
137.3913 32.4408
140.4122 33.7501
137.4756 29.8213
137.3426 32.9965
140.5545 33.3683
144.0428 38.2157
137.5586 29.6061
136.2885 29.1965
137.7655 33.1181
138.9414 28.3317
136.8123 28.6816
144.4874 38.6760
137.2882 33.1688
137.5932 29.1164
138.0034 30.4286
137.2703 32.4437
137.0488 29.3297
137.6785 29.5135
135.6087 30.8791
137.1806 31.5744
139.3372 28.4179
137.5283 32.8428
137.0847 33.2193
135.7927 28.8844
136.2567 29.8848
137.6854 33.3237
136.5103 30.3545
137.0019 28.9871
137.9910 30.6043
138.5684 28.0273
137.1930 32.8437
140.0586 34.5041
139.7295 28.8889
136.2662 31.0400
136.6571 30.0873
136.4799 28.5698
144.6212 37.2980
137.4970 30.2141
136.5733 28.6277
138.6854 28.0430
141.1496 33.8005
139.9829 28.5853
139.6734 34.5540
139.6967 28.3160
137.5559 33.4355
137.4472 32.4920
139.9980 34.4594
135.9847 31.1971
138.3565 34.3788
137.6953 33.2812
135.9606 29.0262
136.8929 28.3655
143.9441 36.6422
136.8941 30.0569
136.7120 29.8506
135.7606 28.1060
136.7812 28.7155
136.2179 30.2476
137.2645 30.5487
140.5944 33.4106
142.5773 36.9010
135.9737 29.5380
139.2291 27.6690
138.4893 28.7432
137.3283 32.8599
137.6246 32.7015
137.3239 33.0251
137.0099 30.0348
137.0322 29.3240
139.0712 34.5965
139.7667 34.4971
137.5495 29.4401
136.6376 31.3948
137.8615 30.3865
137.0151 30.0759
139.2115 28.2473
145.0581 35.8883
143.5832 38.3335
136.9800 30.0613
139.1398 27.8145
137.3144 32.9939
139.1706 32.7156
138.0523 30.7681
136.8179 30.2030
137.0469 28.8061
138.4799 28.8543
137.8491 30.9896
137.9973 30.7253
135.8375 29.7676
136.2189 31.1653
137.6207 32.8417
139.8778 34.4749
153.8918 34.3352
148.5622 36.1997
137.2442 32.4095
137.7257 33.2479
137.7796 31.5577
140.8098 33.7438
136.0876 28.3256
136.8833 30.2781
137.4523 32.8904
137.2812 33.0223
144.6855 34.4650
139.7753 34.5349
137.0221 28.5517
138.4664 27.7455
138.0676 30.6126
136.4310 29.0963
139.1995 27.7692
139.9036 28.5255
138.3520 27.8606
137.4964 32.6525
141.2262 35.8584
142.9658 36.5735
137.5824 32.7341
138.0344 29.9389
137.5980 33.2660
135.4531 30.0776
138.5462 32.9027
139.1643 27.7905
135.8146 29.6877
136.2561 29.6503
137.4528 32.9369
139.1037 28.0486
140.9459 34.0011
138.4411 29.0388
136.4909 28.2061
136.4354 30.1935
138.5634 27.6618
137.0645 33.1597
139.3763 27.8853
136.0301 29.1471
137.3119 32.9816
144.7452 37.1721
137.2483 29.9649
137.2632 32.7786
138.4585 27.5750
137.6681 32.8458
136.5087 30.7306
137.6803 32.8655
138.4439 28.7215
137.3584 32.4472
137.6125 33.4183
137.8757 31.5363
139.6669 34.7749
138.2152 30.9305
137.5493 32.5725
139.0420 28.2902
137.5784 32.6235
139.2213 28.3698
