131.5895 26.7502
132.3481 28.8770
132.5551 24.6234
138.8936 33.1673
131.5872 29.2136
134.9658 28.4823
132.3145 27.9086
137.6324 31.1160
138.9432 28.7644
139.0571 28.9702
136.3432 30.0804
130.7997 27.3792
137.4365 29.9603
132.5460 31.3982
132.2147 31.7050
139.0262 28.6342
132.7835 29.1900
134.3812 32.9833
138.7864 28.0194
137.1148 30.0533
139.4028 28.2856
134.0135 25.7731
134.6035 30.6967
138.4640 34.3567
137.1962 32.0166
132.4901 27.6649
139.4735 28.3556
136.3598 30.3842
138.6352 28.7969
139.7590 28.8029
135.8527 30.0581
136.2652 29.8208
138.9333 28.4157
130.7522 26.6299
137.4124 28.9717
137.7962 30.4889
133.1859 27.7326
136.1726 27.8283
132.0665 26.5339
139.1547 28.2450
131.9118 28.6324
137.2633 32.8595
136.3825 29.4397
136.4918 28.5243
134.2996 24.5989
137.8893 34.4044
131.9551 29.6908
132.8484 31.4186
135.7118 28.8895
126.7105 23.8143
135.8533 29.1505
132.8769 25.7176
136.7630 32.4034
135.8070 29.0437
131.9935 24.8441
139.8294 34.0273
132.8660 28.3122
135.0210 28.9490
132.6998 28.0424
129.1316 24.9728
135.7858 28.8819
138.3627 27.0502
137.0462 29.7206
134.1094 30.5338
138.4270 34.3097
138.8030 27.6203
131.7021 30.6783
133.3416 24.4925
138.0456 27.9712
132.0658 26.8724
134.3757 24.3706
140.2912 28.2427
132.9699 28.1770
131.6995 28.6053
136.2781 29.4511
130.5340 29.0584
128.0837 25.6113
135.5923 24.5497
134.4489 33.2323
133.3756 25.1599
137.1309 31.1944
134.4894 24.9063
132.6856 27.2442
132.9286 29.0141
136.0308 30.7651
131.6317 29.4905
134.0927 25.4275
138.3062 30.6882
127.6070 27.7415
138.2933 30.7811
134.0365 25.4834
138.6171 29.6545
133.1056 27.7534
137.0526 28.0220
134.7771 22.2325
132.2844 27.9650
139.0883 28.8742
132.5522 32.2160
137.7928 29.9710
134.1746 25.0019
133.3274 31.9526
132.4193 26.1502
135.0280 23.7378
138.3048 30.3437
134.1664 31.5246
133.3947 31.3352
133.5720 26.4636
136.3512 29.1916
140.5653 34.7734
133.6487 28.2437
139.9851 34.6646
136.8637 33.0870
133.0594 27.1980
134.0591 25.3822
130.2987 28.7157
130.3601 29.1401
137.0491 31.0806
136.2616 33.4786
138.3983 30.3701
134.1272 25.2419
132.8966 26.6619
139.1926 28.4730
134.1651 32.9826
133.6352 31.1218
130.2706 28.7478
137.2110 29.2774
138.7121 33.4119
132.4842 27.7035
133.5600 26.5273
134.3144 33.2202
136.2843 30.2396
133.1648 28.2342
135.9545 30.1657
132.3928 28.0824
134.0641 24.7125
132.1401 28.1950
131.8578 31.5030
133.3621 27.2775
138.2690 28.6480
133.2105 27.6587
133.9610 30.5701
140.2177 28.5143
139.2098 27.0498
135.3383 23.5001
133.6416 24.8109
137.8765 34.3139
138.9444 28.5659
135.0837 29.2225
134.4010 32.9824
131.6671 30.7148
137.3691 30.6791
130.2336 28.7597
137.0886 30.6302
130.8560 28.9984
134.1101 30.4721
134.4205 32.9948
127.9094 25.3940
133.4339 30.3515
137.2992 29.4775
132.6874 25.0653
131.8331 30.8945
136.2447 29.3897
136.5893 29.5717
143.5262 36.3885
132.2545 28.4632
133.7810 30.9902
129.9564 28.8071
138.9533 28.9019
136.0797 29.8346
129.9380 26.0150
139.1207 34.5319
134.6367 30.6934
136.3259 29.2000
134.0338 31.9751
130.3736 28.8472
130.3723 28.3155
139.2010 33.7777
133.2341 28.0687
133.1487 28.2581
133.1454 28.0627
133.9957 26.0233
140.1806 27.5166
135.0560 28.3701
134.3728 30.6658
132.0514 29.1757
136.5968 28.9868
130.5394 29.4437
130.6669 25.9359
136.0624 30.1505
132.7126 27.3487
140.1696 28.4747
138.8378 34.2211
139.2676 26.9879
139.5152 28.1498
133.7865 28.0454
136.5924 31.7196
133.3988 29.2311
134.6031 32.8592
136.2230 30.2049
136.1836 30.6364
133.1304 28.2328
139.8526 28.2047
139.6127 28.2736
132.5665 28.9231
131.9626 28.9959
137.7261 30.5549
137.9153 30.0201
134.0565 25.4586
126.1399 22.7987
138.6123 28.9062
136.6105 29.4716
133.9120 30.7449
138.8080 34.0985
138.9248 28.8284
138.6982 29.1746
134.7847 28.3923
136.4467 33.1004
139.1410 28.6191
131.7702 28.2075
134.4403 25.2117
125.3531 21.5690
136.3631 29.5059
133.6437 28.0125
140.4369 27.9159
132.6979 29.1483
138.9091 34.3446
131.8125 28.2405
125.0965 23.2618
137.3671 30.5138
137.1954 29.3819
133.6630 25.7123
130.7792 26.5654
139.3352 28.0054
136.6495 30.8223
133.5462 29.6126
132.6420 29.3566
136.2037 29.2135
127.0141 27.9697
140.7837 33.5000
139.4435 28.1839
136.7778 32.9745
133.1512 24.3177
132.8113 32.4528
125.8155 24.2197
134.7942 30.8732
132.9925 28.4404
132.8118 27.3326
132.4046 27.8985
133.2046 30.1299
131.9503 27.6370
133.1007 25.2148
138.3935 30.4828
136.9875 30.6815
133.3470 28.7653
134.9133 28.8428
132.5352 28.1504
135.8974 30.2935
136.0720 30.3987
137.6124 31.0158
134.2621 32.3410
136.8444 33.4753
136.2430 29.5616
133.1564 28.2569
132.6736 27.1263
138.5249 27.1154
134.3990 30.5675
131.9023 27.7426
133.5512 31.0232
131.0195 26.8486
137.2378 30.9227
139.6022 27.2101
137.2406 28.2317
134.0782 24.4658
132.9911 28.8927
140.1908 28.4798
132.3352 27.4074
138.7415 28.9028
135.4024 23.2710
132.1306 27.9570
132.9260 24.8354
126.2753 23.8425
133.8506 28.7980
138.4351 29.9522
140.4560 27.9902
134.8102 31.7287
140.0238 28.3760
139.8744 27.3636
134.0604 25.2448
135.4068 29.2313
132.9850 25.6522
137.2223 28.8965
126.7117 23.4338
132.7444 28.3031
133.8435 28.1135
130.5544 29.1143
138.8490 29.1704
133.5277 30.9419
139.0043 33.9188
136.9521 30.6911
132.5990 29.5194
134.0948 26.1803
132.6001 27.0254
139.4714 28.1063
135.9956 28.5932
126.2151 24.0318
136.8991 30.7337
135.5478 31.4211
133.9722 28.7580
138.1850 30.7530
135.2876 23.6179
126.0143 23.1566
133.6285 28.4963
131.8500 28.7409
127.4973 25.6037
137.8457 31.0429
133.1009 31.1807
134.7039 30.0421
139.4428 28.1230
137.7446 29.3842
138.2678 30.7813
135.3194 32.6984
136.2835 29.3323
131.9901 27.9143
140.2663 28.2641
136.2106 28.5043
138.5847 30.1622
132.0740 27.6446
132.5633 32.4033
134.5263 29.8226
138.5334 29.1907
133.0326 28.1439
131.9032 28.1133
135.8634 31.1353
131.6068 26.7976
133.5762 32.8825
136.4472 29.8288
133.1848 27.1892
133.3464 24.3321
132.2973 25.5804
134.5579 31.5815
135.3646 23.4799
131.3938 26.7311
138.7006 32.3653
138.3261 30.2378
136.3967 29.2518
134.3779 24.9130
133.5768 32.5778
135.9454 30.5227
137.5502 30.4004
136.2906 30.4921
133.2958 28.5058
137.0855 29.0205
139.0361 28.7368
138.5721 29.1599
134.8157 30.9425
136.3704 33.3468
126.6242 27.7331
130.9473 27.7286
135.8454 32.2767
140.2546 28.1021
135.0494 33.1309
137.1593 28.7940
130.8092 28.8784
135.0321 33.0639
135.1379 29.3797
137.6240 30.9925
139.6323 28.1987
138.0441 30.6614
137.7045 30.4465
138.1530 28.2753
133.7059 31.8453
126.9959 25.2418
137.1947 33.0625
136.5794 33.9311
131.1454 29.4862
137.7131 29.8611
139.7680 28.7124
134.3211 32.0605
131.4722 26.5085
133.5648 26.5557
132.0662 26.8596
131.5180 26.9509
134.1373 26.1580
132.6831 25.2115
136.7024 29.5354
135.0529 29.0903
132.4235 26.8572
136.1278 29.7915
134.0559 21.9593
134.3908 24.2673
134.8279 30.7993
133.4719 26.1701
127.0416 24.3801
136.6581 29.0766
139.8069 28.3264
140.4589 28.0081
132.2170 27.9669
130.6803 27.3899
135.8398 30.3850
130.3713 27.9385
139.1208 34.5505
136.4147 30.6834
133.7222 31.5722
136.8349 28.6537
133.9954 24.8617
134.0906 33.0825
132.4439 29.2495
132.5417 29.0739
133.9852 28.6466
133.8607 25.6778
139.2211 28.1028
135.0234 28.6162
139.7790 28.1200
137.2132 28.7780
129.4112 26.4607
131.7583 29.3779
133.7750 28.1605
134.0618 32.5737
137.6388 29.2971
130.8317 27.5043
132.4778 29.6850
130.7427 25.8858
140.2810 28.5161
130.4228 27.4873
139.1345 27.9967
135.8595 29.8108
135.6481 29.8781
135.9746 30.0057
134.5939 30.4916
134.3996 29.1946
138.6947 28.7733
136.3943 29.4805
137.4701 29.7380
132.6823 25.4947
133.6370 28.4814
128.5851 26.6381
138.4034 30.4254
133.0911 32.6376
133.6750 24.8622
134.0788 28.6433
139.7140 28.3130
131.2257 26.6850
134.0359 24.7685
137.0651 30.9680
134.9399 25.2152
127.7140 25.5136
136.8023 33.1167
128.7355 28.7980
137.9850 28.3685
130.7153 27.1160
142.8123 35.6962
133.4559 23.9634
140.1607 28.4218
134.0046 25.7395
133.8645 24.4139
132.7421 26.7421
133.1704 25.0234
137.3402 34.2144
133.0520 29.6860
133.8049 25.6161
132.2823 25.3663
134.5450 30.1571
132.4608 27.7429
130.5275 25.6980
139.3871 28.1419
133.0228 32.5548
136.3998 33.4590
137.0069 33.6881
131.3154 27.4399
136.0829 30.1247
125.7403 25.5349
133.8175 29.0468
136.8582 29.4362
138.6165 30.3570
132.1432 27.8202
137.4248 30.5664
132.6630 27.5816
137.9756 30.9900
137.1478 30.6904
136.1050 29.9552
138.8715 29.0307
134.0561 24.0610
134.6488 30.2664
132.8712 28.1854
138.5644 30.3919
131.6537 28.4886
133.6887 25.6064
138.4720 27.3821
133.7666 26.1247
137.9981 30.9360
127.2413 22.5403
136.0121 30.2051
134.3157 25.5037
137.4381 31.1530
132.7220 29.3066
134.3375 33.1747
139.9736 28.1301
133.0255 27.4237
138.5873 30.0672
139.8187 28.6894
136.7574 29.3628
128.4092 28.7399
137.0746 30.8192
136.9384 29.4585
136.3306 28.8680
135.9800 29.8212
133.2313 27.7085
137.5250 29.4007
139.7203 28.1556
136.7979 30.9568
135.1133 28.4928
134.4611 24.4525
132.7691 31.5168
126.8153 24.2820
137.2280 30.8605
131.6522 29.4063
134.1313 25.0188
139.5236 28.3450
139.4649 27.1601
135.7305 29.2350
138.6840 33.3358
134.3178 25.1344
132.5736 27.5941
133.1080 26.8799
138.9118 28.2370
131.7074 26.4077
138.2744 30.8193
135.8160 28.9200
135.7593 29.1035
131.1344 29.4656
134.6445 30.2066
134.2619 25.0603
134.1536 25.4752
133.2657 27.0452
137.7547 29.4934
138.3839 28.6873
137.6286 30.9909
132.9888 30.8602
136.4767 29.1780
134.4972 30.3843
126.4405 24.4265
133.0163 24.4028
131.7337 30.7480
135.8207 32.2926
133.4933 27.8493
133.2075 27.5551
136.4080 29.4026
132.5087 32.1568
130.1689 26.6681
139.7818 28.8037
134.6422 30.4975
133.8702 30.8422
134.4560 32.9336
136.7853 30.5869
136.2449 29.8449
133.0120 27.3622
131.8879 29.7360
138.7119 30.2937
133.0154 29.0371
135.8014 24.9804
139.9070 28.7464
136.5063 29.1880
136.2107 29.5899
134.7817 30.5084
132.4321 25.7187
139.8921 28.5428
136.6134 29.3106
137.9355 30.8605
137.4055 31.1853
131.9227 26.8589
134.3953 30.3243
126.4303 23.7042
135.0946 27.9890
136.8565 29.6817
137.3317 30.4586
139.3095 29.1901
136.2825 33.7763
137.0705 29.4300
139.8804 28.6152
138.8162 27.1831
137.2360 32.7739
139.4012 28.5391
135.0839 32.9492
139.3914 27.1385
137.2276 32.4085
139.1879 33.5622
136.4442 29.8168
137.9180 31.2782
139.1405 29.6348
140.2993 28.2017
136.7439 30.7434
133.0494 28.3560
138.8881 29.6773
139.2061 34.5573
136.2205 32.0388
136.0554 33.5233
137.1537 32.6036
138.4262 34.3013
128.8460 29.2567
138.7714 29.8575
127.9028 27.1085
136.2858 30.8359
136.5491 32.9186
140.1628 28.1904
138.6700 27.0866
138.5101 30.8760
136.1865 29.9529
137.2615 33.0777
136.4335 28.6549
139.7256 28.4166
137.2052 29.6817
137.4335 31.0426
138.5408 34.3487
139.4246 28.5163
137.1422 30.1862
127.8199 27.9861
139.2765 28.6798
144.4346 36.8058
136.3241 29.4000
127.7856 28.1981
139.3582 28.3171
138.6020 27.9721
138.5456 29.4597
138.6830 30.1737
134.8303 28.7734
139.5952 27.9867
135.7260 30.3201
135.5457 30.4237
137.1176 32.9910
127.4278 27.8945
136.2140 28.9386
138.5875 28.6246
136.5075 30.1459
135.1658 24.6003
139.5317 33.3082
136.6695 34.0148
134.1004 29.1198
139.2198 27.7844
141.8424 34.2423
136.0199 29.9263
131.7146 31.0315
138.8923 27.3044
139.9486 34.3638
138.8894 28.2812
140.6261 35.2827
139.1181 28.7609
138.1631 31.5422
137.3440 31.1361
139.1969 28.2543
139.8509 28.2604
139.5049 28.3690
139.1477 29.5490
139.5131 28.0583
139.5127 27.7545
139.4625 29.1637
137.8176 30.7096
136.3393 33.1403
138.9909 28.2784
139.3221 27.1774
137.6021 31.0041
137.3136 32.7486
145.6128 38.0807
133.6887 26.5296
137.1161 28.8165
139.5457 28.4684
139.0704 33.8799
133.1653 28.1904
135.4882 30.7834
135.7653 29.8844
136.5585 29.7771
140.0248 27.5059
136.5629 32.7909
135.9559 29.1933
138.7102 27.9918
136.3477 33.0592
135.9887 28.9416
139.3231 27.8111
138.5511 28.1807
134.2044 30.6674
139.4158 34.1362
137.2223 34.3267
137.4715 31.0426
139.5088 33.2132
135.8712 29.1088
137.6236 30.8122
138.3603 34.2884
139.2313 34.6361
137.1483 29.0902
137.0937 34.2931
137.8979 30.8637
135.2557 32.6725
138.0378 34.3583
137.1858 29.7266
138.3483 34.2899
145.4137 37.3997
139.7976 28.4349
138.9219 27.9585
127.5909 27.4640
136.0786 33.3300
144.9263 38.8608
136.4010 29.6845
139.1252 27.3834
139.8288 28.5156
136.5091 33.4009
136.0313 28.8363
138.4604 34.3472
136.4845 33.9450
136.5491 29.6508
137.0688 29.9690
140.3807 33.5380
139.5056 28.9621
137.0085 32.6076
137.9635 30.3697
135.6847 29.9230
137.7713 30.3980
138.5222 30.3294
132.9660 29.6707
139.4347 34.1244
140.2835 33.2451
139.7668 28.7368
138.2223 34.3238
130.7736 27.3374
139.6022 28.2772
134.2742 30.5609
134.9090 27.9526
144.8219 34.8220
136.3226 30.0576
137.1091 29.0222
137.5014 30.7917
136.7355 32.9741
139.8518 28.3694
136.8943 28.4367
137.0906 32.9517
139.4086 34.2069
136.2160 33.5635
138.5750 29.2757
137.7782 34.4588
139.2608 27.9593
136.9626 34.1918
139.8887 28.2237
136.2590 28.7233
139.0878 32.5391
139.0141 29.2784
126.9373 26.5613
126.2032 25.8937
139.5891 28.5895
139.0777 28.9761
135.7601 29.5603
136.9210 34.1631
137.0295 28.6020
138.7027 33.1234
136.4454 30.8437
142.5880 37.1195
133.8020 31.3013
135.6821 29.9752
142.5846 37.0619
136.7723 30.2352
139.1665 34.6362
136.8002 29.8485
137.0555 33.1639
129.7260 28.1201
139.5696 28.5089
135.0591 28.4647
139.5766 28.0658
138.6076 34.3847
136.9089 30.3574
137.6410 34.4329
140.5290 33.3912
138.4158 34.3131
135.6093 29.8814
139.7625 28.2293
137.4500 28.8018
132.8851 28.1671
136.4551 33.6225
137.1393 32.6104
136.8801 32.5207
133.8476 31.5774
137.3907 32.7465
133.2871 26.9397
136.9725 29.8374
135.9908 25.3334
136.5098 33.0745
135.8252 23.4027
131.3736 29.3361
136.5578 28.4870
138.4928 30.0801
134.1290 25.7876
131.2549 29.2167
134.4305 27.3625
136.1130 29.2187
132.3005 28.3121
134.7685 32.8755
133.7776 28.1078
135.9557 30.9326
135.9597 30.1474
139.0069 28.1860
136.6159 33.8411
133.6776 31.4957
133.0749 27.8570
136.9564 28.7634
136.1542 28.2954
137.0055 32.4878
136.2642 29.5814
140.1447 28.5656
136.0576 28.9137
135.4208 32.3106
134.5221 24.7659
134.0529 30.3133
139.7119 28.6141
123.6843 30.2203
128.0315 25.6124
134.4874 24.4904
127.3270 26.6696
139.8152 28.3661
139.5208 28.4928
138.1705 34.0432
138.7612 29.8308
138.6167 27.6664
140.5050 28.3553
135.7510 23.9996
136.3594 32.9757
137.8746 29.4559
132.8940 28.0228
134.0659 28.1201
138.8668 28.3127
135.5986 28.4442
133.8219 32.1926
139.6961 28.6858
136.3124 33.6278
139.7103 27.9905
135.1968 30.5507
132.0406 28.6399
139.9973 34.3476
138.7804 26.9880
140.4310 33.7248
135.2163 28.1179
137.5592 33.8243
136.4857 27.7815
137.6759 29.2169
134.8814 24.6874
133.9261 25.5878
137.0650 29.3786
134.6053 25.5431
139.6550 28.5555
135.1761 24.3120
137.2297 28.9374
135.7516 28.0273
135.8071 29.9434
136.9084 30.0996
135.4881 28.2096
138.8454 27.0229
132.0488 28.4970
140.6344 27.8989
127.5965 29.2208
131.9919 28.4278
134.8612 24.3450
136.1289 33.7217
139.3894 28.5862
134.1960 33.0063
137.3994 28.8099
137.4878 29.6597
134.2045 24.3194
137.4271 30.8165
133.8506 28.1461
137.9043 30.9547
127.2785 26.7629
134.3240 28.6544
137.0236 28.3010
139.8563 28.3508
132.6677 28.4256
128.8303 25.0298
135.8456 29.6035
139.3283 34.6263
136.1193 30.1458
135.1252 22.9048
138.0768 27.3198
138.9349 27.8416
138.5832 32.9830
134.7475 28.3529
133.9421 25.5973
136.1521 30.0223
134.1733 28.0860
141.6604 33.9452
133.6017 32.9264
134.1542 28.6783
134.0074 25.3250
139.3133 34.1166
133.5208 28.1706
138.2571 30.7786
135.8726 29.5242
139.2041 28.1620
136.3600 30.5130
134.3136 24.8401
139.6354 28.5421
131.5324 25.5789
138.5551 30.3841
131.8022 25.9000
137.3732 30.5539
132.7144 28.1948
137.1835 32.4682
137.2943 29.1818
136.0893 29.6103
137.1667 30.5728
136.1383 30.2544
132.7916 29.8047
137.0000 33.1371
136.2666 30.8063
138.6702 34.2005
136.3972 33.2926
135.6743 23.6404
138.3348 29.1744
139.3471 28.3726
131.6129 27.0335
134.6569 25.1181
133.2602 27.1104
140.2997 28.2240
132.6408 31.4002
140.5908 28.0899
126.0238 25.8440
134.2676 31.4136
133.6428 24.3040
132.1762 28.1416
131.6759 30.8694
139.5940 28.3324
134.4276 25.2010
139.1166 33.9463
139.7215 28.6582
136.1026 30.6406
136.8458 33.9846
139.8340 28.1742
127.6931 28.1182
136.9576 32.9826
135.7537 28.8623
132.8354 27.9942
136.4155 30.5788
136.0575 30.3518
136.4051 29.0465
130.0462 25.6456
133.4768 26.3700
138.8260 29.0634
136.4385 29.6774
134.0681 30.4614
134.7217 30.2397
139.3233 28.5611
136.1562 30.1894
135.9643 28.5127
138.4253 33.0182
135.2357 29.5925
136.0434 29.6959
128.9934 24.9105
133.5813 28.4344
128.1217 27.8522
136.6532 28.7696
133.9468 28.6895
132.8857 31.3401
139.0115 29.1303
137.8449 30.7078
132.3473 25.8920
132.8655 24.8747
136.3327 33.4608
138.3677 29.7395
136.1701 29.1084
132.9741 26.6798
137.4333 30.7881
141.0584 35.2921
133.3168 32.9401
133.8457 25.9166
140.0738 28.2296
131.9927 28.1760
133.2977 32.6742
133.6875 24.3707
140.4142 28.1747
135.6511 29.9699
136.2422 28.5855
139.6832 28.3150
138.7196 27.9582
132.2899 28.2026
138.1040 34.1185
133.0330 28.8110
140.2160 34.5948
126.5855 25.1146
136.1161 30.5083
136.5120 28.5148
137.3511 32.9124
137.2853 32.3176
131.4481 26.9154
132.5224 28.8189
132.9680 24.8744
133.3410 25.8247
136.0087 30.0807
139.1366 28.7805
130.3456 28.7347
136.8824 30.9569
136.4266 30.4386
138.5233 29.3479
136.1866 30.4318
133.1625 31.8333
136.5510 30.5606
137.4526 30.4899
133.2413 26.6063
139.8954 28.5868
140.0144 28.5444
133.5294 24.4363
138.6796 29.6626
137.5072 29.3772
135.1221 32.4838
137.7408 30.9345
135.7452 30.9585
133.5255 24.2898
133.5280 30.9682
134.2106 30.3283
137.3778 29.6458
135.7960 29.9067
136.7101 30.9563
136.0763 30.1876
136.9863 30.8819
132.9859 24.4878
133.9272 28.5813
133.0797 24.3887
138.4823 30.3125
134.2360 32.9615
130.2531 27.7714
136.2374 29.5751
133.2117 24.6077
131.9145 29.3926
138.6267 32.8210
131.8095 26.9942
136.2218 30.2309
138.8964 28.9452
132.6015 28.7565
132.2496 27.7160
133.8397 31.9015
139.6335 27.3138
137.7156 30.9729
132.7961 26.7204
137.7129 30.6225
133.6727 28.3433
125.7118 25.1844
136.6562 29.5423
136.8737 30.8928
136.8647 28.6224
139.2885 29.4680
132.7416 26.6885
137.3239 29.4237
138.1425 29.4251
136.0316 30.5975
134.9788 25.8262
139.2704 28.4586
132.7785 25.9567
139.4958 28.0334
132.4857 31.0283
137.4737 32.5893
135.9988 30.2126
136.5242 29.6138
140.3846 27.8661
136.1413 30.3774
127.6049 25.5678
138.3534 30.7019
137.5157 30.5307
139.2583 34.1897
139.3259 28.2791
135.1026 24.0996
138.4078 30.4846
138.4911 28.1259
136.0343 30.5000
132.2494 26.9454
134.3052 32.9473
135.9413 30.4038
136.5486 28.6473
136.1457 29.5483
134.3295 27.8763
133.7901 32.9893
137.5439 30.3640
127.7161 27.5222
131.8064 26.3882
140.4977 27.8260
139.0332 33.8674
138.5755 27.4193
125.7697 23.5942
125.7014 23.3218
138.4194 27.2647
130.8491 30.1986
128.7950 28.6432
134.8969 23.9782
132.2191 27.7166
131.3774 25.7604
137.5742 31.0441
134.3432 31.7009
139.5640 28.2865
135.5742 32.3502
139.3782 28.1962
134.9575 24.1489
132.8708 32.3428
136.9198 34.1054
139.5846 28.3999
137.1199 30.7417
135.0552 24.1524
137.6143 30.3264
134.5262 30.5159
138.5386 32.9618
128.8544 28.4179
132.3295 27.0233
134.7633 24.9794
135.3598 32.3554
138.7726 30.2968
133.2386 27.2159
139.0655 28.1801
133.1515 27.1958
137.1396 32.9262
139.4681 34.8306
132.9095 27.7753
133.2629 26.8276
137.0400 33.1187
139.2228 28.1435
131.6158 28.0957
131.9510 26.8299
131.9257 28.1716
133.7777 28.0095
138.6297 32.9821
126.5998 26.5230
133.7672 27.7813
134.0608 30.6664
130.8708 27.7698
133.0098 27.5793
139.6600 28.9314
134.3678 25.4665
128.8573 25.2957
134.2240 30.5093
134.4482 24.4233
138.9901 28.2851
134.5464 32.9252
137.7319 30.8806
136.3820 33.7751
138.2774 33.1721
137.4689 31.2047
126.8892 26.2628
134.1152 32.9904
139.4629 34.0731
127.8006 28.0392
138.4769 32.9795
136.5630 28.5121
133.2635 27.9843
137.0285 32.9251
140.0185 28.4052
134.6948 28.3193
130.3288 28.7429
132.9174 27.6410
135.7889 29.1128
136.0049 29.2910
131.0710 29.2170
133.8063 32.0663
135.3746 28.2990
132.1823 31.4818
126.9991 27.2710
134.1843 30.2416
133.4820 26.8433
135.8274 28.6117
132.1454 27.8335
136.9915 33.1187
140.3254 28.3710
133.5822 27.4826
138.4512 29.6854
133.8047 31.6370
132.8728 31.3056
136.3014 29.5898
139.2163 27.8739
139.0444 27.1402
139.0876 27.9947
138.4013 34.1244
137.4278 29.2041
133.4593 27.2781
136.6023 27.9720
134.2543 32.9532
137.1909 29.7674
132.3943 27.3833
135.8509 31.8131
138.0756 30.8906
133.9828 25.7737
136.5635 29.0467
139.9995 28.3338
136.3891 33.4432
135.0876 29.2704
138.3914 27.2551
137.9901 30.2507
139.2646 33.6798
136.8179 30.7958
135.9977 30.2412
137.4790 30.8229
133.6967 31.4913
133.6775 26.6436
136.5884 29.2134
133.8371 27.8120
134.5722 28.5361
136.3916 33.6846
138.0001 30.5942
134.5710 30.4745
134.7885 32.7873
130.9972 26.9126
127.7324 25.3574
139.0634 27.2324
131.3326 30.7304
137.0872 32.8750
135.0882 28.3044
139.5305 28.3346
137.1435 33.3774
139.3350 28.4135
138.6414 31.2858
136.2997 29.0480
142.7869 35.8700
136.5920 30.1973
136.8698 28.6574
137.1571 29.5020
139.4682 28.3728
136.6095 30.8694
136.6065 29.0181
137.5605 34.5189
137.2903 30.3633
136.7636 32.8150
137.8924 32.7956
136.2061 29.5706
137.0111 30.5592
138.8689 30.7031
140.8604 34.2162
135.3325 30.8789
141.3190 34.5014
136.7281 30.3525
136.5104 32.9785
137.0405 29.4840
137.6787 30.3931
138.5301 30.5377
137.2244 30.9501
139.2036 33.1216
137.3424 30.2104
138.8091 29.9323
136.2397 33.1725
136.7146 28.9835
139.5986 34.3712
137.0968 29.8048
139.3976 28.5586
141.7138 35.9884
136.8942 33.2829
139.2150 28.4149
136.4454 29.0624
137.0497 29.6298
136.6315 28.9233
137.2676 32.8488
139.5255 28.1457
136.1810 30.5290
139.4387 28.6540
137.4152 30.0025
137.0605 30.9804
137.1439 32.9741
136.2064 28.7100
136.7471 29.3773
138.3481 30.6805
136.4923 33.2651
136.9114 30.4686
139.7045 28.6411
136.9752 30.1431
145.8013 34.3574
140.0642 28.4924
137.3773 29.8612
144.1833 35.7034
139.4106 28.3510
136.9239 33.4001
137.1837 30.1835
136.2213 29.1770
135.8611 30.4318
137.2057 31.0153
139.0354 29.3313
139.5554 28.5730
137.4579 29.4278
139.0055 29.3706
136.4253 33.1286
136.2735 30.0653
136.0062 30.6374
136.2674 29.4234
136.7429 33.3310
139.6784 28.7900
137.2990 33.1032
139.8772 33.7728
137.0906 29.8825
136.4214 30.9953
138.8459 30.3223
137.2042 33.2957
145.0444 37.2083
136.3824 29.5574
138.6830 28.7718
137.3586 31.5235
143.8044 38.3032
136.6536 33.4237
137.0483 29.4502
137.2330 29.9491
137.4777 34.4672
136.9397 33.4182
137.6099 29.2429
136.2556 29.4363
137.0105 28.9244
139.7594 28.2645
136.5298 33.3462
152.0120 35.5859
137.0795 28.9144
135.7869 30.6219
136.0424 30.3784
139.4048 28.0845
137.2131 28.9442
140.9496 35.0976
137.0622 33.3023
136.7016 30.3044
145.3966 35.7217
137.4117 30.2767
138.6738 31.0287
136.4095 29.3568
136.5031 29.5871
139.4098 28.4549
136.8778 30.6571
137.1558 29.7758
136.2352 30.6002
139.1106 28.4921
136.1263 33.5712
136.6873 30.6191
139.2853 27.9466
136.5503 28.5916
137.0700 33.1802
137.6997 30.0631
144.2289 35.6297
139.7424 28.5762
136.5261 29.1404
136.8493 29.6274
138.8549 29.2280
143.9936 35.6008
139.2343 28.5670
135.9504 30.6736
146.7050 38.2585
139.0945 28.9277
137.5681 29.6090
137.2031 29.7092
138.8917 29.8814
137.5685 33.4306
136.4312 29.3188
136.6847 33.2807
136.6806 33.5052
136.5454 33.0651
139.4915 28.6226
139.8346 28.5090
138.3118 31.3573
136.8176 32.9961
136.8051 32.7606
137.5126 29.8157
136.6999 30.7553
139.4784 28.1923
136.4912 29.0310
137.2975 31.3842
136.7558 30.9352
139.4375 28.3967
136.5492 30.2477
136.9390 28.9103
137.2466 32.7900
137.0810 30.0235
137.1242 28.6484
137.5331 30.8392
139.5890 28.4176
136.4464 29.6731
145.0950 37.2014
138.2090 34.3430
139.7617 28.5603
136.8752 33.4223
136.6593 33.3277
137.1172 33.1783
143.8725 35.3763
137.4987 29.5429
138.9438 30.4047
139.3300 28.2824
140.6310 34.0524
142.7568 36.6932
135.7406 30.3966
139.6382 28.3799
137.5437 29.2941
137.0074 28.9379
141.5373 35.3138
138.7024 32.2789
137.1514 30.9624
140.6874 34.1923
136.7987 30.9940
136.4941 29.2142
136.5943 32.9104
136.8452 29.8416
141.1661 33.8200
137.5556 30.1340
137.3452 30.0461
136.3140 33.2329
137.0468 29.0029
136.7061 29.6182
141.2041 35.2324
138.4414 31.3095
136.4547 29.6077
137.1481 30.6997
136.2175 30.8928
137.0562 33.3718
136.7960 30.5903
138.4369 30.3987
137.1115 29.7549
141.1418 34.8768
136.4342 33.2860
137.1680 34.3513
137.1776 32.9281
136.0142 30.4291
136.0883 30.8206
139.5971 28.5972
135.6315 30.6506
139.7552 28.6531
136.7470 30.7913
136.6705 30.1317
137.1133 28.9642
137.4027 32.8727
136.5530 30.4949
137.2285 30.0955
137.5004 30.6993
137.4958 34.4353
136.7400 28.9779
137.7352 29.6459
136.3126 33.2192
137.4419 31.3740
136.6090 30.7523
136.9171 30.1564
136.8799 30.2715
139.7514 28.7443
136.0985 29.7837
136.2733 29.1975
137.4115 29.7178
136.0577 33.3976
137.3284 29.1730
137.5681 29.2473
136.3476 28.8497
136.1068 33.5116
136.2090 30.4859
139.1210 28.0494
137.4947 29.4783
136.9864 30.6870
136.8006 30.7769
136.1985 29.2016
138.1725 31.3410
136.5428 29.0409
136.3408 30.3356
137.5382 34.4278
139.4040 28.4842
136.0689 30.2636
142.4440 37.0603
136.8065 28.9108
139.0575 28.8698
137.0258 33.3961
136.7555 32.8203
136.8167 28.7954
146.0339 37.0968
136.7637 29.8213
137.1479 29.0406
136.1629 30.0391
138.8801 29.8419
139.4901 28.2744
137.3697 29.2738
144.8756 36.4427
137.1107 30.9460
137.5608 30.6989
139.2427 28.5840
136.3237 29.1107
135.4449 30.7954
137.4655 29.2232
138.6668 28.1591
136.6169 32.8949
136.6936 33.3513
135.7340 30.0688
137.4530 29.5067
136.4282 29.7963
135.6307 29.6420
136.7077 29.3867
137.6752 30.2720
136.7744 30.7135
137.2936 30.5005
139.4456 28.4664
136.6725 33.4064
139.1866 28.5835
136.7165 30.1501
136.4879 29.0279
136.8508 33.3824
138.8529 30.7239
136.4342 30.3108
139.3522 29.2228
137.5108 29.8629
138.8440 30.4134
136.6205 28.8949
136.8180 30.6893
136.1261 30.1879
136.1673 30.4404
137.3285 28.8592
136.6273 30.8704
136.6922 29.9857
139.0200 28.0196
137.2492 29.6964
137.1994 30.6026
137.6695 29.5195
137.1096 30.7652
139.3210 28.3979
137.1532 30.3392
136.1844 29.0567
138.7166 28.2523
135.7558 28.6127
139.4697 28.3694
130.0662 28.2514
132.3005 27.6534
140.7507 34.0470
138.1438 30.5361
132.2890 25.2776
140.8018 34.5638
133.0916 30.3448
139.3457 29.3876
148.4384 34.9035
134.6960 28.2729
133.7382 29.9430
139.0666 27.7730
128.0559 29.1362
138.7122 32.6555
134.0703 31.2734
131.3103 27.9145
136.7873 29.7268
145.3876 37.8763
138.5798 29.9592
131.9726 31.5553
132.8095 30.0063
134.0921 28.7341
132.9081 27.7530
126.8729 22.3951
131.2731 27.7776
131.0069 28.3491
134.5382 32.8036
144.4524 36.9273
134.3203 24.9189
135.2535 24.4396
135.7919 26.0364
137.0372 32.8443
137.9837 31.1454
131.8658 28.8497
136.1412 30.0597
138.3579 30.6881
136.2590 30.5754
138.3014 27.9300
141.8503 35.7938
136.0782 29.1117
134.5809 25.9840
138.7234 33.3890
134.1386 24.8508
138.9851 28.8188
134.0129 32.1013
137.3591 28.8364
139.3701 29.8877
120.8211 26.8324
137.6591 29.2139
135.1003 24.1915
135.3234 22.7371
127.0690 27.5683
135.6212 22.9088
140.0609 28.2095
139.1230 27.6943
139.6919 30.4551
136.9919 31.7512
135.8745 29.8256
136.9761 28.9268
137.2090 32.9315
131.2486 28.3661
138.8166 30.1165
138.7283 27.8710
125.3094 24.3332
138.4222 30.8725
131.6247 29.1398
134.3965 24.9720
144.6049 35.7694
136.9373 32.6266
134.8062 33.2000
137.7462 32.2565
138.2736 27.1653
132.6109 28.7423
138.4795 31.7578
134.7804 23.6316
135.7647 29.9644
138.5129 30.3385
132.7041 26.1142
141.5680 34.7648
128.5426 27.9835
136.3585 30.6586
133.9551 24.9007
136.9773 30.6935
136.3241 29.3659
133.4331 32.2992
133.9274 24.0874
133.8258 31.6872
136.4680 33.2533
142.8509 36.7625
134.3564 30.4052
126.3560 29.4372
132.0997 31.5635
134.0666 30.8832
136.3763 29.4340
137.6694 30.5664
140.0914 28.5267
139.2377 27.5124
135.6253 32.2223
131.7392 26.5165
134.3824 24.4130
135.1084 29.0925
139.2224 28.5135
134.6569 30.5057
136.4707 33.7954
139.7430 33.8902
133.4277 27.8868
136.1582 28.6733
132.5704 27.4077
132.2937 31.4021
137.5233 32.6667
136.4034 30.3386
136.8510 30.7822
135.7664 30.3100
134.1539 30.6342
131.1577 26.9600
139.4413 34.4863
133.2104 28.0745
132.8646 27.3486
136.4847 29.5759
140.3398 28.4563
134.1514 32.0248
137.7215 33.0335
133.2096 28.1199
131.9274 26.7525
137.4660 31.0787
133.6121 26.7261
131.7224 27.8875
134.1458 30.3252
139.4342 27.9563
139.4639 28.0757
134.5645 33.0880
139.9166 28.4311
136.1346 30.7433
135.8676 32.2583
133.1524 28.3736
131.8451 28.3481
136.0882 29.2600
134.3588 30.8053
132.0148 30.7760
132.4109 27.6957
139.3167 28.0221
140.1264 28.3288
134.5056 24.4404
132.3951 31.4387
135.9107 30.1636
136.7792 31.0172
137.3438 29.7824
138.4140 26.9644
134.2581 24.6676
139.9224 28.6600
134.3255 24.7894
134.4361 24.3226
135.7633 30.3232
132.9633 28.1535
134.9081 32.7133
132.0732 27.8130
134.2513 25.0507
131.9013 27.8235
132.5664 27.7874
137.5170 29.9724
135.5932 30.2379
137.6258 29.6345
136.1008 30.4623
133.9436 24.7798
133.1937 26.6353
135.7005 29.0006
139.6692 34.0352
134.1810 30.4985
136.9584 29.3911
133.4669 27.8442
134.5707 24.2490
143.3630 35.1148
134.4554 25.4142
133.7919 25.6590
132.3730 28.1741
132.9298 27.6356
133.7341 25.8360
138.5926 30.2105
140.5394 27.8821
132.3784 25.3902
138.5035 28.1916
134.8954 30.6836
132.9337 27.4587
137.0110 33.1283
137.7104 29.9445
136.3457 33.2383
135.5934 24.3143
133.0526 29.4220
139.3662 28.5962
139.2355 28.5070
139.4393 27.8085
135.5786 30.3363
134.1993 30.5394
139.7430 28.1809
136.1240 30.6150
136.3762 28.8082
136.4637 29.8900
135.1737 24.2921
131.4831 29.3592
126.9958 26.6094
133.7507 28.7134
139.8552 28.6068
143.0974 35.1174
138.5046 28.4477
133.9681 25.5441
138.7053 27.0168
133.2878 24.1572
139.0861 28.4852
139.8903 28.6235
134.0203 25.1686
139.2714 29.3582
139.3829 29.2593
132.9557 28.5797
141.3209 35.0118
133.6595 28.2274
133.7003 25.6162
132.7003 29.1343
139.4031 29.3068
135.3940 24.3243
135.7645 29.7441
133.0759 28.5440
134.2682 27.9579
134.7260 30.4972
133.4799 28.0490
138.8281 33.6540
135.8544 29.2523
136.1207 33.4672
137.6189 28.7641
138.4423 29.6345
139.7336 27.3835
132.7369 28.3758
134.5696 33.1441
139.5558 28.5257
138.2435 31.1542
135.7844 29.3885
136.8813 29.4118
132.5527 31.3765
139.7036 28.0825
132.4490 27.7140
136.1231 29.5912
131.1120 29.5616
138.9336 29.0589
136.8676 30.0193
127.7588 25.5823
137.7383 30.0159
134.9097 25.2325
140.1562 27.5098
139.2625 29.8813
138.0711 32.3613
127.8507 26.0487
138.7930 26.5241
133.8554 24.4958
137.4516 31.2647
136.2536 28.6317
133.5977 28.4412
133.8114 29.8287
133.4267 25.2281
134.1120 28.1269
139.3419 30.2415
137.4252 32.0301
138.7683 27.7823
138.3684 30.2966
140.3847 28.3293
137.8824 31.3805
135.2983 24.4846
134.2683 25.1017
137.6216 29.5030
128.1213 28.0783
133.8234 29.7527
138.5756 28.0000
127.4955 25.4191
132.0538 29.6833
126.4585 24.1651
137.1873 31.3149
137.7562 30.0085
127.6219 28.2885
137.8409 34.4519
133.8507 25.6963
136.3970 30.8164
138.7409 27.8072
136.0886 28.7659
139.8560 28.6434
136.3440 30.3157
136.6346 29.6412
139.6611 28.6381
139.8075 28.6909
138.9085 29.5922
138.2416 33.4403
144.8474 35.9841
139.4910 28.1125
136.8426 32.7041
136.9254 30.0168
143.9586 35.5400
140.3951 33.3937
138.9556 29.6787
139.1259 27.9841
136.8307 29.9715
136.2652 33.2505
146.2737 37.6863
139.0698 27.9659
136.4879 33.3703
138.9001 29.9542
139.4080 34.3423
140.6419 33.5300
136.0766 30.6600
137.6374 32.1183
136.9957 32.9868
139.1131 28.6903
140.0183 34.0405
137.8451 34.3994
143.5742 35.6683
136.8251 32.8515
126.6752 26.9278
139.1763 34.6136
136.7789 32.8040
137.6126 29.7652
137.1685 32.9719
136.0120 29.5859
138.3673 34.2867
136.4825 30.7498
140.5554 33.4614
139.8270 28.5779
137.2211 32.5763
137.3233 34.3345
138.3467 34.3124
139.8325 33.8448
137.4258 30.9181
137.2401 32.7557
136.9338 32.9865
137.7092 34.4641
138.3187 34.3098
135.5199 29.7318
137.2694 32.6426
139.1324 34.5134
135.7535 29.5859
136.8498 29.0144
135.7592 30.2338
136.3326 33.0325
138.9018 29.3602
137.1303 32.5563
136.6278 32.8012
141.6808 35.2036
138.6386 30.9709
136.9091 33.3514
137.1106 30.8373
138.7182 30.5903
136.2371 30.7486
136.7624 32.7344
139.3661 27.5104
140.7664 33.5545
136.0656 30.2134
136.3070 33.1320
133.1962 28.4346
136.9747 33.3675
136.8744 33.1160
136.9339 28.2299
137.1684 32.5747
144.2825 35.7822
140.6314 33.5511
136.3622 30.0384
138.8049 30.4961
136.1678 33.5558
140.4057 33.4233
139.4406 28.4762
138.6307 28.4777
140.5405 33.3898
136.2224 29.8678
136.5720 32.9267
137.3061 28.4715
136.3569 29.8725
136.4991 29.3337
136.4644 29.2600
138.7655 28.7827
139.6018 28.7152
137.5374 30.5919
136.3183 29.1942
133.3579 28.0591
136.6888 30.0850
139.5523 28.4038
137.6672 34.4307
138.8692 29.9977
141.6875 34.4553
139.9663 28.2585
125.5379 21.6357
128.1589 25.5003
136.9911 33.2092
128.8832 25.8726
132.2992 27.0966
130.5519 28.7634
126.0541 24.4743
133.8229 29.3074
139.3622 28.1708
136.8300 28.9144
129.8380 26.1097
136.4216 29.0799
139.5609 28.5666
135.6575 29.5673
131.8564 27.2421
143.5220 37.3399
132.9392 26.8366
133.8306 26.4824
138.6788 34.1305
127.6173 25.4140
138.3621 30.8471
133.8669 30.8691
136.8803 30.7109
134.1486 30.6317
138.8046 29.3126
136.9707 33.9719
135.9119 30.1959
135.4642 30.0446
134.2353 24.5190
134.3722 30.4980
140.1648 28.1775
133.5768 31.1110
134.8365 25.9716
136.7927 30.8631
136.2026 22.4426
134.0639 31.4200
126.1943 26.9024
135.1142 32.8736
138.9627 33.1228
134.6079 30.6326
140.9719 34.5464
138.5006 30.3213
129.6907 26.1216
138.8034 33.3917
139.8974 28.1682
136.3722 29.3657
131.0766 26.7503
133.9185 25.6225
136.7156 33.8350
139.2061 28.2509
134.3927 24.8494
137.4938 30.0357
136.2777 29.2235
143.5042 35.5764
134.7633 25.0041
133.1928 27.4585
128.2367 25.2879
136.5839 28.5658
131.3920 26.3569
137.5040 29.8076
139.4935 28.2397
132.7683 29.0274
137.4724 30.6912
138.0219 33.8391
137.1533 29.5896
134.0572 30.7034
136.3087 28.5846
133.4519 25.5700
131.0996 29.5930
135.5688 29.3650
136.0080 28.6603
139.9624 34.4640
135.7129 29.5861
139.2812 29.8812
137.3832 30.4301
137.7516 29.5919
138.2545 30.8126
132.8250 27.3353
137.2285 29.6998
139.2092 33.2435
138.0661 34.4428
145.2689 35.4866
137.4677 30.2125
137.4832 30.1744
131.1398 27.8155
135.5426 24.4190
134.5534 29.2830
135.7778 29.6359
133.4657 24.6475
129.7686 25.9405
138.5310 34.0319
136.5056 28.8642
137.0168 30.6833
133.7332 25.6825
137.1251 29.4134
126.4092 24.6646
132.9006 26.6890
132.8713 31.2756
133.2495 29.5991
127.1435 25.4680
135.9817 30.2369
137.0447 29.9751
136.9010 30.3384
136.6869 30.8817
139.0032 29.3205
137.2084 30.7302
135.3402 30.3025
136.0757 28.6630
139.4336 27.9969
137.2163 29.9357
135.6588 29.6678
136.2342 28.9404
137.0099 30.1074
136.5900 29.7500
139.2810 28.3045
137.0377 30.9710
135.8267 30.4404
138.4841 31.0558
136.9025 30.4130
137.6987 29.5101
139.6417 28.2937
139.6658 34.5059
139.5890 34.3701
139.9187 28.5406
139.6351 28.6168
136.5752 29.3903
137.6066 30.7423
136.7924 29.3261
138.0232 31.3656
140.2819 32.7284
136.8795 30.1734
136.8957 33.2299
139.3881 28.3645
137.0660 30.3710
139.0211 29.1905
137.3398 29.1999
135.9449 29.5957
136.8760 29.6707
136.6449 32.9771
136.5481 33.5559
136.3147 28.9609
137.0943 29.6428
137.6804 30.4963
137.5214 31.1462
136.9592 30.7670
136.4704 28.7538
137.0281 30.1117
135.9232 30.1804
136.8574 30.1382
136.3234 33.1383
135.9640 30.3036
136.7802 29.2893
136.8586 33.1799
137.5336 30.0255
136.1030 29.1574
139.4081 28.6364
137.2392 32.7548
135.8124 29.6076
135.8684 29.8157
136.9264 33.0087
136.0163 29.2614
136.3506 30.2624
136.4244 28.9414
138.6515 30.8508
139.0165 29.3009
135.9427 29.6200
136.8688 30.3284
139.4101 28.4437
135.4665 29.8237
136.9417 34.1385
136.6392 30.2979
136.0197 29.5914
136.1640 30.6130
137.1071 29.4159
136.8356 29.9788
137.3545 33.4093
136.4602 28.5073
139.4582 28.6340
139.5680 28.2216
135.5963 30.2762
136.2492 30.3806
137.2011 30.1044
139.1729 34.4898
137.2081 29.6527
137.3761 29.2415
136.4038 28.8940
136.8335 32.7064
138.7948 30.4391
136.8607 33.1521
136.1383 29.3217
137.1216 29.4380
137.4783 29.3520
137.7317 29.4250
137.2980 31.0506
135.7672 29.1875
137.6792 30.6507
138.3249 31.2069
136.0888 28.6703
137.0351 33.0582
137.4661 30.4725
145.2743 38.4715
137.6571 30.4854
137.3488 28.7596
136.8385 30.4123
138.8955 28.2765
139.4122 28.3702
145.3942 37.1461
136.2381 30.6779
136.9447 32.6329
139.3362 34.5317
136.2054 30.4037
141.3798 33.8703
136.9109 29.3012
137.1265 29.7342
136.6788 28.5387
138.5251 31.7312
136.1579 29.3640
136.4485 29.7326
143.7556 35.3754
135.9380 29.4541
136.4398 28.8056
137.0759 30.9765
135.5082 29.7918
136.3088 33.3018
138.8727 28.4248
128.1793 28.3993
137.3500 29.5466
136.0269 28.4892
136.7918 30.8858
136.4800 31.0853
134.0783 25.3937
134.6836 32.7975
140.4233 30.6453
135.4027 25.7158
131.0415 28.1828
133.9180 28.6899
137.6950 31.1224
137.0101 30.3926
139.5140 33.7327
134.7957 25.7786
130.0786 26.3525
136.1600 28.7759
135.6312 31.1236
132.7484 32.1314
141.8432 35.3546
134.1061 26.0567
129.2072 25.1751
134.6781 24.8919
133.5850 26.0249
132.7667 24.5516
138.5706 32.8485
135.5318 27.0018
134.0284 26.1100
128.0636 28.9121
137.4195 32.6066
123.9708 27.0631
132.0459 26.4951
124.8913 28.0278
130.5706 23.4040
137.7129 30.6247
129.8277 25.4327
138.7506 28.9690
133.6924 31.2775
134.3469 26.5479
131.7804 31.2647
137.4327 29.2684
134.0656 26.5160
135.3933 25.6408
137.8883 30.9172
139.2894 28.4369
131.5157 29.4008
137.0747 29.5981
134.9741 28.6865
138.2380 32.7095
133.7814 29.0945
133.4446 27.8692
140.0977 28.1591
133.8414 23.5314
133.0595 26.4355
133.3426 28.7640
135.4354 29.1805
126.0450 23.8001
127.8635 29.0814
133.5648 27.9471
132.2478 32.1009
139.3660 30.1022
125.6066 20.6877
129.8829 30.2679
134.0498 27.9419
133.3564 31.7026
133.9906 31.7073
136.0894 30.9374
137.0529 32.6495
135.0423 27.8020
133.6338 32.9986
139.9916 33.6173
137.4822 30.3432
131.5249 27.7395
132.6409 27.4696
132.5840 27.9806
133.4909 26.8432
136.4831 30.5969
133.6518 31.7314
133.0266 28.2023
131.8913 22.2167
122.6999 19.2156
125.3594 22.6791
132.3473 22.7748
127.6135 25.6729
132.6956 26.7254
131.3918 27.6608
135.9876 27.8964
136.9263 27.8563
132.8492 25.6133
132.1192 22.5908
132.7272 25.8086
125.2180 24.3557
133.8715 27.3732
130.0526 23.9831
132.3917 25.0110
124.2369 23.3235
135.6466 25.7570
131.4026 24.5520
129.6057 22.6938
132.5636 27.5278
131.5995 26.2528
136.4538 28.9471
129.1724 23.7228
135.2051 23.5855
134.5780 22.4795
126.3189 19.8838
130.0807 24.9746
132.9710 22.3650
121.6833 20.5637
135.5985 25.8706
133.4955 24.9593
131.8038 22.1092
132.6685 24.3722
135.5409 22.6863
129.5243 24.3068
138.2126 28.6761
137.2013 29.9778
136.9984 28.7394
133.0033 31.2917
125.6113 21.9279
123.1940 20.7097
131.4119 28.7218
134.3654 24.7337
131.9418 25.0559
132.6857 23.0098
131.6299 21.6356
128.1361 22.9786
126.4246 23.3597
131.9747 20.7751
131.6397 21.0880
134.1043 27.3576
132.5455 21.9558
134.7615 25.7451
134.0921 23.0108
129.9967 23.2233
134.2029 24.6963
132.9574 31.2999
137.2646 28.6331
135.4030 25.6370
135.2391 32.9444
133.9613 27.9686
137.8448 29.4966
132.1311 27.0111
134.1325 30.2208
133.3931 28.1628
137.6817 32.1631
139.3767 34.2544
136.4076 30.3407
139.3044 33.6187
135.4216 29.2866
134.6252 25.0911
138.7048 34.5015
126.3564 23.7626
132.8131 27.0809
133.9208 28.1284
138.8805 29.3394
134.2954 25.7512
140.5158 28.0092
135.7956 24.5839
138.5190 29.6146
134.9555 24.7443
128.5400 28.4232
131.7971 31.4852
137.4683 29.1401
136.1663 30.6198
127.0079 26.6188
132.5014 31.8924
139.5026 28.1949
130.4523 30.0681
138.8316 34.2836
133.9964 31.7725
140.1096 28.8371
136.8467 30.2534
131.8292 29.5829
139.0554 33.9261
135.1628 24.5380
134.6273 30.9143
136.1711 30.6391
137.0308 29.4337
133.4705 27.4041
138.7178 29.6323
136.1454 29.7398
134.8127 24.6519
136.3130 27.9084
134.5421 31.1699
131.6283 28.9043
138.8472 26.6406
139.3858 28.1660
138.7373 33.0844
134.8987 26.0570
130.5827 28.9285
134.4359 30.8745
139.5008 29.0652
138.8376 28.3222
135.5384 32.6074
135.8875 30.1967
139.3438 28.9972
137.2730 33.4626
139.7675 28.5808
133.9804 27.8717
136.5462 29.0980
136.2999 29.7817
139.5847 28.6300
136.8177 29.6278
138.2970 33.4060
134.0172 30.8549
136.3051 29.0071
134.0792 25.5881
135.6139 23.6356
133.3054 24.8325
137.2803 30.6428
134.4164 28.6442
139.9507 28.6559
123.3270 30.0341
132.8038 28.2328
143.3973 35.5838
139.3607 34.3364
136.6641 32.7202
132.1944 27.1437
135.7927 30.3763
133.4226 27.4730
132.9951 27.0606
136.5343 33.2698
134.3402 33.0231
137.9717 30.4540
131.9453 29.1283
134.8326 30.6785
132.4190 28.0806
135.2462 26.1393
127.6141 27.1462
140.5325 27.6385
132.1263 29.0828
139.5296 27.0871
139.0432 27.4214
133.2715 27.2080
130.7798 26.7621
134.5025 30.0814
134.2424 28.8192
140.4656 28.0319
139.0296 28.0039
133.5810 28.4903
133.3425 32.8774
137.2984 28.8811
135.8074 32.1743
126.6982 27.7394
134.4219 30.2412
136.9060 29.3483
138.8773 29.3802
133.0040 32.0413
136.4511 30.8178
131.6954 28.6262
132.1945 28.2281
138.0933 28.0870
136.3122 30.5245
134.5298 27.2460
140.1387 28.0709
136.8053 29.4395
126.4823 23.6717
130.4846 27.6306
133.5222 24.0471
131.4444 28.1685
129.4175 27.9638
134.9322 29.0642
130.2168 26.9057
138.6434 34.2638
133.9806 32.9727
136.0143 29.7133
135.4608 29.7272
136.8236 28.5774
135.3746 23.2444
137.8156 31.0927
132.3028 31.9888
136.1764 29.0021
140.2908 28.1263
135.1045 31.1375
131.2645 26.4684
135.9456 30.4396
137.1503 29.6300
139.6378 27.9843
132.9386 31.4514
133.4629 24.2564
135.4997 25.7735
132.7671 24.9139
127.1878 24.9952
130.6292 28.6997
136.2252 29.9004
132.2031 27.2107
139.9402 28.1551
130.8311 26.6942
137.8145 31.0665
133.3342 24.5427
134.4407 28.7664
134.7262 23.9453
133.1381 27.9154
136.4054 30.5459
135.9703 29.4204
138.9299 33.3595
144.8567 38.8376
134.4434 33.1961
137.5001 34.5392
143.3102 36.8323
137.1321 33.1792
139.5728 28.5585
135.3500 29.3585
149.1706 35.0959
136.7403 29.7668
138.7920 30.8004
137.7962 32.2342
136.8234 33.0636
140.1859 28.2125
139.8393 32.3878
138.7790 30.6576
136.9983 29.4682
136.4672 28.8292
134.4680 25.4088
136.7193 30.2502
135.0887 24.3464
145.4485 38.7294
136.4841 30.1443
139.7868 28.0572
137.4862 29.2825
134.8060 31.9287
139.3585 30.6147
142.4294 36.7417
142.2999 34.7402
139.6274 28.5078
135.0605 31.7052
139.3233 30.1227
137.5579 30.9293
134.0095 31.6387
136.3017 33.7170
137.8146 34.3118
141.2438 33.8564
136.2097 30.1264
139.1670 27.4090
124.8844 23.9436
144.3441 37.2966
131.5704 31.1762
136.9652 33.3588
139.3939 28.7303
145.2350 33.2446
147.1572 35.6334
121.8260 32.7855
145.9783 34.7612
139.7653 28.2982
135.9503 29.7504
139.5086 28.5215
137.5724 29.2046
136.9574 33.4018
143.6307 38.6448
138.8656 30.2202
139.1833 34.5161
133.8869 31.4852
135.3889 30.3469
138.7498 29.9186
145.8680 35.2186
131.0574 30.6477
139.2788 28.6571
136.3495 33.0896
140.3323 28.2387
139.1910 29.3445
137.1469 28.8976
139.4759 28.0692
136.7932 28.9487
136.2865 32.9902
135.4771 29.9195
136.7343 33.3489
143.3538 36.9236
139.1439 28.4630
134.8810 32.8584
143.7963 36.8255
136.9850 34.2606
147.7015 35.8979
136.2110 29.2065
138.9647 28.0960
134.4754 32.9736
153.4744 34.2297
139.1922 28.0844
136.8113 33.2727
135.4643 30.9364
136.6135 30.0237
136.5774 29.5813
131.3764 30.8835
138.7892 29.2905
139.0867 28.4547
145.7077 34.4076
127.9268 28.1653
138.6071 32.7997
134.7550 30.8236
131.0379 26.4639
132.1277 29.8517
134.3420 30.5389
134.7810 30.7679
131.9524 28.2551
134.5413 30.5236
134.0964 29.9103
132.6523 31.4586
134.5238 30.5856
136.7628 30.6662
134.4303 30.6417
136.9381 30.8065
133.1563 27.4636
137.8584 34.0903
133.6749 31.7512
131.5844 30.6628
133.2260 32.3058
130.5004 29.9516
134.3535 30.5285
134.3274 30.5092
132.8338 32.1698
144.5275 35.8027
133.8191 27.9450
137.2524 29.5253
134.6256 30.5872
132.0654 27.6681
136.9879 32.6694
139.3813 28.7077
134.2821 24.8001
137.4705 28.4489
140.7094 33.2485
133.9262 31.6799
126.5256 24.5177
133.1074 26.9630
134.3559 33.0222
133.0412 29.5514
138.0592 30.8224
134.2008 24.7018
136.4116 31.8378
127.6536 25.4341
132.2956 27.9129
136.4440 29.0978
132.9719 31.3213
134.6082 31.5084
138.7398 30.0785
138.4729 33.1379
138.0717 32.6887
134.4660 30.5167
136.1032 28.9227
127.9470 27.0900
134.7734 30.6590
133.9703 24.5787
132.5163 27.5835
138.7893 29.6102
134.7016 31.3479
134.3216 30.7520
131.9057 27.9696
137.8507 34.3828
138.0750 32.5744
137.2295 32.8050
134.4285 30.5434
134.0599 24.4189
138.8031 33.1258
133.6638 31.0422
136.3434 29.1590
135.8020 29.7609
130.4828 28.7973
137.1502 33.1255
137.2561 34.3519
133.8508 28.5263
134.8017 32.7818
133.6882 26.5752
132.4177 27.8067
138.1038 32.9001
138.9846 29.4261
136.2508 29.6968
133.8469 25.7852
134.5581 30.5419
133.7545 32.1096
133.1812 25.7567
131.3234 26.5508
132.9427 27.6319
140.3556 33.4909
137.5450 28.7399
132.8034 28.1405
134.1839 24.8034
132.7586 28.1488
134.2488 25.5234
134.5411 25.2113
137.7614 31.0756
133.9538 30.7801
139.9680 28.1915
133.5094 31.6522
134.2367 24.1905
138.4938 29.3831
133.9259 24.6772
131.4596 28.2815
144.6550 38.8830
133.6778 31.9699
134.1343 30.6114
134.6798 30.4999
130.0041 28.7630
133.2531 24.7381
131.8208 27.4999
132.5593 27.4633
136.3365 29.5016
140.0875 28.4808
138.2496 30.6987
138.8822 29.0771
133.9037 24.8159
133.3503 28.1168
132.8097 32.0887
127.1041 28.0804
137.8516 31.0313
133.4076 28.0831
134.0642 31.4103
133.5778 25.5148
135.4251 28.5911
133.9064 27.9221
138.5424 27.6494
130.9736 26.7266
133.2352 27.9617
130.5894 29.0060
132.7109 28.2096
132.1075 27.7065
135.5616 30.7321
138.3295 30.6631
139.3607 28.3992
133.5205 26.9122
135.9203 28.2039
132.8280 27.1887
132.2070 28.3450
140.1543 28.4901
128.0091 27.7779
133.1747 32.5632
131.0726 26.9595
138.7349 28.8851
127.8195 25.5596
136.4787 29.8325
135.3344 26.1486
127.2469 27.6315
129.2441 25.3262
137.9606 30.9046
133.6590 24.8447
131.4004 26.9571
134.1694 24.9960
131.6874 28.5116
139.7009 28.7028
131.3756 26.9131
132.0016 26.9460
131.4575 28.1417
134.7404 31.0666
132.6810 25.7722
134.8232 32.7913
137.1809 28.7131
134.4053 27.0168
131.6917 26.0403
130.1838 28.0515
124.8267 23.9988
139.1854 28.3757
134.9368 22.3847
128.4285 25.8387
130.3154 25.9274
134.6166 32.7750
132.3586 29.3218
135.9706 30.5366
131.2143 26.6243
133.5095 26.6443
136.4567 29.4792
139.9506 27.5118
133.9306 31.6634
132.9515 28.2772
138.5498 30.4874
137.2672 30.3203
140.2225 27.8578
132.8521 24.9175
139.6042 34.1666
138.7318 29.3549
136.4479 33.7691
139.4202 34.1242
136.9470 34.1436
135.6235 29.6715
136.7154 29.5964
133.2476 27.2372
132.9715 31.2645
134.6651 30.6011
138.8088 27.6736
140.3419 27.8768
136.6370 29.2956
131.3865 28.7331
131.4900 27.9393
136.7241 27.9722
134.9964 25.1881
134.3268 24.7221
137.0176 33.1807
138.6993 28.0739
127.3923 26.9205
139.9385 27.3616
136.2361 31.7142
129.8833 25.5092
133.7682 27.6979
133.4648 24.4594
134.9971 31.1173
132.7296 28.1541
139.8915 28.3336
134.2526 29.8337
134.3209 32.3583
133.6231 28.1056
133.1034 24.6029
137.7341 31.0660
139.6110 32.9150
143.3087 35.4016
131.9213 27.8446
132.0216 29.9552
134.2545 30.5947
130.6629 28.0564
132.8244 26.6516
136.8876 33.0522
132.2980 31.4052
130.5297 28.8752
134.2911 32.8967
137.4767 32.6204
136.2171 33.5791
134.1859 33.0341
132.5303 28.4553
132.8154 30.0489
137.4858 30.0765
133.1647 27.1729
131.6816 26.4391
137.6907 29.6178
145.1082 36.2382
137.2343 28.4601
134.5237 28.6828
135.9839 29.5914
134.3423 33.1030
134.6327 30.3053
131.3907 27.3615
140.4412 28.3829
134.6026 28.5424
135.5300 30.0889
138.7041 34.3439
132.2408 28.0397
139.1103 29.1990
136.0695 30.1861
133.5970 31.6389
137.9306 30.7231
133.5311 24.4299
140.1927 28.5806
130.4094 29.2011
135.4839 29.4902
134.7886 30.7715
134.4154 28.7734
133.9890 24.5246
132.3027 31.4083
127.9120 25.3055
136.5885 30.9668
133.8997 25.2550
133.4858 27.1731
139.8647 28.6975
134.2427 33.0539
134.0967 30.4262
136.3652 29.8658
136.6642 30.5700
132.8636 27.2276
136.3747 29.2267
139.1289 27.9039
133.5032 26.7909
139.7179 28.1379
134.1371 24.1261
132.9161 30.8534
136.5641 32.8879
132.2746 28.3882
133.1100 27.5989
135.4305 31.2946
139.8273 28.2258
135.8300 32.0563
133.8221 29.8971
127.5351 25.0434
134.2700 31.8363
133.7886 29.1447
132.7484 27.3134
134.2944 24.0967
135.3303 32.7640
136.9977 29.9832
130.4126 28.7798
134.8501 30.7440
134.7009 29.6983
134.1250 26.0296
133.5672 26.7138
134.6091 22.3884
135.6198 32.3070
139.7551 28.3716
133.9708 24.3880
137.3508 28.9505
138.9604 28.3357
139.7766 30.5966
133.6884 27.6963
126.7042 25.5772
134.5808 32.7133
137.5535 30.7064
124.7983 28.1804
126.8078 26.9265
125.6745 23.6159
137.7848 30.4667
126.6119 25.4964
131.7884 27.0282
139.9346 28.5684
128.3062 28.1080
138.7008 29.4506
133.6015 24.9410
137.9520 29.3172
132.2608 27.8955
136.1675 30.3203
132.8100 28.3082
127.1459 28.1653
127.3808 27.4463
132.4062 27.4940
135.6447 29.6021
134.6427 30.2272
135.0508 28.3499
134.7743 29.7193
139.6845 28.7957
133.9767 30.5228
139.5011 28.3311
133.1551 28.3308
132.9651 25.7542
140.1785 28.2695
139.5701 28.1055
139.6981 28.4350
133.2392 28.0638
138.2179 30.7737
134.1405 30.1154
134.2067 28.7169
132.6891 31.2294
139.8744 28.7264
133.6383 24.3671
130.4597 27.2611
135.4400 31.6285
126.9282 27.8996
134.0466 24.6286
134.6064 27.0647
134.8365 28.5071
136.6210 30.7474
138.5192 33.7922
131.8903 25.9871
139.5194 34.3854
134.4028 32.0717
126.5161 24.6301
133.8002 25.0652
136.0142 28.8782
136.9353 30.9458
131.3175 29.0226
133.0662 25.6379
136.8989 30.8391
132.3343 26.8190
130.5468 28.5492
138.4623 29.8168
127.8242 25.6491
134.6101 24.3445
128.6055 25.1115
137.2395 30.9699
140.4300 27.9454
131.7863 27.5531
134.4909 33.1101
132.2831 27.9510
133.9443 25.5215
135.0492 28.5088
130.6286 29.3089
137.1457 29.0281
139.9397 28.4275
132.1648 27.8005
137.0344 31.0559
134.7148 24.2333
134.5733 30.1137
128.7885 26.1800
136.2185 30.3169
132.8096 31.6058
136.9018 29.1696
134.4726 24.3514
139.3826 28.7885
136.5513 32.9605
132.4598 25.3179
140.2196 27.9268
130.2243 27.9073
135.0274 28.6835
126.9660 28.1489
133.8060 28.6150
133.8960 31.9949
134.7052 32.7486
139.2179 28.7144
139.1550 27.6296
133.0397 32.0290
135.2911 23.9737
133.5796 23.8905
127.6020 25.0173
132.2529 27.5902
137.0654 30.0867
136.0968 28.0681
132.5538 29.2520
125.8666 24.2225
134.3563 24.3339
132.7423 27.9011
136.5011 30.8881
133.3565 23.5638
127.8572 24.2137
137.5881 29.9865
132.8519 28.9811
138.8616 28.0803
135.8546 30.2459
138.8692 33.9912
132.6696 24.9019
137.4399 30.6387
131.6572 27.5284
137.4812 34.1481
139.7245 28.2623
132.0765 28.6864
128.0007 25.1014
133.7622 24.9962
132.8277 28.1205
136.4358 33.4637
127.2516 26.2915
132.0075 31.7384
134.4417 25.2517
135.0983 27.7330
136.7374 29.6210
133.3315 31.7101
135.2145 25.8894
134.4651 28.0849
132.6570 29.4700
127.5101 23.9874
134.0218 28.0805
139.4173 28.9287
132.8555 27.7892
130.2940 27.9185
137.2387 28.5508
139.6187 28.8159
132.7047 27.6912
139.3883 28.3701
140.3023 27.9829
134.3475 32.9815
138.9083 29.0738
133.9019 31.8362
132.3177 29.2606
133.4876 31.7179
138.1953 28.3470
139.4061 28.4918
135.2836 30.9533
135.1259 30.1346
133.8064 28.1947
133.9469 26.9374
132.4467 24.9804
134.8864 24.2406
133.4716 27.8495
137.2862 33.5765
137.1910 31.1108
134.4273 23.7755
132.9597 26.5987
134.3693 31.2361
133.2164 30.9970
136.0267 28.9095
137.3795 30.3726
130.8971 28.3233
134.0179 24.2905
134.9275 28.7660
134.3898 31.9861
137.4438 31.0488
138.5311 29.6099
132.7326 31.9889
137.9861 27.1278
132.4384 31.8144
133.4263 24.8390
136.3281 33.0330
130.8069 27.9539
133.6177 28.3211
138.5901 28.6167
133.4342 32.8572
136.5227 31.3711
140.3999 28.0183
140.2197 28.4930
130.2081 28.9636
134.0546 24.1402
133.3089 31.1160
136.4676 28.5272
133.9531 25.5212
136.1470 30.3390
132.9594 29.3312
136.1362 29.9008
137.4121 30.7707
134.8476 28.7114
139.0979 27.9995
136.6461 30.6254
138.6227 29.8259
139.3772 27.8477
133.0552 32.7341
135.6494 29.5888
135.5056 28.1271
133.7061 28.7356
133.5525 28.7214
135.5246 28.2616
137.4028 30.7897
133.7252 27.0491
139.0854 27.9884
132.9448 28.6283
133.8187 25.5051
136.8719 30.7116
125.6141 23.5216
138.5693 30.1379
139.8354 28.3585
135.6874 27.7995
133.8765 28.0005
138.4833 30.3785
133.0275 28.7190
138.5006 30.5609
138.7188 29.3267
132.1897 27.1821
139.7923 28.1446
125.6708 23.1792
140.4574 28.2348
134.2486 25.1588
138.8259 34.2509
137.1511 29.7888
138.5595 34.0655
140.4588 27.8274
135.6818 29.1791
133.7105 25.6678
136.0385 30.0792
137.5743 32.6602
138.1686 27.1998
140.4418 28.2871
133.9644 31.7127
134.1391 31.7622
138.5237 30.0523
135.3952 28.6246
133.8101 30.7119
133.5799 25.9769
140.0992 28.3850
140.5003 27.8286
134.4826 25.0501
137.1278 30.9344
136.0487 30.0040
131.9042 27.5499
130.5130 27.8426
134.9575 29.0921
132.5955 31.3639
132.0745 31.0149
136.3538 33.4382
136.9428 30.8572
139.8370 28.2064
134.2454 30.3435
133.6799 28.6203
134.1388 25.1313
138.2391 30.7991
133.9046 30.1539
137.7447 31.0252
138.6498 29.6371
136.7645 29.3387
133.0141 31.2399
136.7448 30.6042
133.7260 25.4757
137.9972 29.2450
138.6827 29.3002
136.0768 30.1585
138.8059 28.8698
135.6822 29.1638
139.3319 34.1975
136.6818 29.1960
134.9649 31.4020
137.2906 31.0756
132.5007 27.3877
134.6654 29.4450
130.5650 29.0804
136.0046 30.4842
130.3683 28.7449
133.4759 28.3564
134.1674 31.8010
125.7794 24.4161
134.7061 29.2191
136.4110 29.1025
136.3967 30.8302
136.4388 29.3499
134.3636 25.4251
140.4244 28.0348
132.0107 28.5002
136.1562 29.8743
134.0918 31.5206
137.5961 31.0476
123.3264 27.9226
133.7100 21.9891
134.4868 24.3126
134.4491 25.7427
133.7533 30.2395
132.3141 28.0638
139.7817 28.2706
129.4686 26.6982
134.0046 25.3111
141.7745 35.8357
136.8095 32.9154
134.1343 25.3391
135.8074 25.0810
139.5930 28.1321
132.7025 32.1196
132.7167 29.0556
131.8322 27.7210
134.7832 23.8410
134.3514 32.9475
133.6462 24.4413
126.4206 28.5517
133.6461 32.3390
131.1213 26.5965
131.6884 27.0019
128.6280 29.5181
132.8857 20.1445
132.3873 28.5987
137.7902 34.1959
138.0828 28.9946
133.4015 23.9931
138.1112 30.8661
127.1885 25.3992
136.8021 32.7768
131.3350 26.1048
133.3683 24.3631
134.0861 21.9101
134.1137 32.6255
134.2391 24.4274
126.2583 22.9812
135.5323 28.0399
127.7420 25.3494
135.9972 29.5439
133.4804 24.2231
133.5528 27.6655
129.0128 24.8187
132.7455 24.7831
133.9965 28.3750
126.4365 24.4488
134.7605 29.1218
134.3537 25.9992
127.6041 25.0031
133.7138 24.0597
138.9814 28.7578
138.5004 30.6288
131.9377 28.7504
135.9642 29.2280
137.0795 29.2863
129.7695 25.9948
133.5625 31.8973
131.6634 26.7323
130.1462 28.4761
133.9726 28.6046
130.1866 28.1917
126.6693 27.9659
136.3178 27.1652
132.7383 25.6567
129.2836 25.9652
125.4388 25.3137
125.2934 20.2026
136.8521 30.3328
145.1277 37.2353
136.7767 29.8383
136.9845 28.8108
136.2463 28.6485
136.0647 29.7681
141.3141 34.8419
137.8080 34.4175
138.8804 29.1577
136.0570 33.4728
135.9778 30.6373
139.7621 28.7758
139.7910 28.6746
137.1419 33.0100
136.6650 29.2295
136.8058 33.2810
136.2828 33.1030
136.6997 32.8728
140.1280 28.2918
136.8312 32.7017
138.6413 28.5422
138.9061 29.0821
136.5726 31.0978
136.8348 33.2825
138.4193 30.9675
136.3592 33.1756
140.3800 34.7990
136.8913 33.2522
136.1758 33.2996
137.4335 29.2820
136.1950 33.7580
136.3613 29.5373
136.8485 29.6786
138.7387 28.1956
145.9415 37.5457
136.3962 33.0950
136.3173 30.9678
143.0114 35.5327
136.2985 33.1293
136.6954 32.7781
138.5149 34.3462
135.7600 30.5715
137.5554 34.4220
137.2132 31.3510
136.3254 30.5188
137.1363 32.6516
145.8578 37.3616
137.1546 29.4213
138.5255 31.0504
138.9342 32.7376
138.6804 27.9593
136.4112 33.0069
141.2392 35.3302
137.1480 32.6403
136.8926 33.1539
145.1885 37.1125
137.0604 30.8679
136.3473 33.1293
136.2796 28.7220
137.5793 34.4166
139.7941 28.2528
139.2818 28.6274
138.0680 34.3333
138.6273 28.7180
136.7789 29.0906
136.5313 31.0748
136.5178 32.9189
136.0192 30.5352
145.4609 38.4732
136.6764 29.8862
141.5259 33.6868
136.5763 29.2328
136.3367 30.6147
136.1826 33.2675
137.6909 30.9978
145.1738 38.7623
144.8781 36.0010
137.4725 34.3954
141.1173 34.0896
136.8847 32.6747
139.3535 27.8488
136.9697 30.7242
140.0582 28.5593
137.1410 28.9750
138.0301 34.3637
145.3088 38.7821
136.9367 32.6346
136.4848 30.0149
138.5636 29.6769
136.6078 29.1847
136.8895 29.2553
137.1526 30.3739
145.4705 38.3841
133.3886 26.9900
139.5911 28.0680
143.0299 35.7874
137.4582 30.3060
145.3114 38.5080
138.2932 31.1962
137.1244 33.0955
141.2325 34.4143
136.7589 33.3753
136.4461 33.0126
137.8780 34.4137
139.9175 34.3198
137.0225 30.3528
137.1192 30.9050
136.3462 30.9421
137.1189 30.9433
135.8102 29.4198
139.3400 28.4131
137.8225 34.4227
145.5540 38.2882
136.4388 33.3004
139.6093 28.0659
136.2038 33.2778
136.4336 33.2386
136.5772 30.2945
136.3732 33.3526
140.2267 33.6492
137.8956 34.3895
139.8362 28.5824
138.7865 29.9332
136.0376 30.7292
137.0577 32.6267
138.8619 33.1297
138.4492 29.8757
137.2192 34.3282
135.9734 30.6206
136.8043 33.4383
138.7725 34.4101
136.1481 30.1538
142.7314 36.6752
136.7829 32.7163
145.8261 37.5826
138.8892 28.0648
135.7343 29.7790
138.6007 32.4624
139.2744 28.3960
135.9938 30.5655
138.8247 33.0288
137.3917 29.8927
137.2646 29.5843
141.0844 33.8009
135.9766 29.5175
137.0868 29.7218
139.3144 28.5310
139.5316 34.4304
136.3826 29.6726
136.1090 33.4471
136.0522 30.5091
137.9656 30.4803
137.4708 29.3996
135.6515 30.3014
139.8023 28.5929
136.7749 31.2919
136.0500 30.6107
137.4983 29.1618
144.8675 34.8936
137.0293 32.8870
136.8838 29.6366
137.0805 33.0124
138.6112 30.6577
136.3002 33.1427
139.8260 34.1251
136.7771 29.1088
136.8627 33.2849
140.5855 33.3609
144.9130 37.1749
136.7714 29.0739
135.9082 30.5652
136.8764 32.6435
139.0493 28.8985
136.0680 29.8042
144.5745 37.3495
136.9491 33.1357
137.0309 28.8214
138.6763 30.0299
136.1780 33.3039
136.8641 30.5270
137.2578 28.7845
137.0012 31.3322
138.0195 31.2697
139.3271 28.7093
136.5713 33.1420
137.1182 33.1297
135.7112 29.5833
137.4051 30.4266
136.9863 32.6477
137.2411 29.4866
136.2975 30.4070
138.6774 30.1418
138.7813 28.5349
136.7543 33.4911
138.1266 34.3458
139.7784 28.7633
137.7441 30.5638
137.0966 29.7305
136.0623 29.5357
145.8872 37.5610
137.2663 28.9311
136.0381 29.5583
138.9705 28.4329
140.7418 33.5132
140.1279 28.4699
137.9091 34.3849
139.8852 28.2729
137.1304 32.6277
136.3225 33.1010
138.0627 34.3447
137.4575 31.4390
137.8582 34.3692
137.4480 34.4402
136.9400 32.6456
135.6132 29.9476
136.8000 28.5293
142.6432 36.4552
136.8430 29.7938
137.1117 29.9723
136.2086 28.6725
136.0778 29.9182
137.5024 29.9046
137.1485 28.9838
140.5510 33.4077
143.3886 37.2979
135.8540 30.6794
139.4192 27.8488
138.6535 29.1897
136.7373 33.3961
136.5339 32.8914
136.8631 33.2767
136.7235 29.8622
136.8387 30.5457
137.7043 34.4218
137.9566 34.3826
136.6281 29.1786
137.8204 31.0770
138.4842 29.6564
136.7012 29.8458
139.2475 28.5697
143.1390 35.7778
143.5231 37.5947
136.7540 29.8243
139.4770 28.0041
136.8783 33.2984
140.0767 32.9420
138.6575 30.3619
136.8751 29.6737
136.1398 29.9166
138.8170 29.3765
138.5178 30.2273
138.6627 30.2430
138.3299 34.2984
136.2440 30.8769
137.6777 31.0289
136.5798 32.9953
138.0291 34.3506
152.7243 34.9153
146.7908 35.4089
136.1652 33.2934
136.9338 32.6334
138.2476 31.1447
140.4302 33.8062
136.1934 28.9971
136.8085 29.6264
136.6334 33.2637
136.8992 33.2801
144.8127 34.8906
137.9450 34.4030
136.6962 28.8057
138.7599 28.1207
138.6881 30.2210
135.9921 30.5535
139.5031 27.9862
139.9495 28.4505
138.6615 28.2412
136.3920 33.1663
141.3706 34.6966
143.3643 37.0320
136.5156 33.0318
138.5649 29.5496
136.9162 32.7672
135.3715 30.6703
138.8764 32.6814
139.4659 28.0030
135.9293 30.7366
136.9705 30.8417
136.6516 33.2896
139.3135 28.3915
140.4418 33.9085
138.7876 29.4674
136.5857 28.4690
137.2945 29.6529
138.8455 28.0632
137.1423 33.2229
139.6261 28.0806
135.6374 30.2518
136.8805 33.3116
137.6307 34.5260
146.0509 37.5775
136.5782 29.6879
136.6466 33.4554
138.7220 27.9259
136.4873 32.9831
137.4601 29.3305
136.6635 32.8089
138.6624 29.1464
136.2488 33.2045
137.0528 32.6353
138.2681 31.1464
137.8833 34.4193
138.6122 30.6629
136.6543 32.7337
139.1278 28.7430
136.4402 32.9619
139.2000 28.7184
