132.7779 27.8044
134.3976 28.9929
134.2267 26.6221
138.5775 32.9645
131.8884 29.8716
132.8681 30.4239
134.5996 29.4067
136.0134 30.3919
127.1777 27.0047
136.8210 29.2688
136.1570 33.6740
138.8326 30.3178
131.4549 26.3261
137.2285 29.5969
133.4397 28.6114
137.3878 29.8829
131.8427 31.8067
131.1948 30.6033
138.3754 30.0448
131.7097 29.8890
133.8595 30.7256
135.5299 29.5299
136.4756 29.9378
138.6868 30.2794
135.4262 28.8575
132.4813 32.2731
135.5809 33.0536
136.0584 32.4800
134.9153 28.6520
138.4425 29.7447
138.5822 30.9623
135.7600 29.1011
139.1498 30.3267
136.1807 30.8589
131.1964 26.3406
138.4453 30.7869
138.5888 29.6866
133.3339 28.3835
138.5687 30.7933
137.4902 31.1392
134.4332 30.5371
134.9542 29.7164
133.1916 28.3281
138.5468 29.6365
134.5939 29.1808
136.5366 32.7274
138.4081 30.8522
137.2275 29.4912
134.9498 27.9472
135.8714 32.9044
131.8538 29.8444
131.3245 30.8077
137.6177 29.6583
130.2622 25.7603
138.0387 29.9037
132.1115 26.5088
135.9504 32.5736
136.3577 30.6195
133.8192 26.2036
136.2910 33.2508
133.0136 30.2059
131.4429 29.4600
133.9602 30.2639
132.0161 26.0322
138.7216 30.8243
135.9910 29.2809
136.6004 30.1603
131.8374 31.6821
135.9288 32.7849
135.7797 29.2467
131.5381 31.1528
134.4629 27.3228
135.7491 29.1600
132.6642 27.4553
134.6293 27.7844
138.8119 29.9178
134.5904 29.7958
133.8445 28.4267
137.5826 31.1615
131.4032 31.0755
130.5280 26.7077
134.9895 26.0654
133.9310 30.8243
134.3710 28.4940
138.7337 30.8265
134.4193 28.3398
134.4933 28.7961
132.5470 30.0865
136.6774 29.4239
131.8756 29.7596
127.5433 27.3727
135.3255 28.7263
136.0489 30.5998
128.6945 28.7440
137.7885 29.6599
134.2744 28.6836
139.1503 30.6016
134.6258 29.9789
135.5349 28.9775
134.8328 25.8527
134.4032 29.3629
138.8189 30.4557
132.9733 30.5005
137.8888 31.1897
134.1270 27.9136
135.1525 31.8905
131.5376 26.3628
134.5214 26.1095
135.9814 30.4195
133.1978 31.6454
131.5221 30.9865
134.7695 28.7543
137.5889 30.9979
139.8630 34.7036
134.1342 30.2409
139.6824 34.1011
136.4150 32.8183
135.2557 28.6131
134.7877 28.3326
131.4331 31.0012
131.8388 31.8982
136.0506 30.4161
136.2441 33.0430
138.7887 30.4786
135.1305 28.2242
132.4645 27.3605
139.0318 30.4505
132.9779 30.8196
131.4967 30.9101
131.3093 30.8845
137.1985 29.6258
136.3539 32.7266
134.7920 29.5711
134.8855 28.3231
133.6831 30.7912
136.5419 30.3617
134.5030 29.9850
136.8799 31.0564
133.9872 29.5593
134.7704 28.1325
134.1556 29.7444
131.3902 30.2717
134.8425 30.6264
135.7196 29.2279
133.8346 30.5961
132.0695 31.5059
139.0473 29.9435
139.1748 29.1495
134.3208 25.7664
134.3332 28.4605
136.2996 33.1131
136.5343 29.2968
133.1770 30.5816
132.9152 30.6807
131.2428 30.9148
137.5146 29.7621
131.3123 31.1613
137.2481 30.7135
131.6937 31.7397
132.1556 31.1968
132.9471 30.4957
130.6361 26.7250
130.9861 30.2439
137.0091 29.4777
134.2012 27.2887
131.4557 31.2271
137.7810 31.1553
137.0512 30.4081
141.3410 34.5120
133.7479 30.0559
131.7554 31.6016
131.7831 31.7549
139.0316 30.5652
137.4048 31.1444
131.0440 26.5573
135.6763 33.3047
132.8767 32.3879
137.3457 31.1237
133.8703 31.8153
131.7265 31.6730
130.4310 28.0247
136.0136 32.6108
134.6497 29.8609
134.2648 30.5061
134.1786 29.9571
135.3785 28.8765
138.7000 29.0077
135.4323 32.9914
132.2825 32.3246
133.7526 28.9905
138.1683 30.8832
131.5943 31.1457
132.3617 28.8678
136.8392 31.1062
134.4846 28.8496
139.1188 30.1666
136.4124 32.2972
139.2516 29.1561
138.6074 29.8381
133.9948 30.6631
136.6069 32.7389
131.3376 29.3160
132.8655 30.8034
137.0506 31.1794
136.6251 30.9235
133.1435 30.3693
138.6816 29.7059
139.0306 30.3473
134.0197 29.5859
133.5625 28.8729
137.1158 31.2359
134.9027 30.3163
134.6896 28.6158
130.4145 25.3341
136.0305 30.6567
136.3728 30.1598
131.8308 31.3641
135.9690 32.7076
138.1724 29.8684
136.7246 29.2832
132.5304 30.4333
135.6142 32.8973
138.8359 30.3634
134.3409 28.9979
135.3119 28.6263
128.8904 24.3889
138.2361 30.9263
134.0118 30.3095
138.8856 29.7519
133.6244 29.2567
135.9691 32.6261
134.2206 28.8804
129.5197 24.8766
136.3036 30.5079
136.8324 29.5006
134.9002 28.9782
133.3447 28.5246
138.5868 29.5647
137.3459 31.1475
131.3033 30.8701
132.4199 29.8438
137.5312 30.9837
127.2929 27.7717
140.6459 34.2756
138.6033 29.8205
136.4507 32.4325
134.2603 26.4279
132.8855 30.4275
130.0086 25.2820
132.3810 32.2432
132.7483 30.1910
134.8913 28.5915
134.9977 28.9590
130.8566 30.0628
134.7114 29.0742
134.1483 27.8476
136.9440 29.3888
138.6757 30.8911
132.4404 30.3487
131.7113 30.0190
134.3380 30.1953
136.2128 30.8156
136.4010 31.0404
136.1036 30.7266
135.7278 32.7238
135.8958 32.8349
137.6288 31.2354
134.1333 30.5736
134.4122 29.0488
135.7045 29.5720
131.7170 31.5336
134.4879 29.0195
131.2975 30.7207
132.9944 27.9424
136.5331 31.1287
138.8728 29.1090
135.2721 29.3461
134.5766 27.7841
132.6174 29.9644
139.2593 30.1684
131.9820 26.6073
136.3180 29.3149
134.8558 26.0025
134.7035 29.1792
134.3260 27.4526
130.2988 25.6030
134.5586 30.9534
136.6869 29.3666
138.9272 29.8276
138.9331 32.1883
138.6912 30.0935
138.9623 29.3270
134.5668 28.6115
138.9307 30.7929
132.3165 26.4695
136.2903 30.3447
130.5592 25.4965
133.6281 29.5840
132.8984 30.5282
131.4493 31.2651
137.9062 29.7309
132.6399 31.0264
136.0242 32.7391
136.1303 30.0800
132.5049 29.9742
135.1137 29.2911
132.0579 26.8242
138.9166 29.7473
136.5711 30.5592
129.9670 25.7724
138.5117 30.9041
135.6060 32.7891
132.8548 30.1236
135.9422 30.2833
134.6420 26.0446
130.3976 25.2635
133.5528 30.3307
133.9410 29.0642
128.4164 26.1085
135.9361 30.5964
131.2593 30.6647
135.3195 32.6459
138.6398 30.0387
137.9737 31.2173
138.8220 30.6254
131.7653 30.5981
137.4754 31.0891
134.2793 28.8824
139.1191 30.1737
136.2330 30.1766
136.0049 30.3917
134.6413 29.2864
132.5244 30.7844
133.3761 31.3551
136.6692 29.3588
133.7906 30.3447
134.2458 29.2468
135.8381 32.9367
132.7417 27.3038
132.8895 31.0156
136.5577 30.3000
134.0775 30.5273
134.4065 26.9531
134.1386 27.2228
135.8940 32.5723
134.5661 26.3134
132.8291 27.7572
137.6770 34.2578
136.0369 30.3705
138.4491 30.7593
135.1031 28.2775
135.4234 33.0041
136.0804 30.7317
138.6170 31.0632
136.6278 31.1335
134.2606 30.1790
137.6794 30.8502
138.8449 30.3231
136.7771 29.3282
132.4336 32.1980
135.7961 32.7780
126.6546 26.7291
132.4431 29.4688
131.5213 30.7515
138.6872 29.4263
131.8004 31.5409
136.3131 30.4331
131.4613 31.2768
131.1976 30.1504
135.7240 32.7776
135.9870 30.4621
138.7546 29.6992
136.0681 30.7914
138.4234 30.8094
135.7852 29.0955
133.7596 31.7320
128.9019 26.1319
137.0544 33.0008
135.8923 32.4800
131.5353 31.4402
138.5009 30.8277
139.0933 30.3990
135.5827 33.0473
133.2462 28.2062
135.1962 29.1264
132.6868 27.2201
132.8405 27.2390
135.3844 28.7596
131.4947 26.9922
134.4773 27.9275
136.4240 30.1229
135.7061 32.3211
132.3004 26.9682
138.2309 31.1200
134.7830 25.7202
134.5447 26.9307
132.2731 32.0650
132.0199 27.2082
130.2846 26.2695
138.3553 30.8770
138.7068 30.1153
139.1270 29.9928
134.0681 29.6012
133.4992 28.4727
136.1178 30.4952
132.2451 29.8289
135.9093 32.7979
136.8202 31.1755
132.7761 32.1181
136.5047 30.4067
134.2749 28.4461
133.8145 30.9355
136.6587 33.2008
132.4316 30.1446
134.1293 29.5950
135.8031 31.8911
134.7818 28.3148
138.7487 29.9470
132.4456 30.7828
138.4371 29.4647
138.7122 30.8600
132.1877 28.6842
132.2945 30.0659
136.1451 32.7102
133.2473 30.6559
135.4317 32.9572
134.4667 32.0637
137.1428 31.3089
133.3980 28.7142
132.4318 29.9568
131.1198 26.4128
139.5714 29.9719
133.5171 28.5982
138.2099 29.5655
137.2851 29.5759
138.8730 30.8184
136.6703 31.1752
132.0391 32.1327
130.8956 30.7729
131.5186 31.0414
136.6124 29.3493
138.4761 30.7697
138.3885 30.3912
132.7646 26.4976
134.0224 30.7284
130.1626 27.5370
138.3083 29.9615
133.7582 30.7839
134.3865 28.3964
132.9775 30.3865
138.9457 30.1478
132.8338 28.0488
134.2719 28.2158
136.2425 30.8245
135.2583 28.4314
129.7750 26.5340
136.2480 32.7244
128.4516 29.8479
135.6157 29.4474
133.1417 27.8365
140.0529 34.6910
133.9585 25.8321
138.9908 30.1758
135.4343 28.9246
134.3701 26.6898
132.1783 27.0585
134.2587 27.7547
139.3507 32.8194
131.9935 29.7488
134.9133 28.6514
134.2681 27.4672
132.5251 31.1485
134.9284 28.5473
131.1455 26.2765
139.1092 30.1387
135.2684 32.0652
135.7910 32.8908
137.9687 32.2935
132.7699 27.3382
136.9393 31.1917
127.1966 27.3647
132.5241 30.2036
136.5035 30.1422
138.8293 30.7237
134.3080 29.1753
138.4964 30.8056
134.9635 28.5043
136.0423 30.6745
138.6430 30.9866
138.0416 31.1804
137.9637 29.7229
134.4164 26.9937
132.1149 31.9581
134.1482 29.9250
138.7942 30.5889
133.1950 27.5707
134.3727 28.7023
135.9056 29.2119
134.4735 28.7157
136.0614 30.4385
131.1977 25.3748
136.7718 31.1177
129.0773 29.8513
135.3653 28.6010
136.7754 29.4290
132.4865 30.0335
132.8292 30.4707
138.5016 29.2845
134.1793 30.4948
138.6652 30.2960
139.2435 30.3516
136.4289 30.2068
128.3432 29.3973
138.3217 31.0093
136.3228 30.0748
136.3827 30.5691
137.0020 31.0408
134.0575 30.4811
136.5033 30.4390
138.4750 29.5704
138.8691 30.7648
132.8374 30.3179
134.7566 28.0127
131.4747 30.9404
130.3159 25.9852
137.2534 31.2139
132.0333 29.9209
134.2089 28.5674
139.1766 30.6066
138.9239 29.1926
138.8147 30.9152
136.8977 32.3578
134.2626 28.6849
134.8839 28.7255
134.2686 28.7474
138.1515 29.4988
133.2705 28.2290
135.9901 30.5394
138.8213 30.8319
135.9824 30.1763
131.4918 31.0622
132.3648 32.2661
134.5192 28.6009
134.7238 28.4123
134.1825 30.3289
137.1712 31.3091
135.2009 29.6373
136.1933 31.0105
131.2833 30.9991
137.9217 31.1883
131.9533 31.7136
129.9824 26.1129
134.2264 26.7997
131.2390 30.8793
131.8033 31.4813
133.7430 30.5110
133.9775 30.5640
138.3592 30.9056
131.3454 30.1099
131.8591 28.8079
139.0322 30.2088
131.9641 31.6775
131.5260 30.8210
132.8486 30.6332
136.1922 30.0602
136.2438 30.1042
134.7142 29.9356
131.9651 29.8908
127.4234 26.8063
138.9033 30.7898
132.4479 30.0589
135.0407 25.9321
139.3011 29.9706
138.2806 30.9303
137.7645 31.1784
132.2005 31.9833
131.9429 26.6775
139.2427 30.4858
137.5979 29.6901
136.1853 30.8794
138.7440 30.5226
132.6361 27.3265
131.8157 31.6013
130.1862 25.6164
135.2132 30.9126
137.0274 30.1799
137.3478 34.4834
136.8114 30.6782
139.6257 30.0783
136.5433 33.8585
136.0802 30.1431
139.4783 30.2008
135.8207 29.3720
136.8696 33.3977
138.8349 30.3734
132.7522 30.5190
136.3852 33.4663
139.0880 29.0169
136.8022 33.2957
138.4285 32.9700
137.0642 30.5420
138.7251 30.6073
138.6586 34.0874
135.7936 32.7483
139.3171 30.6414
139.2621 29.9974
137.6713 29.8092
134.6119 30.6715
138.7635 30.5812
135.8591 33.3060
132.5465 30.6870
136.1371 33.5488
136.5647 33.9463
135.7760 33.3176
128.6727 29.5085
138.5447 30.0137
128.2340 27.7273
135.8941 30.6598
137.0262 32.9749
139.2279 29.6350
136.0871 29.2008
138.7337 30.4389
138.3837 30.7013
136.6602 32.9986
136.9040 30.7208
139.1864 30.4848
136.3493 29.7815
135.1434 29.9871
136.0762 33.5100
138.9406 30.3229
136.5622 30.0531
128.7751 28.8903
138.9106 30.5923
140.7966 34.7479
138.0727 30.8641
128.3981 28.7300
138.8803 30.0848
135.7381 29.2509
135.2933 30.2438
138.3815 29.8549
132.1068 30.2141
138.9126 29.5426
137.4703 29.6356
136.2929 30.8385
136.1443 32.7614
128.2100 28.6964
136.9852 30.8445
135.2937 29.5640
137.1797 30.4373
135.0723 27.7413
138.2008 32.9484
135.6405 33.2107
132.5177 30.0956
136.2914 29.0289
137.6321 34.4702
137.3997 30.9813
128.5467 30.5217
136.7431 29.1030
136.2049 32.3919
138.5234 29.5041
142.4987 36.4978
138.4400 29.7581
140.8945 32.9016
136.5838 30.9986
141.1058 35.5729
138.8040 30.0218
139.2243 29.8652
138.6550 29.8475
139.5365 30.4114
138.8771 29.5573
135.8457 29.2542
139.5971 29.8796
135.0768 30.2939
136.7046 34.0771
138.7128 29.5458
139.0824 29.0938
135.2981 29.5079
136.5735 33.1462
141.0657 34.1840
135.4696 28.5251
136.7650 30.6379
139.2180 30.6568
136.2947 32.2956
135.1026 29.6913
139.0313 32.2193
137.3448 31.0609
137.0956 30.2385
139.3256 29.4585
136.5601 33.4359
137.1788 29.5114
135.5586 29.4525
136.5854 33.7112
137.8913 29.8519
135.7931 29.3669
135.5913 29.4874
131.8215 31.3368
137.9485 34.3314
135.9063 33.2813
136.1096 33.4863
135.3784 29.3932
138.8492 32.7110
137.9003 29.8603
137.0750 31.2210
138.9849 34.2715
136.0112 33.5036
135.8233 33.3464
137.6500 29.9708
136.9488 32.8272
135.1434 29.8772
132.9085 30.6830
135.5189 33.1347
136.4329 30.1848
135.6315 33.2288
141.5644 33.9483
139.0678 30.3549
138.8300 34.1002
140.3978 35.0980
136.1920 29.2410
128.4758 28.5536
136.0791 32.4260
136.5087 33.5439
140.9649 34.6710
136.1560 29.9483
136.0158 29.2496
139.0390 30.4014
136.3281 32.2897
136.6277 34.1320
137.7390 29.7744
136.0482 33.5329
136.3953 33.7290
137.1640 30.3555
136.6779 30.2324
136.4030 32.4179
139.3917 30.5571
136.6250 33.6804
135.3176 30.9203
137.7794 29.7843
137.7083 31.1848
136.6172 29.3187
132.0411 29.9038
135.8857 33.2375
136.6981 32.5168
139.1342 30.5049
135.9472 33.4622
135.8781 33.3102
133.5811 28.7362
138.8515 29.9646
131.9410 31.3666
135.2174 29.4150
141.3220 33.8336
137.0954 30.5360
137.6224 29.9553
138.0525 30.9601
137.5995 34.3737
136.5417 32.4931
138.9889 29.9971
138.2787 31.1216
136.3007 32.8953
136.3273 33.6204
136.5032 33.9748
135.3546 29.7487
136.3821 33.6450
138.9427 29.5182
136.5660 33.7898
139.1394 29.7009
135.9607 30.0232
137.8997 34.3564
138.8133 30.6523
127.8576 27.5463
127.3944 27.2301
138.9483 30.5628
138.8896 30.5900
128.6373 27.7192
136.2672 33.8200
137.6204 29.6950
135.5863 33.2171
138.3536 31.0874
136.1489 33.8023
138.6759 33.7579
136.7296 31.1982
141.3167 34.4433
133.0982 31.1449
135.9119 30.3809
141.6705 34.8848
136.6502 29.9539
136.3078 33.5921
136.9656 30.0956
136.3667 32.8941
128.3873 29.8986
139.0585 30.6484
131.7137 29.9140
139.0490 29.6165
135.9033 33.3939
137.2816 34.4455
136.5414 29.8930
135.9934 33.5381
137.2977 34.4328
137.1283 34.3615
136.0968 33.4904
137.8619 29.8405
138.2263 29.4943
137.2636 31.3231
134.3159 29.1049
135.8441 32.4162
136.7348 32.9632
136.2093 32.2558
132.5275 31.8268
135.7993 33.4009
135.4425 28.9220
136.7225 30.2222
140.4961 35.2746
135.1515 27.8212
136.4987 32.9715
134.4359 26.0454
130.9988 28.4669
137.1466 29.3678
137.8852 29.4943
134.9787 28.3340
129.8289 29.9670
128.7244 27.7789
136.5764 32.6328
135.2285 25.8840
137.4349 31.0710
134.6323 29.7668
132.1649 30.4653
134.2456 29.5386
138.3018 32.2305
136.3694 30.7903
138.8062 29.6924
135.8804 32.4240
133.3038 31.9925
135.0805 29.9336
137.7211 29.8579
138.2589 30.8598
136.4898 32.7581
138.2079 31.0853
139.2969 30.1492
136.8607 30.7533
133.3988 31.1506
134.5290 28.3195
132.3672 32.5927
139.2136 30.5927
125.1118 31.2766
128.5750 26.3849
134.5447 26.3073
127.3888 27.8540
139.2798 30.1993
138.7499 29.7900
138.7683 32.6006
139.5414 30.5808
135.8775 28.7535
136.5960 33.6872
139.0350 28.6334
137.8401 33.0015
134.6380 27.6425
135.5831 33.1230
135.4385 31.3663
135.2436 29.3306
133.9085 29.8991
138.7381 29.8508
136.0171 31.8778
133.5458 31.9330
138.5569 29.7890
136.1927 32.1922
138.1913 29.1149
136.1234 30.6665
134.9258 29.0839
135.6114 32.8043
135.8247 29.1012
136.0014 33.0491
136.0831 33.7770
134.9822 31.4077
139.6574 32.8743
135.4291 28.7205
136.9284 31.2847
135.0874 28.0178
134.9247 28.6161
137.2426 29.6979
134.9810 28.2793
139.4504 30.5616
134.5078 27.8319
136.0145 30.5336
137.6559 31.2851
136.5966 30.8399
136.6492 30.1071
138.5676 31.1979
136.1832 29.1870
135.0038 29.4396
139.2828 29.0248
128.0641 28.0977
135.2227 28.6884
134.1980 28.0368
135.4914 33.1616
139.3792 30.5378
133.0993 30.6617
137.2299 31.2489
136.0590 30.1520
134.4618 27.3895
137.9880 31.1653
133.8267 30.5823
135.9654 30.4125
127.8032 27.4800
135.6951 31.9523
137.2212 32.6525
134.8829 30.1929
138.9641 30.1498
133.5447 30.0458
131.4476 26.0263
136.7132 30.9643
136.1083 32.1844
136.8630 31.1586
134.6823 26.0466
135.7073 29.3567
135.5135 29.6270
138.5085 33.6103
132.7224 30.4998
134.5111 28.7232
137.0451 31.1362
133.9967 30.3656
137.6334 34.4686
133.2430 30.9329
133.1502 30.2675
134.1976 28.6297
136.3949 32.9396
133.0808 30.3572
138.4668 34.2646
138.1139 29.9408
138.8630 30.8769
138.3138 29.7466
138.1876 31.0975
127.3359 27.2469
135.0725 28.1509
138.9224 30.3118
132.3695 26.3596
138.9072 30.6024
131.8468 26.2104
138.6027 30.9430
134.4387 29.9533
137.0849 33.3074
137.8741 30.3043
137.5157 31.0331
136.3825 30.3495
136.8581 31.1293
132.2019 29.9979
136.7952 32.9187
136.4725 30.8897
136.5721 34.0838
138.0405 32.5931
135.6270 32.9362
134.6086 26.1122
135.7424 28.9075
138.5702 30.0797
132.6376 27.0742
134.7538 28.3353
134.6141 30.1870
138.8146 29.7372
131.7174 31.5634
139.1564 29.8783
127.2472 27.4855
133.1053 31.8314
134.4496 27.1077
134.1959 29.0672
131.6479 31.5049
138.7205 30.1615
134.8938 28.6622
135.8749 32.4567
139.0520 30.6278
136.0503 30.8130
135.5546 32.8333
138.7556 29.4695
128.2418 28.8948
136.4303 32.6682
136.2531 30.3766
134.9594 28.9073
136.4325 30.5332
136.1342 30.4115
137.8768 31.1120
131.4163 26.5020
132.7737 26.5314
138.7238 30.3455
136.6624 30.3640
131.7665 31.4750
132.7389 31.1525
138.9215 30.4390
137.4956 31.1427
138.8132 30.8078
138.6191 33.4485
135.5300 32.8645
137.0544 31.0424
131.7652 26.0390
134.2295 30.7866
128.3033 29.2792
137.2031 30.7645
133.0570 29.7735
131.3571 30.8871
138.9153 30.7522
135.1471 29.5899
131.8307 26.3235
134.3167 27.0642
135.8641 33.1638
135.6052 28.8450
136.3105 30.5207
132.2897 27.3557
137.1266 31.2232
137.5425 34.4044
136.4816 33.3298
133.8346 30.7076
134.0578 28.3911
138.9040 29.6666
134.2207 29.5958
133.0329 30.8616
134.4135 27.5365
138.8677 30.0414
138.6447 30.6084
136.1578 30.2688
138.7839 30.2468
136.3052 29.2856
133.7807 29.5340
138.1982 32.9857
132.6329 29.9918
139.8908 33.7488
128.9660 25.9441
136.7316 30.9948
137.8869 29.8611
137.1192 33.0916
136.1649 32.5552
133.3445 27.6502
133.8548 28.9887
134.3031 26.9228
131.9848 27.2281
137.0591 31.1419
138.8530 30.4696
131.3988 31.0431
136.5144 30.9848
136.6948 29.4186
135.0806 29.8873
136.8383 31.1820
132.7050 30.5233
136.9982 29.4760
138.5729 30.7641
134.6506 28.8788
139.1140 30.3599
139.0609 30.2540
134.3549 27.6353
138.5762 30.1279
136.2842 30.4256
131.9329 31.2682
136.0487 30.7186
140.1463 33.0371
134.3893 26.9096
131.4737 30.7691
131.9177 31.6081
137.1027 29.6536
136.2211 30.5192
136.0197 30.5310
136.5340 31.0298
136.5673 31.1101
134.1285 26.4123
132.9170 30.3208
134.2647 26.3552
138.0158 29.8487
134.1582 30.9544
132.3325 29.6390
137.6327 31.1596
134.3640 27.4293
132.3547 29.7629
138.5221 33.8135
132.6346 26.7922
137.0429 31.1780
138.3344 29.8790
133.6942 28.8342
134.6746 28.9522
133.3618 31.5511
138.9436 29.3527
136.1135 30.7063
132.1881 27.1227
137.1140 31.2512
127.0996 26.7442
133.1754 30.4823
127.3503 26.8673
136.5210 30.3026
136.5882 31.1466
136.9964 29.4736
139.1170 30.3567
132.3365 27.1537
137.7599 30.0186
135.6948 28.8306
136.6292 29.3718
135.5448 25.9389
138.3685 29.8846
131.6064 26.3852
138.5563 29.5511
131.3638 31.0436
135.8440 32.8467
136.5177 31.0504
136.4127 30.2263
138.9057 29.6087
136.7416 31.1052
128.5102 26.1118
138.9852 30.7608
138.5820 30.8777
136.1523 32.4625
138.7426 30.2911
134.4971 27.7260
138.8438 30.5113
135.1427 29.7795
136.2707 30.9057
132.5768 27.2943
132.9492 30.9509
136.2191 30.6660
136.4783 30.4090
137.6634 31.1193
135.4978 28.9354
133.4662 30.8526
138.6131 30.7258
128.1146 28.8415
133.3262 27.9166
138.9353 29.7830
136.4276 32.7820
135.7215 29.3648
130.0911 25.2275
130.3111 24.9915
135.9888 29.2608
131.3203 30.9713
128.3917 29.6658
134.5552 26.1678
134.6447 29.0239
131.7818 26.1597
136.0188 30.5696
133.8621 32.4086
139.1175 30.3687
131.8004 30.9242
138.8680 30.2022
127.4287 26.3658
134.5770 27.7193
133.3634 31.0160
135.9858 32.2341
138.9386 30.2729
138.5888 30.9610
134.4882 27.5518
138.4784 31.0237
131.9494 31.9140
138.5158 33.5919
128.4018 29.6481
132.6798 27.8075
134.4899 28.4789
134.4732 32.6100
138.7791 30.5531
134.3416 30.4540
138.4848 29.6750
134.7090 29.9666
136.2063 33.7631
136.3631 32.7639
135.7934 33.1914
134.6910 29.8707
134.7655 28.5809
136.4426 32.8082
138.6374 29.8578
132.8090 27.0715
132.7210 27.2446
134.3441 28.9132
133.9554 30.4373
138.5497 34.1189
127.3755 27.7917
134.9486 29.7599
131.7259 31.1288
127.6763 26.9963
131.9668 29.4536
134.6837 30.0717
138.9619 30.0365
134.9526 28.2014
130.6724 26.5476
131.7364 31.4760
134.4319 28.0501
138.7305 29.5279
133.0661 30.5279
135.1650 29.7001
135.4809 33.0195
138.6158 33.5577
137.9896 29.8741
127.6354 27.7303
133.0582 30.6287
135.8468 32.9626
128.1121 28.9588
138.5075 33.6335
138.6244 30.9572
134.8033 29.7713
136.2590 32.7067
139.0466 30.1462
133.9539 30.7413
131.4480 31.2017
135.1340 28.9658
136.0334 30.2604
136.9061 30.9010
131.4530 31.2212
133.6666 31.7366
127.2910 27.3085
135.7007 32.1531
131.6673 31.2113
127.9745 28.5708
134.1020 31.7961
135.2510 28.9568
138.7621 30.8657
134.6355 28.8943
136.4897 32.8266
139.0520 30.1217
135.3314 29.0327
135.1026 29.7911
132.8386 31.4688
131.6770 30.9017
137.9096 31.1535
135.6478 29.4967
136.2904 29.0564
138.6501 29.3707
138.1025 32.7753
135.9939 29.9569
134.9290 29.7009
135.5023 28.8000
133.0646 30.8173
136.4331 30.0866
131.9936 26.7374
131.7407 30.7902
136.1200 30.5355
134.9689 28.3045
137.9269 30.8321
138.8189 29.7257
135.5725 33.3503
133.9532 30.7409
136.2640 28.9684
135.0364 29.8553
136.5612 32.3752
138.2912 31.0576
137.1037 31.1270
137.7782 31.1894
133.1118 31.2014
135.2048 29.0336
137.8102 29.9157
134.9692 29.8161
131.7036 30.0526
135.4918 33.1099
134.9685 30.4308
132.0600 31.9666
132.8344 30.9004
132.9387 27.8654
130.3035 26.6867
135.7981 29.2435
131.6072 30.9152
135.8007 32.7925
136.2703 32.6708
132.7256 30.2828
138.7146 29.6697
136.0506 33.0508
138.6596 29.7674
138.5576 30.2592
135.9951 30.4231
138.3628 34.3054
136.9886 29.9751
138.5496 30.5206
136.8793 32.8257
136.2398 30.1035
136.2198 33.8018
138.9684 30.1129
136.8810 32.8059
138.3058 30.4844
137.9533 30.6005
136.0082 33.2897
137.0633 29.8237
136.5528 33.6953
139.6355 32.7174
138.1935 30.5927
136.9521 29.8383
138.7467 30.3049
136.9205 32.9096
138.3520 30.2426
137.0186 33.1029
136.6627 30.0290
136.1505 33.2981
136.4912 30.4194
138.3520 30.5574
136.2207 29.2724
138.3385 30.5685
139.3259 34.2725
136.9263 29.7727
138.0887 29.7857
136.8266 33.4109
137.9531 30.5433
136.1041 33.4700
136.5977 30.3721
138.7029 30.0102
138.4003 34.2861
136.6522 33.0282
138.7460 29.4371
137.3010 30.9296
136.6974 30.4653
136.9052 30.8751
136.0203 33.1413
138.8631 29.8535
138.1307 30.8669
138.8900 30.2460
137.1176 29.8295
138.2717 30.4822
136.0382 32.7346
138.4659 30.8085
136.4262 30.5174
135.4147 30.0969
136.9205 33.9472
136.6155 29.9579
138.9776 30.4071
136.7831 30.3286
143.5707 36.0983
139.3290 30.0583
136.6599 29.7208
139.0824 34.5540
138.7820 29.7517
136.3343 33.2176
136.4521 30.0569
137.0091 30.9004
136.5951 31.1287
137.0958 31.2155
138.8620 30.6812
138.8790 30.2007
137.4471 30.8055
138.8156 30.2706
136.9285 33.1718
136.5338 30.5721
136.6154 31.1566
138.1524 30.6431
136.2463 33.0677
138.9735 33.9367
139.0369 30.5054
136.2681 33.2065
135.9394 33.1521
136.6853 30.4034
136.8401 32.7701
136.3091 30.9573
138.1174 29.8792
136.1650 33.1560
140.9719 34.2958
136.4208 29.6395
135.6521 29.5274
138.5896 30.4017
141.4899 34.2882
137.0251 33.6166
136.3380 30.3312
136.3270 30.0433
136.0521 33.1241
136.2540 33.1229
138.3556 30.4611
138.0505 30.5103
137.6152 30.7923
138.9941 29.8878
136.2747 33.8301
136.9418 33.8621
144.4443 36.3660
137.4507 30.7822
136.0497 30.8005
137.0871 31.1758
138.9109 29.8055
137.0930 30.7803
140.4097 34.9456
136.6610 33.0663
136.6994 30.0636
139.6698 34.3344
137.7227 30.4142
136.9540 32.9159
138.6995 30.3645
138.2015 30.6117
136.5448 30.5458
138.7083 29.6974
137.5645 30.3576
136.4220 30.2750
138.1594 30.8649
138.9191 29.6102
136.7914 33.9145
137.5661 30.4617
139.0000 29.5489
138.4215 30.4540
136.3241 32.8426
136.6773 32.6107
138.4174 30.5534
139.0568 33.8859
139.0806 30.4606
138.0440 30.6798
137.2301 30.3938
139.0547 34.4319
138.7319 29.5384
139.2564 34.7703
138.8423 29.7424
136.0705 33.2455
136.3548 31.0822
143.0073 36.6618
138.6761 29.9842
136.4329 30.7027
136.2713 30.0830
138.7964 30.3734
134.5315 33.0963
138.1837 30.6082
136.0300 33.0615
136.9723 33.7163
136.7411 32.8210
138.9310 30.1488
139.1560 30.2327
138.4689 30.1854
135.7520 32.8204
136.7630 33.5139
137.6169 30.6808
136.2159 30.5094
138.8153 29.7842
137.9644 30.6490
138.3223 30.1205
137.6146 31.1480
138.8075 30.0558
137.2769 30.0684
137.5882 30.8301
136.2043 33.1892
136.7281 30.3167
138.2083 31.1125
137.8376 31.1405
138.8468 30.0774
136.7784 30.5787
141.4402 34.2426
136.0397 33.4781
139.1028 30.6204
136.1303 33.1149
136.9960 33.1019
136.2455 32.8235
139.1529 33.9267
137.6935 30.6363
138.7353 30.3425
138.8433 29.9003
137.0129 32.9895
141.7112 34.9953
136.0470 30.7527
138.8411 30.0095
137.7982 29.9074
137.7860 30.7608
139.1341 34.5472
137.1164 33.7694
137.2167 34.4441
138.8701 33.9423
138.2133 30.8754
136.6981 32.7194
136.9283 31.2101
138.1238 30.6405
136.7701 32.8523
137.0660 30.1461
136.7079 32.6284
136.5152 30.7257
136.5722 29.7556
136.9089 33.5736
137.8891 30.4688
137.0935 30.4317
140.0414 34.2721
138.6414 30.3044
136.4190 30.5390
136.5246 30.6335
135.8986 30.4809
136.5720 33.2164
137.3053 30.0571
135.6603 29.6246
136.6508 30.4125
140.5439 34.8175
136.9950 33.4080
136.2575 33.7013
136.6917 32.9656
136.8748 31.1864
136.1773 30.8945
139.1467 30.7146
138.5630 30.7601
138.9695 30.4920
136.0302 30.2058
136.7418 30.0825
137.8280 30.6226
137.0696 33.5703
137.4818 30.2839
136.3668 29.9329
138.2708 30.8542
136.3633 33.7340
137.9976 30.6264
138.2444 30.9200
136.8752 33.7926
137.8215 29.7825
136.1798 30.4857
136.8411 30.2989
136.6397 30.2085
139.1031 30.5859
136.7575 32.7218
137.9767 30.9004
137.1819 30.9370
136.9762 29.7740
136.8139 33.6462
135.9886 33.0445
137.7318 30.7651
138.4317 30.5106
136.0298 30.5322
136.7797 33.7962
138.3395 30.5443
139.0323 29.5780
137.5773 30.7025
137.6149 30.4812
136.2128 30.5090
136.9927 30.9286
137.3842 34.4879
138.4706 30.1577
138.0350 30.6809
137.1952 30.6327
136.3790 33.7105
138.6458 29.6959
138.1263 30.8794
142.5275 36.5026
137.9160 30.6107
138.4976 29.6693
136.0810 33.1123
136.5788 33.6653
136.0092 30.4791
143.0837 36.6547
137.1314 30.1521
137.9120 30.5991
137.6302 29.8303
138.2867 29.8232
139.0704 30.0356
137.8394 30.5786
140.1472 34.8868
138.2302 30.8475
138.2562 30.8849
138.7960 29.6861
137.2755 30.9338
138.3040 30.1909
136.0040 29.9108
135.8017 29.4245
136.5794 33.7128
136.1567 33.1200
135.8974 30.4139
137.7978 30.4937
137.0029 30.5449
138.5555 30.7576
136.1827 30.3128
137.6512 29.8538
135.8538 33.0606
136.8811 30.6452
137.7029 30.3569
138.6554 29.7820
136.7495 32.8134
138.7938 29.6627
136.7194 30.1278
137.9559 30.6821
136.2408 33.1322
136.5163 32.6413
138.7453 30.3211
137.3773 30.4433
139.5136 30.4537
137.7565 30.6372
138.1440 29.9052
136.9394 30.8897
137.3967 30.6205
137.6019 29.8373
137.9758 30.1251
138.3901 30.8257
138.3101 30.5703
136.8499 30.1012
138.9252 29.4676
136.2691 29.9409
137.6662 30.4453
138.3410 30.8597
136.3122 30.6397
138.7913 29.6039
136.5368 29.8148
136.0739 30.5972
135.8997 29.3505
136.0885 30.1537
138.6081 29.9359
128.5413 30.0254
134.7322 28.8264
136.1701 33.1342
135.5501 31.1317
134.1159 27.9422
140.1029 34.2550
130.3051 28.8380
138.9695 30.2217
144.3771 35.9291
135.6355 32.6513
134.0002 31.5313
136.0706 28.9413
128.0298 28.9550
139.2539 34.5436
138.0061 33.8719
136.0811 32.8451
132.7562 31.5071
133.8292 29.0022
130.7574 30.6457
137.0427 30.1156
140.2053 34.1287
137.8055 29.4972
131.8890 30.5914
131.2510 30.8040
132.6283 29.9515
135.3196 28.6000
130.4690 25.1850
132.2092 29.7970
131.5885 31.6446
132.1654 30.0052
133.3586 30.9398
141.4145 35.5231
134.3721 28.4990
135.0028 27.8692
135.9872 26.9366
136.4921 33.1833
136.0372 30.3744
133.4346 29.1099
137.0296 31.0101
138.9575 30.8149
137.0972 31.1070
135.3739 29.6212
127.4259 27.2437
140.3672 34.9170
138.6587 30.6022
135.3540 28.6665
137.2419 32.3953
134.6856 28.3816
138.1052 29.7955
133.3342 31.6719
138.3962 30.8432
139.0893 30.1956
124.6029 28.4081
137.3208 31.7204
134.1992 26.0145
134.6340 27.4960
128.0613 28.6395
134.2938 26.5102
137.7215 29.2801
136.1660 29.0674
138.8454 29.8775
135.1706 33.5185
137.8183 30.8045
138.2221 30.6691
135.8743 33.2491
131.9822 29.7615
138.5713 30.4897
135.8261 29.1783
129.3206 25.7459
136.0166 30.6238
131.9852 29.6875
133.8444 28.5378
140.1183 34.9043
136.6462 32.8912
131.6368 30.5830
137.5093 32.3011
136.3773 29.0389
134.4108 29.1516
139.1112 33.7211
134.3025 26.7527
136.0925 30.7024
138.4152 30.1604
131.5944 26.3440
141.0225 34.9243
128.4767 28.0150
136.8517 30.8245
134.1482 28.1381
136.1433 30.0065
137.7023 31.0424
132.2809 31.6269
139.0588 34.4878
128.0335 27.7856
134.3685 26.4472
132.9789 31.5454
136.6207 32.8867
141.0085 33.8996
132.6020 30.9555
127.9732 30.0276
137.6113 34.4285
134.5372 32.3015
133.3613 32.4463
137.9144 31.1288
137.7910 31.1918
139.2627 30.2603
136.5988 29.1383
134.4521 32.1505
133.1103 27.8981
134.8402 28.0945
131.5595 29.7773
136.6276 29.3329
132.2835 32.3200
135.8050 32.6934
136.0169 32.7975
134.6716 30.8468
138.5397 30.7745
134.3431 28.7926
132.0078 31.8454
135.7161 33.0439
137.2281 29.5516
137.8812 31.0488
136.2300 30.9470
132.3073 32.1289
133.5197 28.6804
136.3257 33.4391
134.5177 30.3952
135.0486 28.6295
136.4015 30.3072
139.3728 29.9836
127.4991 26.5489
133.3956 31.6808
135.7055 33.2505
134.4936 29.9292
132.9345 27.9154
128.4266 29.8024
135.9639 30.4642
134.8761 29.6799
134.6829 28.8856
132.8865 30.9980
130.6693 30.6805
138.3439 29.3818
138.7912 29.8084
132.9521 30.6484
138.3871 29.8911
136.6450 31.0061
131.6117 30.2684
134.0244 29.9139
134.3457 28.8294
138.2412 30.8138
131.6217 31.0371
128.6576 30.2573
134.9971 28.6423
138.9514 29.8353
128.5282 29.3059
138.9148 29.8657
134.3660 28.1407
132.8416 32.4774
136.5757 31.0267
136.1709 30.9304
137.6041 29.9432
135.6095 29.3562
135.1874 28.1027
138.8170 29.8643
134.3430 28.5203
134.4460 26.6100
138.7274 30.8660
134.5530 30.3163
134.4143 31.1331
134.1293 28.7895
134.4731 28.6765
134.3406 28.9369
134.7817 29.1838
138.0468 29.9718
136.2460 30.8605
138.5208 30.7951
137.6228 31.0234
134.5788 28.3652
131.9059 27.1674
127.1583 27.0423
138.6830 30.8803
136.2013 33.2121
131.5239 30.7359
136.2693 30.0748
128.3977 29.4464
134.0729 30.1313
134.4617 27.6387
140.5932 33.4043
135.0112 28.3203
135.2317 28.2158
134.4587 29.7352
134.5795 30.2608
134.2634 28.6575
138.7487 30.2401
139.1562 29.8984
134.2281 27.3068
135.1022 29.9846
128.0200 27.1026
133.2012 32.1407
134.6838 29.7863
131.5040 30.9955
136.3715 32.8530
138.3329 30.8930
136.9622 33.6857
134.7628 27.3508
131.7547 29.5802
138.9795 30.2760
138.7704 30.0539
136.0891 28.9329
136.0790 30.2610
132.1061 31.1585
136.1124 32.3866
138.7236 29.7165
136.8202 30.9090
136.5035 30.7115
136.6794 30.5019
134.8299 27.7661
130.5397 28.5122
127.5860 27.9141
133.7200 30.0715
139.2220 30.3846
141.0167 33.2461
135.1887 29.6020
134.9451 28.3795
136.1554 29.0845
134.3473 26.7846
138.7570 29.5353
139.0121 30.2324
134.4554 28.5061
139.0850 30.4989
139.4525 30.3970
134.1572 29.7941
140.3205 34.6758
133.9912 30.0686
134.7735 28.6815
133.8978 28.9813
136.3616 33.2649
139.0015 30.2448
134.9589 27.5598
135.9482 30.1381
132.5586 29.9042
134.6658 30.6541
132.2250 31.1378
134.8844 30.5046
136.4562 32.2381
137.2134 30.7715
136.1261 33.5202
136.0871 33.3982
135.4781 28.5301
135.7204 28.7641
139.3545 29.4713
134.1888 29.7021
132.7574 30.6313
138.8618 30.1790
138.4507 30.0563
137.4598 30.8260
136.8685 30.3567
131.1297 30.1262
139.1335 29.5414
134.7581 28.9111
137.1183 30.9898
131.5377 31.5340
138.9546 30.6923
136.5614 30.0437
128.7604 29.9375
128.7381 26.2269
129.9173 30.0019
137.9427 31.2254
134.9984 28.0713
136.0027 33.2040
139.1420 29.2014
139.3278 30.0245
128.6410 29.6636
138.3144 34.0701
128.7624 26.7641
138.4744 28.6827
134.4916 27.8899
135.9352 30.4394
136.1647 30.4696
140.5283 35.3112
133.9407 30.2166
131.9684 32.2542
136.3484 32.6800
134.0629 27.6473
135.3875 31.4354
139.2093 30.4499
138.8074 33.5584
135.9685 28.8787
139.4286 33.2389
135.6158 29.1391
139.1620 30.0660
138.5109 30.2676
134.7644 27.8525
134.2021 28.5262
138.3736 30.7762
128.7823 28.2557
131.5981 31.0965
135.3907 29.9070
128.9065 26.3642
132.3665 30.0495
129.2742 25.6175
135.7681 30.4244
138.3513 30.9756
127.9003 29.0594
136.0274 33.3138
134.7805 28.4767
135.5960 33.1332
136.7969 31.2031
135.8004 29.2199
137.2643 29.5407
138.9817 30.2230
138.7503 34.0996
137.1551 30.6141
136.9994 30.3574
139.1937 30.7054
138.9864 30.4301
138.7982 30.4659
138.8019 33.8167
138.1092 32.0742
140.1283 34.7534
139.0338 34.4619
138.8824 29.8578
136.8086 33.6229
136.8213 30.1427
140.2510 34.9797
136.4437 32.3960
138.8349 30.4067
138.8433 29.4381
136.8081 30.0845
136.0585 33.6322
136.6210 34.0476
141.6562 35.7226
138.8007 29.4901
136.7797 34.1522
138.7974 30.5752
136.1187 33.5133
136.7121 32.5899
136.3487 31.0511
139.7426 32.7575
136.0736 32.7836
138.7794 34.2236
138.5012 29.4804
136.1113 33.4185
136.4662 33.7259
140.4670 35.0932
136.9460 32.9207
127.5462 28.1185
135.9192 33.3610
136.2237 32.6137
137.7215 34.4313
137.8036 29.8677
136.2608 32.7608
137.2974 30.9603
135.6344 33.1593
137.6165 29.8787
136.6085 32.4914
139.1532 30.5600
136.7938 33.4972
135.7873 33.3771
136.0681 33.4506
136.0223 33.2404
137.0235 31.2125
136.9159 33.2679
136.0288 32.8030
136.2774 33.6798
135.8909 33.3529
138.4925 30.8672
136.6741 33.5140
135.7873 33.3124
135.9468 30.4958
137.7896 30.0766
135.9298 30.5675
136.5080 33.7355
138.0952 29.7456
136.6736 33.6691
136.5592 33.7665
141.0590 35.4165
138.6512 30.7797
135.8641 32.8348
137.6963 29.8556
138.0837 29.8954
138.0220 34.2653
136.5838 31.1194
136.7945 33.6838
135.8033 29.3360
136.4984 32.5099
137.7209 31.1427
136.5153 33.9862
134.2775 29.6805
138.8338 34.0490
136.1171 32.9371
137.1095 33.5790
136.3882 32.8982
135.2968 29.3862
138.7020 34.2229
136.5467 33.4606
139.9847 34.1595
137.0986 33.0082
137.1101 30.5617
138.6166 30.1950
135.7074 33.3586
136.4708 32.4442
138.5968 29.7542
135.6601 29.2403
136.7793 32.5943
136.0767 30.0359
137.0056 33.0726
135.1236 29.7696
136.6149 30.6046
137.9595 30.1287
138.1533 30.6378
136.2068 29.2435
136.1292 33.6776
139.1837 30.7299
138.4046 30.6072
138.0444 30.7471
134.5969 29.9426
136.8273 29.9393
138.8084 30.1258
136.1057 33.6292
138.7749 30.5743
140.8654 35.4284
139.2104 29.7486
137.7525 34.3978
128.2864 24.6684
130.7610 26.7500
136.5496 32.9502
131.0421 26.8178
132.3473 27.1281
128.6367 30.3565
128.2197 25.5702
131.3867 29.3202
136.2551 33.4639
138.7586 29.9977
137.8388 30.8680
131.2727 26.6384
138.1020 31.0335
138.9427 30.6222
136.0801 30.4017
132.3781 26.6308
140.9055 33.4267
131.9954 26.6654
135.0700 29.1978
136.1824 33.3069
130.2897 26.6973
136.2948 30.7430
131.7029 30.8990
136.2939 30.3862
131.6978 31.2805
138.8760 30.4673
135.5925 32.9505
136.4685 31.0248
138.7204 30.6336
134.3685 28.2646
131.7987 31.5037
138.7093 29.5173
131.3571 30.8445
135.3233 26.1465
137.0634 31.1105
135.7938 25.2450
133.3351 31.7250
127.0538 27.0766
132.8302 30.7707
138.4123 33.7085
133.6176 32.4552
139.8805 34.7220
136.0331 30.6118
131.2729 26.6844
136.4446 33.0992
138.6195 29.5444
137.9827 31.1640
132.9987 28.0085
135.3058 28.7045
135.9366 33.1941
138.7279 30.0556
134.9528 28.1076
136.3348 30.4141
137.7818 31.0749
140.1905 34.6054
134.7771 28.1539
134.8288 30.0568
130.8598 26.4381
136.2829 30.4324
133.0241 28.6421
136.2691 30.4174
138.5809 30.0172
133.7200 29.2332
138.3373 30.9310
136.4100 33.0499
136.4540 30.1169
131.7935 31.3583
136.2681 30.4811
135.0850 28.7084
131.5494 31.2287
136.1674 30.4575
136.0451 30.2121
136.1274 33.0808
135.9491 30.5525
138.9969 30.5113
136.3541 30.4285
137.1338 31.2118
138.9983 30.6995
137.9267 34.2512
135.2495 28.5912
136.3558 29.9270
138.4443 33.7146
136.0800 33.3982
140.6977 33.8283
136.3355 30.3936
136.3214 30.4243
133.6767 28.8624
134.7850 27.8277
131.4574 30.9569
136.9551 29.4073
134.3413 27.2242
131.0341 26.3941
138.0708 32.7154
137.0887 30.8179
136.3268 30.3966
132.2453 27.6239
136.2915 30.0224
129.7926 25.9987
132.4916 27.4705
131.6437 31.2398
131.4287 29.2640
129.5416 26.3204
136.7581 31.0841
136.9064 30.4229
136.5722 30.0953
138.1730 30.8574
138.2209 29.7358
136.2938 30.5902
138.5521 30.7477
138.5108 30.9831
138.9381 29.5358
136.3537 30.0845
136.0890 33.2919
137.0305 29.4962
136.7434 30.8239
136.7583 30.3270
137.1294 30.4655
138.7075 29.7181
137.9342 30.1580
136.4930 32.5344
135.9545 30.6252
138.5310 30.1183
137.0758 33.7637
136.5601 30.0062
138.3569 30.7055
139.1087 30.1223
135.6403 33.1935
136.0381 33.4175
139.0751 30.3700
138.8450 30.3026
136.1668 30.2171
137.9546 30.9573
138.4279 34.2589
136.2078 30.2101
137.3493 34.4607
138.6763 30.7295
139.3274 33.6640
136.7889 30.2870
136.5106 33.0195
138.6485 29.7169
138.7461 34.2619
136.4874 29.9996
136.0263 33.4007
138.5160 29.8649
137.8031 30.7620
137.1887 30.9748
136.9301 30.2792
136.8961 32.7984
136.7531 34.1119
136.5195 30.8241
135.7482 33.1849
136.6287 30.3997
140.6081 32.6541
138.2269 30.8665
139.0573 33.9980
135.3068 29.6706
136.8108 30.6926
137.0053 33.6441
136.5107 30.7370
136.7500 30.3229
136.9702 31.1146
136.7953 30.2674
136.6322 33.6422
137.0717 31.1265
136.1599 30.0976
136.5352 32.9648
136.2464 30.6339
136.3386 30.7726
138.7907 30.1304
136.8605 33.4002
136.7273 30.9150
136.9767 31.0321
136.0479 32.8521
136.5207 30.8483
137.1933 30.5935
136.6254 30.8653
138.6141 30.1873
138.1674 29.6935
137.1630 31.0069
136.5567 30.1042
138.6575 29.7450
138.5370 30.8626
136.5997 33.9896
136.6668 30.0518
137.4137 31.0017
137.8234 30.9726
136.2255 30.1104
136.8357 30.1405
136.8239 34.0986
138.4760 30.7917
138.4386 29.5379
138.9226 29.9448
137.0797 29.4550
136.2316 30.4609
136.3752 30.0366
136.0439 33.5123
136.2721 30.0820
137.7281 30.8003
136.4857 30.7973
136.6706 33.6772
138.4425 30.0086
136.5224 33.0599
137.1965 30.9755
136.2450 30.1363
137.2267 30.7986
137.9503 31.0068
135.1893 30.1950
138.5105 30.8538
138.0037 30.9471
139.9866 32.2945
138.4901 30.8113
136.3574 32.9975
136.1768 30.5622
140.9998 34.7196
138.2023 30.9028
138.0588 30.9861
136.6041 30.0084
138.7260 29.4668
138.6806 29.6465
141.8580 35.8090
137.7276 30.9920
136.6952 33.5993
136.2048 33.6516
136.3643 33.6860
136.1660 30.3971
136.7778 32.7408
136.2195 30.1814
136.5958 30.3666
138.4464 30.8208
141.3331 33.0423
137.3984 30.9804
135.8774 32.9124
136.9067 30.5707
139.3483 34.1736
136.8926 30.9645
135.9626 30.2452
137.8954 30.9671
136.1791 30.6958
135.9535 33.3667
136.0147 29.3106
127.5532 29.1694
137.9789 30.3358
137.0995 29.9936
136.2033 31.0348
138.6736 30.6695
134.2500 28.4819
133.9034 31.0789
139.1077 30.1346
135.8741 26.5573
132.3215 29.7660
132.1335 30.4389
136.0166 30.4347
137.6272 30.8570
136.0637 32.8441
135.7847 25.9405
132.1575 29.2945
137.5549 30.2741
138.5110 30.1739
133.9847 31.6722
140.0632 34.1197
131.3635 26.1941
133.2195 30.3873
131.8973 27.9446
135.3758 28.2205
129.1710 28.3936
132.1704 26.6483
134.1156 26.1439
138.6375 33.7982
134.9585 26.0625
135.2960 28.6078
127.3148 28.5841
136.4717 33.3056
126.6000 29.1696
132.6646 27.7770
126.1380 29.1939
133.8012 25.1451
137.1927 31.2054
131.0472 26.7550
136.2443 29.2995
131.6233 30.4271
136.2575 26.0090
131.9971 31.1613
138.6728 30.6804
133.9032 30.2477
135.5339 26.4300
136.0014 30.9163
127.9451 27.1616
138.7714 29.6598
130.7596 30.2122
136.5668 30.1961
132.1050 31.3476
138.7172 33.1057
131.1684 29.9865
133.9983 29.2580
138.8745 29.7398
134.5684 26.8887
133.1742 28.5387
130.9648 29.8771
135.5792 33.0047
130.4720 25.1952
127.7893 28.2978
134.7923 29.3098
133.0165 31.0752
139.0820 29.9773
130.0663 24.5917
127.2693 28.7233
132.4814 30.5209
132.9249 31.6620
133.2035 31.4421
136.0929 30.3735
136.8297 32.8414
132.9176 30.3637
133.5105 31.2371
138.3164 32.8967
138.6251 31.0871
134.2733 29.1818
133.7997 28.9932
133.6848 30.1336
134.3701 30.2451
137.1790 31.1059
134.3321 32.2010
132.6109 31.6310
133.0363 29.9567
134.6862 26.1910
127.9784 23.2456
129.7986 25.4286
134.9935 26.0010
129.7427 27.4008
132.7524 30.5534
132.5851 30.5340
138.1625 31.4211
133.8763 30.3596
134.5854 29.1905
135.3123 25.4340
133.0046 27.9785
128.9860 25.9785
133.8032 30.8461
133.7150 25.1753
133.5696 28.7873
129.1313 26.0947
135.8069 26.5936
133.8942 28.1281
133.9904 25.1528
133.4419 30.8068
133.1365 28.7298
137.6768 30.7732
132.4480 24.9522
134.9767 27.5107
135.2607 25.9523
129.3196 23.5456
132.0383 28.2813
134.9881 26.4692
128.2526 23.1061
136.1043 25.7414
134.3505 28.7236
134.8523 25.7245
134.2674 28.6261
135.0737 26.2695
134.3198 26.3971
133.7435 30.3031
137.5712 29.8814
137.0527 29.5717
134.2686 31.4919
130.1011 26.2847
127.9275 23.3185
131.4906 29.9489
134.0546 29.0420
134.3862 28.6166
134.9752 26.3779
133.9268 25.6151
131.8688 25.9083
130.3734 25.8983
135.0048 25.5779
134.9442 25.5756
133.4975 30.6266
135.1241 25.6153
135.5948 26.0625
134.2759 25.5054
133.8978 24.6075
134.4334 28.1792
131.3904 30.8615
138.4424 31.0783
135.9360 26.3170
131.8937 30.6860
133.8580 30.1692
137.8226 31.2812
132.6577 27.6003
128.8157 29.9933
132.4210 31.1129
134.4173 30.2107
137.0714 32.2360
136.1159 33.5019
136.2274 30.4016
138.4245 32.6456
136.0561 32.3494
134.0379 28.1606
135.8731 33.0789
130.0075 25.8705
131.8949 26.4831
134.2833 30.4129
138.3576 29.8055
129.7951 29.6833
135.1289 28.5498
139.1894 29.8306
134.8072 25.9632
135.3276 30.0173
134.8923 27.8775
135.7596 32.8264
128.6087 29.4902
134.5536 31.4368
138.6336 30.5961
136.5742 30.8272
127.7740 27.4769
135.9584 33.5637
132.1940 30.6331
139.1417 30.4079
131.5072 31.1574
135.8581 32.7946
134.0348 32.2509
138.9075 28.8588
136.6624 30.0767
132.2414 29.9598
136.0532 32.8486
134.8312 27.8903
133.0261 31.9370
136.6470 31.0275
136.4398 30.0783
134.0850 29.9333
138.6098 29.8023
138.3810 30.8117
134.1172 28.2149
135.4893 28.7370
133.8140 32.3432
133.7382 28.5461
138.8902 28.9975
139.1735 30.1162
136.5429 32.9283
135.3008 26.2088
130.6312 29.9616
132.7915 31.8938
138.7821 30.1329
138.9414 29.8810
131.7415 30.5599
136.4373 30.6965
139.5587 30.4497
135.4612 33.1052
139.2879 30.4331
134.0935 30.1870
138.5230 30.5609
136.7098 30.5115
139.3005 30.4871
136.9140 29.9832
138.7251 32.7361
131.3974 30.7116
138.6570 30.5320
135.1584 28.1846
134.5682 26.8763
134.4702 27.6623
138.6302 30.8242
136.0347 32.1615
139.2406 30.1346
124.9957 30.8493
134.1499 30.0683
140.5343 34.7544
135.8260 33.3017
136.2402 33.4524
132.3801 26.8658
138.8812 30.8833
134.7205 30.4919
134.5295 28.9268
135.9778 33.1911
133.3009 30.6860
135.5635 28.7694
134.0060 29.2876
133.4577 31.5226
133.5920 29.7267
135.7633 26.0627
128.6112 28.4346
138.9455 29.0600
132.8685 29.4040
136.4389 32.8209
138.9236 29.2870
135.9548 29.1168
129.0559 28.4663
134.3972 30.5568
133.3799 27.8265
132.4537 31.6361
132.3220 30.5081
139.0354 30.0401
138.2014 29.7830
132.6850 29.9779
133.1885 30.7821
136.5405 30.5332
131.6490 30.5437
127.7216 28.2340
133.5781 31.1427
136.4757 30.1933
138.9990 30.6769
134.5392 32.1090
136.2616 30.7523
133.7413 28.6506
134.1700 29.3037
135.9233 29.0422
136.3241 29.9877
135.1113 25.9530
129.1364 27.8181
138.9403 29.6599
136.3806 30.1386
130.4190 26.1424
132.4841 29.3355
134.1907 26.5423
132.9551 27.3074
128.3642 29.7298
131.0840 29.4135
134.0933 31.7117
131.9877 29.2410
136.0120 32.8527
129.4297 29.8308
133.1095 30.7905
138.1111 30.9619
138.7793 30.7684
136.5674 30.3695
134.7433 25.8456
136.0678 30.0143
133.1933 30.6753
138.0504 30.9642
139.0273 29.8049
135.4480 32.9901
133.2670 28.2892
137.3956 31.1282
136.4082 30.1641
138.3384 29.5083
131.6221 31.0708
134.2866 26.9143
135.8887 26.2486
134.3498 27.3256
128.7338 26.2235
131.4532 31.1281
137.7912 31.0434
132.3305 27.2542
138.9943 29.6065
133.3083 28.7073
136.0564 30.8028
134.3320 27.5029
131.6582 29.9718
134.3254 26.1619
134.5246 29.5064
137.5513 31.1269
138.3419 30.8849
138.2856 32.5695
141.4399 34.7610
132.5512 30.7444
135.8917 33.3579
142.8026 36.4724
136.3883 33.0689
138.8771 29.5380
134.0442 30.8323
144.1394 35.8825
137.0904 30.3237
138.3836 30.1253
138.0310 34.4450
139.4243 32.6717
136.1589 32.8959
139.3311 29.9052
140.4218 32.4030
138.9320 30.8402
136.7768 30.3603
138.4716 30.4506
135.1699 28.3684
136.7945 29.9084
134.7854 27.9592
141.6739 34.4928
136.9737 30.5110
138.9504 29.3729
136.9185 30.5271
134.4181 32.5501
139.9850 32.1369
141.3087 34.6420
137.0775 33.2768
138.7369 29.9555
138.5268 30.8276
139.1233 30.3842
136.8943 31.6550
133.1333 31.2761
135.5314 33.2810
135.4359 33.2504
136.9555 32.8092
126.3995 33.1555
137.1296 30.2193
136.4762 29.2062
129.6087 25.1643
142.8218 36.2245
133.5908 31.0117
136.1871 32.9537
138.8879 30.3314
143.2490 34.7109
142.6478 35.6671
123.7785 32.5781
145.1139 36.6973
139.0846 30.0153
137.7975 30.0348
138.5664 29.5126
138.5206 30.4110
136.2300 33.0072
142.1164 35.0064
138.6143 29.9916
135.7579 33.2297
132.3533 31.7391
134.3837 32.4456
138.7814 30.8431
145.3164 36.2136
130.9501 29.9990
138.3955 29.6701
135.7563 33.2704
139.3136 29.7801
139.5828 30.1463
137.6253 30.6563
138.4581 29.4964
137.6075 30.8159
135.3429 33.4982
136.1624 30.7570
136.5468 33.0987
141.9715 35.0124
138.6161 29.4386
133.1064 30.0113
141.4943 34.9434
135.7991 33.3192
142.8987 34.6782
137.8960 30.7375
139.0025 29.9726
133.9828 30.6250
145.5259 35.5397
138.9411 30.0033
136.3821 33.0392
138.2915 30.0720
136.9622 30.1048
136.5193 30.3876
130.6365 29.7546
137.3499 29.3981
138.5370 29.8894
145.6840 36.5350
128.4691 29.0321
138.3129 34.0827
133.0385 32.2369
133.3344 28.5504
131.9294 29.6389
131.8945 31.3557
132.7443 32.2398
138.7616 34.3012
128.4600 29.8492
134.5176 29.3348
132.1332 32.0158
131.7159 31.5981
131.7632 31.7418
131.9692 31.8414
136.3264 30.3549
132.1916 32.2923
138.4961 30.7062
134.9276 30.0301
138.0788 32.9053
132.6440 31.3502
131.3226 31.0327
134.7931 31.4415
131.2111 30.9035
136.2919 32.2520
131.9065 31.9462
131.9355 31.4364
132.7986 30.3627
141.2066 35.6114
134.4595 30.7947
136.4541 33.9993
136.3026 29.7740
132.3248 32.1763
134.0788 28.5589
136.7370 33.6969
139.0247 30.7520
134.5508 28.3595
135.0596 29.7904
137.4368 34.4783
132.8338 31.4949
130.0163 26.0538
134.8846 28.3916
132.9820 30.5594
132.4142 30.0523
135.1803 30.1666
134.4354 28.3708
133.3524 31.0291
129.2068 26.5846
134.6245 29.1726
137.8965 30.8653
131.6307 31.2268
133.1771 32.2973
138.0803 29.8083
138.5546 33.7618
138.5905 33.6721
136.0489 32.7601
131.9999 31.4989
135.9534 30.4618
128.3237 27.9951
132.2004 32.0350
134.4001 28.1665
134.8350 28.8551
138.9059 30.7404
132.2601 32.1012
131.6664 30.9685
134.8033 28.9875
136.0488 33.4740
138.6420 33.8696
136.5106 32.6100
132.0251 32.0124
134.4349 27.9545
138.7217 34.0530
131.7858 31.5630
137.4596 30.9722
136.5835 30.7160
131.4976 31.1824
136.5698 32.7920
136.4746 33.3974
133.6162 30.4117
132.9793 30.6917
136.4545 33.8522
135.1595 29.1491
135.0052 28.8123
137.7327 32.0994
138.8386 30.8060
137.6643 31.1508
135.0582 28.1816
131.9728 32.1271
133.6114 31.4871
132.0975 26.5535
133.1135 28.0240
134.9607 29.5559
136.3691 32.2908
135.1636 29.5352
134.7496 29.3858
134.3741 28.4018
134.6027 29.8005
135.0584 28.3539
134.9400 28.1980
136.6732 30.9129
131.7601 31.4800
138.9423 29.5918
132.3519 31.3526
134.3754 27.5885
137.4690 32.8151
135.1389 29.7402
134.5391 28.2549
133.7032 28.8930
141.1241 34.5235
132.9519 31.1746
131.9416 31.8941
132.1541 32.0376
131.5159 31.5064
134.3713 27.0328
133.5859 27.5339
134.8524 28.4469
128.2932 26.2525
136.9321 31.1303
138.6983 30.0170
135.9850 30.7439
138.8098 30.5296
134.2974 28.2164
134.1012 30.0928
134.2416 30.9797
127.9984 28.6927
138.8135 30.6607
133.9564 30.3827
132.4168 31.8794
134.0032 28.4289
133.3997 30.6651
135.5970 31.8784
136.2779 29.0336
133.5970 27.8543
134.5997 29.3682
131.4982 31.6034
133.9335 30.2583
134.9732 28.6131
140.1490 32.4916
136.6956 29.3270
139.0555 30.4173
134.5471 30.2427
135.6601 32.9603
135.0038 28.8386
133.6153 29.4154
138.3678 29.6776
130.7449 30.6865
128.2223 29.0743
132.6599 30.7089
133.5706 28.1824
136.0912 30.3842
128.8369 26.6264
136.6287 30.0537
135.7713 26.5633
127.2392 28.2565
131.1446 26.1840
136.1273 30.9272
134.2685 28.4428
132.8980 27.5694
134.1765 28.5322
132.9512 27.2198
139.0767 30.2604
133.7390 28.7724
132.5156 27.0251
133.5490 29.4694
133.8382 32.2616
131.7590 26.8224
132.4313 30.8926
138.5742 30.9261
135.1929 25.9350
131.8502 27.4479
130.5001 28.2076
127.6139 25.6156
137.9169 29.6227
134.6264 25.9215
129.7948 26.7628
131.2042 26.5853
133.9392 30.9524
133.9264 29.3156
136.7815 31.0990
133.2421 27.8986
134.6760 29.4543
136.7225 30.1473
139.0114 29.5036
132.6164 31.7020
133.5429 30.1377
131.5941 31.8150
138.9013 30.7034
137.3640 29.7783
138.8012 29.3706
134.1361 26.6045
136.3987 32.8276
138.9792 30.5719
135.7825 32.8375
135.9931 33.4262
135.6629 32.8969
138.8068 30.8272
136.7910 30.2821
134.8705 30.3942
131.3716 30.8257
131.9872 31.8952
135.7869 28.9217
138.9340 29.1787
138.1030 30.9026
135.9557 33.1057
131.9248 29.6262
132.7775 27.3260
135.6283 28.4838
135.2041 28.2679
134.4725 28.4606
136.8752 33.2313
136.1120 29.3366
128.1171 27.6973
139.0550 29.2569
131.8448 30.9417
131.4820 26.4323
134.8783 30.1584
134.3591 27.4604
135.6608 33.0496
134.0843 29.5851
138.6953 29.8145
133.5292 32.5301
134.5102 32.5507
133.9191 30.2360
134.1353 26.4029
136.0211 30.7844
137.3666 32.8843
140.1862 34.5968
134.3736 28.8158
132.4730 29.5397
131.8789 31.7068
136.1046 32.8127
133.2019 28.8863
132.3919 27.2774
136.4917 32.7984
134.2845 32.4876
131.4818 31.0997
133.3591 30.8716
135.6633 32.9998
135.4845 33.1069
133.1283 30.6682
133.7768 29.4065
132.3426 29.8326
136.3967 30.4467
135.0495 29.5567
133.2094 28.1965
138.4693 30.9623
140.3725 33.9945
135.0254 30.7559
132.5471 30.2621
137.2452 31.1438
132.9058 30.4291
132.6324 31.0166
132.9868 27.3898
139.5104 29.9255
132.7838 30.2279
137.7920 29.8315
136.3032 33.4037
134.7246 29.1582
138.8632 30.7469
136.9443 31.0565
132.9922 32.1134
135.0372 30.3104
134.3735 26.8737
139.2259 29.9718
127.1994 27.3053
131.4817 31.0312
138.7628 30.8567
132.2267 32.0700
132.8102 29.9653
134.4646 27.6765
131.4577 30.7055
130.3811 26.8705
136.6212 30.9560
134.0969 28.2592
134.9355 29.9542
139.2818 30.3838
133.7538 30.7453
132.2416 31.0715
136.6994 30.3693
136.1063 30.1744
134.8435 28.7330
137.9184 30.9743
136.0849 29.2997
134.7886 30.3467
138.8940 29.6530
134.4219 26.2409
131.3764 31.2556
136.7264 33.8067
134.0790 29.3244
133.9962 30.4080
135.6513 32.8740
138.8197 29.6152
131.3309 30.3573
131.7765 31.7198
129.1376 26.6882
132.8584 32.2305
132.6501 29.8921
134.8214 28.9050
134.3140 26.2395
132.7989 30.8177
136.6841 30.0795
131.4845 31.0941
132.5699 32.3135
134.1632 32.5805
134.9388 29.4874
135.2481 29.0518
134.5548 25.5144
131.5579 30.5949
138.4907 29.9205
134.4011 27.8584
138.6930 30.9570
138.0815 29.5814
138.8949 29.9228
135.3042 31.1985
128.5540 26.3717
133.2515 30.9853
138.3914 31.0210
126.1356 29.6671
127.7909 28.6388
130.0232 25.1940
138.0439 31.1513
128.5798 25.7834
132.6036 27.0241
138.7468 30.2921
128.4575 29.3943
138.7999 30.4460
134.0112 27.9783
134.5934 30.0507
134.3825 29.6116
136.3334 30.8809
133.6971 29.8281
128.2389 28.9753
128.2343 28.8325
133.9844 28.6178
136.6208 29.2819
132.2641 32.0434
134.6637 31.3584
127.1864 26.5147
133.7621 31.2237
139.0192 30.4337
133.1065 31.1048
138.8553 30.4442
133.9606 30.1228
132.0632 27.3229
138.3719 29.4352
138.9742 30.1230
139.2102 30.6336
134.3757 30.5708
136.0918 30.4998
134.2682 31.4894
133.1898 30.4407
131.8889 30.8452
139.0171 29.9897
134.2596 27.5549
133.0154 28.7877
135.3106 33.4818
127.4498 28.3084
134.7164 28.2346
135.3084 25.8032
131.7588 30.3502
138.5338 31.1294
136.6281 32.5448
131.5155 27.1259
136.0095 32.8680
135.6119 32.8412
129.2428 25.8961
134.2925 28.6960
136.1124 29.9631
138.0414 29.8503
132.0489 29.9242
131.9234 27.0739
138.5289 30.9461
132.3979 27.0361
128.1983 29.9898
135.8910 30.3340
128.8206 26.4927
131.4238 31.4820
135.0071 27.8512
131.1018 26.1128
134.9413 30.6778
139.0466 29.9871
133.9964 28.8296
132.7556 30.5045
134.4276 29.4201
135.3396 28.6806
132.1129 30.5286
131.2583 30.9092
138.6005 30.9008
138.8965 30.3162
134.8513 28.8005
136.4118 30.7542
134.3873 27.7287
133.7002 31.1742
130.2179 27.6866
136.8221 31.1153
133.9955 30.9923
138.5987 30.7700
134.4900 27.7032
139.2282 30.1331
136.0126 32.4303
133.8701 27.6661
138.5269 29.1817
131.2522 28.8734
131.6698 30.3645
126.9393 27.0783
132.7584 30.5082
133.9724 31.7908
132.1510 30.8464
139.0261 30.7230
135.8651 29.2525
135.4226 32.9504
134.4666 26.8879
133.9970 25.9598
130.9433 26.1880
133.9545 28.7477
136.4729 29.9913
135.6705 32.8595
131.5501 29.8387
129.4048 26.1690
134.1935 28.1799
134.6531 29.3644
136.3964 30.6274
134.3187 25.2598
131.6365 26.0533
138.6634 31.0521
131.9882 30.1070
138.5155 29.9555
136.9293 31.1299
136.7112 32.5732
136.7209 32.9380
134.1684 27.3782
138.3048 31.1888
134.3793 29.9072
136.2357 32.8634
138.8042 29.9297
133.9547 29.0075
130.6238 26.8951
134.1204 28.4600
133.6450 30.2460
135.9891 32.5586
127.9478 27.8785
131.8129 31.0739
135.2275 28.7292
133.7961 30.6812
136.9286 30.3303
134.5483 31.2719
135.8802 26.1378
135.2413 33.0818
131.9246 30.0541
131.8707 26.0387
135.5971 31.9286
138.8679 30.5790
134.5796 29.7567
130.2643 28.6534
138.6676 30.8548
139.4590 30.3673
133.9336 30.2988
137.9308 29.8835
138.9296 29.5614
131.9748 30.9144
138.9789 30.8316
132.9406 31.7530
132.5333 29.9997
132.9498 31.8104
135.7985 29.0457
137.8609 29.6546
135.6546 32.9997
138.3918 30.3358
135.7555 32.7017
136.0150 32.7968
135.3792 28.7600
134.2420 27.1994
134.5195 26.7282
133.4594 30.4838
135.7050 32.9291
137.7475 29.7992
134.3148 28.1143
132.3185 27.2815
133.2243 31.8519
133.7140 30.9969
136.1380 30.3259
136.3324 30.3205
132.6208 29.5115
134.1956 28.3915
133.8951 30.7969
135.4725 33.3722
136.0360 30.5842
135.9576 30.1869
135.0416 31.8288
135.9409 29.2399
132.8815 30.4765
134.5564 28.3175
136.1092 32.9756
131.9451 29.7695
133.1566 30.4556
135.8629 30.3963
132.9485 30.7744
140.1723 33.1262
138.8033 29.7173
139.0476 30.0040
131.4129 31.0823
134.3689 26.7924
131.6815 31.1158
136.1262 30.2164
135.3490 28.8163
136.7752 31.1804
131.8823 30.0680
137.4736 31.2037
137.1515 31.2864
131.6610 29.9649
138.2647 29.6308
131.0806 26.1661
138.6097 30.8060
137.9375 29.7104
139.9147 33.1409
136.2958 29.1649
131.8205 31.3000
136.0896 30.3392
135.5905 32.9793
132.7772 30.1992
132.8505 30.1119
135.7251 32.7254
136.9154 31.2659
135.4288 28.8363
138.3904 29.6182
132.4899 29.9933
135.1620 28.8842
138.6103 30.8098
129.9966 25.1209
138.9531 30.6737
138.9125 30.2536
135.5726 28.8988
133.7607 30.6192
138.9002 30.7175
132.5772 29.9526
138.9449 30.7732
137.9439 29.6940
132.3407 26.7474
138.4022 29.6157
130.2746 25.2028
138.8615 29.8231
135.1290 28.6392
136.0365 32.7071
136.4736 29.9382
138.0559 32.7352
139.1520 29.9535
138.8013 30.7183
134.8967 29.4709
136.9035 31.1061
135.9590 32.5603
135.8976 29.3508
139.1253 29.9198
133.1262 31.6686
133.5162 31.5616
137.9861 29.7865
135.3987 33.0815
131.4363 30.7658
132.2884 26.4824
138.8843 30.2177
139.1277 29.9752
135.1821 28.4965
136.4514 31.0326
137.1436 31.1572
134.5240 29.2357
132.1783 29.7770
132.4852 30.7647
131.6440 31.3533
131.0920 30.5511
136.0548 32.5667
137.0484 31.1900
138.7145 29.5691
131.9767 31.7636
132.8454 30.2781
135.0804 28.6004
138.8381 30.7020
133.4026 31.2027
136.0902 30.6602
139.0767 30.6530
136.2087 29.9494
131.4281 30.8400
136.3817 30.3060
135.1236 28.7281
135.5688 29.0544
139.0118 30.5220
136.7487 31.1093
136.4180 29.3168
138.8371 30.8282
136.0059 32.8873
138.3571 31.0566
135.9540 32.5433
136.0329 30.6165
134.7082 28.9084
131.3389 30.9102
131.4724 31.1199
136.0883 30.3514
131.4847 31.1993
132.8775 30.3450
133.9040 31.9382
129.5626 25.6123
131.3320 30.9220
137.9199 30.9848
136.0657 30.6359
138.3086 31.0311
135.3156 28.7345
139.1121 30.0411
134.4770 29.5051
137.8854 31.1645
133.2334 31.4909
136.0422 30.6673
125.2480 29.3449
134.7057 26.0282
134.8787 28.1421
134.7405 29.9330
133.6081 31.5120
134.8691 28.7159
138.8698 29.7657
132.0595 28.9964
134.0346 29.1109
140.3360 33.6653
136.1359 33.1290
133.9596 28.2923
135.8140 27.1927
139.3167 30.0650
133.9046 31.2398
134.3553 29.9260
134.0867 29.0540
136.2889 33.9384
134.3789 26.1739
133.6125 30.8906
134.7108 27.2399
127.1321 27.4497
133.8873 31.4777
133.4312 28.4199
132.7263 27.0183
126.5374 28.7447
136.5883 23.7138
132.3563 30.2511
136.5602 33.2420
135.5101 29.6101
133.9976 26.8744
137.3811 31.1286
129.9661 26.6730
136.5599 33.0191
133.0882 28.4027
134.0495 28.2428
134.3452 25.7356
135.0425 33.5727
134.3709 28.3473
130.3959 25.4400
135.4590 31.6039
130.2377 27.0900
126.7469 25.8462
128.2908 30.3639
138.7249 32.1236
134.4126 26.5571
133.2859 30.5201
132.7671 26.3533
134.1911 26.9859
133.7804 31.0291
128.7472 25.5267
131.0192 29.6019
136.1554 26.0500
130.1582 26.8965
134.6147 28.0217
138.0245 29.8044
138.7255 30.4530
132.7659 27.2820
136.9621 29.3837
137.9711 31.1497
131.6284 27.7960
133.4846 32.2927
133.3787 27.7285
131.4422 30.9525
132.0980 30.5132
133.1782 29.5428
127.3063 27.9477
136.6386 27.1237
132.1260 26.8358
131.4590 27.6113
128.5707 26.1536
128.5021 23.9471
136.6152 29.9201
141.4308 34.1370
137.0498 30.1148
136.9827 30.7744
137.0257 29.4814
137.8440 30.9627
140.4895 35.1405
136.0857 33.5874
138.1600 29.6904
136.2681 33.6603
136.5908 31.1015
139.0971 30.3244
139.0169 30.3915
136.2219 32.8461
137.5775 29.8315
136.5473 33.0410
136.4184 33.7686
137.0169 33.1930
139.2688 29.9924
136.7635 33.6375
135.5555 29.4293
138.1595 29.6831
137.5855 29.6520
136.5921 33.0373
137.7017 29.6931
136.8697 33.8546
137.6113 34.4779
136.5743 32.9320
136.8129 33.7992
137.2513 30.7660
136.2930 33.6960
136.8652 32.8453
137.9946 30.1337
137.1490 30.2831
138.8227 29.4671
141.3197 34.0865
136.8820 33.8006
137.3376 29.5299
139.1096 33.9499
138.7088 34.2207
136.8592 33.6363
136.7317 33.8054
136.1749 33.5381
136.0466 30.7024
136.0725 33.6071
138.7178 30.9001
136.4064 33.9804
137.2501 29.6168
136.7369 33.5911
141.6573 35.7822
136.2105 29.9555
138.3482 30.0627
138.9247 34.0866
135.5878 29.6163
136.8318 33.6934
140.3578 34.7979
136.6980 33.6733
136.4839 32.9358
141.3831 35.8360
138.1242 30.1599
136.8825 33.6537
138.2145 30.1276
135.8977 33.4501
139.2602 29.8421
138.2123 29.6379
136.1276 33.6089
135.5005 29.4428
137.6493 29.9076
136.1131 30.8185
136.7849 33.7140
136.9236 31.1680
141.2006 34.2046
137.0128 30.0709
141.4057 33.2168
137.7945 30.0130
137.5452 29.7859
136.8411 33.7104
135.5592 30.9871
140.8784 34.1092
135.7578 33.0264
140.1733 34.7786
135.6869 33.1637
136.0819 33.6125
137.0564 34.3506
136.7279 33.8218
135.7353 33.0112
136.1005 29.2548
137.1656 30.6819
139.2721 30.2490
138.3158 34.2204
137.6651 30.7396
136.0571 33.4894
141.1046 34.3237
136.6141 33.8187
137.2976 30.1763
136.5071 29.2242
137.9102 30.1179
136.1933 29.8770
139.0273 34.2889
135.8056 32.9575
136.6581 29.7545
137.1596 33.2982
141.0049 34.3064
135.0352 29.8686
137.1108 34.4248
138.1729 34.2724
139.1017 29.6208
140.4579 35.0833
137.1363 30.7239
141.3111 33.9055
138.7008 30.9068
136.2210 32.8296
137.0480 33.1823
136.9728 34.2784
136.9777 33.2817
137.0649 34.3036
136.0383 33.5215
137.0007 32.9724
136.5275 29.9927
138.0573 30.1561
136.3234 31.0110
137.9097 31.1240
135.9491 30.4143
138.3278 29.5684
135.9665 33.5065
141.2707 34.1482
136.9524 33.7689
139.0654 29.5867
136.8822 33.6143
136.9718 33.5080
137.0748 29.9564
136.9300 33.9097
135.7640 32.9905
135.9861 33.5359
139.0177 30.4589
137.9794 29.7641
136.4910 31.0676
136.7573 33.6057
138.8835 33.9415
137.2939 34.4418
135.4253 29.6960
136.8358 32.7963
136.5621 31.0886
136.9694 34.3092
136.0163 33.4480
137.6700 29.8749
141.6011 34.9534
136.6697 33.8537
141.5648 33.9292
138.8424 29.4386
135.8860 30.4348
138.9485 33.9031
138.3858 29.5669
136.7596 31.1451
138.9154 33.9437
136.8311 29.7382
136.2980 29.8433
136.6484 32.6151
137.2451 30.9662
136.6202 30.3347
138.3078 29.6206
135.6375 33.1511
136.1072 30.1055
135.8846 32.9068
136.8229 33.6803
136.9403 31.1833
135.6817 31.2079
137.2203 30.7577
135.9347 30.5843
138.9985 30.4375
138.6393 30.9305
136.8128 31.1425
136.1449 33.6791
138.1940 30.1639
141.4219 33.7486
136.0424 32.8648
137.0581 30.3450
136.2313 32.9332
137.0433 29.3919
136.8334 33.6559
135.6748 33.0956
137.8990 34.2713
137.5792 29.8554
136.6517 33.0132
136.6888 32.5288
142.0555 34.6879
137.8848 30.1044
136.6631 31.0821
136.6299 33.8084
138.2987 29.6657
138.0049 30.8991
141.8280 34.2826
136.4663 32.9751
137.0737 30.7514
137.8912 29.7438
136.8171 33.8883
136.9320 29.8493
138.3151 31.0506
138.3918 30.1785
137.7957 29.7495
137.2714 34.4519
138.9605 30.7449
137.0267 33.1396
136.2436 32.8362
135.9202 30.3704
137.2435 30.7310
136.6402 33.8103
136.2994 29.8255
136.0518 30.1871
137.9585 29.7813
135.7673 29.4816
137.0109 33.6773
135.8470 33.4350
139.0878 30.3226
137.4785 31.2155
136.6152 30.3333
137.0391 34.3562
137.5990 30.9615
141.5399 33.9149
135.9666 30.0218
137.5307 30.9690
138.6850 29.4884
136.8579 32.7005
139.2681 30.2316
136.1216 33.7399
135.9410 33.4491
139.2603 29.9194
136.8254 33.5284
136.7843 33.7236
135.8555 33.4423
138.4100 30.1645
135.9363 33.3915
135.8039 32.9379
136.1514 33.6089
136.1250 33.7039
136.7864 33.6473
135.9022 30.4619
138.3832 31.0627
141.4358 34.3031
137.0772 30.1531
136.5552 30.2742
137.0637 29.4873
137.9904 30.9413
136.3953 33.9749
137.4527 30.6391
137.5348 30.8197
136.7074 32.5441
140.9848 33.4481
136.1261 30.8642
135.9381 29.2924
135.8856 29.4257
137.0413 33.2943
136.7424 33.8368
136.6331 33.0020
136.4023 32.4833
137.0539 30.0907
137.0393 29.8895
135.8514 33.3935
136.0737 33.4954
135.6340 33.0419
137.7550 29.9887
135.3223 29.9117
135.5108 29.4014
137.0621 30.0880
138.5036 29.5413
137.4806 34.3901
141.3883 33.6406
137.0047 30.0911
139.0396 29.5736
136.6393 33.0325
136.1337 33.7108
139.0787 33.9454
137.9728 29.8037
137.1368 30.2943
137.8555 30.0339
138.1360 29.7165
136.7327 29.2883
138.0445 29.8136
135.9615 33.4175
135.9582 33.5514
136.3655 31.0080
135.3281 29.6091
137.0047 33.2163
135.9610 33.4580
144.9424 35.9637
144.0388 36.1945
139.2492 34.5235
136.8110 33.8355
136.5965 33.8293
137.1722 29.4490
135.8251 32.9222
136.3580 30.7149
137.1688 30.3436
137.0367 33.2091
136.6069 32.9674
141.4316 33.7665
136.0598 33.5017
137.3219 30.8038
138.8007 29.4406
137.9542 29.7834
136.8040 31.1428
139.0040 29.5333
139.1279 30.1623
136.3381 29.1833
136.9081 33.6157
137.1346 34.4285
141.5626 35.0059
136.9044 33.7292
135.9187 33.5233
136.2926 29.2761
136.2390 32.5834
138.5698 30.9866
139.0766 34.1795
139.0818 29.5851
136.1423 30.8209
136.0387 29.9368
136.4610 32.6719
138.3329 29.5724
135.6510 33.0257
138.1225 29.7044
138.4026 31.0625
136.4032 29.7397
138.8301 29.4492
136.7393 33.0223
139.0877 29.6065
135.9255 30.5687
136.6546 33.0430
136.5894 32.6429
141.4318 34.1930
137.1553 30.4292
136.9990 33.7316
136.0898 29.2906
136.4763 32.7267
137.0649 30.7598
136.9882 33.2252
136.1856 29.2728
136.8591 33.6669
136.7228 33.6682
136.6868 29.3360
135.7912 33.3761
136.9628 29.3610
136.4092 33.7335
138.2981 29.6675
138.8792 34.3797
136.5582 33.8520
138.4181 29.7000
