134.5076 31.9248
135.7269 30.5360
134.9406 32.2178
137.3806 32.2615
137.5813 31.0326
132.1672 31.3421
131.9105 31.2045
134.6820 32.0410
137.0813 30.0243
128.7122 28.3730
137.7299 30.3759
136.4402 32.2448
136.1888 31.3594
135.0501 30.5533
138.1539 29.8220
134.8127 31.6549
136.1744 32.7563
131.6802 31.1660
131.6094 30.9975
138.0683 29.5937
132.0657 31.1771
132.8935 32.5470
136.2086 32.7739
137.9336 30.1485
137.1538 30.4038
137.6584 29.7673
132.6557 32.5002
131.7978 31.4980
136.6521 32.2811
137.8785 30.5064
135.0989 32.1931
129.2173 29.1851
136.5837 30.1535
137.1778 29.8219
135.0104 32.3102
135.5447 32.2308
136.7820 30.6367
135.6422 30.1265
136.5745 31.3818
136.2529 31.7977
136.9982 32.6452
134.8255 31.8292
137.4397 30.2146
137.1624 30.0818
136.4619 31.7168
138.1314 30.0880
132.7533 32.5420
134.8330 31.2565
129.4907 27.8012
136.3400 31.8573
134.9015 32.2889
136.6477 32.1181
136.8074 29.1839
136.2258 31.8294
136.3002 30.6557
138.3100 30.4909
131.7145 30.9297
131.3060 30.4653
137.7468 30.0918
135.0689 30.0591
136.1839 32.2767
134.9483 30.7572
137.8741 30.5310
136.7426 30.6340
136.3162 29.0894
137.8330 30.7034
131.9738 31.1736
132.3724 32.0352
137.9020 30.3748
135.0829 30.4880
137.4061 30.4108
137.2248 29.5840
137.4618 29.5916
131.7761 31.3426
138.1412 30.2915
135.9334 32.5076
131.8352 31.6336
134.9955 32.2158
137.3562 29.7347
134.6834 31.7175
135.6301 31.8457
136.7314 31.1703
136.0007 32.7361
135.7580 29.3100
136.6383 31.2029
132.2043 31.8402
135.6555 30.3898
136.7291 29.0325
136.7148 31.5491
134.8037 32.2747
137.3945 29.6721
136.2712 30.6961
135.6007 31.9160
131.5729 30.6337
135.8726 32.7951
131.7932 31.3354
128.8382 28.2259
137.5211 29.6407
136.4777 31.0491
128.8949 29.2040
136.1027 32.3165
134.8805 32.0965
136.7057 30.2384
136.3207 32.5988
137.2281 29.5501
135.5870 31.6130
134.7047 31.9694
137.5429 30.2175
131.5981 30.6805
137.4333 29.7197
135.8928 30.1449
137.6919 30.9434
135.0757 30.8016
135.4094 31.8736
137.0746 30.2017
134.7952 31.3651
131.6179 31.0099
134.6473 32.0841
137.2583 29.8518
137.0328 32.7691
133.2860 32.1424
137.8372 31.7615
137.9486 31.3747
136.7315 31.6274
128.9856 27.9125
135.1938 32.1692
136.1901 31.7369
132.1417 31.6336
131.7036 31.4151
136.9509 30.0243
137.3387 31.1033
136.8135 29.1777
136.7558 31.3081
134.6111 31.7494
136.5914 30.3867
132.7398 32.1743
131.4606 30.8251
131.4925 30.6708
135.9892 32.9183
129.5941 27.6362
137.4761 30.8310
138.1924 30.1139
134.7354 32.2349
133.2629 31.9932
136.8533 29.7232
136.6179 31.5484
137.0930 29.8916
134.5055 32.0412
136.3491 30.4282
134.8237 32.1306
131.5901 30.0615
136.3905 32.5185
136.0724 32.2319
137.3949 30.8514
131.6864 31.1821
137.5720 30.6092
135.5787 31.9439
136.2384 29.0764
135.4685 31.6273
137.6903 30.9366
136.2410 31.9704
131.8447 31.0177
131.6404 30.8906
131.8444 31.2001
137.5434 29.4042
131.5303 30.7333
136.0995 32.1293
131.9504 31.5611
132.1995 31.9332
128.9724 28.2114
131.7902 31.3476
135.1930 30.1565
131.7824 31.0851
135.9409 31.9713
135.7979 31.2444
131.4824 30.8044
130.7851 30.7778
136.7079 30.8842
136.8310 29.9937
137.5090 31.6678
136.4851 32.2260
131.7579 31.4612
137.2282 31.2240
131.6667 31.1729
136.9160 29.9790
136.3165 31.3124
135.6056 30.3541
136.5242 32.4182
131.6892 31.3269
136.6705 30.8834
134.5260 31.4010
131.8170 31.3637
130.1499 28.1683
137.8320 30.6376
136.1721 32.4443
136.2538 32.7551
134.5834 32.2287
137.8195 29.8971
135.8901 31.5714
137.5366 30.9015
132.2541 31.9651
132.9376 32.3910
135.0896 31.0197
137.2431 29.9597
131.5151 30.8543
132.5023 31.3757
136.9965 30.0737
135.0874 31.7547
136.9329 31.6290
137.9310 31.3702
129.5120 28.9803
136.5483 31.2563
136.6235 31.7591
136.0115 31.4431
137.3310 29.8021
136.3536 32.2969
138.2051 30.1038
132.5395 32.1705
131.5979 30.8691
136.4511 30.6423
137.5934 30.0663
131.5312 30.6622
137.2665 29.7840
136.5456 30.4855
134.7952 32.1410
133.2578 32.1395
136.3785 31.1246
129.0683 28.2824
138.1047 29.4332
135.5989 31.9889
134.9777 30.0134
137.2953 29.9314
136.8830 30.3548
132.1723 32.1440
138.0046 30.3399
137.8403 30.1017
137.4283 29.8268
131.6620 30.6843
137.6180 30.8512
137.2083 30.4454
134.5956 32.1724
137.3896 29.7627
133.2353 29.1764
137.3209 30.0392
133.2971 31.9067
136.0943 32.3942
133.3342 31.9952
137.9971 30.3973
134.7989 31.9340
137.6572 31.4704
134.8296 29.6114
136.7719 30.6612
136.4870 31.6762
137.4619 31.2007
137.6807 30.4403
133.5658 32.5585
137.5898 29.7450
137.1882 30.1820
131.9298 31.2043
132.0431 31.5575
136.9446 30.1043
128.7460 28.2147
137.7504 31.9666
136.8295 29.5210
137.4116 31.0263
134.9671 32.2092
131.6362 30.8185
134.9953 29.5457
131.8152 31.4936
137.4754 31.6059
131.7510 30.7865
134.6306 32.0053
135.3610 32.0800
132.2613 31.4285
136.6597 31.4167
137.4800 31.5855
135.7835 31.3668
137.7037 30.2411
137.2723 29.7997
131.6434 30.6352
132.0384 31.4322
138.1978 30.0634
136.8055 30.2471
137.9189 29.9109
137.2111 29.9162
137.6928 30.7730
137.9344 30.5723
136.2236 31.2508
136.2033 32.3704
137.8251 30.0691
138.4026 29.7220
131.5681 31.2048
137.3633 30.7812
131.4753 31.0036
134.7176 31.7662
136.8238 29.6891
136.6835 31.3512
135.9248 32.0239
135.4078 32.0044
132.1046 31.2689
137.7664 30.3943
135.5846 30.5090
138.4208 29.9586
135.5729 31.7591
134.6507 32.1503
134.9121 32.1656
135.3472 29.3698
136.2072 32.6057
136.2718 32.0535
138.1176 29.8105
137.4007 31.6736
138.0168 29.5286
137.2608 29.7791
135.6160 31.7682
137.0178 29.9044
135.1308 30.7277
137.4673 30.3926
135.0531 29.7732
134.4512 31.5035
132.2694 32.3121
131.8911 31.3330
137.3920 31.3865
131.7544 31.2467
137.7722 30.1525
132.5229 31.9782
138.1410 30.3058
136.6009 31.0236
131.7725 31.1570
136.1787 31.7925
135.1509 30.9888
135.9940 32.4448
137.2079 29.8816
135.1917 29.7260
136.7925 30.7284
137.4853 31.9949
137.6142 30.6943
131.6503 30.8501
137.0689 30.2152
135.4529 31.8821
135.2037 29.3276
134.5167 31.4939
135.5941 31.2657
129.5912 27.6124
137.8636 29.8632
132.5402 31.9169
137.8033 30.7181
136.1935 31.5483
136.8199 30.9548
137.0735 30.3054
132.6875 32.1498
136.5865 30.9914
134.4128 32.3026
138.0020 29.9388
136.5629 30.8248
136.4878 30.9399
137.6908 29.9297
132.6261 32.1306
134.1329 32.2597
137.4152 29.6789
136.2198 32.3693
134.5779 32.2180
137.9355 30.6752
128.8011 28.2354
134.2917 32.3839
131.6745 30.8510
136.7958 30.2759
136.5668 32.0905
135.3828 32.0599
129.1691 27.8990
136.5977 29.0676
137.5744 30.7858
135.2562 32.0909
134.6237 31.8366
137.4539 30.8148
136.5315 31.4042
137.1887 30.0802
137.6605 30.4790
138.0275 30.4658
136.9643 30.0888
137.0848 29.8641
136.6154 30.0707
136.1072 32.7676
135.9428 31.6258
137.2222 30.2450
136.2139 32.0955
131.7782 31.3480
137.9156 30.4166
128.4138 28.0679
132.6163 31.4769
132.6157 32.1580
137.7704 29.8343
132.0889 32.0041
136.6609 30.8111
131.1689 30.8042
131.5984 30.8848
138.2059 30.2169
136.9123 30.1460
136.0027 31.9367
137.0821 29.9451
136.3783 31.5719
137.7789 30.0008
134.2372 31.2233
129.9313 27.8894
137.0126 32.2666
137.9122 30.4513
131.4926 30.7943
137.5163 30.3935
137.1467 29.6895
137.1492 31.1535
135.6482 30.3624
135.4543 32.0471
135.3997 30.6931
133.9570 32.4622
137.7960 30.0730
134.6117 31.8930
136.4641 30.2557
136.7822 30.2306
137.3396 30.9873
134.3692 32.2840
136.8114 30.6913
136.0270 30.5926
135.3566 32.2365
131.9120 31.8413
134.9148 31.0482
135.3298 30.1239
136.9204 30.5072
136.6324 31.2973
137.4021 29.6768
134.4854 32.2199
135.4855 30.5542
136.8704 32.3051
137.0413 30.1940
131.6770 30.8229
137.3956 30.9084
136.2802 31.3215
132.2676 32.2770
129.0598 28.0416
136.6588 30.5809
135.4257 31.9325
137.9493 30.4139
132.7620 32.5616
131.5987 30.5099
134.9743 32.2931
137.6817 30.8143
135.5635 31.8741
136.9591 29.1804
131.7973 29.9754
137.2201 29.6860
136.8453 30.0118
132.1596 31.1732
131.7142 30.6343
138.0915 30.1496
128.7191 27.9734
131.7005 30.9666
136.6987 32.0154
133.2291 30.2954
136.8473 30.5911
133.0936 32.5508
131.7199 31.0443
135.6507 30.0511
137.7867 30.3333
134.5007 32.2833
137.5160 30.5396
136.0011 32.3033
137.0762 32.5544
136.9197 29.9650
136.8174 29.7074
131.8163 31.5259
131.4732 30.5034
131.6451 31.0454
137.5007 29.8722
137.2564 30.0423
136.2813 30.9975
131.9600 32.0880
135.1019 30.3155
136.5058 32.2972
137.0736 32.9243
135.1428 29.9794
137.8303 29.4838
133.2329 32.1024
135.5012 31.9649
131.5331 30.5914
136.2763 31.5460
133.4494 32.5448
137.5473 31.9893
135.7516 30.3030
137.3593 30.0002
137.6700 29.9789
134.9111 29.7482
136.7856 32.3879
128.8874 29.0039
136.2898 31.9261
134.4495 32.3059
136.9763 32.5496
136.2560 29.1068
136.3344 31.3821
137.6019 29.7670
136.1211 30.8678
134.2586 32.3181
136.2866 30.6631
137.3623 32.2946
132.6053 32.3409
137.7752 30.2498
136.0270 31.0981
132.0068 32.2808
136.9857 32.9263
134.6245 32.2609
135.5806 30.2345
136.4585 30.6579
137.1680 31.2673
137.4485 32.2428
137.9045 30.3479
137.0767 32.5136
134.5699 31.8852
136.2825 31.3026
128.6647 28.3361
131.6575 31.0401
137.1212 29.8729
136.2721 31.4806
134.4414 32.2955
136.2626 31.6124
135.1418 32.1709
137.0581 30.5297
136.6875 29.5983
136.5792 30.4248
137.7164 29.9899
136.4044 30.1892
131.7800 31.3792
134.6043 32.0527
137.0352 30.6864
135.5064 30.6018
134.4672 32.3125
135.8599 32.1246
134.6122 32.0899
136.9559 30.2136
135.0641 29.5167
136.3651 31.3087
128.5579 28.7759
137.4958 30.6594
136.4138 31.8978
131.5800 30.8068
131.8153 31.1484
136.1868 31.7111
136.4137 32.1326
137.1787 30.6406
136.1490 31.9604
136.5354 30.8466
129.1996 29.1860
136.8777 30.9738
136.9995 29.4792
137.2713 29.8750
137.4162 30.1015
136.4443 32.0163
136.8708 30.1618
135.9919 31.9391
136.9530 29.8123
131.9233 31.1845
135.5405 31.9440
132.1467 31.5794
132.6092 32.2066
135.4653 29.4051
136.4951 31.3359
131.7785 31.1765
129.6243 27.6732
134.5621 32.2923
137.1867 29.6887
137.4548 29.9477
135.6813 31.8365
136.9962 32.3223
134.6291 32.1186
135.6939 31.6913
134.6575 32.1480
136.2157 31.6977
135.3196 30.8132
136.7978 29.8383
136.6229 30.4208
136.5305 30.4939
129.2514 27.3949
131.5472 30.9701
133.0398 32.0648
135.2018 32.1432
135.6785 31.5460
136.5532 31.6092
137.4197 29.9380
136.3853 32.0107
136.8322 30.1112
131.5224 30.9102
137.4071 29.4890
131.7286 31.3042
135.2320 30.0843
134.7402 32.2737
131.6708 30.9396
131.8524 31.4717
133.1904 32.1116
136.4721 32.0764
137.0698 30.4002
131.7971 31.2925
132.9463 32.1498
136.7285 31.1539
131.6962 31.2951
132.3610 31.9095
131.6042 30.9071
136.4522 30.7171
136.9990 30.4712
136.1397 32.4023
132.2180 31.5855
128.9565 28.0902
137.3991 29.6574
132.0752 31.4059
136.1503 30.7402
137.5448 29.9478
137.0436 30.5721
136.7530 30.9280
131.6015 31.0820
134.6796 30.9080
137.4674 29.8782
136.1867 31.8061
136.3786 30.9621
137.2927 30.5576
137.5429 31.8106
134.1920 32.1755
131.6023 31.2195
135.2762 29.4676
136.2783 32.2727
135.7392 31.8937
136.4657 32.5289
136.7139 30.3873
136.3436 30.7797
136.6019 32.6786
135.6712 32.9232
135.8112 32.5604
136.3035 32.7149
136.7093 32.7307
135.8857 31.7200
132.7311 32.3059
136.7901 32.2769
135.8904 31.5491
137.5657 30.9504
137.4048 32.8989
128.9888 29.2174
135.6000 33.0226
136.8437 32.7829
137.5534 30.5434
136.9356 32.7854
136.4415 32.6603
136.6989 31.8340
129.1486 28.3518
135.4309 32.0765
135.2229 32.4657
136.0684 32.8837
133.7474 31.1364
137.5583 30.2175
136.6975 32.7581
132.8197 32.3258
137.7359 30.6858
136.7387 32.1411
136.9809 33.0197
136.7325 31.4777
128.6799 28.9347
135.9308 31.6339
129.3521 29.3418
135.5606 31.9696
137.4924 30.9509
136.1234 31.1665
136.2635 32.9345
136.3062 30.9467
135.5041 31.9167
136.3674 31.8622
136.9340 30.1539
135.8168 32.8874
137.3185 30.9049
137.6332 30.9384
136.2596 32.5090
136.7325 32.3719
135.9471 31.7193
136.6916 30.8355
129.0403 29.4520
136.5450 30.4117
137.7091 31.9205
137.4637 30.6928
129.4180 29.5552
135.8807 31.7259
136.3591 32.9945
136.4151 32.0906
136.5508 31.3877
132.4405 32.2782
136.0529 33.0588
136.0783 33.0055
136.5696 30.5454
136.6517 32.3154
128.9653 29.2495
136.8206 30.3469
137.1839 33.0220
136.0932 32.8748
135.8642 31.6418
136.2550 30.7742
137.2693 32.9521
137.5844 30.7263
132.2100 32.2681
135.1117 32.2100
136.3539 32.6136
136.6991 31.0285
136.8214 32.9554
128.9567 28.3876
135.0427 32.3035
137.6077 32.2106
136.8330 32.8071
137.0116 32.9427
135.9200 32.9171
137.2045 32.9756
136.4053 30.6554
137.0052 32.7845
136.6965 30.9329
137.1457 33.0590
135.9639 31.7415
135.6439 32.5543
135.9065 31.7015
137.4391 32.6979
135.4814 32.0374
136.2104 32.0358
136.8746 32.3633
136.2633 32.8840
137.0154 31.8089
135.3257 32.0572
136.0829 32.4839
136.4768 32.9379
136.4033 30.7889
136.8661 32.8086
135.2170 32.1630
136.3831 32.9552
137.7214 30.5327
136.8215 32.4410
135.9202 31.4212
135.6497 32.3166
135.9650 33.1671
136.6100 32.8136
135.9493 32.5570
137.5021 32.3368
136.6925 31.0960
135.8092 31.8546
136.1906 31.0329
137.1125 33.0158
136.8205 32.6061
136.2462 32.9630
136.3426 32.2994
136.7447 32.3760
136.1962 33.0180
136.3046 32.9680
136.8291 31.8566
136.3268 33.0818
131.9552 31.8320
136.6083 32.4992
136.7818 31.6362
136.5554 32.8869
136.2282 32.8058
137.4239 32.7321
137.4706 32.6823
135.8744 32.9560
135.6169 32.0131
136.3775 32.9196
136.5167 32.5708
136.4456 32.6707
136.2765 32.8701
136.4885 33.0381
136.3088 32.7156
132.1451 32.0874
136.6455 32.4394
137.0245 32.5020
137.0297 30.6095
136.6313 32.3885
136.8692 32.1772
136.9336 31.7418
137.6507 30.2914
136.4015 32.7886
136.8194 32.1496
137.6079 32.3098
135.8943 32.9241
128.9507 29.3624
136.6655 32.9945
136.8170 32.2980
136.7730 32.0552
136.8717 32.3236
136.1222 32.1367
136.0227 32.9225
137.4663 30.5147
136.6172 32.8807
136.5896 32.5770
136.2260 32.9422
136.8744 32.8047
136.6481 32.2449
136.4868 32.6396
135.7833 33.1449
137.0880 30.6079
136.7791 32.8639
136.8902 32.6896
135.2463 32.1789
136.7819 32.3818
136.3789 32.7278
136.1774 32.9343
136.8298 32.0094
135.4120 32.6264
136.2084 32.9165
132.6938 32.1819
136.7281 32.3939
136.9727 32.9284
136.5788 32.9034
136.0187 32.2859
136.4958 32.3064
136.7765 31.7775
134.6311 32.0363
136.0010 31.6664
132.0558 31.9056
136.1269 32.8178
136.8696 32.4522
135.7261 33.0477
136.2634 32.8273
137.3292 30.5865
136.7329 32.2721
136.8444 32.8328
136.0392 31.4850
135.6799 33.0850
136.6747 31.7534
136.4901 32.7015
136.5529 32.5838
136.3379 32.7949
136.7319 32.6277
136.1030 33.1014
136.7611 32.3836
136.0060 33.0605
135.5294 32.0356
136.3863 32.6198
137.4489 30.5095
129.4936 28.9586
128.8101 28.3155
137.5258 30.4311
137.6183 30.4231
129.4683 29.0338
136.5486 32.4540
136.2465 33.0045
136.5185 32.9211
135.5016 32.0506
136.9268 32.9212
136.4814 32.7465
136.3850 32.8507
135.4772 32.0883
136.8989 32.7821
132.8566 32.2711
135.7871 33.0144
136.8597 32.3203
136.9525 32.2169
135.4214 32.4822
136.6691 32.4550
135.9086 33.0716
136.5147 32.0091
129.2283 29.2573
135.9651 33.0704
132.3120 32.1506
136.0649 33.0873
136.5778 32.5117
136.4065 32.7913
135.5241 32.4345
136.4559 32.6096
136.4471 32.7164
136.4821 32.5913
136.7649 31.9803
136.1107 32.9677
136.4815 30.3686
135.6893 32.4670
134.5793 31.5219
137.7887 30.9339
138.1194 30.3201
136.7518 32.1895
132.2844 32.0553
136.8673 31.7939
134.5291 32.4661
137.4713 30.8307
137.3123 32.9063
135.9196 31.0226
137.4477 31.1905
136.5224 31.7553
135.7957 29.7087
135.4377 29.7251
133.1888 32.4308
128.5450 28.6497
135.5309 32.5374
134.8360 31.5766
128.7304 28.4838
129.3873 29.3636
129.3047 29.7118
138.0368 29.5714
135.9956 30.2645
137.4585 30.5304
133.1361 32.4663
137.1556 31.6326
137.5344 30.8964
131.9652 31.8944
134.2220 32.1872
136.9549 31.7972
137.1595 29.9806
129.1230 28.5068
136.0805 33.0471
136.8318 33.0552
130.5228 28.2233
135.8354 32.7699
136.3248 32.1980
137.3671 29.8749
136.6001 31.9116
135.4203 31.8514
136.0154 32.2975
136.7785 30.7159
130.9533 29.8765
137.7166 31.0015
136.8168 32.4416
134.9017 32.1569
132.9653 30.5904
135.8797 32.1206
127.2238 31.7661
129.5776 28.0288
136.1545 30.9057
129.0477 28.7364
136.2662 32.1340
136.4647 30.4025
137.3897 32.7754
137.7780 30.2673
129.2129 28.3190
134.8338 32.1758
137.5892 30.9381
137.4500 29.7022
138.0554 30.7392
137.1820 32.6337
135.5655 31.0180
137.1219 32.0054
136.7498 31.5051
131.7522 31.9707
136.2268 32.7263
134.6660 31.5506
138.1460 30.7587
135.1918 33.1367
136.7141 32.6523
131.6760 30.0029
137.4326 30.3691
137.5123 31.1333
137.0383 31.7495
136.0899 31.0165
137.5837 29.9759
136.8748 31.6493
134.3376 32.4561
136.7104 32.7711
135.7682 31.3414
137.6080 30.7296
136.6110 32.8589
131.2971 28.8640
137.3516 32.8051
132.1045 32.0893
134.9854 31.9798
135.6808 33.1332
134.8358 31.1369
131.4472 31.1905
134.4971 32.2809
136.2033 32.5697
129.9023 28.8117
135.0492 31.3596
137.8003 30.0023
135.3439 31.3308
135.7768 32.8619
129.2409 29.3992
135.7595 32.5080
135.6497 31.9677
136.8681 30.7114
137.6532 30.5080
134.4356 32.2864
137.7903 29.3486
135.1861 32.1916
129.7350 28.9603
134.9225 32.2957
135.7677 29.7024
136.5462 32.5676
136.0058 31.5790
132.2796 32.5606
135.8482 32.9852
135.7933 32.2871
137.4274 31.5649
136.3787 30.3375
137.5419 30.6765
133.2680 31.9229
136.8954 30.1911
129.3797 29.3462
136.8388 32.3542
137.0073 32.4067
135.9629 32.6660
137.1417 30.5091
134.0896 32.3836
135.4752 29.3388
137.0784 29.8692
136.7315 32.5646
136.3705 31.1806
135.3349 31.9260
138.1377 30.0371
138.3998 29.7165
136.3286 32.4458
131.5789 30.7109
134.6647 32.0606
136.6676 30.8241
133.4431 31.9641
136.3911 32.4475
132.5119 32.4986
132.8742 32.1921
134.6793 32.2281
138.0801 30.8302
131.6479 30.8252
137.5719 30.9936
136.1516 32.2628
137.1535 29.8119
136.0466 31.8938
136.8987 29.7860
128.8575 28.2463
136.2996 31.6989
137.5698 30.5734
135.1210 30.5964
137.0868 30.5502
135.4777 30.3563
136.3222 31.4743
136.1055 32.3769
137.3385 32.8224
136.1764 32.8778
137.2993 29.9172
137.5100 31.6948
136.6927 30.6084
136.4407 30.7875
131.6285 31.0779
136.7691 32.3315
137.4309 29.9204
136.4301 32.5357
137.4049 31.7924
136.7899 32.2187
136.9336 32.0730
135.8797 31.1057
135.5694 31.9850
136.2479 31.5894
134.4360 31.9738
135.8412 31.5842
137.1088 33.0492
136.2645 32.3912
135.3760 32.2798
131.8404 31.5183
136.1802 32.1787
128.7946 28.3762
134.6105 31.1469
135.3739 32.0190
135.6799 30.0618
131.7312 31.1744
136.6705 29.7974
137.2622 30.8463
136.7985 32.7364
137.2813 29.5446
137.7942 30.0531
136.6132 32.1896
137.8666 31.6028
135.9690 32.0977
129.2527 29.1788
136.6976 31.9154
137.3862 30.3495
134.0453 32.4397
136.8753 30.5423
136.8411 30.2852
136.8711 30.9090
135.0856 30.6388
135.0677 30.6030
136.4574 31.4511
136.7795 30.3460
131.7140 31.1731
132.1398 32.2709
137.1302 30.4745
136.8075 30.5594
136.2216 31.6252
138.1661 29.4515
137.9677 30.4460
137.3534 30.0651
135.1390 30.2605
136.6907 32.1039
128.9191 29.2276
136.9128 32.7167
137.6544 30.5068
132.8950 32.1825
131.6038 31.0359
137.0583 29.6553
136.0199 32.8623
135.3619 30.4910
134.9074 32.2481
137.8842 30.6459
135.5773 31.9926
136.9383 30.0961
134.4424 32.0407
136.3299 31.2516
136.5194 32.3536
136.6002 32.4988
136.3582 32.3530
135.8025 30.0359
136.0143 31.9884
134.7108 32.2332
131.5990 30.8669
136.4556 32.5302
134.6340 32.1665
136.3172 31.4728
137.1736 30.8184
136.8873 30.2092
137.0713 30.2634
136.2939 32.0164
133.2888 32.0430
137.3545 32.1882
131.7952 31.0667
136.8984 32.2372
130.0869 27.9724
137.2134 30.0394
136.3528 31.9956
137.1462 32.3711
136.8977 32.2343
136.7675 32.2308
135.2925 30.7695
135.1415 30.9921
136.3189 30.5167
132.0266 31.3198
134.7193 31.0224
136.3041 31.0246
137.0963 30.4628
131.6480 30.9704
136.8403 30.4424
136.4416 31.6811
136.5081 31.9594
136.8307 29.5741
131.8498 31.0404
136.3545 32.0056
137.2753 30.5680
137.7326 30.1385
137.9133 30.0051
137.0538 30.6792
134.7695 32.2796
128.8274 28.1730
136.2616 31.5304
136.6847 30.6581
132.6057 32.1436
137.0575 32.5387
137.0563 30.0891
137.6089 31.7592
135.3270 32.0503
131.6667 31.0135
131.7346 31.3788
136.3537 31.9754
136.2798 31.6188
137.0446 30.0008
137.0102 30.0203
136.5309 30.3675
135.7639 31.2409
131.9026 31.2640
135.0482 32.2105
136.4404 31.8502
137.4011 31.2316
136.4713 32.3304
131.6821 30.9019
136.7339 31.0268
134.7503 32.1750
132.1897 31.6210
136.3768 32.5579
129.4630 29.0208
135.0457 30.9262
136.3081 31.3670
136.3428 31.9682
134.5704 31.8586
135.2520 32.1232
134.2275 31.4543
137.1741 32.7730
137.2757 29.7236
136.3333 31.5679
134.6435 31.0379
136.3540 31.2138
128.7596 28.2243
131.9555 31.2595
128.8083 28.3203
136.7426 30.4352
136.4189 31.2564
137.3488 29.7184
136.0702 31.8168
134.3605 32.2345
136.7710 31.4215
135.7245 31.7267
136.2958 32.0897
135.6254 31.1826
136.4034 31.7980
135.2673 30.7919
136.2399 32.0433
132.6281 32.0237
138.1759 30.2223
136.3823 30.9330
136.5637 30.7193
128.8399 28.1404
137.4154 29.8257
137.1994 29.9655
129.6578 27.6917
136.9901 29.7946
136.8325 30.7623
137.8533 30.4544
137.2654 30.3315
134.7592 32.2324
136.9654 30.4681
138.1938 29.4417
137.1140 30.1601
133.8031 32.4316
132.2483 32.2979
136.7658 30.4538
137.2861 29.8798
137.0219 30.3764
137.7160 30.4296
134.5061 31.7348
137.1367 30.4046
128.9582 29.0549
134.9736 31.0099
136.1608 31.8118
138.3117 30.3793
136.4790 31.7685
135.1507 29.4860
134.9916 29.4265
136.0799 32.2194
132.1433 31.5427
128.7848 28.9852
135.0278 32.2032
135.2957 32.0986
135.3661 30.5758
137.1680 30.0006
131.4119 30.6145
137.1482 29.3792
132.6397 32.1539
137.3536 30.4914
128.9951 28.0519
135.4751 31.9912
134.1190 32.2112
129.0226 28.2036
136.8864 32.1484
136.8590 32.6130
135.9218 31.7039
129.0067 28.3124
136.8916 29.8835
134.8748 32.1064
137.1217 29.7003
132.2471 32.0124
136.6410 31.9795
128.8250 29.0086
137.5701 32.1938
134.8982 31.3126
134.9469 31.9747
131.9000 31.7392
135.8320 31.8112
136.5090 32.3136
136.2392 32.1459
136.1519 32.4209
136.8529 31.4411
136.6871 31.7726
137.4961 30.8216
136.1341 32.4318
134.7754 31.9302
136.7131 32.0820
136.4405 31.4578
134.8091 31.0934
135.6267 30.2670
135.5966 30.6256
132.8618 32.5455
136.4231 32.6213
128.8030 28.4964
136.0705 32.6396
131.8773 31.4982
128.8178 28.4588
132.8021 32.0768
136.3671 32.2202
135.7784 31.7693
135.0773 32.0413
137.0657 32.8003
132.0363 29.0080
131.7856 31.2543
134.9290 32.1345
135.8915 32.9273
132.7905 32.2144
136.2025 32.6716
136.9161 31.8824
137.5596 30.7900
136.6010 32.2625
136.1208 31.8987
129.3993 29.3832
132.7237 32.3301
136.8028 31.3993
128.9028 29.0205
136.6013 32.1989
135.6803 31.9108
136.0950 32.7206
136.4185 32.3230
129.0944 28.1157
137.3057 30.5608
133.0861 32.1492
136.8274 32.0479
131.7760 31.1741
133.8619 32.5052
136.5096 30.9527
136.9900 29.9725
132.1594 31.8396
134.5540 31.3929
128.8761 28.3616
136.8103 32.5228
132.0097 31.5007
137.3901 31.9814
129.2392 29.2191
133.3011 29.5815
134.7003 32.2531
136.6135 30.3530
134.7725 32.0976
136.7312 32.0617
137.4165 30.3971
134.9068 32.1246
136.5929 32.0373
132.2099 32.3418
132.0552 31.9017
135.6293 31.9052
136.2213 32.8184
134.1085 32.4530
135.5840 31.9852
137.3971 32.7123
136.0160 31.5902
136.0263 32.6668
135.6060 31.9680
132.7303 32.2949
137.0611 30.3996
135.7300 30.1541
132.0152 31.5396
136.9661 30.0961
134.7849 32.2276
135.7633 31.8874
136.2799 31.5665
136.5412 32.6031
133.1559 31.8722
135.5420 31.9890
136.2897 32.7925
136.7850 32.4309
136.7262 31.3137
136.5826 31.1275
129.6015 29.6656
137.8000 30.0703
132.3926 32.5049
134.9855 32.1323
135.9077 32.8462
135.9768 32.6568
131.6161 30.9787
136.6752 32.4704
133.0518 31.9590
131.6895 31.1824
131.6540 30.9646
135.0705 31.1794
135.4360 30.0740
134.1096 32.4517
131.9450 31.6352
136.6761 32.2707
136.6352 32.4306
129.1060 28.2113
131.8448 31.4199
136.0053 31.7333
135.9018 32.4700
136.2570 31.4632
136.0424 31.7637
135.6230 32.9941
136.2181 33.5385
135.5789 32.9464
135.5700 31.9966
136.6147 32.4880
137.2588 30.5978
136.3683 33.1229
136.1496 31.7397
136.3505 33.2640
135.3678 32.1245
135.2457 32.1998
135.7635 32.0007
136.8032 32.2215
135.5815 32.0241
136.8407 32.8591
135.6695 32.0211
137.5538 32.5657
135.6040 32.0027
135.4605 32.6955
135.9249 31.8604
136.7279 32.7607
136.1505 31.6617
136.4595 32.5600
137.2045 30.5284
135.7683 32.7135
136.8561 30.9520
135.3184 32.1593
135.8985 33.3200
135.4469 32.0892
136.3030 33.1383
136.4957 33.1232
135.4913 32.0816
135.7043 32.8314
136.7777 32.3208
135.0585 32.2964
136.7530 32.0921
137.0020 30.8127
136.1016 31.5572
136.2997 32.7254
136.2415 32.1156
137.7567 31.8638
135.9486 32.3817
137.3380 30.4242
136.8211 31.0589
136.6152 33.3693
137.3061 30.4685
135.4404 32.1297
135.8280 31.8624
137.4188 30.3844
135.6896 31.9481
135.0871 32.2703
135.2354 32.2038
136.6224 32.8650
137.4087 30.5340
136.9320 30.6976
136.2798 32.7136
136.7490 32.3444
136.9936 30.9372
137.4435 30.5740
137.1343 30.5692
137.0620 32.6740
135.3442 32.1568
135.2535 32.7663
136.2886 32.7379
136.3171 31.4615
136.8923 32.2954
135.0977 32.3057
137.2254 30.3694
137.2815 30.2056
135.8000 33.2238
135.3441 32.6972
136.7954 31.2748
135.4891 32.0440
135.4915 32.6839
135.7463 31.9288
136.7773 32.8147
136.9038 30.6062
135.3099 32.7176
135.2478 32.1999
135.5298 32.0833
136.3019 32.7872
136.8101 31.2285
135.1723 32.2614
136.3784 31.7787
137.1049 30.7777
136.5466 32.5089
135.9250 32.3085
136.1709 32.8900
135.2788 32.2129
136.4876 33.2479
135.0939 32.2805
136.3400 32.9906
136.8120 32.9740
135.9099 31.8772
136.9550 32.7774
136.4341 32.5943
136.9232 30.7126
136.8581 32.2949
137.2495 30.4746
137.0119 32.6842
135.6526 32.0168
137.0356 32.5118
135.4792 32.1013
134.9408 32.3609
136.0664 31.8362
135.4432 32.7180
135.8318 31.8701
135.9914 32.5234
136.3687 32.6606
136.4374 32.3632
137.0519 32.6651
135.7345 32.4581
135.2864 32.7090
136.7841 32.2859
135.3682 32.6653
136.9120 32.8516
135.8118 31.8793
135.5130 32.5112
136.9598 32.7678
135.8964 32.5653
137.1710 30.4876
136.8006 32.1835
137.0262 32.4511
135.1433 32.2711
136.6621 32.4251
135.1998 32.2214
135.4768 32.0581
136.9246 30.6405
136.5089 31.0730
135.2049 32.2187
137.0088 30.7699
137.3271 30.5668
136.4957 31.0731
136.4681 32.5095
136.3341 32.8404
135.4017 32.6861
136.0462 33.3057
134.9954 32.3358
136.9010 32.3072
136.2573 32.1413
136.6165 32.7229
135.7312 31.9489
136.1275 32.5695
136.8152 31.2535
137.3763 32.9881
135.2546 32.2134
135.4858 32.7465
136.4168 32.0922
135.5713 32.7294
136.1193 33.5202
136.5204 31.1671
136.0096 32.3656
136.5848 32.9225
135.4282 32.6722
137.0163 32.7322
136.2500 31.4862
137.3222 30.4754
137.1945 30.6750
135.9185 31.8622
131.0745 30.4350
136.8465 32.3272
135.7460 31.9374
135.6267 32.0450
136.6623 32.4126
136.7486 32.7502
135.9244 31.8653
136.9409 31.1135
136.1948 31.4378
136.9508 32.6912
136.3955 33.6610
136.7843 32.7695
135.4200 32.8893
136.6827 30.9336
135.9937 31.7783
136.6340 33.5650
135.5831 32.0031
136.8366 32.3176
136.1154 32.8217
136.8258 32.6505
135.6342 32.8633
136.1481 31.5997
135.3897 32.6941
135.2986 32.8325
135.5831 32.0271
136.8460 31.0724
135.3149 32.6287
135.3617 32.6376
136.1477 31.5412
136.8481 30.6900
136.8493 32.2656
136.6488 32.3194
136.0049 33.2505
135.4033 32.1385
136.7670 32.7160
135.8931 32.8314
136.3021 32.7165
135.4682 32.6760
135.2167 32.2000
136.9532 32.3187
136.3223 31.4744
136.5911 32.6640
136.8686 32.7327
135.5036 32.5821
136.0649 31.6132
136.1416 33.3915
135.6587 32.5221
135.9558 32.6137
136.4873 32.3097
136.3489 32.7046
136.0609 32.5041
137.4322 30.4666
136.5342 32.5121
135.1774 32.2293
136.9814 32.3826
135.4047 32.1096
136.8219 32.5392
135.5340 32.8835
136.6364 32.7220
137.1875 30.6732
135.5249 32.7383
136.6930 32.3116
135.0158 32.3301
135.6094 32.7992
136.6263 33.5760
136.1512 31.6604
136.9398 30.6050
136.9241 30.4531
135.4377 32.7962
135.5868 32.0240
135.0370 32.2913
136.1139 33.4713
137.0912 30.7711
136.9151 32.3217
136.6623 32.7833
136.6245 31.9442
135.3301 32.1624
135.3306 32.6558
135.4091 32.5725
134.9709 32.3410
137.3916 30.5751
137.3960 30.6261
135.5031 32.0660
137.2146 30.5755
135.4510 32.0784
136.4829 32.5160
135.1120 32.2549
135.4686 32.4975
137.5511 30.2140
136.6082 32.3728
135.2042 32.2185
137.3145 30.6132
136.4524 32.9111
135.7203 32.8334
137.2752 30.4938
137.1792 30.5792
136.9965 30.6631
136.9093 32.4457
136.0228 33.2310
136.5608 32.8715
137.2565 30.6198
137.2857 30.5120
135.2908 32.1737
136.4697 32.8822
136.4883 31.7457
135.3924 32.6981
135.3267 32.1486
135.4506 32.1131
136.3824 32.1840
137.0097 32.4994
136.7956 32.1893
135.5250 32.0411
136.9122 32.7757
136.5560 30.8734
135.6838 32.4729
135.2727 32.8058
137.2876 30.3155
137.2644 30.6176
136.3158 32.2839
136.0870 32.8575
135.4137 32.0821
137.0026 32.4283
135.7525 32.5462
136.8330 32.2189
136.7645 32.1367
136.4964 30.9570
137.4267 30.4387
136.9855 32.4276
135.6179 31.9991
136.1263 33.1764
135.4906 32.0999
135.6261 32.0149
135.4625 32.0968
136.8638 32.3726
135.5401 32.7126
135.2333 32.2033
136.3006 33.0534
136.1605 33.1984
136.1233 31.7635
135.5116 32.0636
136.9954 32.5709
137.5149 30.2651
137.3397 30.5815
136.5083 31.0966
137.3909 30.2502
136.1589 31.6329
135.3955 32.6875
135.9852 32.7601
135.7909 31.9450
135.4357 32.1259
135.4515 32.5952
135.0832 32.2957
136.0425 32.2557
137.5929 30.3759
137.2522 30.3832
136.0707 32.8698
136.8086 32.2633
136.3942 31.8189
135.4728 32.5211
135.2299 32.2212
136.4396 31.1610
136.6323 32.8619
136.5373 31.0447
137.1056 30.5077
135.5414 32.0255
135.5750 32.0448
136.4767 32.9770
135.9447 31.8644
135.9489 32.3155
134.9825 32.3060
135.4558 32.6606
136.1166 33.3158
137.2890 30.5308
135.9010 32.3580
136.1701 32.7629
136.1477 32.8249
136.8706 32.3468
137.4236 30.5252
135.3033 32.1636
136.7057 30.9399
136.0972 33.0906
135.6221 32.4630
135.4194 32.1070
137.3778 30.5279
137.2896 30.2722
136.3931 31.1718
135.6469 32.8029
135.4619 32.0935
135.9523 32.8320
136.9625 30.3355
136.7993 31.1700
128.6031 28.7239
136.6219 33.4467
135.3478 31.8661
138.0391 30.5873
131.5440 30.0197
136.3610 29.2538
136.9807 31.5581
128.9454 29.2241
136.1922 30.9357
136.9973 32.9778
138.1128 30.2569
133.8260 32.2209
135.0745 32.2599
128.9824 28.3714
136.0017 32.5470
137.8196 30.6003
136.7334 32.1746
134.3927 32.2360
135.1287 32.6542
132.2558 31.5663
136.1428 32.1618
137.7717 29.5856
137.8398 30.6442
134.4021 32.4744
131.6711 30.9712
132.5023 31.5123
130.6796 29.7283
134.8639 32.0482
133.1474 29.1564
132.1369 31.5836
131.2857 30.9934
131.4539 30.2336
134.2667 32.2703
136.8434 32.6351
135.5708 30.1412
134.9504 31.9875
135.3938 31.7746
135.0591 32.3498
137.2755 29.6260
133.2244 32.3590
137.0420 30.2091
131.8122 31.8143
136.8519 29.6851
136.3615 31.3998
136.1812 31.8856
137.3541 31.5785
128.5971 28.3557
137.5054 31.5360
137.1383 30.4081
137.5051 29.8692
137.0085 32.3375
129.5899 29.4691
136.3844 30.5091
135.6045 32.8781
132.2126 32.5226
137.5368 30.1848
136.7152 31.3297
128.9166 30.4566
137.0342 32.5988
137.3023 32.3919
136.1499 29.9038
137.2290 29.6682
129.2954 29.2955
134.8894 31.5922
137.6473 30.0558
136.2737 30.9847
137.4223 29.5727
135.8825 31.4974
138.0069 29.5209
138.2132 30.7096
136.1694 31.2596
135.5645 31.7784
136.3659 32.4720
132.4168 31.9187
136.9805 33.0302
136.0796 31.3526
136.7382 29.1512
134.6844 29.6679
136.6893 30.3830
130.7310 29.9486
135.3378 30.7421
136.8499 32.5978
135.8687 32.7464
131.8405 31.1763
137.0306 32.8272
136.3274 30.8911
135.4418 31.1397
136.1858 32.2885
134.7419 32.1324
136.8517 30.1301
136.3024 31.5748
135.4484 30.3832
138.0545 30.8536
129.4991 29.4253
128.9883 28.2667
137.1342 29.9112
135.2122 31.5158
136.8736 29.3437
132.2943 32.0630
137.5503 30.1143
132.2594 32.2547
135.7187 33.3021
129.0367 29.3265
135.6274 31.6701
131.6907 31.7264
134.9881 32.4550
136.8250 32.2524
132.8757 32.2585
128.9636 28.6368
137.7271 30.7058
132.0534 31.6801
131.7493 31.4370
136.9088 29.8605
136.9505 30.8138
128.9032 28.1139
137.8294 29.8713
135.4276 32.0872
130.6759 28.4426
135.3372 30.6248
136.3240 30.6512
132.7995 32.2408
137.9894 29.9398
131.6731 31.2401
136.8315 31.3557
137.9573 30.8812
137.8843 30.4115
136.2903 32.0763
137.1676 30.3865
134.4621 32.3107
131.9567 31.7423
138.0368 30.5130
136.7981 31.3669
137.0622 30.7109
137.9227 30.1273
130.4980 28.1252
135.1943 31.1119
137.7850 30.7437
132.8034 32.4898
134.6028 32.1828
136.5538 31.0268
137.5885 29.7495
128.7075 28.3746
134.6555 31.5141
137.4443 30.9644
136.2293 32.3851
134.7119 31.7636
129.3159 29.1388
136.9624 29.7584
136.3357 32.1702
134.6153 32.3330
131.9985 32.1694
133.0872 31.6259
135.7499 31.8607
137.8887 29.8136
131.4440 30.4734
128.8868 29.5293
136.3535 30.7708
136.5220 31.0884
131.9611 31.3486
132.9872 32.5338
134.9056 32.0770
136.9930 30.6091
132.3880 31.8717
128.7252 28.9968
135.2822 32.0911
133.2153 30.9216
136.7626 29.8526
129.4033 29.3035
136.4489 31.4600
135.9376 30.9601
131.5792 31.2155
135.6281 31.9514
136.9560 29.6479
137.4139 29.1717
137.9700 30.1653
135.3269 31.9872
137.2091 30.6614
134.8781 32.2230
136.1624 30.9289
135.5549 31.9188
136.4516 32.3689
133.3686 30.5930
134.6775 32.1336
137.9302 30.8397
134.5909 32.3120
135.2522 31.9744
132.1127 32.1664
134.8381 32.0038
136.2886 31.8823
136.5375 31.1103
137.4527 30.5266
136.6752 31.0983
135.4226 31.8927
134.8393 31.5768
128.6734 28.5033
137.5860 30.5139
137.9448 30.8256
131.6295 31.1726
137.5567 30.0314
128.9152 29.0214
133.5155 32.5817
135.3831 30.8809
137.5736 31.0603
135.4265 32.1031
134.8847 32.5814
134.4412 32.1800
136.5373 32.2632
134.8867 31.7497
136.1796 31.6156
128.7630 29.0114
135.7508 31.7132
135.6015 31.5118
136.4622 32.1299
129.4664 27.7720
131.5526 31.2732
136.0288 32.7866
132.0498 31.5553
136.6428 31.7148
137.4807 30.0944
136.6948 32.3243
136.7612 31.2948
132.6964 32.1910
129.1640 29.4942
137.4337 30.5991
138.0200 31.0745
136.7512 31.3056
135.3626 32.0941
136.9659 30.6821
132.0548 31.6043
136.8521 32.9255
136.9286 32.6128
137.9090 30.0890
128.9892 28.1960
137.7155 30.2554
135.8890 31.4953
135.5573 32.5240
136.2425 30.8004
128.8516 29.3741
129.0552 29.2526
133.5222 32.0097
136.2423 32.0525
136.7956 32.6947
137.8845 30.2295
135.0416 32.2401
135.0879 32.0129
134.9100 32.1190
136.1434 33.0859
137.3771 32.6069
136.4460 30.4363
137.2457 32.7117
135.0800 32.1915
137.5582 29.8614
135.3041 32.5944
132.8988 32.4921
136.8287 32.0575
136.9052 31.9096
133.0051 32.5264
134.7466 32.0151
135.9673 29.9639
136.7229 32.3345
135.8345 31.6597
136.3001 30.6693
136.0750 33.0640
132.7333 32.3954
136.4172 32.5220
132.3434 32.2542
136.2216 32.1781
137.4601 31.0772
137.6523 29.9607
137.1402 31.1012
137.4537 31.0367
135.3010 31.9260
135.9280 31.3989
135.4751 31.9833
133.1201 32.2577
131.9194 30.5264
136.1560 31.5016
136.3409 30.8009
137.6162 29.9906
136.8978 29.9621
137.8301 30.7225
132.1250 31.5936
135.7169 31.9210
128.9805 28.2173
134.0713 32.4257
137.6668 30.2980
132.5781 32.0753
137.0792 30.6966
136.6160 30.9252
128.6516 28.5316
129.6680 27.8452
128.4400 28.6278
135.9598 31.5526
134.9119 31.9812
137.1051 31.1002
136.2516 30.6950
135.6192 32.9942
129.3321 30.6982
128.9165 28.9999
136.5383 32.5095
129.6149 27.7653
137.5747 29.8996
135.8817 31.4246
135.7667 32.7509
136.8247 31.0546
136.9718 32.8173
133.2683 32.0283
131.8932 31.3890
135.7441 32.7429
136.0285 30.2106
131.4357 28.8858
137.6038 29.7091
136.4939 31.8023
134.8673 32.3020
137.3381 32.0052
135.8468 31.3914
135.5634 32.2784
135.8095 32.7214
136.1140 30.9085
134.7578 32.0684
137.5937 30.4723
129.2642 30.6266
131.8132 31.4435
136.6453 32.2651
129.4654 27.8818
131.6210 30.8968
129.7137 27.9545
135.4194 31.9162
136.7988 31.0985
129.3854 29.1980
136.8056 32.6544
136.9123 32.8423
136.7363 33.1196
134.3701 32.0574
136.5685 32.2491
135.3650 32.1277
136.9644 32.8158
136.2485 32.8670
136.1678 32.9599
137.4740 30.6088
136.3676 32.7916
135.7696 33.0794
136.1181 32.0542
135.1808 32.2383
137.4421 30.6660
137.4688 30.0157
136.9123 32.9293
136.6177 32.0790
136.9303 32.2105
136.8754 32.3027
136.3547 33.1493
136.5501 31.4830
136.5128 32.6361
135.4785 32.4451
136.8679 32.4006
136.9090 32.3379
136.5294 32.8969
137.5390 30.0827
136.1085 33.0916
135.4596 32.4423
136.7384 32.2187
136.4711 32.7258
136.9577 32.4445
135.8639 32.9485
136.4942 32.7201
137.6134 30.3684
136.6497 32.6000
136.8119 32.4094
135.7107 31.9481
137.4896 32.5828
136.6996 32.2560
136.8844 32.1390
136.4229 32.7679
136.0166 33.0189
136.7324 32.4958
136.7337 32.6277
136.9240 32.2672
136.7848 32.8219
128.6293 28.4991
136.6743 32.4490
136.5289 32.7821
136.4262 32.6020
137.0736 33.0931
135.8954 32.9582
136.6972 32.1644
137.3245 30.1290
136.7048 32.2841
135.8002 31.9425
136.5791 32.8913
135.9090 32.3967
136.7916 32.4614
136.7265 32.7809
136.5352 32.5197
136.5416 32.9008
136.3746 31.7181
135.9412 33.0549
136.7652 32.4988
137.0132 32.8153
136.5291 32.1989
136.5266 32.4258
136.6839 32.4289
137.3030 32.9967
137.5563 30.3333
136.7969 31.9049
136.7255 32.0262
135.9092 33.1347
136.2938 32.8542
135.4862 32.5330
136.7546 32.2171
136.2280 33.0166
136.7883 32.2476
136.6685 32.4985
136.8724 32.3618
136.9586 32.9197
137.3818 30.6614
136.6427 32.1165
135.9138 32.8984
136.1834 33.1332
136.3709 32.8642
135.6473 31.9907
136.7156 32.6911
136.3161 32.8104
136.5329 33.0890
135.5141 32.5268
136.6146 32.5100
133.4455 31.7940
136.4251 32.9003
136.2662 31.8616
136.5870 32.6944
136.6819 32.2049
136.2623 32.9852
136.4676 32.7471
136.8233 32.5704
136.7923 32.5592
136.8399 32.1442
136.2522 32.4931
137.2505 33.0251
135.7016 33.0234
136.2563 31.3443
136.4477 32.6001
136.6513 32.9278
136.4203 31.0569
136.2300 32.8701
136.6841 32.8715
135.7302 32.8577
136.6762 32.8499
136.3161 32.7049
136.8960 30.4583
136.2708 33.1101
135.4427 32.0793
136.2302 32.9411
136.4562 32.5613
135.2791 32.1756
135.5390 32.0107
135.7663 31.9087
132.9927 32.2903
136.9074 32.4575
135.8470 33.0372
136.2085 31.3137
136.7197 32.4381
137.6507 30.1476
136.8848 32.2206
135.9746 33.0464
136.3732 32.9268
130.0134 27.5150
135.5184 30.3606
138.4539 30.1576
135.4011 30.6609
133.7718 32.4591
128.4546 28.1749
129.2580 27.8896
132.4236 32.0729
136.7744 31.9745
136.4213 31.4582
135.6661 31.8173
135.3051 30.7564
136.7345 30.7377
137.3246 29.5744
136.9252 30.2352
135.2068 30.8567
137.7749 31.8578
135.1407 30.9190
133.4888 32.5712
137.5572 32.2935
137.8736 30.4310
135.3390 30.1672
136.4111 31.1805
131.9271 31.5460
136.7385 30.6494
131.7571 31.2409
137.5787 32.4113
136.4140 31.5560
136.4941 32.4027
137.8435 31.4808
136.5245 31.0507
137.4631 30.4863
134.7062 32.0977
131.8673 31.8047
136.6687 30.0337
131.6411 30.9685
136.3208 30.3567
137.2476 30.1016
135.7065 29.8192
134.6027 31.6942
128.5740 28.2323
131.9966 31.6458
136.6281 31.6230
131.5190 29.8572
137.4404 31.6594
137.7877 29.8191
135.3558 30.7933
138.0324 30.3063
136.0621 31.9323
136.5912 30.4310
133.6896 32.5278
137.3452 30.8263
137.9336 30.4578
136.4043 31.4840
136.1995 31.7381
136.6472 30.7644
136.7128 30.8460
137.5762 32.1803
137.8394 31.6970
135.1813 32.1089
137.2208 32.9078
136.2382 32.6790
135.2508 30.3988
136.6871 30.6393
134.7516 31.6632
136.7294 30.6574
136.2498 31.5845
133.0431 32.6029
137.3161 30.0781
137.9891 29.9517
136.5814 30.9296
131.8085 31.2850
136.7061 30.6547
137.7614 29.8725
131.9325 31.6847
137.1880 31.3156
136.7484 30.5153
136.9153 30.4260
138.3351 30.4773
137.4348 30.8196
136.8745 29.7306
136.6700 30.7399
136.5425 31.0396
137.3084 29.8216
136.9215 31.3710
136.3803 31.6474
137.5682 30.0476
136.5971 32.3020
136.7073 32.5241
137.6346 31.7788
136.6459 30.7846
136.6680 30.7374
134.6617 32.0703
136.3973 30.2131
131.6191 31.0219
136.4196 31.8292
135.5721 31.4764
135.4286 30.6705
137.3382 31.9238
138.1256 30.8653
137.3964 29.8422
136.6373 30.7528
129.9250 27.9125
136.5298 30.9825
135.2758 29.4507
135.0630 31.1405
131.6406 31.1740
132.5149 32.0783
135.1995 29.4604
135.6352 32.4974
136.8027 30.8751
136.3359 33.3761
137.0741 30.3939
137.5298 30.2665
136.1375 33.0815
137.0692 30.2935
137.5182 30.0481
136.5512 30.7421
135.9305 32.9979
137.0400 32.3248
137.1152 30.3304
135.8682 32.4796
136.1384 31.6761
136.9565 32.8152
136.8018 30.4984
137.2151 30.5939
135.5819 32.6189
136.4516 30.9645
136.1491 31.7236
136.8095 32.1350
135.4408 32.5715
136.3472 31.1787
136.5381 32.4335
137.2633 30.4856
137.3734 30.7963
136.8388 31.9433
137.3602 30.7690
137.0424 32.8780
136.6214 32.1482
136.7730 31.9263
137.5849 30.4385
136.8113 29.0783
137.2874 30.3739
136.7298 32.5843
137.5113 30.1798
136.3328 32.2668
137.2253 30.2715
136.2666 32.6242
137.5921 30.3722
136.1195 32.3172
137.2267 30.5384
135.8789 32.5428
136.4554 30.9584
136.3236 32.5852
137.2416 30.4582
137.1131 32.9630
136.6786 32.8075
136.3859 31.0634
135.5413 32.5607
137.3293 30.0804
135.7091 32.3480
136.5446 32.9829
136.6241 32.1577
137.3840 30.2849
136.7989 31.4414
137.1178 30.6627
137.0172 32.9870
137.4518 30.0473
136.1881 32.2185
136.1202 32.6072
136.7020 32.8895
136.7843 30.5912
136.5608 32.6480
136.9493 30.3210
137.1942 30.5196
136.5933 30.7394
137.2200 30.5208
136.7335 32.5667
136.6155 30.7031
136.8310 32.8396
136.6543 30.6431
136.2732 32.0237
137.3892 30.2661
136.6676 30.6322
136.2451 31.2822
136.5831 32.7877
137.2100 30.1248
136.6451 30.6291
136.6854 31.9961
137.3548 30.2022
135.3571 32.7125
137.1776 30.7547
136.3413 31.2352
136.1794 33.1003
137.4138 30.3286
137.0540 30.4115
136.4922 30.9409
137.5319 30.4514
136.6454 32.7029
137.2763 30.5079
135.8761 32.7768
137.4011 30.1266
137.0992 32.7235
137.4759 30.1916
137.2712 30.4467
136.6887 30.6249
136.3581 32.3033
137.4461 30.0532
135.5631 32.8685
135.8893 31.8388
136.0738 32.9455
137.0322 30.3635
137.2429 30.3651
136.6739 32.6988
137.2643 30.3582
135.5327 32.5945
137.3794 30.2475
136.5688 32.5582
136.3661 31.0288
136.7760 32.5252
135.7548 32.7435
137.4011 30.2838
137.2696 30.3219
135.9268 32.3156
137.5351 30.2851
136.1726 32.4626
137.4997 30.4484
136.9017 32.7665
137.4703 30.1560
136.9128 32.7896
137.5344 30.1113
135.7786 32.7545
137.3531 30.5148
136.7962 32.5100
136.6780 33.3678
137.4019 30.4605
137.2783 30.6877
137.0223 32.9213
137.2614 30.5500
136.8075 32.0024
135.9249 32.9819
136.5028 30.8702
136.9051 32.0659
137.4182 30.1032
136.5044 32.8043
136.3138 32.4065
136.6131 32.7582
137.0691 33.0084
137.2284 30.2420
136.3808 33.0753
137.1880 30.2823
137.0715 32.8386
137.1096 30.6043
137.5849 30.1663
137.0129 32.9846
137.4180 30.2755
136.6817 32.0168
136.8262 30.6447
136.0528 32.6095
137.4048 30.2180
135.5832 32.7595
137.4824 30.1894
137.8709 31.2639
136.5494 31.2090
136.4162 31.8060
136.1727 32.1206
127.9650 27.8975
135.8545 31.9791
137.6787 31.3411
136.7056 29.5865
136.5683 30.7179
136.8068 31.1205
134.5245 31.8913
138.5022 30.0584
133.6076 31.2707
137.2377 29.4834
137.2335 30.7526
132.0376 30.9166
133.1072 32.0089
131.2488 30.4674
136.9855 30.2188
137.0523 30.8552
138.1624 29.9600
135.0767 31.8898
132.3235 31.8083
138.3427 30.1570
137.4670 30.6697
132.6058 32.0380
138.2017 30.5726
134.9507 32.1781
132.1281 31.2052
129.4291 27.6974
132.4093 30.2770
135.9526 31.8718
128.1152 28.4077
134.5016 31.2702
136.2794 30.2461
136.4551 32.5020
129.0563 30.1223
135.7036 31.1690
136.3590 31.6802
128.9059 28.3343
137.1985 31.1014
128.8344 28.6804
137.4060 32.3324
134.6956 31.3957
128.9467 30.7994
135.6501 31.1693
136.9503 29.8376
135.2698 30.1979
135.9937 32.7189
132.2706 31.2512
135.0509 32.0220
131.5653 30.4608
136.7304 30.3293
138.0237 29.8561
137.7003 29.5907
135.9097 31.9994
128.8130 28.4743
135.1162 33.1655
132.4185 32.1984
136.7745 30.6025
132.4079 31.5524
137.9583 29.4022
136.7143 32.2577
132.2843 31.3728
134.7885 31.3676
137.6765 29.2509
136.3929 31.9135
137.6849 30.5294
134.9337 31.4688
131.9938 31.4750
136.3683 31.7241
134.7859 29.5689
129.8302 30.3589
134.9154 31.6234
137.8869 30.4169
137.6301 29.7175
133.5152 29.5823
131.8149 30.9471
131.2073 29.7186
131.3389 31.1271
132.4431 31.0607
136.6790 31.3173
137.7808 30.7126
132.1086 31.6197
134.1957 31.7819
137.4628 32.5841
137.0094 29.4929
136.2839 29.1890
137.2194 32.1631
135.4300 29.9109
130.5963 28.1347
134.6544 31.9864
136.8910 30.3583
133.9470 32.0565
131.6446 29.9761
131.7224 30.6131
137.8319 29.5976
134.3655 29.5578
132.5196 28.5024
137.7068 30.3877
131.5030 29.8549
134.2799 32.0836
131.8935 30.9992
136.3195 30.6197
137.8046 30.6514
137.8771 29.6687
135.9692 31.3378
132.7711 31.5052
135.3542 30.2153
138.0960 33.3805
135.9533 31.2861
132.9322 32.1873
134.7599 30.6231
127.8368 29.7909
137.4450 29.9248
138.0086 30.8102
135.4830 31.3405
137.6134 30.7979
132.4848 30.5290
136.7843 29.4282
134.5461 29.4527
137.8573 30.3817
129.8526 28.7816
135.9881 30.9236
134.6234 29.3652
129.1946 28.6817
132.3629 31.2642
137.1596 29.5634
135.1003 31.6238
135.7577 31.5270
137.8070 30.3450
137.7565 30.2137
137.7615 30.2786
134.9101 32.4843
137.1002 30.1467
133.7576 32.0717
137.3640 29.2450
138.2745 29.9015
137.6109 31.1840
131.9888 28.5035
134.5986 29.8862
131.3203 29.9591
135.4005 29.6734
138.0691 29.6115
136.9021 29.6342
131.6633 30.0800
134.5450 29.0736
134.4810 31.1090
135.0660 30.6793
135.7000 30.8810
137.4241 29.7610
133.7686 32.1126
135.8414 31.4233
137.4412 29.5055
134.8800 32.5522
136.6029 29.1896
135.3417 31.6524
132.2984 31.7951
129.7131 27.6242
136.5747 31.2217
135.5663 31.6661
131.6347 31.4207
133.2617 31.9892
129.2588 29.2394
135.9855 31.3094
134.6241 32.0302
128.8257 28.4091
129.3159 29.2881
132.7465 32.1000
133.4293 31.6544
137.0837 32.4324
136.7801 32.3843
136.9776 30.5180
137.4635 32.4273
137.9151 30.3342
135.8921 30.0839
137.9848 30.3258
133.1496 29.1378
135.6019 30.1698
133.2500 31.7266
136.2406 30.8099
128.4201 28.4113
137.6039 30.4066
137.6350 30.5957
135.8585 29.8967
136.2630 32.5280
137.1018 32.2478
135.7858 31.1937
136.4628 32.2913
128.9120 28.8656
137.9291 30.6576
137.0194 32.5417
133.8016 30.8822
137.2957 30.1369
136.8723 30.4984
128.6424 28.5841
136.7294 31.8247
132.3291 31.8973
137.3604 30.4988
132.2629 31.5432
129.5955 29.6639
136.6012 31.6433
133.1059 29.4984
137.6837 29.8178
136.5902 31.0342
132.5162 32.5707
138.3122 30.1602
137.7238 31.6272
135.0078 32.1218
131.7148 31.5788
137.4891 32.1652
136.8235 30.3048
136.2882 30.5538
133.0573 32.0566
136.0424 32.4577
136.8305 30.5998
135.1888 31.5972
135.4293 31.8186
131.6145 31.4815
135.1929 31.1158
137.6920 29.8489
137.6243 29.7071
138.2323 30.0948
135.4225 31.6882
131.3155 30.5640
132.2786 31.8669
137.5340 29.9528
135.9357 31.9746
131.4189 30.9019
136.5126 30.9639
137.8760 30.0569
136.7859 32.5051
134.9176 32.6271
133.4962 31.2928
137.1055 30.7863
135.3004 32.3605
137.1497 30.8103
137.2274 29.5445
137.4848 32.3589
130.2812 29.0019
137.2968 29.7598
134.7414 32.3381
135.2791 31.9341
135.6582 31.9052
136.8264 30.8712
137.9385 31.5218
135.9006 31.7908
127.6494 31.3919
136.1239 32.3706
137.5783 31.3040
136.7194 31.6686
137.6528 30.8952
135.3144 30.9181
135.6233 31.9631
128.9242 29.0647
133.3032 31.2231
134.5701 32.3456
138.0318 30.1504
132.0856 31.3714
134.3781 32.4687
134.9700 31.9468
128.4236 28.8436
134.2589 32.1074
134.7254 31.6834
128.8481 28.1633
135.6362 31.4588
129.1324 29.7945
137.6151 29.6573
132.2230 32.2299
136.7335 31.9646
129.0369 28.2937
135.6627 31.7979
135.9999 31.8569
128.8651 29.4118
133.7546 30.9521
135.0927 31.1255
134.1983 31.6710
131.7247 30.8666
137.8334 29.8698
137.1338 29.7337
132.0419 31.4904
132.8913 31.9505
135.6263 31.9221
131.2860 30.1635
128.6357 28.2210
130.0123 29.8982
134.3617 31.9194
136.9573 30.1294
137.1100 29.8207
133.2937 31.4179
136.9094 30.1636
134.8056 31.0710
134.5889 32.0696
137.4654 30.5740
136.5186 30.8543
135.1921 31.8738
129.1485 30.5033
134.9875 32.4836
136.6764 30.6842
134.9833 30.0179
132.2578 31.4460
135.2077 31.8582
134.7785 31.5015
128.2964 28.3060
132.4740 31.5150
133.3224 30.2233
132.9406 31.7154
138.2325 30.2641
128.4165 28.7199
131.5067 30.6418
136.9019 30.3543
137.1561 29.5854
136.7788 30.7090
135.8572 31.1106
136.6114 30.8031
128.8929 28.2552
131.6004 30.5327
136.7289 31.0548
137.6060 29.8207
137.9085 30.1335
134.1690 32.2703
136.9742 30.3454
136.6855 30.6464
130.8348 30.0956
137.4603 29.8478
131.9099 31.2152
134.5504 32.2642
135.9856 31.1410
135.5541 31.6376
129.5343 28.0073
131.5647 30.6752
136.6479 30.7822
134.4081 32.0026
136.9616 32.4733
135.8395 32.1793
134.1233 32.1087
136.4489 30.7531
129.7611 27.8102
138.0536 30.4942
134.8870 32.2314
132.0213 31.8349
135.7906 30.4067
134.2643 32.3601
137.3003 32.0041
137.2700 30.0546
137.0838 30.2568
137.0246 33.3529
137.1897 32.1441
136.9029 32.3085
136.9404 32.6140
136.3761 32.2201
132.9297 32.1523
137.1192 31.1540
137.0925 31.6773
136.1788 32.2317
135.6458 33.0531
133.6742 31.2846
137.0020 32.4597
136.8573 30.5283
136.8376 31.5846
135.7941 33.2449
135.8127 32.9751
131.0361 30.3241
138.0565 30.9176
137.5261 32.2020
136.5632 32.2317
135.0730 32.2227
138.0015 31.2255
131.6543 32.1180
137.5423 30.6318
137.8512 30.2761
136.9436 33.4261
137.6846 30.1781
136.6129 33.3258
134.6000 32.0978
135.5565 32.5072
138.1093 31.5462
136.8931 30.1835
134.7570 32.0069
136.8553 33.9318
137.1842 32.8187
136.7465 30.6350
135.5081 32.0668
137.6539 29.8268
131.5633 31.5357
137.0505 32.9700
137.7346 31.3055
136.4911 33.0517
137.8366 31.6338
137.0677 33.0711
136.1187 31.4525
137.6513 30.0992
137.6683 29.8294
137.1806 31.9625
132.5672 32.4298
137.0534 31.8717
136.1138 33.4867
137.0485 33.3849
136.3887 32.9869
136.5031 33.3683
127.7261 32.0781
135.8149 32.5883
129.3767 28.9057
137.5532 31.7297
137.9920 31.7598
133.2897 32.3205
134.9870 29.5495
136.6941 33.4522
136.8014 32.9061
134.8917 31.8026
136.8828 32.9758
135.5424 32.1020
136.0115 33.0191
134.8773 32.3624
136.5342 33.5853
137.2086 33.0881
137.6620 32.2708
136.8582 32.3556
126.4035 32.1534
137.0721 33.6325
136.0657 31.5264
137.8611 31.5946
136.4047 31.0811
136.1184 31.4421
137.2091 29.9086
136.9473 32.1143
135.8968 32.5924
137.9291 31.8132
136.2709 31.5002
136.7312 32.3964
137.1455 33.3228
131.1298 30.0276
136.1319 33.6405
131.5335 29.9147
137.3336 29.7357
137.0476 32.6473
132.6867 30.9764
136.3452 33.1449
136.5210 30.5822
136.8168 32.1930
127.5449 32.8778
135.6256 32.0009
137.6637 30.4590
135.9182 31.5207
136.5301 30.2736
137.6709 31.1787
136.8431 30.3158
136.5584 33.4126
136.1278 32.7630
135.7449 32.9417
137.2786 30.6163
135.9566 32.5567
136.8111 32.9619
136.1669 33.1904
129.6163 29.8423
136.5260 33.9569
136.2405 33.5958
137.3244 34.1062
135.7519 31.9503
136.4941 31.5012
128.9892 28.1595
136.5644 33.8673
136.4965 32.5734
133.2202 32.1040
137.6409 34.2041
135.5703 32.0092
137.3493 31.0518
135.7591 32.9440
135.6004 33.0899
135.7220 32.3315
136.9741 30.6316
132.1701 31.7495
133.4905 32.5456
135.7541 32.9551
137.1041 33.6730
128.9014 29.2203
136.5539 32.4069
130.4098 28.3232
134.9850 31.1537
136.8321 31.8847
132.6102 32.2297
132.0669 32.0483
131.8771 31.6547
136.4458 32.8663
128.8624 29.0518
134.7466 32.1051
131.8025 31.4412
131.7889 31.4016
131.8263 31.4082
131.6703 31.2642
136.8601 30.4938
131.9754 31.8755
137.4797 30.2279
136.3436 32.9955
137.3418 32.3458
132.0320 31.7860
131.4339 30.6661
133.3275 29.8197
131.7975 31.1829
136.5727 32.8113
132.0581 31.7383
136.5315 32.6242
132.0461 32.0801
132.7423 32.2632
137.0689 32.8682
133.4177 30.2515
136.5142 32.4942
135.4654 32.3631
131.8030 31.6501
135.7451 30.3785
136.7472 32.7334
135.6667 32.4806
134.8408 31.8988
136.6309 32.0831
136.5000 32.3979
132.3580 32.3866
135.3013 29.6055
134.1327 32.3938
131.7929 31.3466
132.7382 32.2462
132.9349 32.2914
134.6630 32.0670
132.7522 32.3232
130.0376 28.1177
134.0355 32.4519
137.5392 30.3865
131.9871 31.7063
131.9965 31.9448
136.0970 33.0352
136.6402 32.1936
136.6640 32.2289
136.6315 32.4357
132.0092 32.0744
135.7632 32.9706
128.9452 29.1934
131.8743 31.5995
134.8816 32.1582
129.0824 28.1943
134.1454 32.4080
136.8969 29.8333
131.8714 31.7748
132.1031 31.8205
134.4360 32.2998
136.7668 32.2125
136.2701 32.0845
136.5293 31.6164
131.9498 31.7121
134.6531 32.1850
136.3935 32.5637
131.7266 31.2794
129.0232 28.1819
137.1572 30.2638
136.7107 31.3540
131.7372 31.1677
136.6339 31.8970
136.7672 32.5262
134.6239 31.4648
131.6646 31.0434
136.3408 32.4843
133.5738 32.5596
134.6205 32.2311
136.8566 32.3958
135.4837 32.5524
135.5138 32.3414
134.8022 32.1896
131.8194 31.4044
134.6138 31.5828
135.6389 30.2852
134.7410 31.7166
136.0908 32.7760
136.6456 32.8796
128.9286 28.2367
136.2825 32.8632
133.0509 32.4058
134.7929 32.0311
136.1786 32.5383
134.8879 32.1802
134.1606 32.3981
137.3009 29.9368
136.8144 32.2070
131.9252 31.6369
136.1590 32.1960
132.1713 32.1629
134.6772 32.1413
137.2947 32.8574
136.6034 32.1712
134.8406 32.1929
134.6341 32.0235
136.8812 32.6951
132.1828 32.0846
131.7394 31.3794
131.6790 31.2180
131.7841 31.1847
135.1572 31.8921
135.2434 30.7551
134.7237 32.2759
129.6966 27.7521
129.7150 27.9258
137.2426 30.2501
136.9220 30.9607
136.6115 30.9350
136.7739 30.1574
135.9581 31.1746
134.3897 32.3497
133.2281 30.8104
128.7270 28.2665
137.7443 30.4478
137.9476 30.1441
132.3687 31.9953
134.5502 32.2714
134.4444 31.7735
132.7335 32.5973
137.5371 30.1865
135.9263 29.2029
134.3229 32.2778
131.3853 28.8045
132.9493 32.4995
135.6876 31.7819
137.6672 31.0559
137.5934 29.7922
136.4176 30.8043
132.7263 32.5430
129.2268 30.1174
132.0975 31.4110
128.6887 29.0473
138.1462 30.4775
128.6342 28.3567
135.2528 32.2810
134.2484 32.0191
137.3917 29.9236
132.2529 31.5099
128.2909 28.4213
131.9618 31.1477
135.8336 29.6879
136.7508 30.5346
129.9659 28.1313
136.6638 30.7486
129.2857 30.8483
135.1320 32.1043
128.5423 28.2959
135.3627 30.6348
137.8407 29.8485
137.0035 31.0659
134.3047 32.2743
134.5534 32.2046
135.0284 31.0252
137.4777 29.6956
134.2372 32.3764
134.8448 31.1696
134.4545 32.0028
132.1908 31.4104
135.0424 31.1455
131.2264 30.2096
136.9704 31.1104
136.3905 30.3675
134.8340 31.0487
128.4997 28.9486
129.6524 27.5816
135.8944 32.0420
135.5662 30.7960
128.7163 28.2509
133.0534 29.1221
132.9098 29.3627
133.1184 32.0584
133.0141 32.4785
136.4393 30.8434
134.8430 31.6910
135.2422 31.7160
136.5761 30.5166
137.2610 29.6585
130.4504 28.3217
133.8680 32.3084
131.4350 31.0262
136.9286 29.9394
137.1818 29.0903
136.1595 32.1992
135.6500 31.5545
136.6034 31.6295
136.8509 29.0479
138.0827 30.4451
136.7316 31.4983
136.6402 32.3701
136.8456 29.9474
136.7744 29.9966
133.2771 30.8909
132.6153 32.5148
132.3401 31.9239
131.5782 31.1912
133.4509 32.6030
135.4378 32.0167
135.5851 31.9237
137.7519 30.6253
130.7167 29.8295
134.8325 31.4800
135.0298 32.2549
135.9235 31.2517
134.7317 32.2146
136.5624 32.8989
136.0860 32.7797
129.4973 28.9323
136.3800 30.3792
131.9148 31.9284
137.4204 32.0608
135.1377 30.6873
136.6069 32.0259
135.0910 31.9636
132.2588 32.1210
137.9407 30.5151
134.5795 31.9170
136.3293 31.4657
131.6357 31.2298
131.7678 31.4229
132.9057 32.6210
135.8776 30.5321
135.2030 32.4192
137.3168 32.3424
136.9732 32.3954
134.7671 32.1829
132.2735 32.2162
131.8448 31.5574
136.3434 32.6943
134.8824 31.3240
135.1508 30.9813
136.6602 31.9323
132.4034 32.1689
131.9090 31.3081
132.8375 32.2640
137.7825 30.6898
136.5471 32.3770
131.6317 31.0918
133.3952 32.1125
132.8852 32.0289
136.4885 30.9715
135.8696 32.7226
134.8599 31.4819
136.5097 31.3654
136.9290 32.8738
136.6134 31.9325
132.3500 32.3773
136.7318 31.0869
131.9836 31.2937
131.6224 31.0003
134.3138 32.1901
135.3974 32.0993
131.6943 30.9908
136.0714 32.8777
137.9487 30.4950
134.9096 31.7136
136.0219 32.3063
136.3307 31.2209
133.2229 29.5293
136.3234 32.7169
135.0892 31.7923
135.8463 32.1092
128.8820 28.4269
131.7015 31.1835
137.0063 30.9864
131.8906 31.8342
132.5137 32.5260
135.8798 31.2892
131.9056 31.4046
135.4938 30.1608
137.1458 30.2456
135.7481 29.3590
133.0334 32.2130
135.8554 32.2048
133.2930 31.9227
131.9718 31.9959
137.4455 29.9071
129.1430 29.2322
137.5587 30.6300
135.1510 31.3245
137.4678 30.3044
136.0893 32.8076
136.5495 32.4614
137.7992 30.3353
135.7317 31.5526
131.8616 31.2256
136.5988 32.4748
135.0094 31.2950
136.4643 32.1212
138.1100 30.3064
137.5293 31.0746
137.8916 30.2976
131.9910 31.3201
131.5282 30.9384
129.5359 28.9977
131.9583 31.6732
132.7688 32.3659
134.6154 32.1326
135.7302 31.4301
132.4394 32.2305
136.6385 30.8586
132.4164 32.0976
131.6966 31.3189
131.3474 30.9101
136.9551 32.3244
138.1250 29.6927
135.3264 31.8791
136.5550 29.5273
131.5956 30.7667
136.8459 29.4104
135.1041 31.9859
136.3560 30.4293
138.0468 29.5413
136.1573 31.5616
136.6465 32.0162
130.1174 28.1214
131.5945 30.7845
136.7790 30.7253
128.1335 31.2467
128.7630 28.7025
128.6979 28.8576
135.1614 29.6270
136.8231 30.8472
129.7667 27.6661
134.7335 31.8739
137.2652 30.1221
128.9285 29.3659
137.2816 30.5392
135.6080 29.9065
133.2632 31.7441
134.8371 32.0891
137.2330 30.1783
133.2763 32.3385
136.8444 31.6479
128.4005 28.2986
128.6916 28.7558
131.9339 31.2792
135.8570 30.9859
138.1727 29.7891
131.3900 30.4548
133.1082 31.9218
129.3452 30.3021
128.6434 28.2392
133.5225 31.1713
136.4160 31.5083
131.9889 31.7734
137.0821 30.1375
134.7859 32.0844
134.8294 31.6116
137.3708 29.7599
137.4629 29.5832
137.3431 29.8606
137.8653 30.3322
137.0195 30.0159
134.4384 31.3029
130.2673 29.6883
130.5789 28.2219
137.9099 29.5795
135.5666 31.7799
134.7564 31.7051
129.6533 27.7797
136.7817 32.1614
129.3672 29.2838
134.5851 32.7134
136.0387 30.6470
132.2923 31.6683
136.8049 29.0499
136.7477 31.8165
134.7285 31.4652
138.0115 30.4284
137.5092 30.7886
130.1142 28.0364
135.5550 31.8429
137.1219 29.4280
136.5202 31.7092
133.2258 31.6405
134.4320 31.8477
137.0215 30.5948
134.1725 32.0018
128.8960 29.3675
136.9168 30.1803
129.8743 27.9847
132.0840 31.8090
137.4562 30.7148
134.8054 30.7251
133.1038 32.1355
136.9023 29.1951
134.8000 32.1346
131.8460 31.1503
134.6195 32.1235
137.7201 30.3819
132.6143 32.0276
131.8848 31.7354
136.9900 29.7533
137.3017 30.1261
135.4290 32.0130
136.6702 30.6922
134.6029 32.1179
133.8471 32.5230
130.6157 30.5885
137.4578 31.7796
136.6830 30.3005
133.4282 31.6816
136.8857 30.6257
134.6659 32.0684
137.2712 29.4429
137.7790 30.7144
135.9476 29.1089
137.5687 30.6184
131.4852 29.9277
132.1266 31.3764
128.3992 28.1690
131.5936 30.4387
134.4696 31.4945
132.3235 32.0486
137.0485 30.5682
135.5956 32.7331
137.8411 30.5606
136.0945 30.7745
136.4773 29.5932
135.0882 30.6179
134.9485 31.2482
136.8957 30.4592
138.1803 30.1644
128.8355 28.0253
131.2806 30.1767
133.0182 29.1421
135.3141 30.8981
135.1377 31.7964
135.5084 31.9381
136.3242 29.1869
135.1920 30.5558
137.3729 29.2680
132.2894 31.6808
136.3317 30.6933
136.5546 30.2686
136.7477 32.1809
137.6455 30.9966
135.3578 31.9397
137.7119 29.6609
137.7821 29.9767
137.9851 30.4699
137.5168 29.5854
134.6683 32.0594
134.9710 30.7302
134.9238 31.9564
133.6901 32.3643
137.9597 30.4769
129.0779 30.5491
131.2628 30.3122
135.5563 32.0020
133.3711 31.0320
135.3290 32.3521
133.1473 30.2555
135.7155 31.0831
138.0545 30.9480
131.4849 30.5143
135.2048 30.4442
137.5180 30.9968
136.9184 29.7271
136.7644 31.3894
131.5293 30.1455
136.8283 31.1677
137.2528 30.7921
136.5573 31.6589
135.5532 31.9779
136.1495 31.8195
131.0773 29.9578
137.0493 29.5233
134.3798 32.0352
131.6039 30.6338
134.1870 31.7611
135.6913 31.8205
137.6474 29.7840
137.7877 30.7751
137.5437 29.2770
138.0951 30.5173
137.9599 30.5835
137.8018 30.3321
134.9896 32.2421
135.0779 31.7882
134.1982 32.0725
137.8636 30.4377
137.8386 30.2007
135.7245 29.4648
134.8583 30.9921
132.1047 31.8885
136.6431 32.0664
136.8283 30.3018
136.5366 30.8140
132.0825 32.2481
135.6348 29.2310
137.8152 30.5308
138.0224 30.4299
136.7466 30.5630
137.4042 30.2340
132.7576 32.5164
137.7157 29.6800
131.5405 30.6599
137.5809 30.2670
137.3319 31.1008
131.8236 31.0953
131.5349 30.8760
136.4709 30.8415
131.6128 30.7419
137.7709 31.3690
136.2013 31.7805
137.9936 29.7456
131.5426 31.1533
135.4932 31.7933
131.9212 31.7130
137.0011 30.2265
137.3904 29.7860
136.5736 30.1888
131.9915 30.6094
136.6187 31.1654
136.3032 31.2471
131.9237 31.2441
137.4033 29.8085
135.1371 30.3203
136.9155 30.6689
137.7306 30.1364
137.7971 31.2365
137.5069 29.7175
131.9541 31.6803
136.9667 30.2551
137.8589 30.6241
131.6585 30.7491
131.6931 30.9483
137.8168 30.7203
136.7778 30.2209
137.3766 29.6773
137.4540 29.8675
137.4244 31.9252
131.5636 30.8446
137.5322 30.6640
136.8773 30.6431
135.0989 29.5220
132.2294 31.7429
136.7124 30.2512
137.1377 30.4037
137.6640 30.1942
133.1198 32.1474
136.8690 29.8894
131.5902 30.7925
137.5445 29.9585
137.3885 29.6688
134.8983 30.8292
138.1766 29.8958
135.2263 29.2857
137.9856 29.8574
137.7944 29.8831
138.1356 30.2208
136.9241 30.0351
137.4104 31.7895
137.3795 29.8176
136.4435 30.4796
137.7528 29.8402
137.2632 30.0015
138.0539 30.3992
137.7111 30.5350
137.0414 29.7692
134.3564 31.8013
134.3812 31.4349
137.5694 29.9153
137.8592 30.6823
131.6002 31.0317
135.1723 30.7885
129.2541 27.4764
133.0556 32.0132
137.1035 30.3517
137.3878 31.2139
137.3239 29.8159
137.6802 29.8081
136.8660 30.3181
136.4893 30.4698
137.5608 29.8304
131.6250 30.7629
132.6623 31.9610
131.7525 31.2977
131.7704 31.0766
137.8257 30.5412
136.3909 31.2463
137.2465 29.7665
131.8551 31.6153
131.6238 30.7681
137.7260 29.7696
137.7458 29.6232
134.2587 32.0428
136.9577 30.1322
137.1674 29.7864
136.6258 30.5262
131.6537 31.0821
137.1529 29.8665
137.5643 29.7452
137.6047 29.8608
136.4973 30.7510
137.1979 29.9748
137.8574 30.3182
137.2102 29.8145
138.3749 30.3125
136.2527 31.3131
137.9690 30.4949
136.9495 30.1261
137.6728 29.8175
131.6455 31.0263
131.6293 31.1698
136.8801 30.2314
131.6311 31.0084
131.5524 30.6971
134.4834 31.2036
134.9623 29.7911
131.5691 30.9267
137.2713 30.0539
136.9079 30.1558
136.7104 30.8303
137.4960 29.8428
137.2071 29.7639
134.6690 32.2556
136.6373 31.0708
134.0441 32.2757
137.0583 30.1030
126.2023 31.1448
134.7851 32.1964
136.9850 32.2769
135.4346 32.1468
138.4271 29.9062
133.3239 29.8017
135.4835 31.9577
137.6725 29.3222
133.2921 31.4937
134.3889 31.7051
137.4762 31.9743
138.1613 30.3703
135.5630 30.7409
135.4319 31.6852
138.5478 29.9671
134.3628 31.3127
137.9022 30.1632
134.5817 32.1065
136.7486 32.3384
136.5923 29.6748
132.9640 32.6134
137.4831 30.7004
129.3055 28.9893
134.1095 31.8121
134.4120 31.9608
135.2429 31.6108
128.3627 28.1347
136.2738 28.9941
131.7614 30.6701
138.1667 30.7329
136.5270 31.5503
135.7838 29.8113
136.6740 31.0694
135.3388 30.2384
137.9026 30.8011
134.9392 31.7279
135.5676 31.0954
135.5455 30.1655
137.2226 31.1458
134.8284 32.0178
134.9480 29.4418
130.2442 29.1109
135.2615 29.2659
128.2874 28.0660
128.7057 29.4391
136.9834 32.4540
137.3199 30.7079
134.5554 31.0347
134.6778 32.2138
135.5104 30.8250
137.6501 30.9066
129.8564 27.7888
132.3661 31.2059
136.6344 29.0502
131.0131 28.4312
137.0998 32.9618
137.6161 31.0683
137.4703 30.6200
136.4166 30.4038
137.3541 30.1471
135.3623 30.6133
136.2737 32.1078
137.6240 30.3748
131.7836 28.6432
134.6469 31.6895
134.2781 31.8788
131.7880 31.3030
131.8730 30.8223
132.5013 31.8862
130.0607 29.7235
135.3799 31.9307
134.8222 31.7597
134.6999 32.0124
130.1330 27.6006
132.8014 28.9064
135.5229 32.4761
136.8571 32.2774
135.8883 33.1209
135.6817 32.4708
136.3217 32.8828
137.3114 30.5293
136.9726 32.4736
136.7503 32.0465
136.2294 33.1245
136.5099 32.7342
135.3771 32.7152
137.3822 30.6416
137.4651 30.5757
136.6889 32.0612
136.0347 32.7297
136.2216 32.1493
136.5615 32.6255
136.4995 33.0642
136.0579 33.1252
136.8119 32.4804
135.9632 32.6922
136.1156 33.0282
136.2661 32.9870
136.2901 32.0609
136.2586 32.9707
136.6803 32.3030
136.3597 32.5529
136.2545 32.1402
136.7025 32.5375
135.5345 32.8681
136.5502 32.4070
136.9455 32.4335
136.6661 32.8406
136.1800 32.7010
135.8343 33.1641
136.0716 33.0714
136.8570 32.4393
136.5239 32.9668
135.7926 32.7353
136.3435 33.0751
136.4894 32.3689
136.7248 32.5284
136.7945 32.1098
136.8235 32.1989
136.7725 32.0414
135.9491 33.0839
136.7342 32.0817
136.0057 33.1049
136.4465 32.7310
136.3266 33.0857
136.8116 32.2785
136.9279 32.3958
135.6179 32.4725
136.0650 32.8698
136.2671 32.2204
136.8343 32.2717
136.3751 32.9249
136.7943 32.4053
136.9051 32.3513
136.8064 32.2853
136.5888 31.8986
136.9601 32.4283
136.0492 32.7502
136.7681 32.5104
136.0192 32.7769
136.6204 32.5287
136.8480 32.2118
136.0427 33.2981
136.2082 33.0222
136.7103 32.5319
136.3507 32.9144
136.1499 32.6855
135.4250 32.6323
136.7930 32.5100
135.3945 32.6449
136.8480 32.3815
135.8995 33.0880
137.0064 33.0398
136.2972 32.9300
136.0482 32.7967
136.5555 32.6507
136.3617 33.0876
136.8481 32.2673
136.6587 32.2154
136.9095 32.4264
136.4090 32.2292
136.7405 32.0922
136.4650 32.4405
136.7822 32.4647
136.6684 32.1734
136.2973 33.1443
135.5650 32.8583
136.8874 32.4155
135.9973 33.0704
136.5253 32.3781
135.3812 32.8934
136.6954 32.5301
136.8582 32.2371
136.7289 32.8622
135.6964 32.5070
136.2320 32.9516
136.2974 32.9364
135.9205 33.2140
136.4241 32.8347
136.4159 32.1767
135.8496 32.3607
136.3773 32.8833
136.8367 32.1481
136.3972 32.9642
136.4282 32.8124
136.4094 32.4876
136.0791 33.1011
136.9007 32.2937
136.8958 32.8317
135.5491 32.8558
136.8336 32.4966
136.8174 32.0658
136.9083 32.4540
136.8568 32.4644
135.4533 32.5900
136.1420 32.1675
136.5067 32.5460
136.5111 32.3941
136.5523 32.6706
136.5292 32.4088
136.4775 32.7287
136.5529 32.6789
137.1498 30.7051
136.1790 32.7910
135.5132 32.5556
135.4592 32.7445
135.9331 33.0681
136.1826 33.0385
136.4663 32.7544
136.8513 32.3482
136.6490 32.6037
136.0407 33.0752
136.8879 32.3991
136.7087 32.5594
136.4517 32.5745
136.2708 32.2866
135.4210 32.8399
136.6103 32.3976
136.4263 32.1808
136.7188 32.0708
137.4107 30.6183
135.6963 32.8275
135.3859 32.6879
136.7751 32.2157
136.2993 32.2069
136.3515 33.2209
136.3517 32.8647
136.8034 32.5127
135.3962 32.7879
136.4127 33.1486
136.7557 32.0714
136.1844 32.7723
136.8532 32.2644
136.5549 32.6082
136.8378 32.1548
136.1469 33.1186
135.3494 32.6751
136.1985 32.3035
136.0756 33.0398
135.3746 32.8007
136.4568 33.2893
136.2377 32.3074
135.3635 32.7139
135.9674 33.1367
136.5999 32.7072
137.2762 30.5305
136.8723 30.9976
136.2154 33.1384
136.6033 32.2477
135.7911 32.3705
136.6456 32.2007
136.7561 32.2519
135.3979 32.6107
136.8232 32.5564
136.3620 32.9737
135.5414 32.8456
135.5391 32.5256
137.4751 30.5466
136.0340 33.2339
136.8424 32.3799
135.4001 32.7142
136.8711 32.4167
136.5633 32.3579
136.0573 32.8324
136.8394 32.1640
135.9296 32.8020
136.4296 32.1476
136.0787 32.1978
136.6403 31.6990
136.2754 33.0039
136.7601 32.4748
136.7024 32.0628
136.2817 32.7671
136.3019 33.1816
136.2785 32.0636
136.7261 32.9378
136.8318 32.1960
136.1124 32.7099
135.6406 32.8404
136.7833 32.1833
136.1214 33.0741
136.8743 32.2849
137.4615 30.3214
136.8340 32.2023
136.6139 31.8242
135.8796 32.2945
136.2328 32.9693
136.7019 32.2624
135.7263 32.4835
136.0106 33.2685
136.1035 32.8499
136.2419 32.9818
136.3493 32.5864
135.9898 33.2763
136.5492 32.7349
136.2804 32.1138
135.9364 33.2307
135.4650 32.8813
136.7881 32.1023
135.9191 33.1007
135.6498 32.4605
136.8656 32.2972
136.1608 32.9896
136.2641 32.7164
136.4217 32.6230
136.2580 32.1952
136.3605 32.6606
137.4002 30.6331
135.4072 32.6546
136.8868 30.9591
136.4491 32.8099
137.2649 30.5753
136.8450 32.4601
135.3502 32.7000
136.4736 33.3365
137.2631 30.6447
136.1823 33.2284
136.7483 32.9691
135.9618 33.0701
136.4700 32.6969
136.5078 32.6816
135.9229 33.0158
136.5132 33.0856
136.7900 32.5336
136.3667 32.2486
136.1823 32.8477
136.6581 32.8035
136.6537 32.1647
136.9441 32.4972
136.4159 32.6060
136.7557 32.4396
136.7679 32.2173
135.3661 32.7137
135.3938 32.5796
136.9092 32.5036
135.8821 33.1161
137.0592 30.6982
136.8721 32.3608
136.2978 32.8829
137.3420 30.5483
136.4214 32.8654
135.8819 32.3669
135.4174 32.7499
136.6577 32.9671
136.8381 32.3318
135.4453 32.6372
136.3298 32.9266
135.7703 32.8714
136.5726 32.4721
136.7798 32.1240
136.2203 32.1792
136.4397 33.2531
135.8196 33.1859
135.6181 32.5373
136.4869 32.7167
136.7163 32.4848
136.2587 32.1711
136.3122 32.9577
136.8959 32.3343
136.3459 33.2176
136.3362 32.8734
135.8473 33.1899
136.1105 33.0865
136.2851 32.6651
136.8456 32.3247
135.8553 33.0582
136.1318 33.1950
136.2555 32.1156
136.3557 32.6878
136.2281 32.2234
136.1585 32.9895
135.8865 33.1473
136.0800 32.8456
136.8529 32.2870
136.8364 32.2393
136.2266 33.1654
136.2539 33.2236
136.8611 32.3928
136.1062 33.0044
136.7437 32.0844
136.2167 32.1994
135.9646 33.1006
136.3508 32.8802
136.5612 32.6871
136.6459 32.5334
137.1698 33.1178
137.0796 33.0946
136.5709 33.2869
136.2599 32.1881
136.6680 32.5780
136.7501 32.4573
136.2516 32.9693
136.6453 32.2059
137.2551 30.5381
135.8717 33.1665
136.4999 32.8609
136.1995 32.2061
136.8497 32.3563
136.6936 32.5286
135.7265 32.4677
136.0590 33.0482
136.1965 33.0074
135.3850 32.7733
136.0673 33.0859
137.4059 30.6752
136.2592 33.1763
136.7546 32.2311
136.0958 32.3597
136.8280 32.3057
136.8520 32.3077
136.5314 32.6997
136.6612 32.4940
136.3188 33.1074
136.5717 33.1806
135.3814 32.6450
136.3424 32.5374
135.9817 33.0552
136.5231 33.4053
135.9211 33.0792
135.2982 32.8234
136.4969 32.9618
136.1440 33.0468
136.3301 32.6645
136.2249 33.1390
135.4007 32.5950
136.8961 32.3584
135.6197 32.5106
136.0668 33.0563
136.1571 32.1599
135.7887 32.7360
136.8293 32.4008
135.5695 32.5424
136.2439 32.1214
136.6546 32.7156
136.8602 32.2842
135.7829 33.1192
136.6830 32.3553
136.3148 32.8798
136.6291 32.8280
135.9693 32.3501
136.4522 33.1681
136.2051 32.7600
136.7244 32.5361
136.7697 32.1997
136.3239 32.9370
136.4217 33.0225
136.2621 32.9965
136.7654 32.5006
136.0264 33.0263
136.1940 32.2376
136.4901 32.7649
136.0670 32.2828
