132.2369 27.9935
133.4046 27.8869
133.2720 24.9266
139.3559 33.4620
132.5657 29.3217
134.9789 30.0593
133.7348 28.0687
138.5226 30.3857
138.8754 29.6264
139.1829 29.9134
131.9374 26.0331
136.4445 29.2535
131.7878 28.0113
136.9728 30.5591
134.4955 31.6599
134.4579 31.9706
138.9997 29.6227
133.6008 29.4869
135.0335 31.9862
138.5411 28.6393
137.0672 29.9831
139.1991 29.3935
134.4657 27.4795
133.2319 31.9425
137.4825 33.8174
137.3340 32.2853
133.7399 27.5072
139.1430 29.3532
136.8071 29.0578
138.2521 29.2597
139.6445 29.0618
138.1391 30.5570
131.5466 26.0970
137.0663 29.1311
138.8309 28.9786
131.3686 27.0944
135.9732 29.6052
136.8453 28.6551
134.8719 28.1824
136.4970 27.9590
131.8895 26.9439
138.9859 28.9392
133.4509 27.8201
136.9563 33.5330
137.2916 29.2922
136.4515 30.7174
134.4090 25.2806
137.3684 33.8822
132.8577 29.5189
134.6620 30.9407
137.0173 30.9913
128.5219 24.7859
137.6965 31.0457
133.1228 26.3263
137.1964 33.7120
137.1389 30.9890
132.9561 24.8643
137.7553 34.2475
134.2621 28.9023
134.2838 30.0061
134.0809 28.2290
131.0142 25.6134
136.4920 30.8713
139.0801 27.6623
136.9716 29.5943
133.0255 32.1400
137.4091 34.0356
138.3610 28.0139
131.2859 30.5164
133.9164 24.9086
138.2095 28.0545
132.2565 27.6422
134.8475 24.8724
139.6521 28.6317
134.1523 28.4502
132.9196 28.3241
137.6357 29.7285
131.1080 30.1021
129.0350 25.8802
136.2425 25.1888
135.0174 31.9469
134.0176 25.5539
138.5477 30.9483
134.3611 25.6986
133.5788 27.0248
133.8414 29.3738
138.4320 30.7648
132.4311 29.3250
127.0727 26.8700
134.2332 27.0057
138.4823 30.1516
128.3307 28.2589
138.7063 30.3502
133.8298 26.5989
139.0841 30.2087
134.3519 28.1663
137.0343 27.9761
135.7321 23.8153
133.7479 28.1420
139.2065 29.9162
134.8132 31.6861
136.4295 28.6737
134.1254 25.7548
135.1305 30.9500
132.3149 26.1336
135.1188 24.3532
138.4837 29.7783
133.8213 31.0319
134.6446 30.8346
133.6644 27.0868
137.7514 30.1394
141.3161 34.1250
134.6501 28.5680
140.7506 35.1639
136.8434 33.1524
134.1557 27.7033
133.8835 26.5382
130.8499 30.0118
131.0093 30.2441
138.5009 30.5087
137.4323 33.6418
138.8120 30.3265
134.0461 26.2223
132.5734 26.8638
139.0973 29.5203
135.0597 32.0040
134.5874 31.2519
130.7505 29.9338
137.3523 30.0803
138.4379 34.1453
133.9947 27.7688
133.9086 27.3233
135.0584 31.8259
136.2684 29.5176
134.2663 28.4270
137.9096 29.8645
133.7972 28.5957
134.3217 25.3897
133.7684 28.5052
133.7468 32.5624
135.3108 28.0414
138.0094 28.4959
134.7581 28.3483
132.9572 32.1347
139.9429 28.3069
139.5886 27.1517
135.2657 24.3273
134.1345 25.4524
137.5203 33.8625
138.8177 29.4117
135.0411 30.6087
135.0004 32.0247
131.3804 30.3391
136.5519 28.9659
130.9260 29.9283
136.3490 30.3006
130.7232 30.0280
132.7749 32.1257
135.0008 31.8979
129.3512 25.7199
131.8654 30.5991
137.2781 29.8801
133.2275 25.4203
131.3839 30.2751
137.6253 29.6894
136.5342 29.4291
143.5693 36.7410
133.8269 28.8164
133.9498 32.2107
130.7645 30.1540
139.1661 29.9392
137.5024 29.3605
130.3558 26.0067
137.4261 33.9410
133.5025 32.0967
137.6956 29.9829
133.7095 31.8278
130.4941 30.0034
130.5622 28.2303
138.2817 34.2255
134.1344 28.2340
134.2997 28.3982
134.1474 28.3703
134.7151 27.6497
139.7896 27.8579
135.5097 30.3305
133.4369 32.1147
133.0801 28.6492
137.6424 30.1760
131.2651 30.4404
131.1304 26.5301
137.8229 29.6182
133.6391 27.1408
139.6809 28.7375
137.8360 33.9387
139.6107 27.1869
139.2840 28.6491
134.9461 28.6147
136.5168 33.6254
133.7757 29.8235
134.9385 32.2105
137.6522 29.3715
138.1564 30.3694
134.3680 28.7941
139.3727 28.4947
139.3192 29.0150
133.4709 28.4938
132.9518 28.6887
136.9712 28.6762
136.5234 28.3024
133.8732 26.5191
127.3127 23.8371
138.4441 29.4262
136.7594 29.2635
133.2383 32.2957
137.9476 34.0648
139.0684 29.9089
138.8319 29.7967
135.0449 29.9902
137.4499 33.1122
139.1044 29.6705
133.3965 27.6233
134.2169 26.7848
126.0219 23.1069
137.3340 29.3519
134.6346 28.4627
139.6722 28.2043
133.2715 28.6790
137.6243 34.0300
133.3374 27.5500
126.4266 24.1465
136.1165 29.9065
137.2883 29.7928
133.9709 27.1448
131.4229 27.1417
139.1308 28.4445
137.2573 29.0332
133.1905 30.4240
133.4499 29.3159
137.7477 30.1164
126.8579 27.5771
140.4073 34.0005
139.1826 29.0597
136.8653 32.9277
133.7027 24.7338
134.8784 31.5121
127.3008 24.6844
133.1051 31.8238
134.3189 29.0919
133.6905 27.3946
133.9370 27.8144
132.0873 30.6885
133.5880 27.2786
133.7598 25.5633
138.6670 30.1792
136.2699 29.3414
134.4137 29.2817
134.5329 29.9546
134.1272 28.3883
138.2280 30.4575
137.9953 30.0341
138.3820 30.0116
136.4989 31.5519
137.4341 32.7153
137.6178 29.5058
134.4140 28.5076
133.6052 27.1364
138.9163 27.7179
134.3806 31.6340
133.5069 27.3315
134.3133 31.9730
131.8752 27.5259
137.6933 29.3004
139.7773 27.4575
136.9339 28.1060
134.6684 24.9022
133.9705 29.3737
139.6927 28.7541
132.8230 27.0520
138.7278 29.5651
135.7418 24.2523
133.6435 27.8498
133.4565 25.2441
128.0738 24.5951
134.9525 29.0294
138.6809 29.8621
139.7339 28.2966
136.9824 31.7400
139.5350 28.8077
139.8535 27.7277
133.9950 26.2096
137.2550 31.0351
133.2134 26.3570
136.1084 30.0664
128.3540 24.5581
133.8315 28.9374
135.0946 29.0191
131.2166 30.1674
139.1468 30.1125
133.0333 32.3139
138.1721 34.2003
136.1431 29.8109
133.4032 29.4599
134.9137 27.7130
132.7526 26.9930
139.2071 28.6364
136.8526 30.8331
127.7039 24.6217
136.8205 28.9560
137.1360 32.0538
134.8156 29.2790
138.5292 30.0418
135.3590 24.3335
127.3426 23.9359
134.6415 28.8754
133.0509 28.3351
127.9985 25.9882
138.3807 29.9478
134.2757 32.0933
135.2685 30.8066
139.2627 28.8905
136.2076 28.5466
138.8099 30.5292
134.6776 32.6458
137.7206 30.0016
133.4982 27.5593
139.6423 28.6392
136.7623 30.8162
138.7519 30.2930
133.6315 27.5138
134.7117 31.8658
133.3411 30.8881
138.5460 29.4465
134.2716 28.4570
133.5282 27.9236
137.0562 32.1047
132.3382 27.9348
135.2850 31.6387
136.4243 29.4893
134.8566 28.1129
133.9789 24.7320
133.0994 25.6709
136.2301 31.2243
135.4575 24.3825
132.1011 27.8290
140.2384 33.6106
138.5486 29.8172
137.4190 29.4662
134.3046 26.0547
136.1603 31.3934
138.2152 30.2831
136.4986 28.9157
138.0858 29.7920
134.3496 28.7917
137.4054 30.6309
139.0953 29.8027
138.5896 29.4729
132.9092 31.7180
137.5466 33.1219
126.2241 26.9708
131.8945 28.7016
134.6284 32.7785
139.5020 28.3722
134.2348 32.7234
136.0812 30.1085
130.7763 29.7353
134.4276 32.4775
135.8354 30.8365
138.3549 29.8342
139.2879 28.6312
138.2667 29.5318
136.6801 28.8630
138.1664 28.3441
133.4080 31.3669
127.8910 25.5169
136.7596 33.3555
137.4770 33.6418
130.6996 29.8624
136.3102 28.9512
139.6059 29.1419
135.5698 30.9895
131.7775 27.0373
134.3737 27.6616
132.2400 27.6450
132.4828 28.0383
134.8397 27.6598
131.3798 25.9959
133.3934 25.4218
136.6640 29.3795
135.0822 30.2643
132.4979 27.1152
137.3786 29.2053
135.4958 23.4265
135.0213 24.6240
132.9074 31.7259
132.8447 26.5213
128.5468 25.0215
137.3480 29.4543
139.3662 28.9652
139.6849 28.3233
133.7453 28.2646
131.6512 27.9230
138.3025 30.7383
131.5761 28.2864
137.5512 33.9791
138.0636 30.1423
133.3228 31.0844
136.5214 30.6507
134.3786 25.4785
135.0869 31.9203
137.6739 34.2786
133.5158 29.2554
133.4727 28.5186
135.0684 29.1178
133.7573 26.9548
139.1710 28.7440
134.8909 29.9962
139.3037 28.4004
136.0642 30.0573
130.4224 26.6170
132.9576 29.3503
137.8205 34.2882
135.0277 28.9821
136.4689 31.5863
133.3453 32.9031
136.1606 28.3012
131.8461 28.2672
133.2137 29.5034
130.9673 26.1406
139.7710 28.5827
131.4807 27.7702
139.0717 28.6344
138.2460 30.8564
138.2448 30.9101
137.8418 29.9620
133.1939 32.0339
133.7967 30.2977
138.6813 29.3825
137.2016 29.2625
136.2040 30.2235
133.2252 26.1126
134.9527 28.9239
129.1819 27.0289
138.7565 30.3248
135.1893 31.3790
134.1313 25.4709
135.0017 29.3424
139.3582 28.7993
132.0462 27.4153
134.2632 25.4100
138.1806 29.9770
134.2984 26.7817
128.6266 25.8624
136.7448 32.9675
129.5648 29.6068
138.0868 28.1292
131.8513 27.6991
141.1464 34.8738
133.7282 24.4479
139.7046 28.7472
134.4059 27.3985
134.2738 24.8626
132.7119 26.9325
133.5560 25.4899
138.1198 33.2354
133.0906 29.6867
133.9384 27.0384
133.1031 25.4093
132.4546 31.6334
133.6760 27.4886
131.3970 26.0476
139.2065 28.6892
135.3583 31.2219
137.5273 32.9675
137.7913 32.8240
132.6128 28.1564
137.7621 29.6229
126.4361 26.5178
134.3844 29.4964
136.7989 29.3919
138.9064 30.6486
133.6133 27.7087
136.4670 29.0067
133.8983 27.6014
138.4128 30.2929
136.3962 29.1217
137.4022 29.2952
139.0979 30.0017
134.4193 24.6644
132.9592 31.7217
134.1474 28.5117
138.8756 30.5840
132.7926 28.3484
133.7426 26.7083
138.5463 27.6062
133.6924 27.0794
138.4875 30.1805
128.2160 23.9096
137.9966 30.2165
134.1809 27.0844
138.5411 30.6638
133.5990 29.3707
134.8331 31.7964
139.3536 28.3597
134.6267 28.1672
138.9458 30.4044
139.5822 29.1372
136.7978 29.2747
129.0157 29.0165
136.8592 28.9632
136.9467 29.4118
137.5719 30.9976
137.9319 30.2144
134.5985 28.3102
136.3416 30.4387
139.3021 28.6092
138.5670 30.7138
134.9742 30.1195
134.6809 25.0875
134.6771 31.0370
128.5035 24.9207
137.2947 29.0460
132.4500 29.3053
134.1236 25.9668
139.2720 29.3027
139.8420 27.4395
137.4867 31.1264
138.7869 34.0980
133.9989 26.2658
133.8383 27.5992
133.5947 27.0043
138.9072 28.8249
131.7839 26.9926
138.5451 30.3669
137.3020 31.0634
137.6574 30.9694
130.7193 29.9070
132.8917 31.6850
134.0167 26.2311
133.8696 26.7708
134.6938 28.0633
136.2107 28.4381
138.0014 28.8173
138.2420 30.0300
131.6373 30.4419
137.6532 29.9037
132.7614 31.8793
127.7920 24.9654
133.5814 24.9010
131.4240 30.3355
134.5833 32.7989
134.7830 28.4401
134.8435 28.2729
137.3188 29.3097
134.7935 31.5490
130.8577 27.0937
139.6997 28.9373
132.8055 31.8973
133.6533 32.3686
134.8277 32.1323
136.2473 29.9668
136.6376 29.1791
134.4818 28.0038
132.5987 29.4313
139.0370 30.6497
133.7300 29.4088
136.3307 25.4581
139.8242 28.7340
137.4663 29.6179
137.5706 29.4838
132.8159 31.6815
133.0044 26.1351
139.4957 29.1244
137.0598 29.2953
138.1964 29.6452
138.6777 30.6447
132.3654 27.9465
132.8472 32.0084
128.1657 24.5073
135.6772 28.1471
136.7950 29.5084
136.3008 30.3232
139.6456 29.6559
137.1727 33.8603
137.1770 29.5909
139.5133 29.0545
138.9266 27.8749
136.7230 33.6781
139.1940 29.5867
134.6414 32.3296
137.4272 34.2102
139.7394 27.2945
136.6935 33.8147
139.1838 33.3426
136.3936 29.5870
138.8098 30.7425
138.3005 34.2957
139.6552 30.1401
139.5798 28.5216
136.2441 29.3371
134.2991 28.4308
139.1876 30.4932
137.4382 34.0244
134.8211 32.7402
137.1870 33.8430
136.8505 33.8695
137.3698 33.9558
128.9689 29.1270
139.0977 30.4702
128.0681 27.4319
138.2511 30.6117
137.2084 33.2871
139.4653 28.4914
138.9971 27.7968
138.9169 30.6954
137.2529 29.3126
136.6484 33.4990
136.4673 30.7026
139.3309 29.1425
137.1982 30.1129
137.8073 29.3547
137.3776 33.9630
139.1963 29.5840
137.0505 30.1880
128.5258 28.3471
139.2342 29.7485
141.9892 35.5592
137.4736 29.6728
128.2327 28.4674
139.0919 29.2250
138.3409 28.9458
138.3225 29.4927
138.9436 30.4309
134.7784 29.7130
139.0891 28.3483
138.1827 31.0395
138.0284 30.7758
136.9616 33.2674
127.9006 28.3886
137.3448 30.9513
138.0753 29.1558
136.3643 29.9261
135.3180 25.1199
139.4365 33.6478
137.3562 33.6759
134.4253 29.5474
138.5651 28.0936
141.0190 33.8225
137.9771 30.6398
131.3273 29.7784
138.8839 27.8535
137.6309 34.3764
138.8643 28.7657
140.8667 35.4157
139.0966 29.7660
139.0586 32.0530
138.1609 30.2703
139.0057 28.9949
139.3565 28.5651
139.1612 29.3599
139.6470 30.0294
139.2384 28.6130
138.8865 28.0826
139.8264 28.8899
137.0773 28.6604
137.2339 33.5072
138.9124 28.8446
139.5793 27.2477
137.7244 29.1631
136.4608 33.7057
143.9588 37.4119
134.2884 27.6515
136.5703 30.7110
139.2820 29.4558
139.2989 34.4270
134.1491 28.1644
137.1527 31.5668
137.8966 30.6329
136.5174 29.5677
139.7965 27.7124
136.8976 34.0155
137.2768 31.1284
138.5055 28.8058
136.9563 33.9821
136.7764 31.0063
138.6889 28.1846
138.3406 29.0500
132.9507 32.1727
137.7585 34.0744
137.2737 33.8303
137.7093 29.2252
139.5537 33.5700
136.8705 31.0532
136.9945 28.8953
137.3755 33.9194
137.3991 34.0204
137.3940 30.5031
136.9765 34.1652
137.6213 29.0561
135.2328 32.0722
137.3965 33.8494
137.1730 29.9445
137.4303 33.8858
144.3241 37.5437
139.3249 29.0729
138.6548 28.5016
128.0922 28.0113
139.1984 34.5929
136.9489 34.0156
143.7628 37.0183
136.7352 29.2129
138.9412 27.9556
139.3813 29.2242
138.8444 34.3060
137.0942 32.8897
136.5833 30.9253
137.3289 33.9393
137.1058 33.9956
136.5094 29.4323
137.0154 29.8802
139.2517 34.6104
139.5425 29.4857
136.8365 33.9183
136.8523 28.4523
137.9218 31.1207
136.5928 28.7771
138.7253 30.1694
133.2236 29.6399
137.7950 34.0774
139.7684 34.1561
139.5593 29.1951
137.3401 33.8839
137.5560 34.1084
131.8777 28.0668
139.1607 29.1254
132.7327 32.0500
135.9955 28.0585
144.3266 35.7681
136.3049 29.5666
137.3803 30.5415
136.7496 28.8904
136.9438 33.0381
139.3285 29.0103
135.9035 29.0986
136.9777 33.2919
137.5335 34.1798
137.2099 33.7982
138.2300 29.4118
137.1612 34.0968
139.0321 28.4926
137.1152 34.0021
139.3377 28.6321
136.5196 30.8415
140.4961 33.2619
139.3338 30.2649
127.4045 27.0070
126.8745 26.5399
139.2895 29.5685
139.2479 30.0377
137.4244 31.1778
137.4237 33.6029
135.8911 29.3618
139.0903 33.0598
137.5827 29.5123
143.4828 36.8982
133.8448 30.8154
137.9625 31.0104
143.6257 36.5894
136.7430 30.0190
137.2921 34.1842
136.7289 29.6670
136.7864 33.3736
129.7111 28.9005
139.2975 29.4619
134.7127 29.9158
139.1914 28.4198
137.3560 33.9876
136.8577 30.1763
137.2707 33.9103
139.2507 34.6193
137.3467 33.9760
137.8045 31.1336
139.2892 29.0009
135.8879 28.3771
133.8677 28.4355
137.4881 32.5804
136.7447 33.7182
136.6202 33.9459
133.3851 31.0406
136.7796 32.5627
134.2776 27.6746
136.9457 29.7607
135.9256 25.5736
136.6837 33.0995
135.9010 24.4752
131.4965 28.7923
136.1203 30.4921
138.5791 29.8008
134.0007 27.2414
130.3372 28.6110
138.7513 34.5602
135.8795 27.2004
137.5551 30.1037
133.6632 28.5000
134.9341 32.0157
134.6081 28.6539
137.7080 31.6932
138.0526 30.7194
139.0113 28.7544
137.5824 32.8344
133.3568 31.2318
134.4394 28.0987
136.9931 30.9273
135.7675 29.6604
136.9812 33.5572
137.3825 29.4859
139.6582 28.7357
136.9969 30.9070
135.7318 32.7239
134.3447 25.7772
131.9349 31.0071
139.4120 29.2863
124.1727 30.6198
128.3991 25.9614
134.9305 24.7014
127.7006 27.0039
139.3116 28.8784
139.2296 29.5653
138.3927 33.5931
139.1462 30.2961
138.2571 28.5167
140.3339 27.6319
139.7496 33.2952
135.6096 24.9954
137.2358 33.3954
136.1393 28.4264
134.4219 27.9950
134.9412 28.6375
138.8843 28.7476
135.2653 30.2673
133.5716 31.4988
139.4134 29.5102
137.5769 32.6315
139.2732 28.5327
137.6454 30.9557
133.3077 27.6142
137.6500 34.1013
139.0697 27.8722
138.6608 34.4488
135.2791 29.9342
138.3070 33.0239
136.4857 28.0078
136.1020 28.4306
134.6854 25.5393
134.0012 26.2560
137.4098 30.0365
134.0257 27.3088
139.4166 29.3802
135.1343 25.0394
136.0194 30.0378
135.5092 28.6228
137.9666 30.7218
136.8863 29.9931
135.5440 29.7667
139.1658 27.8022
133.7083 28.1654
140.1677 27.8085
127.2358 27.9001
133.6850 27.9179
134.6885 25.2066
137.3214 33.6869
139.2012 29.6502
135.2893 31.6261
135.9305 28.5173
135.9840 29.7698
134.6253 24.8260
136.8763 28.9437
134.9769 28.7393
138.3981 29.9230
127.6326 27.1368
135.1873 29.4764
139.7882 33.8646
136.0342 28.1514
139.3976 28.8703
134.0146 28.9698
130.5849 25.5785
137.8587 30.5880
137.6137 33.8660
137.7902 29.7517
135.4783 24.0565
138.6362 27.3208
138.5449 28.3837
138.9397 33.2711
135.0455 30.0240
133.7514 26.8156
137.6528 29.4861
135.0125 28.4178
140.9943 33.8209
135.3327 31.5712
135.0057 29.2773
133.9155 26.2131
137.8105 34.1576
134.7865 28.7520
138.7154 30.4015
138.1482 30.9648
139.0837 28.9733
137.1763 29.1116
126.8362 26.4447
134.3870 25.7303
139.2312 29.4727
132.4258 25.6963
138.9490 30.5296
132.4755 25.9176
136.2731 29.2546
134.0584 28.5491
136.8376 33.6799
137.2385 30.6606
137.8862 30.3222
136.2025 30.0162
137.8216 29.6709
133.1220 29.6202
136.7024 33.2882
138.2685 30.5619
138.1634 33.7571
137.4534 32.8825
135.7495 24.5121
137.8192 28.7376
139.1234 29.4053
132.5254 27.9628
134.1694 26.1687
134.7108 28.0192
139.5936 28.5904
134.2964 32.0058
140.0152 28.0514
126.6233 26.6830
134.1375 31.2823
134.2156 24.7449
133.6167 28.2260
131.4004 30.5561
139.2376 29.3227
134.1008 26.7918
138.4425 34.2321
139.4884 29.4238
138.1602 30.6269
137.6429 33.0886
139.2926 28.4762
128.3026 28.5288
136.9462 33.1351
137.3528 30.9429
133.9057 27.9092
136.2385 29.3974
138.3237 30.7167
137.7088 30.1253
131.3437 25.9780
133.2520 26.6903
139.1138 30.0029
136.4562 29.3805
133.0554 32.1372
132.5312 31.4803
139.1978 29.7064
137.5495 29.3539
136.8537 30.8742
138.7201 33.2771
135.9928 31.0285
137.8371 30.2977
130.9419 25.5342
134.8401 28.8312
128.7945 28.5697
137.0791 30.8870
134.6096 29.1623
134.5658 31.5546
139.3058 30.2586
137.2120 28.7257
132.7871 26.0197
133.3729 25.2330
137.5568 33.2053
137.4409 28.7006
137.8863 30.9577
132.7454 26.7230
137.2608 28.9168
141.0399 34.1365
137.2488 34.2637
134.8458 31.7808
133.6499 26.8848
139.4311 28.5833
133.6107 28.2014
135.2702 31.4628
134.2301 24.8721
139.7403 28.4252
138.1016 31.0721
136.9903 30.8919
139.3394 29.1193
138.6163 28.5514
133.7157 28.6494
138.3640 33.7750
133.9752 29.4058
141.4807 34.5802
127.5755 25.5888
138.1503 30.4607
136.3699 30.5884
136.6760 33.4164
136.4389 33.2782
132.2886 28.3383
133.3330 28.0794
133.3913 25.2358
132.9004 26.4701
137.8087 29.7308
139.2536 29.9492
130.7679 29.9357
138.2331 30.2741
136.3225 29.3232
138.0166 29.2632
137.6120 29.3172
134.9768 30.9715
136.4857 29.1316
136.4379 29.0229
133.5996 26.9134
139.5437 29.0774
139.6770 28.8861
134.1356 24.9039
139.0711 30.2312
136.1458 30.1824
135.6320 32.2194
138.2258 29.6413
137.9270 31.8817
134.0231 24.7950
133.3674 32.2815
132.8796 32.0509
137.2403 30.4189
138.2101 30.7600
138.3766 30.3596
138.0194 29.9256
138.0649 29.7424
133.4982 24.9037
134.9502 29.2312
133.6536 24.7700
138.8392 30.2754
135.2639 31.9616
131.5340 28.2040
137.9208 30.2021
133.7776 25.0367
132.9449 29.4174
139.5373 33.2170
132.4821 27.8282
137.5563 29.3873
139.0861 29.8922
133.2344 28.2532
133.6244 27.4361
133.6152 31.4034
139.7730 27.4661
138.3309 29.8568
132.7164 26.9739
137.1118 28.7363
134.8938 28.9673
126.6748 26.1370
136.5660 29.4260
138.0384 29.8915
136.1590 30.2598
139.7259 29.3712
132.5912 27.0008
137.2850 30.3853
137.4084 28.4665
138.4310 30.5906
135.0220 26.7634
139.0747 29.4865
132.8047 26.1804
139.2014 28.5052
131.4874 30.3697
137.2466 32.2845
138.0730 30.1528
136.5058 29.3738
139.6735 28.1268
137.6747 29.3920
128.3374 25.7689
138.8590 30.5434
136.6487 28.8997
138.2134 34.1116
139.1564 29.2951
135.1103 24.8660
138.8616 30.4321
138.1545 28.9790
138.1069 30.1174
132.3211 27.4432
135.0096 32.1506
138.2916 30.5770
137.3033 30.9104
137.6461 29.6286
136.1328 27.8604
135.3150 31.6475
136.3551 29.1017
128.4029 28.2153
131.8747 27.1060
139.8127 28.1942
138.1194 34.2556
138.5389 27.6833
127.1998 24.2345
126.9285 24.0737
138.7471 27.5555
131.2703 30.2293
129.5335 29.3895
135.0992 24.4696
133.5953 27.4120
132.2534 25.9076
138.3827 30.1314
133.8816 31.8980
139.2837 29.0681
135.5875 32.4167
139.1707 29.0122
135.0997 24.8699
135.2759 31.5130
137.6446 33.1874
139.2086 29.3507
136.3233 29.2028
135.0596 24.8814
136.4113 28.9869
133.0108 32.0496
138.9394 33.2678
129.4251 29.1184
132.3088 27.2392
134.3180 25.9897
136.0553 32.4629
139.0149 30.6915
134.8735 28.1179
139.0195 28.8640
134.5004 28.0091
136.9624 33.3424
137.3503 34.1614
134.3277 28.0590
133.6917 27.2177
136.8051 33.2689
139.0793 28.8915
132.8436 27.9653
132.2316 27.9054
133.4631 27.6079
134.8084 28.4517
139.5461 33.2270
126.9631 27.0764
135.7097 28.0286
133.1570 32.1756
127.4531 26.6222
131.7824 28.5080
134.5973 28.1007
139.7199 28.9936
133.9134 26.5201
130.0806 25.6555
133.1621 32.1176
134.5776 25.0749
138.8909 28.7273
134.8849 32.1485
137.4845 28.9596
137.4882 33.4220
138.5171 33.0971
138.5730 30.7543
127.3287 26.8987
135.2768 31.6197
137.9131 34.0496
128.4091 28.5414
139.0609 33.1328
136.0845 30.3896
134.2798 28.1907
136.9079 33.2317
139.4483 28.8339
135.1565 29.9754
130.8267 30.0264
134.2674 27.9790
137.5076 31.0002
137.7501 30.8687
130.7315 29.9187
133.6245 31.6702
126.7105 26.6128
135.1919 30.0832
134.0510 32.3446
127.5733 27.9485
132.2022 31.7587
134.4330 27.8906
136.6853 30.8661
133.5411 27.3246
136.8184 33.2426
139.6957 28.6366
135.6028 27.9723
137.8612 29.1714
133.7007 31.2290
133.6675 32.3454
137.4623 29.4862
138.6837 28.2776
139.1071 27.9077
138.8896 28.4951
138.2119 33.6399
136.1295 30.3071
135.3820 28.0009
136.3932 28.0700
135.2781 31.7897
137.1796 30.0108
132.7432 27.0866
135.3766 32.7276
138.4879 30.1501
133.9373 27.1208
137.6704 30.5123
139.4266 28.8594
137.3284 32.8759
135.0869 30.6683
138.7003 27.5315
136.7699 28.4106
139.3498 34.3039
136.9281 28.9841
137.6291 29.4867
137.0502 28.9404
133.2450 31.0617
134.4648 27.8671
137.2922 29.4797
135.7902 28.0018
134.9008 29.8033
137.5056 33.1028
137.3306 28.7581
132.9053 31.9226
135.0135 32.2355
131.9280 27.5457
129.0700 25.7346
138.9724 27.9806
131.6223 30.8199
138.3111 34.0461
136.9971 33.2097
135.0873 30.0878
139.1212 29.2912
136.3391 33.5195
139.0072 29.3285
138.6375 31.1084
137.0239 31.1049
141.4007 34.5573
136.5327 29.8860
135.9705 30.2262
137.2683 30.0267
139.1012 29.2664
137.0472 29.1313
137.5080 30.7131
137.0616 34.1766
136.8336 30.5065
136.8242 33.9010
138.1659 32.2611
137.5924 30.0648
136.6698 30.3521
139.0576 30.8114
137.9671 34.3924
136.9140 31.2411
138.4101 34.3408
136.6522 30.0857
136.6718 34.0083
137.1362 29.7290
136.3757 28.9620
138.4936 29.9740
136.7660 28.9870
140.1075 33.2488
136.9112 30.5169
138.9810 30.4768
137.0441 33.8049
137.4258 30.7544
137.4700 34.1607
137.1003 29.8320
139.1530 29.6237
141.5904 34.5539
136.5576 33.4355
138.8680 29.2689
137.4872 30.9671
137.0965 29.7512
137.2079 31.0249
136.4512 33.8185
139.2003 28.8466
137.2801 29.2927
139.2606 29.7371
136.9425 30.5758
136.8216 29.0066
136.8513 33.5029
136.0655 30.6361
136.9803 29.4196
138.2561 29.7360
136.7676 33.0127
136.7716 30.2424
139.3987 29.4512
136.9481 29.9626
144.9128 35.1050
139.4910 28.9498
137.0740 30.5001
141.5999 35.0398
139.0029 29.2283
136.3748 33.4993
137.0313 30.2532
137.5454 31.0093
137.8124 30.1623
137.2437 29.0848
139.3528 30.2292
139.2690 29.5965
136.7498 30.7937
139.3268 30.3199
137.1556 33.2653
136.4417 29.3420
137.8586 30.1721
137.6060 30.1830
136.4016 33.2754
139.4831 29.3718
136.4350 33.7263
138.3407 34.2155
137.0605 29.8619
138.1863 30.5833
138.8909 30.6469
136.3500 33.6067
144.4629 37.8713
137.1594 29.4004
138.4128 29.2846
138.1739 31.2714
143.3796 37.2615
136.4894 33.1185
137.1556 29.7115
137.1313 30.2327
137.0216 34.1840
136.3539 33.4513
136.0479 29.1408
137.5605 30.1636
137.0824 30.9032
139.2641 28.8933
136.5206 33.0680
147.8615 36.0272
136.9571 30.8854
138.0907 30.8025
137.6508 29.7712
139.1505 28.8240
136.6611 30.7897
140.3654 34.6363
136.6207 33.5547
136.6469 30.0340
141.9686 35.4592
136.6305 30.5733
138.8580 30.9483
137.5531 30.0482
136.6890 29.2933
139.0175 29.4031
136.4350 30.3004
137.1564 29.9613
137.3490 29.3904
138.7956 29.2004
137.2022 33.7305
136.3693 30.1946
138.9438 28.4324
135.8490 30.2224
136.7960 33.4079
136.2333 29.0499
141.9365 34.8418
139.3359 29.3605
137.5618 30.6062
136.8323 29.5398
138.9529 29.9353
141.6666 35.0244
138.8786 29.4299
137.9083 34.3005
137.9212 30.2962
144.8577 38.8299
139.1819 29.9743
136.2336 30.4892
137.2304 30.0570
139.1649 30.5422
136.6698 32.5418
137.6093 30.3400
136.4677 33.2229
136.4544 33.0969
137.0302 33.0895
139.2247 29.6503
139.3401 29.2457
138.6099 31.0642
136.7745 33.1176
136.9070 33.8269
136.6708 30.7148
136.1286 29.6427
139.0921 29.0448
137.5209 30.7578
138.4523 31.0830
137.2177 29.1583
139.0916 29.3276
136.4863 29.9126
137.0406 30.8944
136.5122 33.8753
137.0267 29.9406
135.9165 29.2845
136.8858 28.9318
139.1881 29.3523
136.5801 29.3207
144.4144 37.9138
137.2492 34.0338
139.3906 29.2995
136.3376 33.4305
136.4726 33.1547
136.8020 33.4436
142.0004 34.7149
136.7590 30.7487
139.1477 30.7441
138.9827 29.0875
137.8303 34.3929
143.6483 36.3346
138.0625 30.9246
139.1926 29.2759
135.9475 29.6013
137.2218 30.8879
138.9661 34.5158
139.5959 32.6963
136.9222 29.0111
138.0606 34.3765
137.4294 29.2838
137.6008 30.4099
137.1216 33.4378
136.7904 29.6914
139.9839 34.1013
136.2084 30.4351
137.0572 30.4612
137.2126 33.3041
137.2298 30.8078
136.6339 29.4327
139.9006 34.7480
138.7534 30.9751
136.7440 29.2737
136.1419 30.0594
138.2862 30.8745
136.4627 33.5570
136.5153 30.2571
138.3679 29.7312
137.1174 29.8700
140.5864 34.3655
136.9955 33.0590
137.1359 33.9690
136.8430 33.6447
137.6638 29.8288
138.1529 30.7003
139.3186 29.5314
137.7090 31.2922
139.4396 29.3607
136.1537 29.5037
136.6078 29.8496
137.0498 30.8324
136.3887 33.7276
136.3825 30.0892
137.0815 30.2457
136.5748 28.9254
137.1413 34.0419
137.4780 30.7604
136.2023 28.9815
137.2097 33.2979
138.5193 30.9634
136.1815 29.4590
136.8629 29.9469
136.8469 30.0445
139.4805 29.3017
137.7265 30.3942
137.5307 30.9893
137.0669 30.5983
137.1348 33.7694
138.4619 34.2828
137.0635 30.8782
135.9620 29.4452
136.6388 30.9174
137.1586 33.8032
137.1686 29.2476
139.0107 28.6564
136.6973 30.7333
136.4142 30.3508
136.1130 29.7268
137.4676 30.9929
138.6655 30.9650
137.5598 30.6919
136.2395 29.7486
137.1205 34.0717
139.0385 29.4645
137.4317 29.5010
143.2835 37.1996
137.3449 30.8384
139.0756 29.8305
136.3198 33.4926
136.8369 33.9072
136.5671 30.8625
145.8906 38.0037
136.7128 29.6198
137.1810 30.8300
137.0681 29.2177
139.0830 30.5173
139.0968 29.0864
136.9774 30.7937
141.4595 35.4347
136.8882 28.9878
136.5871 28.9372
138.9001 29.4613
137.4919 30.9504
137.1528 31.2858
136.1341 30.4235
138.5636 28.8228
136.8756 33.9116
136.4263 33.2918
137.8768 31.0877
136.8494 30.7393
136.4385 29.4558
136.8235 31.1396
137.0534 29.4503
136.2342 29.1019
138.2240 34.2525
136.1655 29.9241
136.5886 30.5377
139.0585 29.4336
136.3889 33.1992
138.8540 29.4262
136.6535 29.8934
137.5220 30.7437
136.3668 33.4103
138.9053 34.4787
139.0695 30.8050
136.3172 29.9165
139.5948 29.6032
136.7630 30.7349
138.8855 30.6632
137.1340 31.0013
136.2901 30.1772
137.0164 29.1825
136.9815 29.1224
135.9363 29.4084
137.0522 29.1136
136.6456 29.7272
138.9242 28.5427
137.2378 30.1471
136.4918 30.4542
136.1026 29.1564
136.0930 29.9403
138.9496 29.2770
136.9207 30.3117
136.9198 31.0377
138.5863 28.8522
136.3305 30.6618
139.1521 29.2920
129.7394 28.9404
133.5758 27.2732
138.1565 34.2796
137.8784 29.3074
133.1939 25.5212
140.6091 34.6052
132.7067 30.2126
139.6396 29.5957
148.0376 35.4589
135.4126 29.9682
132.3482 31.4452
138.5646 28.2878
128.2318 29.0223
139.5328 33.3609
139.1896 34.4830
133.9322 30.8472
132.8304 28.2559
136.5941 29.5113
144.2491 36.6600
138.6339 29.8244
134.3678 32.1818
132.6264 30.4392
134.6647 29.3470
134.2688 27.9449
127.6864 23.4979
132.7700 28.7401
131.0582 30.4749
132.1620 29.0353
135.0137 32.4044
143.0036 35.9595
133.9856 26.3937
135.0581 25.3541
135.3913 25.8884
136.6886 33.9312
138.5201 30.5681
132.9118 28.8304
138.0199 30.4980
138.7423 30.5930
137.8231 29.9825
138.2649 28.6885
126.7373 26.5115
141.2532 34.9560
137.5396 31.1679
134.8073 27.3886
138.4604 33.9488
134.3037 25.6296
138.9723 29.7579
133.5023 31.8638
136.0622 28.8907
139.7380 29.3192
122.6084 27.4850
135.9481 29.5721
135.0603 24.7344
136.0776 24.3979
127.5562 28.0346
135.7329 24.4868
139.5259 28.7943
138.4123 28.1515
139.7804 29.5832
136.4138 32.6223
137.6138 29.9090
137.5696 30.5119
136.4026 33.6604
132.0883 29.1657
138.9740 30.6974
138.3850 28.7265
126.8447 25.2849
138.4673 30.4985
132.2951 29.2180
133.8788 26.6233
141.5112 35.2163
136.7373 33.7406
134.6090 32.2879
138.2285 32.5862
138.8967 27.4327
133.4111 28.2956
139.2230 32.2819
134.9760 24.3764
138.0052 30.9701
138.8012 30.4317
132.5970 26.1590
140.1782 34.3158
128.8987 28.0280
138.2423 30.7736
134.2469 25.5292
136.2012 30.0017
137.6801 29.9708
133.0005 31.4171
128.0428 27.2589
134.2413 24.6732
133.9462 31.3163
136.8772 33.1614
144.0289 36.2403
132.2937 31.7450
127.1440 29.8465
133.6042 32.7612
134.4598 31.3019
137.6827 29.7464
136.8753 28.7614
139.7363 28.7769
138.9797 27.9877
135.8195 32.3258
132.0342 27.4453
134.5732 25.1567
134.6700 30.2386
139.0389 29.5203
133.1187 31.9789
137.4440 33.6106
138.2903 34.1531
134.8785 28.3015
136.9887 31.0156
133.5611 27.2364
133.7867 32.5573
137.1947 32.2081
136.2102 29.6567
137.2422 29.0161
138.1153 30.3194
133.3158 32.1400
131.9855 28.1517
137.6562 34.0095
134.3099 28.2724
134.0094 27.6211
136.5842 29.3199
139.9615 28.2213
133.4525 31.7236
137.2787 32.2916
134.2257 28.3917
132.1454 27.8059
138.3703 30.3588
134.7655 27.9408
133.4310 27.3264
132.2636 31.7386
138.9767 28.3579
139.2459 28.6172
134.7882 32.0535
139.4497 29.0134
138.0284 29.9684
134.8441 32.6464
134.1640 28.8590
133.4665 27.6514
137.7248 30.1753
134.4875 31.2064
131.2062 29.5819
133.6574 27.5528
139.1711 28.6832
139.5616 28.7395
134.6150 25.1616
134.2849 31.9620
137.8629 29.9237
138.2255 30.2875
137.1962 30.5313
138.9216 27.6588
134.3790 25.5140
139.7148 28.8748
134.2689 25.7781
134.8932 24.7645
138.3087 31.0629
134.1718 28.4500
135.3705 32.0594
133.4665 27.4599
134.0286 26.1725
133.4158 27.4432
133.9222 27.7501
136.0335 29.7136
138.0947 30.4816
136.2279 29.0428
137.9852 30.2064
134.2432 25.4622
132.9514 26.6529
126.6867 26.4962
136.5715 30.9224
138.0444 34.1168
133.1744 32.2746
137.1362 29.5606
128.9496 29.1781
134.5101 28.4002
134.7880 24.8925
141.6974 35.2072
134.0426 26.9019
133.7780 26.8551
133.9915 28.4325
134.4520 28.1596
133.6431 26.8848
138.9243 30.4621
139.9461 28.1233
133.0676 25.5187
138.0764 29.0458
132.9475 31.7070
134.3611 27.9961
131.1511 30.3757
136.6354 33.2688
136.3150 28.9593
137.2534 33.4094
136.0024 25.1952
133.5020 29.6489
139.1659 29.6419
139.0464 29.4477
138.7462 28.1692
138.2072 30.8698
132.9287 32.2887
138.6435 34.3357
139.3722 28.7341
138.2437 30.7262
137.3652 31.0088
136.3160 29.6108
135.1687 24.9747
131.7196 29.0695
127.2630 27.1380
134.6061 28.9672
139.5672 29.0779
142.0337 34.7031
138.0119 28.9847
133.8849 26.5680
139.0933 27.7411
133.6908 24.7523
138.8071 29.2204
139.5134 29.0808
134.1332 25.9307
139.6699 29.6804
139.6449 29.3970
133.8797 29.0790
140.3376 34.9195
134.7493 28.6112
133.8007 26.7533
133.1872 28.3693
137.8536 34.2129
139.6928 29.1960
135.3914 25.0291
137.8814 31.0899
133.8419 29.3321
135.7221 28.1292
132.6792 31.8965
134.3243 28.3183
138.4969 33.9966
137.5336 30.8852
137.7783 34.0816
137.4244 33.3973
136.3995 28.1643
137.5129 28.7816
139.7509 27.5257
133.8264 28.8512
134.8641 32.0564
139.2265 29.5094
138.6837 30.7745
137.6376 30.8579
136.8817 29.4040
134.3612 32.0246
139.2618 28.4477
133.7026 27.5111
137.7453 30.3679
130.6777 29.9548
139.2599 30.0954
136.8255 29.8567
128.4366 25.8227
136.4353 28.7064
134.1351 26.5396
137.6865 34.0073
139.8235 27.9105
139.7874 29.3337
138.5407 32.8247
128.3685 26.3555
139.7472 26.9101
134.3351 24.9630
138.4284 30.4763
136.2595 30.6481
134.7557 28.6854
132.8394 30.6290
137.9986 34.3518
133.7872 25.6746
135.1998 28.4872
139.7178 29.9988
138.4439 32.3619
138.3563 28.6978
138.1401 29.4200
139.7782 28.4355
138.6120 30.9766
135.4592 25.1503
134.0486 26.1396
136.0839 29.2754
128.8294 28.3321
133.1876 30.4795
138.3149 28.9838
128.5935 25.6485
133.0784 29.4610
127.3769 24.8457
138.3938 30.6319
136.3981 28.8783
128.3137 28.7877
137.2069 33.9975
133.8873 27.0145
137.4362 34.0863
137.4472 29.3015
138.4493 28.6577
136.4770 30.8493
139.5258 29.1421
136.2308 29.7464
136.5486 29.4362
139.3918 29.4737
139.4767 29.2872
139.2138 30.4601
138.2228 32.9510
141.2928 35.3269
139.2021 28.7922
136.9308 33.8503
136.8656 29.8287
141.2496 35.0437
139.5446 34.2251
139.3085 30.4739
138.9301 28.5016
136.7630 29.7586
137.1799 33.7213
143.9375 37.9372
138.9061 28.4895
137.0516 32.8960
139.1776 30.5909
137.4965 34.0894
139.5547 34.4167
137.9449 30.2353
138.4163 32.1323
136.8839 33.1658
138.9121 29.6133
137.7352 34.1999
137.1863 34.0712
140.8113 35.1400
137.1435 33.2891
127.0969 27.3806
137.3638 34.0803
137.0317 33.5439
136.0540 29.4130
136.9410 33.3466
137.8211 30.8100
137.4254 33.9105
136.8681 29.0573
139.5583 34.3909
139.4696 29.2080
136.7509 33.7923
137.3271 33.7877
137.2986 34.0306
138.1834 34.1881
137.2079 28.9678
136.8051 33.6964
136.8714 33.1576
137.1737 34.0184
137.3192 33.9647
136.4254 31.0273
136.7236 33.8259
137.4433 33.9433
137.2748 31.1092
137.4803 30.2755
138.0729 30.9674
137.0009 33.9642
139.1536 30.2950
136.8036 33.8598
136.9029 33.9392
140.0975 34.7657
138.9594 30.8930
136.4074 33.2831
136.5741 29.0186
138.8580 30.6217
137.9652 30.2506
136.9836 33.8641
138.9544 28.0785
139.5836 34.3799
137.4246 29.4305
137.0882 33.8785
134.1029 28.8392
136.4335 33.3091
138.2840 34.3133
136.7181 33.2198
136.1621 28.1335
136.7088 33.8894
141.0956 35.3269
139.3514 34.5893
136.3021 29.6074
138.9828 30.7065
137.3349 33.5835
139.5766 34.2965
139.0836 29.4392
138.2799 29.2108
139.6003 34.3577
136.6952 29.1445
137.1752 33.5248
136.2423 28.1534
136.4049 29.3797
137.4450 29.7547
137.6372 30.3462
138.5789 29.3181
139.4071 29.5738
136.4203 29.0054
137.6417 30.5571
134.2819 28.3722
136.6194 29.8681
139.1809 29.3163
137.2049 34.0051
139.1384 30.6024
140.5982 34.1132
139.3690 28.6585
125.8512 23.3092
129.4260 25.8078
136.4893 33.2058
129.7954 26.0097
132.4615 27.3918
130.4536 29.0552
126.9216 25.2418
133.7427 29.9157
137.6419 34.2561
139.1426 28.8696
137.6393 30.7662
130.4989 26.1348
137.6946 29.9748
139.3196 29.7069
137.9837 30.8928
132.6673 27.5316
143.0500 35.8764
132.9936 26.6143
134.4836 27.8667
137.7367 33.8497
128.9711 25.7116
138.5321 30.5410
133.2227 32.2115
136.1931 29.5330
133.2117 32.1079
139.1458 30.1086
137.7071 33.0794
137.9418 30.1162
138.0374 31.0469
134.4394 25.2397
132.8788 32.0063
139.5094 28.7148
134.5805 31.3865
135.0862 26.8077
137.3518 29.0461
136.6434 23.7407
133.5769 31.0181
126.2656 26.7033
134.8667 32.4294
139.3757 33.4878
134.0727 32.1017
141.2515 34.1932
138.6227 30.1934
130.4142 26.1671
138.4053 34.0585
139.3546 28.6740
137.6026 29.6443
131.9070 27.4391
134.0787 27.0781
137.6737 33.2055
139.0502 28.9927
134.4160 25.7404
136.1439 30.0561
137.6731 29.8591
140.9955 35.1623
134.2394 26.1933
134.8403 28.0976
129.6131 25.6050
136.4350 30.5888
131.5968 26.7750
136.1292 30.0835
139.2110 29.1358
133.3112 28.5901
136.8268 28.8635
138.1934 33.7654
137.1320 29.7646
132.9755 32.1708
136.6225 30.7689
133.8597 26.7522
130.4833 29.9403
137.6792 30.9593
136.8754 30.8980
137.8399 34.3118
137.7051 31.0163
139.6896 29.7626
136.1337 29.9010
136.2139 28.3838
138.8506 30.5361
133.9347 27.4314
137.2099 29.9655
139.4540 33.5919
137.2701 33.9586
142.4028 35.5716
136.1284 29.9649
136.1231 29.9748
132.2849 28.6296
135.6663 25.2937
133.8483 30.3703
138.1227 30.8990
133.7470 25.1622
130.2560 25.9221
138.4339 33.8481
137.4527 30.9663
136.1638 29.7333
132.7884 26.5030
137.1864 29.6721
127.6237 25.1047
132.5294 26.7018
133.7923 32.3501
133.2640 29.9014
128.2062 25.6230
137.9982 30.7531
137.0084 29.8928
136.8507 30.1271
137.1175 29.1333
139.2230 30.2986
136.0759 29.8556
136.7315 31.1504
135.9750 30.5457
139.1420 28.4771
137.1443 30.1567
137.9620 34.3077
136.5108 31.0215
137.1006 30.9794
136.9725 29.9516
136.5437 29.4744
138.9641 29.0859
136.7742 28.9823
138.8127 34.4409
138.1159 30.9710
138.8246 30.7834
138.3814 34.3364
136.8073 30.1785
136.2084 28.9013
139.2182 28.9367
137.4380 34.1260
137.4699 34.1085
139.4328 29.0919
139.3651 29.5907
137.0844 29.4197
136.7762 28.8572
137.1571 29.5395
138.6895 31.0104
140.8791 33.1993
136.8410 29.9371
136.6742 33.3784
139.0251 29.2618
136.9053 30.2534
137.7020 34.1449
139.2329 30.2034
137.0560 30.8397
137.7625 30.6968
136.8235 29.5428
137.0855 33.0778
136.9362 32.9908
137.0383 30.9994
138.7794 34.2152
137.1337 29.7970
136.5476 28.8674
137.9127 29.5681
136.1395 29.9596
139.0636 34.5418
136.7581 30.8921
136.9858 29.9644
137.6428 29.8048
136.8031 29.9126
136.9634 34.0172
137.6029 29.7145
137.1714 29.5295
136.6471 33.3239
136.1141 30.2781
137.2941 31.0466
139.1907 29.6807
136.7989 33.7485
137.7174 30.8967
137.8131 30.5902
136.8707 33.2045
137.3197 31.0185
136.2917 29.7270
136.9817 30.9751
138.8895 30.7926
139.2280 30.3045
137.7214 30.5719
136.8535 30.1154
139.0209 29.3514
136.4512 31.0285
137.1563 33.9234
136.6073 30.0089
137.6872 30.2920
137.2935 29.2534
137.2801 29.9359
136.7532 29.7713
136.1967 33.3755
135.8297 30.0842
139.1724 29.7227
139.1677 28.9769
137.9493 31.1292
136.3552 29.3032
137.0947 30.2262
137.4233 34.0000
137.2289 30.0833
137.0173 30.8523
136.9838 30.9906
136.8917 33.9194
138.9380 30.6772
136.6855 33.2791
137.6299 30.8033
137.2643 29.9304
136.6343 30.7664
136.1821 28.7059
137.5980 29.1899
136.2060 30.8424
136.7135 28.8352
138.5678 31.2897
135.9470 30.5155
136.8780 33.3156
136.0375 29.9427
143.8173 37.0934
136.4711 28.9133
135.9774 28.9066
136.7538 30.1602
138.8566 28.7585
139.0105 29.2693
144.2278 37.9244
137.2475 29.1753
136.8547 33.9301
137.3371 34.1474
136.4423 29.2082
140.0454 34.0303
137.2270 29.6836
137.1405 29.8890
135.8233 29.8625
139.3867 32.3080
137.6667 30.6518
139.1102 34.4700
136.5113 29.3569
141.8771 34.6716
137.6106 30.8556
136.7935 31.0037
137.0068 28.9868
137.7764 30.8898
137.4617 32.9428
138.7715 29.1265
128.6046 29.1668
137.3229 30.0778
137.8710 30.5984
138.0297 29.6035
138.6060 30.8036
133.7193 26.7492
135.4148 31.9106
139.9540 30.0732
135.1355 26.4969
132.6777 28.9827
134.4989 29.4793
138.5227 30.1828
136.8730 30.4185
138.3447 34.2215
135.1803 26.9207
130.9391 26.7339
137.7385 30.6783
138.5334 30.6938
135.3689 31.6411
140.0468 34.4764
134.8268 27.9063
131.0156 25.9744
134.2932 26.1176
133.2523 26.6275
133.2473 24.8585
138.6198 33.3602
136.3894 26.0515
134.3907 27.6037
128.6647 29.1034
136.4343 33.2207
124.7864 28.0832
132.1969 27.3597
125.0468 28.6943
132.2895 23.8698
137.4277 28.8328
130.9574 25.9652
138.5303 29.5428
134.8503 30.8556
135.4704 27.1666
133.1194 32.4646
136.0212 30.0465
134.9121 28.0270
135.4052 26.2495
137.3860 29.0326
139.0252 29.2249
132.5720 29.8782
136.8944 29.3927
135.1739 30.5226
138.9725 32.9755
134.4402 29.7591
134.2464 28.5452
139.3945 28.4141
134.3509 24.2055
132.1086 26.7183
134.1326 29.7384
135.9760 30.9533
127.4342 24.4313
127.2570 28.0315
134.5762 28.3269
134.9195 31.8280
139.9773 29.1334
126.6560 22.4525
128.4985 30.5756
135.2793 28.7402
133.4272 31.1964
133.8782 31.2570
138.4689 30.7268
136.5032 33.4229
135.5318 28.3915
134.9760 32.0593
138.6169 34.2069
136.3516 29.0567
133.3329 27.4471
133.5147 27.9445
133.9968 28.5134
134.7094 28.0353
137.7721 29.3271
131.1763 30.7947
133.5641 31.3293
134.2461 28.6656
134.5425 22.7221
124.9313 20.7652
126.5341 24.1226
135.0472 22.8332
128.4094 26.5275
133.9166 27.5366
133.6095 28.0860
135.8627 28.4041
136.9585 27.9943
133.6944 26.6833
134.8522 22.5411
132.9674 26.7685
127.1073 25.3914
136.0221 27.7437
131.9675 23.9860
133.6995 25.9532
126.6992 24.6411
135.4740 25.8313
133.1362 24.9950
131.6777 23.5554
134.0776 28.2419
131.6474 26.6604
137.9913 30.0312
130.4024 24.0009
135.8574 24.6267
135.9577 24.2313
127.3055 21.3789
131.7440 25.9353
135.0366 23.4178
124.1658 21.4252
136.4075 25.8047
134.0688 26.2785
134.7698 22.3852
133.9607 24.9003
136.3635 24.6716
132.1043 24.1938
138.0181 28.5201
137.1601 30.3751
137.4889 30.2085
135.1416 31.3436
127.1506 23.6526
124.9696 21.7513
133.1625 29.2694
134.2248 26.9307
133.2510 25.4453
134.7872 23.0875
134.5302 22.3578
129.4601 24.3908
128.3535 24.4974
135.0440 21.7457
134.7332 21.9920
136.0212 27.7357
135.3778 22.7457
135.5026 26.4368
134.3922 23.6531
131.9703 23.5445
134.2936 25.4126
134.1345 32.0491
136.0703 28.8156
134.6597 26.7201
134.6223 32.5673
134.9032 28.4072
136.2615 28.6966
132.2300 27.6257
132.4469 31.7948
134.3970 28.4748
137.6400 32.2051
137.5300 34.0817
136.4355 29.2674
139.3317 33.5097
136.2254 31.0609
134.0630 26.2037
137.3496 34.1142
127.8769 24.5796
133.0416 26.6553
134.8795 28.5883
139.1427 30.2409
129.7601 28.5241
134.2017 27.4666
139.7327 28.3166
136.0706 24.9816
138.1671 29.4601
135.0295 25.1378
137.4495 34.1245
129.1659 28.7374
132.8158 32.4941
136.6592 30.7898
138.1852 30.5327
127.5430 27.0509
134.8813 31.0017
139.2234 29.0933
131.2942 30.4736
137.5978 33.8978
133.9393 31.5498
140.3030 27.8104
136.8681 30.0211
132.3952 29.4317
138.2713 34.2001
135.0533 25.2244
134.2262 31.2270
137.6409 29.4380
137.3060 29.8269
135.2805 28.1258
139.0059 30.1137
137.2656 29.3510
134.6543 25.5517
136.1559 28.0453
134.0023 31.7647
132.6983 28.7243
139.6042 27.0015
139.1592 28.9448
138.4874 33.9779
135.1258 26.6131
131.0200 30.1672
134.2153 31.0897
139.7260 29.0998
138.8219 28.8346
135.4023 32.4269
138.3109 30.6525
139.5716 29.8211
137.2576 32.3501
139.4180 29.2741
135.3967 28.1774
137.4381 29.6556
136.3964 29.3396
139.3286 29.5577
136.6266 29.4743
139.2087 33.2650
133.5465 32.2406
137.6181 31.1453
133.8618 26.9797
135.6395 24.6305
133.8838 25.0775
136.3794 29.1740
135.2111 29.7726
139.5910 29.0176
124.0540 30.1672
134.0448 28.7809
140.7618 35.0662
137.3511 34.1985
137.3327 33.3842
132.4194 27.4841
138.4694 30.9470
135.1457 28.1600
133.6562 27.2842
137.4603 32.8336
135.0213 31.7638
136.9525 28.5374
133.1484 28.5886
132.7673 31.2825
133.7508 28.6762
135.1827 26.1657
128.1880 27.7308
140.1609 27.5998
133.0757 29.0819
137.8731 34.3334
139.8989 27.4309
138.5700 27.9635
134.9339 28.0816
131.6218 27.3609
132.5128 31.6126
134.7557 29.4627
139.7473 28.3741
139.0794 28.7513
134.5215 29.0980
135.0385 31.6500
136.5396 30.6660
134.8948 32.6297
127.1781 27.6208
132.5595 31.7947
136.9690 29.3790
139.2079 30.4030
135.8660 31.3616
138.1976 29.8943
132.8674 28.6182
133.6153 28.3711
138.1432 28.1600
136.5854 29.1171
136.0350 26.7623
128.5808 26.6781
139.4731 28.4218
136.7655 29.4084
128.2829 24.5989
131.4969 27.9861
133.8398 24.6926
132.7984 28.0685
129.5683 29.0415
134.2168 30.2187
131.0282 27.3000
137.3751 34.1268
135.1224 31.8114
137.5333 29.6260
137.7669 31.0802
136.1909 30.3759
135.4990 24.2702
138.5926 30.6518
134.8349 31.4375
137.6640 30.4572
139.5642 28.5521
136.8406 31.8647
131.8886 27.2119
137.8121 29.7982
137.0317 29.4986
139.1185 28.3351
134.5717 30.7627
133.8516 24.8378
134.7908 26.3586
133.3793 25.2541
128.4113 25.4633
130.8169 29.8895
137.5839 29.4036
132.5934 27.3156
139.3443 28.3731
131.5503 27.5020
138.3885 30.0562
133.7702 25.0833
134.7059 29.6124
134.8476 24.5696
134.1036 28.2409
137.6144 29.3078
137.7047 29.8268
138.8357 33.6049
143.6199 36.8964
134.8304 31.9040
137.1759 34.0588
143.3320 36.2575
136.3918 33.5540
139.0669 29.5796
135.2677 30.6387
148.5327 35.6095
136.7113 29.5483
138.8866 30.8576
138.3960 32.1491
136.8015 33.1568
139.4702 28.4593
140.1274 32.2838
139.2379 30.6582
136.9954 29.5051
136.4124 30.9244
134.0447 26.7196
136.5905 29.8810
135.0343 25.0091
143.9092 37.9622
136.3534 29.7664
139.1727 28.2690
136.7310 30.7297
136.5645 31.7122
139.1163 31.3317
143.5523 36.7598
141.0635 33.7405
139.2177 29.4359
137.1577 31.3465
139.7846 29.5552
137.5267 29.3816
133.7610 31.2778
137.1548 32.9621
137.6037 33.6588
139.9226 34.1331
136.3131 29.7302
138.9697 27.9684
126.5805 24.6603
145.1602 37.0013
132.2585 31.9729
136.3911 33.3292
139.2759 29.7870
145.0973 34.3492
145.0641 35.1783
122.2963 32.8383
145.3420 35.6060
139.2890 28.8612
137.4884 29.8599
139.1473 29.5140
135.9566 30.2394
136.3949 33.5073
144.0807 38.4036
138.9378 30.6381
137.5796 33.9809
133.3695 31.0776
136.4853 31.7603
139.1240 30.5052
145.9259 35.7899
131.4814 30.6037
139.1441 29.7515
137.3997 33.3967
139.6467 28.6108
139.6537 29.9799
136.9784 30.8459
139.2172 28.9092
137.4390 30.9368
134.9389 33.5292
137.3034 31.0785
136.4186 33.4728
143.1307 36.0741
138.8521 29.2192
135.1695 31.6587
142.8268 36.1503
137.2118 33.7537
145.2108 34.6074
137.5976 30.6832
139.0174 28.7462
135.0172 31.9178
151.1335 35.9432
139.0867 28.8350
136.5245 33.4940
138.0517 31.0485
136.5455 29.7443
136.9010 29.4101
131.6059 30.5742
138.9780 30.0924
138.9830 29.2707
145.5061 35.8874
128.6029 28.5395
139.3264 33.1223
133.0474 31.7698
131.5021 27.0746
132.4886 29.4107
132.8110 32.0801
132.9713 31.7497
133.5781 27.9932
132.9446 31.9469
132.4409 30.8105
134.5480 31.7023
133.0308 32.0033
136.1842 29.8198
133.4038 32.1668
136.6839 29.0112
134.9829 28.0770
138.2718 33.5594
133.7893 31.2979
131.3968 30.3536
135.1301 30.9845
131.2577 30.1822
138.3611 34.0400
133.1326 32.0838
132.8951 32.1638
134.9547 31.0318
141.2281 35.4018
135.0686 28.3387
137.2984 30.0504
133.0445 31.9245
133.4348 27.0891
136.8693 33.8785
139.3385 29.8183
134.3389 25.6624
136.7438 28.1907
140.4784 33.8179
133.8392 31.2439
127.8290 24.9593
133.7954 27.3512
134.9727 31.9065
133.5511 29.5904
138.0231 29.4313
134.3890 25.4878
134.6857 32.9079
128.6565 25.7635
133.6522 27.8712
137.7734 30.6033
133.9285 32.2618
133.2722 31.7781
138.9300 30.4093
138.8083 33.2091
138.4648 32.8849
132.7231 32.0123
137.1012 31.0336
128.1198 27.5081
132.8362 31.7854
134.3744 25.1413
133.6941 27.4849
139.1249 30.4581
132.9434 31.6709
134.2501 31.7218
133.5275 27.4611
137.3246 33.8911
138.5618 32.9146
137.0458 33.3519
133.0742 32.0755
134.5100 24.9672
139.5822 33.2067
133.2410 32.2300
137.7925 30.6607
138.0336 30.9064
130.9204 30.0151
136.8202 33.4680
137.0618 34.1215
134.9692 29.0472
135.1249 32.0690
134.4473 27.8267
133.6812 27.6537
137.8326 32.5106
139.3553 30.3764
137.6270 29.7922
133.7862 26.9105
133.0985 32.0466
133.6242 31.6047
133.1213 26.4251
131.9200 27.3935
134.3812 28.0479
139.3107 34.5658
136.3322 28.1599
133.9752 28.3182
134.3530 25.5653
134.0546 28.4235
134.0083 26.9918
134.0165 26.4784
138.3321 30.3453
133.3683 32.2778
139.3679 28.5731
133.1493 31.1659
134.6876 24.7832
137.7715 28.9832
134.3073 25.2192
132.6418 28.6832
143.6304 37.0246
133.7620 31.3807
133.2413 32.2146
132.8523 31.8469
130.9243 29.9782
133.5777 25.1851
133.2568 27.1733
133.7629 27.2771
138.0969 30.5139
139.5732 28.8733
138.3594 30.0763
139.2035 30.0128
134.2939 25.3647
134.3181 28.4759
135.4653 31.2551
127.4350 28.1454
138.7086 30.7106
134.3987 28.6248
133.6081 30.8987
133.7828 26.4724
135.0038 30.3332
135.0004 28.5569
138.3791 27.8998
131.7798 27.4934
134.0446 28.2737
131.0664 30.3434
134.0972 28.7663
133.6583 27.3649
137.8079 31.4528
138.6793 30.3352
139.1547 29.5565
134.9984 28.0430
135.8281 30.3366
133.9513 27.4115
133.5502 28.5483
139.7260 28.7120
128.6353 28.4797
135.2354 31.4399
132.0766 28.0652
138.6046 29.5234
128.5825 25.8954
136.3620 29.4495
135.2485 26.0598
127.5394 28.2732
130.8256 25.7534
138.2511 29.9548
134.1196 25.4785
132.3832 28.2639
134.0482 26.0337
132.8913 28.0818
139.6113 29.2589
132.2245 28.3449
132.3389 27.8271
132.7477 28.7385
134.0092 31.9160
133.1283 26.2115
135.0816 32.1319
136.0506 29.2781
135.8411 26.7752
131.5155 26.2903
130.4729 28.2870
126.3061 24.9944
139.0074 29.3080
135.7731 23.8504
129.0579 26.2303
130.7241 26.0644
135.1874 32.1639
133.3537 28.6781
138.0351 29.9924
131.8008 27.3675
134.2707 27.7932
136.5625 29.3829
139.7870 27.7392
133.9145 31.2769
134.2505 28.7732
130.8903 31.0584
138.9095 30.6104
136.9325 30.3185
139.5143 28.0592
133.3784 25.1899
137.5970 34.3027
139.1316 30.0675
137.4331 33.6178
137.8945 34.0380
137.5032 33.5606
137.8506 31.1163
136.6196 29.4960
134.9323 28.0625
134.0773 32.1365
132.7482 31.8562
138.3260 28.6008
139.5800 28.2287
137.4561 29.6640
137.7082 34.0982
132.1710 29.0840
132.7523 28.1581
136.5806 28.0795
134.2690 26.3835
134.3428 25.6673
136.6624 33.4821
138.6412 28.7246
127.6746 27.2871
139.9388 27.7002
134.9747 32.8817
131.3563 25.9230
135.7860 28.0143
133.9482 24.9661
136.9527 31.7065
133.9797 28.5723
139.4226 28.8056
132.9534 30.7373
136.3894 31.6062
134.6285 28.5886
133.4767 25.0250
138.2512 29.8380
140.0321 33.9692
141.0297 34.9776
133.4839 27.3578
132.5108 29.3814
132.9020 32.0587
139.0119 34.4569
131.6707 28.3730
132.5238 26.8667
136.7902 33.2576
133.4632 32.6976
130.6940 29.9959
135.3483 31.8465
137.1675 32.2256
137.4860 33.2816
135.0909 31.6020
133.5280 28.7914
132.5952 29.5068
136.2269 30.2503
134.4985 27.9425
131.9461 27.1564
136.1775 29.0977
142.1558 35.5281
136.2452 28.1688
135.0342 29.5287
137.7218 30.0256
134.9115 31.7046
132.4359 31.6289
132.8140 27.8950
139.9224 28.2838
135.0253 29.8523
137.9464 31.0697
137.3889 34.0592
133.7271 28.0590
139.3965 30.3192
138.0226 30.2012
133.1894 31.1883
137.4364 28.8400
133.8985 24.9344
139.9155 28.3974
126.6274 26.5465
131.1472 30.1635
137.4653 31.0965
132.9350 31.8447
134.9195 29.3813
134.5265 24.9047
133.6960 32.6184
129.2942 25.7750
138.1160 30.1217
133.9042 26.0071
135.2488 28.0232
139.5811 29.0503
135.3244 31.7220
132.3613 31.7726
136.3970 29.5358
136.1928 29.7367
133.6328 27.3326
137.8380 30.3496
138.6904 28.4084
134.6712 27.9386
139.2913 28.5430
134.4542 24.6279
131.4968 30.3460
136.9690 33.9413
133.6022 28.5581
134.8099 28.2548
137.0717 32.0040
139.3639 28.6659
135.1727 32.6483
132.2684 30.7966
128.7747 25.6033
132.9985 31.6098
134.3483 29.5260
133.7310 27.4321
134.5762 24.5564
135.0137 32.4388
136.9972 29.8995
130.8412 29.9775
133.0746 31.6320
133.2580 30.8243
134.6879 27.7401
134.4000 27.8240
135.4572 23.6851
135.3569 32.5769
139.3842 28.9878
134.6030 24.7955
136.0127 29.9063
138.8558 29.1045
139.8932 29.7255
135.3897 28.2083
127.7079 25.9994
135.0235 32.1989
137.0962 28.9012
125.4228 28.8108
127.4201 27.8304
127.0437 24.2180
136.7942 28.6364
127.5662 25.8033
132.5765 27.7534
139.5954 29.0091
128.9493 28.6683
139.0869 30.2416
134.0731 25.4615
137.1029 28.3645
133.7271 28.1422
138.1681 30.5062
134.1185 28.7750
127.7346 28.2325
128.0733 28.1712
133.5434 27.0529
137.8967 30.9288
132.8194 31.8225
135.0644 30.0512
133.1871 30.9511
139.6328 29.1381
132.5828 32.1392
139.2532 29.3932
134.3082 28.6613
132.9021 26.3392
139.5349 28.6553
139.2917 28.7932
139.3657 29.3707
134.4218 28.3619
138.4996 30.2132
132.4455 31.8174
135.0477 29.4479
133.7157 32.5125
139.9268 28.5968
134.2736 24.8594
131.5324 27.8203
137.0012 32.3181
127.5365 27.9343
134.4448 25.4900
136.0408 26.5493
135.0101 29.9808
137.1258 29.0451
138.6125 33.9602
132.1440 26.1367
137.6954 34.1456
136.5634 31.5908
127.4843 25.3268
134.0235 25.8729
137.3436 31.0561
138.4926 30.6982
132.1129 29.2903
133.0729 26.4402
137.0473 29.0066
132.3869 27.1373
130.0656 28.9340
138.6677 29.9517
128.2811 26.0343
134.7086 25.0772
130.5418 25.5496
137.8020 29.2943
139.7055 28.2881
133.3398 27.3267
134.7393 31.9790
133.7977 28.1935
134.0629 26.9154
134.8523 30.0771
131.1372 30.1037
137.3908 29.8699
139.5234 28.9396
133.5929 27.5909
138.3524 30.2266
134.8757 24.9327
132.3953 31.4783
129.4697 26.4649
137.9144 29.6689
135.1305 31.1946
137.0007 29.3104
134.8111 24.9086
139.5351 29.8217
137.4900 33.4181
133.4626 25.6617
139.5405 28.2058
131.2369 28.4041
134.8153 30.2510
126.5291 27.3665
134.8203 29.2844
133.6191 31.5926
135.0000 32.2007
139.2438 29.8220
138.6380 27.9339
135.6403 31.0148
135.3229 24.7009
133.7795 24.5290
129.6092 25.3940
133.5140 27.1336
136.9342 29.8390
135.7722 29.8980
133.5615 29.5510
127.4821 24.9484
134.5923 25.2749
133.9007 27.9846
138.3721 30.7383
133.7917 23.9063
130.4648 25.0583
136.3477 28.9194
133.4131 29.2320
139.0228 28.6808
138.0547 30.0955
137.5193 34.2306
133.1982 25.3768
136.8206 28.8422
133.4745 27.5703
138.0145 33.5141
139.3504 28.6709
133.2379 27.8416
129.5796 25.6593
134.1463 25.6836
134.1342 28.6019
137.7078 33.2693
127.7469 26.8561
133.7519 32.6987
134.2304 26.5750
136.1245 28.1195
136.6988 29.4393
135.2663 31.0043
134.9491 26.5152
135.4324 29.6257
133.5419 29.4931
130.2586 24.9792
135.2936 28.5368
139.6474 29.5913
134.2437 28.0854
131.2980 28.3532
136.0356 29.0008
139.6161 29.2509
134.4320 28.0841
139.1792 29.5658
139.6227 28.2801
134.6411 32.3254
139.2401 30.0897
134.1022 31.2639
133.2736 29.2374
133.5412 30.8978
138.1504 28.4894
139.2366 29.6599
137.0500 31.8771
137.7749 30.9879
135.3286 29.2059
137.9063 34.3022
135.4189 27.6081
133.1088 25.2739
135.0891 24.7607
134.9619 28.3971
137.6615 32.9491
138.5356 30.6074
135.0733 24.5746
132.6882 26.8711
134.2408 31.2871
132.3632 31.9109
137.7037 30.9241
136.2272 30.0732
132.2128 28.9698
134.5448 25.1605
134.9740 30.0859
136.8065 31.9163
138.4327 30.1579
138.6890 29.8318
135.2267 31.1289
138.8209 27.2815
134.8780 31.2988
134.0964 25.4882
137.2984 33.7012
131.8702 28.7681
134.8683 28.9167
138.4307 29.2848
135.1066 31.5991
138.3952 32.0810
139.6974 28.3705
139.9044 28.4001
131.1223 30.1424
134.3854 24.6976
134.2416 32.0508
136.5668 30.6919
134.2174 27.0639
137.8596 29.6389
133.8165 29.6170
137.6441 29.4860
137.3105 28.9429
134.5996 29.8415
139.1022 28.6199
136.5590 29.0898
138.9799 30.2215
138.8382 28.3332
134.1507 32.7368
137.9907 30.9163
135.6378 30.1515
134.7053 29.2144
134.5959 29.1935
135.6944 30.4098
137.3118 28.9015
135.5413 27.6970
139.0880 28.5694
133.8020 29.3312
134.0663 26.9009
136.5327 29.0665
126.9929 24.1965
138.9988 30.4047
139.4030 28.9703
136.4196 27.8828
134.9913 28.5800
138.8589 30.4926
134.0084 29.3555
138.9117 30.6066
139.0325 30.1034
132.5697 27.3562
139.3593 28.5625
127.0552 23.9691
139.9735 28.1589
134.1289 26.5746
137.6822 34.0501
137.1133 29.8321
138.2134 33.7988
139.8188 28.1027
137.7391 31.0041
134.2083 27.2443
137.8518 29.8042
137.3707 32.3370
138.8593 27.4352
139.9816 28.1321
134.0011 31.1729
133.8107 31.4276
138.8587 30.1863
135.5567 30.4731
133.4275 32.2406
133.1965 26.5777
139.6253 28.8323
139.9136 28.0818
134.2652 26.4277
138.1012 29.6381
137.8526 29.7702
133.5233 27.2925
131.5959 28.2537
134.9245 30.3920
134.3251 32.0699
131.5692 30.4793
137.5647 33.5388
137.4434 29.0810
139.3485 28.4605
132.9671 32.0477
134.7607 29.1540
134.0760 26.4450
138.7498 30.5863
132.3396 31.7881
138.3669 30.1023
139.0999 30.2213
136.9153 29.3040
134.3356 31.9304
136.2143 29.6881
133.9500 26.7053
137.3425 28.3567
139.0557 30.0023
137.8451 29.6509
138.8333 29.6513
137.6588 31.0369
137.7308 34.0832
137.3671 29.5012
137.0352 32.0009
138.3534 30.1571
133.7297 27.4176
134.1809 30.4252
131.1772 30.2525
138.3558 30.6649
130.8982 29.9807
134.7158 28.9387
133.6503 31.7892
127.0990 25.0063
134.1098 30.3646
137.7339 30.1188
138.2936 30.1967
137.3256 29.2945
134.3040 27.1192
139.7433 28.3309
133.5916 28.0965
137.4626 29.3133
133.7720 31.0246
138.3357 30.0357
123.6437 28.6517
135.5289 23.3532
134.7164 25.2546
134.5546 27.5356
132.2948 31.6365
133.9080 27.8692
139.3178 28.7883
130.7510 27.0064
133.7762 26.7328
141.1391 34.8338
137.3065 32.6570
133.9020 26.4191
135.6320 25.6730
139.2940 28.3590
135.3809 31.4808
133.6064 28.6449
133.4841 27.5846
134.8004 24.4373
135.1774 32.0840
134.3980 24.6359
126.3779 27.3923
135.6840 31.3374
131.9730 27.6181
132.4270 27.8206
127.5448 29.1355
134.7243 20.6200
134.1900 29.0025
137.5205 33.9394
137.8027 28.3974
133.8797 24.6708
138.3819 30.4385
128.6502 25.5834
137.4621 33.2465
131.4369 26.8263
134.0061 25.2374
135.2525 23.5918
136.8439 31.8303
134.5347 25.3851
127.6003 23.9629
135.5570 28.8871
128.8539 25.8350
129.6658 29.6787
137.2993 31.4571
134.1892 24.4644
135.2150 28.3824
131.3018 25.3526
133.0569 25.3766
135.1480 29.5476
127.2662 25.2506
133.9635 30.4339
134.9529 27.2067
128.9344 25.7382
134.3886 24.8110
139.0091 29.8226
138.6602 30.6992
132.9447 28.0308
138.0088 30.9513
137.6796 30.3425
130.4771 26.4737
134.0670 30.6072
132.3807 28.1395
130.8579 30.0592
134.8394 29.3589
131.7698 28.6088
127.1597 27.4846
137.0685 27.0093
133.1080 26.3338
130.2256 26.2394
127.3014 25.9064
126.3947 21.6115
136.8196 30.1205
144.4142 37.8942
136.7000 29.6250
136.6744 30.8181
136.3431 30.7365
137.6747 30.0805
140.4229 34.8525
137.2085 34.0387
139.1135 30.0697
137.0321 34.0136
137.9610 30.4312
139.5820 29.1421
139.4895 29.2554
136.9273 33.3662
137.4158 29.7919
136.5018 33.3319
137.0207 33.9614
137.1748 33.4205
139.5268 28.7105
136.9508 33.8507
138.2933 29.2297
139.1201 30.0225
138.4504 30.9168
136.5108 33.3679
138.7197 30.6528
137.2129 33.3108
141.1442 34.1907
136.6042 33.3825
137.1747 33.7311
136.5426 30.6828
137.0746 33.9968
137.3114 29.4929
136.7808 29.5434
138.7586 28.7119
144.1228 37.7497
137.2201 33.5714
138.3545 31.0016
141.7991 34.5499
137.1434 33.7276
136.9962 33.8697
137.2978 34.0843
138.1644 30.8269
137.1996 33.9986
138.5824 31.0071
136.6476 29.0930
136.8272 33.8202
144.1589 38.0575
137.2796 29.9040
138.7605 30.8415
140.1248 33.1981
138.5323 28.7717
137.1087 33.7967
140.2876 34.7418
136.8268 33.8199
136.6759 33.3072
144.4046 38.0418
136.4999 29.0863
137.2092 33.5431
136.4745 30.8808
137.3023 33.8813
139.3293 28.7277
139.1184 29.7198
137.2511 34.0498
138.1990 29.2740
137.4776 30.0819
138.2471 30.7484
137.0498 33.8460
137.8158 30.1615
143.9460 37.6125
136.6129 29.6435
141.2646 33.4678
137.4506 29.8177
136.8318 29.0852
137.1701 33.7244
137.6297 29.1804
143.8501 37.2197
138.4028 34.1717
141.2843 35.3439
137.7383 34.2066
137.1913 34.0011
138.5915 34.3976
136.9509 33.8637
138.3337 34.1727
138.7643 28.2390
136.2217 30.1481
139.6720 28.8527
136.9912 30.8629
137.2660 34.0221
143.8460 37.4895
136.9184 33.9188
136.4359 29.7195
138.6117 29.7331
137.4957 29.9752
137.2547 29.6743
138.4994 34.3153
136.9086 30.3509
143.9400 37.5409
134.8069 27.9905
139.2524 28.5031
140.7413 35.0945
136.3094 30.4208
143.9530 37.1989
138.7526 30.9383
136.8603 33.4137
138.2747 34.3321
136.4477 33.1571
137.1647 33.6016
137.2486 34.0092
137.5279 34.3725
136.9053 30.2231
136.6455 28.9987
138.1050 30.4762
137.0206 29.0194
137.3257 31.0922
139.0371 29.4298
137.2809 33.9424
143.9606 37.6683
137.0196 32.9973
139.2441 28.4648
137.2020 33.6273
137.0274 33.0636
136.5094 29.9845
137.0383 33.0332
138.6861 34.3013
137.2578 33.9896
139.4483 29.2248
138.9738 30.4599
138.0342 30.5590
136.8580 33.8210
139.2612 32.9319
138.2031 29.4443
137.0008 34.1699
137.9797 30.4665
136.4349 33.0781
137.3491 34.0469
137.0570 29.1991
143.6777 36.3391
136.9550 33.8876
144.1376 37.4502
138.8662 28.5866
137.5064 31.1189
139.5833 32.7419
139.0034 29.3567
137.8966 30.3026
139.3072 32.8791
137.0352 30.5407
137.2563 30.1302
139.6762 34.3427
137.7462 30.8672
137.0768 29.7567
139.0582 29.5788
137.5216 34.0942
136.8038 29.2255
138.0786 34.3080
137.1904 33.6671
137.6876 29.8131
136.8392 28.5338
136.4552 30.6230
138.0032 30.9833
139.4424 29.2823
138.2475 31.2157
137.9180 30.3612
135.9417 29.8625
144.0731 35.7197
136.9976 33.3421
136.8298 29.5289
136.9082 33.3244
138.7482 30.5157
137.1240 33.7907
137.7682 34.1154
137.4542 29.9705
136.5632 33.3819
139.8361 34.1201
144.5335 38.1114
137.5195 30.2184
137.9709 30.5231
136.9164 33.9015
139.1248 29.9193
137.6489 30.0647
144.7783 38.0006
136.7390 33.3047
136.7365 30.8246
138.9348 30.3465
137.2082 33.5648
136.6567 30.2509
135.9599 29.2681
138.3606 31.1274
138.6566 30.7473
139.2809 29.8001
136.8963 33.0283
136.8369 33.4219
137.3816 31.0938
136.3507 30.4515
136.8785 33.8807
137.2880 30.1472
136.3573 29.2883
138.9265 30.3631
138.5678 29.0973
136.3656 33.1481
137.3371 33.8843
139.5658 29.1397
136.7059 28.7785
137.0854 29.7777
137.7662 30.7023
144.1355 37.5906
136.1451 30.4575
137.7169 30.7055
138.7880 29.0826
139.7060 34.2911
139.6810 28.7989
137.3148 33.9386
139.3939 28.6719
136.8606 33.7927
137.0898 33.8349
137.3219 33.9243
138.4769 31.0756
137.3664 33.9077
138.3898 34.2923
137.1579 34.0297
136.9325 33.8185
137.4959 31.1167
135.8512 29.6801
143.2813 36.8227
136.7697 29.6353
137.0697 29.9397
136.4093 30.7935
137.5199 29.6515
136.4614 30.5557
136.9330 30.8749
139.7074 34.2599
143.5281 35.9252
138.1044 30.7520
138.7710 28.2369
138.5061 29.4856
136.3924 33.2100
137.0282 33.8676
136.5630 33.3874
138.9574 34.4776
136.6518 29.6285
136.6010 30.2532
137.3400 33.8477
137.2630 34.0222
137.7867 34.1747
137.4696 29.9356
138.0249 29.5173
138.0949 29.3311
136.6388 29.6122
138.9816 29.5614
140.9415 34.6364
144.1023 35.9369
136.6846 29.6270
139.1219 28.4125
136.5284 33.3994
140.7648 33.2778
138.8659 30.4038
136.8229 29.5530
137.2019 29.3256
139.1028 30.1958
138.6688 30.0110
138.9013 30.3662
137.3284 34.0006
138.0845 30.3739
137.7109 29.2066
137.1661 33.2317
137.3209 33.9595
149.0674 35.9127
145.1529 34.5728
137.1769 33.7283
136.9075 33.8858
138.6605 30.6202
138.1585 34.2953
137.1422 31.0368
136.7491 29.4866
136.5575 33.1027
136.5597 33.4092
144.2347 35.7677
137.2469 34.0295
136.9651 30.9017
138.7878 28.6631
138.9042 30.3893
137.9038 30.3375
139.1483 28.4163
139.4333 28.9932
138.5749 28.8738
137.1856 33.2134
138.7752 34.4947
142.8794 35.9787
137.2188 33.2652
138.5630 29.6352
137.0924 33.3856
137.1351 31.2629
140.0217 33.2348
139.1656 28.4620
138.1774 30.6840
136.1715 29.3964
136.5015 33.1623
139.0283 29.3847
137.9619 34.2572
139.0904 30.2195
135.8152 29.8011
137.2182 30.2747
138.8259 28.5949
136.6787 33.5505
139.2671 28.5101
137.9411 31.0107
136.5314 33.4064
137.0923 34.2387
144.0893 37.8200
136.5164 29.4643
136.4361 33.0882
138.5708 28.5962
137.1026 33.5487
136.4029 30.5808
137.1064 33.6693
138.5347 29.4859
137.1885 33.6502
136.8507 33.8274
138.6372 30.5856
137.3434 33.8223
138.7273 30.4241
136.9560 33.9135
139.0829 29.7625
136.9929 33.9263
139.0989 29.7519
