132.9072 27.6275
134.6558 28.9248
134.0694 26.2126
138.4853 33.3284
132.6224 29.8023
133.7898 30.1620
134.9592 29.4367
136.3046 29.9055
127.1069 26.8747
137.7908 29.9280
138.8925 30.7428
131.5376 26.2671
137.9803 30.5349
133.5326 28.6412
137.7212 30.6910
131.6904 30.9777
131.3191 30.2716
138.6007 30.7232
132.4133 29.8672
134.5841 31.0752
136.1242 29.2551
137.0798 30.2127
138.6858 30.8935
135.8643 28.8207
132.0248 31.6775
135.5941 32.7852
136.3229 32.7307
135.1346 28.5612
138.6940 30.2400
138.3540 31.4252
136.2068 29.0324
139.1973 30.6590
136.1278 30.7789
131.1741 26.3227
138.1794 31.3440
138.8453 30.1924
133.2726 28.4038
138.3818 31.2262
137.2068 31.6529
135.1606 30.6899
135.5161 29.5419
133.1234 28.3285
138.7102 30.0903
134.9295 29.1296
136.7782 33.2039
138.1263 31.4384
137.9453 30.3401
134.9930 27.8223
136.0324 32.7871
132.5158 29.7985
131.3866 30.3569
138.2033 30.4863
130.1315 25.6773
138.3137 30.6230
132.3126 26.4350
136.2236 32.8348
136.1102 30.1755
133.7290 25.9212
135.7303 33.0504
134.0327 30.0628
132.0057 29.6068
134.8960 30.3244
132.0635 25.9615
138.7265 31.2405
137.0237 29.4828
136.7527 30.2251
131.9174 30.8864
136.1675 32.8619
136.4986 29.2124
131.5516 30.7421
134.4174 26.7841
136.4446 29.1736
132.7051 27.3234
134.7118 27.3218
138.9978 30.3769
134.9744 29.8363
134.0687 28.3655
137.1302 31.5576
131.3838 30.6311
130.3876 26.6060
135.3949 25.8060
134.5504 31.1410
134.6819 28.2881
138.5866 31.1918
134.6131 28.2578
134.7534 28.7622
133.1620 29.7084
137.7981 30.0903
132.5054 29.7002
127.4821 27.3116
135.7015 28.7475
135.9448 30.2213
128.7014 28.6917
138.2682 30.3752
134.5337 28.5853
139.2379 30.9789
135.1325 29.9767
136.0484 28.9775
135.1131 25.6042
134.7800 29.4129
138.7459 30.9203
134.0074 30.3919
137.6318 31.6161
134.2745 27.8526
135.0436 32.0510
131.6022 26.3079
134.5359 25.7626
136.2173 29.9675
132.8262 31.4736
131.5378 30.5811
134.9840 28.6557
137.0717 31.4186
139.7302 34.3318
134.8031 30.3277
140.0415 34.0609
136.4992 33.1148
135.3793 28.5798
134.9824 28.2315
131.4120 30.5705
131.6133 31.0990
136.2865 29.9598
136.1270 32.8865
138.5936 31.0654
135.3437 28.2480
132.4161 27.1661
139.1299 30.9194
133.9356 30.6898
131.5494 30.5438
131.3019 30.4271
137.8573 30.4561
136.5291 33.0709
135.2302 29.5542
135.0164 28.2984
134.4243 31.0261
136.4508 30.1409
134.9421 30.0716
136.6074 31.3809
134.4640 29.6593
134.9400 27.9143
134.6808 29.7728
132.1542 30.2645
135.4120 30.6350
136.4039 29.1302
134.7464 30.8717
132.4018 30.7818
139.0945 30.3353
139.3175 29.3718
134.4764 25.5258
134.6376 28.2971
135.9652 32.9751
137.6941 29.9058
134.1207 30.5081
133.9202 30.5864
131.2711 30.4404
138.0769 30.6047
131.3357 30.7341
136.6675 30.8202
131.4896 31.0840
132.7068 30.6538
133.9512 30.4294
130.5214 26.6090
131.1140 30.0946
137.7812 30.3987
134.2456 26.9975
131.4235 30.7511
137.3296 31.5864
136.6566 30.5288
141.5193 34.6941
134.6249 30.1677
131.7061 30.8893
131.5913 31.0116
138.9870 30.9862
136.9637 31.5522
130.9641 26.4912
135.3241 33.0390
132.3168 32.0175
137.0433 31.5839
133.4063 31.7844
131.5182 31.0011
130.4574 28.0144
136.4129 32.8771
135.0933 29.8064
135.0399 30.5860
134.8204 30.0633
135.8255 28.8218
138.8655 29.1758
135.1360 32.7245
131.9167 31.7182
134.0604 28.9818
137.8211 31.4480
131.6074 30.6987
132.4664 28.4787
136.6373 31.5110
134.7195 28.7249
139.1898 30.5718
136.7096 32.7713
139.4201 29.3683
138.8716 30.4592
134.7339 30.9395
136.5896 33.2500
131.8629 29.4137
133.8018 30.6506
136.6535 31.5398
136.2818 30.9870
134.1671 30.2252
138.8710 30.2715
139.0842 30.8540
134.4818 29.5400
133.8488 28.8923
136.8899 31.7543
135.4036 30.1134
134.8998 28.5891
130.1316 25.1991
136.0204 30.4305
136.6778 30.0105
132.2423 30.7312
136.3642 32.8156
138.4721 30.5793
137.7425 30.0003
133.5724 30.1348
135.6040 32.7834
138.8007 30.9329
134.6366 29.0007
135.6231 28.6521
128.3475 24.1442
137.9156 31.4125
134.8064 30.5406
139.1221 30.1235
133.9615 29.1974
136.3360 32.7778
134.4865 28.8360
129.0214 24.7329
136.3418 29.9934
137.7019 30.3349
135.3254 28.9623
133.3587 28.5258
138.7247 30.0527
136.9608 31.5412
131.2974 30.3958
133.0119 29.5769
137.0300 31.4059
127.2617 27.6820
140.6535 34.7296
138.7532 30.3477
136.7986 32.9819
134.1341 26.0557
133.8031 30.2015
129.7382 25.1948
132.0274 31.5395
133.5774 29.8418
135.0476 28.4988
135.3216 28.9373
130.8716 29.9699
135.1501 28.9754
134.3210 27.7048
137.9504 30.1667
138.4367 31.3491
133.2988 29.9668
132.2944 29.9725
135.0119 30.3406
136.1873 30.7717
136.1489 31.0876
136.0681 30.6297
136.0132 32.6737
136.0945 32.7612
137.2498 31.7662
134.9350 30.8648
134.8483 29.0355
136.6060 29.3330
131.7303 30.8170
134.8097 28.9642
131.4335 30.3141
133.0634 27.8451
136.4548 31.3799
138.9836 29.3230
135.9606 29.2035
134.6652 27.3194
133.2226 29.6175
139.3293 30.4542
132.0970 26.5361
137.4039 29.7798
135.1102 25.7018
135.0165 29.1611
134.3867 27.0713
130.1173 25.5235
135.0782 31.2275
137.8205 30.0950
139.0476 30.2273
138.6869 32.3741
138.7841 30.7407
139.0066 29.6266
134.8513 28.4980
138.8853 31.2359
132.5456 26.4363
136.4449 30.0127
130.3662 25.4190
134.1473 29.6519
133.9624 30.3587
131.4167 30.7751
138.3757 30.4124
133.5433 30.7018
136.3385 32.9070
136.8783 29.8900
133.0154 29.6155
135.6438 29.2218
132.1276 26.6890
139.0134 30.0940
136.3269 30.3387
129.7673 25.6196
138.2869 31.4183
135.6949 32.7391
133.6239 29.8703
136.1952 29.8542
134.6863 25.7192
130.0761 25.1474
134.4972 30.4369
134.2975 28.9546
128.3887 26.1329
135.9385 30.1725
131.4500 30.2915
135.2048 32.4726
138.7134 30.6688
137.7153 31.7405
138.7827 31.1300
132.5272 30.3963
137.1594 31.5598
134.5457 28.8714
139.1483 30.6047
136.6314 29.9423
136.1756 29.8713
135.0969 29.2886
133.6040 30.5012
133.7137 31.2035
137.8051 30.0706
134.7540 30.4744
134.6498 29.2884
135.9475 32.7360
132.8326 27.2664
133.8053 30.8833
136.4803 30.1395
134.9801 30.8058
134.2988 26.4044
134.1442 26.9547
136.1534 32.7187
134.6431 25.8787
132.9298 27.6138
137.5410 34.2128
136.2936 29.9195
138.0435 31.3432
135.3414 28.3057
135.1472 32.8545
136.0616 30.6163
138.3503 31.4805
136.3376 31.4221
134.8659 30.3161
137.1691 31.2924
138.7560 30.8896
137.8919 30.0231
132.0967 31.5067
136.0100 32.7744
126.5391 26.6551
132.7267 29.1235
131.7274 30.4669
138.8207 29.8352
131.8717 30.7997
136.4737 30.0653
131.3857 30.7909
131.8433 30.1988
135.9537 32.6676
136.1183 30.0702
138.9195 30.2128
136.0887 30.7196
138.3092 31.3577
136.3456 29.0942
133.2663 31.6070
128.9301 26.0610
136.7458 33.4108
136.2904 32.7180
131.4458 30.9237
138.4105 31.3312
139.0556 30.8306
135.4183 32.7513
133.2304 28.2560
135.5634 29.1389
132.7275 27.2069
133.0066 27.2859
135.6679 28.8303
131.3805 26.8103
134.6529 27.5808
136.6833 30.1146
135.9469 32.5251
132.4088 26.8247
137.9133 31.6761
135.0552 25.5159
134.5000 26.3116
131.9912 31.2445
131.9365 26.9779
130.0972 26.1362
137.9236 31.4117
138.8231 30.6821
139.2529 30.3027
134.5812 29.5647
133.5570 28.5350
136.2989 30.0065
132.7529 29.5292
136.2289 32.7746
136.4857 31.4688
132.2807 31.3824
136.4062 30.1324
134.5588 28.2895
134.3940 31.1974
136.0585 33.1856
133.0986 29.7493
134.6215 29.6397
135.9838 32.1942
134.9694 28.2542
138.9594 30.5008
133.4770 30.4196
138.6514 29.9421
138.4960 31.3073
132.1985 28.2422
132.9142 29.7205
136.4016 33.0368
134.3405 30.6872
135.4281 32.7237
134.1958 32.2639
136.9831 31.9611
133.5497 28.7143
132.9571 29.6457
131.0656 26.3642
139.6294 30.1602
133.6212 28.5329
138.5294 30.0493
138.0942 30.4490
138.7625 31.2509
136.4660 31.4275
131.8173 31.2906
130.9315 30.7275
131.5593 30.6389
137.7795 30.0591
138.2362 31.3428
138.3344 31.0832
132.9863 26.4982
134.7976 31.0892
130.0474 27.4518
138.4773 30.5918
134.4178 31.0263
134.6768 28.2533
133.9452 30.2137
139.0974 30.6718
132.9024 27.7940
134.4817 28.0773
136.2211 30.8323
135.5032 28.4886
129.6267 26.5001
136.5461 33.0238
128.7472 30.0289
136.5758 29.2710
133.3123 27.8679
139.9054 34.3582
134.0105 25.5590
139.0322 30.7015
135.7789 28.9189
134.2779 26.2579
132.2035 26.8517
134.4182 27.5991
138.8839 32.8885
132.5459 29.7085
135.1790 28.6600
134.3618 27.1385
133.4044 30.7398
135.0892 28.4219
131.1490 26.2663
139.2330 30.5353
135.3329 32.2484
135.9516 32.7534
137.7558 32.8158
132.8995 27.3246
136.7045 31.6036
127.1447 27.1976
133.2018 29.8732
136.8033 30.1956
138.7904 31.1468
134.6802 29.1320
138.2694 31.3270
135.1268 28.4758
136.0099 30.3971
138.4379 31.4265
137.7040 31.6543
138.4239 30.3784
134.3496 26.4831
131.9966 31.0500
134.7577 29.9653
138.6613 31.0982
133.4226 27.6594
134.6611 28.6502
136.7554 29.2715
134.7034 28.7211
136.1466 29.9999
130.8789 25.2168
136.4435 31.3353
129.2146 29.8099
135.5865 28.6240
137.8111 30.2014
133.1247 29.6873
133.8407 30.3082
138.6465 29.6491
135.0173 30.6863
138.5518 30.8827
139.3601 30.6663
136.7780 30.1339
128.5767 29.5046
138.0519 31.4536
136.7653 30.0162
136.1719 30.1776
136.7021 31.3743
134.9160 30.6983
136.3338 30.1532
138.6658 30.0721
138.8156 31.2111
133.8088 30.1365
134.9104 27.8208
131.4701 30.5333
130.1287 25.8626
137.0062 31.6723
132.6860 29.7699
134.4771 28.4391
139.2468 30.9300
138.9497 29.4853
138.7270 31.2709
137.0603 32.9877
134.5621 28.5709
135.1386 28.6514
134.5301 28.6722
138.4268 29.9877
133.2903 28.3116
136.0589 30.0868
138.6785 31.2315
136.5831 29.8173
131.4673 30.6493
132.0796 31.5098
134.7684 28.5370
134.8936 28.3497
134.9902 30.5275
136.9288 31.8164
135.7503 29.4256
136.0731 30.9905
131.3093 30.5256
137.4587 31.6095
132.0295 30.9095
129.7581 25.9733
134.1416 26.3846
131.1820 30.4129
131.9241 30.7841
134.6845 30.6984
134.8599 30.8548
138.1014 31.4440
132.0783 30.1681
132.0297 28.6379
139.0972 30.6502
131.9738 30.8973
131.6470 30.5058
133.8168 30.4514
136.7292 29.9305
136.7514 29.9529
135.1378 29.9600
132.6579 29.7923
127.4017 26.7177
138.8527 31.1198
133.0765 29.7540
135.4587 25.7545
139.3586 30.2398
137.9398 31.4358
137.4146 31.6670
132.0556 31.1177
132.0802 26.5347
139.2962 30.7740
138.0541 30.5610
136.0128 30.8082
138.6013 31.0737
132.7336 27.2536
131.9097 30.8375
130.0417 25.5236
135.5993 30.7897
136.8619 30.4764
137.2635 34.5569
136.3700 30.4419
139.7175 30.1767
136.0053 33.5983
136.7986 29.8089
139.7191 30.3780
136.4640 29.1987
136.4123 33.5060
138.9423 30.7991
133.7500 30.4730
135.7521 33.2142
139.2236 29.1904
136.3332 33.3960
138.4684 33.3935
136.5404 30.4824
138.7448 31.0417
138.7541 33.8978
136.2619 32.7931
139.4608 30.7763
139.3609 30.2040
138.1526 30.5355
135.2293 30.6267
138.7300 30.9772
135.4393 33.0802
133.4126 30.4876
135.4420 33.3620
136.1057 33.5700
135.3613 33.1282
128.7929 29.4941
138.7270 30.4938
128.2459 27.7259
135.8293 30.1249
136.8808 33.6201
139.2355 29.7356
136.7967 29.1718
138.6911 30.8918
138.0338 31.1729
136.5033 33.3346
136.2521 30.4619
139.3619 30.7313
137.2768 30.0021
135.6099 29.5922
135.4885 33.2097
138.9135 30.7229
137.0391 30.1924
128.8269 28.8068
138.8777 30.9427
140.9308 34.9090
137.6065 31.2610
128.4546 28.7221
139.0263 30.3957
136.2830 29.0664
135.6633 29.7763
138.6351 30.2757
132.8154 30.1054
138.9979 29.7698
138.1643 30.3281
136.1556 30.5408
136.6037 33.0775
128.2415 28.6902
136.4330 30.7572
135.7473 29.3336
136.5491 30.5395
134.9366 27.4812
138.1865 33.3668
135.3512 33.0208
133.1476 29.9029
136.8715 29.1275
137.9400 34.3787
136.8217 31.1770
129.1895 30.5879
137.3986 29.3504
136.7550 32.8626
138.7256 29.8333
141.9830 36.3577
138.6215 30.1680
140.4880 32.9523
136.3025 30.9469
140.9332 35.7023
139.0506 30.3372
139.2832 30.0091
138.8828 30.2762
139.6706 30.4927
138.8750 29.8064
136.3632 29.1488
139.6200 30.0427
135.5183 29.8609
136.3231 33.8758
138.7704 29.8870
139.1977 29.2574
135.7526 29.2139
136.2764 33.2146
141.3364 34.4966
135.5834 28.5566
136.2184 30.2897
139.3783 30.8461
136.7932 32.8034
135.3933 29.4842
138.8113 32.2796
136.8913 31.2666
136.8233 30.4863
139.4077 29.5991
135.9260 33.2809
137.9953 30.2122
135.9861 29.2389
136.0488 33.4760
138.2859 30.4763
136.4578 29.1774
136.1895 29.1994
132.1189 30.7683
138.5618 34.2577
135.6134 32.9668
135.4494 33.2685
135.7874 29.1520
138.5477 32.9270
138.2827 30.4872
136.8723 31.4300
135.4477 33.2321
135.4331 33.1166
137.9134 30.7030
137.0715 33.4402
135.5341 29.5587
133.8295 30.7113
135.3727 32.9269
136.8248 30.0172
135.3513 33.0003
141.7350 34.2932
139.2125 30.6397
138.9040 34.1890
137.0396 29.3242
128.4778 28.4992
136.6339 32.7950
135.9127 33.3561
141.2318 34.7721
136.9827 29.8395
136.7292 29.1967
139.1519 30.6842
136.7672 32.7430
136.3007 33.9899
138.2087 30.4426
135.4616 33.2988
135.7364 33.3719
136.7354 30.5302
136.7481 30.1846
136.8914 32.9478
139.5402 30.6473
136.1032 33.4830
135.5752 30.8262
138.2580 30.4343
137.4003 31.4408
137.6314 29.7890
132.6569 29.8600
135.6781 32.9283
137.0744 33.0857
139.2142 30.7659
135.4294 33.2370
135.5321 33.0185
133.7229 28.7179
139.0791 30.1919
132.2129 30.7787
135.5536 29.2445
141.4940 34.0956
136.5289 30.5045
137.8873 30.6987
137.7058 31.2985
137.8285 34.3387
136.9769 33.0938
139.1343 30.2218
138.1208 31.4395
136.5248 33.0848
135.7095 33.2301
136.0556 33.6998
135.7813 29.4106
135.6896 33.2927
138.9778 29.7083
136.0072 33.5085
139.1910 29.7936
136.6994 29.5991
138.4382 34.2489
138.8576 30.9909
127.8191 27.4768
127.3609 27.0922
139.0277 30.8634
138.9841 30.9227
128.6709 27.7908
138.1921 30.3386
135.2768 33.0477
138.1657 31.3615
138.8366 33.6302
136.5858 31.3106
141.6916 34.7429
133.5454 31.1696
136.2014 29.7340
141.6752 35.1231
137.1178 30.2314
135.6864 33.2430
137.0397 30.4538
136.5744 33.1833
128.7354 30.1546
139.1572 30.8921
132.3390 29.9959
139.1197 29.7699
135.4373 33.1451
137.2303 34.4976
137.1995 30.1456
135.4236 33.2767
137.2604 34.4776
136.9454 34.3006
135.4787 33.2178
138.3063 30.4832
138.4683 29.8511
137.0207 31.6554
134.5233 29.2504
136.2094 32.5129
136.5579 33.4112
136.6632 32.7172
132.4932 31.1833
135.2438 33.3488
135.7520 28.7319
136.6853 30.3177
135.0674 27.7435
136.5224 33.1509
134.4985 25.7602
131.1868 28.5886
137.8064 30.0126
138.2571 29.9418
135.0346 28.3803
129.8494 29.6261
136.9579 33.1208
135.7023 25.8749
137.1231 31.3596
135.0234 29.5320
133.4515 30.4310
134.5206 29.7397
137.9705 32.5004
136.1026 30.5267
138.8833 30.0475
136.2459 32.5100
132.5326 31.8132
135.3145 29.7830
138.1941 30.5841
138.1962 31.3229
136.7995 33.1855
137.8575 31.4215
139.3686 30.3937
136.2540 30.4302
134.0674 31.4143
134.7169 28.3077
132.0947 32.3932
139.4209 30.8117
124.9166 31.1854
128.5242 26.3510
134.4760 25.9172
127.3861 27.7987
139.3548 30.4429
138.7616 30.1894
138.5465 32.9787
139.5777 30.8322
136.2474 28.7606
139.2287 28.6630
137.8134 33.4377
134.5982 27.2445
135.2651 33.0322
135.4955 31.3551
135.4817 29.2714
134.4439 30.1665
139.0163 30.2368
136.2842 32.2359
132.9172 31.9028
138.6206 30.2181
136.4211 32.4194
138.3515 29.3682
135.9285 30.2328
135.1936 28.8562
135.8642 32.8121
136.2793 28.9949
136.2057 32.8652
135.2523 31.6747
139.5509 33.1812
135.5761 28.6516
136.7738 31.5789
135.1348 27.9678
135.0754 28.3847
137.9348 30.4914
135.0348 28.3249
139.5983 30.6822
134.5864 27.5013
136.2175 29.9608
137.3377 31.6148
136.2667 30.6590
136.8411 30.2131
138.4354 31.5237
137.0220 29.2394
135.1944 29.3315
139.3174 29.1642
127.9793 28.0848
135.3933 28.5885
134.3448 27.9152
135.3140 32.9387
139.5390 30.6935
133.9437 30.7122
137.1153 31.6609
136.8672 29.7956
134.4569 26.9361
137.6106 31.5007
134.6687 30.8063
136.1586 29.9523
127.7874 27.4414
135.7855 32.0726
137.2452 33.2314
135.3405 30.0291
138.9823 30.6279
134.4266 30.0484
131.5023 26.0049
136.4268 31.1351
136.4210 32.5289
136.6311 31.4915
134.8071 25.7063
136.5961 29.3072
136.1870 29.3310
138.6039 33.5050
133.6882 30.1596
134.7551 28.6427
136.7611 31.5678
134.7989 30.6390
137.8852 34.4296
134.1309 30.9704
134.1093 30.2725
134.5027 28.4907
136.2544 33.0176
134.1363 30.2695
139.1610 34.4988
138.4398 30.6358
138.7033 31.2643
138.5815 30.3226
137.8596 31.5056
127.3032 27.1015
135.2417 28.1391
139.0061 30.6924
132.6202 26.3314
138.9416 31.0698
132.0370 26.1775
138.3308 31.3823
134.9450 30.0019
136.5370 33.5878
137.7315 30.9452
137.0000 31.4448
136.4812 30.0893
136.6238 31.5084
132.8559 29.8221
136.6017 33.3238
136.1685 30.8797
137.8807 33.1408
135.6351 32.7566
134.6546 25.7894
136.1139 28.9414
138.6913 30.6679
132.7453 27.0944
134.9150 28.2367
135.1585 30.2464
138.9381 30.1872
131.6671 30.8955
139.2404 30.1311
127.2272 27.3380
132.6562 31.3330
134.3850 26.5605
134.4885 29.1277
131.5946 30.8930
138.8026 30.6767
135.1997 28.6548
136.3215 32.6847
139.0631 30.9824
135.9254 30.5489
135.6962 32.7228
138.8384 29.8500
128.3757 28.9159
136.7144 33.0793
136.4106 30.0417
135.1782 28.9227
136.3561 30.0912
136.3308 29.9756
137.3955 31.5796
131.3672 26.4154
132.9913 26.5539
138.7120 30.9491
136.5381 30.2511
131.9443 30.7773
133.5084 30.8967
138.9088 30.9465
137.1087 31.6353
138.6910 31.2801
138.8234 33.4757
135.6005 32.6789
136.7409 31.3319
131.7997 25.9993
134.8677 31.1166
128.5108 29.3215
136.5734 30.8685
133.7409 29.7195
131.4001 30.4551
138.9139 31.1185
135.5677 29.4209
132.0333 26.2825
134.2297 26.6315
135.6974 32.7997
135.8736 28.8659
136.2586 30.1032
132.1721 27.0939
136.7925 31.6735
137.7541 34.3705
135.8912 33.1763
134.5851 30.9506
134.2386 28.3048
138.9852 30.0334
134.7111 29.5389
134.0310 30.8160
134.4774 27.1343
139.0191 30.5520
138.4443 31.1182
136.5276 29.8978
138.7072 30.8264
137.4446 29.6889
134.3068 29.6289
137.9453 33.4049
133.2110 29.6160
140.1092 33.8558
128.8434 25.7993
136.3522 31.2039
138.2563 30.6480
136.7062 33.4764
136.5752 32.9743
133.5891 27.8065
134.1633 28.8964
134.1750 26.4896
131.8977 27.0002
136.7719 31.5901
138.8158 30.9920
131.3974 30.5934
136.2230 31.1398
137.7169 30.1961
135.4682 29.7697
136.6301 31.5757
133.7605 30.2711
137.8652 30.3714
138.4076 31.3314
135.0076 28.8653
139.1853 30.7875
139.0777 30.7223
134.4822 27.3341
138.6451 30.7347
136.4042 30.0366
132.6262 30.6795
135.9762 30.5456
139.8441 33.0203
134.3001 26.4055
131.6761 30.4507
131.9856 30.8316
137.7612 30.5309
136.2442 30.1110
136.1144 30.1466
136.2851 31.2530
136.3992 31.4153
133.9687 26.1223
133.9700 30.2259
134.1155 26.0133
138.3926 30.5598
134.4936 31.3230
132.7466 29.2393
137.1197 31.6287
134.3900 26.9967
132.8833 29.4596
138.4762 33.6430
132.8168 26.8549
136.8126 31.6130
138.5969 30.4821
133.9974 28.7867
135.0068 28.9528
133.3445 31.4064
139.0098 29.6530
136.0101 30.5679
132.2099 26.9142
136.8278 31.7884
127.0257 26.6323
134.2480 30.4750
127.3545 26.7484
136.5627 30.1932
136.3031 31.3355
137.9311 30.3726
139.1556 30.7527
132.3373 26.9493
137.9548 30.8507
136.0698 28.8208
137.7115 30.1034
135.9112 26.1786
138.6574 30.4715
131.6916 26.3386
138.7667 30.0413
131.3387 30.5865
136.0029 32.7625
136.3625 31.3052
136.6024 30.1146
139.0083 29.9942
136.5802 31.4595
128.5408 26.1130
138.9752 31.1656
138.3549 31.3697
136.5135 32.8709
138.7094 30.8933
134.5938 27.3662
138.7440 31.0714
135.6052 29.6484
136.1703 30.9608
132.6123 27.1960
133.7963 30.7360
136.1106 30.4131
136.3155 30.1592
137.2976 31.6333
135.9459 28.8854
134.1877 30.9741
138.4525 31.2706
128.2778 28.8459
133.4267 28.0813
139.0661 30.1599
136.4293 33.1012
136.5392 29.3141
129.7945 25.1387
129.8731 24.9005
136.9730 29.3447
131.2932 30.4953
128.6685 29.8604
134.5583 25.8011
134.9835 28.9791
131.9229 26.1229
136.0471 30.2737
133.3027 32.0733
139.1673 30.8012
132.2042 30.5617
138.9218 30.7031
134.6735 27.3540
134.1572 31.0619
136.3131 32.5102
138.9264 30.6828
138.3833 31.3322
134.5237 27.1558
138.2266 31.4043
131.8810 31.0810
138.6127 33.4994
128.6893 29.8010
132.6855 27.5508
134.7007 28.3598
134.3380 32.5742
138.7368 31.0136
135.0334 30.6322
138.7093 30.1824
135.1716 29.9022
136.6346 33.1182
135.5003 32.9197
135.1576 29.8005
134.9148 28.5539
136.5967 33.1581
138.9051 30.3581
133.0042 27.1831
132.7945 27.2556
134.5883 28.8567
134.7791 30.6575
138.5995 33.9647
127.3713 27.7150
135.3238 29.6574
131.9285 30.6695
127.7084 26.9675
132.4170 29.4170
135.1204 30.1000
139.0963 30.3624
135.0424 28.0991
130.5921 26.3962
131.8156 30.8152
134.6241 27.8957
138.8338 29.8191
133.9606 30.4499
135.5702 29.4777
135.4764 32.7850
138.8383 33.4664
138.3560 30.5473
127.6418 27.6403
134.0342 30.6784
136.0865 32.8078
128.2776 28.9833
138.5400 33.5751
138.4491 31.3119
135.1997 29.6518
136.5884 33.0971
139.1365 30.5296
134.6683 31.0850
131.4533 30.7646
135.3530 28.9642
136.5332 29.8165
136.4857 30.9821
131.4468 30.7742
133.3811 31.6399
127.2480 27.1672
135.9010 32.3163
131.7324 30.7287
128.0207 28.5386
133.9211 32.0301
135.4526 28.9664
138.5936 31.2917
134.8816 28.7960
136.5917 33.1343
139.1838 30.4755
135.6019 28.9745
135.4782 29.6407
133.0799 31.1366
131.7297 30.5934
137.5717 31.5544
136.3276 29.2816
136.9247 29.1912
138.7520 29.6647
138.0049 33.2639
136.8006 29.6953
135.3546 29.5500
135.7155 28.7961
133.9644 30.8007
136.9409 30.0714
132.0864 26.6412
131.9727 30.5309
136.0782 30.1296
135.0781 28.2574
137.3063 31.2557
138.9072 30.1028
135.1726 33.2548
134.6349 31.0744
136.8974 29.0924
135.3707 29.6823
136.8927 32.8980
138.0297 31.4709
136.7769 31.4626
137.4051 31.5583
133.5717 31.1915
135.4348 29.0085
138.1297 30.6904
135.4272 29.6310
132.3553 30.0366
135.2272 32.9199
135.4220 30.3274
131.8576 31.1178
133.7655 30.7534
132.9954 27.7466
130.2020 26.5795
136.3851 29.1658
131.5604 30.5985
136.2544 32.7691
136.6070 33.1062
133.5548 30.0117
138.8060 29.9438
136.1722 32.9941
138.8682 30.1070
138.7037 30.6077
136.1630 29.7056
139.0827 34.6537
137.2334 30.3976
138.4202 30.9479
137.1320 33.4395
136.8802 29.8097
139.1750 30.3436
137.1711 33.4316
138.1358 30.9297
137.5280 31.0012
135.6810 33.1077
137.5923 30.4351
136.1829 33.5810
139.4135 32.8011
137.8604 31.0231
137.4934 30.4032
138.8349 30.6240
137.0622 33.5311
138.5081 30.6562
137.0190 33.6218
137.1029 30.1828
135.8582 33.1487
136.5602 29.9442
138.1824 30.9943
137.0040 29.2789
138.1043 30.9874
139.0406 33.9743
137.5622 30.3600
138.4258 30.1851
136.5128 33.6325
137.5650 30.9620
135.5913 33.1749
136.5947 30.0098
138.9526 30.3666
139.1615 34.6646
136.5100 33.3517
138.8196 29.6261
136.5746 30.9050
136.5301 30.0752
136.2172 30.5732
135.8979 33.0469
139.0644 30.0753
137.7291 31.2023
138.9967 30.5534
137.6543 30.4608
138.1476 30.9282
136.6578 33.0571
138.2941 31.1584
136.4417 29.9388
135.7363 29.5754
136.5758 33.9702
137.1380 30.1165
139.0062 30.7027
136.6851 30.1605
143.9126 36.2238
139.4276 30.1642
137.5242 30.1972
139.5573 34.4264
138.9569 29.9756
136.1113 33.1921
136.9934 29.9863
136.3711 30.7419
136.4460 31.0944
136.8565 31.3479
138.9808 30.9019
139.0062 30.4979
136.6568 30.8298
138.9145 30.5806
136.8110 33.6093
136.2952 30.0321
136.4441 31.1241
137.7529 31.0544
136.1569 33.0939
139.0909 33.8294
139.1309 30.7291
136.0378 33.1593
135.9154 32.9437
136.6302 30.1036
137.1407 33.4006
136.0290 30.6887
138.4639 30.2744
136.0380 33.0801
141.4330 34.5414
137.4592 29.9347
136.1716 29.2040
138.6295 30.7834
141.9275 34.8713
136.8323 33.8704
136.5993 29.8456
136.9893 29.8868
136.0266 33.0091
136.1377 33.0967
138.2664 30.8838
137.7775 30.9515
136.8574 30.9255
139.1430 30.0264
136.6201 33.9646
144.6483 36.2658
136.6952 30.8516
135.8893 30.2534
136.7871 31.2956
139.0511 29.9816
136.3700 30.5934
140.0729 34.8220
136.5665 33.3724
137.0708 30.2065
140.0149 34.1246
137.4103 30.8321
137.1274 33.5191
138.7151 30.7204
137.8871 31.0484
136.3522 30.0206
138.8663 29.9760
137.2290 30.7521
136.7126 29.9338
137.7481 31.2021
138.9886 29.7213
136.3674 33.8324
137.0583 30.7642
139.0479 29.6761
138.3853 30.8629
136.6582 33.1753
137.1018 33.2143
138.2347 30.9798
139.2613 33.8673
139.2494 30.6351
137.5621 31.0381
136.7601 30.4960
138.8106 29.7114
139.5465 34.2072
138.9882 29.9200
135.8207 33.0523
136.1745 30.9085
143.0474 36.9790
138.9410 30.3194
136.1313 30.0567
136.8811 29.8293
138.8624 30.7344
134.4533 33.1138
137.7863 31.0114
136.1260 33.0035
136.7437 33.8972
136.9623 33.4310
139.0779 30.3803
139.2781 30.3844
138.6386 30.5625
136.2713 32.8676
136.4087 33.6237
136.8742 30.8580
136.3029 29.8024
138.9680 29.9968
137.4399 31.0303
138.5269 30.5517
137.2700 31.3508
139.0684 30.3279
137.2950 30.5653
136.9011 30.9548
136.0242 33.0989
136.6792 30.1361
138.0423 31.3815
137.5254 31.3736
139.0737 30.3308
136.3602 30.1957
141.8399 34.6771
135.4885 33.2552
139.2403 30.8024
136.0705 33.0530
136.9623 33.6183
136.6723 33.1471
139.3952 33.9228
137.0362 30.8925
138.7979 30.6879
139.0946 30.0955
137.0406 33.5698
141.6653 35.2177
135.9161 30.1898
139.0639 30.2372
138.2364 30.5114
137.1139 31.0044
136.9874 33.9959
137.1345 34.4627
138.9067 33.8583
137.8506 31.2173
137.0641 33.3508
136.7168 31.3022
137.7195 31.0475
136.9130 33.4601
136.9443 30.4361
137.1142 33.2181
136.1161 30.0933
137.4164 30.1201
136.6084 33.7855
137.5377 30.9078
136.5773 30.3977
140.3686 34.3878
138.7670 30.6707
136.3657 29.9358
136.2157 30.0902
136.0022 29.8090
136.3418 33.2785
137.4186 30.5943
136.2208 29.2275
136.6082 30.0635
140.5042 34.9267
136.8144 33.7193
135.7400 33.3861
136.7272 33.4013
136.6714 31.2457
135.9616 30.4831
139.3013 30.8363
138.4291 31.1068
139.0280 30.7860
136.5483 29.6315
137.0222 30.2496
137.2479 30.9591
136.9089 33.8399
137.2125 30.7033
137.1280 29.9879
137.9774 31.2326
135.8329 33.3829
137.5011 31.0188
137.9757 31.2455
136.5207 33.8653
138.2819 30.3307
136.3497 29.7949
136.7364 30.2267
136.8594 30.1271
139.2589 30.7539
137.1003 33.3433
137.4109 31.1667
136.5159 30.8629
137.6486 30.3938
136.4454 33.7479
136.1263 32.9328
136.9849 30.9496
138.3103 30.9375
136.1304 29.8073
136.3850 33.7661
138.0998 30.9764
139.0659 29.6536
136.8221 30.8571
137.0906 30.7913
136.3172 29.8167
136.3750 30.7759
137.4221 34.5607
138.6409 30.5540
137.5067 31.0663
136.5149 30.5472
135.8455 33.3554
138.8147 30.0016
137.6904 31.2126
142.1834 36.3896
137.3793 30.9865
138.7126 29.9899
136.0553 33.0294
136.2287 33.5748
136.1432 29.7621
143.2444 36.9585
137.0428 30.4776
137.3829 30.9655
138.0814 30.5209
138.6211 30.1804
139.2698 30.1802
137.3091 30.9421
139.8771 34.6772
137.8986 31.2172
137.9395 31.2205
138.9305 29.9099
136.5976 30.9260
138.4908 30.6081
136.7813 29.5630
136.3888 29.1897
136.2136 33.6082
136.0973 33.0592
136.0819 29.7218
137.3981 30.8928
136.4667 30.3562
138.3913 31.1310
136.5765 29.7612
138.1419 30.4928
135.9439 32.9134
136.3124 30.3303
137.4018 30.7846
138.8779 30.0948
137.0184 33.4055
138.9260 29.8824
136.9688 30.2142
137.4163 31.0504
136.1145 33.1001
137.0199 33.1847
138.8312 30.6502
136.8286 30.6543
139.6771 30.4964
137.0901 30.9063
138.5074 30.2884
136.2636 30.6205
136.7051 30.7084
138.1015 30.5135
138.1620 30.7030
138.1633 31.1871
138.0586 31.0007
137.0334 30.3209
138.9688 29.6195
137.0819 29.8884
137.2093 30.8081
138.0642 31.2127
136.1948 29.9530
138.8622 29.8252
137.3134 30.1355
136.0632 29.8825
136.4865 29.1704
136.5875 29.8088
138.9000 30.4127
128.8615 30.1753
134.9257 28.8394
136.0741 32.9404
135.6867 31.1287
134.3503 27.6721
140.2548 34.5299
130.5973 28.9033
138.9893 30.5611
144.7504 35.6673
135.8691 32.6164
133.9190 31.7090
136.5771 28.9851
128.2167 29.0377
138.0636 33.7721
136.4543 32.9191
132.9811 30.9326
134.2288 28.7838
130.9176 30.6263
136.9666 30.5626
140.7232 34.1525
138.2394 29.8620
132.6986 30.3154
131.2891 30.3403
133.3412 29.7485
135.3727 28.6225
130.1645 25.0714
132.9385 29.4935
131.3506 31.1291
132.7916 29.7476
133.9740 30.9142
141.3412 35.5513
134.7024 28.4886
135.0253 27.8848
135.8812 27.2846
136.1339 33.2579
136.1955 29.7791
133.7480 29.1344
136.7631 31.3128
138.8108 31.1440
136.6661 31.3727
136.0876 29.3326
127.4202 27.0935
139.9069 34.6965
138.4567 31.0653
135.5645 28.7644
137.3405 32.9226
134.8433 28.2190
138.5625 30.2996
133.2490 31.6384
138.1666 31.2329
139.2326 30.4768
124.2988 28.1622
137.1408 31.9284
134.1697 25.7926
134.7395 26.9986
128.1344 28.6080
134.2972 26.1229
138.0283 29.7911
136.8321 29.0564
138.8519 30.2128
134.8939 33.6055
137.3562 31.2277
137.5734 31.2027
135.5505 33.0611
132.5152 29.6497
138.5136 30.9850
136.4145 29.0026
128.9871 25.5413
135.8914 30.0757
132.5433 29.6457
134.1003 28.5866
139.8697 34.5628
136.6999 33.4165
132.4608 30.4197
137.4372 32.6156
137.1498 29.2401
134.6131 29.0036
139.4526 33.6506
134.2902 26.2600
136.1079 30.1923
138.5202 30.7499
131.6471 26.3134
140.8032 35.0289
128.5520 28.0374
136.1888 30.7524
134.3629 28.1355
136.8357 29.7734
137.3891 31.4734
132.5191 30.9855
128.0049 27.7652
134.2766 26.0343
132.7811 31.1909
136.8067 33.3909
141.1298 34.0601
133.4733 30.7295
127.9013 30.1953
137.8011 34.3326
134.2941 32.5127
132.7424 32.1718
137.3894 31.5017
137.5111 31.6367
139.2297 30.5358
137.5314 29.4597
134.4733 32.2425
133.2594 27.9825
134.9818 27.8722
132.0654 29.8430
137.7522 29.9117
132.0020 31.7090
136.2154 32.6671
136.2304 32.9717
135.1972 31.0835
138.4318 31.2673
134.6140 28.7978
131.9235 31.0124
135.5926 32.7827
137.9277 30.3760
137.6034 31.5219
135.9870 30.8315
131.8740 31.3224
133.6374 28.6504
135.8231 33.0351
135.0544 30.4860
135.2336 28.4798
136.6008 30.1250
139.3391 30.2216
127.4265 26.4819
133.2165 31.6181
135.5170 32.8169
134.8728 30.0073
133.0724 27.8181
128.7141 29.9983
135.9651 30.0084
135.1948 29.6945
134.8787 28.8545
133.7816 30.9842
130.8067 30.6954
138.6499 29.7555
139.0654 30.2107
133.7852 30.4611
138.7150 30.3982
136.5375 31.2284
132.5922 30.2706
134.6105 30.0993
134.5703 28.8808
137.7861 31.3005
131.5834 30.6659
129.1817 30.2770
135.1214 28.6165
139.0146 30.1567
128.7047 29.2886
138.9967 30.2215
134.5764 28.0531
132.2957 32.2150
136.4289 31.2492
136.0787 30.7416
137.8638 30.7964
136.2937 29.1803
135.3114 28.0789
138.9270 30.2896
134.5756 28.4213
134.3883 26.1317
138.6182 31.2428
135.0182 30.3390
134.5623 31.5572
134.4061 28.8185
134.7201 28.5184
134.6252 28.8313
135.1340 29.0958
138.3692 30.6473
136.0898 30.8468
138.4282 31.2970
137.0558 31.4317
134.8149 28.1256
131.8874 26.9298
127.1296 26.8797
138.5214 31.2570
136.0837 32.8907
131.7876 30.4925
136.9680 30.0013
128.5946 29.5302
134.7628 30.3945
134.5125 27.2219
140.6957 33.6738
135.1272 28.3392
135.3878 28.3076
134.8833 29.8379
135.0969 30.3971
134.5324 28.6969
138.6893 30.7485
139.1697 30.1348
134.2185 26.9397
135.6850 29.6093
132.3338 31.7246
135.1198 29.7178
131.4341 30.5777
136.4012 33.1483
138.1980 31.3157
136.6668 33.7197
134.7214 26.8521
132.3330 29.7030
138.9554 30.6244
138.9284 30.4645
136.4893 29.0028
136.3882 29.7631
132.7757 30.7154
136.5813 32.6997
138.8386 30.1610
136.2408 30.8825
136.1296 30.3388
136.3192 30.1860
134.8125 27.4502
130.7214 28.5704
127.5985 27.8323
134.4377 30.2161
139.4059 30.6886
140.9617 33.3227
135.6852 29.4138
135.0527 28.3165
136.7851 29.0846
134.2365 26.2735
138.8059 29.8173
139.0588 30.6186
134.6829 28.4391
139.0731 30.8091
139.5469 30.5047
134.5123 29.8264
140.1712 34.6172
134.5673 30.2690
134.9653 28.5422
134.1303 28.8369
135.8251 33.1463
139.1783 30.5731
134.8290 27.1408
136.7054 29.6591
133.1231 29.6314
135.3166 30.7396
132.8818 30.7200
135.2161 30.3909
136.8618 32.7687
136.6775 30.8811
135.6450 33.0669
135.4096 33.2710
135.6362 28.5540
135.8899 28.7815
139.4790 29.6877
134.5314 29.6102
133.8873 30.5667
139.0123 30.4983
138.6090 30.5042
136.7375 30.9800
136.5790 30.2305
131.6519 30.1492
139.0625 29.6890
134.9770 28.7912
136.6894 31.1737
131.3699 31.0777
139.0157 31.0147
137.0111 30.2255
128.9646 29.9533
128.7250 26.2174
137.6445 31.5802
135.0623 28.0586
135.6526 32.9692
139.1583 29.3714
139.4882 30.2587
128.8254 29.6443
138.5817 33.8174
128.7463 26.7356
138.7447 28.7525
134.5983 27.5734
136.0687 29.9052
136.2226 29.8869
134.6444 30.4661
131.7752 31.4788
136.8614 33.0635
134.1718 27.5079
135.5078 31.5134
139.3493 30.7010
139.1323 33.4617
136.2892 28.9284
139.5580 33.2943
135.8791 29.0595
139.2273 30.3875
138.6376 30.7124
134.7861 27.5417
134.4358 28.4577
138.1308 31.2379
128.8224 28.2508
131.6616 30.7059
136.0365 29.4318
128.8520 26.3460
132.9751 29.7536
129.0298 25.4270
135.8328 29.8370
138.1447 31.3683
128.1903 29.2052
135.4681 33.1521
134.9585 28.3694
135.4289 32.9631
136.6002 31.3011
136.2865 29.0950
138.0217 30.2394
139.0609 30.5508
138.8266 34.0512
136.5399 30.5686
136.5733 30.3664
139.3179 30.8319
139.0619 30.7406
138.7666 30.8613
138.9286 33.7061
137.8997 32.4524
139.9088 34.5337
139.5122 34.4114
139.0614 30.1014
136.3613 33.6723
136.8539 30.3255
139.8745 34.7333
136.9340 32.8795
138.7923 30.7717
138.9175 29.6339
136.9485 30.3465
136.2473 33.8296
141.9711 36.0438
138.8889 29.7585
136.4114 34.0146
138.7523 30.9513
135.5528 33.1980
137.0820 33.2098
136.1582 30.9285
139.4454 32.8087
136.5002 33.0107
138.6837 29.7513
135.6421 33.0929
135.8451 33.3601
140.0083 34.8760
136.9523 33.4791
127.5656 28.0586
135.4808 33.1246
136.8298 33.0938
138.0630 34.3133
138.2168 30.5328
136.6322 33.1170
136.7210 31.0824
135.4370 32.9366
138.0978 30.5563
137.0429 33.0700
139.2334 30.7942
136.2748 33.5154
135.3568 33.1872
135.4993 33.1770
135.8069 32.9703
136.7795 31.4247
136.5188 33.5455
136.4913 32.9924
135.6507 33.3442
135.4286 33.1537
138.4300 31.2098
136.1903 33.4131
135.4109 33.1253
136.0859 29.8022
137.9801 30.7613
136.0060 29.9285
135.9031 33.4148
138.4660 30.1706
136.1689 33.5066
136.0464 33.5058
140.9352 35.5254
138.6353 31.1076
136.2934 32.9138
138.1601 30.5763
138.4799 30.3450
138.6454 34.2489
136.3370 31.1324
136.3770 33.6484
136.4000 29.1801
136.9846 33.0118
137.3454 31.4096
136.1042 33.7099
134.5597 29.6738
138.7748 34.0118
136.3209 33.0055
136.9388 33.8004
136.4770 33.1501
135.6198 29.2058
139.2256 34.4469
135.9961 33.3323
140.4127 34.2389
137.0887 33.5646
136.5472 30.5128
138.7964 30.6121
135.3116 33.2029
136.9571 32.9702
138.7994 30.1055
136.0727 29.0785
137.1017 33.2084
136.8769 29.7651
136.8767 33.5756
135.4235 29.5293
136.3011 30.1497
138.0841 30.7534
137.7310 31.0694
137.0101 29.3079
139.3143 30.8759
138.1642 31.0672
137.5135 31.1345
134.9351 29.9448
137.2104 30.3695
139.0269 30.4599
135.5148 33.3278
138.7323 30.9686
140.6964 35.4524
139.2913 29.8341
138.1481 34.2909
127.8939 24.4172
130.6287 26.6558
136.3174 33.1936
130.9008 26.7558
132.4019 26.9602
129.1510 30.3765
128.0322 25.5537
131.9095 29.4228
135.6440 33.1129
138.9950 30.4571
137.1078 31.2781
131.1713 26.5727
137.6972 31.5525
138.8210 31.0250
136.3185 29.9303
132.5899 26.6214
141.0106 33.6453
132.0915 26.5584
135.3587 29.1806
135.7981 32.9599
130.1711 26.5928
136.0499 30.4578
131.8125 30.5843
136.4847 30.0103
131.8163 30.7378
138.9388 30.9289
135.7200 32.7352
136.3038 31.1500
138.6472 31.1392
134.5945 28.1034
131.8899 30.8182
138.7786 29.8846
131.4113 30.4008
135.6337 26.1434
136.8136 31.4935
136.0428 25.3278
132.7893 31.5659
126.9792 26.9494
133.7247 30.6427
138.3246 33.6081
133.0800 32.1213
139.7527 34.3129
135.9233 30.2266
131.1811 26.6218
136.1893 33.0383
138.7424 29.9638
137.5599 31.6143
133.0620 27.8920
135.5635 28.6899
135.6616 32.8566
138.9392 30.5379
135.0941 28.0561
136.4295 30.0331
137.3542 31.5766
139.9765 34.4723
134.9460 28.0390
135.2075 29.9837
130.7099 26.3303
136.3878 30.0179
132.9121 28.4182
136.4263 29.9944
138.7277 30.5967
134.0594 29.2152
138.0948 31.4227
136.2301 33.0066
136.8923 30.1573
131.9122 30.7596
136.2968 30.0121
135.4148 28.6722
131.5012 30.7683
136.2939 29.9904
136.5661 29.8143
135.9462 32.9425
136.0092 30.0271
138.9241 30.8852
136.4053 30.0578
136.9453 31.6708
139.0033 31.0995
138.3649 34.1429
135.4255 28.5439
137.0739 30.0840
138.3773 33.6534
135.4556 33.1448
140.8775 34.0600
136.4388 30.0299
136.4200 30.0310
133.9223 28.7964
134.8415 27.5937
131.4497 30.5265
137.8714 30.2480
134.2960 26.8406
130.9087 26.3229
137.9200 33.2454
136.4026 30.8037
136.4600 30.0281
132.1575 27.4076
136.9222 30.0044
129.5832 25.8305
132.4014 27.2397
131.7463 30.7386
131.9331 29.3512
129.4055 26.2928
136.4044 31.1035
136.6090 30.2461
136.9703 30.1075
137.7693 31.2330
138.5376 30.0952
136.2263 29.9467
138.4547 31.1441
138.4283 31.2728
138.9732 29.7474
136.9203 29.9355
135.7949 33.0655
137.9298 30.0693
136.2090 30.5182
136.6861 30.1779
136.5447 30.4126
138.8839 30.0481
138.1196 30.7308
136.9691 33.0612
135.9236 30.0207
138.7356 30.5438
136.8875 33.9241
137.0979 30.1229
138.1220 31.1620
139.2850 30.3501
135.4298 32.9795
135.5155 33.1619
139.2120 30.6545
138.8318 30.7052
136.6957 29.7643
137.5902 31.2886
139.2066 34.5796
136.7018 29.7918
137.3929 34.5434
138.6247 31.0901
139.5926 33.6628
136.7423 30.2229
136.5098 33.2447
138.8302 30.0681
137.0860 30.0612
135.5521 33.1054
138.7611 30.2626
137.1338 31.0366
136.6989 31.0810
136.6251 30.2889
137.0202 33.4326
136.4344 33.9721
136.1039 30.3876
135.7896 32.9207
136.5743 30.0567
140.0794 32.5676
137.9271 31.2578
139.1581 33.8391
135.6970 29.3552
136.2591 30.3361
136.9326 33.8484
136.1241 30.2642
136.6952 30.1811
136.7142 31.2437
136.7704 30.2367
136.0989 33.4428
136.7917 31.2760
136.8374 29.7899
136.5229 33.2572
136.1476 29.9720
136.0398 30.2828
138.9829 30.4590
136.4165 33.5261
136.2984 30.7725
136.6118 31.0994
136.4953 32.9981
136.1248 30.4747
136.5127 30.5229
136.1515 30.4797
138.7774 30.5963
138.4833 30.0420
136.7441 31.1088
136.9706 30.0979
138.8504 30.0838
138.4749 31.2031
136.1907 33.7297
137.0877 30.2149
136.9775 31.2047
137.4125 31.2765
136.8527 29.8243
136.9305 30.3447
136.5217 33.9981
138.3337 31.1913
138.6140 29.7946
139.1199 30.1611
137.9385 30.1090
136.3677 29.8323
136.9718 29.9445
135.4785 33.2176
136.8999 29.8594
137.0210 31.0208
136.0788 30.3232
136.1724 33.5523
138.6982 30.4377
136.4036 33.2016
136.6760 31.0341
136.8194 29.8287
136.4805 30.7280
137.6760 31.3410
135.5305 29.7845
138.4176 31.1991
137.6522 31.2864
139.5467 32.1700
138.3879 31.1896
136.4182 33.1192
136.2211 29.8680
141.2473 34.7968
137.9107 31.2613
137.7919 31.2854
137.1081 30.1489
138.8071 29.7384
138.8077 29.9481
142.3919 36.2117
137.3361 31.2892
136.1681 33.4888
135.7397 33.2942
136.4448 29.7766
137.0983 33.3179
136.7493 29.8073
136.6254 30.0495
138.2913 31.2040
140.9553 32.9901
136.8825 31.1342
136.2873 32.8761
136.3918 30.2997
139.2675 33.9920
136.4521 30.9040
136.4002 29.6359
137.5142 31.2851
135.9605 30.3952
135.7249 32.8159
136.8126 29.4814
128.1559 29.5024
137.8256 31.0517
136.9748 30.7470
135.8941 30.9994
138.5621 31.2117
134.5426 28.5713
134.2511 31.3253
138.9270 30.5261
135.8895 26.8348
132.9479 29.3841
133.1647 30.1943
136.4290 29.9145
137.0268 31.3746
136.3490 32.9789
136.0805 26.2981
132.3250 28.8054
136.9899 31.0273
138.5238 30.7515
134.2755 31.6557
140.4868 34.3112
131.2922 26.1815
134.5262 30.4918
131.7458 27.5803
135.6409 28.2585
129.3034 28.3542
132.3381 26.5654
133.9062 25.8752
139.0126 33.4257
135.3053 25.8088
135.5388 28.6047
127.6987 28.9395
135.7426 33.2090
126.4662 28.9160
132.6540 27.4478
126.1375 29.0089
133.5711 24.9861
136.8696 31.8257
131.0314 26.6526
137.0496 29.4727
132.3677 30.2658
136.4752 26.4826
132.1283 30.6263
138.6803 31.1847
134.7535 30.4812
135.7208 26.5761
135.7933 30.5562
128.0079 27.0919
138.7682 29.9890
130.8052 30.0584
136.5586 30.1513
133.2614 30.6971
138.6432 33.2687
131.6859 29.9517
134.4195 29.5956
139.1608 30.1006
134.5711 26.2196
133.0061 28.4119
131.5320 29.9200
135.7840 32.5998
130.1158 25.1375
127.8296 28.2676
134.9778 29.3942
134.0890 30.8916
139.1307 30.3243
129.3083 24.3956
127.4445 29.1913
133.9405 30.3848
133.0055 31.2812
133.3348 31.2288
136.5321 29.8812
136.7958 33.3206
134.1180 30.3397
134.1149 31.2369
138.1176 33.2518
138.4122 31.5413
134.6811 29.1027
134.3041 29.2410
134.5857 29.9761
135.1230 30.4691
136.6723 31.5005
133.6570 32.3066
132.9533 31.2005
134.2195 30.1465
134.8718 25.6453
127.4688 22.8575
129.4813 25.1522
135.4187 25.7154
129.6553 27.3255
134.3412 30.3151
134.1089 30.2691
137.7645 32.2487
135.1802 30.7029
135.2941 29.0415
135.6569 25.5126
133.3127 27.7297
128.7398 25.9042
134.7980 30.9605
133.5430 24.9345
134.0845 28.5652
128.8675 25.9343
135.9486 26.8901
134.4404 28.0654
133.7307 24.9469
134.6072 30.6884
133.1830 28.4967
137.3700 31.6741
132.1896 24.7679
135.0108 27.0388
135.7615 25.9541
128.9661 23.4278
131.9985 27.8197
135.2319 25.9792
127.6540 22.7739
136.3521 26.1916
134.9116 28.9749
135.1449 25.4959
134.8308 28.3541
135.4826 26.0252
134.1559 25.8306
135.0992 30.7774
137.8385 30.8910
137.7636 30.6863
134.3858 31.4958
129.8208 25.9952
127.3316 23.1140
132.0773 29.7845
134.7326 29.4088
134.8789 28.4159
135.2675 25.8878
133.9757 25.2293
131.7204 25.7080
130.2640 25.7368
135.3791 25.4379
135.2810 25.4402
134.8859 30.8100
135.5157 25.5517
135.8917 26.2907
134.3838 25.2206
133.8228 24.5430
134.6295 28.1405
131.4129 30.4240
138.2594 31.4567
136.0646 26.6814
132.8666 30.4483
134.6742 30.5770
137.4550 31.5723
132.7405 27.4479
129.0774 29.9976
133.5032 30.8310
134.9318 30.3842
136.9538 32.5234
135.5447 33.0795
136.5609 29.9653
138.3417 33.2118
136.2159 32.5529
134.1803 28.0556
135.6655 32.9217
129.8400 25.6731
132.0363 26.4221
134.9086 30.7128
138.4946 30.3115
129.6912 29.3503
135.2570 28.6390
139.2029 30.0095
135.0311 25.7190
135.8607 29.5713
134.8401 27.6096
136.0665 32.7333
128.7124 29.4942
134.3527 31.8955
138.4647 31.0969
136.1295 30.6342
127.7194 27.4408
133.4424 30.4188
139.1244 30.7644
131.6459 30.7249
136.2716 32.7171
133.3856 32.1469
139.1373 29.0217
137.0888 30.3239
132.7670 29.7157
136.2565 33.0133
134.8620 27.7222
132.6183 31.4100
136.2880 31.2008
136.8830 30.0161
134.7169 30.2997
138.8409 30.3240
138.0228 31.3687
134.3290 28.1705
135.6971 28.7608
133.3004 32.0588
133.8890 28.6233
139.1227 29.1971
139.1395 30.3981
136.6086 33.0567
135.5687 26.1618
130.7565 29.7928
132.5332 31.2977
138.8988 30.6148
139.0265 30.2323
132.4703 30.3705
136.2467 30.4187
139.6770 30.6273
135.2545 32.9040
139.3793 30.6636
134.8259 30.2798
138.1227 31.1144
136.4046 30.3385
139.5320 30.7332
137.1583 30.4342
138.5785 33.2001
131.5220 30.4165
138.3942 31.0296
135.2740 28.3201
134.5244 26.3083
134.5163 27.3217
138.2913 31.2981
136.1109 32.3843
139.2195 30.3545
124.6908 30.7470
134.7771 30.2899
140.2159 34.8686
135.4412 33.0299
135.4073 33.2689
132.5240 26.8439
138.7735 31.2711
135.1864 30.6554
134.8079 28.7887
135.9479 32.7733
134.1161 30.6313
135.6950 28.8149
134.3226 29.1236
133.7306 31.4235
134.1849 29.6369
136.0400 26.3773
128.5970 28.3703
139.1582 29.3064
133.3977 29.3417
136.6280 33.0792
139.0529 29.5411
136.5350 29.1610
129.1007 28.3920
135.1671 30.5918
133.5084 28.0210
132.5791 30.8789
133.2309 30.1546
139.1866 30.4550
138.5679 30.4027
133.5413 29.8414
133.9570 30.6290
136.3180 30.2746
132.2595 30.3645
127.6370 28.1718
133.9146 31.2847
136.8482 30.1880
138.9296 31.0249
134.4933 32.1382
136.2466 30.6721
133.9167 28.5678
134.5255 29.4534
136.5096 29.1515
136.8180 30.0085
135.5966 25.8335
129.1757 27.7369
138.9242 30.0203
136.8490 30.0250
130.1411 26.0056
132.6313 28.9450
134.0322 26.1740
133.1308 27.3528
128.6068 29.9921
131.5909 29.5329
134.0873 31.9888
132.2311 29.0368
136.0677 32.9362
129.4158 29.7748
133.9794 30.7106
137.6069 31.4373
138.8086 31.2238
136.4176 30.1021
134.9824 25.6086
136.6102 29.7806
134.3044 30.8136
137.4533 31.4388
139.0478 30.1082
135.2037 32.8689
133.2530 28.2210
137.1921 31.6289
136.6493 30.1449
138.6826 29.9964
131.6705 30.6627
134.1898 26.4473
136.0236 26.5935
134.3271 26.9079
128.7419 26.2097
131.3781 30.6700
137.4214 31.5404
132.3660 27.0604
139.1373 29.8769
133.4067 28.6285
136.0951 30.6241
134.4065 27.2109
132.4159 30.0080
134.2875 25.8536
134.9270 29.5362
136.9794 31.5089
137.8219 31.4040
138.2459 32.9802
141.5338 34.9829
133.6182 30.5817
135.4899 33.1457
142.8502 36.8274
136.1233 33.2206
138.8405 29.6301
134.6984 31.3056
144.5140 35.8486
136.5060 30.3056
138.6842 30.5161
138.6031 34.5025
139.0992 32.6326
136.4824 33.1113
139.5388 30.0984
140.2940 32.3576
139.1524 31.0872
136.5464 30.2494
138.3020 30.8265
135.3417 28.3503
137.0570 30.2506
134.8341 27.6286
142.0484 35.1974
136.4400 30.2899
139.0979 29.5199
136.3366 30.3920
134.5044 32.5505
139.7874 32.1379
141.5353 34.7605
137.3473 33.6284
138.9809 30.2101
138.6089 31.1684
139.2060 30.7067
136.4959 31.7013
133.2592 31.4060
135.2263 33.3561
135.3450 32.9652
137.1798 33.4522
137.2361 30.5202
137.3548 29.3635
129.1853 25.0251
143.6315 36.7446
134.0615 31.3856
136.2198 33.1174
139.0339 30.6450
143.1175 34.7423
143.0361 36.0432
123.6564 32.5336
145.0296 36.7140
139.3019 30.2202
138.0322 30.6660
138.6738 29.7541
138.4237 30.7839
136.3640 33.1611
142.2921 35.6663
138.8286 30.3922
135.6940 32.8736
132.4493 31.0679
134.3982 32.5555
138.7635 31.1578
145.4128 36.2492
131.0081 29.9771
138.5598 30.0138
135.2830 33.1757
139.4603 29.9452
139.7475 30.2792
136.9608 30.8696
138.5155 29.8326
136.9632 30.9846
135.1562 33.6342
136.1306 30.1852
136.3936 33.2533
141.8255 35.4275
138.7856 29.6584
133.6718 30.0648
141.5277 35.1972
135.3745 33.2958
142.9512 35.0313
137.2984 31.1058
139.1070 30.2630
134.6160 30.9816
145.9131 35.5642
139.1799 30.2606
136.4462 33.2818
138.5845 30.5661
137.2248 30.4847
136.4715 29.8934
131.1165 29.8911
138.0101 29.9676
138.7918 30.3772
145.6642 36.6246
128.5940 29.0200
138.5112 33.9993
132.3220 31.7945
133.2674 28.5303
132.5110 29.6518
132.0954 30.7700
132.1980 31.6752
139.2948 34.8140
128.7284 30.0489
134.8220 29.2797
131.9257 31.1944
131.6440 30.9166
131.6734 30.9742
131.8420 31.0382
136.4756 29.9286
131.9008 31.6553
138.1638 31.1883
135.3264 29.8016
137.9636 33.3527
133.1597 31.0014
131.3286 30.5698
134.9756 31.6811
131.1820 30.4694
136.6827 32.6403
131.8243 31.1106
132.2848 30.8100
133.5971 30.1365
141.1228 35.7558
135.0740 31.0380
136.0364 33.6978
137.2021 29.9682
131.9909 31.4514
134.2806 28.4838
136.2849 33.5697
139.1004 31.0009
134.7644 28.2338
135.4044 29.6402
137.4691 34.5079
133.0389 31.1527
129.7827 25.9057
135.0116 28.3359
133.9435 30.5037
133.0258 29.8455
135.5420 29.8060
134.6467 28.2577
133.9501 31.2253
129.1694 26.5105
134.8726 29.0906
137.2882 31.2747
131.7017 30.7636
132.4938 31.9572
138.4393 30.2762
138.6080 33.6292
138.8005 33.5250
136.5725 32.9366
132.2866 30.8416
136.1700 29.8499
128.3620 27.9815
131.9769 31.2218
134.5946 27.9919
135.0510 28.8202
138.8283 31.0912
132.0159 31.3362
131.7065 30.6281
135.0253 28.8992
135.4293 33.2195
138.6728 33.6678
136.8077 33.1275
131.8755 31.2038
134.6123 27.7561
138.6506 33.9135
131.8094 30.8731
136.9568 31.2875
136.1409 30.4355
131.4782 30.7287
136.7550 33.2556
135.8492 33.2209
134.5224 30.6808
133.9211 30.6880
135.4187 29.1057
135.1743 28.7470
137.5809 32.4655
138.8441 31.0819
137.2750 31.4535
135.1470 28.1442
131.8344 31.3257
133.4480 31.5348
132.2707 26.4652
133.1810 28.0294
135.2583 29.4739
136.8050 32.7865
135.4945 29.3785
134.9914 29.3229
134.5819 28.2949
134.9723 29.8108
135.1634 28.3420
135.0571 28.0981
136.2889 30.9538
131.8190 30.8026
138.9593 29.8402
132.9910 30.8691
134.4731 27.2404
137.4874 33.3637
135.4967 29.5828
134.7272 28.0459
133.9675 28.8527
141.4524 34.6977
133.3628 31.1467
131.8297 31.0560
131.9542 31.2002
131.5007 30.9418
134.2539 26.5663
133.8342 27.7014
135.0297 28.3526
128.1926 26.2813
136.5725 31.3883
138.8141 30.5296
135.7910 30.4869
138.7316 31.0621
134.5354 28.1529
134.8299 30.3059
134.6376 31.3927
128.1075 28.6475
138.5655 31.1368
134.7935 30.4465
132.4640 31.1075
134.2266 28.2510
134.3085 30.7243
135.6389 31.8442
137.0248 29.1825
133.7042 28.0314
134.9038 29.5257
131.2922 31.1390
134.7522 30.2480
135.2552 28.5393
139.5564 32.4044
137.7902 30.0296
139.1622 30.8597
135.0651 30.4722
135.7115 32.6554
135.3054 28.7611
134.0343 29.4633
138.7653 30.2213
130.8707 30.6990
128.3611 29.0891
133.9382 30.6955
133.7427 28.3460
136.1333 29.9253
128.8135 26.5722
136.7903 30.2603
135.7865 26.8256
127.4748 28.4125
131.1738 26.1751
135.8936 30.8329
134.5357 28.2246
133.1343 27.5820
134.4025 28.3910
133.1379 27.3155
139.2687 30.6892
133.9031 28.6332
132.6217 26.9926
133.9512 29.2496
133.0603 32.1001
131.8505 26.6426
133.5876 30.6986
138.4801 31.3719
135.6548 25.8812
131.6739 27.2309
130.5981 28.2176
127.4523 25.5293
138.3553 30.2883
134.8248 25.6343
129.6699 26.7649
131.0871 26.5022
134.2484 31.2390
134.2736 29.3385
136.3805 31.2768
133.3587 28.0516
135.1397 29.4401
136.8936 30.3324
139.1199 29.7673
132.9243 31.1269
134.4331 30.0766
131.3304 31.2528
138.8387 31.1178
137.6147 30.6669
138.9663 29.6785
134.0231 26.2893
136.3227 33.1708
139.0415 30.9869
135.8140 32.8313
135.6070 33.0054
135.9377 32.7128
138.6897 31.1750
136.6180 30.3306
135.2565 30.3368
131.4206 30.4249
131.9263 31.0773
136.1506 28.9097
138.9729 29.3446
137.7245 31.3683
135.9027 32.9019
132.4700 29.5968
132.9516 27.3494
135.8744 28.6060
135.3844 28.2674
134.7178 28.2901
136.5135 33.4290
137.1477 29.4583
128.1109 27.6790
139.0987 29.4746
132.3733 30.6105
131.4412 26.3515
135.2889 30.0753
134.4003 27.0972
135.6430 32.7635
134.5182 29.7061
138.8434 30.3117
132.8668 32.3498
134.5432 32.4913
134.7040 30.5120
133.9487 26.1185
135.8969 30.5174
137.2827 33.5678
139.9773 34.4636
134.5924 28.7865
132.8116 29.3118
131.8854 30.9439
136.5735 32.9736
133.2770 28.7717
132.3468 27.0701
136.5895 33.1659
134.1343 32.4806
131.4978 30.6932
134.0369 31.0023
135.6086 32.7986
135.4064 32.8459
134.0777 30.7145
134.0748 29.3868
132.8689 29.6613
136.4111 30.0522
135.4108 29.3685
133.2378 28.2220
138.2641 31.3426
140.6903 34.3024
135.4746 30.7628
133.3761 30.0331
136.9333 31.4958
133.9649 30.4113
133.4617 30.7322
133.2605 27.4665
139.5264 30.1200
133.5142 29.9604
138.2926 30.5394
135.6018 33.1500
134.9566 29.1636
138.7180 31.0767
136.5169 31.2925
132.3156 31.5306
135.4745 30.0218
134.2557 26.3953
139.3430 30.2128
127.1791 27.1321
131.4050 30.6012
138.6143 31.2407
131.9500 31.3037
133.3620 29.7228
134.5263 27.3469
131.7550 30.4626
130.2607 26.7392
136.2976 31.0052
134.2980 28.1303
135.3669 29.7135
139.3817 30.6314
134.3890 31.0499
133.0856 30.6694
136.4254 30.2064
136.6889 29.8140
134.9962 28.7324
137.3332 31.3928
136.8995 29.2900
135.3172 30.1955
139.0075 29.9524
134.3243 25.8866
131.3965 30.8130
136.1782 33.6561
134.3661 29.3034
134.8336 30.6625
135.9042 32.6924
138.8977 29.9909
132.0454 30.3303
131.6364 30.9532
129.1404 26.5922
132.2665 31.7179
133.1994 29.6570
135.0889 28.8054
134.2424 25.9060
133.7640 30.7817
136.8507 30.2390
131.4848 30.6917
132.1139 31.7131
133.7997 32.4417
135.2831 29.4931
135.4866 28.9435
134.7840 25.3437
132.0248 30.4007
138.6968 30.5615
134.5946 27.5496
138.5830 31.4100
138.3519 30.1779
139.1570 30.3334
135.4995 31.3235
128.4224 26.3605
133.9112 30.8566
138.1005 31.4468
126.0753 29.4632
127.9217 28.6146
129.7091 25.0737
137.6424 31.6031
128.4177 25.8404
132.7047 27.0034
138.8306 30.8314
128.7014 29.3952
138.8727 30.9937
134.2594 28.0190
135.1970 30.0248
134.8873 29.6180
136.0918 30.8712
134.4478 30.0101
128.3566 28.9360
128.3102 28.8127
134.2713 28.6313
137.5623 29.9439
131.8890 31.1667
134.8960 31.5206
133.7608 31.4854
139.0352 30.8829
133.9897 31.0699
138.9503 30.9800
134.7650 30.4157
131.9243 27.0791
138.5657 29.8881
139.1275 30.6071
139.2956 30.9352
135.0308 30.6786
135.9780 30.1274
134.2755 31.8538
134.2918 30.5618
132.6040 30.4521
139.2006 30.4194
134.4016 27.3114
133.2525 28.7936
134.9286 33.4503
127.5263 28.4042
134.9913 28.0525
135.7695 25.8431
132.8482 30.2474
138.1145 31.5603
136.8866 33.0349
131.4741 26.9045
136.3239 32.8194
135.5924 32.7732
129.0378 25.7253
134.6298 28.4918
137.0680 29.9148
138.3468 30.5475
132.5944 29.7282
131.9792 26.8408
138.2440 31.4325
132.4725 26.9048
128.4120 30.3072
136.3129 29.8228
128.7237 26.4861
131.2679 31.0792
135.0385 27.8158
131.1136 26.1184
135.5915 30.8399
139.2541 30.4012
134.3667 28.8548
133.8778 30.3809
134.7742 29.4327
135.5585 28.6864
133.3559 30.3075
131.2974 30.4329
138.2512 31.3319
139.0198 30.8597
135.0784 28.7509
136.2885 30.6619
134.5412 27.4863
133.8995 31.3624
130.1853 27.5765
136.6479 31.4510
134.5586 31.2848
138.2688 31.3027
134.6072 27.3503
139.4139 30.5134
136.3023 32.7396
134.0990 27.6728
138.6121 29.5071
131.6325 28.9284
132.4797 30.2285
126.7832 26.9633
133.7517 30.2072
133.3453 31.8633
133.2694 30.5200
139.1198 31.0762
136.5798 29.2412
135.1812 32.8253
134.4179 26.3902
133.9731 25.6633
130.8000 26.1352
134.2617 28.6872
136.9145 30.1215
135.8233 32.6168
132.2630 29.8517
129.2591 26.0455
134.4760 28.2514
134.9748 29.4855
136.0434 30.1864
134.2672 25.1016
131.6590 25.9727
138.5553 31.5154
132.8199 29.9477
138.7020 30.5687
136.5361 31.4825
136.9453 33.0643
136.6245 33.1792
134.2534 27.1074
138.0415 31.6871
135.1167 29.8270
136.5629 32.9093
138.9229 30.4386
134.3068 29.0488
130.4839 26.7228
134.3835 28.3292
134.6005 30.2417
136.3347 32.7951
127.9313 27.7730
132.3560 30.6170
135.5710 28.6255
134.6108 30.9246
136.5385 30.4358
134.6162 31.4954
136.0732 26.4827
135.2228 32.5470
132.7022 29.9830
131.8910 25.9468
135.6210 31.9386
138.8715 31.0528
134.9629 29.8119
130.5454 28.6107
138.4942 31.2796
139.5327 30.5646
134.8926 30.4536
138.3392 30.7009
138.9966 29.9342
132.7730 30.4683
138.9444 31.1723
132.7410 31.2385
133.0199 29.5716
132.4713 31.1436
136.3733 28.9634
138.3217 30.3202
135.7435 32.7398
138.5055 31.0284
135.9281 32.6028
136.3598 32.8870
135.7769 28.8623
134.2270 26.7842
134.4394 26.2140
134.5338 30.6840
135.6271 32.8236
138.2626 30.6002
134.7253 27.8510
132.2176 27.0082
132.6466 31.5317
133.9911 31.2656
136.5954 29.9660
136.5103 30.0295
132.9806 29.1144
134.5271 28.2961
134.5930 31.0796
135.0196 33.2035
136.0694 30.2855
136.4530 29.8028
134.9586 31.9670
136.8770 29.3554
133.8703 30.2705
134.8833 28.1747
136.0388 32.8859
132.5704 29.6411
134.1873 30.4097
136.1273 29.9794
134.0136 30.7023
140.0613 33.2012
138.9551 30.2065
139.0946 30.4143
131.3668 30.6070
134.2906 26.3127
131.7520 30.6474
136.6024 29.8801
135.7717 28.7927
136.5458 31.5765
132.5846 29.9679
137.0773 31.6982
136.8616 31.8281
132.2948 29.9649
138.5733 30.1940
131.1095 26.1561
138.3646 31.3259
138.3923 30.3631
137.2676 29.5347
132.1951 30.6971
136.3963 29.9014
135.5895 32.6616
133.6191 29.9101
133.7073 29.8989
135.9280 32.6628
136.6367 31.6890
135.8280 28.8734
138.6429 30.1743
133.0835 29.6645
135.5662 28.8613
138.4159 31.3360
129.6202 25.0151
138.8980 31.1151
138.9114 30.7778
135.9841 28.9042
134.6567 30.9030
138.7886 31.1680
133.1983 29.6290
138.9277 31.1541
138.3080 30.4185
132.5265 26.6987
138.6474 30.1829
129.9077 25.0839
139.0451 30.2612
135.4426 28.6430
136.3615 32.8839
137.0595 30.2043
137.8778 33.2143
139.2666 30.3069
138.6690 31.2189
135.4767 29.4000
136.6476 31.4860
136.2506 32.7222
136.9272 29.4236
139.2365 30.2974
132.8710 31.2979
133.4654 31.4286
138.3677 30.4987
135.1528 32.7486
131.6419 30.4120
132.5239 26.4494
138.8681 30.7471
139.2236 30.3621
135.4550 28.5175
136.2674 31.2419
136.8268 31.6382
135.0047 29.2365
132.7011 29.5378
133.5744 30.3866
131.7148 30.7697
131.1858 30.2043
136.4132 32.7749
136.7450 31.6330
138.8482 30.0711
131.9265 30.9253
133.7636 30.0221
135.3753 28.5776
138.7346 31.1701
133.9006 31.1785
136.0093 30.4170
139.1093 31.0445
137.0117 29.9714
131.4865 30.4247
136.5719 30.1067
135.4794 28.7018
136.0633 29.0262
139.0429 31.0158
136.5409 31.4592
137.5227 29.8721
138.7346 31.2581
136.1659 32.8825
138.0099 31.5172
136.2325 32.7449
136.0270 30.3263
135.1069 28.9018
131.3528 30.4452
131.4830 30.6900
136.3528 29.9136
131.4673 30.7369
133.8306 30.0889
133.3783 31.8052
129.2502 25.4252
131.3748 30.4573
137.5229 31.5041
136.0700 30.3758
138.0063 31.5317
135.6500 28.7674
139.1994 30.4652
134.8911 29.4580
137.5313 31.6843
133.1777 31.3548
136.0176 30.4270
125.0426 29.1180
134.9454 25.6422
135.0529 27.9992
135.4003 29.6519
134.0515 31.5177
135.0169 28.8631
138.9109 30.1476
132.4093 28.7364
134.4423 28.9431
140.5041 33.8350
136.1405 32.7933
134.1615 28.3360
135.6225 27.2930
139.3228 30.4120
134.3592 31.4678
134.7385 29.8343
134.5033 29.2089
134.3177 25.8352
134.2473 31.1188
134.6078 26.6115
126.9798 27.3262
134.2549 31.6111
133.5613 28.5152
132.8140 27.0288
126.5803 28.6095
136.5051 23.4903
133.5014 30.0073
136.2100 32.9933
136.6243 29.2638
134.1068 26.6205
136.7870 31.4378
129.8231 26.5610
136.0366 33.0730
133.0955 28.4090
134.4115 28.2058
134.5507 25.4415
134.7218 33.3527
134.6699 28.4042
130.1740 25.3097
135.5752 31.6335
130.1203 26.9361
126.5248 25.7319
128.2554 30.4614
138.6600 32.3550
134.3480 26.0385
134.2765 30.5084
132.9465 26.2013
134.1074 26.6084
134.4804 31.2525
128.4694 25.5225
131.4691 29.5763
136.4461 26.5221
130.0516 26.7678
134.8724 27.7879
138.4590 30.4571
138.4478 30.9957
132.9991 27.3568
137.8622 30.2000
137.3987 31.5168
131.5023 27.5975
132.4267 31.9719
133.6511 28.0115
131.3652 30.4732
133.3913 30.2799
133.5201 29.0906
127.2141 28.0001
136.7500 27.4855
132.2640 26.6490
131.2346 27.3695
128.4730 26.1462
128.0771 23.5811
137.1531 30.1822
141.7558 34.5175
137.0416 30.4669
136.3015 30.5117
137.9170 30.1416
137.3777 31.2387
140.0783 34.9619
135.5136 33.3146
138.5050 30.0702
135.6460 33.3274
136.3609 31.0416
139.2014 30.5642
139.0940 30.6770
136.5723 33.1096
138.0406 30.5348
136.4427 33.2500
135.8583 33.4320
136.8434 33.6357
139.3739 30.1462
136.3577 33.6712
135.9769 29.1667
138.4999 30.0722
138.1761 30.2860
136.4693 33.2845
138.2324 30.2909
136.5090 33.8814
137.9169 34.4480
136.6240 33.3109
136.4263 33.7914
136.5054 30.6923
135.6967 33.3608
137.0896 33.4642
138.1408 30.7305
136.8304 30.4935
138.9010 29.6588
141.5860 34.4048
136.5085 33.8199
138.0420 30.1624
139.2824 33.8831
136.4955 33.7534
136.2912 33.7159
135.5713 33.2560
135.9476 30.1363
135.5154 33.3417
138.7147 31.1628
136.0460 33.7655
137.9890 30.3381
136.3070 33.6084
142.0596 36.1115
137.0037 29.8305
138.5826 30.4609
139.0636 34.2362
136.0783 29.2786
136.4414 33.7436
140.1590 34.7673
136.2546 33.6192
136.5730 33.2522
141.7005 36.0572
138.2639 30.7088
136.5451 33.7758
138.3803 30.6201
135.3954 33.2591
139.3591 29.9425
138.5189 29.9940
135.5414 33.2953
135.8860 29.1774
138.0314 30.6087
135.8957 30.3164
136.3929 33.7259
136.6613 31.2201
141.5211 34.4806
137.1126 30.4541
141.2142 33.1835
138.0747 30.6709
138.0804 30.4633
136.4680 33.7725
135.6710 30.7336
141.1081 34.4257
135.9864 32.8591
139.9655 34.5865
135.5697 32.9852
135.5158 33.3467
136.8891 34.2467
136.2839 33.7087
135.9641 32.8573
136.8607 29.2384
136.4836 30.5692
139.4080 30.4365
139.0130 34.3889
136.9517 30.9258
135.4845 33.2512
141.5013 34.5651
136.1185 33.5871
137.1716 30.5938
137.3612 29.4584
138.0617 30.7434
137.1040 29.8150
136.1790 32.8793
137.3975 30.2113
137.0698 33.7642
141.3933 34.5643
135.3426 29.6021
136.9029 34.3292
138.9305 34.4089
139.1416 29.7265
140.0076 34.8905
136.4161 30.5694
141.5104 34.2046
138.6668 31.1606
136.6165 33.1311
137.0086 33.6776
136.6988 34.1350
136.7466 33.6532
136.9618 34.2596
135.4637 33.2893
137.0432 33.5568
137.0745 30.0719
138.2226 30.7112
136.0919 30.7857
137.5933 31.3745
136.2058 29.7276
138.5745 29.8967
135.4255 33.3003
141.5637 34.4516
136.6746 33.8778
139.1010 29.7118
136.5370 33.7519
136.7394 33.7809
137.3397 30.4696
136.5969 33.9287
136.0735 32.8628
135.4435 33.3063
139.1089 30.7390
138.3857 30.1963
136.2238 30.9268
136.3292 33.6372
138.8636 33.8513
137.1952 34.5100
135.8632 29.3181
137.0477 33.4077
136.3289 31.0141
136.6596 34.1509
135.4984 33.2036
138.0983 30.5373
141.5868 35.1404
136.2050 33.6776
141.7254 34.2502
138.8966 29.6320
136.1057 29.7185
139.0134 33.8251
138.6261 29.9006
136.5235 31.1645
138.9113 33.8512
137.5932 30.2978
137.2159 29.9436
137.0874 33.1987
136.6628 31.0100
136.6517 30.0748
138.5811 29.9706
135.5082 32.9564
136.7588 29.7231
136.2978 32.8996
136.4844 33.7791
136.6957 31.2650
135.8067 31.0514
136.4877 30.6659
135.9790 29.9245
139.0680 30.7274
138.6294 31.1810
136.5294 31.1643
138.3625 30.6602
141.5703 33.9822
136.5014 33.0211
136.6759 30.3938
136.4641 33.0897
137.8773 29.9602
136.4576 33.7232
135.6691 32.9074
138.5357 34.2940
138.0341 30.5704
136.5699 33.3294
137.0951 33.0991
142.1898 35.4799
138.0274 30.7480
136.3965 31.0264
136.1429 33.6199
138.5842 30.0135
137.5124 31.2074
142.0816 34.8667
136.5267 33.2128
136.3525 30.5766
138.3378 30.2613
136.4023 33.8542
137.4313 30.3903
138.1520 31.3230
138.5632 30.5989
138.2778 30.3279
137.1939 34.4915
139.0599 30.9503
136.9430 33.6341
136.6256 33.1368
136.2270 29.6921
136.4732 30.6336
136.1790 33.6332
137.2309 29.9324
136.6318 29.6786
138.3908 30.2801
136.3255 29.2144
136.8143 33.8913
135.3933 33.2945
139.1916 30.5758
137.2114 31.4257
136.6423 30.0712
137.0210 31.1533
141.7085 34.2449
136.6764 29.5665
136.9652 31.1099
138.8065 29.7645
137.1383 33.3384
139.3980 30.4252
135.4215 33.2438
139.3717 30.0593
136.3864 33.6247
136.4022 33.7407
135.3980 33.2862
138.5972 30.5643
135.4514 33.1553
136.1577 32.8747
135.5670 33.3364
136.3692 33.6964
136.0954 29.7430
138.2530 31.3206
141.8753 34.8288
136.9843 30.4738
136.7422 30.0528
137.9350 30.1503
137.5695 31.2561
136.0495 33.7683
136.7636 30.7601
136.7874 30.8956
137.0977 33.1390
141.1584 33.6131
135.9296 30.3978
136.5678 29.1533
136.5393 29.2022
136.9451 33.7226
136.3053 33.7461
136.5502 33.3322
136.9423 32.9869
137.0976 30.4756
137.4604 30.4447
135.3953 33.2317
135.4889 33.2498
135.7137 32.8886
138.0604 30.6580
135.7145 29.4754
135.8981 29.1421
137.1060 30.4785
138.6915 29.8329
137.6888 34.4843
141.5294 33.8428
137.0516 30.4529
139.0990 29.7035
136.5189 33.3244
139.1977 33.8531
138.3949 30.2932
136.8014 30.4720
138.1306 30.6498
138.4958 30.1083
137.6442 29.6703
138.4496 30.2706
135.4611 33.2029
136.1493 30.8306
135.6850 29.2950
136.8388 33.6581
135.4379 33.2472
145.2301 35.7143
144.2648 36.0563
136.4046 33.8094
136.1071 33.6119
137.9803 30.0480
136.2125 32.8765
136.0669 30.1200
136.7626 30.4907
136.9521 33.6874
136.5635 33.3265
141.5860 34.0371
135.4889 33.2551
136.5846 30.7824
138.8754 29.6514
138.3860 30.2617
136.5378 31.1500
139.0370 29.6819
139.2593 30.3744
137.0935 29.2959
136.6366 33.8062
136.9506 34.3801
141.5074 35.1523
136.5975 33.8404
137.2046 29.4271
136.8329 33.0468
138.5201 31.2321
138.9435 34.1146
139.1359 29.6905
135.9576 30.3666
136.8800 29.6227
136.9786 33.1928
138.5810 29.9143
135.7588 32.8960
138.4807 30.0948
138.2935 31.3193
137.3865 30.0107
138.8903 29.6598
136.6335 33.4138
139.1217 29.7085
135.9903 29.8871
136.5189 33.3351
137.0454 33.2311
141.8035 34.6029
136.6628 30.4853
136.7845 33.9154
136.8861 29.2637
136.9121 33.2737
136.3683 30.5483
136.7598 33.6341
136.9784 29.2881
136.5019 33.7684
136.2876 33.6572
137.6477 29.7554
135.3861 33.2664
137.8271 29.8526
135.7919 33.4152
138.5947 30.0257
136.0942 33.6259
138.6837 30.0414
