133.7281 29.4618
135.1119 28.1176
134.5651 27.0843
139.6102 33.5542
137.4465 34.3442
132.5824 31.9963
132.1879 31.3567
135.0647 28.4590
137.2153 30.2924
127.5954 27.8891
137.5313 28.3884
137.2090 32.8315
136.7369 29.8973
132.8279 28.1210
137.3826 28.7420
134.4294 28.8929
136.1652 29.7316
133.8972 31.9178
133.1598 32.3632
137.9758 28.8043
132.5632 31.9627
135.2907 29.7446
135.8103 30.2981
138.1389 30.3046
138.0332 29.6321
136.6123 28.2520
133.6808 31.5809
136.9154 33.2884
136.6238 33.2251
135.7276 28.4968
137.9201 29.2980
139.0711 29.2508
136.8537 28.4908
138.8052 29.0867
137.9087 30.1406
132.6990 27.7873
137.4169 30.0091
138.0376 28.9753
134.3591 28.9481
137.7825 29.8920
137.3224 30.0881
135.6510 30.4160
136.0801 29.0599
134.2460 29.0165
137.9442 28.9883
135.1205 28.2825
136.6008 33.4352
137.3490 30.0096
137.2143 28.8348
136.2257 28.0670
136.5487 32.5855
132.1809 31.5645
133.6078 32.3782
137.6770 28.4518
131.1616 27.2679
137.7551 28.7517
133.1343 28.2873
136.7334 33.3485
136.8938 30.5710
133.4150 26.7184
136.0907 32.5177
132.3712 31.6047
131.8722 30.4581
135.1299 29.6724
132.5160 27.4884
137.8754 29.7871
137.2001 28.3758
137.9055 30.3687
133.8567 32.0244
136.8032 32.9305
136.9008 28.5720
133.4448 31.2434
135.2650 27.5256
137.1287 28.3515
134.1051 28.8842
135.6814 27.6305
138.4568 29.3428
135.7950 29.4932
134.0428 27.6200
138.3931 29.7978
133.7291 32.2149
132.6098 28.0988
135.4515 27.2238
135.4941 30.1662
135.0688 27.7644
139.1816 29.3408
135.7146 27.9142
135.8450 27.9014
132.2216 31.4753
136.4916 29.1611
132.1103 31.4419
127.8634 27.9705
136.7254 28.1501
138.1573 30.1586
129.1306 29.5402
137.7228 28.6850
135.3379 28.0211
138.8221 29.3053
135.7687 29.7842
137.0238 28.2365
134.3751 26.6076
135.1602 28.3504
137.3881 29.8303
132.4243 31.4258
138.9453 29.6160
134.7382 27.3032
135.5032 32.6832
133.0868 28.1931
134.5848 26.8776
137.3779 30.2491
134.2431 30.4456
133.7868 32.3566
135.3877 28.3832
136.9363 30.1156
141.2553 35.2768
135.1229 29.2374
138.3782 34.2856
136.6727 33.3293
136.3756 28.2461
135.9651 27.9356
133.5466 32.4042
133.7187 31.6983
137.0806 30.4132
136.5034 32.4477
137.8194 29.7741
136.0940 28.1319
133.9115 29.1627
138.8695 29.1703
132.3687 30.5449
133.6326 32.4055
133.4996 31.4752
136.6176 29.2501
128.7260 27.4731
136.7934 33.2762
136.1140 28.9800
135.8539 28.2898
135.2991 30.3313
137.7076 30.4311
135.8569 29.5100
136.8518 30.3247
134.7965 28.6519
136.4167 27.8381
134.9375 28.3734
133.2382 31.5587
136.3064 31.4941
136.9113 28.4107
135.4213 29.5871
133.8411 31.9708
138.6506 28.9219
138.6190 28.4587
133.6068 26.2713
134.8775 27.6650
136.5438 32.4685
137.2182 28.5361
132.2778 31.4371
132.3690 31.4461
133.4471 32.4271
136.8973 29.1280
133.6790 32.2957
137.4094 30.7024
133.7808 32.2778
132.7490 30.6216
132.1400 31.5087
132.3270 28.0110
132.8700 32.2544
137.5214 28.5785
134.3989 27.1315
133.8015 32.2458
138.2376 29.8390
137.8112 30.6022
141.1573 33.4839
134.9218 29.7693
133.6040 31.5264
133.8648 32.0272
138.9311 29.2209
138.3074 29.9360
132.6673 27.9593
136.9453 32.8584
133.9282 31.7829
138.0459 30.0893
134.8846 31.3777
133.7823 31.7478
130.6216 28.5441
136.8554 33.3362
135.8279 29.6238
135.4812 29.6349
134.9342 28.4522
136.4837 28.3153
138.4955 28.2408
136.9994 33.3654
133.9728 32.3601
134.6167 28.6986
137.0871 30.1500
133.8811 32.1862
131.2953 29.9653
137.6787 30.1847
135.2916 28.1596
138.5784 29.3482
136.9520 32.2035
138.5137 28.5959
138.2580 28.6085
135.4525 29.7278
136.3038 33.0439
131.7803 30.3665
132.2908 31.4718
138.4367 30.0308
136.6423 30.5367
132.2662 31.3641
138.3118 28.7276
138.8346 29.1729
134.8070 28.5135
134.5075 29.5119
138.3897 29.9565
135.9024 31.0131
135.9462 28.1314
131.0114 26.9492
137.2312 30.3032
137.5455 30.3251
133.7326 31.8334
136.8536 33.0758
138.0050 28.5835
137.4374 28.4040
132.9086 31.1658
136.8218 32.7226
137.9372 29.7097
135.2077 28.1738
137.0103 28.1118
129.9345 26.2710
137.3960 30.0262
135.0155 29.5871
138.4230 28.9481
134.6416 29.5581
136.9278 33.1355
135.2383 28.2006
130.6499 26.5349
137.0676 30.5117
136.9277 28.8440
136.0664 28.2661
134.4552 29.0050
138.1720 28.5761
137.5615 30.0682
133.4377 32.4395
132.5255 32.0632
136.8052 30.2012
127.4352 28.1361
139.9832 34.7236
138.1317 29.1238
135.9485 32.4764
134.6729 27.0750
132.2511 31.4445
130.8926 26.7227
134.0140 32.4677
132.6736 31.3874
135.4403 28.4498
135.9881 28.5218
132.9633 32.0408
135.8529 28.3634
134.6062 27.2228
137.3834 28.4691
138.9868 29.2498
132.9277 31.2438
132.7261 32.1586
135.9575 29.1788
136.8366 30.4751
138.7998 29.7741
137.2718 30.2429
136.8331 32.9885
136.9012 32.7612
138.7398 29.6614
135.4914 29.3205
136.0732 27.9655
136.0773 29.6209
133.9236 32.0196
136.0244 27.9174
133.7427 32.1718
134.3290 28.9868
138.2397 30.0480
138.4532 28.4561
136.8745 28.4623
135.2668 27.6692
132.3344 31.7112
138.6612 29.0267
133.3095 28.3441
136.9695 28.8454
134.8961 26.9486
135.2194 28.4669
134.9461 27.3997
131.1306 27.1988
136.0000 31.2276
137.3896 28.6319
138.4528 28.9072
140.9824 32.9931
138.5893 29.1796
138.7502 28.6073
135.7283 28.1102
138.9530 29.2596
133.0578 28.0448
137.3063 30.4873
131.0412 26.9224
133.9805 29.8336
132.4094 31.3153
133.8316 32.4096
137.7828 28.4880
132.6484 30.6269
136.8737 32.9325
137.9212 30.2580
132.2413 31.7560
136.3002 28.5456
133.5947 28.5874
138.5235 28.9197
137.5452 30.5650
130.8099 27.2075
138.2085 29.8256
136.7995 33.1653
132.2451 31.6330
137.4362 30.2558
134.8683 26.9402
131.1203 26.8111
133.9741 29.9264
134.5821 28.3102
128.8751 27.2565
138.5696 30.0449
133.5874 31.6878
136.8525 33.3996
138.4018 29.2313
138.5370 29.7418
137.8862 29.8817
133.4545 31.3498
138.2314 30.0424
135.4886 28.1427
138.6696 29.0116
137.7874 30.3327
138.0335 30.2451
136.0971 28.0285
132.7295 30.6787
134.3848 30.8103
137.4416 28.5759
135.1197 29.6609
135.1499 28.2654
136.5977 32.4758
134.0886 28.8104
132.5763 31.2726
137.7982 30.5332
135.5498 29.6026
135.1911 27.4584
128.3619 27.1008
134.2611 27.0346
136.7371 33.3314
135.4176 27.3739
133.8608 29.4579
137.2070 33.4233
137.1376 30.4211
137.7537 29.9473
136.6101 28.1197
136.7681 32.8102
137.0376 30.3336
138.8961 29.4801
138.5893 29.9483
135.6997 29.6077
136.5711 30.6614
137.9108 29.7336
137.2872 28.6531
134.0055 32.6016
136.6676 33.0395
127.1906 27.5441
131.2678 29.8181
133.6994 32.1197
138.2643 28.6161
133.7323 31.5682
137.3937 30.3882
133.9442 32.3823
132.8740 32.2953
136.7375 32.9202
137.1263 30.3096
138.1711 28.8179
137.2869 30.2011
137.3834 29.9636
137.1335 28.2610
135.2760 31.8576
129.3594 27.4272
138.5073 32.7633
136.3636 33.2917
133.7442 32.4689
137.3326 29.9474
139.0257 28.9770
136.7022 32.5217
134.3871 28.6264
136.0162 28.5474
133.8209 28.6160
133.9842 29.0163
136.7233 28.1131
133.5094 29.0222
135.0316 27.4977
137.6748 30.3441
136.4508 33.2693
133.8183 29.0281
138.2905 29.7605
133.9025 26.3554
135.5125 27.5193
133.7751 31.7908
133.6780 29.1271
131.6479 27.5547
137.8322 29.9792
138.1118 29.4981
138.5947 28.9492
134.8386 28.5687
134.4366 28.4641
137.1628 30.3748
132.2367 31.6490
136.7397 33.1134
138.7068 29.8343
133.9060 31.8709
137.4892 30.5519
135.8221 27.7281
135.6682 30.7206
136.9321 32.2871
132.6214 31.5128
135.0933 28.1158
135.5762 32.6212
136.3818 27.9120
138.4041 29.1558
132.5645 30.6157
138.2726 28.4681
139.0454 29.2505
131.2406 29.9464
132.7292 31.5294
136.5804 32.9358
132.2267 31.2797
136.8121 32.9037
134.9482 32.6693
137.7922 30.0778
134.4352 29.4700
132.2146 31.8279
132.5989 27.7855
138.8768 28.7765
134.6756 28.7069
138.0278 28.4747
137.3426 28.5815
140.4463 32.7782
138.9273 29.2913
138.5964 29.8756
133.9702 32.4953
133.3841 32.0087
133.7903 32.3592
137.3563 28.4131
137.5870 29.9897
137.7331 29.6250
132.7524 27.6205
135.5756 30.1797
131.6591 28.0612
137.9983 28.7940
135.2006 30.0889
135.6677 27.7734
132.4080 31.6364
138.3278 29.3434
134.1214 29.5595
135.0026 27.7035
136.7874 30.5159
136.9006 28.0407
130.5098 27.6192
136.6489 33.2454
128.3011 29.2770
136.7133 28.6880
134.2905 28.8358
141.7316 34.0891
133.4868 26.3085
138.6727 29.3929
137.0249 28.3033
135.4875 27.4936
133.8052 29.1281
135.1767 27.5493
140.5763 33.2409
131.8880 30.2245
136.2880 28.0747
134.2803 27.1774
132.9346 30.6408
135.4698 28.5165
132.6433 27.7645
138.4303 29.2852
135.1964 32.9696
139.9850 33.3574
136.6161 33.0283
140.0212 32.9489
133.9724 28.7810
138.7039 29.7635
127.3989 28.0023
132.1589 31.3869
137.9518 30.4234
138.6477 29.4961
135.1967 28.1835
137.3120 30.0344
135.9744 28.2128
137.5925 30.1788
138.9874 29.4778
138.9059 29.5974
137.8350 28.5546
135.8951 27.5148
134.0120 32.5941
134.8542 28.5954
138.3018 29.6360
134.1385 28.5231
135.3585 28.1708
137.0559 28.3994
135.4780 28.1889
137.2553 30.3536
131.5862 26.6494
138.4663 29.9507
128.0599 29.5456
136.6335 28.1615
136.8053 28.9141
132.1963 31.4748
132.1814 31.4940
138.2630 28.4554
135.4923 29.2904
137.6685 29.8256
138.7872 29.0676
137.7492 30.4025
127.9813 28.9940
138.4224 29.6508
137.8736 30.3763
137.0487 30.6320
136.7906 30.2523
135.4503 29.4759
137.5691 30.5393
138.1727 28.7924
138.9261 29.1569
132.2475 31.5618
136.2751 27.8582
133.2606 32.3456
133.7647 32.1553
131.6645 27.4346
138.5208 29.7825
132.3847 31.9138
135.3620 28.0107
138.9640 29.0357
138.6842 28.5117
139.1956 29.3073
138.7483 32.5575
135.3159 28.0649
135.8529 28.2464
135.3920 28.1200
138.0126 28.4821
134.3258 28.6522
138.3892 30.1252
138.9354 29.4052
138.2914 30.2450
133.7491 31.9237
134.1085 33.0357
135.8136 28.0720
135.7667 28.0750
135.6004 29.3199
138.9101 29.7412
136.2771 29.0391
138.7809 29.9276
133.7044 32.2519
138.8426 29.6031
133.8602 31.9659
131.2957 27.4659
134.7483 27.1718
133.7217 32.0337
133.8276 31.8518
135.0318 30.0109
135.5163 29.6538
137.8298 29.9279
132.8803 32.2417
131.1277 30.2756
138.5701 29.4561
133.8289 31.7900
133.6414 32.3324
132.2179 31.3886
137.9082 30.3502
137.4460 30.2762
135.8197 29.7721
132.5202 31.9927
127.8905 27.5756
139.0550 29.2614
132.3282 31.8326
134.9165 26.8232
138.9644 28.8031
137.7646 30.0407
138.4345 29.8229
133.9636 32.0399
133.2281 28.6155
139.0148 28.9918
137.5758 28.8002
138.2036 30.1273
137.3667 29.9178
133.7301 29.1208
133.8927 32.0184
131.0447 27.0680
136.4574 31.6585
138.1237 30.5598
137.0361 33.3375
137.2020 30.6881
138.9420 28.8635
136.5714 32.4630
138.6352 30.0494
138.7605 29.1006
135.8133 30.0533
135.8231 32.5264
136.8205 29.8205
131.7479 29.9400
136.1051 32.4841
138.4005 28.5125
135.8440 32.6157
139.8665 33.2038
137.6965 30.6382
136.9710 29.8927
137.1185 33.3070
136.6799 33.3966
139.3434 29.4797
138.7556 29.1366
136.7959 29.1652
135.4017 30.6705
137.5134 29.8436
136.8483 32.6565
131.3829 29.5810
136.6089 32.6172
136.9679 33.0675
136.8906 33.2354
129.1369 29.7066
137.3865 29.6214
128.4427 28.2408
138.9032 30.0299
135.6222 32.6600
138.5806 28.8915
136.3370 29.3344
136.5618 29.9884
136.5623 30.2437
136.3109 33.1113
136.9793 30.7617
138.7228 29.3804
138.3056 30.2155
135.6375 30.6796
136.8389 32.6715
137.2715 29.7780
137.7827 30.3188
129.1007 29.3530
138.5470 29.5130
141.4990 34.1247
136.3832 30.4764
128.6663 29.0196
137.2775 29.6898
135.8320 29.9348
136.3642 31.5123
137.4689 29.4424
131.9919 30.3486
138.0822 29.0380
136.6535 29.2665
138.0860 30.0581
136.7683 33.4294
128.5846 28.9232
136.6933 30.6019
135.8472 29.6026
137.9407 30.6548
136.3344 28.0189
139.6188 33.0227
136.7561 32.8731
131.8462 30.3346
136.9901 28.5662
137.1952 33.0446
138.1226 30.0401
127.7939 29.0777
137.0241 28.5289
135.4257 33.0705
137.8344 29.1024
141.5951 35.0957
137.5052 29.4086
141.2775 33.1539
138.1675 30.0228
141.8327 34.2456
137.4236 29.6421
138.6270 29.0598
137.7013 29.5679
139.8543 33.4201
139.3217 29.2337
138.5633 29.1684
136.1513 29.3964
139.0022 28.8146
135.8446 31.0989
137.0118 32.9918
138.2260 29.2578
138.2940 28.5070
135.7411 29.9420
136.2222 33.0119
139.8275 34.7903
136.3439 28.1607
137.1750 30.6704
138.7925 29.3917
135.1751 32.8886
135.6924 30.4906
140.2248 32.8747
138.3108 29.8363
137.9982 30.6059
138.6783 28.6808
135.9689 32.5232
136.4837 29.3123
135.8615 30.7574
136.5037 32.4920
137.0063 29.1852
135.9502 29.6859
137.6001 34.3882
135.7965 29.9156
133.1247 30.8790
137.0351 33.2769
136.7970 32.7273
136.6645 32.5215
135.9662 29.5623
139.7152 33.4927
139.7700 33.5191
136.9903 29.2335
139.0683 29.7971
137.0402 33.6233
136.9044 32.7115
136.9152 32.8194
136.1711 29.7252
135.4826 32.6996
135.8481 30.9359
132.0940 30.4666
136.9344 33.1915
137.2011 30.3325
136.9368 33.4061
140.2062 34.5373
137.4725 29.7991
137.0810 33.4922
141.5940 34.7620
136.2865 29.3484
128.8333 29.1636
135.1833 33.1069
136.0502 32.5041
141.5163 34.1153
138.5707 30.1780
136.2084 29.4083
137.8383 29.7585
135.2645 32.8637
136.9704 33.4458
136.8148 29.2276
136.9165 32.8665
136.6067 32.4670
137.8794 30.5867
137.4884 30.3358
135.3434 32.9560
139.2271 29.2990
136.3513 32.4834
136.6723 31.8527
136.9294 29.1740
139.2634 34.7335
139.0442 29.6507
136.4263 29.2659
131.8034 30.2229
136.8546 32.7571
135.3805 32.7594
138.9405 29.3491
136.8519 32.7330
136.7944 32.6789
134.4935 28.8365
136.9628 29.7692
132.8336 30.6997
135.9459 29.5000
140.0560 34.6440
137.6699 30.6697
136.1555 29.7583
137.9486 29.8987
137.0492 33.1624
135.4286 32.8964
137.1999 29.7915
138.8698 29.5447
136.5459 33.3202
136.7666 32.5280
137.0340 33.1124
135.9495 31.0778
136.6007 32.4841
138.2914 29.1438
136.5145 32.4792
138.5595 29.2408
138.8005 30.1877
137.0027 33.5818
137.8856 29.7601
128.4064 28.1566
127.7462 27.8818
137.8058 29.7637
137.5945 29.8234
128.8188 28.1891
136.9786 33.4005
136.7237 29.2836
136.9453 33.0009
139.1857 29.6379
136.9579 33.5351
137.2624 33.6193
139.0656 29.8615
141.4466 34.0981
131.6833 29.7264
138.7137 30.0118
140.5956 34.2091
138.0572 30.3635
136.6947 32.5474
138.1362 30.4453
136.6580 33.4365
127.9276 28.9943
138.7920 29.4159
131.8866 30.4196
138.3962 29.1198
136.9004 32.7430
137.0071 33.3732
138.1998 30.2908
136.9978 33.0256
137.0133 33.4560
137.0745 33.0651
136.7265 32.5841
137.0102 29.1734
137.7108 29.3265
138.7711 29.6510
134.7916 28.9515
135.4357 33.0475
136.3670 32.6881
135.2767 32.9089
132.7866 30.6586
136.7039 32.6035
136.1033 28.7721
138.1957 30.3646
141.8447 34.6071
135.9778 28.2215
138.3859 34.6957
136.3734 33.1394
134.5106 26.7378
131.9135 28.1996
136.8937 28.7407
129.6074 30.0039
137.5352 28.6392
135.6766 28.3612
128.0464 29.4135
128.8983 28.1092
129.2063 28.4946
135.8390 32.9560
135.0945 27.1441
137.7077 29.9665
135.2651 29.2724
136.9012 33.1707
132.9487 32.3181
135.0970 28.9407
139.7760 32.7118
136.8013 30.1441
138.3455 29.0717
135.5764 33.2208
134.1251 30.7096
135.8167 29.5319
136.5251 29.5503
136.6848 30.1268
136.6370 33.4736
139.1896 29.7545
138.6755 29.2777
136.9861 30.6199
132.0692 31.1530
138.4038 34.3537
135.9559 27.9640
133.2699 32.7907
138.9963 29.2673
126.1364 31.6681
129.3580 27.3847
135.2888 27.5280
127.9220 28.0995
138.7724 29.2551
137.6693 29.7496
139.9511 33.3505
138.9692 29.2567
136.5588 28.0814
136.5369 32.5856
139.0063 28.5891
137.6350 34.3864
139.2585 32.6725
135.7229 27.8964
136.8368 33.1035
134.7176 32.5258
136.1575 29.3957
134.4546 29.0230
137.9575 29.1140
135.1067 32.9055
132.8010 30.7029
137.9358 29.7053
135.4020 33.0103
138.1193 28.2758
136.7150 30.3417
135.7356 28.7687
135.6527 33.3265
136.4760 28.5073
136.5251 33.0009
136.9074 33.4240
135.1887 31.8334
140.4892 33.3150
136.4775 28.1851
138.8614 29.7756
135.1374 28.6043
135.5056 28.7961
135.9342 29.9351
135.4294 28.3174
139.0370 29.1160
135.2083 27.5240
138.6649 29.9205
128.7092 28.0652
138.9227 29.6588
136.4583 30.4930
137.7257 30.2795
138.9440 29.4775
136.6927 28.5300
136.1104 29.4811
138.7566 28.7349
128.7864 28.5937
135.1957 28.7229
134.4899 27.3516
136.8159 33.0468
138.9179 29.2854
131.5046 29.7798
138.8245 29.6299
138.3856 30.1309
139.7482 33.4806
135.8335 27.6527
139.0736 29.6395
135.0905 29.9253
137.0439 30.3398
128.2924 28.1645
135.3326 32.8904
139.0542 32.5896
135.7811 30.7542
138.2663 29.5670
133.9803 29.9516
132.2580 27.3274
136.5934 30.4420
135.3122 32.8846
138.5157 29.9095
134.7211 26.8736
137.0547 28.6298
135.8640 30.0357
137.2926 33.6179
132.4795 31.2586
135.3929 28.1490
137.9815 30.0856
135.0708 29.2901
136.9756 33.5478
132.1327 30.0755
131.4184 29.7755
135.2135 27.9555
136.3897 32.4345
132.3843 31.4749
136.9921 34.1211
137.8118 28.7290
139.0685 29.2196
138.0117 28.7551
138.9762 29.5528
127.7805 28.0415
136.4334 28.0630
137.0298 29.9186
132.7988 27.8083
138.1112 29.7176
132.5940 27.6088
138.6910 29.5374
135.9101 29.3349
138.6113 32.6594
136.2900 29.7209
137.2522 30.1449
137.4353 30.4602
138.2185 30.0978
132.3115 31.9570
135.9626 32.4721
136.7191 30.5413
136.9812 33.5158
140.0339 33.1073
136.7919 32.6776
134.9405 27.0076
136.9871 28.1424
138.0344 29.4270
133.7846 28.9365
136.0030 27.9666
135.7731 29.8216
138.4317 28.8986
133.8437 31.9769
138.5871 28.9347
127.6768 28.0843
134.6055 31.3230
135.4087 27.5014
135.0527 28.1658
133.8634 32.2624
137.6967 29.7330
136.4819 28.0021
135.6428 33.2001
139.0297 29.0702
138.9385 29.9385
136.8166 33.5397
138.2131 28.7859
128.0624 28.8710
136.4919 33.2870
137.4191 30.4456
135.7827 28.7431
137.2064 30.5005
137.2087 30.4654
138.5345 29.6791
133.0406 28.3555
132.9901 27.9234
137.9561 29.5349
137.7992 30.5235
133.8804 32.0097
132.5989 30.5760
138.0337 29.7682
137.8986 30.0713
138.9157 29.3189
137.5133 33.7928
136.8764 33.0570
137.5321 30.1093
132.2295 27.4586
135.6284 30.4513
128.0053 29.1013
137.1810 30.8512
131.0870 29.7410
133.4007 32.4332
139.0004 29.3578
136.1063 29.3649
132.7770 27.8095
135.0742 27.3609
136.6900 32.6110
136.9317 28.2071
137.1925 30.5629
133.6933 29.2959
138.5411 29.8911
136.9443 33.5120
136.1042 32.4533
135.3535 29.6900
134.5576 27.3839
138.3602 28.8917
135.0683 28.2196
132.3403 31.4489
136.9456 33.4288
135.1629 27.5899
138.4897 29.3225
137.4198 29.9951
137.2370 30.3998
138.0908 29.7001
137.1922 28.6437
134.6631 29.7150
139.6001 33.4948
132.2024 31.5787
138.7098 34.4122
129.6315 27.6374
137.4136 30.1852
137.6513 28.7785
138.5485 32.8551
136.6050 33.3419
133.9875 28.5590
134.6131 28.6835
135.2770 27.3128
132.7358 32.1805
133.5449 29.1630
138.3949 29.9654
138.1207 29.7509
133.7099 32.3898
137.7450 30.1492
137.1350 28.7459
135.8257 30.1080
138.6656 29.8414
132.5415 31.3937
137.3317 28.6866
137.4940 29.9470
136.1316 27.9688
138.7997 29.0484
138.5018 29.4881
134.9333 27.4173
138.1667 29.3637
137.2632 30.4877
133.9147 32.3265
137.2122 30.1908
140.3664 34.4954
135.3852 27.4450
133.7633 32.1020
133.8578 31.8666
136.6573 29.0176
137.2018 30.5189
137.1654 30.2677
136.9759 30.2668
138.5212 29.9986
134.4315 26.9621
132.2902 31.6168
134.6957 27.0558
137.7781 28.7633
135.5752 30.4074
132.2343 31.5185
138.5306 29.7692
134.9816 27.4656
132.5323 31.9572
137.1490 33.6295
133.4069 28.4289
138.5095 29.8591
137.9558 28.7981
134.5641 28.7167
135.8250 28.3293
134.8071 31.3597
138.7170 28.6347
136.9518 30.4354
133.3660 29.1231
138.5557 29.8782
127.6167 27.7613
132.2552 31.4009
127.7879 27.7235
137.5564 30.4858
138.6449 29.8753
137.4947 28.5515
138.8721 29.0945
133.6819 29.1307
137.0461 29.0045
136.8579 28.1662
137.3141 28.6418
134.5106 26.4318
137.9656 28.8037
133.0358 28.0920
138.1449 28.7880
133.7195 32.2847
136.6958 32.9342
138.2130 30.1228
137.8041 30.4188
138.4264 28.7355
137.2570 30.1188
128.9537 27.1768
138.9462 29.2013
138.2065 29.7389
136.4419 33.0799
137.9541 29.7274
135.5019 27.6014
138.1072 29.6889
136.2877 29.3906
137.4009 30.1966
134.0946 29.0255
132.5731 30.5534
137.0422 30.5360
137.6716 30.5149
137.7185 30.0613
136.7351 28.3327
134.1923 30.2266
137.9299 29.8757
127.8518 28.8256
134.1133 28.6755
138.5364 28.9199
136.6013 32.9873
136.9662 28.6305
130.9829 26.8208
131.0469 26.5154
137.0337 28.4723
133.7232 32.2478
128.1735 29.1684
134.8201 27.0477
135.7807 28.2708
132.7377 27.7184
137.3456 30.2342
134.2364 32.5933
138.7990 29.1861
133.5918 31.5836
137.8903 29.6793
127.8919 27.2786
135.7864 27.7060
134.2455 30.3798
135.5443 33.0819
137.2651 29.9048
138.9992 29.4916
135.5211 27.6722
139.0343 29.4948
133.9107 32.4064
137.3056 33.5812
127.9191 29.0393
133.9633 29.3106
135.5719 28.1709
134.1868 32.3636
137.2790 29.9635
135.6261 30.4444
137.9683 28.8266
135.8313 29.6366
136.9785 33.2222
136.6553 33.3263
136.6734 32.8904
135.8782 29.6609
135.4237 28.4254
136.6542 33.3993
138.0862 29.3208
133.5594 28.4840
133.8076 28.6264
135.0606 28.1793
135.1304 29.5623
137.1091 33.5705
127.7517 28.1760
135.8857 29.6389
133.5168 31.3592
127.8278 27.6419
131.4855 29.9853
135.6853 30.1534
137.6279 29.8212
135.6649 28.3991
131.9634 27.7818
133.8313 32.3819
135.4948 27.8163
138.1787 29.1528
131.8969 30.1140
135.8571 29.8576
136.8866 33.1542
137.2691 33.6564
137.4451 28.9316
128.0947 28.3236
131.6928 29.9775
136.7253 32.9955
127.9076 28.8093
137.2937 33.6054
139.1847 29.4271
135.8807 29.5614
136.7079 33.4750
138.0381 29.5901
135.3536 30.0297
139.0992 34.5325
133.4173 32.4290
135.9181 28.7878
137.9217 30.2356
136.6110 30.6245
133.6546 31.9202
134.5618 30.9973
127.7339 28.0059
135.3212 33.0014
133.6336 31.7188
139.7431 33.4516
127.9505 28.6980
134.6185 31.4336
136.0011 28.5976
138.8827 29.4501
135.2622 28.3744
136.5919 33.3892
138.0276 29.6251
136.1982 28.5602
135.7671 30.2965
132.2254 30.3359
133.3494 31.0873
139.1094 29.6301
135.9104 29.7987
136.9679 28.5780
138.0464 28.6673
139.8266 33.1943
138.6773 30.2007
135.8650 29.6248
136.6334 28.2275
131.8738 30.0454
137.3623 30.2462
133.2695 28.2996
133.1360 30.9141
136.9887 30.4700
135.7665 28.2620
136.4824 30.6083
138.3174 29.3493
136.9739 33.1799
135.3040 30.0432
137.1637 28.2747
135.7777 30.5516
135.7323 32.5992
139.1341 29.5044
138.3528 29.9476
139.0607 29.6413
131.8282 29.9098
136.0830 28.5781
137.0906 29.0379
135.8481 29.7964
132.4789 32.0799
136.9144 32.9876
136.2421 31.5024
133.9365 32.2407
132.3083 31.2625
134.2566 29.1808
131.7587 27.7174
136.3385 28.7305
133.1843 30.9612
136.8419 33.4747
136.7403 33.3637
132.1663 31.6359
137.3894 29.6615
136.4004 33.1091
137.5346 29.5163
136.2435 29.9998
138.7454 29.9606
137.0395 33.6742
138.1936 30.4144
136.3805 30.2314
135.2237 32.9978
137.8063 30.1479
136.9763 33.3221
136.7851 29.7595
135.1552 32.9956
136.3081 30.7205
136.7156 30.9574
136.4521 32.9548
138.1635 30.6842
136.5433 32.9394
140.5848 32.9038
136.3226 30.7414
138.3511 30.5075
136.3335 30.1133
135.3890 33.0034
136.1729 29.9933
135.2893 32.8536
137.6028 30.2488
136.6199 33.2552
136.8565 30.4586
136.2429 30.4971
135.7615 30.2950
136.2738 30.6162
137.2422 33.5995
137.5347 34.4707
138.2888 30.6179
136.9287 29.3495
135.4702 32.8081
136.7957 30.9926
136.8202 32.7131
137.0813 30.4595
137.2463 29.6089
137.0161 33.7050
136.3355 33.2536
137.9469 29.2906
137.8005 30.0151
137.0751 30.5087
137.4067 34.4169
137.8033 30.0516
136.3428 32.9051
137.2431 29.7323
137.8093 29.9427
136.5273 30.0504
137.9943 30.7704
136.2894 30.7334
135.2879 33.2803
137.9393 29.8051
136.7156 30.4566
136.3927 31.5735
136.2477 32.4837
137.7706 30.2340
137.7813 29.7932
137.4416 30.3732
141.5942 35.5217
138.4411 29.3951
138.4513 30.4721
137.0738 33.7432
137.1944 29.6596
136.0406 32.9277
137.4646 30.1775
137.4274 30.0827
138.8232 29.7697
139.0331 29.7976
137.7893 29.7490
136.5406 30.0540
136.5794 30.7485
136.4371 30.1122
135.5469 32.9566
136.8287 30.5341
138.9875 29.8437
136.3773 30.7963
136.1630 32.9681
137.2840 33.7474
138.0316 29.6818
136.1219 32.8861
136.6678 33.1797
137.2457 30.4286
135.2243 33.0330
138.9784 29.9307
136.5897 29.5152
136.1900 32.8689
138.9392 34.5343
138.3514 30.6115
135.8782 30.9692
136.2652 30.2294
139.9891 34.6555
135.6182 32.6495
136.7900 30.3626
137.6689 30.1542
136.3589 32.9177
136.2019 32.9050
136.1860 30.5428
136.5294 30.9324
136.6500 30.7745
137.1323 29.8098
137.1538 33.8379
136.9294 32.8362
135.9695 32.4946
142.4046 35.5413
136.8223 30.8234
138.9174 30.0286
139.0521 29.7720
137.2535 29.7613
136.7508 30.7015
141.5533 34.2565
136.3797 33.3526
137.5997 30.2373
137.4050 34.3659
137.1698 30.9809
135.2429 32.9794
136.3263 30.2513
136.3442 30.7433
136.8584 30.5348
137.4983 29.5316
137.5058 30.9126
136.9765 30.3801
137.9359 29.9079
137.6669 29.5421
136.3512 32.4249
137.1278 33.7671
137.6262 30.8192
138.3170 29.2279
136.2122 30.5140
136.6395 33.5603
135.2409 33.0696
136.2926 30.4756
137.3771 33.7487
137.7464 29.7420
136.6243 30.8669
137.6405 30.5828
137.0492 33.7016
137.6002 29.4512
137.1925 33.3023
137.2734 29.6205
136.5190 33.1727
138.9550 29.8955
141.5218 35.1841
137.1084 29.6141
137.7903 30.0707
137.7973 30.1602
136.4626 30.0533
134.0444 32.2942
136.4192 30.8059
136.3481 32.9494
135.7692 32.5903
135.3772 33.0444
136.4962 30.0271
137.7900 29.7269
136.2729 29.9611
135.4085 33.3360
135.6120 32.7263
137.1099 30.8450
138.0166 30.1081
137.0338 29.7515
138.3075 34.3882
136.6632 30.9114
136.4303 29.7505
138.7925 29.6161
137.0223 29.6543
138.0613 30.6745
136.4841 30.6914
136.2240 32.8738
137.4297 30.4165
139.0565 29.6005
139.1100 29.6807
136.7515 29.7627
137.0971 30.5980
139.9723 34.6828
136.7697 32.6358
138.7322 29.4174
136.2385 32.8935
135.5843 32.9612
136.6281 33.5993
137.2496 33.7384
137.2402 30.8704
136.3282 30.2144
137.1092 29.6433
135.3633 32.7967
140.3448 34.3155
138.9403 30.0323
136.7765 29.7775
136.2550 29.5700
136.7432 30.8507
137.0497 33.8095
135.7385 32.6105
136.9716 33.4422
137.2737 33.4550
137.8939 29.8891
135.1707 33.0857
139.0775 29.8389
136.4312 30.8272
135.4547 33.0225
138.0332 30.5085
135.2659 33.0625
137.9029 30.0667
138.4298 30.2580
135.6289 32.6618
136.8092 31.0049
137.6608 30.6147
138.4338 34.3830
136.3575 29.9007
136.7300 30.4408
136.7846 30.5372
138.8644 30.0744
136.0783 33.0498
137.8943 30.8075
136.0007 31.1704
137.1277 30.4669
141.2050 34.7767
135.4737 32.8029
136.6674 32.6013
136.2687 33.3969
139.0459 29.8453
138.9815 29.9799
139.1451 29.4104
137.9518 29.8063
137.8845 29.7568
138.5964 30.0281
137.6231 30.2639
136.9219 30.9607
135.6365 32.6438
137.6651 30.8625
138.2328 30.2313
137.6118 29.9571
136.6461 32.5121
136.6017 30.9114
138.0089 29.8327
136.0246 32.4613
136.5706 29.4416
137.7593 30.0976
137.4824 30.3575
137.1709 30.3394
138.6535 29.4432
135.3331 33.0773
138.0446 29.8750
137.8777 30.0186
138.1446 30.6914
135.8040 32.5364
136.5422 33.2206
136.6696 30.7950
136.2452 30.4956
138.6104 29.9482
137.0797 33.7178
136.3589 32.4972
136.2881 30.5935
138.0357 29.4623
137.1035 30.8572
137.5018 30.8600
137.5877 30.0984
137.8949 30.0123
136.9555 33.6872
136.5778 29.6903
136.4856 30.8274
137.2467 30.6802
136.6293 32.5916
137.5557 29.4943
137.8575 29.9186
141.3436 35.3443
136.7741 30.9428
137.4730 29.3313
136.3150 32.9276
136.4685 32.9230
138.6593 29.9472
141.4384 35.2688
137.9263 30.4952
136.8008 30.9715
136.2321 29.6445
137.0479 29.3599
136.8966 29.7809
136.9941 30.9603
141.1160 35.0213
137.6666 29.9683
138.0116 29.8346
137.5085 29.5534
137.6187 30.0394
136.1613 30.0125
138.7086 30.3029
135.8434 30.8304
136.4911 32.9098
136.2465 32.8945
138.8805 30.1444
137.0668 30.9904
137.4015 30.6472
137.6998 29.8761
137.5866 30.1187
135.9428 30.0510
136.5847 33.1728
137.0973 30.6747
137.2822 30.9753
137.3729 29.5552
135.5991 33.1760
137.6041 29.5185
137.4704 30.2650
136.6080 30.8924
136.1898 32.9031
135.2020 33.1868
136.3452 30.1005
137.7846 30.7340
139.2263 29.2841
137.1013 30.8833
136.6338 29.4441
137.8466 30.0333
137.4716 30.7956
135.9415 30.0090
136.0717 29.9183
137.9111 29.8645
136.2796 30.6282
137.7239 30.3354
138.2084 29.2103
138.3186 30.1935
137.3529 30.9170
137.9865 29.8476
137.4229 30.0795
137.7292 29.5019
138.4157 30.2765
138.6558 29.8939
135.8555 30.7693
137.3063 30.2737
137.6347 29.4407
127.7116 28.9356
135.5030 28.1988
135.8545 32.5390
136.2128 32.2093
133.7576 27.7346
138.4568 34.2607
130.3967 29.3768
136.9881 30.0126
142.3400 35.3855
136.8974 33.1846
135.8002 31.7455
136.6871 28.2440
127.8735 28.5789
137.0595 33.7659
137.1437 33.3751
136.5436 33.2893
134.1559 30.5170
134.7744 28.3555
133.1315 32.1196
137.9849 30.4472
137.8518 34.2400
137.2938 28.7502
133.4344 31.2808
133.6402 32.0725
132.1106 30.7475
135.7906 28.7613
130.8943 26.4019
132.7128 31.8596
133.8230 32.2867
132.9800 31.5207
134.1221 30.2206
141.7397 34.7825
135.0013 27.8506
136.1994 28.1428
135.2015 26.3751
136.0184 32.9037
138.1215 30.1876
134.4022 29.6567
137.0840 30.2567
139.0207 29.1999
138.5659 29.7584
136.2602 29.1126
139.4642 35.1306
127.4682 28.0838
141.5476 33.7277
138.0119 29.8432
137.1753 27.8826
138.9108 32.5524
135.9211 27.9956
137.7545 28.7674
132.5083 30.3966
137.5290 29.9919
137.3614 29.9609
125.9135 29.3574
138.6942 32.2923
134.4786 26.6095
136.3154 27.5327
127.8779 28.7329
135.7008 27.6251
138.0305 28.3207
136.5170 28.3491
138.4639 34.2331
137.8797 29.7884
135.9683 33.4322
136.3516 30.6721
136.9254 30.2185
136.6958 32.6766
131.8110 30.1095
136.8165 29.9698
136.3384 28.5038
130.0781 27.1257
138.3554 30.0691
131.9680 31.2082
134.5046 27.4816
141.6032 34.3001
136.3289 33.2930
133.5416 32.2491
139.1539 32.5323
137.1705 28.4431
135.0695 28.5538
137.2590 33.8182
134.8607 27.2879
138.3497 30.1256
137.5109 29.7664
132.6488 27.7431
140.8483 33.9207
128.5512 28.6872
136.7325 30.7174
135.2062 27.9269
138.7115 30.4581
136.7851 30.1857
132.3983 30.4526
137.0521 33.5318
128.4174 28.2650
135.5101 27.2656
132.1821 30.0743
136.1005 33.3112
139.8554 34.7607
132.0655 29.9384
127.8308 28.7684
137.0368 33.3125
134.1430 32.4625
133.9148 31.6846
138.9137 29.5898
138.4824 29.6782
138.8775 29.2220
137.3618 28.4008
134.5351 32.1685
134.1362 28.4918
136.5417 27.9842
131.5248 29.8823
136.6586 29.1356
133.7533 31.6137
136.6882 33.3068
136.6344 32.9451
135.8718 31.0398
137.7121 30.0087
135.3477 28.2779
133.8969 32.4229
136.4799 32.6032
136.8581 29.0297
138.3624 29.6800
138.5019 30.0914
134.0414 31.0167
134.6595 28.5554
136.5080 32.5044
135.5270 30.4420
135.2666 28.6948
137.4733 30.4116
138.9351 28.8672
127.5865 27.4530
134.1600 30.4836
137.0345 32.8107
135.8314 29.6449
134.1717 29.0478
127.9161 29.0578
138.5553 30.1126
135.9082 29.7049
135.2445 28.4570
132.1463 30.4066
131.8798 32.2337
138.1869 28.2927
138.5093 29.1356
132.3635 31.3504
129.3321 29.5103
137.9475 29.1529
137.8967 30.1256
132.7594 32.2125
134.8958 29.1692
135.2451 28.3555
137.8286 30.0464
133.7275 32.1122
127.8208 29.1400
136.1512 28.2913
138.4577 29.2728
128.0216 29.1178
138.3221 29.3709
135.6997 27.9372
133.9582 31.8117
136.7594 30.2941
138.2580 30.1263
136.6910 29.2695
136.0510 29.7668
136.1949 28.1833
138.1086 29.4170
135.8954 27.8269
135.2847 27.4486
139.1178 29.3062
135.8667 31.0059
135.7290 31.5582
135.2269 28.0803
135.3319 27.9101
135.5690 28.0348
135.1678 28.3017
137.4527 28.9002
138.5962 29.8823
137.4613 30.0867
138.2972 29.9765
135.7423 27.9872
133.8933 28.8747
127.5578 27.8362
139.0072 29.3470
136.0402 32.5812
133.3748 32.3804
138.3041 30.3344
127.9303 28.9550
135.0993 28.8082
135.0755 27.6311
139.9419 34.7252
136.3726 28.2760
136.3409 28.0532
135.0458 28.5479
135.6583 30.4658
135.1431 27.7929
137.6836 29.6897
129.5531 29.9214
138.8023 28.7719
134.6985 27.2878
135.7005 30.1885
128.6760 27.6175
133.7668 30.9246
135.6814 29.4440
133.4607 31.3603
136.6492 33.4479
137.4542 29.9808
136.1327 32.4841
136.4593 28.0058
131.4047 30.1865
137.3428 29.7991
137.7007 29.5988
136.7757 28.2951
137.5218 30.2262
133.0200 30.7795
135.4686 33.1893
138.5323 29.0445
136.7353 30.2460
136.9466 30.7216
137.4591 30.5836
136.4500 27.9769
130.5038 29.4231
128.0684 28.2934
134.5979 29.5935
138.8044 29.1297
140.2696 34.4446
135.7712 30.1359
135.5474 28.3576
136.5681 28.5610
134.7717 27.2778
138.1233 29.2404
139.6692 33.2246
137.2866 29.9138
135.5774 28.0975
139.1857 29.1765
139.2392 29.1390
135.3738 29.4603
141.2336 34.8366
135.1798 29.2816
135.2560 28.2299
134.4974 27.8489
136.3652 32.5508
136.8324 30.0322
136.1014 27.9193
138.5668 30.1251
130.9076 29.5491
136.0139 31.1931
132.4877 30.5276
136.3342 31.5014
135.5567 32.8624
137.4803 30.7621
136.9239 32.9953
136.4651 32.5048
136.3851 28.0937
136.3711 28.3173
138.7377 28.7240
135.3221 29.3154
132.7809 31.3921
136.8007 29.7573
137.1232 29.5239
136.5492 30.6732
137.9056 30.5791
137.9774 34.3857
132.7883 32.2013
138.7291 28.8391
135.2561 28.8197
137.6397 29.9810
133.6292 31.9691
138.1370 29.7432
137.8923 30.3084
128.5177 29.5105
129.1133 27.1849
128.0050 29.3669
138.9954 29.6499
135.6216 28.4317
136.8000 32.8311
138.3480 28.5077
138.6264 28.9698
129.6166 28.7225
128.2810 29.2616
137.1418 33.2186
129.4583 27.6915
138.8300 28.3895
135.7308 27.6610
138.6329 30.0585
137.7787 30.1542
141.2930 35.1736
135.1901 29.4669
133.7966 31.7747
136.6549 33.6120
134.2468 27.0417
135.9804 32.1138
138.8459 29.3790
137.1557 33.7318
136.7587 28.3492
139.7124 33.5538
136.4057 28.5463
138.6545 29.0881
136.6866 29.7028
135.9199 28.2076
135.4297 28.1434
136.7876 30.0652
129.3936 28.7593
133.5891 31.6964
135.9590 31.1382
129.2783 27.4903
132.2490 31.7087
129.2117 26.8055
138.7507 30.3528
138.0692 29.8370
127.8949 28.6581
136.6533 32.5813
138.1610 34.3380
135.3747 28.4027
136.9084 33.4282
139.0661 29.8309
136.1665 29.3950
136.5503 29.3003
137.3380 29.8654
137.2236 33.2887
137.4685 30.7043
137.8132 30.5741
139.2233 29.3908
137.4939 29.8465
137.1703 29.9839
137.1662 33.7370
140.3739 32.6205
141.2395 34.9221
137.0830 33.6438
137.6008 29.6652
135.9231 32.5017
137.8500 30.4385
141.2607 34.9642
135.1750 32.9696
137.0399 29.9850
138.1696 29.1674
137.8988 30.4063
136.9896 33.1066
137.0251 33.0871
141.5575 33.6276
138.1675 29.0730
137.0346 32.9726
137.5974 29.8727
136.8118 32.6211
135.6110 33.0453
138.9979 29.9197
140.0333 33.4700
136.8381 33.4394
137.0802 33.3902
137.7357 29.2156
136.8078 32.6575
136.6562 32.5020
141.2520 34.9860
135.5017 32.7508
127.6440 28.2690
136.8433 32.7325
135.2048 33.2487
137.0352 33.3758
136.8500 29.2574
136.7645 33.5352
137.3764 30.0687
136.9113 33.4160
135.9617 30.0390
135.2970 32.8110
138.9892 29.2473
135.8726 32.5185
136.9817 32.9607
136.7236 32.5456
136.7236 33.0778
138.8410 29.6759
135.6431 32.6364
136.7831 33.4892
136.6520 32.5117
136.8329 32.6643
137.7784 29.8422
136.0424 32.5691
136.9235 32.9281
138.7135 29.9762
136.1702 29.7375
138.9017 30.0296
136.4787 32.4476
137.2406 29.2082
136.3937 32.4530
136.4958 32.4521
141.6924 34.0026
137.9206 29.7891
136.8074 33.4334
136.7264 29.2332
136.8359 29.3425
137.2096 32.9746
139.0529 29.8444
136.2634 32.4429
135.8120 30.0505
135.4583 33.1184
139.0598 29.6549
137.0163 33.2079
135.2433 29.4038
137.1726 33.6036
136.5047 33.1192
135.8640 32.5412
136.7007 33.4167
135.9376 29.5419
137.0988 33.4982
138.9313 34.4622
135.8994 32.5921
138.0897 34.3604
136.8967 32.1035
137.5834 30.6860
136.9949 29.5888
136.9517 33.4306
135.2483 32.9662
137.5356 29.4788
136.1010 29.4304
135.4235 32.7439
138.5061 30.1504
135.5538 32.7016
135.7484 30.7042
136.9254 30.5819
136.3006 29.6876
136.4499 30.7789
136.1447 29.4668
136.9874 33.0382
139.2739 29.4337
136.3548 30.2968
136.3569 30.6584
135.5353 30.0016
138.2531 30.3886
136.9355 29.7351
136.9653 32.8892
137.4128 29.9168
141.2214 35.2179
138.4877 29.2653
137.2026 32.8889
128.9561 26.0819
132.5538 28.1318
136.1975 32.7637
132.9405 28.4520
133.9059 29.0347
127.7287 29.2650
128.3580 26.6716
131.7634 30.3251
136.4483 32.4570
138.0801 29.3895
136.6263 30.3538
132.9753 28.3397
138.0465 29.9219
139.0018 29.2321
137.0975 30.3717
133.2102 28.1590
140.3875 34.4987
133.3795 28.4934
136.1645 28.6651
136.7180 32.7987
131.8254 27.7680
138.2816 30.1413
133.3188 31.1031
137.2853 30.4397
133.6216 31.6078
137.2736 29.8356
136.8920 33.5411
138.0757 30.1024
137.3770 29.9084
135.4091 27.9341
133.6076 31.4492
138.3663 29.1637
133.7126 32.1163
135.5443 27.2344
137.4567 30.0805
134.7852 25.5874
134.4249 30.7986
127.3874 27.8450
132.2153 30.5190
137.2365 33.6042
134.0508 32.9700
141.3859 35.0687
138.6983 30.0042
133.0092 28.3766
136.1908 32.6636
138.0039 28.9206
138.9222 29.5979
134.3243 29.3098
136.6018 28.2482
136.7057 32.7315
137.9834 29.4187
136.2201 28.0248
137.3760 30.4669
137.9675 30.0252
141.5163 34.7049
136.3304 27.9007
135.7317 30.6481
132.5048 28.0068
137.2586 30.4981
133.8653 29.6017
137.2039 30.4629
138.1411 29.4065
134.5980 29.3434
137.5402 29.9894
136.5797 32.9258
137.7327 30.2900
133.5131 31.4315
137.1369 30.5038
136.3224 28.2361
133.5498 31.4771
137.8118 34.3871
137.1171 30.4667
137.6618 30.2257
136.1731 32.5153
138.5515 30.0314
138.9355 29.4036
137.2952 30.4836
138.1725 29.9950
138.8864 29.2902
137.1017 33.2523
136.3363 28.2549
138.4303 30.2772
137.2466 33.5670
136.5786 32.5040
139.7520 34.8508
137.3507 30.4618
137.2611 30.4883
134.5464 28.8725
136.5644 27.8891
133.7517 32.2789
137.4488 28.6703
135.4281 27.4826
132.6575 27.9339
140.0141 33.1766
137.4855 34.3301
137.0255 30.8286
137.3320 30.4767
132.6589 29.1552
137.8438 30.2597
130.8097 27.2890
134.0858 29.1386
133.7695 31.8797
131.6887 30.2477
130.5616 27.3136
139.0611 29.9034
137.4181 30.4557
139.0411 34.5558
137.2877 30.2460
137.7117 29.9667
137.1619 29.3264
136.7998 30.2704
137.2959 29.9461
138.5245 29.5604
138.3527 29.1106
137.2852 30.1827
136.6258 33.2270
135.9020 30.4990
136.6289 30.5748
137.4523 30.3797
137.5465 30.6426
137.7907 29.4404
136.0255 30.1609
135.6983 33.1647
138.9252 30.0922
137.0855 29.5227
135.9360 32.5454
137.6605 30.2105
136.3651 30.2418
137.3746 29.7465
136.9255 33.2260
136.7612 32.6776
137.6741 29.7761
136.8510 30.0326
137.6318 30.1209
137.5506 29.9767
136.9951 33.4440
137.3346 30.1502
136.9464 33.6519
137.7642 29.8365
137.4801 33.8685
137.4864 30.3395
136.4394 33.3454
137.7214 29.4450
137.0518 33.3036
137.6517 30.1965
136.8288 32.7355
137.3343 29.5147
136.6938 30.8375
137.3327 30.0482
137.7285 30.5592
135.5325 32.6681
136.9199 33.5551
137.5998 30.0559
136.2839 33.7694
137.2055 30.4692
141.3542 33.2041
137.3462 29.9974
137.1082 33.8078
135.7482 30.6756
136.9297 30.6638
136.0484 32.7418
136.6876 30.5077
137.4184 30.3676
138.4975 29.7591
137.4980 30.3287
136.4067 32.5430
138.5244 29.7213
138.0365 30.1732
136.4370 33.3151
137.5700 30.0749
138.0981 30.0672
136.9129 29.7234
135.7100 32.6147
137.0309 30.1127
138.2520 29.9417
136.7942 33.4772
137.4779 30.0557
137.3174 30.7017
137.8753 30.0236
136.9395 29.6311
137.1228 29.3328
137.6927 30.0032
137.2607 30.2416
137.6135 29.4923
137.8539 29.8204
136.9785 33.0110
137.6189 30.2337
137.0720 33.8158
137.4601 30.0063
137.5604 29.9831
137.7119 30.1433
137.7961 30.3842
136.8240 32.6330
137.3659 29.9537
137.4592 29.3711
137.1587 29.7573
136.4206 29.3637
136.8665 30.2521
137.5983 30.1803
136.9443 32.8327
137.5981 30.1487
136.5519 30.7250
137.5662 30.0722
136.2303 32.4311
137.1990 29.4816
136.2978 33.1414
137.6515 30.0139
137.5370 30.1452
136.7551 30.7351
137.6833 29.9377
136.1349 31.3401
137.8868 29.8267
137.5126 29.9756
141.3039 33.0217
137.4226 29.9183
136.3794 33.1589
137.7762 30.0771
141.4019 33.9551
137.8992 29.8928
137.9440 29.8459
137.6829 30.2256
138.6492 34.3533
138.0412 29.1064
137.7601 29.4488
141.5701 33.7151
137.4271 29.9914
136.0902 32.4550
136.6439 32.6291
136.6737 32.5177
137.3241 30.1197
135.6482 33.1855
137.3626 30.1499
137.1682 30.4391
137.5674 29.9200
141.4578 33.3251
137.6574 29.9997
136.8294 33.4817
137.2289 30.6169
137.2098 33.8673
137.5473 30.0271
138.7176 30.0347
137.5788 29.9725
137.2242 30.3985
137.0547 33.5779
137.1289 28.6295
127.1639 28.1690
137.2194 28.8223
137.8740 28.9470
138.7248 30.0328
138.0775 29.6678
135.4476 27.8446
137.8200 34.1417
134.8143 30.7995
138.8803 29.1117
135.1693 26.3685
133.2202 32.0397
132.1389 32.2365
133.6440 32.3226
137.2151 30.3405
136.7494 30.4013
136.5558 32.7961
134.5693 25.9756
132.2209 31.7176
137.6224 28.4534
137.8266 28.7179
133.9762 32.1741
138.0514 34.2898
133.1227 28.0937
132.7280 31.8918
131.1686 29.3141
136.7249 28.0423
130.0203 29.7394
133.0418 28.1681
133.8040 26.6805
137.0123 33.4402
130.0888 31.1687
135.2529 27.5435
136.7692 28.0861
127.5648 28.0503
136.6156 32.5788
127.5680 29.2055
133.4660 29.4745
127.2497 29.8996
133.4814 25.8323
138.7457 29.7091
132.0540 27.8103
135.8594 30.2598
133.5340 31.8049
134.7137 26.1570
133.1061 31.1042
139.0886 29.3556
135.6783 29.1223
135.3411 27.0921
138.8151 29.8585
127.8376 27.8267
138.2320 29.1372
133.0668 31.9065
137.5604 30.3631
133.8950 31.7428
139.0335 34.3774
137.2353 33.7354
133.1821 31.9102
135.1130 28.1652
136.8828 33.8546
138.3631 29.1464
135.4236 27.6453
134.5936 29.1244
132.8510 32.1683
136.4318 33.1524
131.3463 26.5107
128.7323 28.8174
135.3222 28.8603
135.4965 30.6962
138.6875 28.9588
130.2901 26.5032
128.5312 28.6705
133.4641 31.6762
133.1534 30.4800
133.3754 31.0560
137.4177 30.1477
136.0651 32.4579
132.7479 31.3377
135.1707 31.1189
139.5870 33.4071
139.1293 29.3888
134.4143 27.7999
134.5822 27.9665
133.4960 30.1173
134.9856 28.3831
137.6527 30.0933
136.1013 32.1775
133.0663 30.9209
133.0241 31.6936
134.4852 26.6940
129.5805 25.7564
129.6615 27.5417
134.2545 26.9232
130.8961 29.1876
134.1287 32.0004
133.2016 31.1704
138.6183 29.5839
135.5134 30.5709
136.4049 28.0403
133.8100 25.5773
131.4046 29.5735
130.4516 27.6784
135.9339 30.7533
133.1693 26.2241
131.7389 29.9099
130.8116 28.0271
128.9706 30.7158
134.9507 26.8295
134.6739 28.3096
133.3305 25.6081
135.8426 30.9059
131.3496 29.4124
137.9598 28.7642
131.8430 26.3883
135.4068 28.0256
133.7130 25.9390
130.4326 25.6364
131.7213 29.5729
135.5290 27.5281
130.4948 26.0047
134.9618 25.2999
136.4797 27.6454
134.0468 26.1082
135.0480 27.8712
135.4461 27.2896
134.0218 27.3078
134.2984 30.7264
138.2355 28.3118
137.8674 28.3461
135.2821 32.8921
131.7048 28.2813
129.8662 25.8702
133.5057 31.4951
134.4039 27.5228
135.2417 27.9733
135.4272 27.7505
132.9952 25.9268
131.5360 27.5059
132.1110 27.6696
133.8967 25.0867
134.0089 25.9322
134.6070 31.0940
134.2879 25.7101
134.6900 26.3124
133.7826 26.1052
133.5570 24.5689
135.4259 28.0824
133.6077 31.8346
138.4681 29.5505
135.1096 26.9930
132.7934 30.6786
134.9859 29.1250
139.1011 29.8350
134.2603 29.1088
128.5491 29.6421
128.3306 28.2645
132.9264 30.6392
135.7748 29.7751
138.2055 32.5934
136.9830 32.7189
137.5423 30.2895
140.1395 33.2080
136.2750 33.0401
134.6853 27.2730
136.6547 32.9477
130.2870 27.0699
132.6191 27.8499
135.4234 30.1013
137.9192 29.4185
128.1276 29.5592
136.7611 28.3125
138.4296 29.0154
134.5433 26.8846
135.6852 30.6725
135.6087 28.3171
136.7450 33.4447
128.0231 29.1435
139.3790 34.7114
135.8317 31.5898
137.4190 29.9238
136.7769 30.6159
127.7569 28.1478
137.0890 32.8263
133.7069 32.2072
138.1650 29.5610
133.6290 32.4605
136.6054 33.1922
134.9826 32.0566
138.5385 28.4591
137.8289 30.3587
131.1386 29.4436
136.5995 32.9991
136.0649 28.1740
133.8475 31.8664
136.7266 30.3620
138.4581 30.3201
135.5533 29.7301
137.9902 29.0540
138.0542 30.1103
135.5757 27.8367
136.2908 28.2354
133.8638 31.7839
134.3436 28.8695
138.7201 28.3229
138.6846 29.1270
136.3460 32.6952
135.1792 27.1841
131.9177 31.2526
133.3301 30.9341
137.4124 29.9686
138.5073 29.0013
133.5480 32.0192
137.1622 30.5786
139.1429 29.1074
136.8636 33.1685
138.9945 28.9543
134.5509 29.7808
137.3035 29.8424
137.6699 30.6346
138.3303 29.5572
138.1272 30.4516
140.1131 33.4882
133.0099 32.3838
136.7768 30.0637
136.4817 28.2224
136.0201 27.5984
136.0258 27.8235
138.3865 29.6882
135.6362 32.7277
138.4243 29.4093
126.2434 31.3302
135.4774 29.6392
141.5877 34.2679
136.7124 33.3098
136.4667 32.4890
133.2958 28.5911
138.9645 29.3414
130.0141 29.7422
135.8622 31.1998
135.4619 28.3813
136.8738 32.8103
132.3343 31.4914
136.6948 28.3298
135.1070 27.8896
130.0827 30.1759
134.4667 30.8058
133.8933 29.7796
128.0889 27.4853
134.7761 26.7215
129.7936 29.6711
138.5750 28.4588
131.9938 30.4326
136.5433 33.4099
138.4849 28.7612
136.7460 28.2988
130.0495 29.7297
135.3949 30.5902
133.7251 28.6589
134.5189 30.9017
133.0257 31.1390
138.6615 29.0382
138.0803 28.7255
132.7168 32.1395
131.8832 30.0337
137.3951 30.6598
132.6648 31.3370
127.3860 28.4335
134.1124 30.2648
137.3522 30.3875
139.1081 29.2359
134.7863 32.7658
137.2863 30.2734
134.4170 28.6162
135.1202 28.3921
137.0246 28.2490
137.6500 30.3534
134.9302 26.9860
129.3547 28.7872
138.3895 28.8952
137.6939 30.3984
131.1568 27.6356
131.4328 30.0306
134.5394 27.0715
133.7841 28.7427
127.6348 29.0279
131.6439 30.3903
135.7168 31.6080
131.4668 29.3261
136.8479 33.0531
128.2059 29.6764
132.3547 31.3164
138.1662 29.8916
138.9033 29.2551
137.6335 30.3810
134.4762 26.4690
137.7110 30.2507
132.4917 31.6669
138.4471 29.6091
138.6729 29.0501
136.9199 33.6236
134.4550 28.8445
137.9857 29.9624
137.5860 30.4500
133.1576 32.3611
138.4526 28.1700
133.8627 31.9341
135.0124 27.2468
135.1077 26.7768
134.8766 27.4834
129.3503 27.4049
133.6778 32.4195
138.0404 30.0998
133.7463 28.9333
138.5754 28.8488
133.7870 29.6341
138.0227 30.2425
137.0085 33.4051
135.3806 27.5983
132.3444 31.8749
134.3117 26.9047
135.1421 28.6947
139.6220 33.3646
137.3497 30.1275
137.7565 30.0333
139.5789 32.7582
141.2113 34.5282
137.0713 33.1157
131.9520 29.9522
136.6749 32.7014
141.7688 34.8400
136.2690 33.1791
137.2481 29.6654
134.5441 30.1469
142.1319 35.5887
137.5243 30.5838
138.9283 34.4916
136.5702 29.6492
137.1421 33.2334
133.0801 31.3157
140.3282 32.8852
136.7735 33.4825
138.5856 29.0098
140.6020 33.0471
137.6981 29.7987
137.7304 30.4194
136.9625 30.0576
135.4441 28.5354
138.3507 30.3296
138.6478 34.2677
138.8729 34.0262
135.5490 28.3648
140.0141 34.5005
137.2225 30.6479
137.9862 28.7253
137.4811 30.6585
133.8629 31.7494
140.9638 32.8416
141.1693 33.9796
135.7903 33.1499
136.7427 29.7893
136.8472 29.9675
139.1075 29.1297
138.2394 32.2292
131.8676 30.0513
136.7834 33.5099
136.8869 33.5496
135.6334 33.1124
126.8245 32.9294
137.7540 30.3360
136.2583 29.1321
130.9253 26.7326
141.0936 33.6667
133.9866 29.9273
136.3330 32.9246
137.7867 33.8657
136.8075 30.0137
142.4724 34.5286
141.8908 33.9662
124.8509 32.3965
143.2598 35.9305
137.3103 29.7308
136.0430 30.0982
137.3913 29.6159
136.4912 30.4084
136.6265 33.4043
140.2449 33.8258
137.3163 29.5329
136.9578 32.8556
132.8845 30.9202
133.5162 31.3688
139.1877 29.4096
143.2030 35.6300
131.2282 29.4787
137.8513 34.3771
137.3803 29.3732
136.7407 32.6185
138.6063 29.0308
139.0901 28.8685
136.9547 30.9679
137.7380 29.3679
136.7306 30.6558
136.6008 33.3340
137.4278 33.9395
137.7733 30.0943
136.4050 33.4140
140.2954 34.4337
137.6910 29.2736
131.2908 28.8433
140.3193 34.1703
136.8156 32.9371
143.0901 34.1783
136.3921 30.6959
138.0045 29.4798
135.0146 29.8720
144.8718 36.0087
136.9822 29.8869
135.6377 33.1561
137.0296 33.8959
137.3536 28.9767
137.7775 30.3698
137.1948 30.4528
131.8887 30.4014
136.8569 28.7435
137.8891 28.9044
144.1568 36.1768
128.6210 29.2119
137.2171 33.2925
133.8492 31.0342
134.2857 28.8775
131.7354 30.1935
132.9555 30.7059
133.7516 31.5253
137.1343 33.5496
128.3618 29.2389
135.0395 28.6886
133.8253 31.8252
133.8070 32.0776
133.7371 32.5533
133.7663 31.8275
137.2740 30.4327
133.9044 32.3280
137.5991 30.0017
135.6798 30.3028
139.7927 33.2250
132.3918 30.5617
133.6907 32.1332
135.3992 31.7734
133.3287 32.3579
135.2320 33.0047
133.8403 32.4578
136.9983 33.2237
133.0651 30.8385
131.8857 30.1235
141.9046 34.5096
135.5055 31.1712
136.9861 33.3886
138.5767 30.2858
133.6788 31.5442
134.6102 27.5629
136.4637 32.4964
139.1044 29.3180
135.4520 28.2125
135.7217 30.3498
137.0007 33.5756
132.2910 30.3888
130.9797 27.2729
135.4241 28.5831
132.1349 31.5212
131.8793 30.1298
136.2095 31.4513
135.4508 28.1643
131.5555 29.8181
129.8310 27.8848
135.2320 28.8092
136.8847 30.2050
133.2137 30.9492
133.7289 31.4391
137.1704 29.2256
137.2722 33.6024
137.1851 33.6346
136.8236 33.5177
133.1419 30.7938
138.7114 30.0060
128.6801 28.7210
133.6869 31.5551
135.5645 27.9048
135.2614 28.6325
139.1201 29.1886
133.5527 31.3767
133.0829 30.8649
135.2653 28.6975
136.7724 32.5986
137.0605 33.7347
136.4097 33.2517
133.8934 32.2362
135.3974 27.8321
137.1632 33.5649
133.5849 31.5259
137.5774 30.0957
136.9706 30.7110
133.6882 32.3080
136.5119 33.3433
136.0803 32.4474
133.9298 29.8586
132.1545 31.4590
137.0969 32.4889
136.1598 28.7630
135.5433 28.7023
139.9025 32.6098
139.1024 29.4311
139.0148 29.6787
135.6099 28.4771
133.7634 32.5585
134.1671 30.2966
133.1352 28.1194
134.1620 28.8859
135.8642 29.4771
135.3091 32.8313
135.8996 29.6099
135.5580 29.1572
135.4108 28.0761
135.7373 29.6442
135.8457 28.4585
135.5436 28.4679
136.9139 30.2931
133.5466 31.3563
138.3697 29.0731
132.6882 30.5966
135.1680 27.5949
139.0039 32.5890
135.7651 30.1946
135.5589 28.1052
134.5025 28.8549
141.5150 34.0887
132.2649 30.5031
133.8969 32.0861
133.8854 31.9078
133.7725 32.0614
135.2838 27.3797
133.0281 27.9330
135.2283 28.2350
128.9596 27.3060
137.5045 30.1472
137.9806 29.6798
138.2129 30.1813
138.8105 29.4540
135.6098 27.8677
134.9513 28.5669
135.6664 31.5049
127.4162 28.6972
138.8478 29.2558
135.6616 29.5875
133.5641 31.2800
135.0566 27.6179
134.0112 30.0882
136.1397 32.3382
137.4813 28.2729
133.8911 27.8743
135.2023 28.4704
133.3043 32.6498
134.7990 29.6710
135.7064 28.1106
140.5085 34.2348
137.2427 28.4550
138.9446 29.3749
135.9763 31.3351
132.9131 32.2760
129.5813 29.9045
136.3656 32.6049
127.5277 27.1641
135.6981 28.4554
134.1613 29.9249
138.2919 28.1789
132.9465 32.1644
127.6829 28.7659
132.3799 31.4723
133.7339 28.4353
136.9039 30.4167
129.6060 27.9020
137.6948 30.3767
135.2753 26.7528
127.2384 28.1052
132.8365 27.8311
138.8674 29.8564
135.7940 27.7403
134.0709 29.1760
135.3897 28.2001
133.3421 28.3101
138.7354 29.2183
134.6605 28.8101
133.7097 28.8562
133.8433 29.7927
133.9153 32.1566
133.6042 28.6812
132.6556 31.0959
139.1182 29.4508
135.0177 26.8722
133.6283 28.9782
130.1134 30.0968
128.5747 26.6013
137.8592 28.6020
134.4562 26.5763
127.3874 27.4183
130.2469 27.7411
132.1863 28.0638
135.6723 30.8319
134.8044 29.1963
137.9496 30.1672
134.1592 29.0243
134.9649 28.2421
137.6272 30.4339
138.5022 28.6051
133.8322 31.0414
134.1996 29.9848
133.8506 32.2355
138.8449 29.4013
136.7211 29.3227
138.2720 28.8360
134.6943 27.0761
136.5466 33.2013
137.7322 29.8214
136.5298 32.5035
136.9090 33.2508
136.9304 33.4917
139.0025 29.4142
137.8983 30.5566
135.9585 31.3059
131.9094 32.3018
133.5076 32.0189
133.8813 31.9031
136.8386 28.5545
138.1317 28.5284
136.9975 30.0815
136.8086 32.7794
131.8915 31.0244
133.8882 28.9355
136.4885 28.0798
135.8526 28.2685
135.6449 28.0883
135.8607 32.4867
136.3510 29.1431
128.5015 28.2834
138.4011 28.5399
133.2974 31.1101
139.6713 33.4520
132.8803 28.2136
135.6722 30.5944
135.2241 27.5820
136.8514 32.6798
134.7809 28.6352
138.4515 29.3376
133.9032 31.8583
134.1286 32.5766
135.0022 29.6661
134.4878 26.9349
138.7635 29.9398
138.9845 32.6650
141.4698 34.7732
135.3535 28.1509
131.6178 30.2770
133.5220 31.3286
136.8033 33.5563
133.8045 29.6328
133.9037 28.6672
136.6449 33.4207
133.9830 32.0903
133.5708 32.3029
131.6335 29.7907
136.8234 32.6409
136.8952 33.1605
132.0638 31.5053
134.7552 29.4185
131.6345 29.9844
137.3304 30.5477
136.0142 29.4991
134.3181 28.7309
138.2248 29.7566
138.4886 34.3409
136.3614 31.5301
131.8831 30.2449
138.4482 29.8228
132.3484 31.8718
132.3031 31.3283
133.8091 28.7146
138.9639 28.8306
132.2266 31.6863
136.9245 29.1151
136.6783 32.6172
135.0959 28.6845
139.0055 29.4221
138.4413 29.9778
134.1930 31.1209
136.1741 31.3623
135.3001 27.5903
138.6943 28.9195
127.6424 27.9604
133.6205 31.7359
139.0229 29.4057
133.4365 31.1956
130.8824 29.6957
135.3623 27.5617
133.2424 32.3868
132.2149 27.8603
137.4552 30.1379
134.1039 27.2577
135.6146 30.4485
138.7390 29.2563
135.1601 29.9853
132.7658 30.6709
137.6264 30.5953
138.4658 30.1951
135.0712 28.5817
137.2659 30.1441
136.1206 29.5164
135.9384 31.0873
138.4987 29.1175
134.9516 27.0794
133.5954 32.4367
136.4871 32.4559
134.7351 28.8065
135.4379 29.6380
136.8233 32.8409
138.8241 34.4634
138.0717 28.9427
133.0207 32.3211
133.8887 32.5394
129.3763 27.8998
133.5677 31.3067
130.8974 29.6205
135.2802 28.3906
134.5213 26.9107
132.1457 30.4815
137.8408 30.3590
133.6395 31.9648
133.9946 31.9487
134.1783 32.3845
136.2469 29.1341
136.4273 28.4989
133.9915 26.2092
132.9551 31.1728
137.9169 28.9560
134.7768 27.4160
139.2047 29.2864
137.9662 28.7273
138.3284 29.3838
136.7655 31.9609
129.8074 27.7322
132.0963 31.2450
138.3838 29.7761
126.4218 30.5764
127.4189 28.3924
129.9125 30.0279
130.9107 26.8367
138.4820 29.7822
128.6890 26.9280
133.8646 28.8146
137.5289 30.0014
128.0866 29.0376
137.4814 29.7150
133.6714 28.1973
135.5646 30.3043
134.9603 28.2544
137.4549 30.2278
134.2696 30.0104
127.3831 28.6890
127.8370 28.9378
132.9929 32.1848
134.6235 27.5515
136.8979 28.9316
134.1516 32.3605
136.2467 31.5666
127.5055 27.5912
134.9339 30.7705
137.7362 29.8136
133.1844 30.2226
137.6633 29.8465
134.7505 28.6667
134.0678 28.7442
138.2845 28.2732
138.6914 29.0418
139.0537 29.0743
135.5704 30.0054
137.3575 30.4334
134.9671 31.6576
132.0797 30.7665
134.0231 32.0896
138.7446 29.1194
135.0450 27.4438
133.8347 29.7641
136.9838 33.5284
127.8108 28.2856
135.9306 27.8642
134.0650 26.3590
133.4535 32.1123
138.9657 29.4624
136.5952 33.3401
133.3967 28.8874
136.8533 32.9677
136.8268 33.1566
129.6358 27.3926
135.9526 27.9505
138.4116 30.2846
137.8069 28.8248
132.4580 32.4094
133.5962 29.2132
137.8551 29.9027
133.7531 29.1401
128.1664 29.1136
137.5844 30.3210
129.4098 27.8048
133.6780 32.4733
136.5305 28.0297
132.7421 27.7396
136.0203 31.3563
138.4825 29.1622
134.9395 27.7771
132.4236 31.1939
134.8848 28.7158
136.8469 28.2049
133.6448 32.1810
133.5129 32.4522
139.0713 29.1769
137.9622 29.8164
136.0020 28.5318
137.0974 30.4901
135.2864 27.7215
134.5552 30.6915
130.5557 28.5120
138.7779 29.7427
135.6010 31.2793
138.3927 29.7065
135.2132 27.8546
138.7776 29.0943
136.7741 33.2216
133.2938 27.6353
138.2812 28.6392
130.9723 29.3713
133.3296 32.2667
127.2255 27.8529
132.9386 31.3982
134.5457 31.1191
133.7964 32.4640
138.2183 29.6935
136.8178 28.5688
136.6944 32.9991
136.2466 27.5513
134.1591 26.5999
132.0251 27.7217
134.7695 28.4506
137.4846 30.3240
136.6934 32.6870
132.5683 31.9991
130.0807 27.2876
134.4547 27.3507
134.8831 28.3178
136.7224 30.6416
133.6401 25.4831
132.9981 27.7471
138.7090 29.5429
133.0120 32.0827
138.3268 29.2594
138.2185 30.0070
136.3875 33.2774
136.4307 32.4316
134.7023 27.1349
138.7397 29.5423
135.3984 28.3081
136.8540 33.1230
138.5354 28.9842
134.9917 27.6941
132.8318 28.4513
135.0665 27.6166
134.1048 30.1121
136.7123 33.2772
128.7910 28.8129
133.8466 32.3062
135.8729 28.3316
134.9690 30.6865
137.8619 30.4660
136.1266 31.7895
134.7251 26.5444
136.9760 32.9237
132.3980 31.8455
132.7060 27.6548
135.7408 32.5776
138.8668 29.0535
136.1958 29.1181
131.3065 30.2936
137.3958 29.8136
139.2242 28.9972
135.1229 29.7338
138.0274 28.3125
138.3967 28.8292
132.9938 30.9445
138.9741 29.3319
134.4404 30.9193
132.5585 31.7744
134.4628 30.9096
136.9459 28.2367
137.7860 28.4357
136.7948 32.5802
137.5863 29.1667
137.0374 33.1492
136.5418 32.4719
136.9005 28.4564
134.8067 27.2280
135.1493 27.5750
134.1610 30.0505
136.7947 33.1608
137.6571 28.7121
133.9814 27.3529
133.5166 29.1378
133.7448 31.0060
135.3375 29.9036
137.1889 30.3424
137.6507 30.4643
132.1880 30.4028
134.1009 27.7605
135.3108 29.3403
137.1442 33.2571
137.2365 30.3690
138.2943 30.2819
135.1532 32.6812
137.2715 28.3760
132.3202 31.3151
135.7994 27.7597
136.4661 32.3983
132.4178 31.9124
132.1821 31.3403
138.2338 30.2205
132.4649 31.4152
140.2088 34.5204
138.4404 28.8309
138.7248 28.9749
133.8389 32.1576
135.3943 27.4427
133.7119 31.4673
137.3565 30.3087
136.7059 28.2200
138.3959 30.0506
132.7944 31.7931
138.5040 29.8331
138.7030 29.7654
132.5273 32.0525
138.1190 28.4978
132.2780 27.6708
138.3941 29.6538
137.8166 28.5403
139.8709 34.6051
137.3647 28.3246
133.7385 31.6998
137.1992 30.3448
137.0466 33.1367
132.3849 31.6499
132.1886 31.4044
136.9902 32.8756
138.8493 29.7533
136.9432 28.2046
138.1843 28.5079
132.1121 31.4462
136.3565 28.3521
138.1049 29.8148
130.8667 26.7291
133.2737 32.2073
138.9267 29.2392
138.1196 29.6675
136.9088 28.2106
135.1719 30.0017
139.0385 29.0611
132.2309 31.7176
138.9929 29.1821
137.9544 28.4929
133.3915 28.7176
138.2086 28.7213
131.1066 26.9110
138.5232 28.9351
136.5293 28.1946
136.7838 33.0533
138.2521 30.3580
139.9846 33.2530
138.7064 28.8150
138.7273 29.4507
136.1329 28.5118
137.3082 30.1415
136.8163 33.2407
136.9606 28.6542
138.7801 28.7812
134.5650 31.0847
134.6060 31.0568
137.8665 28.5235
136.9993 33.1759
133.7963 32.0757
133.1105 28.0714
128.3394 27.3317
138.1117 29.6937
138.7769 28.8234
136.6563 28.1196
137.6142 30.1773
138.2135 30.0868
136.0076 28.0016
132.1550 31.4927
132.9002 30.6906
133.8366 32.5004
133.3720 32.3156
136.8618 33.3271
138.4911 29.9232
138.3396 28.6896
133.8202 31.7373
132.2964 31.4461
136.5480 28.2014
138.8501 29.4416
134.2211 30.4880
137.0219 30.3244
138.9041 29.1461
138.3863 30.2740
133.7475 31.9524
137.6458 30.4333
136.4481 28.2056
136.9284 28.2549
138.7470 29.3380
137.3358 30.1460
137.1006 28.7360
138.9415 29.3629
136.6122 32.7748
138.7634 29.5798
136.7121 33.2300
137.0101 30.3336
136.2277 28.0008
133.4959 32.4533
133.6822 32.4220
137.1374 30.3836
133.7495 32.3715
132.3011 31.3541
135.1103 31.8728
130.5748 27.0876
133.5426 32.4842
137.5394 30.0608
136.9746 30.3826
138.1644 29.8362
136.9234 28.1632
138.7455 28.8610
135.0386 28.4168
138.3237 29.8795
134.4899 30.9319
137.2088 30.2597
125.8476 29.9977
134.4458 26.8960
136.1273 28.3538
135.4689 29.4072
134.2968 30.9378
135.9018 28.2751
138.4243 28.9194
131.5572 30.4122
134.6387 28.1451
140.1662 34.6591
136.7693 32.7939
134.8124 27.5370
135.5771 26.6197
138.4353 28.9520
135.0056 31.4162
135.6848 29.8554
135.0749 27.9124
136.9116 33.4995
134.9455 26.9785
135.1997 30.2260
136.2863 27.8582
127.7314 28.3472
135.2136 31.7385
133.8092 28.6108
133.7052 28.6964
127.2101 28.9305
135.5815 24.3466
133.0275 31.1720
136.6348 32.5318
136.0084 28.7304
133.5500 26.6999
138.6208 29.6530
131.2361 27.9096
136.6314 32.5335
134.6001 28.7212
133.9630 27.2555
133.8990 26.1299
137.0985 33.0089
134.8941 27.4727
130.7460 26.8011
135.7196 32.3082
131.2241 27.9029
127.1621 27.0954
128.4358 30.7408
140.0910 32.3131
135.4443 27.2433
134.1088 30.1597
133.6081 28.2960
134.3819 27.1813
135.4762 30.1239
128.8514 26.5893
131.2323 29.4510
134.2440 26.3399
131.6945 27.8589
135.3693 28.0914
137.9398 29.1832
137.8706 29.9828
133.7716 28.4394
137.1912 28.7384
139.1144 29.5759
131.3235 28.3817
135.2793 32.1199
133.4763 28.4448
133.6883 31.4691
133.1026 31.4399
132.0331 29.8660
128.5433 28.4919
135.2225 26.0622
133.9130 28.5013
133.9081 29.2179
129.0716 27.5364
130.0288 25.5698
138.1437 30.3284
139.9679 34.6834
138.1132 30.4724
136.7949 30.6937
135.9520 29.8645
137.9007 29.9551
141.1039 35.2572
136.9374 32.8767
137.3297 29.1856
136.6534 32.4975
139.0014 29.8499
137.8585 29.7408
137.7119 29.7985
136.7576 33.4530
135.9800 29.9423
136.3588 33.2143
136.5835 32.4537
135.5055 32.7002
138.6449 29.2914
135.9406 32.5455
135.7605 30.5607
137.3479 29.1879
136.6872 29.2481
136.3426 33.2240
136.7964 29.2301
136.1644 32.4550
136.9869 33.5417
136.4826 33.4423
136.2198 32.4430
136.9496 30.7728
136.6317 32.5055
135.4203 33.0544
136.2422 29.7553
137.9807 30.5593
138.0703 29.1922
139.7606 34.7854
136.2270 32.4196
136.4025 29.4447
137.2605 33.6719
137.0394 33.4615
135.8423 32.5395
136.4018 32.4994
136.7372 32.6060
138.7700 29.9050
136.9635 32.9986
138.8175 29.4831
136.9721 33.4356
136.0476 29.7510
135.8657 32.5788
141.6656 33.9376
138.3680 30.1812
136.6097 29.6357
137.2633 33.6271
136.0999 31.2294
136.0532 32.4841
141.3382 34.7507
136.1701 32.4691
136.5696 33.4544
141.1850 35.3121
136.3361 29.7439
135.8688 32.5478
136.3760 29.7683
136.9560 32.9127
138.5017 29.2971
137.3940 29.1837
136.9443 32.8077
135.7370 30.5398
136.0593 29.8315
138.9581 30.0469
136.1695 32.4833
139.0480 29.8336
139.6295 34.9050
138.1439 30.4425
141.3803 33.2668
136.0845 29.8103
135.9419 30.0150
136.0231 32.4703
136.6713 31.8475
139.5874 34.9630
136.8653 33.4667
141.2668 34.8650
136.8678 33.5623
136.9539 32.9273
137.0125 33.2186
136.3961 32.4714
136.8677 33.4445
135.9774 29.6432
137.1845 30.7218
138.6287 29.3573
137.0534 33.1864
136.9325 30.8426
136.7978 32.6148
139.9621 34.7485
136.5222 32.4516
138.0441 30.6525
136.2652 29.3875
136.1510 29.7907
138.5957 30.1621
137.0730 33.5307
136.8176 33.6063
138.5242 30.3771
136.8453 32.0644
139.7810 34.8198
135.6811 30.6970
136.9834 33.5801
137.0259 33.3756
138.4824 29.2110
141.2412 34.9773
137.0437 30.7430
139.8357 34.7156
139.1335 29.5184
136.6377 33.5991
135.3246 32.8362
137.0252 33.0386
135.4884 32.7140
137.0061 32.8988
136.8677 32.6760
135.3425 32.8252
137.7274 30.2277
136.1450 29.8624
138.9775 29.9257
139.0373 29.6372
138.7229 29.9817
137.5666 29.1443
136.9455 32.8768
139.6802 34.8742
136.0411 32.4778
138.4844 29.1937
135.7943 32.5721
135.5176 32.7044
137.2656 33.7320
138.2895 30.5159
136.1893 32.4522
136.8247 33.6010
136.9511 33.3511
137.8611 29.7508
136.8168 29.3543
139.0068 29.9059
135.8919 32.5212
137.2838 33.6739
137.1460 32.7299
135.8661 31.0052
135.6760 33.1149
138.9783 29.8367
137.0076 33.3406
136.8219 32.6786
135.9798 29.9725
140.3687 34.2058
136.4288 32.4268
140.1925 34.5210
138.1258 29.1744
138.8535 30.1321
137.3272 33.7304
137.6446 29.1448
138.9993 29.8174
137.3125 33.6946
138.3622 30.5213
138.5416 30.1983
135.2020 33.0725
137.8436 30.0309
137.3323 30.4339
137.5363 29.1663
136.8979 33.4481
138.3501 30.1380
136.8328 33.4633
135.8633 32.5565
139.0451 29.8182
136.6219 31.8297
136.9938 30.7763
138.8867 30.0348
137.7851 29.7775
138.7597 29.4927
139.0258 29.8391
136.9709 32.9605
136.2225 29.8481
140.1093 34.5958
136.8941 33.7198
136.7648 33.5808
137.7668 30.5660
136.6356 33.3761
136.4389 29.3252
135.9836 32.5009
136.8869 33.4245
137.1215 32.5418
136.0529 29.7994
136.3862 33.3288
135.2695 32.8972
140.2753 34.3748
136.1456 29.8116
138.8147 29.7374
136.4682 32.4733
137.3685 29.2630
137.7190 29.9754
140.2369 34.4544
136.5504 33.3852
136.9972 30.7574
137.0018 29.1977
136.2462 32.4502
138.3835 30.4759
138.8033 29.5297
136.4409 29.7426
136.8335 29.2433
136.9743 33.5275
138.7637 29.4523
135.3990 32.7792
136.6575 33.5784
138.7320 29.9963
136.9974 30.7609
136.4798 32.4881
138.5353 30.1949
138.4497 30.0954
137.0326 29.2218
136.0561 31.1711
135.7181 32.5990
137.2330 33.7657
136.9222 33.5037
137.8316 29.7485
139.0402 29.7055
137.3309 30.4280
137.0011 33.3229
137.9000 29.9963
140.1708 34.4624
138.7610 30.2491
137.9371 29.9609
137.9495 29.1403
135.3189 32.8798
138.6642 29.3420
136.9926 33.2412
136.8917 32.7208
138.5877 29.2808
135.7849 32.5462
136.1313 32.4886
136.9009 33.6504
136.4524 29.7304
136.8676 32.6535
136.8495 33.4162
136.7452 32.5912
137.0054 33.0873
135.9182 32.5084
138.8551 30.0793
139.0748 29.5884
139.7857 34.7462
138.0804 30.4896
137.2102 30.3889
136.0668 29.6960
137.9149 29.9388
136.9524 33.5800
137.4154 30.7966
136.5743 30.7131
135.2962 32.8435
139.6737 34.6169
138.9421 30.0094
135.7629 30.1666
135.9335 30.9959
135.3811 32.8084
136.3721 32.4506
136.3451 33.2794
135.1032 33.0526
138.1591 30.4612
138.3111 30.5240
136.9198 32.8289
136.7780 32.5946
136.8218 33.6512
136.0603 29.8191
135.9949 31.2090
135.7166 30.2300
138.1676 30.4613
137.6424 29.2450
137.0994 32.5054
140.0577 34.4379
138.1254 30.4552
138.3651 29.1870
136.3509 33.2676
136.9386 33.5037
137.2873 33.7617
136.9664 29.2490
137.9475 30.5535
136.0205 29.9448
137.2637 29.1959
136.3165 29.3646
137.0670 29.2329
136.8450 32.6994
136.9028 33.7017
138.8265 29.8022
135.7121 30.6767
135.4317 32.7521
136.8790 32.7155
142.8892 35.6940
142.3307 35.5551
137.0980 33.7442
136.2477 32.4312
136.4859 32.4475
136.4473 29.3368
136.8483 33.4301
137.8008 30.0941
137.9015 30.5788
135.3656 32.7927
136.3667 33.3224
140.0936 34.5327
136.7963 32.6210
136.8372 30.7946
138.0653 29.1632
136.9102 29.2704
139.0098 29.8224
138.3684 29.1680
137.6595 29.7574
136.2079 29.4128
135.6660 32.6438
136.9541 33.7376
140.3571 34.2061
136.0042 32.4767
136.9846 33.0790
135.9691 29.7163
135.2471 33.2403
139.0590 29.5488
137.1465 33.6514
138.3897 29.2354
138.7968 29.8607
138.7280 30.2245
135.1698 33.2311
137.5941 29.1088
136.8239 33.5908
137.2560 29.1883
139.0376 29.5636
138.6118 30.2956
138.1221 29.1429
136.2572 33.2914
138.4635 29.2388
138.8795 30.0462
136.3440 33.2744
135.1871 33.1160
139.9647 34.6876
137.8023 30.6264
135.8176 32.5653
135.8179 29.9859
135.2973 33.1980
136.8813 30.7275
135.5394 32.6653
135.7778 30.2057
135.9062 32.5224
136.0127 32.4817
135.8595 30.0067
136.9379 33.1401
136.2394 29.4557
136.5583 32.4698
137.4356 29.2204
137.0329 33.7514
136.5010 32.4400
137.3890 29.3187
