135.2836 30.6594
135.8935 29.1923
136.6024 29.4128
137.9421 33.7789
136.9089 33.2251
131.8267 30.1427
131.7848 29.9169
135.9624 30.2933
137.3896 30.1793
128.4023 27.9802
136.8105 30.9222
135.7010 32.9259
137.7158 29.0303
135.3990 29.8870
136.9377 31.4423
135.5848 30.4790
135.3798 32.8356
130.8150 29.6730
131.3575 29.7674
137.4917 30.9593
131.8979 30.1572
134.2751 32.5369
135.3041 32.9013
136.6604 31.3767
137.3936 29.6066
136.9089 30.8184
132.8354 32.6886
130.9689 29.8692
135.8905 32.9432
136.6204 32.3461
136.8511 29.2749
138.2793 29.4398
137.2588 30.5132
137.0246 29.3875
136.2147 31.6372
137.7902 29.9523
135.2687 29.2706
137.6073 29.1988
136.2039 32.0428
137.0020 33.8508
135.7069 30.4712
137.1913 29.9276
137.3237 30.0003
136.1228 32.2994
136.7109 31.7777
133.0334 32.6601
135.2955 30.4643
129.4849 27.7641
136.0567 32.2331
136.4714 29.6849
136.1483 32.7667
138.0357 28.9851
136.1518 32.2345
137.5079 28.7402
136.8217 32.2104
131.5021 29.7911
131.0470 29.5332
136.9593 30.2560
134.7977 29.4164
135.9202 32.1564
135.2910 30.0709
136.5803 32.3165
137.7902 30.1616
136.3284 28.0489
136.7759 32.7766
131.8131 30.0024
131.3107 30.2422
136.5748 32.0854
135.4721 29.7064
137.2964 29.5812
137.2587 30.8026
137.1106 30.9996
131.0240 29.7329
136.7237 32.1488
136.2686 31.2344
130.8578 29.9146
136.7622 29.3187
137.0677 30.6757
135.5184 30.4964
137.4191 28.9944
137.7831 29.2924
135.7095 32.6234
135.7412 28.4621
137.9973 29.5242
131.3671 30.0825
135.4108 29.2719
137.6493 28.5703
136.2142 32.3310
136.4343 29.7052
137.0690 30.8643
137.3011 28.7441
137.2870 29.0593
131.6999 29.8611
135.8315 32.3696
131.4152 29.7498
128.5987 28.0037
136.9945 30.8865
138.1500 29.9226
128.6557 29.1101
136.1319 31.5409
136.3543 29.9199
137.7082 30.3294
135.4136 32.8953
137.2435 30.8199
136.8030 29.0530
135.9635 30.2944
137.1139 30.0071
132.2341 30.2799
137.0577 30.6915
135.8458 29.1079
136.7868 33.0246
135.4855 29.9757
136.8695 29.0811
137.5018 29.8979
135.0081 30.5850
131.0780 29.6568
136.0772 30.2959
137.2635 30.3617
138.2222 34.2388
135.0665 31.8698
137.3267 32.0980
137.1353 32.1481
136.3758 32.5790
137.0860 29.2158
137.0847 29.4535
131.4536 30.0591
130.7229 29.8927
137.4468 30.2958
136.8327 33.1376
138.0882 29.0431
137.2505 29.2403
135.3537 30.6093
137.8866 30.2791
131.6803 30.6506
131.0896 29.5587
130.9459 29.6511
135.6032 32.5074
129.6033 27.5409
136.6297 32.5730
136.6976 31.7965
136.6291 29.6435
134.2117 32.2992
137.9106 30.3868
136.3247 32.1457
137.3193 30.3346
135.7640 30.4902
137.5295 28.7279
136.1326 30.0804
132.7570 31.5687
135.5223 32.9987
136.4023 31.1199
136.4590 32.2149
130.8324 29.6776
136.5188 31.7392
137.3874 29.1492
136.3326 28.0795
136.3035 29.4334
136.8165 33.0410
136.0649 31.9010
131.8108 29.9191
131.9646 30.0203
131.2319 29.7124
137.5481 30.9320
131.0452 29.6521
136.0711 31.8680
131.1917 29.8746
131.0951 30.0781
131.6088 29.8833
135.0932 29.5419
131.3621 29.7781
136.1928 31.9075
136.6012 29.0728
130.9738 29.6131
137.8684 29.8416
137.6294 30.5411
137.3201 33.3644
135.7466 32.6994
130.8747 29.7999
136.8286 33.1877
130.6899 29.7297
137.4131 30.4828
138.1391 29.6327
135.3744 29.3199
135.8358 33.1046
130.7271 29.8079
137.9912 29.8664
134.6261 30.6843
130.6612 29.8672
130.2753 28.2712
136.5758 32.5124
135.6557 32.7683
135.3493 32.7906
136.0273 30.2677
136.8588 30.7037
137.4855 29.0038
136.6126 32.7588
131.3841 30.2604
133.3589 32.5203
135.5876 30.1423
137.3017 30.1903
130.8719 29.5871
132.2118 30.9902
137.4783 30.1539
136.0863 30.0541
137.2518 33.7516
137.1414 32.3913
138.0596 29.3645
136.1673 32.4895
137.5318 28.9511
137.1339 30.5002
135.6936 32.7907
136.7285 31.8854
131.3895 30.3740
131.7719 29.8957
138.2323 29.8203
137.0484 30.2176
131.6526 29.7837
137.1773 30.5052
137.9850 30.1579
136.1452 30.0751
134.8978 31.9173
138.1635 29.7571
128.9414 27.9620
138.3525 30.3693
137.2640 29.1517
134.5888 29.2971
137.2492 30.2241
137.6458 30.0233
131.3013 30.2016
136.6544 32.3089
136.6557 31.3445
137.0485 30.6061
132.3862 30.4141
136.6150 32.7166
137.3828 29.5331
136.0522 30.2674
137.0570 30.6231
132.7057 27.9250
137.2280 30.1287
134.5785 32.1836
135.9563 32.1206
134.7655 31.9434
136.7318 32.3635
136.0537 30.2184
137.2053 33.4142
133.8416 28.7252
137.8032 30.0066
136.1459 32.2832
137.1209 33.4714
136.8259 30.3211
135.6345 30.9886
136.9587 30.9095
137.3556 29.8700
131.3514 29.7949
131.5159 29.8580
137.4184 30.2816
128.3702 27.8762
137.1665 32.6114
138.4082 29.6810
136.7126 32.8898
136.6252 29.4032
131.7978 29.9017
133.9065 28.7392
131.1209 29.7842
137.3998 33.7968
132.3716 30.4095
135.9791 30.4031
137.0175 29.1659
131.8977 30.3112
137.0427 29.3221
137.4431 33.7332
136.5849 29.1147
136.9969 29.9662
137.1665 30.4996
132.5546 30.5900
131.4518 29.8356
136.7802 31.7045
137.4802 30.3289
136.7324 31.3657
137.2902 30.2143
136.5725 32.6276
136.6529 32.6032
138.1806 29.4798
135.7886 32.5050
136.8205 30.7525
138.2482 30.5068
130.5855 29.6074
136.9459 29.7956
130.6408 29.4723
135.6043 30.5477
138.1675 30.1340
137.3093 29.2654
136.1337 31.8189
136.9430 29.1046
131.9214 30.1528
136.8272 30.8574
135.6049 29.2969
137.3313 31.2230
136.9005 29.0571
136.0137 30.3182
136.4567 29.6333
134.7447 28.9199
135.3678 32.8805
135.9785 32.0117
136.8356 31.4808
137.7084 33.9659
137.8597 30.6653
137.1845 30.5687
137.0645 29.0261
137.2673 30.4103
135.5417 29.8529
137.1861 29.6429
134.3800 29.0883
134.9990 30.6752
131.8726 29.9258
137.2044 33.7572
131.1791 29.7109
136.9270 30.2630
131.3545 30.2273
136.7517 32.2434
138.0345 29.9419
131.5212 29.8139
136.7615 30.6071
135.6179 30.0143
136.0161 31.8534
137.2688 30.3437
134.3440 29.0826
137.8441 29.8035
137.4943 33.6253
136.5172 32.2466
131.6023 29.8432
137.4604 29.9137
136.8942 29.0808
134.4363 28.9012
134.9337 30.6438
136.1704 29.3651
129.5781 27.5099
136.7715 31.2241
131.8990 30.5935
136.5631 32.5781
137.9673 29.2518
137.8741 29.4561
137.5220 29.6928
131.6974 30.6391
138.0459 29.9046
136.0648 30.3881
136.7245 31.4708
137.9004 30.1006
138.0902 30.0923
136.9498 30.3643
131.4388 30.4487
135.0950 30.8852
137.0490 30.7822
135.7875 32.5498
136.0885 30.2292
136.7900 32.7549
135.7458 30.5659
132.0489 30.0475
137.5743 30.4089
135.8998 32.6905
137.0260 29.0848
129.1092 27.5408
136.8440 28.4303
136.6064 32.5658
137.1062 29.0869
135.4391 30.6169
136.4901 32.2528
137.6101 29.1543
137.3818 29.9042
136.8454 30.5262
136.6669 32.3720
137.4405 30.2403
137.2813 30.4470
138.3273 29.7890
135.4519 32.7359
137.6483 29.0451
137.3226 29.7821
136.0655 31.7543
131.3143 29.8010
136.5453 32.2055
128.1604 27.5139
132.1622 31.0948
131.7385 30.6530
136.8216 31.0316
131.1394 29.9990
137.9178 30.0524
130.6551 29.2991
131.2749 29.6745
136.7706 31.9293
137.4186 30.2276
136.1778 31.8862
137.3338 30.1875
137.6658 29.1186
136.8935 30.6592
134.2001 30.7653
130.0627 27.9191
138.5530 33.9902
136.5206 32.1299
131.0908 29.6421
137.2003 29.6179
137.2594 30.7339
136.5334 32.6801
135.6080 29.2380
137.0422 29.1362
135.7476 29.4544
135.6241 30.7433
136.8921 30.4751
135.2160 30.5792
137.1194 28.6487
137.6101 30.3202
136.2888 32.3709
135.6442 30.5362
137.8126 29.7271
136.7681 28.6314
137.1012 29.2949
131.1386 29.9466
135.0718 30.3374
134.9719 29.4472
137.7284 29.7545
137.6664 29.2086
137.0525 30.8189
135.9332 30.3627
135.6853 29.3180
137.2687 33.9513
137.6000 29.9223
131.5220 29.8148
136.4939 32.4007
138.1581 29.5813
131.2976 30.2948
128.8946 27.5543
137.7342 30.2519
137.2202 29.0636
136.4912 32.1650
133.3827 32.6650
132.4636 30.5483
136.4464 29.6178
136.6479 32.7815
137.3898 29.0515
138.3679 29.5399
132.6963 31.8084
137.1703 30.7007
137.4810 30.5393
131.2812 29.9128
132.6002 30.7794
136.6792 32.0402
131.6362 29.7957
136.0288 32.7739
133.7987 31.5996
137.8197 29.7838
135.2150 31.6664
131.3717 29.7638
135.2016 29.2943
136.8529 30.8070
136.0126 30.3355
137.0556 29.8028
136.5019 31.0645
138.5278 34.2078
137.4096 30.4624
138.2314 30.1104
131.2116 29.8188
131.1090 29.6942
131.0872 29.6667
137.0536 30.4078
137.2647 30.0182
137.9898 29.0878
135.4289 29.5183
135.7170 32.8568
137.9309 34.2597
134.4978 29.3501
137.5144 30.9510
134.3391 32.2545
137.3527 29.0504
132.0433 30.1229
137.7928 29.2045
135.3687 31.2738
137.4050 33.6254
135.7863 29.1382
137.2011 30.1877
136.9403 30.5406
134.0272 28.9564
136.0075 32.8815
128.4028 28.6142
136.0691 31.8000
135.8495 30.4662
137.7859 34.2301
136.3307 28.0075
137.9990 29.3042
136.9512 30.7764
137.2194 28.7788
135.5602 30.6648
137.0936 28.7065
138.3790 33.8934
131.7065 31.0757
136.8562 30.4166
136.7702 28.8442
131.1429 30.2795
136.8390 33.6650
136.3313 30.1367
135.2884 29.2761
138.2087 29.5161
136.4005 32.7946
137.7744 33.7841
136.5721 32.0739
138.6621 34.1375
135.4432 30.5497
138.1991 29.5516
128.2811 27.8529
131.5964 29.8057
137.2804 30.4029
138.0930 29.4412
136.0530 30.3103
137.6907 29.1347
137.0908 29.1748
137.6417 29.6113
137.8905 28.8538
137.9837 30.2336
136.9361 30.4907
137.6159 28.6707
131.2430 29.7178
135.8775 30.3820
137.6652 29.4541
135.6589 29.3095
136.1444 30.2823
136.3019 31.3087
136.0575 30.2966
137.5389 30.0881
134.2544 28.8609
138.1554 29.6560
128.1523 28.2474
136.8617 30.3004
136.0227 32.3509
131.5007 29.7433
131.5757 29.8427
137.3458 29.2304
135.8249 32.6086
137.4502 29.3920
136.0542 32.0284
137.9495 30.0951
128.7032 28.7358
137.8297 29.3924
137.9646 30.4460
137.2449 30.4288
137.1411 30.1957
135.9267 32.5130
137.5033 30.3947
136.1597 32.0953
137.4153 30.6122
131.6586 29.9036
137.3652 29.0722
131.5308 29.9961
131.6868 30.5767
134.9836 28.9676
138.0313 29.4625
131.4338 29.7673
129.6079 27.5863
136.2578 30.1600
137.1611 30.7241
137.0732 30.4180
137.5079 29.0819
138.4767 34.0290
136.1216 30.2281
137.1328 29.0091
136.1676 30.2145
137.3643 29.2066
135.8346 29.5808
138.1080 30.2725
137.8426 30.2974
138.0350 30.1324
129.3106 27.2914
130.8624 29.6128
133.1727 32.5844
137.0415 29.1576
136.8082 29.1158
136.2310 32.3069
137.1215 30.3983
135.9579 32.4079
137.5087 30.4763
131.0289 29.6177
137.2411 30.9910
130.9699 29.7053
134.8308 29.4075
136.4180 29.7788
131.0334 29.6587
131.0182 29.7733
134.3773 32.2576
135.8899 32.6521
137.4860 29.6769
131.4292 29.8060
132.1669 32.2882
137.8647 29.3279
130.8493 29.7508
131.8262 30.4406
131.5809 29.7803
138.1054 30.0540
137.6560 29.6920
135.7787 32.6328
131.7428 30.1386
128.7667 27.7092
137.0870 30.8719
131.8212 30.1008
137.1697 28.6753
137.0345 30.4950
137.6459 29.5561
137.9466 29.6762
130.9300 29.6706
134.8519 30.1730
137.0570 30.5154
136.3151 32.1283
138.2172 29.7948
137.3425 29.4359
137.3240 33.2919
135.4252 30.7460
130.6615 29.6778
134.5543 29.0537
135.6760 32.8214
137.3865 29.1445
135.7120 33.1201
137.6152 30.4545
137.6234 28.8566
136.1083 33.0265
135.9737 31.7638
136.5699 30.9839
135.3223 32.9693
136.1716 32.9869
137.6899 29.0617
131.7155 31.2388
136.6083 33.0504
137.4912 28.9706
136.8198 33.0214
138.6747 33.7829
129.1183 29.2793
135.8821 31.8542
136.6598 33.2742
137.1221 29.7100
137.3246 34.1172
135.7518 33.1706
136.0423 32.7162
137.1717 29.4402
136.7646 30.8535
135.5687 32.5680
134.2397 31.9028
137.1369 30.1051
136.0801 33.0155
131.8072 31.6321
136.6690 32.5238
136.5683 32.8502
137.5113 34.2482
136.5346 32.4124
128.3770 28.7576
137.8831 29.1092
129.2187 28.6541
137.3533 29.1874
136.5851 32.7811
137.5149 28.9174
135.2575 32.7882
137.9047 28.9721
137.5950 29.1282
136.0392 32.3162
137.4830 30.4100
135.8067 32.2037
136.6790 31.3599
136.8460 33.0776
135.4343 32.8962
136.5423 32.9250
137.6096 29.0773
138.0028 29.9815
129.0063 29.2120
138.2321 29.9888
137.2078 32.7814
137.0243 29.8659
129.2809 29.2325
137.6299 29.1038
135.1749 32.9708
135.8251 32.7931
137.8930 29.2619
131.3637 30.7374
135.6352 32.3898
135.5441 32.5289
138.0018 30.2428
136.3013 32.8029
129.2448 29.2124
137.5971 30.3522
135.5131 32.6679
137.5815 29.0234
137.4051 28.7804
138.9350 33.7722
136.5486 32.2114
131.3763 30.6558
137.1003 29.2358
135.4184 33.0194
138.0250 29.7440
137.0754 33.8181
128.5535 28.2359
136.9699 29.4450
137.3797 33.1090
136.4170 33.0365
138.4655 34.2200
135.7019 32.4482
139.3338 34.4359
138.3131 29.3576
138.3117 34.2103
138.0688 29.8751
139.1290 34.4834
137.6584 29.1666
136.6945 30.8584
137.7822 29.1454
138.5538 33.9434
137.2288 29.3276
136.0293 32.1808
137.5536 34.0787
135.2731 32.8170
138.1273 34.0431
137.3606 29.1350
135.6520 32.7169
135.4934 33.1817
138.3410 29.6529
137.4152 34.1224
137.2945 29.1860
135.1924 32.9034
136.5210 31.9161
137.1094 33.7272
137.2074 28.9804
136.4424 31.3431
135.7067 32.0504
135.7300 33.1950
135.8904 32.3781
137.5652 33.4037
138.1293 29.6575
137.4463 29.1206
137.5921 28.8434
138.8446 34.3437
136.6653 33.1347
135.2730 32.7841
135.6940 32.9812
136.5574 32.9661
135.3621 32.6371
135.2278 32.8238
136.8847 33.3025
135.1624 32.8423
131.0423 30.0177
136.0444 32.9760
136.6927 32.8947
135.4967 33.1869
135.3337 32.8014
138.4489 33.7947
137.9913 33.6724
135.7150 32.4107
136.8963 30.2249
135.2682 33.1189
135.9050 33.1443
135.5537 33.1646
135.2635 32.8685
135.4323 33.2385
135.3140 32.9824
131.1503 30.2403
135.9477 32.9888
138.4984 34.1974
137.7794 29.6654
135.9707 32.9534
137.1070 33.7692
137.2835 33.9069
137.1013 29.9771
135.4114 33.1385
136.9453 33.4575
137.4161 33.3741
135.7150 32.4605
129.0741 29.1851
136.0010 33.1895
136.9419 33.4695
136.5576 32.9333
137.2232 33.9269
136.0374 32.0649
135.5777 32.5642
137.2244 29.7455
135.8606 33.2056
135.9765 33.0137
135.3142 32.7512
136.9440 33.6299
136.1508 32.8794
135.7868 33.1797
135.6325 32.1591
137.6905 29.6172
136.4467 33.0354
137.6092 34.1671
137.0711 29.5229
136.6502 33.0585
135.3554 33.0379
135.4091 32.6530
136.9217 33.4086
136.6332 30.9701
135.3839 32.6783
131.5171 30.7356
136.6017 32.9659
137.6263 34.2575
135.7829 33.2271
136.1567 31.6169
135.8216 33.0888
136.6183 32.8843
135.7920 30.4459
137.8336 29.1871
130.9646 30.0810
135.4497 32.7491
137.1210 33.8740
135.8014 32.0265
135.2923 32.8849
137.4202 29.5427
136.5753 32.8963
136.5754 33.1544
137.8503 29.0886
135.8999 31.7729
136.2743 32.6390
135.9135 33.1775
135.9651 33.0696
135.2731 32.9964
136.3732 32.9006
135.4900 32.4761
136.5518 32.9770
135.6038 32.3874
137.1377 29.4856
135.5005 33.0782
137.2405 29.6920
129.3936 28.5066
128.6422 28.0168
137.1842 29.8146
137.1053 29.8935
129.4387 28.5180
135.9649 33.0192
135.2592 32.7693
135.4345 33.1791
137.0669 29.5691
136.8430 33.6231
135.4152 33.0829
135.2711 33.0700
136.9253 30.1163
137.2391 34.0453
131.8956 31.6699
135.7374 32.2311
137.1314 33.8198
137.9168 34.1796
136.5267 31.4702
136.1494 32.9260
135.6900 32.1892
135.8469 32.9122
128.7356 28.6909
135.6424 32.2954
131.2976 30.4113
135.5848 32.3336
135.9893 33.0486
135.4049 33.1455
136.5106 31.4620
135.6163 33.1427
135.5790 33.1298
135.8679 33.1294
136.5837 32.8944
135.5159 32.5507
138.4040 29.5998
136.7174 30.9776
135.5230 30.5712
136.7391 32.9779
136.6916 32.3016
136.2804 32.8168
131.0893 30.3487
136.2961 32.8457
136.7236 29.6957
136.6012 31.4285
139.4881 34.3869
137.1031 28.9078
137.1179 33.6021
136.0037 32.4415
135.5945 28.9839
134.6424 29.2051
135.5858 31.4934
128.1555 28.4223
136.7409 30.4136
135.9476 30.2561
128.5052 28.1352
129.3052 28.5923
129.4994 29.6019
137.9120 30.8278
136.8082 28.8682
137.3142 29.5443
135.2379 31.8552
137.9203 34.0522
136.5071 32.5691
131.5118 30.0975
135.7246 30.7390
137.7940 34.0808
137.3387 30.2689
135.6238 32.2036
136.3608 33.0522
131.8919 29.1058
135.9038 32.3211
135.9178 32.8102
137.2525 30.3794
135.8858 32.6712
137.4348 29.1276
136.4272 31.0941
137.8821 30.0896
132.1428 29.9063
136.8486 33.1983
137.0374 33.5389
136.9926 29.3042
133.2959 32.3951
136.4914 31.1971
126.4690 31.5907
129.8332 28.0142
136.9066 28.8653
128.8202 28.3257
135.9461 32.2029
138.1550 29.1084
138.7540 33.9151
136.9524 30.3752
136.9565 29.4376
136.4699 32.6517
136.9816 30.9515
136.8456 32.9025
138.7076 33.7295
136.3990 29.4101
137.5355 34.2440
136.3909 32.3584
131.2987 30.0142
135.4102 32.7431
135.3022 30.6241
136.9177 32.7075
135.5275 32.0715
135.8951 33.1665
132.8569 32.1043
137.2124 29.7968
136.6852 32.9943
136.9763 33.7309
137.5671 28.8190
137.0686 30.4845
136.8175 33.2029
136.3251 30.2554
136.2767 33.0424
136.8982 29.1236
136.5214 31.9209
135.3069 33.1025
133.1934 29.9573
138.7495 33.8583
130.9263 30.9099
136.9752 29.3512
135.7376 32.0526
135.4241 30.3540
136.1398 30.3817
135.4416 32.9295
129.7971 28.4276
136.0283 30.0628
136.8742 30.8088
136.0360 29.8831
135.8704 32.0825
129.1456 28.5881
136.5433 31.0679
137.3826 29.1804
137.8579 29.8481
136.9932 29.7429
136.2112 30.3907
137.8300 30.7231
137.2157 29.2987
129.6239 28.5732
136.4874 29.7156
135.6222 28.9573
135.5283 33.0852
137.5180 28.9455
131.8078 31.6430
135.8664 31.9796
136.4727 31.3772
137.5902 33.4373
137.4295 28.6570
136.8163 30.9456
134.3799 32.2485
137.4819 30.1910
129.1960 28.6040
136.5092 33.0062
138.6396 34.0823
135.7722 32.6160
137.5241 29.5047
135.3871 30.8256
134.9836 28.9760
137.3256 30.4586
136.2695 32.9235
138.2033 29.7124
136.8994 29.0864
136.7478 31.7386
138.0791 30.6817
135.5313 33.0158
131.8792 29.8908
136.1275 30.2337
137.8713 29.9595
134.9815 31.8286
135.5703 33.0449
131.7054 31.2499
131.9316 31.5084
136.2882 30.0358
136.8851 32.6887
132.0339 30.0613
136.8168 33.0681
136.0170 31.8461
137.2257 30.5251
136.2009 32.0529
137.6070 30.6090
128.8011 27.9928
136.8926 29.9881
137.0239 29.9657
135.5017 29.8054
137.6561 29.4903
135.3423 29.3551
138.0334 29.3823
135.9052 32.4068
138.7451 33.7518
135.3105 32.8020
137.2401 30.2565
137.3775 33.3997
137.7280 30.1470
138.2198 29.8695
131.3773 29.7565
136.3496 32.8516
137.1157 30.4296
135.5465 33.0783
137.8419 33.9792
136.3078 32.8185
137.9557 34.1268
136.6456 29.0634
137.2807 29.2275
137.8056 29.1583
135.3579 30.6718
137.3524 28.9837
138.8974 34.4056
135.5768 32.8180
136.2593 31.7688
131.0786 29.8370
136.0178 31.9460
128.5610 28.0658
134.4828 30.4034
137.1399 29.0625
135.4713 29.1488
131.1337 29.7658
138.1313 29.0871
136.7932 30.7847
136.6174 33.1317
137.1696 30.9669
136.9591 30.4390
135.9182 32.8763
137.1651 32.2009
136.3634 31.2334
128.6853 28.7596
136.3076 32.6169
137.2234 29.6544
136.1616 30.5391
137.7164 30.0006
137.5578 30.2522
137.8637 29.4327
135.3805 29.9371
135.5203 29.8742
137.7644 29.1606
137.6109 30.3055
130.9911 29.6861
131.2047 30.3707
137.5278 29.5616
137.7100 29.9161
137.6178 29.0889
138.4750 30.2864
136.6684 32.3682
137.2262 30.1203
135.3081 29.4664
135.9922 32.6921
128.6783 28.9249
137.3953 34.1382
136.9677 30.1647
132.0562 32.0925
131.3099 29.7319
137.3431 30.7331
135.5498 32.5962
135.5173 29.4044
136.6268 29.4690
136.7346 32.6753
137.0734 29.5262
137.4773 30.3361
135.3566 30.6629
138.1528 29.5873
135.8692 33.0230
136.0348 33.0089
135.5959 32.7870
135.6573 29.0911
136.1167 31.7997
136.2142 30.0646
131.9825 30.0560
135.5685 33.0862
136.2298 30.1139
137.9716 29.2598
137.3272 29.4093
137.5022 30.2483
137.4330 29.8350
135.9888 31.9483
134.5934 32.0455
138.1707 33.9535
131.5915 29.8600
136.9090 33.5083
130.2837 28.1234
137.3292 30.1131
135.9781 32.2410
138.6820 33.9615
137.6438 34.0852
136.1223 32.7842
135.7358 29.5449
135.7317 29.9969
137.3102 28.6590
131.4422 29.8356
134.8231 30.3519
138.1955 29.6306
137.5235 29.6493
131.1931 29.7183
137.6482 29.9359
136.1856 32.1557
135.9504 32.6489
138.3190 29.8874
132.2751 30.3667
135.9441 32.2089
137.4022 29.3707
136.9261 30.1037
136.6718 31.6062
137.6686 29.4252
136.4443 29.7454
137.9170 29.1730
137.7746 30.1672
131.7967 30.6470
138.4589 34.1949
137.4112 30.1146
137.1967 32.8867
137.1930 29.0642
131.0625 29.6786
130.7186 29.7484
135.9846 32.3784
137.6066 29.1069
137.3958 30.1853
137.4187 30.2192
138.3202 29.8164
136.5834 29.1066
131.7880 30.0064
136.6125 29.3736
136.0105 32.2157
137.0379 33.4614
135.5704 32.9094
131.4378 29.7161
137.9014 29.5082
136.2610 29.9983
131.8776 30.2093
135.4222 33.0162
129.3795 28.4346
135.4429 30.0957
138.1052 29.5831
135.9983 32.1174
135.6060 30.4920
136.9836 29.1383
134.6174 30.7356
139.0401 34.3787
137.1629 30.5955
137.6603 29.1168
134.7162 30.2496
138.1817 29.5422
128.6390 27.9678
131.8591 29.9819
128.6916 27.9844
137.6537 30.2373
138.1741 29.5879
137.0553 30.7069
136.5778 31.4111
135.4204 30.6646
136.3817 32.0478
137.4283 29.0219
135.9628 32.0697
136.3846 29.2419
136.0683 32.1182
135.6790 29.6793
136.0328 31.9188
131.7022 30.4444
136.6960 32.0443
138.2246 29.7328
137.8584 30.1827
137.0603 30.5546
137.3033 30.1485
129.6747 27.5740
137.3511 30.5823
137.7922 29.6734
136.5558 32.2374
137.3325 29.6528
136.6255 29.6086
137.6302 29.6254
138.7805 29.9086
137.4548 29.8774
135.5794 30.8800
131.2363 30.2821
137.6068 30.2060
137.1796 30.3873
137.5742 29.6899
136.8520 30.3288
135.1364 30.6706
137.5025 29.5886
128.5514 28.6065
135.4332 30.1607
136.2772 31.9736
136.7480 31.9893
136.0605 32.1769
134.3091 28.9178
133.9687 28.7333
136.4538 31.0641
131.2902 29.8974
128.3810 28.6873
136.6837 29.3268
137.0034 29.1339
135.5443 29.4308
137.3734 30.0716
131.1061 29.6004
137.8763 30.5038
131.5519 30.4851
137.3268 29.4993
128.7844 27.6015
137.3728 29.0696
135.1578 30.8855
137.5957 34.0732
136.6076 33.1606
137.7221 29.0779
128.9264 27.9482
137.5498 30.6235
136.5254 29.6714
137.2657 30.7247
131.3283 30.1605
136.0835 32.6830
128.4962 28.6828
137.4943 33.5860
135.3239 30.4642
136.4036 29.8881
131.2191 29.9811
137.5728 29.1283
135.6971 32.9152
135.9434 32.2308
135.7291 32.7079
136.5599 32.7092
136.2575 32.6358
136.4922 32.2089
135.7675 32.6317
136.1026 30.2538
136.3454 32.7337
137.8990 29.2172
135.1562 30.2869
135.4718 29.2240
135.8090 29.2751
134.4920 32.3882
135.3816 33.0227
128.4909 28.1719
135.6092 32.7360
130.9662 29.8047
128.6031 28.0682
131.8008 30.9370
135.7280 32.8116
137.7642 29.1552
136.6093 29.5470
138.8285 34.2769
133.1458 29.3104
131.1538 29.7736
136.5520 29.6135
135.6952 32.3650
131.8259 31.0925
135.3871 32.8703
137.4726 34.0012
136.5560 32.4437
136.0971 32.7991
136.1419 32.2239
129.1449 28.6541
131.8913 31.4737
136.4650 32.2568
128.5327 28.6647
135.9620 32.8515
137.3837 29.1758
135.5075 32.7610
135.5535 32.9582
129.0334 27.6135
137.4097 29.4268
134.1068 32.4891
136.9100 33.4037
131.2839 29.7719
136.0432 30.6826
138.0812 29.9576
137.3896 30.4967
131.2558 30.0101
134.7046 30.6502
128.6106 28.0623
136.4423 32.9682
131.1062 29.8300
137.9296 33.9165
128.7586 28.6109
133.6000 29.7153
136.5662 29.8185
137.9232 30.2454
136.2385 30.1113
136.2876 32.6820
137.2728 29.6252
136.7231 29.4923
135.9715 32.7307
131.2869 30.7855
130.7917 30.1294
137.4608 29.1402
135.3110 32.8165
136.4196 30.3402
137.2325 29.2503
138.3976 33.7516
137.5623 29.0098
135.6710 32.6987
137.1861 29.2744
131.7867 31.1414
137.6200 29.7597
135.4297 29.2039
131.0464 29.8853
137.4432 30.3141
136.5912 29.6815
137.3642 29.2460
137.8879 29.2893
135.6201 33.1220
134.1617 32.3678
137.2893 29.1824
135.2500 32.9809
136.4588 32.9170
137.2570 29.3897
138.1267 29.7048
136.9561 30.4109
131.5554 31.3867
136.7417 29.4308
135.7562 32.4018
135.7775 32.5661
131.3805 29.7533
136.0767 32.8942
133.4336 32.6204
131.0150 29.7035
131.7660 29.8651
135.4606 30.3304
134.8858 29.3942
136.1949 30.5035
130.9291 29.9191
136.2765 32.7852
135.9259 32.9427
131.4969 29.8258
137.8325 29.2690
135.9981 32.3918
138.1263 29.3911
137.6730 29.2711
135.7118 32.2597
134.9359 33.0309
135.7958 32.1823
137.3103 29.3028
136.0988 33.0679
137.5087 29.5675
135.2000 33.1987
137.5655 29.2538
135.2442 33.3048
136.9551 30.0931
137.0257 29.7198
136.2690 32.2590
136.7467 33.1702
136.8871 30.7166
136.9161 33.6394
136.3636 32.2086
137.6575 33.5084
137.0551 29.6973
136.2370 31.3801
137.0991 29.6482
136.3113 33.0541
137.9025 29.2748
135.7716 33.2043
137.5734 29.6271
135.9024 32.5793
137.9923 29.7339
136.9989 29.8584
134.7921 32.8308
136.9181 30.4035
135.0737 32.9239
136.0075 33.4335
136.8754 30.6788
135.8854 32.3063
136.4566 32.9890
136.9915 29.8266
136.5785 32.9086
137.8340 29.6123
137.9589 29.1997
135.2687 33.0192
135.9549 32.5875
137.2607 32.5122
136.0401 32.1409
137.3776 29.7984
137.9683 29.6301
136.2327 33.3336
137.4222 29.7260
136.4365 32.0331
137.4765 29.2705
137.2920 29.8408
137.1965 29.4750
137.0477 29.5992
136.9345 30.2354
135.7747 33.2788
137.2734 29.7408
137.8764 29.8974
135.3075 32.9820
136.4927 32.9708
137.7120 29.5009
137.1890 29.8375
137.6739 29.6658
138.5108 34.2385
136.7467 31.2434
136.2554 31.3114
135.2472 33.0088
138.1370 29.4967
137.3034 34.0209
136.6163 31.5750
137.5098 29.8201
137.3727 30.0079
135.2122 32.5085
136.5558 31.0173
137.6488 29.3507
137.2288 29.4302
136.1334 31.6242
137.0784 29.6951
136.6688 33.2198
137.8089 29.9560
136.4502 31.1010
137.0697 29.6210
136.4683 31.8673
135.2697 33.0453
137.5799 29.3781
136.5826 31.6903
136.1856 32.4714
137.7213 29.4957
136.0428 33.1521
136.3892 31.2700
135.3344 32.7739
136.5217 31.8322
136.2386 33.4983
137.0345 29.6546
135.1634 32.9507
136.9392 33.6824
137.0321 29.7891
136.9836 33.9201
135.7695 33.2126
137.8830 29.8614
137.1018 33.7787
137.5152 29.6783
138.1620 34.2429
136.4385 32.0440
138.4671 34.2000
136.4922 31.8745
136.9722 29.9434
136.9085 30.4488
136.1286 31.6073
137.3405 29.3730
135.7409 32.7933
135.4866 33.1570
135.6478 33.1477
138.1805 34.2452
136.5917 31.1083
136.4789 31.0897
136.8990 33.3616
136.5279 31.0721
137.0777 33.9906
137.4484 29.2985
136.6987 31.0735
137.2203 34.1221
135.8807 32.6772
137.6091 29.6934
136.8011 33.2281
138.5064 34.1762
136.9032 30.3596
136.1891 32.9899
136.9986 29.9243
137.1555 29.4819
137.8445 29.9180
138.2144 29.9758
137.0111 29.7328
137.8674 29.6291
137.3515 29.7099
138.1948 29.9621
135.7324 33.1685
135.1941 33.0248
136.2012 31.4450
135.2145 32.5575
137.0084 29.7988
137.2719 34.0101
135.9115 32.7066
136.1129 33.1305
137.0443 29.7685
135.4517 32.9404
137.5729 29.3794
138.8880 33.7268
136.8334 30.9604
135.9768 31.9412
135.8064 32.8675
135.9260 32.1639
134.8792 32.9426
138.2227 29.8068
135.9632 32.5105
136.0361 33.2809
136.5118 31.0524
138.1536 34.2418
138.0661 29.3344
137.4091 29.7198
137.5450 29.5240
137.2159 29.4405
130.6649 29.6225
136.8943 33.4807
136.9192 30.5390
136.3195 32.1457
136.2419 32.9304
136.3345 33.0409
137.0815 29.7278
137.4547 29.4407
138.1436 29.3593
138.1510 34.2005
135.6331 33.3742
136.5605 33.1306
135.9512 31.8507
138.0463 30.0780
137.6388 29.2723
136.3140 33.4661
137.1231 29.5403
136.7118 33.2016
135.4162 32.7965
136.9707 33.6005
135.8606 32.2048
137.8941 29.2011
136.1676 31.5299
136.0328 31.6729
136.5195 31.8736
137.8703 29.5060
136.7127 30.8469
136.6417 30.9781
137.9955 29.2473
137.8603 30.0218
137.0707 33.7381
136.0326 32.9704
135.3209 32.4601
136.4715 31.9230
136.6963 33.2136
135.7248 32.5864
135.3131 33.0550
136.1763 31.5311
137.0596 29.7255
138.0603 34.1824
138.1163 29.4568
135.9663 33.1617
137.0289 33.8240
136.6445 31.0148
137.9725 29.2522
135.0147 32.7930
136.4874 31.1817
135.7286 32.8041
135.9185 33.1391
135.3499 33.1238
135.6196 32.8806
137.2879 29.7514
135.8966 33.1948
137.0819 29.4990
138.1473 34.2022
136.9523 30.0999
136.5417 33.1020
135.8706 32.1329
136.1262 33.1097
137.5439 29.5508
135.9755 32.0857
136.2494 32.9111
136.9481 29.9625
135.9313 32.0569
136.3986 33.4598
137.8898 29.2585
137.8172 29.9183
137.7221 30.0633
136.0384 31.7346
136.6490 31.5470
137.0622 29.6117
134.9060 32.9076
137.8045 29.5441
137.4943 34.1529
136.3575 33.0393
135.9948 32.8999
136.6522 31.5091
136.6242 30.9740
136.7108 30.9905
137.0022 29.5799
137.2662 29.7459
137.2124 29.7410
136.7928 31.1096
137.5848 29.5872
137.0585 29.6606
135.8900 33.1789
137.1092 29.5245
136.6291 31.2631
137.1584 30.1397
136.0446 33.0061
137.0346 29.7503
137.3757 29.5862
135.3895 33.2128
135.8762 32.3416
137.4876 29.6308
137.6462 29.6093
137.8176 29.7510
137.0927 33.9063
135.2819 32.5516
135.9578 33.2733
137.4393 29.6155
137.4503 29.6538
137.0446 29.6358
135.3815 33.2227
136.1755 32.5217
136.1115 31.6814
137.0167 29.8106
136.7917 31.0687
135.7163 32.9496
138.1038 34.2257
136.6230 33.0309
137.0403 29.7685
137.4030 34.1711
138.1057 30.1929
136.5992 31.1121
136.1101 31.5497
137.3965 29.8484
137.4835 29.5470
135.6372 32.9915
135.4439 32.7337
137.1723 29.4660
138.4121 34.1802
136.1394 31.7267
136.9891 33.5637
136.6383 32.9977
138.2285 29.9958
137.2849 29.8040
137.9818 34.2270
137.0112 29.8064
135.3301 32.5758
136.4062 32.0549
136.4360 32.1098
136.7952 31.0954
137.5276 34.1256
136.0030 31.9985
136.9179 30.3844
135.1779 32.8999
135.2447 32.6596
137.4844 29.2802
136.9268 30.2379
137.7234 34.2595
137.1985 30.0650
137.3406 29.6740
138.2003 29.9320
137.2838 30.0043
137.9339 29.2703
136.2681 31.3490
135.6765 32.7034
136.4507 32.0967
136.4329 31.9992
136.6026 31.0638
136.9713 29.8422
136.0927 31.8733
137.1365 29.9779
137.4678 29.7855
135.4715 32.7086
136.7329 33.1699
136.1099 32.4832
136.7097 31.0684
136.8617 30.8554
138.2408 29.8339
136.1712 33.1711
138.1906 29.9668
137.6609 29.7289
137.1784 29.4309
136.4921 31.8710
135.7464 33.2992
137.0617 29.7301
136.2108 31.5342
137.0725 29.4748
136.1944 31.5203
135.0854 32.7603
137.4661 29.6343
136.2926 31.3922
135.3708 32.8317
135.3683 32.7881
137.1112 33.8302
137.2647 29.7579
136.9839 29.9278
138.0311 30.0339
135.4899 32.4936
136.6489 31.1999
136.8465 30.9520
137.3249 29.6891
137.3888 29.9210
138.2634 29.7813
135.9241 32.1461
136.8046 31.0693
135.6495 32.6589
137.5838 29.7827
137.8837 29.2908
128.3020 28.2762
135.9313 33.4317
136.7881 29.2366
136.7329 32.6505
133.5699 31.8165
136.2003 28.0713
136.7769 33.1531
129.1638 29.4614
137.7845 29.0243
139.0136 34.3845
136.7079 32.1909
134.3088 31.7592
137.0168 29.3167
128.6363 28.0967
135.6603 32.8068
136.7059 32.6183
136.2858 32.7493
135.4393 30.6291
136.4936 29.8612
131.3092 29.8574
135.9959 31.9668
137.0362 31.5062
137.0681 32.8305
136.5071 30.1627
130.8383 29.6594
131.9162 30.5475
132.6466 30.3175
136.3559 30.0660
133.0570 28.4163
131.8866 30.0959
130.5349 29.6438
132.8094 31.0616
135.0376 30.8389
137.7727 34.1912
135.6038 29.0622
136.7158 29.5467
137.1779 29.0235
136.3802 32.0764
137.0919 30.9909
134.9285 31.9391
137.4877 29.9789
130.4839 30.6077
138.0249 30.3027
138.1048 29.6212
136.1386 32.2413
137.3099 33.9501
128.2280 27.9083
137.5708 33.8399
137.4509 29.6872
136.9953 30.5586
138.3391 34.0685
137.5168 28.7514
136.1385 31.3450
131.6851 31.3918
137.1312 30.0301
137.5806 29.2625
127.1198 30.0533
136.8860 33.9017
138.3064 33.6250
136.0187 28.9692
137.2164 30.7879
128.7713 28.5720
136.2779 29.8997
136.9267 30.5996
137.4915 28.7837
137.1978 31.2272
137.9320 29.1752
137.6594 31.1062
136.9033 32.5783
137.7198 28.9498
137.6973 29.1110
135.3192 33.1187
131.3429 30.2329
136.9682 33.9891
137.8599 29.0556
137.4245 28.7069
133.5301 28.6256
137.7779 30.4743
132.0858 29.7065
135.8306 29.3687
137.2025 33.8841
135.7773 32.5150
131.1626 29.7696
138.8943 33.8098
137.6460 28.8048
136.0203 29.6801
135.8163 32.8139
136.3199 29.8703
137.6113 30.5814
137.6385 29.2086
135.3345 29.3598
137.0593 33.0618
129.1446 28.8330
128.6059 27.9890
137.3170 30.5002
136.1180 29.9087
138.7150 29.5773
130.8642 31.0293
137.1109 30.1294
131.5607 30.7907
134.6347 32.9434
128.9123 28.9812
137.2986 28.9675
130.7650 30.8602
136.7281 31.2936
137.0920 33.6918
131.7366 31.3703
128.6271 28.3434
136.6241 32.6185
131.2867 30.0109
130.6951 29.7790
137.5572 30.5370
137.7712 29.3989
136.8206 31.1797
137.3132 29.2012
131.8957 29.1672
135.6595 29.4717
137.6017 28.7363
131.9024 31.1581
136.7450 31.6206
130.9250 29.7174
136.5489 32.4585
136.9131 33.0514
136.5521 32.2604
135.9627 32.4867
137.3808 29.6849
135.9714 30.4261
131.2213 29.9514
136.7883 32.4892
136.4597 31.9230
137.7715 29.4079
136.6758 31.5021
131.5070 28.9329
135.6969 30.0177
136.7683 32.8802
133.8945 32.5782
136.0554 30.3938
137.9017 30.0078
136.9820 30.9490
128.4284 27.8369
134.9272 30.5676
136.6935 32.7890
135.6803 32.8237
135.4541 30.5274
128.8656 28.5298
137.5353 30.7261
135.9089 32.5343
136.3137 30.1126
131.2120 30.2682
132.6814 32.5390
137.4042 29.1262
136.8022 31.4557
131.6439 29.8722
129.0756 29.4056
138.3308 29.5041
138.0525 29.8726
131.6904 30.0876
135.0521 31.9371
136.2386 30.0209
137.7737 29.5805
131.6591 30.3457
128.3197 28.6411
137.1020 29.2023
133.3305 32.4315
138.4033 29.8228
128.7876 28.7049
137.9345 29.2755
137.0078 28.9085
130.9333 29.6934
137.5098 29.1625
137.6012 30.7299
138.6218 29.9459
136.6358 31.8698
137.0251 29.1569
137.5168 29.3698
136.8248 29.3651
137.0223 28.6779
137.4977 29.0665
135.5583 32.9898
134.1168 31.6737
136.3093 30.0509
137.0284 33.1089
136.3589 30.0275
136.8892 29.1736
136.2278 30.0329
136.0319 32.1382
138.1701 29.6747
137.2039 29.7329
138.0288 29.6464
137.1184 29.0553
135.4325 30.4828
128.2574 27.9618
137.0690 29.7672
136.8605 32.9764
131.2249 29.6812
137.0211 30.3907
128.4435 28.7063
135.9204 30.8679
135.9723 29.4804
137.0838 33.3018
137.0283 29.3780
136.8305 29.8971
135.8474 30.4505
135.7599 32.8983
136.1110 30.0927
137.8201 29.1634
128.2984 28.7569
137.5300 29.0375
136.3625 29.3496
135.7649 32.7966
129.4844 27.7941
130.4260 29.7585
135.6342 32.6415
131.1110 29.9012
136.2735 32.5336
137.1602 30.2942
136.5395 32.9240
137.0534 29.6051
131.5376 30.6610
129.3408 29.3613
137.1806 29.6405
137.0721 32.6434
137.4205 29.2766
137.1327 29.3281
137.7088 29.6014
131.0331 29.9221
136.1490 33.0970
136.9540 33.7221
136.6828 31.5795
137.0352 30.2465
137.6559 29.0011
136.6722 31.1084
137.5489 28.7972
128.8561 29.4247
129.0038 28.6700
134.9455 31.8207
136.0196 32.0118
137.0358 33.6680
136.6278 31.8732
136.8545 29.3318
136.5721 29.6149
136.4227 29.7254
135.4362 32.4488
138.4208 33.7369
137.9890 28.9445
138.9146 33.8933
136.8266 29.2764
136.9627 30.8798
136.7328 30.9220
134.4842 32.4560
137.1709 33.7097
137.4712 34.0299
135.1093 31.9503
136.2782 30.0605
135.7976 28.9363
136.7381 33.0885
137.6661 29.0734
137.4430 28.7290
135.5445 32.3794
132.0980 32.1713
135.4498 32.9454
131.2097 30.5122
135.8967 32.5502
136.8078 33.0483
137.0190 30.4581
136.6193 32.6397
136.6238 32.8514
136.9972 29.2204
137.3127 28.9661
137.3882 29.0883
134.9237 32.1398
132.7438 31.2602
137.8512 29.1214
138.0891 29.1995
137.0171 30.4238
137.5274 30.6253
136.9045 32.8506
131.4561 29.8777
137.2331 29.3028
135.8806 30.6727
137.1380 29.9879
131.5534 30.5459
137.5770 29.4777
138.0208 30.0117
128.1284 28.2009
129.8224 27.7459
128.1160 28.3448
137.5838 28.9600
136.5147 29.7977
136.6330 32.4834
137.6537 28.7619
136.0788 31.4431
129.8668 30.5763
128.5429 28.6811
135.9466 33.0488
129.7130 27.8352
137.0420 30.6751
137.1404 29.0019
135.9828 32.0087
137.7938 29.4203
137.7516 34.2696
134.7622 32.1842
130.7791 29.8825
135.9390 32.3843
136.2445 28.9177
133.1774 30.0591
136.9291 31.1378
136.1311 32.4720
137.0320 29.3736
138.3087 33.9593
136.8350 29.0905
136.2695 31.8424
135.8782 32.4092
137.3002 28.8096
136.3267 30.0401
137.0429 29.9592
129.9311 30.6141
131.1019 29.8343
135.8408 32.8727
129.5823 27.8147
131.8248 29.9295
129.9861 27.9124
137.4324 29.1190
137.7850 29.3780
128.8053 28.6234
136.6187 33.0892
137.5819 34.2470
136.7694 33.3774
135.9363 30.4497
135.8278 33.0015
137.1263 29.4439
138.1330 34.2134
135.2982 32.8180
135.3992 32.6431
137.1101 29.8080
135.2945 33.0490
135.7583 32.0664
136.0856 31.9765
136.9974 29.6666
137.1124 29.8564
137.1504 30.4163
137.1448 34.0311
136.0177 32.8366
138.0543 34.1397
137.4699 34.0935
135.1093 33.0685
137.4220 29.3162
135.7145 33.1881
136.4451 31.5193
137.2364 33.9574
137.4613 34.1087
135.7881 33.2521
137.1160 30.4065
135.4974 32.4781
136.4304 31.5108
136.3697 32.8210
135.7011 33.1707
138.1985 34.1920
135.7538 32.3498
135.7783 33.1689
137.1027 29.9815
136.4095 32.9067
136.7523 33.2046
137.1031 29.5267
137.7652 33.4672
136.2535 32.7942
137.2495 33.9459
135.5566 33.1531
135.5846 32.4603
136.5327 32.9473
136.4840 32.9542
137.5182 34.1440
136.4715 33.0488
128.3263 28.0684
136.0730 32.9610
135.7182 33.2540
135.7337 33.1382
138.8365 34.3447
135.7035 32.4097
136.1590 32.7770
137.3252 30.1351
136.1795 32.8318
136.5510 31.6701
135.7847 33.2229
136.3922 31.2034
136.7794 33.2540
136.2029 32.9839
135.8818 33.1086
135.5739 33.1946
136.3233 32.3548
135.6808 32.2446
136.4008 32.9276
138.4106 34.1982
135.8053 32.9832
135.8689 33.1322
136.0845 32.9476
137.1875 29.9065
136.7650 33.0878
136.3644 32.7974
135.5019 32.3881
135.2599 32.8560
136.7165 31.0201
136.4119 32.8600
135.3065 32.7184
136.6112 33.0303
136.0690 32.9934
137.3665 34.0323
137.7489 34.2417
137.2443 29.6467
135.9412 32.8931
135.7261 32.4389
135.2955 32.6444
135.2733 33.0642
137.0071 29.8084
136.3925 32.9439
135.2804 32.9636
135.9272 33.3246
136.7114 31.0121
135.9798 33.0110
134.7054 32.0929
135.2830 33.0963
136.1136 32.4013
136.2066 33.0270
136.1172 32.8195
135.2601 32.7751
135.4874 33.1063
136.8291 33.3776
136.6885 33.1553
136.8573 33.3549
135.5081 32.9972
135.8531 31.9670
138.0946 29.2769
135.5900 33.1103
136.1573 33.1005
138.2820 29.7969
135.3160 32.8155
136.1102 33.0791
135.8480 32.1189
136.2869 32.9958
135.3291 32.9805
137.7289 30.0925
135.1740 32.8331
136.9666 30.0646
135.2882 32.7666
135.7444 33.1477
137.0651 29.5470
137.2765 29.3501
137.2363 29.3745
133.8844 32.6349
137.4191 34.1165
135.7285 32.1823
137.9172 29.0891
136.3918 32.8869
137.0744 30.2056
137.5398 34.1125
135.6106 32.3735
135.2208 33.0530
130.0334 27.7505
135.2192 29.3805
136.9507 31.5928
135.4892 29.5017
135.4584 30.9135
127.9843 27.7006
129.3722 27.6153
131.1329 30.1748
136.4621 32.8418
137.8642 29.1828
137.7356 29.1583
135.5912 29.6215
137.8361 29.8376
137.1315 30.9877
137.5406 30.0393
135.7155 29.7293
137.1849 32.4721
135.5249 30.0089
136.0714 30.7840
137.5549 33.6563
136.7028 32.3540
134.9697 29.4650
138.1553 29.8678
130.9652 29.8480
137.7585 30.0578
130.9294 29.7484
137.5538 33.6222
137.5408 29.1325
135.8717 33.0452
137.1020 32.5494
138.0961 29.8797
137.2548 29.5175
136.3272 30.0391
130.7138 30.0620
138.3833 29.9581
131.0463 29.6672
137.4270 28.6297
137.3211 29.9424
135.8087 28.9827
135.0429 30.6943
128.2609 27.7581
131.0948 29.9153
136.2403 32.3900
133.4815 31.9269
137.5892 33.9832
136.8409 31.1935
135.6342 29.6108
136.8201 32.3911
136.1451 32.2540
137.9533 30.2416
135.5841 31.0208
136.8377 30.3741
136.7562 32.4763
137.8086 29.1525
136.9146 29.8106
137.8517 30.0936
137.9111 29.8547
137.3956 33.4397
137.1791 32.2628
137.2654 29.1295
135.3270 32.9273
135.2914 29.5753
137.7452 30.1393
135.2595 30.6094
137.7659 30.0758
137.8391 29.1822
135.0788 31.8376
137.2425 30.0037
136.7807 31.8697
138.0139 29.9661
131.0893 29.7956
137.7674 30.1332
136.8758 30.6877
130.7254 30.0171
136.8386 33.3010
137.6582 30.1301
137.6784 29.8824
136.7940 32.2669
136.7436 31.1476
137.9348 30.5207
137.8452 30.0976
138.1162 29.7790
137.1507 30.3999
136.6208 32.8042
137.0424 29.4669
137.0533 30.2125
135.8438 32.9036
136.0709 32.9467
137.1602 32.9824
137.8715 30.0964
137.8074 30.1064
135.8468 30.4291
137.5426 28.7058
131.0438 29.6502
136.0448 32.1883
136.4835 29.3941
135.5810 29.4374
138.1290 34.0678
136.8662 32.8018
137.1345 30.6479
137.8496 30.1146
130.3444 28.0310
138.0539 29.9683
134.4091 29.0139
135.3664 30.3078
130.8400 29.7000
131.2065 30.2318
134.1734 28.9212
136.4818 31.2044
138.0207 29.9778
136.2339 33.5622
137.6629 29.8486
137.2013 30.0164
135.3475 32.6396
137.6153 29.9312
137.1380 30.3410
138.1007 30.1493
135.6820 32.3606
138.7589 34.1367
137.5864 29.8548
135.9762 32.5673
137.7775 29.2036
138.5018 34.1902
137.7018 30.2565
137.6585 29.5428
136.1272 31.8353
138.2669 29.8199
137.6267 29.2090
136.7575 33.1791
136.6496 31.0445
138.2085 29.4535
136.1526 33.0254
137.5527 29.5995
137.0522 29.7502
137.4323 33.9170
137.1667 29.5999
138.8968 34.2728
135.9732 32.9209
136.6132 32.9200
137.1462 29.8187
138.1122 28.9754
137.4346 29.7379
136.9946 33.5126
137.1728 30.1159
135.6806 33.0676
137.4605 29.8908
135.3821 33.0648
137.1558 29.8907
135.8100 32.9147
137.6344 29.5748
135.8759 32.7055
138.2575 29.8826
135.5334 33.1409
137.5487 29.6451
138.9322 34.3779
136.5966 33.0641
138.2886 29.6148
136.4556 31.2044
137.3073 30.1247
136.5186 31.2670
135.5432 33.2215
136.2154 32.8312
137.3103 29.8898
136.6664 32.6363
137.7746 29.5952
138.6782 34.2510
137.1823 30.3087
135.8237 32.9000
135.5067 32.8468
137.0267 33.6199
137.7604 30.2504
136.6322 33.1123
137.6335 30.0977
137.6551 29.6209
138.0128 30.2304
137.6161 29.5933
136.7354 33.1552
137.9665 30.2862
137.2812 34.0139
137.8485 30.3360
135.9698 32.6644
137.2980 29.9035
137.8422 30.3543
138.0260 29.1740
136.1723 33.0661
137.4358 30.0176
137.8864 30.3357
136.2303 32.7643
137.3066 29.9768
136.0241 31.8907
137.6945 29.4490
138.1625 29.3673
135.2645 32.7345
137.2984 29.8054
137.6666 29.8931
138.2248 29.9555
137.2193 29.7074
136.5656 33.0021
137.5618 29.5768
135.7401 32.6597
137.2410 30.1123
138.9835 34.2269
137.2083 30.0673
137.5028 29.6611
137.8223 30.3369
135.8523 33.1364
137.1793 30.2807
135.8357 32.2775
137.4997 29.2298
135.5185 32.5709
137.6740 29.9216
137.4787 29.7883
136.5228 32.9766
137.4519 29.7708
136.2689 31.4276
137.3007 29.9504
136.0573 33.0601
138.2455 29.4653
137.1066 33.7181
135.9125 32.4747
137.2891 29.8991
137.4289 29.8352
136.1823 31.6631
137.2072 29.8623
135.5477 32.8574
137.2563 29.7022
138.2571 34.1749
137.1867 30.1363
138.2870 34.1621
137.1340 30.2338
135.8831 32.5342
137.4571 29.5605
137.1485 33.8033
136.0906 33.3403
137.3036 29.7409
137.5187 29.4545
138.7264 34.2477
137.5742 29.5571
136.8679 33.2775
135.6895 32.3905
138.2220 30.0156
137.6355 34.1150
137.2193 30.1709
135.8614 33.2194
135.3828 33.0781
136.3272 32.9719
139.0156 34.3770
137.4460 29.9053
135.8734 33.3561
137.4961 29.8738
138.9360 34.2132
137.7664 29.6553
137.1333 30.1588
138.6196 34.2388
137.2673 29.9176
136.2939 32.7590
137.8351 30.1348
135.4858 32.9283
137.2565 29.9905
135.9716 32.1450
137.1911 30.0773
137.1809 32.8187
137.8764 29.6466
136.1432 32.4794
136.0534 32.1017
127.4668 27.4998
136.3140 31.9177
137.1025 33.4608
138.3652 29.1815
137.7894 30.1651
137.5269 29.2157
135.6874 30.5031
137.1623 31.6221
134.6782 31.4257
137.4811 30.8099
136.9815 29.6382
131.7334 30.0854
132.8258 32.5894
131.0473 29.5508
137.4989 29.9603
137.4037 29.3529
136.8170 31.9557
136.5548 29.3474
131.5468 29.8611
137.1448 31.2846
136.9798 29.9514
132.1696 31.0826
136.8256 32.5689
136.1602 29.5976
132.3456 30.5796
129.3805 27.7333
132.8836 32.1158
136.8042 30.6137
127.6843 28.3030
134.8746 30.4676
136.2238 28.5965
135.9563 33.0531
129.2519 31.4141
136.4205 29.3549
137.0570 29.5699
128.7137 28.0105
136.2131 32.5683
128.4186 28.0906
138.5996 34.1931
134.7772 30.4958
127.7218 30.4571
136.4526 28.8735
137.3789 30.5178
135.0447 29.4951
135.7362 32.7857
132.1066 30.7084
136.5212 29.4415
132.6658 30.7656
137.6636 30.3841
136.8999 31.6654
137.1975 30.9621
136.1736 31.9465
128.7506 28.2010
135.1821 32.3922
132.1213 30.5365
137.7299 29.9468
132.5950 31.3377
137.7433 31.0849
136.1068 32.8441
131.6810 30.3652
135.7291 30.2065
138.1930 30.5553
136.0375 32.1369
136.5993 31.1621
135.6597 30.4471
131.7993 30.0373
136.2206 32.3277
133.8798 28.7046
129.5530 29.1299
135.7593 30.4351
136.5312 32.3505
136.9199 31.0370
133.5423 28.9142
130.0711 29.5286
132.9867 31.3860
130.4516 29.7619
132.4737 31.0715
137.4475 29.2653
136.6809 32.5595
132.3780 30.4857
134.6083 31.0717
138.2103 33.7766
138.1458 30.3221
136.1149 28.0445
138.4633 34.2305
135.4677 28.9535
131.4149 28.7856
135.9137 30.2617
137.6272 29.8799
133.9186 32.0851
133.1478 32.0177
132.8671 31.2687
137.3350 30.7676
133.3236 28.3271
131.7156 27.8111
136.6523 30.9943
132.9601 31.5073
134.4846 30.4843
132.3069 29.9404
137.9523 29.2902
136.7567 32.5157
137.3242 30.9404
137.5899 28.6409
132.0315 31.1970
134.2195 29.1316
138.5150 32.5926
136.8298 28.6078
131.9518 31.1036
134.9701 29.4866
129.0072 30.8356
136.9715 30.2620
136.6519 32.0542
136.8417 28.5770
136.7021 32.7574
132.3605 31.9286
138.3400 29.2847
133.7792 28.1162
136.4136 31.9214
129.8221 28.0304
137.3933 28.6865
133.3667 28.1672
132.4340 31.2779
137.5905 30.4561
135.4154 29.5429
137.5467 28.7168
136.6686 31.9424
136.7362 30.1071
136.6950 31.0279
136.4227 31.8821
137.0627 29.6033
134.8899 30.8060
138.3414 30.0574
137.5245 30.9834
136.7287 33.1059
131.8046 28.3952
133.7014 28.7173
132.5975 30.7469
135.4523 28.6457
137.2476 30.8495
137.8799 30.1617
133.0181 31.7673
134.2086 28.4409
135.1039 29.9061
135.3382 29.8474
137.1644 28.4528
136.9396 30.2323
134.6853 30.9973
137.0211 28.5725
137.2729 30.7846
136.6703 29.2821
136.9223 27.9231
136.4531 29.6412
131.7793 30.5647
129.6040 27.3276
137.9311 29.2819
136.9902 29.0650
130.8830 29.7827
135.0582 31.7865
137.6743 28.9421
135.7213 30.5042
128.2432 28.1179
129.0434 28.5499
131.5721 30.8135
134.0997 32.4333
138.6513 33.8056
136.5318 32.9099
137.7803 29.8053
137.7560 33.7220
136.5682 32.0720
135.8602 29.0588
136.4694 32.1602
132.9095 28.1597
135.2467 29.2898
134.1069 32.4349
138.0198 29.1259
127.9408 28.1728
136.9317 30.1457
136.9037 30.4120
135.8059 29.0726
135.3770 32.9330
138.6014 34.1522
136.5525 29.2741
135.5814 33.0058
128.4611 28.6235
137.0076 32.7321
137.6632 34.1948
134.1155 31.5915
137.2495 30.1751
137.7068 30.2223
128.3313 28.2437
136.6392 32.9234
131.7980 30.4000
137.3700 29.4503
131.4554 30.1293
136.3589 32.4524
133.3650 29.7826
136.9416 30.6233
137.9440 29.9408
131.7406 31.7074
136.8660 31.6758
137.2872 32.4136
136.8834 29.3725
130.7903 29.8129
137.4843 33.4468
137.5853 30.1557
137.9855 28.8800
134.0109 32.5635
135.9468 32.2869
137.8786 29.9024
136.1333 30.0189
136.9003 29.2201
130.6408 29.9048
135.4979 30.2021
136.9698 30.7615
136.8760 31.3089
136.8804 31.9175
136.5456 29.3684
131.5531 29.6956
131.0748 30.1282
137.1014 30.3957
136.0858 31.9579
130.6205 29.6177
137.9646 30.0690
136.8177 30.9898
136.0422 32.9317
136.7600 30.9228
134.7655 31.5379
137.3575 29.3688
136.2768 31.7137
137.4554 29.3175
137.3134 30.8359
137.8072 33.6886
131.2959 29.2317
137.1587 30.5832
136.9290 29.4921
137.0932 29.1048
137.2159 29.1035
137.7925 29.4768
137.1429 31.9030
137.7128 29.2249
126.9535 31.2335
135.8713 32.4242
137.2607 33.7045
136.2438 32.6323
136.7817 32.9911
135.7396 29.7493
137.4185 29.1398
128.5644 28.9431
133.7162 32.4617
136.1481 30.2506
136.7614 32.2202
132.2864 30.4485
136.8018 29.7077
136.2236 29.9953
128.0610 28.4272
135.0809 30.8830
135.2399 30.5849
128.7810 27.9369
136.4285 29.3031
129.3878 29.7303
136.9059 31.0047
131.7875 30.5394
136.2871 32.6497
137.5837 28.9875
136.8351 30.1461
128.7369 29.2212
134.2159 31.5036
135.6257 30.1046
134.7965 30.8507
132.3204 30.4027
136.8581 31.0924
137.1833 30.6536
131.7408 30.1969
132.0799 31.2040
137.5102 29.1795
132.1226 30.1480
128.0855 27.7733
129.8632 28.7658
135.2152 30.7116
137.4047 30.2815
137.2938 30.6758
133.5850 32.3971
137.4446 30.0892
135.3118 30.2663
136.0614 30.2911
137.0235 29.9776
137.9846 30.1012
136.3711 29.6652
129.7485 30.9443
136.2558 31.7578
137.7974 30.1156
134.6747 29.4090
131.1581 29.9550
136.2928 29.6340
135.1704 30.4972
127.8816 27.9171
131.6633 30.4250
133.8830 31.4367
131.9771 31.7524
136.7941 32.1183
128.1014 28.1860
131.8891 30.0154
137.7486 29.9185
137.4229 30.7631
137.8328 30.0265
136.6128 29.0176
137.9775 30.0099
132.1793 30.3524
137.9013 29.4074
136.9474 30.8145
136.6523 31.8487
135.8481 30.5444
137.7379 29.8289
137.6761 30.2212
131.1471 29.4006
137.1182 30.5945
130.9156 29.6991
136.5549 29.7516
137.1561 28.7943
136.3500 29.3488
129.6155 27.7929
131.2861 29.7633
137.9643 29.9841
135.2777 30.6724
138.2148 34.1690
136.5249 31.1584
135.2130 30.9903
138.0335 30.1154
129.6568 27.6805
136.6647 32.4667
136.7008 29.4040
131.5479 29.9551
136.1726 29.0081
136.0017 30.5207
138.2041 33.8877
137.1975 30.0491
137.4445 29.7834
138.7192 34.3865
138.6804 34.0641
137.4354 34.1522
136.8689 33.6608
135.5809 32.8333
131.8925 31.2370
136.4934 32.4211
138.0214 34.1002
135.8840 32.5586
135.4311 32.4845
134.7932 31.2924
138.4190 34.2292
137.7717 30.2387
136.9246 33.2383
134.9798 32.7198
135.6602 32.3377
130.4446 29.8131
137.0352 33.0302
137.7576 33.6682
135.7604 33.0194
137.1371 29.2860
137.3302 32.7495
137.1670 29.6867
136.7684 31.0447
136.7737 33.7548
137.0985 30.4217
136.2390 33.2963
136.0178 30.3872
136.5251 31.2364
137.5239 31.6985
137.7073 30.7237
136.2427 30.1543
136.4429 33.7969
138.6880 34.3503
137.8310 30.3070
137.0038 29.4970
136.9198 31.0092
131.0052 29.8113
138.8134 34.2545
137.2009 33.4866
136.5931 33.3681
137.3242 32.6395
138.9120 34.3804
138.1007 29.4000
137.0864 30.3538
136.9315 30.9769
138.2735 33.6951
131.9229 31.3059
137.7492 34.2252
134.8106 32.9669
138.4529 34.2819
135.2632 33.1383
136.3902 33.3271
127.1394 32.9031
135.9847 31.8909
129.5788 28.4736
137.8044 34.1144
137.4407 31.9632
135.1983 31.8482
134.0687 28.7251
136.0546 33.4153
136.8042 33.4130
135.5193 30.4870
136.8817 33.7863
136.3505 32.1572
135.4097 32.6715
136.9677 30.1361
135.9462 33.5724
139.2453 33.8632
137.4255 33.4221
137.7931 34.1023
125.7622 32.4138
138.9938 34.4590
137.7661 29.0878
137.2910 32.2895
138.1692 29.2626
138.1813 29.4400
137.4253 30.4853
138.2267 34.1506
135.8694 32.5954
137.3964 32.1651
138.1151 29.4464
136.4559 32.8275
138.6513 34.3956
132.5811 30.5618
133.2621 32.0671
137.1886 30.7124
138.3041 34.2492
132.0571 31.4139
136.1785 33.5357
138.3447 29.9332
136.4434 32.8810
127.8371 33.5160
137.0888 29.3991
136.9521 30.4044
137.5760 29.0611
138.4975 29.4814
137.4356 33.7811
137.6826 30.3643
135.9646 33.5026
135.2907 32.8636
135.7942 32.3246
137.5851 29.4646
135.8411 32.7093
137.0809 33.7790
135.2841 32.6719
129.7448 28.8903
136.4686 34.0435
134.9639 33.2640
140.5712 33.8360
137.0087 29.7983
137.6624 29.2339
136.1551 33.7769
136.2253 33.2119
134.4546 32.3585
141.2563 33.9328
137.2934 29.3722
136.5912 32.6555
135.6552 32.5020
135.8938 31.4110
136.4153 31.4912
137.7715 29.8295
131.0103 30.1356
136.0509 30.8958
136.1267 31.2912
139.5751 34.4780
128.7391 29.1582
135.8568 32.9909
131.0408 28.7876
135.4166 30.3222
137.0299 33.5339
131.5344 30.6566
130.9420 30.2541
130.7802 29.9298
135.1912 33.0284
128.4596 28.7926
136.0733 30.2696
130.8343 29.7947
131.0769 29.7896
131.3057 29.8078
130.9914 29.7423
137.6897 29.9913
131.2588 30.0605
137.1730 30.0941
135.1691 32.8731
138.5165 33.9101
130.9823 29.9821
130.7973 29.4990
133.7753 30.4494
131.2670 29.7684
136.0413 33.1838
131.3369 29.9731
135.6742 33.1221
131.1854 30.2146
131.6373 31.0453
138.8963 34.3156
134.0131 31.2474
135.9084 33.0563
136.3423 31.5128
130.7735 29.9366
135.8438 29.1090
136.6001 33.0625
136.6937 30.9967
136.0850 30.2049
136.0146 32.7262
135.7843 33.0328
131.3601 30.8048
134.4802 29.1142
135.9551 30.5890
131.5140 29.8053
131.6084 30.9700
133.4002 32.6649
136.1804 30.2128
131.8657 31.5006
130.1541 28.1469
135.8591 30.7290
137.1378 29.8882
131.0042 29.9640
131.0569 30.0168
135.4764 32.5386
135.9825 32.8227
136.1479 32.7760
136.1745 32.8644
130.9631 30.2499
135.7837 32.1909
129.1526 29.2240
130.9874 29.8500
136.5582 29.6386
135.9634 30.5625
137.5649 30.6474
131.0650 29.9449
130.8264 30.0241
136.0596 30.4222
136.5440 32.9197
135.9719 32.5810
136.3493 32.3631
131.1761 29.9145
136.3399 30.0391
135.3920 33.0205
130.8887 29.8051
137.4309 29.8918
137.2789 29.3945
131.1671 29.7511
136.1556 32.6853
136.4659 32.9293
134.9581 30.6350
131.5976 29.8225
135.4979 33.0151
136.0229 30.8244
136.2294 30.2586
137.7384 34.0928
136.7146 30.9358
136.3517 31.4610
136.5103 29.8173
131.3717 29.8536
135.0787 30.6440
135.4750 29.1910
135.5180 30.4890
135.5480 32.7207
135.8592 33.1901
135.2641 32.8664
134.9412 32.1222
136.2473 30.0992
135.5338 32.8195
136.7184 29.4908
136.0985 30.4743
137.2640 30.3241
136.8111 33.2383
130.9543 29.8515
135.9984 32.2313
131.1718 30.2621
136.2655 30.0514
138.8416 33.7883
135.9821 32.7705
136.5569 29.6778
135.7445 30.4952
137.2486 34.0107
131.0904 30.1981
130.9920 29.7358
130.9101 29.7023
130.8763 29.6302
136.4647 29.5578
135.5685 29.6434
136.2771 30.0553
129.6220 27.7556
129.5828 27.8570
137.3107 29.7588
137.6566 29.2234
138.1760 29.8978
137.5976 30.4652
137.1045 28.8483
135.8379 30.4819
134.0221 31.9330
128.1830 27.8276
136.6537 31.3363
136.5661 31.9109
130.8040 30.1758
136.1955 30.1244
134.9543 30.7619
133.3044 32.6594
137.0159 30.1431
136.0315 28.1564
136.1956 30.2811
132.9716 30.1821
134.6904 32.2074
137.1511 29.0101
137.1337 33.2654
136.9676 30.7625
137.9852 30.1419
133.4459 32.6546
129.7738 30.0120
131.3569 29.7591
128.3859 28.6071
136.8485 32.5008
128.2623 27.6934
136.7973 29.8488
134.8729 31.0703
137.1077 30.4313
131.3489 29.8634
128.0444 27.9483
132.3396 30.5218
135.5198 28.8904
137.6600 30.1424
130.0475 28.1175
137.8048 30.1282
129.5161 31.1360
137.0947 29.1220
128.1259 27.7428
135.6930 29.4220
136.7280 31.3648
136.9632 29.6461
135.5715 30.6778
136.0160 30.3310
135.4120 30.1440
137.0753 30.8590
135.7065 30.6361
135.0242 30.3702
135.2267 30.7179
131.3251 29.9656
135.3144 30.2819
132.0169 29.9489
137.1604 29.6363
137.2922 28.6476
135.0651 30.3885
128.1363 28.5958
129.6084 27.3759
136.1724 31.7893
136.2093 29.2096
128.3748 27.8564
132.6663 28.1524
133.2423 29.3531
133.6911 32.6063
135.1566 31.8665
138.1493 30.0435
135.4796 30.5017
136.1642 29.7526
137.9913 30.2406
137.0848 30.7829
131.1780 28.8298
135.2190 31.1241
130.5276 29.4822
137.4257 30.4838
138.7231 29.5371
135.9915 31.9875
136.4325 29.3057
136.2220 32.4699
138.2408 28.9856
136.7703 32.6118
136.5117 32.4931
136.1586 32.8244
137.5720 30.5943
137.7827 30.4792
133.7769 32.2909
132.2991 32.5256
131.6133 30.3792
130.8202 29.7375
136.1710 30.8008
137.2742 29.1859
137.5689 29.1497
136.6931 32.5171
132.3159 29.9436
135.2897 30.4658
137.1420 29.2355
137.2229 28.9212
136.4805 29.8764
135.6532 33.2111
135.5198 32.7094
129.4140 28.5906
137.7543 28.7751
131.1590 30.0402
137.8347 33.8050
135.4851 29.8356
135.9438 32.7273
136.4582 29.5892
136.8216 32.5534
135.6870 30.4713
138.0227 29.3163
130.9794 29.7787
131.2920 29.8094
134.4195 32.4418
136.4077 28.9894
136.3170 31.8196
138.5467 33.8511
137.4795 34.1567
136.3108 29.9781
131.4172 30.4574
130.8857 29.9042
135.3831 33.0704
135.1829 30.4813
135.7066 29.9184
136.0608 32.6971
131.3877 30.3557
131.2831 29.8358
131.9574 31.5635
136.7378 32.6820
135.8603 33.0458
131.3212 29.6938
135.1147 31.6721
131.9281 31.3180
138.0601 30.0480
135.8637 32.4203
135.4400 30.3698
137.9436 29.3412
136.7743 33.5183
136.0028 32.6593
131.5737 30.8436
137.9988 29.5431
131.9525 30.1772
131.6584 29.8075
135.5977 30.5651
137.1796 29.3888
131.7889 29.9623
135.5026 32.6190
136.7730 32.4922
135.7425 30.4113
136.0944 31.8953
138.2351 29.7103
133.4670 29.5799
135.3296 32.9903
136.2529 29.9277
136.1966 31.5480
128.6199 28.0422
130.7855 29.7483
137.2966 29.3524
130.8739 30.0747
131.9646 31.9128
136.8552 29.0068
131.4757 29.8942
135.0497 29.3630
137.4694 29.8059
135.6910 28.6334
133.7122 32.6518
136.5295 31.1368
134.3528 32.2670
130.9049 30.0851
137.1213 30.5321
136.6221 31.5485
135.7967 30.1280
137.1781 29.9102
135.4284 32.7875
135.6637 32.9944
136.6322 31.6172
136.8430 29.0413
131.1992 29.7587
136.2271 32.9111
135.5093 30.3882
135.8592 32.6629
136.7392 32.2988
136.9528 33.3078
136.5586 31.7454
131.5003 29.8802
131.1241 29.6156
129.8063 28.4042
130.8040 30.0139
131.9432 31.9774
136.1252 30.2382
136.6304 29.1023
131.2899 30.4502
137.9342 30.1389
131.3446 30.2662
130.7114 29.6859
130.6434 29.4876
138.0508 34.1476
137.2121 31.2781
136.9013 29.2217
136.6908 28.4664
132.2569 30.2572
138.5642 29.5452
136.5125 29.4469
137.9589 28.8494
137.6264 30.9546
137.8683 29.2319
136.1854 32.6796
130.3523 28.3021
131.5874 29.7387
137.8516 29.7605
127.0867 30.9737
128.1778 28.2311
128.2639 28.5088
134.2128 29.0571
137.7956 29.5217
129.6084 27.4445
135.5399 30.4705
137.2813 30.0913
128.9397 29.0591
137.3293 29.5148
135.3699 29.0317
134.0243 32.4543
136.1019 30.0743
137.3883 29.9205
135.2383 31.4268
136.8457 33.1813
127.9905 27.7781
128.2586 28.3404
131.2573 29.8021
136.4529 29.0922
137.0262 31.4058
131.0996 29.6245
133.6302 32.5327
129.6675 30.1641
128.3134 27.8052
134.5294 31.5083
137.6198 29.2313
130.4649 30.0461
137.3673 29.9132
135.9857 30.2853
135.4193 30.4152
137.1460 30.6748
137.0356 31.1050
137.1087 30.4185
136.5213 32.1136
137.3696 30.3581
134.4863 30.6047
132.3885 29.9857
131.4047 28.9943
137.3537 31.0350
136.9218 29.0173
135.1564 30.5374
129.6052 27.7451
136.2832 32.6890
129.0005 28.6127
136.8197 30.0406
136.6087 28.7519
132.1486 30.6507
137.9049 28.8878
136.2602 32.6980
135.1365 30.4702
136.6950 32.5361
136.6538 32.5122
130.3039 28.0606
137.4733 28.9967
137.7569 30.6531
136.0665 32.2671
133.0151 32.5443
135.4343 30.5690
137.6792 29.5603
135.2802 30.8474
128.8836 29.2159
137.4925 30.2448
129.9797 27.9790
131.6795 30.1969
136.8666 30.3003
135.0363 30.1146
133.5859 32.5915
138.4489 29.5377
136.3417 29.7978
131.7611 29.8376
135.9242 30.3840
136.8188 30.8532
132.1966 31.0180
131.2941 29.7960
137.3339 30.7508
137.3311 29.8801
137.0589 29.1200
137.8504 30.1320
136.2288 30.1034
135.1756 31.1602
130.2924 29.2225
137.5166 33.6202
137.7032 30.3702
134.0879 32.2620
137.7417 29.6634
136.2158 30.0890
137.3742 30.7851
136.6806 32.6485
135.8889 27.8164
136.6629 31.1734
132.4594 31.2686
132.0087 30.3076
128.0726 27.6079
132.8636 31.2323
134.7823 30.6206
131.3462 30.0440
137.6554 29.5701
136.4851 30.8783
136.5269 32.3085
137.4154 28.7313
136.7678 28.4559
135.3864 29.7415
135.6501 30.1733
137.6199 29.9462
136.8091 32.2325
131.3410 29.6586
132.6518 28.1685
135.9998 29.4603
136.3316 29.6713
137.5823 29.1256
136.4760 28.0705
135.4962 29.3963
137.9071 30.4798
131.8617 30.2657
138.2082 29.2081
138.2480 29.9171
136.3040 32.6976
136.8036 33.0956
136.7323 29.1791
136.9294 31.1229
136.8604 30.5527
136.7116 32.5327
137.1394 31.0113
136.1683 30.0775
135.1174 29.9061
136.1349 30.0477
135.0708 31.1551
136.6397 32.3980
129.7542 30.9203
130.6355 29.3672
137.1184 29.0851
134.4297 31.4054
136.3486 31.7956
134.0083 31.3766
136.5446 29.0956
136.9166 32.3830
131.7913 29.9256
135.4748 29.3537
136.5697 32.8635
137.5469 30.6256
136.3613 32.1370
132.8641 31.6622
137.5706 29.2568
137.0968 29.7751
136.1694 32.3516
137.5257 29.1410
136.3713 31.8419
132.5618 30.5634
137.6027 30.7045
135.1516 30.8168
131.8920 30.0081
134.9577 30.8058
137.4414 29.0302
136.8989 30.8429
136.7124 32.8928
138.8259 29.6850
136.7661 32.5150
136.6426 32.6516
136.6060 31.9415
136.6716 29.3582
136.2906 29.8346
135.2015 30.9203
136.6571 32.3093
136.8057 30.9579
135.8619 28.1605
135.0159 30.2239
130.9552 29.9211
135.9738 32.5668
137.5121 30.1830
137.7891 30.1463
130.8233 30.0174
135.9195 28.0977
136.5080 32.1793
136.6738 32.2134
137.6700 30.1120
137.1699 29.9263
133.2467 32.6597
136.9088 31.0452
131.7033 29.8043
137.0486 29.8288
136.5941 32.8690
131.4551 29.7875
131.3931 29.6606
138.0236 30.0347
132.1870 30.2507
137.0948 33.0157
136.3645 31.8351
136.8824 31.3945
130.5742 29.5726
137.1393 29.0313
130.6754 29.8748
137.5443 29.9328
137.0518 30.5626
138.3087 29.7926
132.3852 30.6902
137.9978 29.5125
138.1876 29.5443
131.4469 29.8200
137.0820 30.5517
135.3024 29.5837
137.7652 29.5959
136.9645 30.1650
137.0409 33.1843
136.9928 30.7592
131.0805 29.8334
137.5499 29.9487
136.7694 32.6453
131.9536 30.0578
131.5244 29.7657
136.8000 32.7920
137.5605 30.3972
137.0580 30.7852
137.0635 30.4618
137.6348 33.8182
131.4032 29.7302
136.7383 30.9011
137.7661 29.6693
134.2174 28.8885
131.4436 30.0344
137.6774 30.3697
137.4592 29.6216
137.0292 29.9601
134.2368 32.3700
137.5173 30.5376
131.3825 29.7349
137.0329 30.3547
137.0507 30.8113
135.0630 30.1581
136.8900 31.4874
134.6360 28.8567
136.7460 31.5477
136.8307 30.9285
136.7140 32.0942
137.4219 30.4733
137.8244 33.9531
137.0958 30.5056
138.2803 29.5310
136.8523 30.7773
137.2777 30.1356
136.7268 32.3507
136.4647 31.9475
137.2842 30.5830
134.9195 30.7890
134.6293 30.6880
137.0008 30.4376
136.7004 32.6807
130.8048 29.5670
135.6735 29.7462
129.2678 27.4398
133.0366 32.5817
137.4617 29.7217
136.9276 33.3663
137.1228 30.4632
136.8788 30.8667
137.5546 30.0257
138.2825 29.8379
136.9606 30.5345
131.5696 29.8134
131.8898 30.7452
131.1874 29.7310
131.2190 29.7039
136.6901 32.4669
138.1500 29.5595
137.1385 30.5863
130.8197 29.8141
131.6989 29.8324
136.8614 30.9198
136.9469 31.2045
135.0771 30.8337
137.4498 30.1931
137.2108 30.5167
137.8064 30.3149
130.8509 29.6220
137.2495 30.3421
136.9448 30.7382
136.9554 30.5618
137.9681 30.0826
137.3259 30.0992
136.5470 31.8906
137.2146 30.4398
136.8317 31.9384
138.1632 29.4930
136.6754 32.4248
137.4630 30.1977
136.9044 30.6934
131.2365 29.6929
131.1443 29.6883
137.5175 30.1841
131.1246 29.6852
131.8239 29.8971
134.3529 30.5551
134.0970 29.0179
131.2161 29.6358
137.2789 30.0688
137.4707 30.2431
137.8875 29.8340
137.0265 30.5057
137.1800 30.5475
136.1597 30.1582
138.0301 29.6482
135.0541 30.9857
137.4507 30.0512
125.7497 30.6173
136.5538 29.5207
136.3063 33.1475
136.9298 29.6357
137.6367 31.0372
133.7035 29.8372
137.1190 29.1305
138.2578 30.3149
133.2801 32.3497
135.5310 30.3046
137.2893 33.1886
136.7503 32.3076
136.0825 29.2271
137.3709 28.9109
137.5158 30.9337
134.2975 30.7571
136.6446 31.7306
135.8908 30.2987
135.7997 32.8691
137.1894 28.5997
134.5579 32.1654
136.8911 30.3217
128.7016 28.5935
134.5401 30.9645
135.4086 30.5856
136.0913 29.7909
127.6534 27.4709
136.5093 28.0678
132.8901 31.0625
137.0528 32.0798
136.9650 29.7653
135.6809 28.7655
137.6777 29.4734
134.7006 29.5116
136.9402 32.8321
135.8636 30.1833
136.2305 29.1459
135.8439 28.9850
136.2156 32.5369
136.6018 29.5478
133.7379 28.4310
131.3692 29.3221
134.7350 28.7931
128.0044 27.4186
128.3262 29.0589
138.7777 34.0922
136.8908 29.6700
134.5934 30.2537
136.0887 29.9897
136.3083 29.2612
136.6378 32.7658
129.9377 27.8485
132.1864 31.0113
136.9930 28.3768
132.6711 29.1679
137.1427 33.9850
136.9795 33.2156
136.9935 29.8083
138.4516 29.4458
137.3198 29.8404
135.5471 29.4041
136.0181 32.2683
137.0976 30.2480
132.7327 28.7794
134.7590 30.6706
135.3671 30.5706
130.9674 29.7406
132.6854 30.8994
131.9104 30.5665
129.5193 28.8894
137.1709 28.9365
135.4505 30.3787
135.8436 30.3205
130.3012 28.2076
132.4651 27.7667
136.6003 31.3116
137.0062 33.6274
135.6505 32.2216
136.6519 31.0904
135.2493 32.8831
137.3938 29.6486
137.7994 34.2399
136.5225 32.8669
135.3017 32.6663
135.6401 33.1836
136.3337 31.2338
137.2138 29.7190
137.1581 29.8413
136.1722 32.7912
135.6100 32.7692
135.9625 32.5589
135.8946 33.1470
135.7412 33.2612
135.5430 32.3918
136.6376 33.1215
135.7573 32.6884
135.5263 32.5219
135.2631 32.7802
135.9760 32.5807
135.2970 32.7659
136.1502 32.9273
135.5572 33.1043
135.9275 32.6492
136.2599 32.9279
135.9579 31.8708
135.8294 33.1220
137.8530 34.2081
136.2123 33.1188
135.4019 32.8651
135.6237 32.1737
135.5494 32.4365
137.0411 33.7039
135.8083 33.2353
135.9609 32.3224
135.1348 33.0352
135.8674 33.0738
136.2579 32.9348
136.6810 33.0616
136.8978 33.3978
136.5804 32.9317
135.6435 32.2924
136.3944 32.8120
135.6034 32.3289
135.4759 33.1284
135.1738 32.8916
136.6690 33.1133
137.7288 34.1955
136.6581 31.1727
135.4781 32.7223
135.7660 32.8316
136.9065 33.4429
135.2821 33.0585
136.5314 32.9896
137.4066 34.0949
136.6216 33.0587
136.0112 32.7825
137.8221 34.2276
135.5752 32.7809
136.4732 32.9686
135.6113 32.7605
135.9763 33.0431
137.1027 33.7624
135.2245 32.5612
135.3701 32.6495
136.3805 32.8959
135.2484 33.0003
135.4538 32.8295
136.5050 31.1192
136.6292 33.0965
136.5233 31.0784
137.0287 33.6717
135.6875 32.2158
138.2170 34.2350
135.2290 32.8564
135.5346 32.7489
135.9004 33.1712
135.1974 33.0620
137.0727 33.7193
136.1659 32.8459
137.4751 34.1366
135.6925 33.0316
136.4122 32.8301
135.7716 33.1259
136.6282 33.0697
136.1451 32.8439
135.1642 32.8354
135.9274 31.9632
137.2850 34.0233
135.6015 32.3797
135.9337 33.0697
135.9655 31.7817
136.1895 32.9328
137.1674 33.8484
136.5167 33.0262
136.5835 31.0775
135.3057 32.7409
135.2062 32.8731
135.4487 32.3587
135.4757 33.1320
135.7331 32.9842
136.4890 31.1959
135.2116 33.0117
137.1007 33.7274
135.2251 32.9809
135.3330 33.1008
135.7013 33.1261
135.5372 32.4263
137.5222 34.1320
137.0946 33.9132
135.9507 31.9136
136.9013 33.4744
136.9045 33.3706
137.6083 34.1680
136.9993 33.6575
136.7158 30.9343
136.0194 32.3072
135.8801 33.1938
135.8584 33.1021
135.9099 33.1875
135.9786 33.0585
135.6432 33.1787
135.9537 33.1806
137.6185 29.5145
135.3443 32.8321
136.6906 31.0043
136.1656 31.4712
135.6548 32.2956
135.4197 32.5974
135.5298 33.1688
137.0507 33.7078
136.1787 32.9825
135.5913 32.4065
137.3410 34.0590
136.2869 32.9416
135.7617 33.2031
135.6666 32.8965
136.0422 31.6792
136.0469 33.0202
135.7387 32.9900
136.3471 32.7879
137.2003 29.7276
135.8947 32.2887
136.3414 31.2443
136.3925 32.8836
135.7437 32.8768
135.1115 33.0464
135.2307 32.9752
136.7469 33.2395
136.1618 31.4491
135.3143 33.1910
136.5154 32.8800
135.3573 32.8470
137.0042 33.6227
135.9377 33.1387
137.0579 33.6478
135.4353 32.5294
136.5078 31.0807
135.7267 32.8688
135.5695 32.4722
136.1532 31.4643
135.9662 33.4011
135.6558 32.9039
136.2853 31.3038
135.6054 32.2725
136.0623 33.1533
137.4450 29.6207
137.8540 29.5133
135.3223 32.6279
135.9190 32.9673
136.6143 31.1821
136.0612 32.8789
136.4456 32.9169
136.6746 30.9705
136.8762 33.4327
135.1674 32.9917
135.9677 31.8671
136.7177 30.9969
137.1762 29.8335
135.3732 32.4590
136.9380 33.5216
136.2481 31.3641
137.1137 33.8248
135.9028 33.0611
135.5105 32.7326
137.0751 33.6863
135.7230 32.5961
135.7497 32.9632
136.0743 31.9984
136.2568 32.6268
135.2395 32.7980
136.4432 32.9400
136.2725 32.7868
135.2557 32.9861
135.1442 32.8675
135.9695 32.6381
136.2580 33.0224
136.9943 33.5678
135.4950 32.8192
135.8718 32.1883
136.5591 32.9492
135.4678 32.5337
137.2724 33.9869
137.2496 29.9462
137.0188 33.6029
136.1291 32.7202
136.6015 31.1342
135.3148 32.7266
136.1990 32.8958
136.5467 31.1214
135.3186 32.4746
135.4451 32.7507
135.3064 32.7318
135.5353 33.1067
135.2795 32.5028
135.8696 33.2139
135.9145 32.6825
135.4221 32.3679
135.9200 31.9443
136.6314 33.0100
135.6344 32.2827
136.6714 31.1321
137.1419 33.8463
135.4364 32.6028
135.3160 32.9974
135.6616 33.1996
135.8305 32.7596
135.3845 33.1068
137.2071 29.7301
136.6143 30.9724
137.8583 29.5419
135.4384 33.1539
137.4335 29.6062
136.9658 33.5754
136.3094 31.2762
136.0282 33.4232
137.4584 29.5306
135.3294 32.5669
136.4122 33.0384
135.6407 32.3435
135.5755 33.1420
135.7275 33.1703
135.6974 32.2939
135.6110 33.2346
136.5987 33.0849
135.6568 32.9829
135.3419 32.7917
136.0573 33.0603
136.0250 32.8890
137.4223 34.1656
135.5522 33.1586
136.3106 32.8651
136.3683 32.8771
136.4326 31.1245
136.7502 30.8467
136.9974 33.7753
135.6780 32.2090
137.7724 29.5831
137.0901 33.8051
135.2624 32.8547
137.3592 29.6467
135.2927 33.1099
136.5427 31.1289
136.0765 31.6910
136.0268 33.1664
136.8908 33.4198
136.5263 31.0732
135.2086 32.9101
135.8169 32.3804
136.0045 33.1068
136.5279 32.9288
135.9426 32.5907
135.5771 33.2818
135.5992 32.1898
136.6621 31.0353
135.5768 33.1643
136.2252 32.9115
135.8978 32.6665
135.2037 32.8588
137.3772 34.0795
135.1053 32.9968
135.2513 32.9331
135.5681 32.2298
135.4812 32.5037
135.3152 32.9730
136.9321 33.5014
135.7467 32.1667
135.4263 32.4575
135.9596 32.5887
135.3701 33.1135
135.8373 32.7601
135.4437 32.5947
135.6274 32.2164
135.4757 32.7181
137.0798 33.7467
137.0100 33.5959
135.2863 32.6617
135.1919 32.7431
137.0639 33.7420
135.5358 32.5090
136.3798 32.8242
135.8928 32.6927
135.6471 32.2827
135.2358 32.9556
135.8864 33.1946
136.0349 33.0163
139.2769 34.5353
138.5874 34.2910
135.9824 33.3663
135.8684 32.7253
136.1071 33.0070
136.2869 32.9036
135.2971 32.7445
135.9923 32.9136
137.4770 29.6099
135.5906 32.2260
135.6051 33.2283
135.9220 32.6084
136.9653 33.5643
136.1581 32.9490
136.6439 31.0704
135.5828 32.4351
135.3694 32.6465
136.1817 31.4224
135.5763 32.4250
137.1639 29.7297
135.1812 32.7930
136.4196 32.9050
135.8004 32.7620
136.7217 33.2140
136.9895 33.6070
135.7970 33.1958
136.0031 33.0016
135.1714 32.8640
135.8900 33.3132
136.6709 30.8848
135.4915 33.0443
135.6427 32.3652
136.1382 33.4137
135.6681 32.2819
136.1820 31.3761
135.6583 33.2790
135.4862 32.5410
135.2994 33.0405
135.2936 32.6654
136.7369 30.8461
137.3228 34.0499
136.7003 31.0073
135.5691 32.4490
136.0156 32.3321
135.9538 32.2092
136.7780 33.2701
136.6927 30.9979
135.9627 32.5982
136.0605 33.1370
137.0237 33.6671
135.7516 32.0577
136.2057 32.9332
135.2472 32.8795
135.9322 33.2551
136.1300 31.7337
135.5414 33.2499
135.3332 32.8619
136.2665 32.9340
136.3260 32.8763
135.2052 32.8944
135.2186 33.1879
135.2471 32.7785
136.1442 32.9451
135.6160 32.4427
135.8566 32.7350
135.6045 33.1937
136.0277 32.1594
