131.3322 25.7105
132.5693 29.8383
131.7981 24.4867
139.7863 33.8584
132.6928 30.8085
133.0152 28.3573
130.8305 26.6043
136.5117 29.7626
138.9747 27.9760
139.3793 27.8514
136.4144 28.1044
130.1154 26.6222
137.9268 29.3266
133.9569 32.2065
131.9396 31.0812
139.0012 27.9468
133.2545 30.1029
136.8003 33.0372
138.7272 27.5919
137.5079 30.5057
139.1295 27.4955
133.4175 24.9499
135.7708 29.5293
141.4165 35.5433
135.3345 32.4357
131.0541 26.4207
139.6445 27.7644
136.5258 28.1961
138.7860 28.8078
140.0187 29.1599
136.5027 28.7133
136.3167 28.0209
138.9701 28.0415
129.8606 26.1808
136.4723 30.3886
137.3452 28.9137
131.6246 28.4801
133.4634 27.6681
132.8369 26.4898
138.8678 27.4611
131.5652 28.8152
137.9251 33.7111
136.0785 27.8110
136.8446 27.7083
134.3854 23.8323
141.4971 34.9479
133.1580 30.7456
134.2844 32.5915
133.9457 28.3459
125.5484 22.8678
134.8354 27.9667
132.6191 25.5041
136.2526 32.5455
134.9704 28.0507
131.6504 24.7940
141.0359 33.4661
131.7686 28.5999
134.1908 28.6231
131.1570 27.0909
126.6284 23.5609
134.0264 28.0664
137.2356 26.4471
136.9284 30.6781
135.0031 28.9110
141.4391 35.4551
138.2908 27.3882
134.3051 30.8118
133.0726 24.3518
137.9048 27.9355
132.1794 26.4336
134.6172 23.5031
140.2642 28.4249
132.0817 28.6907
131.4260 28.4654
136.1474 28.0136
130.7010 28.2972
126.6607 25.5171
135.6962 23.2085
137.4776 32.9338
133.0196 24.7036
137.3852 28.9231
134.2922 24.3648
131.6141 26.7838
133.4209 29.9726
136.6022 29.0483
132.1512 30.4535
133.7025 24.5590
136.3508 31.3621
127.1440 27.4308
136.1000 31.2942
133.8770 24.7849
136.6148 30.0202
131.2284 27.3282
136.9106 27.3057
132.5530 21.6181
130.8943 26.5912
139.2950 27.7710
131.9380 31.3267
137.6011 29.2813
133.9889 24.4591
134.1198 31.7839
132.8501 26.1976
135.2092 22.6622
136.2506 30.2440
134.8346 31.3281
136.1871 29.7087
134.3829 25.3907
136.0431 27.8581
141.4707 35.6861
132.0455 27.9764
142.8023 36.1220
138.8643 33.6033
131.4565 27.3586
133.8471 24.6358
130.2562 27.8113
130.7303 28.5159
137.3004 28.8457
137.1608 31.8180
136.2363 30.3126
133.8918 24.5384
133.8424 25.8397
139.0465 27.7436
135.6959 29.6249
130.1418 27.8650
137.3336 30.0108
130.9758 26.3328
134.4391 25.3480
137.0871 33.0702
136.8184 28.0862
132.3408 28.7271
136.6810 28.7914
131.0922 26.9766
134.1277 23.8685
130.9411 27.2900
131.5229 30.8858
131.5726 27.3545
138.1042 30.0527
131.2814 26.8613
134.9211 28.9850
140.1967 28.7063
137.9277 26.8228
135.2111 22.3146
133.4827 24.2320
141.0137 34.5537
138.9095 27.9117
134.3692 28.4102
136.5706 33.1137
133.4899 30.7965
137.4451 28.5168
130.2761 27.8234
137.7679 28.6975
131.0524 28.4386
134.9555 28.8590
136.8858 33.0765
126.4344 25.1047
135.2574 29.5351
137.3103 30.5601
132.1389 25.2699
132.7095 30.9690
135.9040 27.8880
137.2753 30.7922
144.5742 36.9111
131.7738 28.8246
135.5412 29.5265
129.8828 28.0585
138.9892 28.1611
136.1521 28.1737
129.2504 25.7046
141.0815 34.3211
135.7437 29.5210
135.9259 27.8465
134.9624 31.6944
130.5305 28.0841
130.0591 27.6152
140.4944 33.7085
132.0795 28.4363
132.2453 28.7361
132.0608 28.5999
133.4554 25.0434
140.1192 27.6920
132.8443 27.9743
135.2423 28.9740
132.3998 29.8247
136.3724 27.7530
130.9510 28.8985
129.4311 25.3930
136.4369 28.5623
131.4308 26.6328
140.1740 28.6866
138.0696 26.5159
139.2642 27.3618
131.6850 28.0778
134.5938 33.1810
133.1961 29.6922
136.5321 33.0639
136.4833 28.3719
136.7273 28.3917
132.1624 28.5914
139.8467 27.9381
139.4851 27.5769
132.8835 30.0083
132.1717 29.4647
137.4153 28.8726
137.1252 29.3530
133.7752 24.8045
125.6974 21.1555
138.7715 28.5862
137.9392 30.0903
135.2300 29.0458
140.6287 34.1979
138.8872 28.1879
138.8834 28.8297
132.8015 28.0217
137.6345 32.1269
139.0809 27.8180
130.8975 27.5255
134.0045 24.2579
124.0378 21.0514
136.5178 27.9020
131.7630 28.1811
140.2859 28.2566
133.3663 30.0982
130.8453 27.3573
124.8146 21.6420
137.7886 28.6572
137.1833 30.3940
133.1309 24.9189
130.3080 25.8795
138.9734 27.1733
137.1522 28.6572
134.4350 29.8779
132.9975 30.2424
135.5498 27.8744
128.5378 29.6740
141.9668 34.1983
139.2089 27.4057
138.8233 33.1948
132.3620 24.3330
131.8770 32.0130
124.4545 23.3215
134.4729 31.5130
131.9670 28.6796
131.5826 26.8968
130.9503 26.8462
134.9442 29.9413
130.7411 26.0970
132.6935 24.8968
136.0679 31.1080
136.9951 28.1913
132.6172 29.1359
133.7249 29.0932
131.2113 27.5822
136.4611 28.8707
136.6328 28.5359
137.3063 29.1618
132.0681 31.3980
138.0692 32.4744
135.8685 27.8384
132.1232 28.6762
131.9279 26.6176
137.5796 26.9312
135.0387 28.7074
130.6423 26.3245
135.6922 29.6749
130.6544 25.9274
137.4602 28.4884
138.2773 26.9300
137.3345 27.8387
134.5061 23.4361
132.9870 29.7799
140.2193 28.6158
131.6759 26.4957
138.8461 28.3672
134.7180 21.8186
130.7712 26.7066
132.3484 24.7050
125.1146 23.0413
132.8505 29.0979
136.5142 29.9746
140.3777 28.1651
132.5329 31.5081
140.0127 28.2278
138.7513 26.9300
133.8430 24.5335
134.4810 28.3148
132.6273 25.3208
138.0467 30.0215
126.0995 22.3867
132.1665 28.8876
131.8061 28.0852
130.7208 28.2101
138.9958 28.2969
135.5421 29.6397
140.0433 34.2800
137.7810 28.5187
133.0287 30.3319
133.8902 24.9947
131.6198 26.7782
139.2386 27.3439
133.8773 28.2432
124.7632 23.3906
137.0162 28.2433
133.2613 32.5983
132.8376 28.8223
135.8674 31.0028
135.3111 22.5936
125.3978 21.5210
132.5714 28.4620
131.5744 28.9094
126.2208 25.1807
135.9065 30.6364
136.0057 30.1803
134.5507 28.9106
138.9672 27.3351
137.4913 29.8871
136.0018 30.9591
136.6499 32.8216
136.0353 28.0391
130.8617 26.5905
140.0534 28.3084
134.5680 27.7181
137.0572 31.4480
131.1700 25.9298
131.9187 32.0818
134.3222 29.1773
136.5285 30.9801
131.8949 28.6726
130.7756 27.1086
133.5762 31.6503
131.0135 25.6519
132.3655 31.7951
137.9766 28.5171
132.0311 27.1024
132.9155 24.3882
131.6974 25.4111
134.3766 30.9848
135.1385 22.2090
138.7446 32.6800
136.5641 29.9429
135.9627 27.7507
134.1978 23.9889
131.8121 31.5764
136.6850 28.9725
137.8222 28.8008
136.6841 28.6471
132.4623 28.7139
136.7900 30.1442
139.0037 28.0013
137.4694 30.8626
134.3235 31.3777
137.5164 31.9792
127.8590 29.1673
130.2456 26.9343
136.9125 32.6108
140.3692 28.2182
137.1974 32.7608
138.0224 28.4573
130.9918 28.1896
136.9192 32.7483
134.2937 28.1815
137.2334 29.0229
139.5181 27.6658
136.4176 29.9166
137.6932 28.8756
138.5235 28.5086
134.7515 31.9971
125.8838 24.5417
138.7031 33.5935
132.3565 30.3182
137.7070 29.0405
139.9317 28.4498
133.7229 30.9454
131.8178 26.0089
134.1523 25.5734
132.2505 26.5129
130.5769 25.8670
134.1660 25.0614
132.0460 25.5349
138.3045 29.7017
134.0542 28.5712
132.1171 26.5983
136.3079 28.4393
132.5381 22.4771
134.6827 23.2997
133.8182 31.6112
133.4325 25.4948
125.2054 23.8631
136.3144 27.8499
139.8819 27.9348
140.6280 28.1658
130.8603 26.4970
129.8708 26.7597
136.6102 28.8606
129.1842 27.4445
136.8662 28.4647
133.6952 32.0105
136.5821 27.7622
134.0651 23.9525
132.8224 30.1286
132.7760 29.9287
132.7264 28.5359
133.5524 24.9661
138.8844 27.5132
133.1416 28.5139
139.6723 27.6649
137.8773 28.2856
132.2393 30.5884
131.8365 28.0996
132.0879 31.9205
137.5558 30.2555
130.0593 26.7387
133.3751 30.4137
130.1679 25.6600
140.1844 29.3503
129.5184 26.9890
138.8363 27.3916
136.3132 28.5679
135.9583 28.2443
136.3310 28.5432
135.3364 28.6137
133.5913 29.2593
138.7405 28.4250
136.2078 27.9715
138.0450 29.5339
132.3427 25.3325
132.5894 28.6672
136.0900 30.8238
132.4313 32.0724
133.6983 24.0656
132.5157 28.0697
139.6605 27.9394
130.7639 25.6823
134.0010 24.0333
137.3092 28.7019
134.6546 24.2857
126.1490 24.9120
138.8883 33.3596
128.1858 28.5339
138.3867 29.2116
129.5901 26.5310
145.3551 35.2666
133.8006 23.4564
140.0677 28.5749
133.4796 24.9128
134.4442 23.4984
132.8981 26.4729
132.6886 24.9302
134.2912 30.2459
133.5630 24.7049
131.5659 25.2438
134.5467 28.8445
131.2553 26.4240
129.0964 25.5114
139.0359 27.6182
132.1765 32.2353
137.5443 32.1290
137.8136 33.1145
130.4344 26.4063
136.4245 28.5047
125.1532 25.0075
132.9925 29.1928
136.6817 30.8396
136.9390 31.4260
131.2674 26.1247
137.6431 28.5217
131.2356 26.4519
135.9592 30.6390
137.4137 28.2996
136.2041 28.2429
138.8820 28.5221
134.5923 22.9547
134.8489 28.6748
131.9801 28.7540
136.7114 31.3892
131.3808 28.3892
133.2536 24.9809
137.6583 27.1420
133.5697 25.2404
136.1430 30.3010
126.7249 21.7467
136.5291 28.5499
134.2102 24.8017
136.9427 29.3495
133.1618 30.1926
137.3620 32.8828
139.9858 27.9741
131.5432 26.6862
136.1792 30.7614
140.0494 28.8461
137.9816 30.1382
128.2035 28.6665
137.5335 28.4196
136.8290 30.5504
135.7979 27.7937
136.2467 28.3929
131.2845 27.0636
137.6288 30.0075
139.6491 27.6795
136.9946 29.0180
133.1026 28.4443
134.7551 23.5069
134.4042 32.6123
124.9538 23.7753
137.2900 28.5104
132.2049 30.4344
133.9564 24.2127
139.4404 27.6077
138.1029 26.7685
134.9664 28.0366
134.0361 24.2980
131.4160 26.3401
132.5436 26.7880
138.7834 27.7873
132.4594 26.2522
136.5921 31.4912
133.8113 28.2389
134.0540 28.0221
132.3932 30.3745
134.6514 28.8306
134.0322 24.1872
134.1939 24.8149
132.3730 26.8614
137.6883 29.7397
138.6707 29.3601
137.3216 29.1356
135.9180 30.1040
136.4261 27.7972
134.9115 28.7417
124.6257 23.6671
132.1461 24.2419
133.2322 30.8084
136.8210 32.6216
131.4975 27.9841
131.4222 27.0290
136.2200 27.9164
131.9883 31.2667
129.1092 26.1725
140.0206 28.8737
135.3026 28.6940
135.3203 29.1701
136.5072 33.1295
137.1301 28.1344
136.3540 28.1697
131.4025 26.9634
133.3782 30.6703
137.4963 31.4141
133.5450 29.9500
135.7228 23.5673
140.1911 29.0561
136.4825 27.8380
135.9984 27.9771
135.4094 29.0275
131.9225 25.4764
140.0544 28.7450
137.6074 28.1852
136.4276 29.9193
136.9985 29.3167
132.2337 26.2016
134.7671 28.9021
125.4827 22.7993
132.6966 27.5639
136.8649 30.3085
137.8254 28.8798
139.5899 28.4502
136.0463 33.4559
137.3813 30.0600
140.1858 29.1825
137.8095 26.5147
137.6652 33.5290
139.7952 28.1841
137.1861 32.7720
138.1497 26.9068
139.1403 33.4803
140.4746 33.6925
137.0822 30.8258
135.6708 31.2479
139.3994 28.3984
140.2386 28.5780
137.5715 28.4394
132.5154 29.3667
139.0450 28.9687
141.1047 34.2944
135.0493 32.6691
136.7515 33.3170
138.2718 33.8591
128.9624 29.3592
137.6581 31.1070
127.5982 27.0610
137.0468 28.3851
138.7079 33.1301
140.1537 28.4990
137.7538 26.9318
138.0826 31.3670
137.5302 28.2440
137.5617 33.2549
135.7617 27.8660
140.0123 28.6408
137.4146 30.2383
136.2009 29.9612
139.7459 28.1011
137.5654 30.3875
127.5096 27.8387
139.6368 28.1047
143.3584 37.1233
137.4333 28.1670
127.6424 28.1097
139.4151 27.6995
138.6635 27.7260
137.6965 30.9147
137.7212 31.2777
133.7950 29.0776
139.5618 27.5945
136.7426 28.6477
136.4077 29.1352
137.9571 33.6608
127.7169 28.5046
135.6077 27.8737
138.7657 28.2223
137.1952 30.8725
135.0527 23.8082
140.0383 32.9788
133.4789 29.2802
138.9499 27.0689
144.2784 35.9245
136.4062 28.1165
131.3484 30.3385
137.9664 27.2613
142.4247 35.7645
138.9646 27.8014
139.4273 27.7794
137.1524 31.6368
137.4249 28.9752
139.2847 27.4797
140.0693 28.1959
139.7926 27.9676
139.3654 28.3609
139.5488 27.5714
139.6097 27.5024
139.7696 28.6750
135.8681 30.4971
137.9875 32.3260
138.9136 27.4523
138.0774 26.9378
136.4196 29.7806
137.6803 33.5099
144.8940 37.6556
134.5380 25.7535
137.5733 30.6265
139.8610 28.4488
140.0087 34.0242
132.4054 28.6961
136.0335 29.2552
136.4390 28.5884
136.7002 30.9472
140.0694 27.6160
137.4947 31.9102
135.6639 27.9684
138.6448 27.5119
138.1188 32.4702
135.1528 27.9375
139.3519 27.2632
138.5669 28.0549
135.2092 28.8740
138.3380 34.4936
137.0559 29.2920
135.3523 27.9786
136.5953 29.6438
136.9609 29.9346
135.7922 31.0423
137.1524 32.7508
141.5447 35.3090
137.2753 30.4438
145.5489 38.8802
140.1313 28.8296
138.7711 27.3384
126.9551 27.0153
137.4930 32.2014
146.4425 37.4591
138.2007 29.6488
138.0687 27.1899
140.1759 28.9792
137.7079 32.2976
134.7863 27.8829
141.8125 35.0603
136.4517 30.6259
136.9756 30.6887
141.5520 33.7076
139.9819 29.0923
138.4051 33.8752
136.4495 29.8709
136.5907 28.8347
136.6581 29.6168
137.6530 31.4904
134.2088 30.2693
140.1418 29.1448
141.7216 35.7454
129.9752 26.6233
139.8505 28.0265
135.1555 28.7077
132.6732 27.3602
144.8667 34.3387
137.9358 30.0040
136.6643 30.1549
137.2928 29.1017
138.7195 33.6475
140.0059 28.4600
137.3256 28.0436
137.9628 33.6037
137.9660 32.5999
138.8367 29.2433
139.2953 27.2850
137.6013 34.4058
140.0497 28.2335
135.5524 27.8529
138.8334 32.4186
139.3331 28.0694
125.9542 26.2070
140.0359 28.8876
139.4126 27.9426
136.1595 28.3979
138.2298 28.9946
139.5771 33.9937
137.2255 28.4095
143.2058 37.3734
133.4698 32.0810
136.6431 28.8451
143.0203 37.2389
136.6438 30.7948
141.4303 34.4428
136.8988 30.3699
138.1150 33.6156
139.8676 28.3321
133.3496 28.8178
139.6156 27.6328
136.8865 30.8693
141.1781 34.7368
140.7556 33.1815
136.3489 28.9013
139.7782 27.9011
136.7208 30.1209
131.7351 28.5770
137.9566 33.0242
138.0544 33.8290
137.8826 32.0676
134.8043 31.4927
137.8205 33.4873
131.5365 27.4074
137.2018 30.2123
135.9210 24.0940
138.1997 32.5323
135.3399 21.9506
131.9913 30.4395
136.9721 27.8563
136.8774 31.3509
134.4725 25.1033
131.6740 30.6374
134.7021 26.1892
135.7834 27.8874
132.0662 29.0242
136.5893 33.0054
131.9524 27.8558
136.5589 29.3036
136.4519 28.1778
138.8689 27.5211
133.6506 32.5336
132.3004 28.6700
137.9595 28.4046
134.2596 27.8931
139.1960 33.7038
137.1952 28.1621
139.8089 29.5999
135.3033 27.8452
137.5095 32.6230
134.4027 24.0668
134.5919 29.1442
140.1986 28.9585
123.4456 29.7268
126.9558 25.1862
134.4786 23.9201
127.2000 26.0753
140.0349 28.3525
139.8475 27.9804
141.2179 34.9342
137.7896 30.8864
138.0147 27.2092
140.5507 28.4419
135.6718 22.6751
137.7836 32.1404
136.8769 29.8712
132.3020 28.9772
132.1883 27.5554
138.8844 27.7018
133.8787 28.5422
133.8702 31.9810
139.9772 28.2315
136.5333 33.3226
139.8722 27.7242
136.0546 30.0359
131.8506 29.2775
143.1257 36.0917
137.6152 26.2684
141.7735 34.1849
133.1090 27.9572
136.6614 27.4831
136.7232 29.8371
134.5843 24.1066
133.4777 25.2256
137.1780 30.2418
134.9820 24.5299
139.9436 28.2016
135.1225 23.6694
136.5734 30.2867
133.6286 28.1157
136.6320 28.8315
136.8049 30.4315
133.7767 28.9080
137.7410 26.3413
131.8167 29.1659
140.8203 27.6717
129.4478 30.2798
131.3757 28.5676
134.7687 23.7779
139.7981 28.1988
136.8293 33.3485
136.3695 30.8447
137.6915 29.0659
134.7201 23.2793
137.4777 28.8122
131.8780 27.9956
136.5591 29.6667
132.8196 28.5645
137.9155 28.3993
139.8389 28.0937
132.1128 29.0068
126.6471 23.9980
136.1476 28.4216
141.1250 34.3506
136.4514 28.3772
133.7542 21.4911
137.2551 26.6105
138.5982 27.3056
139.5548 33.9316
132.6873 27.7171
133.6153 24.9037
136.3410 28.3923
132.1613 27.5677
143.2451 35.7226
132.7643 28.4720
133.7510 24.5979
132.0147 28.2797
135.9699 31.1116
135.2971 27.9954
138.9007 27.5389
136.7391 28.1601
134.0955 24.0350
139.9284 28.6498
129.7027 25.2117
136.3690 31.2364
131.0602 25.2493
137.8943 28.6815
131.8585 28.8002
138.7083 33.7422
137.3432 29.7243
135.9488 27.9474
137.9875 28.7277
136.6141 28.5675
134.1104 30.3948
138.6337 33.5883
136.9839 28.4994
140.6749 34.0723
137.5581 32.1266
135.2905 22.0628
137.4765 31.0037
139.1041 27.4807
134.4409 24.6495
131.9181 27.1768
140.3007 28.4500
133.9229 32.4385
140.5867 28.3081
125.9667 26.3263
134.8252 31.6057
134.0343 23.5249
131.0704 27.2371
133.0549 30.8970
139.6752 27.7646
134.1360 24.1678
140.0892 34.1066
139.9041 28.2850
136.7853 28.4079
136.6235 34.0064
139.8826 27.9253
127.7926 28.3550
138.8530 33.6616
133.9661 28.4073
131.3887 28.0048
137.1991 28.2294
136.6252 28.6713
135.6435 27.7734
128.4155 25.3277
133.6816 25.3185
138.8992 28.8755
137.0030 27.9763
134.8765 29.0149
135.2669 28.5401
139.2178 27.6457
136.5207 28.5302
133.5703 28.0254
139.2599 34.1269
135.2164 28.2039
136.2221 28.3180
126.6627 23.5723
132.5176 28.5417
127.3045 27.1620
136.3661 27.9322
132.5681 28.1438
135.1142 32.2351
139.1356 28.0734
136.4758 29.7782
132.1922 25.7341
132.4220 24.8156
137.7690 32.4089
136.1684 30.6550
134.9852 27.8092
133.6598 25.9417
137.3695 28.4873
140.6288 35.0973
133.5730 25.1698
140.0392 28.2567
130.8828 27.3470
132.1180 31.9412
134.1889 23.4625
140.3181 28.3618
136.3116 28.7800
134.4571 27.7486
139.5410 27.6150
138.4225 27.6982
131.0205 27.3123
132.7732 29.6204
142.9926 36.1227
124.7980 24.1963
136.7173 28.6850
136.4543 27.6586
138.2803 33.6469
137.6258 31.9011
130.9288 25.8251
133.0153 30.0066
132.5618 24.7016
133.0544 25.2356
136.4660 28.6023
139.1761 27.8287
130.4083 27.8208
137.2308 28.4553
136.5607 28.2306
137.4096 31.1323
136.6481 28.5781
133.9530 31.8673
136.6866 28.1404
137.7173 28.5120
133.9405 25.5145
140.0544 28.7912
140.0735 28.6512
133.6817 23.8774
137.0713 31.1774
137.5002 30.1579
135.7398 33.0289
137.3676 29.0646
136.1357 29.4538
133.8840 23.6430
135.5806 29.5731
134.6857 29.1039
137.5799 30.2287
136.2934 28.6067
137.0199 28.9252
136.5758 28.5971
137.1673 28.3446
132.2878 24.3678
132.4985 28.1652
132.2028 24.3661
136.1749 31.1668
128.9608 27.0944
135.9902 27.9200
132.7500 24.4885
133.3698 30.6302
139.7186 33.7863
131.6775 26.0104
136.4656 28.1431
138.9124 28.4539
132.8324 29.7943
131.2298 26.1616
134.5585 32.1744
138.3567 26.9374
137.4259 29.0828
133.5663 26.0123
137.5540 28.8741
132.2208 28.0200
124.4873 24.2037
137.8856 30.3569
137.0655 28.6547
136.4593 27.6860
139.3369 28.2326
133.2649 26.2895
137.4278 30.2760
136.7655 29.9587
136.6242 28.9530
135.4022 24.9496
139.0818 27.6075
132.8162 25.9247
139.3163 27.2949
134.2872 32.5460
138.0002 33.6265
136.5436 28.6888
137.2358 28.0267
140.3991 28.1069
136.7129 28.5747
126.3492 25.2270
136.0121 31.0902
137.6637 28.6013
140.0736 34.1752
139.0184 27.6252
135.3088 23.1269
136.0986 30.5711
138.2515 27.8166
136.7763 28.8389
132.2366 26.5121
136.7021 28.8674
136.9229 27.6755
135.8974 28.0062
131.7861 27.4302
133.7095 33.2476
137.8170 28.7030
126.9911 26.9825
132.5537 26.1956
140.5723 27.9311
139.9570 34.1312
137.7311 27.1152
125.1740 22.2495
125.2110 21.5378
137.5202 26.9760
131.0971 29.1336
128.3407 28.3768
135.0835 22.8737
131.1454 26.1540
130.1118 25.3785
137.2485 29.1447
134.9913 31.0162
139.4255 27.5579
137.4046 32.4219
139.1655 27.4200
135.1207 23.2112
131.8478 31.4928
139.7723 28.0823
137.4468 28.3644
135.2394 23.2530
137.8461 28.9558
135.2582 28.5850
139.2256 34.0419
128.1965 28.1790
131.7599 26.8806
134.4670 24.5004
137.1772 32.7055
137.5965 31.3859
131.6783 27.1692
138.9193 27.6504
131.7346 27.2113
138.1007 33.5854
141.5302 34.4787
131.1876 27.1089
133.6175 26.0962
138.7482 33.6109
138.9817 27.2604
130.6896 27.2673
132.1387 26.3804
130.9101 27.4442
131.7411 28.0454
139.2822 33.9597
126.2884 26.7657
131.6131 27.6789
135.0686 28.7809
130.1066 27.0926
131.3052 26.9065
139.9552 28.9453
134.7042 24.8217
127.0285 24.5698
134.7997 28.8594
134.7209 23.5465
138.9579 27.6793
136.8955 33.0445
136.9031 29.4613
139.4211 34.2329
137.1579 29.2362
126.1007 26.1027
136.0217 33.2775
127.6010 27.7738
139.1919 34.1044
136.7656 27.7328
132.1673 28.4455
138.2353 33.6499
140.1179 28.7843
132.6970 27.8548
130.5573 27.9981
131.2965 26.9077
134.5136 27.9318
135.6699 27.9456
133.1037 30.6979
134.4760 32.2043
133.5334 28.8360
132.5621 31.0553
127.2313 27.8035
134.5968 29.2986
133.8533 26.0622
133.6580 28.3263
130.9819 26.3298
138.7930 33.5411
140.2464 28.6660
132.1629 27.2493
136.5366 31.2415
134.7803 31.4380
134.7030 32.4706
136.5291 28.0129
138.9766 27.1524
137.9270 26.5277
138.8268 27.2632
137.4060 29.7144
132.1478 27.1836
136.9329 27.5335
136.0413 33.2482
137.1379 30.5929
131.5392 26.5048
135.0819 32.7941
135.8834 31.0143
133.9601 24.9554
136.8744 27.9643
140.0313 28.4383
137.9200 32.3880
134.3657 28.2550
137.6592 27.0874
136.4950 29.8415
140.5821 33.7686
137.1632 28.2679
136.5733 28.5865
137.5018 28.8463
134.3494 31.6357
134.5897 25.6664
137.7771 28.3205
131.6356 27.9017
132.6933 28.0589
137.3939 33.1322
136.2222 30.1322
135.2828 28.6562
136.4955 33.0123
130.3706 26.1446
126.3658 25.0925
137.9188 26.6725
138.0644 33.6020
133.1927 28.3680
139.8478 28.0670
138.1607 33.5562
139.7219 28.0556
138.5209 31.0467
136.7885 28.0470
147.1253 35.6873
136.5993 30.5326
137.8835 28.4445
137.4516 29.9222
139.8377 28.1830
137.6471 28.6294
137.7565 30.3216
137.8891 29.4565
137.9905 33.8605
138.7972 34.0489
138.1533 29.1260
137.8363 29.8907
138.4432 30.4023
141.5929 35.9933
133.7522 32.7459
141.3588 36.2509
136.6260 30.7454
138.7702 33.7224
137.3944 29.8827
136.8436 29.5254
138.3050 30.9689
137.5084 28.9737
139.9336 33.1562
137.8292 29.5473
138.1380 30.4458
138.5147 33.0387
136.7319 31.0827
141.4329 34.0324
137.1224 30.4712
139.8188 28.3171
145.6578 36.1854
138.2674 33.6749
139.5413 27.8417
137.9790 28.6486
137.3030 30.1179
138.1969 29.5048
137.1969 33.6999
139.7064 27.7379
137.8845 28.7153
139.9367 28.6720
137.7578 29.3502
137.4480 28.8616
137.4489 33.4114
135.8639 27.8820
136.8792 29.8607
138.1221 31.2772
138.6893 33.3835
136.9074 30.8090
140.1685 29.0490
136.8427 30.6494
148.0568 35.5582
140.3268 28.7753
137.7352 29.6147
146.3188 35.4449
139.8020 28.0447
138.1254 33.6436
137.5549 30.2116
136.3230 28.1020
136.8240 28.2686
137.4234 28.9951
139.4085 28.3150
139.9827 28.7132
137.4119 29.5950
139.4183 28.1917
138.7138 33.3372
137.2619 30.7979
137.0041 28.3154
138.1211 28.9955
138.3016 33.6451
139.7924 29.5691
137.4616 33.4001
141.1068 33.5317
137.1824 30.4389
137.2678 28.6987
138.2039 30.7807
137.8196 33.3796
145.6267 38.8948
136.6720 31.0404
139.0081 28.0492
135.5298 31.3549
144.2194 39.0927
138.6077 33.4227
137.3665 29.8505
137.4950 30.1953
140.6007 34.6761
138.2794 33.6531
136.2010 30.2250
138.1203 29.4619
136.2282 30.6548
139.9792 28.2446
138.6338 33.5448
153.0725 33.8400
136.2514 30.6069
136.9683 28.4663
137.5507 28.3626
139.4751 27.5907
136.2902 30.4816
140.4805 35.0651
138.1319 33.6536
136.6268 30.5922
146.3198 35.0738
137.7418 29.1509
138.7828 30.6751
137.6353 30.4917
136.4497 30.4413
139.8134 28.2396
137.9266 29.6963
137.3451 30.2860
137.8995 28.7469
139.5770 27.9842
138.0214 33.3626
137.6956 30.2152
139.3635 27.3633
136.5913 27.9237
138.0418 33.5772
137.1826 29.4288
145.8538 35.1250
140.1294 29.2356
137.1450 30.8986
137.2316 29.9745
139.3397 28.1127
146.2298 35.4825
139.7504 28.2358
137.0007 28.3873
145.9708 38.5616
139.6025 28.2443
137.3988 29.5427
137.3933 30.2108
138.6646 29.6481
136.6866 33.6757
137.2880 30.8734
138.2233 33.7383
138.5728 33.3841
138.6640 33.6354
140.0522 28.9802
140.2328 28.9243
138.0481 31.7004
137.7389 33.6362
138.0192 33.8503
137.6436 29.4878
137.9899 29.3150
139.7337 27.8299
137.7495 28.3816
136.2817 29.8796
137.4480 28.5835
139.7855 28.1348
136.5041 30.6926
136.2111 30.7966
137.3490 33.8190
137.0334 30.6149
137.8093 30.3471
137.0980 29.3542
139.9233 28.3496
136.4022 30.5889
145.6198 39.1341
141.5666 35.6138
140.1858 29.0371
138.3616 33.6404
138.6267 33.6061
138.0103 33.5160
145.1534 34.7195
137.5056 29.5794
138.2203 30.6113
139.6794 27.8933
143.1481 35.8130
143.7912 36.9822
136.6623 28.3911
139.9286 28.3503
137.1061 29.5633
136.2171 30.7487
145.5310 35.9078
138.5062 32.2410
137.5090 28.8777
141.7803 36.1274
137.3482 28.7310
137.3688 30.7802
138.8185 33.6125
136.9791 30.3724
142.3643 35.5055
137.5224 29.3213
137.7191 29.8119
138.2865 32.7503
136.4415 30.1399
136.9106 30.1024
140.8875 35.6108
138.1554 31.4533
136.3548 30.5914
137.9071 29.0063
137.1547 28.5439
138.2938 33.6422
137.6452 30.2464
138.0699 31.2119
137.2690 30.2644
140.9662 35.2429
138.2814 32.7518
137.4502 33.5619
137.4687 28.3458
137.1206 28.5242
140.1237 28.9890
137.0117 28.9427
140.1455 29.1799
137.9536 29.0726
136.7370 30.3867
136.4608 30.2028
137.2904 33.6496
137.4039 30.5828
137.6637 30.0990
137.5182 29.0205
140.9066 34.7044
137.0423 31.0132
136.8212 29.6887
138.2635 32.7100
136.0825 30.1033
137.8702 28.8607
136.7885 30.6714
136.7291 30.7444
139.8555 29.5443
138.0383 28.8113
137.0644 28.0935
137.6947 29.6110
137.8200 32.3576
136.8648 29.7889
136.4967 29.9409
136.1956 28.0229
138.3512 32.9755
138.0360 28.9745
139.1982 27.2981
137.4844 29.5773
137.9485 29.5325
137.8803 28.8962
136.4572 28.0505
137.6231 31.7673
138.1846 29.0224
137.1124 30.8228
140.9858 34.6867
139.8075 28.2479
137.8263 28.5744
143.1602 37.3838
137.1835 30.9368
139.5414 28.0928
138.1371 33.6184
138.0937 33.9043
137.9807 30.0137
149.2469 36.5833
137.0180 30.1575
136.6716 29.9402
137.8364 28.4909
138.7714 29.4871
139.8476 28.0533
137.3250 29.6094
144.2682 38.5475
137.5022 28.7662
137.2583 29.2921
139.7388 28.3135
136.8358 28.0265
136.1844 29.4271
136.9514 29.7016
138.7483 27.6892
138.6089 33.7736
138.3899 33.6832
136.4874 28.4595
137.5361 29.5434
136.4541 30.8240
136.4857 28.8438
136.7520 30.0101
137.0997 29.3697
138.0270 29.2019
137.8293 29.1982
139.8379 28.2975
138.5876 33.5867
139.6976 28.2103
136.7081 30.4706
137.6298 28.2846
138.3572 33.6684
138.4956 30.4929
137.1534 30.8644
139.8239 28.8301
137.6465 29.5266
138.2796 30.7101
138.1657 29.0531
138.0387 29.3420
137.9485 28.7099
137.9417 28.7810
136.2780 30.9967
137.6634 28.6490
136.8692 30.2219
138.9506 27.1683
137.5089 30.1507
137.8970 29.2763
137.0926 29.6199
137.7345 28.8302
139.6897 28.0019
137.6115 30.2409
136.1622 28.1119
138.8052 27.6896
133.6079 28.4420
139.6238 27.8721
129.5373 27.8011
131.1310 26.1993
143.1482 35.9892
136.2136 30.4461
131.2402 25.0557
140.9823 35.3911
135.2570 30.1678
139.4032 28.3028
148.1058 35.0987
132.5345 27.3385
135.0853 29.5751
138.4998 27.1634
129.5121 29.5133
139.3998 33.2867
133.8496 32.3194
130.3281 27.0465
137.1225 30.1266
144.6914 37.7431
137.5247 31.2856
135.0283 30.2773
132.9600 28.6260
131.5855 28.4131
126.6129 21.5411
130.3759 26.3832
130.1323 27.2668
144.2635 38.8456
134.3524 23.8279
135.3825 23.4507
135.8659 26.7945
137.7838 33.7374
135.7572 31.1491
131.7488 29.1347
136.4105 28.1578
136.0428 31.1287
136.8793 28.1313
138.0560 27.9014
145.6423 35.9900
135.4996 27.9374
135.1829 24.8178
139.4488 34.1418
134.1382 24.0868
138.9770 28.2373
134.7493 32.2087
136.6045 30.2074
139.3260 28.6829
136.3642 31.2379
135.1732 23.4949
133.7270 21.3318
128.1087 29.2035
134.4817 21.4228
140.1514 28.2647
138.7174 27.2360
140.2314 31.1708
135.0557 32.5034
136.6738 28.7127
138.3633 29.0611
137.6299 33.2710
130.6267 27.5448
137.8308 30.8504
138.5948 27.7144
123.4495 23.0188
138.2287 31.1141
132.5368 30.8610
134.3182 24.0196
145.9349 35.2348
137.9909 33.7269
137.1180 32.7169
137.8103 31.9867
137.4835 26.7427
133.1785 30.1265
138.2403 31.9502
134.8051 22.2006
136.8016 28.6941
136.6176 31.3801
133.2957 26.1615
141.5672 36.3387
127.9693 27.8007
137.0571 28.2641
134.0177 24.0114
137.6188 30.6577
136.1746 28.0517
133.9711 31.9263
134.5420 23.0049
134.7868 31.4080
138.6161 33.6952
144.4881 36.7411
134.7543 28.7537
126.1389 29.1018
131.9642 31.0643
135.7335 29.6266
136.7415 27.8324
137.6230 28.8543
140.2654 29.3004
138.5628 27.3725
137.3224 32.4654
132.6290 26.2655
134.5762 23.6248
134.3407 28.4719
139.3486 27.5608
135.2715 28.9612
140.6682 33.1510
132.1862 28.3761
135.0418 27.7640
131.7424 26.5796
135.2487 31.3535
137.7143 33.6064
137.1892 28.1242
137.3787 28.3175
136.6884 28.8896
134.8778 28.8856
130.5233 26.0434
132.1965 28.4509
131.5016 27.0535
137.9977 28.5658
140.1252 28.5429
134.7778 32.1445
137.6532 33.5582
132.2726 28.5840
131.9721 26.1672
137.4577 28.6513
134.3272 25.5145
130.5749 26.9737
134.7225 29.0967
139.3023 27.2028
139.5601 27.3126
136.9765 32.8585
140.0656 28.8151
136.8091 28.7936
137.1389 32.5701
132.3882 29.0470
131.2260 28.1895
135.5012 27.9041
135.5687 29.3217
134.3387 30.8120
131.3753 26.3973
139.2451 27.2326
140.0937 28.5429
134.4864 23.7921
135.1344 30.9664
136.4698 28.5869
137.0279 29.1934
137.9395 29.7787
137.3979 26.6815
134.2075 23.9106
140.0246 28.5866
134.4460 23.8127
134.4843 23.6296
136.9157 28.7842
132.0941 28.6344
136.5927 32.9291
131.3913 26.1874
134.0457 24.3598
130.6832 26.7596
130.9762 26.6691
137.7416 28.7937
136.2869 28.8655
137.8243 29.2866
136.6004 28.5146
133.9326 23.9126
134.2970 25.4094
134.0947 28.0615
140.7701 33.4925
134.9002 28.8304
136.9135 30.4199
131.4644 28.0046
134.9408 23.2565
143.7021 35.1526
134.5487 24.6596
133.5773 24.8994
130.8736 27.2952
131.2533 26.9551
133.4266 24.9306
136.3598 31.2642
140.7714 27.7169
131.7259 25.4124
138.4429 27.9707
135.4877 31.5868
131.3017 27.0465
138.7425 33.4672
137.4855 29.1253
137.9432 32.3140
135.8121 22.9297
134.1381 30.2059
139.8222 28.0982
139.3874 27.8386
139.6230 27.3843
136.1129 28.8763
134.8967 28.7371
139.7962 27.8279
136.8458 28.2490
135.5033 27.8263
136.8624 30.9957
135.2564 23.4456
131.9733 30.3660
132.6607 28.4283
140.1561 28.7732
143.9716 35.4649
138.5407 28.0077
133.5855 25.1057
137.7355 26.5408
133.5136 23.8953
139.3635 27.6994
140.1395 29.2512
133.7275 24.6185
139.5444 28.1847
139.6601 28.5753
132.7839 29.6942
140.6518 35.3535
132.2387 28.0157
133.3557 24.9508
133.3296 30.2045
139.6950 28.6249
135.3542 23.4350
136.4478 28.7093
132.4923 28.8694
132.1204 27.4032
135.6044 29.3373
132.1176 28.1815
139.7849 34.1269
135.6387 28.0525
138.6193 33.4113
136.2153 30.7878
137.5089 31.2305
139.4336 27.2115
132.2065 29.0309
137.2618 32.9411
139.9230 28.4429
137.8012 31.6791
136.0860 28.3557
136.9595 30.2589
134.3670 31.8411
139.8106 27.7353
131.2596 26.6071
136.6890 28.0848
132.5888 30.6304
139.0169 28.4284
136.7404 30.6429
126.5502 25.6080
137.6695 29.4767
134.9324 24.2584
140.1847 27.6696
139.0128 29.2010
139.1488 33.2610
126.6773 25.7883
136.9932 25.8797
134.4949 23.5035
135.3492 32.0512
134.8367 27.7875
132.5645 28.5315
134.3629 29.5759
133.1677 24.8492
132.1009 27.7377
138.6328 29.8240
135.6700 32.0940
138.5053 27.2657
136.6658 31.4784
140.2802 28.7807
135.8777 31.4572
135.3829 23.4649
134.1748 24.4124
137.4512 29.7471
127.7811 27.9305
133.7572 29.5820
138.6608 27.7252
126.4977 24.9732
133.6804 30.5563
125.3636 23.4287
137.0900 29.4296
137.3020 29.3027
128.3405 29.0901
133.5375 25.0178
137.1138 28.4073
138.5991 27.4346
134.9382 27.8882
140.1932 29.1530
138.0321 29.7196
136.5824 30.5060
140.1349 29.1180
140.1300 29.2679
139.1431 28.6636
146.6188 35.3661
139.5437 27.6577
138.4145 33.8040
136.8207 30.6334
145.4435 34.9376
141.0081 33.3422
139.1517 28.6351
139.0359 27.1984
136.8238 30.5463
137.7578 32.1643
144.7583 37.4422
138.8657 27.1793
137.6423 32.2586
137.9783 30.7655
141.8495 34.3676
136.9406 28.3127
137.2164 31.8078
138.0983 33.6669
139.5172 27.9416
141.4612 33.8807
141.4086 34.6948
146.1743 35.5767
138.5910 33.7169
126.9998 27.6379
138.1984 33.8364
137.6569 29.2832
138.0965 33.5682
136.2977 28.1904
137.7792 28.6692
141.7025 33.8716
140.1752 28.9684
137.7150 33.8481
141.6725 35.7190
140.9845 33.4802
137.4288 28.9490
137.6284 33.5605
137.9501 33.6616
141.3032 34.9204
141.6871 35.7460
136.3096 28.9178
137.6928 33.8931
141.0926 34.3775
136.3524 28.6160
136.3956 30.8126
136.5801 28.5010
137.7857 32.1072
139.1337 28.4355
138.1538 33.8826
138.9496 33.4395
145.2275 36.1777
138.6894 30.7713
138.5603 33.5330
137.5550 28.5388
138.3401 30.8346
136.9702 28.2886
139.0770 33.5764
138.2643 27.0504
141.9815 34.7049
137.1651 28.1599
137.8174 32.1599
132.5038 28.7671
138.6406 33.5343
138.3753 33.7245
137.6127 28.1740
137.7868 33.9048
146.6401 35.4883
141.8721 34.3974
137.4085 30.6371
138.2772 30.8616
138.4832 33.1860
141.2160 33.4945
139.8108 28.1948
138.7743 28.0277
141.3130 33.4610
137.5795 28.2611
138.7957 33.2581
137.5975 30.6914
137.0174 30.9348
137.3974 30.7374
137.9442 30.0855
139.0300 28.0378
140.0897 29.1155
137.5358 29.0122
136.6875 28.0240
132.0992 28.2485
136.7003 30.5172
139.8759 28.2304
137.9079 30.8469
143.6994 36.1846
140.0472 28.4742
124.3454 20.8227
126.6425 25.4477
138.5660 33.4664
127.6449 25.3863
132.0212 26.6533
130.5965 27.9865
124.4526 23.4204
133.4154 29.5871
139.1825 27.3841
137.6696 28.2455
128.9325 25.8278
135.6758 27.7887
139.7902 28.0160
135.2866 28.0786
131.7852 26.1558
142.8227 36.6546
132.5349 26.7236
134.3324 25.2024
140.2561 34.2401
126.2856 25.1704
137.7847 31.6113
135.2746 29.1479
137.1859 28.2323
135.0247 28.7140
138.8139 29.2316
136.6434 28.7470
135.8175 28.6632
134.4806 23.6454
135.0286 28.6328
140.3381 28.3530
135.6563 29.6231
135.5626 25.4667
137.0516 28.4531
135.3602 21.5316
134.7036 31.6147
127.4505 28.8335
137.0995 32.7294
139.9702 33.8368
135.4242 28.9332
141.0313 35.2639
137.1639 31.4876
128.7641 25.9097
139.9525 33.9844
139.9877 28.0562
136.1739 27.8964
130.5617 25.8891
133.5014 24.8961
138.1914 33.2522
139.0261 27.4889
134.2705 23.9882
137.9701 29.1114
135.5794 27.8799
145.5541 35.3117
134.3900 24.4273
131.3690 27.5094
126.4778 24.9106
136.1868 27.7023
131.5606 25.8205
137.9318 29.4303
139.3440 27.4501
133.5254 30.0128
137.4788 28.5933
137.4396 33.8735
137.1278 30.5392
135.2448 29.0302
134.8932 27.7722
132.8468 25.0849
132.5689 30.6598
134.8134 28.1080
133.8242 28.0771
143.0461 36.0398
136.2423 28.5778
139.2175 28.6970
137.8835 28.7770
137.7313 29.3095
135.9221 31.0590
131.3673 26.8266
137.2992 30.5339
140.2218 33.6428
145.4370 34.6601
137.9320 28.9375
137.9014 28.9031
130.2713 27.1431
135.7968 23.0371
133.9754 29.1873
135.3725 28.0369
133.7723 24.0317
128.8918 25.6773
141.3573 34.6820
136.3070 27.9021
137.5533 28.3619
133.9647 24.8041
137.1523 30.3191
124.6593 23.9485
133.3791 26.2247
135.5251 31.3265
134.3247 30.1101
125.7909 24.9351
137.0604 28.1788
137.0336 30.4566
136.8152 30.7901
137.5772 28.5565
139.3655 28.1362
137.7287 28.8139
136.2178 29.1071
134.7771 27.8896
139.4106 27.4339
137.4015 30.3177
136.5086 28.7857
135.8394 27.9257
136.9114 30.6304
136.6544 30.2653
139.4843 27.7303
137.3791 28.8376
136.6697 28.3576
138.3573 31.0483
136.9513 30.7699
137.3320 29.4196
139.8815 28.1817
141.8624 35.2501
141.3635 33.9171
140.2287 29.0591
139.9374 28.5576
136.3817 30.4814
136.8016 29.4426
136.8136 29.9700
135.9529 31.4623
139.7033 32.3803
136.7836 30.5823
137.9703 33.7052
139.7110 27.9725
137.3461 30.4880
139.3989 28.0332
137.1770 29.6839
136.2757 28.4175
136.9976 30.3154
138.8887 33.3803
138.0147 32.5537
136.1873 28.0695
137.2658 30.2129
137.1213 29.3101
136.4050 29.7624
137.8925 28.9573
136.1717 27.9231
136.9708 30.6234
136.7464 28.1762
136.7773 30.5442
137.9337 32.2823
137.0680 28.1977
136.7197 30.0676
138.0754 33.7024
137.6171 29.1328
135.9505 28.0709
139.8306 28.4536
137.6586 33.7293
136.4353 28.6928
136.3779 28.4602
137.9336 33.7015
136.0583 28.2536
136.9360 30.9917
136.9095 28.0467
138.5739 30.7816
139.4037 28.0951
136.2917 28.3459
136.7288 30.7719
139.7753 28.1426
136.3056 28.9799
137.5165 34.3654
136.5932 30.6355
136.3250 28.2108
137.3834 28.3548
137.4083 29.8590
136.8411 30.4190
137.6469 33.3256
136.2037 27.8337
139.8955 28.6002
139.7897 27.8908
136.8717 28.7650
138.0930 29.1757
137.4268 30.3392
137.3894 30.1621
137.2109 29.6755
136.3367 28.0025
138.6433 33.7761
138.1447 30.9771
138.0691 33.7344
136.3456 28.1172
137.4104 29.9036
137.3713 29.6365
136.9188 29.5495
137.1558 29.1437
135.6883 28.1005
136.5159 29.6517
138.1036 31.5449
134.8775 27.8838
137.8801 33.6000
137.5522 28.8704
145.1875 37.3588
137.1052 29.3463
136.2668 30.9623
136.7976 30.8021
138.9012 27.7076
139.7388 27.9837
145.1391 39.0143
137.3091 28.3454
138.5583 33.8352
141.2161 34.1199
138.0022 28.9153
143.1868 35.7174
137.0742 29.8024
137.2394 30.3134
136.6275 27.8863
138.2928 31.5955
136.4498 28.0821
136.3846 30.6590
145.1890 34.7714
136.2513 28.4607
136.4070 27.9403
137.3740 28.8149
135.9523 28.6274
137.8032 32.3275
138.7303 28.2101
128.0361 28.3605
137.8286 29.5965
133.0584 27.1191
136.9611 28.1653
136.4458 29.2773
133.9739 24.4965
135.4335 32.9421
140.0022 30.8019
135.6205 24.2064
130.0016 27.0764
132.6122 28.2752
137.3061 29.1548
137.3803 30.6359
140.8170 33.9421
135.1590 24.5950
128.8409 25.8767
133.6952 28.0826
135.0534 33.2442
133.5601 30.9746
145.5291 35.9848
133.9995 24.8577
126.4567 24.1558
134.7738 23.8492
133.4220 25.3923
131.9166 24.6678
139.3513 33.0865
133.8191 26.7759
134.1787 24.9893
129.5905 29.1558
137.3582 33.4713
123.2518 26.0362
132.7697 26.3327
124.0903 27.6650
128.7941 23.9383
137.6027 28.3954
127.2304 24.3676
138.8409 28.1691
135.7422 29.4796
134.4921 25.1532
131.5308 30.7542
137.1551 30.3821
134.4735 25.0365
135.2740 24.1447
135.7329 31.2608
139.6369 27.6909
132.0910 29.3673
137.1398 30.4900
133.2079 28.4309
139.4543 33.4302
133.7846 29.8293
131.9812 27.4247
140.5549 28.0760
134.4171 22.7046
133.9198 25.4739
132.5973 29.1307
134.8908 28.3288
125.5384 22.7887
129.9045 29.2299
132.2195 28.2118
139.5219 28.6099
124.1006 20.1118
129.5904 29.8705
131.7662 27.8108
134.7965 31.3785
135.0183 31.6208
136.5662 29.6403
138.3046 33.9466
134.0878 26.4102
138.0027 29.1514
130.4247 26.6685
131.4849 26.1950
130.8852 26.3012
132.5707 26.6564
136.8719 28.0931
134.7034 31.8971
131.3056 26.9346
131.3789 22.7078
118.6511 18.9581
124.2088 21.1405
132.6154 23.4370
125.9317 24.0820
132.9131 25.7507
129.9549 26.1526
133.0478 27.2888
136.1666 27.3830
131.8302 25.3584
132.2124 23.2804
132.0712 24.9927
134.1502 25.5565
128.4869 24.2058
131.7792 24.2012
121.9332 22.2459
135.7786 24.1266
129.2834 24.5947
128.2026 22.9888
131.3053 25.1582
134.6787 27.3983
127.4066 23.1290
134.9959 22.2492
132.5074 21.9865
124.5879 19.7709
127.3201 23.7689
132.9654 23.0521
116.8102 19.8792
135.5467 25.2727
132.6869 24.3759
131.4940 22.5744
131.0799 24.3459
133.9145 21.3730
126.2309 23.2591
138.5334 28.6248
138.3134 29.5102
136.3908 27.5550
136.1347 30.2027
123.7547 20.7759
120.8702 20.3933
131.2701 27.7339
134.5063 23.4845
130.7579 24.7065
132.3990 23.6118
130.2490 21.8340
127.3763 22.1287
125.9945 21.8261
130.0224 21.4669
130.0963 21.6870
134.2787 25.8554
131.3873 22.4864
134.3365 24.3085
133.4142 22.2118
128.4288 23.7411
134.1952 23.8299
135.5362 31.2286
138.1992 29.6468
135.5869 24.4055
137.2651 32.7221
132.7093 27.0783
136.8587 29.9416
131.8056 26.5644
134.6910 29.2112
132.4237 28.6608
136.3446 31.7061
138.1498 28.8962
140.2437 33.6848
134.6125 28.1120
134.4111 24.7738
125.6057 22.6110
131.6036 27.3618
132.1980 27.5043
139.2905 28.1200
134.6867 24.8915
140.5966 28.3454
135.8618 23.1337
137.7299 30.8510
134.5501 24.5005
127.6105 27.9711
131.5973 30.8194
136.3286 30.7942
136.5383 28.2829
132.0981 31.1634
139.3530 27.4725
130.7153 28.9781
135.0312 31.0780
139.9803 29.4744
137.4518 30.6535
133.5596 30.7946
140.2272 34.2885
135.1104 23.7089
133.9720 31.6525
137.1183 28.5307
136.9314 30.3047
132.2534 27.0553
137.5841 30.8419
136.0874 28.1408
134.8148 23.8750
136.4273 27.6884
134.5668 31.3355
132.4286 29.9016
137.5742 26.2376
138.9327 27.4438
139.6704 33.4291
135.6929 25.2744
130.9905 28.4024
133.6504 32.3608
139.5729 28.2487
138.5877 27.9026
136.6569 31.8627
136.4189 28.6592
139.4539 28.1848
137.3342 33.1693
140.0683 28.8573
131.9881 27.3886
136.5111 27.9457
138.2151 29.0878
139.9609 28.5901
136.6120 30.6937
138.1070 34.2211
135.3698 29.3881
135.8079 27.9435
134.2372 24.7693
135.2658 22.0888
133.1109 24.7124
137.9049 28.6536
132.9267 28.7671
140.1041 29.1281
123.4684 29.6155
131.5704 28.5705
144.9843 34.9418
141.0537 33.8611
135.9975 32.0014
131.5679 26.5668
136.1274 28.8120
131.6523 27.4928
132.0177 27.1814
137.7926 32.2888
136.7140 33.1536
136.0857 30.3378
133.0756 30.6201
135.8824 30.4543
130.8022 27.0838
135.8941 26.0589
127.1136 26.4715
140.5049 27.9838
132.4392 29.7090
138.1521 26.4524
138.1098 27.2705
131.4857 27.3508
130.0686 25.9997
134.5703 28.7890
133.2624 29.1946
140.5022 28.1493
138.8088 27.5930
132.0998 28.0214
137.5216 30.6668
137.1812 32.5931
128.2829 29.3170
134.6886 29.1384
136.6842 30.8208
138.9526 29.3238
132.8391 31.0664
136.8059 29.0872
131.3802 28.4376
130.8801 27.1190
137.8941 27.7026
136.8452 28.5420
134.9716 26.0113
140.3290 28.2437
136.6747 30.7232
125.4617 22.5512
129.1212 27.2701
134.0239 23.2826
130.3591 27.1818
134.0569 28.7593
129.2915 26.5423
134.5005 33.3828
135.8909 27.9827
136.1960 28.5715
136.3986 27.9150
134.7590 21.8761
136.6291 29.8784
131.6905 31.1170
135.2566 27.9542
140.5652 28.2216
134.3729 31.2705
131.1774 25.4678
136.5737 28.6592
137.3418 30.3267
139.5030 27.6158
134.1290 32.6902
133.7309 23.6481
135.5672 25.1824
132.3247 25.1526
125.9491 24.6205
131.1442 28.3250
136.4842 28.3668
131.9925 26.3712
140.0229 28.1594
129.8550 26.1251
137.2058 29.4671
132.9529 24.4903
132.7508 28.4033
135.0790 22.7015
131.4186 28.1103
136.6871 28.2757
135.0967 27.8845
140.1407 33.8353
146.8915 38.4669
137.3023 32.8036
143.9759 36.8305
137.7825 33.2605
140.0504 28.7688
135.0460 28.0390
148.6124 35.5678
136.9168 30.2700
138.4694 30.4953
139.0905 33.3391
137.8994 33.8514
140.2408 28.5522
139.9295 32.1331
138.4670 30.8520
137.2403 30.0176
137.3297 28.0624
134.5665 24.8576
136.5943 30.6737
135.1792 23.5321
146.7097 37.6680
136.6057 31.0669
140.2256 28.0907
137.2625 29.9314
133.6992 33.1056
138.7589 29.7535
143.8992 36.9041
143.1669 35.1477
140.1472 29.0051
135.4769 33.1675
139.3024 28.7270
137.5326 29.6914
134.8434 31.7722
136.4441 33.4323
141.2394 34.8049
142.5875 35.6248
137.9849 29.5019
138.2661 27.2310
123.5976 23.0367
145.6509 37.9622
131.2091 30.5939
138.3846 33.6478
139.8891 28.6822
144.3283 32.3247
151.4464 36.0533
121.7194 32.1805
146.8892 34.5284
139.8802 28.1829
136.5654 28.2288
139.8465 28.2981
136.0889 30.6536
138.0177 33.6147
143.4247 38.3428
138.0659 30.8298
134.6605 31.5863
136.3466 28.9184
137.3851 31.3586
148.4877 35.9750
139.7158 27.9843
137.6206 32.0108
140.6279 28.2585
139.5562 28.1724
137.4408 31.0144
139.4807 27.4652
136.9151 31.0479
138.9097 33.4921
136.3707 29.0206
138.1949 33.6743
144.2524 36.4587
139.5195 27.7468
137.1158 32.8545
143.9252 36.5141
137.6518 34.6008
152.5665 36.3606
136.3992 27.9114
138.8254 27.6956
137.1015 32.9100
156.4790 34.1678
139.2162 27.3187
137.7061 33.6552
133.0399 31.8070
136.7452 30.3650
136.4709 30.1710
131.2231 30.2425
138.9367 28.7477
139.1481 27.6724
148.5943 36.0111
127.4775 27.8619
139.7798 33.7617
133.9767 31.5023
134.3774 30.5184
135.1621 28.7391
133.4345 31.8746
131.0271 27.6649
135.2529 28.6227
134.3770 29.3948
134.0213 32.4989
135.3273 28.9894
137.7922 28.5041
135.3207 29.0652
137.7055 28.5087
131.2521 27.6333
138.9304 34.3623
134.7968 31.5316
133.4621 30.7568
134.9822 30.9659
130.7035 29.0410
135.1184 28.6426
134.9267 28.6426
132.1008 31.2375
146.1076 35.4165
131.6775 27.9238
137.3935 30.2664
135.3644 29.1710
131.1791 26.1526
138.3183 33.8389
139.7583 28.2994
134.1194 24.0739
138.3526 29.6540
139.8695 32.8171
134.8607 31.6152
124.7544 24.0046
132.3911 26.9956
136.7607 33.0874
134.3120 30.2358
136.1232 31.3395
134.2223 23.8972
134.4584 33.0425
126.3909 25.0683
130.9202 26.7185
136.5167 27.8662
134.8872 32.4237
133.9129 31.0903
137.7022 31.2521
139.6159 34.2085
139.2048 33.9412
135.2498 28.7511
135.1924 27.8894
127.4842 26.8180
135.7798 29.4761
134.3021 23.6668
131.4213 26.4317
138.7563 29.5316
133.6501 31.1383
135.4964 29.3863
130.8134 27.1007
139.3075 33.9009
138.0678 33.6876
135.2417 28.5977
134.5278 23.4522
139.5418 33.9871
135.5750 29.5810
136.3211 27.9120
136.1810 28.3817
130.6273 28.0351
138.2267 33.6271
139.0439 34.5613
132.5407 28.2970
136.5009 32.9638
134.5805 25.6192
131.0042 26.6423
139.2012 34.1641
139.1895 28.3595
137.4010 28.1515
133.5223 25.1542
135.3181 28.9154
134.4353 32.1901
132.8239 25.4517
131.4885 25.7693
131.2495 27.1125
141.3041 33.4915
136.3395 30.8709
131.9804 28.8138
134.0831 24.0119
131.8702 28.7514
134.5562 24.8488
134.4058 24.6801
136.9087 29.5586
135.1396 28.8160
140.1136 28.1985
134.1913 31.7025
134.7820 23.0230
137.7401 30.8632
134.0592 23.8936
130.8126 27.7150
145.8523 38.4356
134.8084 31.7961
134.9893 28.7728
135.3401 28.9653
132.9023 24.5023
131.1347 26.0789
131.1899 26.2793
136.4446 27.8258
140.1876 28.8996
136.5070 31.4283
138.9569 27.9102
134.0958 23.7944
131.9834 28.4844
132.3088 31.1068
128.6125 29.7820
136.5320 29.9114
132.1092 28.3565
133.7363 31.6856
133.5505 24.7443
133.4504 28.2401
131.9826 28.1270
138.0963 27.4777
130.3812 25.7936
131.4380 28.0664
130.9031 28.4273
132.0892 28.7293
130.7063 26.6720
136.0569 29.0303
135.8976 31.4212
139.0621 27.6925
132.9941 26.6072
133.8771 27.8425
131.9102 26.8008
131.7501 28.7797
140.0431 28.4883
127.2216 27.2161
132.0182 31.6872
130.0098 26.2717
138.8317 28.0467
126.3266 25.3404
138.2794 29.0724
135.8163 26.3657
127.8181 28.7269
127.0933 24.7739
135.8000 31.2301
133.5621 24.3036
130.4165 26.0613
134.0312 24.2737
131.1675 27.8416
139.8840 28.5034
130.9589 25.8187
131.9515 26.4940
130.8973 27.7019
134.0376 31.1391
132.1609 25.6254
135.6988 32.9716
138.0958 28.4897
135.1828 25.8394
129.1070 27.4523
124.4734 22.9040
139.0494 27.4053
132.8149 21.5149
127.2311 25.4629
129.5294 25.6735
135.6039 33.1155
132.9151 30.3280
136.6540 29.0397
130.8964 25.5306
134.3592 25.2679
137.2931 28.0915
139.7897 27.3205
134.7873 31.3144
131.6975 28.5395
137.1731 31.4346
138.0403 29.6434
140.2511 28.2112
132.1038 24.8270
141.2389 34.0853
138.9433 28.7313
136.0468 28.3157
136.5551 30.6031
131.4682 27.4926
136.0088 29.9459
135.6689 29.4582
138.1044 27.2404
140.5430 28.1355
137.7596 30.4813
131.6345 29.0963
130.5548 27.0801
137.1482 27.7302
134.7695 24.2985
134.2792 23.9397
138.2838 33.7343
138.6608 27.7881
126.8936 26.4321
139.0722 27.0265
134.5689 33.0499
127.6471 24.7991
131.7849 27.3883
133.4541 24.1731
134.4900 31.2198
131.4212 28.0664
139.9189 28.3083
134.3567 29.1136
132.1661 31.3480
131.8540 28.1197
132.7518 24.6062
136.2497 30.0727
139.1359 32.5608
144.3987 35.3192
130.7108 26.7805
134.6711 30.5492
135.1875 28.9237
129.7148 27.4791
133.2525 26.3903
138.7985 33.5452
135.0921 31.7710
130.7328 28.1163
137.7748 33.4945
138.0179 33.2568
136.2835 33.1850
132.4588 29.3029
134.8810 30.1978
137.9702 29.3053
131.4464 27.3845
132.3466 26.1167
137.6434 29.2249
147.7039 35.6314
138.2497 29.7428
133.0798 28.7250
136.2157 28.4013
137.0770 32.9540
135.2857 28.4815
130.5548 26.2210
140.3954 28.7549
132.9286 28.4321
136.2182 28.9189
141.0631 34.2789
130.9325 27.0739
139.2892 27.7080
136.3771 28.3823
134.6148 31.7411
136.3349 30.0197
134.0916 23.6068
140.2877 29.1461
130.6142 28.4677
135.1061 28.1119
133.5415 31.6264
133.1985 28.9942
134.2375 23.7394
135.2755 31.1492
126.4451 24.9736
136.8738 29.1235
133.7178 24.5351
132.0470 27.2350
139.9895 29.2964
136.4509 33.1183
134.8065 28.9086
137.4745 28.1432
138.1388 28.9724
131.5330 27.1472
136.2457 27.8825
139.0521 27.1625
133.8820 25.8824
139.7649 27.8382
134.6731 23.1527
135.9157 30.2506
138.6179 32.9904
132.0835 29.0773
131.2878 26.8959
132.8743 31.6069
139.9186 27.8942
137.1786 32.6574
134.6900 29.6019
126.2022 24.2394
134.2794 31.0292
133.1913 29.3443
131.5947 26.8590
134.7896 23.0154
137.3348 32.6136
136.8111 30.7827
130.6996 28.0601
134.5268 32.6605
134.9826 28.4472
134.3185 24.9908
134.4264 25.8283
132.5947 21.9375
137.4167 32.6717
139.6889 28.0832
134.5239 23.3005
136.6043 30.7339
138.7993 27.4948
139.2023 30.4795
131.4579 27.7216
125.4368 24.8151
137.3913 28.8826
124.4483 27.3611
126.7172 27.5783
125.0973 22.6122
137.5184 29.4106
131.5709 25.7983
139.9776 29.1760
127.3961 27.4680
136.7441 31.2988
133.6956 24.1536
137.1524 29.7882
130.7539 26.2837
136.7078 28.6055
131.7388 28.5603
128.5739 29.6025
127.3299 27.2483
131.8983 26.6024
135.3544 28.1323
135.0143 28.7240
132.7323 27.7409
134.6215 28.4631
139.8398 28.7576
134.8203 29.0898
139.4298 27.6272
132.4249 29.0520
132.8983 25.3044
140.0211 28.3077
139.5533 27.3645
139.7757 27.9594
131.8188 28.5397
136.2195 31.3425
134.4976 29.4818
132.9444 28.8638
134.9559 32.2864
140.1396 28.7702
133.7724 23.9014
129.6047 26.6203
134.5664 33.2555
128.3536 29.5910
134.2355 23.7319
134.9851 26.0491
132.9257 28.3342
136.6757 28.2994
140.3817 34.3502
133.8508 30.9244
124.6287 23.9374
133.6567 24.3710
134.4485 27.8702
136.8231 29.1241
131.6593 29.1618
132.7911 25.1953
137.3177 28.8351
132.7008 26.5230
130.3661 27.6842
136.5178 30.0154
126.3468 25.4476
134.8360 23.5123
126.6108 24.7926
137.1089 28.2988
140.7547 27.9258
130.8799 25.8079
136.5395 32.9387
131.0912 26.5107
133.7214 24.5922
133.2062 28.4362
130.6816 28.1648
136.5906 30.6971
140.0658 28.3122
130.6464 26.6089
136.6177 29.2797
134.9521 23.3772
134.5761 28.9790
127.4907 25.4867
136.5061 28.2491
134.2169 31.9133
137.2652 30.7732
134.6993 23.4960
139.4176 27.6368
137.2380 31.8081
131.4569 25.1193
140.2814 28.0099
133.5245 28.8467
128.0967 29.3491
132.1019 27.8655
134.4161 32.2932
136.0909 33.0725
139.4260 27.8805
138.5933 27.4200
135.0358 31.6437
135.4994 22.8702
133.9935 23.2493
125.6576 24.5230
131.6400 26.2397
137.5049 30.4903
134.1421 27.9000
133.0051 30.2802
124.5621 22.9780
134.8088 23.1939
131.1380 27.8629
137.0524 28.4475
133.5324 23.2513
125.6915 23.4492
137.7557 28.8153
133.2002 29.9056
138.6271 27.5372
136.2613 28.6562
132.1990 24.8791
137.5836 28.7774
130.4213 26.3511
137.6190 34.2210
139.6490 27.7224
132.0067 28.8725
125.9824 24.4151
133.8188 24.1132
131.4004 27.6551
137.1169 31.7782
125.8132 25.5203
131.4271 30.7785
134.0402 24.4090
134.1298 26.4547
136.8266 30.2605
133.6984 31.9772
135.6945 25.5971
132.2275 27.1696
132.8086 30.1322
125.9940 23.1228
131.5696 27.7918
139.6638 27.8664
131.1283 26.8731
129.1974 27.3410
138.3949 29.1210
139.9496 28.6812
130.9772 26.5384
139.1815 27.5435
140.4628 28.1122
136.2487 33.2231
139.0378 28.2543
134.9430 31.5121
132.8610 30.3271
135.3241 32.0995
138.5139 29.2090
139.2963 27.4647
134.0926 31.5542
135.8025 28.5249
131.6224 28.0563
134.6251 25.3783
132.0595 24.8474
135.2297 23.2700
131.7730 28.3801
138.2774 33.5576
137.3499 29.0390
134.5428 22.4637
133.8538 25.4909
134.0382 31.6599
135.9481 29.8246
134.0285 27.9455
138.1056 29.2626
130.0098 27.2957
134.4343 23.2217
133.1413 28.6715
133.2004 30.9387
137.3256 28.7819
136.4030 30.5375
132.3617 31.1249
136.9105 26.4758
132.0933 31.0851
132.9958 24.4414
136.1833 31.6688
129.8807 27.2384
132.2246 28.0671
138.6728 28.4413
132.3662 31.8273
133.3441 32.2743
140.3900 28.2434
140.1894 28.7512
134.6530 22.9882
135.8400 29.7495
136.2191 27.6865
133.4067 24.7741
136.5828 28.5941
133.5326 30.1845
136.1599 28.2071
137.3744 28.6016
133.1711 28.7896
138.7466 27.4672
136.7116 28.2109
136.2760 31.0462
138.8168 27.1391
132.5440 32.3514
135.2329 28.0900
133.0106 27.7911
132.7083 28.8180
132.6127 28.8520
133.1589 28.0813
137.3696 28.5199
133.8291 25.9118
138.7823 27.5458
132.4949 29.2518
133.2497 24.8246
137.0309 28.2181
125.1864 22.0085
136.2566 30.3868
139.8496 28.0383
132.9617 27.5189
131.6167 27.9333
136.1446 30.6450
132.6747 29.4828
136.5633 31.3995
138.7312 29.5182
131.9679 26.4051
139.6179 27.6563
125.1297 21.3014
140.2640 28.5061
133.8463 24.2398
137.2733 30.6701
140.4539 28.0543
134.2325 28.0302
132.9988 25.0257
136.5578 28.6259
138.0361 33.5602
137.1982 26.5879
140.2066 28.5512
135.0082 31.3235
135.0113 31.7223
136.2618 30.4008
133.4944 28.6809
135.4162 29.4053
133.1653 25.4118
139.9941 28.3517
140.5133 28.0054
134.1627 24.0671
137.1864 28.7420
136.3439 28.4486
130.7561 25.9977
129.5493 27.3410
134.0179 28.8811
133.8781 32.2720
132.3413 31.0216
137.0326 31.7460
137.0996 28.3574
139.8046 27.9091
134.6560 29.1188
132.5777 28.5135
133.7647 24.2611
135.9640 30.9934
134.7965 29.4549
136.7338 29.5985
136.3449 30.5762
137.0099 31.0098
135.6485 31.0478
136.7982 28.1393
133.1977 24.7922
137.3824 29.8727
137.3506 30.9774
136.5304 28.6218
138.8352 28.3970
134.3295 28.0145
140.9690 33.9694
137.2542 27.9933
133.3798 31.0498
137.1077 29.0924
131.7685 26.2580
134.2138 28.9507
130.7539 28.1972
136.7882 28.8334
130.4434 27.8786
132.3400 28.2461
135.1497 31.1742
124.0165 23.2611
133.9337 29.1092
135.9433 27.8149
136.5561 29.0859
136.1657 27.8764
134.0727 24.5447
140.4020 28.2268
131.4593 28.4978
136.1121 28.1437
134.9255 31.4453
137.2233 29.1976
122.6753 26.8460
133.2148 22.7459
134.9933 23.0918
134.6020 24.7594
135.3309 29.5797
131.1882 27.9074
139.8861 28.2781
127.8139 25.5391
133.8033 24.2971
145.3671 35.8033
139.0448 33.2647
134.2038 24.6992
135.7829 23.5865
139.2632 28.0431
132.0325 31.1126
133.3882 30.1083
130.5547 26.3819
135.1002 22.5759
134.0319 23.4221
126.5281 28.1786
135.2806 30.6900
130.5571 25.5622
130.4500 26.4016
130.3330 28.6022
132.1552 18.7490
131.7175 28.9937
138.0835 34.2581
136.5899 30.1147
133.8127 23.2687
136.1063 30.4079
125.5968 25.0472
136.4153 31.8635
131.0740 25.4339
133.7664 23.6056
132.2689 22.4265
134.7441 23.1291
125.7319 21.3198
133.1594 27.9570
125.8824 25.3305
136.3688 28.5199
133.5966 23.7697
131.5259 27.2708
125.9393 23.8873
132.6814 24.7486
132.0869 27.9318
124.6392 23.9814
133.8367 29.0465
134.4288 24.7465
126.4501 24.3020
133.9270 23.3738
138.9276 28.7679
136.5955 31.4753
132.2121 29.0968
134.5602 27.9091
137.0045 30.5014
129.0082 25.4347
134.7655 31.7025
132.1663 25.9062
132.8576 28.8616
126.9550 28.5565
133.7548 27.0819
132.5222 25.2239
127.9801 25.2915
123.9755 23.8921
123.7015 20.1196
136.8586 30.8938
145.6263 39.1397
136.9552 30.2922
137.3514 30.8196
135.6094 27.8233
137.0791 28.1147
141.0982 35.6484
139.2022 28.1224
138.1713 32.7084
136.9847 28.3175
139.9223 29.5167
140.1170 29.3142
137.8616 33.4858
136.3597 30.8124
138.3672 33.6988
138.0411 32.3993
138.8088 33.6885
140.1933 28.5911
138.4267 33.8269
138.8488 28.0223
139.2143 28.0405
137.0104 29.1470
138.3772 33.6842
138.3144 31.1332
138.5162 33.0144
141.2200 35.3841
138.2310 33.6907
137.6714 32.1620
137.3237 29.5627
138.0109 29.9873
137.1125 30.1385
138.8227 27.7487
145.0057 38.5953
138.3465 32.7238
137.2287 28.7592
145.1456 34.8926
138.2462 32.6326
138.9812 33.5990
137.0118 28.6394
140.8286 34.5878
136.0135 30.1628
137.8859 28.6196
137.6522 33.8349
145.0187 38.7534
137.3832 30.0117
138.7203 30.8036
139.5314 33.2284
138.6622 27.5032
138.4584 32.8459
140.9859 35.7401
137.6673 33.8271
138.0096 33.6944
145.4458 39.0746
137.7367 28.7439
138.3770 32.7803
136.1139 27.8633
140.7294 34.5305
139.9976 28.3001
139.7209 28.1847
138.8956 28.1505
136.3582 30.8079
137.2979 28.9259
138.7573 33.2347
137.2580 28.2918
145.3268 36.9648
136.8491 30.2537
142.5540 35.5181
136.8504 31.0295
137.9190 28.7660
137.7369 32.1643
135.9104 30.4846
145.5631 37.1840
146.8790 35.3706
143.7901 36.0596
138.3352 33.8652
139.4656 27.3632
137.9688 29.1583
140.2454 29.1669
136.4080 30.2016
141.6267 35.4567
145.7158 36.9906
138.4659 33.8576
136.5169 30.5471
137.5143 31.2140
136.9446 31.0279
136.9824 29.8890
137.6937 30.1855
145.1832 37.1310
132.2624 27.1242
139.6825 27.6924
146.8070 35.6177
137.7376 29.0679
145.3020 37.1977
137.9872 31.6792
137.8926 33.4893
141.3957 36.2304
138.6734 33.5259
138.6917 33.1808
141.6606 35.1594
142.7710 35.7900
137.1677 30.6844
137.5790 28.7156
137.2189 28.6609
137.5883 28.7258
136.2103 28.4444
139.6540 27.9101
141.6054 35.0392
145.1472 37.1610
137.9628 32.3865
139.7020 27.6849
137.7800 32.2060
138.4750 32.9917
136.5479 30.7992
137.8230 32.2959
141.7212 34.0676
140.1988 29.1107
138.0573 30.6358
137.0204 28.3766
137.7676 33.8579
139.9785 33.6534
137.3303 31.4498
138.4942 34.4724
136.9412 28.3076
138.6317 33.3183
138.1002 29.0058
143.7813 36.9940
138.8044 33.7281
145.0772 38.6369
138.7945 27.3432
136.4724 28.6350
139.1564 33.0768
139.5170 27.7751
137.0249 28.2672
139.9259 33.6265
137.7314 29.6274
137.4944 30.1237
142.2087 35.3641
136.2551 28.2946
137.1461 30.4430
139.6950 28.0522
141.3572 34.1460
137.1301 30.9160
137.9582 32.4918
137.3810 28.3156
135.8797 31.2352
137.4699 29.5433
136.7357 28.5359
140.1947 29.0882
135.3502 31.7869
137.1307 28.2823
136.7216 29.8489
144.9353 34.3252
137.6837 33.6688
137.1248 30.1688
137.7411 33.5226
138.3162 30.9705
138.1470 32.5193
141.3764 33.8118
136.3666 30.6361
138.3287 33.7071
141.4545 33.6009
145.3752 39.4860
136.4350 30.9543
136.9132 28.2966
138.6016 33.8078
139.4787 27.9533
137.3903 28.2190
145.6191 39.5377
137.9773 33.6651
137.4644 30.7492
137.6751 31.2441
137.7193 32.1839
137.4659 30.5071
136.6805 31.1114
136.4909 29.6240
136.0790 31.4648
139.8059 28.4625
138.7964 33.5736
137.9712 33.5126
136.4626 28.7572
137.7973 29.1129
137.9838 33.8925
137.4786 30.0177
138.1267 29.2650
137.7775 31.2432
138.9770 27.8128
138.5643 33.4364
141.5737 35.5767
139.9319 29.5069
136.1683 30.0357
137.1497 30.4592
136.5036 28.0949
145.0115 38.5826
136.1902 30.6312
136.6739 28.0880
139.0443 27.5797
141.8962 34.5206
140.3220 28.8464
141.6494 35.1501
140.0249 28.3921
137.6872 33.8054
138.3373 32.7349
141.6343 35.5646
135.7336 30.7921
140.4227 34.6241
138.0159 33.8458
136.6531 28.7168
137.2206 28.0300
143.7500 37.2677
136.9929 30.3348
137.1684 30.5614
135.4179 27.8238
137.3652 28.1992
137.7079 29.3502
136.4665 30.1023
141.5470 33.6866
142.4586 36.9215
137.0374 28.4973
139.5660 27.4790
139.0279 28.4802
138.5905 33.5900
138.8179 33.3138
138.2257 33.6868
136.9084 30.2595
137.5017 30.4435
141.1710 34.8249
141.6443 35.3186
136.6357 31.0333
135.6839 31.2530
137.3793 31.3036
136.9084 30.2184
139.6902 28.1135
147.3213 35.6509
143.7942 38.4054
136.9348 30.2563
139.4897 27.5495
138.3386 33.6826
139.0918 32.2158
138.0162 31.1333
137.1209 30.1737
138.0684 28.8647
139.0793 28.5739
137.8085 31.3915
137.8857 31.2007
137.1541 28.6524
135.8903 30.4746
138.8792 33.5257
141.6162 35.4285
155.4837 34.7001
151.8800 36.5720
137.6810 32.1531
138.1735 33.8686
137.8766 31.7350
141.7087 34.1443
135.9713 27.9718
137.1093 30.0634
138.6010 33.6533
138.2451 33.6551
144.9585 34.3376
141.6216 35.3092
137.7422 28.3454
138.7916 27.6488
137.9230 31.1258
137.1012 28.2620
139.5382 27.5523
140.2071 28.8078
138.7729 27.8424
138.5815 33.1101
141.1771 36.1088
144.4214 36.3490
138.8049 33.3442
137.5664 31.0342
137.8818 33.7740
136.2233 29.2921
139.5540 33.2915
139.4983 27.5451
137.0745 28.7191
137.7168 28.7579
138.4488 33.7135
139.5795 27.8154
141.7610 34.5865
139.0664 28.7912
136.5169 27.8396
137.5964 29.9645
138.7895 27.4655
138.0917 33.5553
139.7504 27.7239
136.7098 28.5452
138.3651 33.6783
144.7303 38.4234
136.6342 30.3339
138.5858 33.3505
138.6969 27.4909
138.8673 33.5096
137.4088 29.5453
138.9624 33.5497
139.0134 28.4834
137.9919 32.3810
137.7290 33.8477
137.9605 31.6814
141.5052 35.1200
138.3880 30.9022
138.6464 33.0182
139.5812 28.0236
138.6822 33.1742
139.7043 28.2949
