129.1194 25.0606
134.9364 28.9816
128.9083 24.2312
141.2867 34.7583
134.5444 28.3349
130.7443 28.0374
129.6601 25.4151
137.9431 28.2657
136.6543 25.8926
137.2889 27.1856
134.0116 27.6528
128.7689 25.7486
134.6063 32.3156
134.0479 31.9540
136.1814 29.1680
136.1541 25.9115
134.1085 29.2000
138.8191 32.4370
136.9926 26.7865
136.9489 29.5738
135.7929 25.1212
131.3346 24.1396
136.8872 28.4590
142.4501 36.4550
136.6306 31.9776
131.1135 25.2176
138.7699 26.8195
134.6732 27.3951
138.7795 27.5795
138.9188 29.7726
137.1604 28.2499
134.4817 27.3866
137.1357 27.3032
128.6097 25.7125
137.1405 30.1351
136.1339 27.4427
133.0342 30.7525
130.5833 26.3224
133.5609 25.7975
136.2864 25.7392
132.6230 31.1255
132.4141 27.5099
135.7960 26.3425
132.2454 21.5311
145.9288 34.6942
134.4195 28.2403
135.6821 30.0634
132.6559 29.8188
123.7951 20.3317
131.2014 28.1254
131.7248 24.7239
136.1325 32.1407
132.0487 29.0997
129.0629 24.4601
142.1093 35.2557
132.6315 30.7148
133.1797 29.6574
129.5374 25.5809
125.1227 20.6183
131.9966 29.5212
134.6391 25.7889
136.3519 30.1673
131.9285 28.0419
143.4323 36.3125
136.4043 26.6018
135.4161 28.0984
131.8299 24.0776
136.7457 27.3511
132.4916 26.3497
131.4506 21.2374
139.7570 27.3851
133.4109 30.4266
132.0673 30.1329
134.7552 27.6388
129.5526 27.4823
124.9007 25.4018
132.5489 20.8274
130.1664 24.3435
138.4226 28.4332
133.1290 22.0626
131.1485 25.4317
134.1971 29.3868
137.6087 28.6644
135.0974 28.8458
132.6978 23.6401
133.3825 32.6820
127.2111 28.4682
133.5592 31.1984
133.1814 23.9831
135.6867 30.8116
129.9265 26.0196
134.3586 27.0335
129.2339 22.2579
129.8701 25.3494
136.8495 26.3833
135.6626 29.6114
134.8478 32.1783
133.1438 22.3741
133.5270 31.9783
132.3636 25.9119
130.9967 20.9548
138.1058 29.1933
135.1247 30.5322
137.6781 28.5115
133.3327 24.6973
134.4176 27.5152
142.9477 36.4168
131.2923 28.8577
145.6227 34.0484
139.3933 32.3010
129.9941 26.2243
132.8403 23.2239
128.9917 27.0977
131.7601 29.8774
136.3527 26.9400
135.1442 32.7445
138.0614 29.1773
132.8338 22.9914
133.0475 24.8458
136.0342 25.6720
136.6123 28.5012
128.6358 27.3439
136.6008 30.4174
129.4774 25.1843
133.6203 24.0300
135.7606 27.2821
132.7933 30.6035
136.8988 27.7835
130.0906 25.4321
131.9991 21.2776
129.1131 26.0883
130.5305 29.7652
130.2383 25.7766
134.2452 32.4154
130.2123 25.2183
131.7025 28.1118
139.6006 27.7106
135.3511 25.4485
131.1309 20.6043
132.7274 23.0615
145.9422 34.8350
136.3805 26.0527
132.3962 29.3657
138.8494 33.8790
134.6346 28.1129
136.5405 27.1821
128.9973 27.0134
138.3454 29.6014
130.5147 28.2521
131.9067 28.3430
123.8521 23.7305
133.1392 28.1428
137.6492 29.3950
131.3580 24.9605
135.0723 28.4999
133.4160 27.8456
133.5491 31.5926
145.5993 38.5455
132.6337 31.0135
136.5624 28.6644
136.9546 26.7409
133.6617 27.8225
126.0728 24.9713
145.5248 35.0493
136.8101 28.4248
133.0476 27.7937
135.5085 30.4521
129.0641 27.5585
129.0888 27.0352
141.5755 35.2958
132.6441 30.4059
133.4229 30.5477
132.9193 30.5932
130.7094 24.5399
139.9911 27.2665
129.8755 26.7780
133.1928 28.2332
135.0569 29.0360
135.3528 27.1051
132.2948 30.6239
125.3863 23.2474
136.0142 27.5022
131.4608 25.5693
139.3270 27.8151
135.1370 25.9655
135.8136 25.6673
131.2516 28.9283
137.4585 32.1598
133.8439 29.8025
138.6237 32.0929
134.8368 27.6742
135.6517 27.7071
132.1594 30.0484
137.4446 26.7657
136.6730 25.7756
134.2274 29.0558
134.9681 29.3933
136.4655 27.2502
137.7916 28.3601
132.3342 24.5487
123.3520 19.4945
137.4414 27.0954
133.3988 32.4270
132.9516 28.0372
145.5762 34.9641
136.5644 26.1239
138.0538 27.2613
130.2190 27.3966
137.6715 31.4717
136.0539 25.6905
129.2112 26.4084
131.8594 21.8587
121.0139 20.6235
135.9899 26.9271
132.4507 30.3775
139.5663 27.6507
134.0975 28.9768
129.4028 26.1394
122.1849 20.9002
137.6070 28.2748
136.4638 30.1405
130.6122 24.2188
127.1475 25.2426
135.6264 25.6041
135.9565 27.6447
132.8672 28.7077
134.2406 28.4881
131.3375 27.6424
129.0886 29.5932
143.1681 35.1719
136.5644 25.3800
138.5287 31.3720
130.9983 23.8718
131.7040 31.8179
124.1936 21.6419
134.9536 31.1196
133.1652 30.5782
129.9521 25.5905
132.0127 28.1941
127.7244 25.3624
130.2350 24.7525
137.6257 29.3671
136.0178 26.6897
132.7516 30.2197
133.5692 29.0443
129.1455 26.3721
137.1743 28.3248
136.5825 27.4793
137.9659 28.1646
135.6661 29.9279
137.9435 31.4652
132.0037 27.2466
133.1271 30.6755
131.2778 25.4750
135.3633 26.5301
131.7091 28.4394
128.7409 25.3817
136.7446 28.5429
128.2413 25.4529
136.1452 27.2150
135.3673 25.4878
136.0340 26.4402
131.2780 21.5687
134.6699 29.3978
139.2085 28.0796
131.3314 25.9516
137.1552 26.8688
130.1375 21.3486
129.7190 25.5710
129.6736 24.2739
123.6445 21.0094
133.0907 30.4465
137.9157 29.5884
139.5306 27.1957
136.3591 28.9395
138.2979 26.8315
135.1402 24.9492
132.8836 23.0728
132.0493 29.3485
131.4311 24.6647
134.6762 31.8126
124.2861 19.2465
132.7158 30.1125
130.9603 28.3664
129.2845 26.9028
136.9733 26.4051
136.7034 28.6514
143.3030 35.3776
138.0736 28.5644
134.4500 28.3645
131.8711 24.3491
136.3166 25.6526
132.1351 29.4515
124.4113 21.2079
135.9860 26.8756
135.7959 30.0742
131.7127 29.0799
137.7596 29.5469
131.1680 20.8579
122.9666 20.1407
130.9794 28.3398
132.7144 30.7426
137.9150 29.8628
137.5893 28.6352
132.4994 29.5664
135.4366 25.0918
137.1664 30.4106
137.7182 29.9352
135.4522 32.4732
134.5031 27.6204
130.3217 25.2146
139.1892 26.8573
130.6960 26.8087
136.0405 32.6166
128.1060 25.2386
131.7738 31.8709
132.7140 29.2301
136.5118 30.6233
133.1917 30.6566
129.3883 25.9189
134.5215 31.6066
127.4276 25.1328
136.5047 28.9583
138.6195 27.9362
130.6596 25.4658
130.9372 24.0043
129.9809 25.2369
135.3563 27.8980
130.7295 20.6465
139.7045 31.0339
137.9084 29.8062
131.8404 27.3732
131.6842 21.5920
137.3137 28.2837
138.1091 28.5123
135.5560 27.4313
132.6357 30.4336
137.3815 30.2068
136.4323 25.8670
133.8945 31.4471
135.2360 30.6269
136.7800 31.2789
129.4877 29.8492
128.4602 25.8179
135.9817 31.8779
139.7657 27.4080
137.8729 28.5091
129.2325 27.2613
137.6208 31.5427
132.0298 29.3375
135.9815 27.3318
136.5161 26.3126
137.7956 28.2679
138.2431 28.9772
137.8752 27.2071
135.0311 30.9912
123.6240 22.7139
139.3554 32.2447
135.1909 29.7521
137.5235 30.5043
139.3553 27.0140
135.1282 28.2457
131.8524 26.4652
132.8605 24.9297
133.1594 26.1651
127.1012 25.0384
133.0654 24.1257
130.6034 25.0482
136.1099 30.8409
132.9785 29.9666
131.1435 25.7425
133.7807 27.7238
130.7185 22.9404
131.1057 21.5247
134.3339 32.0299
131.9837 24.8376
124.3744 22.2569
134.7323 27.2859
138.5975 26.8009
139.8708 27.1681
129.5757 25.3041
128.2968 25.9586
137.1695 28.3516
135.6571 27.1953
134.2504 31.9588
135.9376 26.7323
131.9850 21.8716
134.2179 28.8439
134.4673 29.0866
131.6825 29.3037
132.7889 24.3212
135.7592 25.7873
131.6171 29.1346
138.1155 26.6983
138.1768 27.8887
134.9266 28.7344
130.9328 28.5751
137.3859 29.2442
128.3813 25.8333
134.5342 28.2514
126.5903 25.1262
138.9235 29.9249
135.9890 25.6479
136.6693 27.5386
132.1788 27.7882
136.3216 27.7180
132.4574 27.8451
133.6613 29.0027
137.3089 27.1044
133.9122 27.5536
136.2835 29.7509
130.7595 24.3673
131.8436 29.5788
137.0706 30.5906
136.0119 29.2402
132.6135 22.4046
130.2889 27.7341
137.0299 26.6051
127.0058 25.2775
132.1361 21.6867
135.7204 27.4268
132.2511 21.3733
123.8437 22.7798
138.8999 32.2119
127.4607 28.7177
137.9462 29.8844
127.8020 26.0111
144.8149 33.8009
131.2319 22.0443
139.3154 27.3932
130.9262 24.3576
131.7514 21.0081
132.6833 25.6243
130.7616 24.6243
133.3143 28.3393
132.8000 23.3594
129.6953 25.0217
132.4867 29.1405
131.5950 25.8945
125.5575 23.8166
136.0370 25.7961
131.6469 31.8303
137.1622 31.4146
128.8298 25.2939
136.2317 27.4589
132.8138 29.9947
135.9589 30.5989
136.5815 33.1173
131.2929 24.9687
137.7794 28.0439
131.7531 25.5608
138.0184 29.6473
136.3675 26.9692
133.7571 27.7896
137.7179 27.2477
130.7589 21.1960
131.8465 28.6842
133.5786 30.2073
133.2553 32.4667
132.0314 30.0571
131.2266 24.3324
135.3672 26.6265
132.1901 24.4554
138.1339 29.2621
125.0013 18.9984
136.7842 27.6693
133.0381 23.4090
136.7147 27.4285
134.1204 29.0655
139.2880 26.8509
136.3053 30.7039
139.1345 28.4106
133.7279 32.4716
127.5787 28.6084
137.2580 27.7791
136.4650 29.9536
132.6868 27.7253
135.4046 27.6324
130.2485 25.4065
137.3633 29.5957
137.4882 26.6893
135.7460 27.2831
131.3047 28.6909
131.6891 20.9987
134.6885 30.3640
124.4964 22.1105
135.9258 27.2559
135.2526 28.9573
132.3925 21.7349
136.8472 25.9475
134.7472 25.0082
131.4003 28.2844
132.4136 21.7801
131.6133 25.9580
131.0411 26.2206
136.6004 26.3247
132.7752 25.7921
136.6853 32.9956
132.0242 29.3200
130.7878 27.5809
135.2395 29.6454
132.3058 29.0123
132.0898 21.7199
133.2016 22.9043
131.2348 25.8786
137.2234 29.6152
138.7869 27.3989
138.2287 28.3087
137.7400 28.6650
135.7348 27.0276
131.9341 28.6119
124.6009 21.7541
131.5123 23.6588
134.6272 28.3366
135.3402 32.6658
129.7898 27.1040
130.6635 25.2221
134.0376 27.5253
135.9820 29.0881
127.0519 25.4254
139.0847 28.3609
132.5787 27.9557
133.1740 28.0349
136.3957 26.5899
134.3602 27.6742
131.0833 25.2280
134.4578 28.2270
135.3762 32.8300
134.2931 29.4221
133.1270 21.0528
139.1153 28.5074
135.9242 26.9263
133.3152 27.6975
133.5298 27.9896
130.6668 24.7125
139.3605 28.0437
137.9519 27.8741
138.0923 28.6413
136.5809 27.3445
132.6025 25.9907
132.2957 28.9293
123.8472 20.4703
130.2377 27.1001
137.0723 30.4512
138.0070 29.9857
139.5819 27.6369
138.3371 34.2379
136.4555 30.5863
138.9629 29.7228
135.2252 26.1124
140.5037 34.2014
139.2402 27.0436
135.7221 25.6803
139.1035 32.2437
141.7854 35.0166
136.7546 30.7593
133.6405 31.3150
139.6940 27.6003
139.3069 28.2675
136.6682 27.4113
134.1736 30.0366
139.2180 27.4100
145.3938 35.1417
137.4132 33.3009
129.0636 29.2319
135.7837 33.0635
127.2298 26.8192
135.6405 27.6290
139.7431 33.1921
139.5058 28.1732
135.7997 25.7693
135.1760 32.8053
138.3461 28.1248
133.2164 28.0688
139.3406 27.9249
136.2936 30.6534
138.2788 28.9324
138.6805 26.9201
137.2518 29.9307
127.3080 28.1985
138.6048 27.0076
144.2486 37.9992
136.2422 27.3900
127.5215 28.6852
136.9537 26.5979
136.9430 26.6978
135.8967 33.1888
135.6036 33.0408
133.3739 29.0530
138.3022 26.8649
137.0619 27.9093
137.2352 28.4664
128.6342 29.5834
132.1942 28.0379
137.4912 27.0669
136.1997 30.2435
133.3043 21.4626
139.3187 31.9511
133.9556 29.1493
136.2317 25.6262
144.7248 33.8237
135.6872 27.3410
137.0305 27.2218
146.1380 34.4419
136.7992 26.1071
137.4591 26.9479
136.0059 32.8872
137.9058 28.1248
136.7535 26.2253
139.7347 27.5855
139.0786 26.9515
139.6737 27.3027
137.7286 26.9103
138.1221 26.9473
139.2938 27.9928
137.9778 29.7444
138.5315 31.6297
136.4785 26.0245
135.6458 25.8527
138.1474 28.5816
145.4150 37.6331
134.2787 25.0521
133.3241 32.6634
139.3773 27.7968
143.5383 36.1169
132.8785 30.7786
136.6759 27.8923
137.4462 28.4009
136.0923 30.7402
139.8862 27.1996
136.2271 31.7369
132.2072 27.9560
136.7263 25.9737
139.3043 33.3972
131.8166 28.6564
136.9138 26.0718
138.1403 27.5124
133.4607 28.0876
143.1053 36.2665
137.6333 28.1091
131.8576 28.5805
138.3857 29.0289
137.4321 30.3566
137.8870 29.6322
146.9529 35.1210
136.3534 30.5649
147.6999 37.6627
139.0572 29.3309
136.3683 25.8865
126.6527 27.5284
138.7363 32.2899
149.7905 36.1546
134.6881 32.5714
136.5300 26.3982
139.2248 29.2512
138.4919 31.8204
131.5597 28.4875
146.0448 34.8708
136.8306 30.1448
135.4650 31.4440
142.7210 35.6847
139.1334 29.8231
138.2430 28.8488
137.7056 28.5595
138.3629 29.1367
135.4339 32.6412
133.2567 28.4782
139.1741 29.2068
147.0907 34.8184
128.1721 25.8226
139.9383 27.3929
132.1880 28.0869
130.3443 26.4192
144.5385 33.1511
133.2241 32.1313
137.3749 30.2206
137.9963 28.3918
139.5062 32.7351
139.7245 28.2637
136.1503 27.3878
140.9821 34.3886
139.4394 27.3453
136.9685 26.0668
142.1080 35.9152
139.8995 27.8091
132.0138 28.0756
138.5485 31.1476
137.7310 27.0784
126.7977 28.4052
139.1734 29.4514
137.4321 27.0208
136.2998 27.7297
138.5519 29.6811
141.8418 35.4758
135.9837 27.5466
144.5579 37.3021
134.4734 31.3316
137.6949 28.5461
144.5129 37.7418
135.3238 31.5307
144.3347 35.4649
136.9807 30.3769
140.9204 34.6010
139.7162 27.8103
133.6913 29.7875
137.3757 26.9980
135.7666 31.0886
146.2684 34.8943
141.3762 33.7433
137.2992 28.3490
139.6890 26.6903
137.4669 30.2271
133.3024 30.0659
140.8799 34.4268
137.3239 31.4026
135.2809 30.8456
129.9482 27.0700
136.7845 30.4413
134.2517 21.3521
138.5200 31.9328
131.1181 20.6463
135.6096 29.0025
136.5929 26.6181
133.6808 31.2412
133.9768 23.2460
134.4997 26.7041
132.2448 27.9731
134.7002 29.8533
139.3028 33.1787
130.8770 28.1404
138.3484 28.4664
134.2220 27.8715
136.7634 26.7604
135.3194 31.0518
133.0272 30.5770
138.7077 27.7856
131.8307 28.9715
139.0882 31.8506
136.7065 26.9491
139.0739 30.6583
131.7355 28.3300
132.8829 21.4601
133.0064 28.9592
138.8939 29.2045
122.9041 30.1639
125.0570 23.7641
132.7036 21.7086
125.8056 25.6041
139.3657 27.8311
139.8620 26.8530
146.2368 34.9417
133.5811 32.8432
136.3739 25.7416
140.3463 27.4698
132.5652 20.6972
137.6878 31.5030
137.3636 30.3297
133.9437 30.3620
130.1564 26.5155
137.3656 27.7073
133.7435 29.7277
133.8065 32.4284
140.0079 27.2315
139.7502 26.4699
137.9679 29.2580
134.2076 30.5004
145.5095 34.5981
134.9318 25.3920
143.9613 35.3919
130.6248 26.6961
135.8610 26.2315
135.5144 31.1565
133.1960 21.6339
132.4118 24.9410
136.7890 30.1485
133.6606 22.1954
139.4727 27.0145
133.3196 21.1033
137.3850 30.0468
132.0834 29.7460
137.1980 28.5183
137.0594 30.2764
133.6697 29.4000
135.3955 26.3398
134.1801 30.6354
139.9082 26.3311
128.9616 29.0256
132.3974 30.8479
132.7490 21.1753
139.3016 27.2783
140.6373 33.7166
135.3540 31.5536
136.1100 31.1004
131.4769 20.8724
138.3463 28.7409
131.2773 28.9455
137.4539 28.0429
131.5252 28.9769
138.3936 29.0130
138.5525 26.8501
133.9388 30.0743
124.9963 22.3572
135.7771 27.8433
145.9790 35.1125
135.9124 27.6600
129.6670 21.7134
134.7128 25.6562
136.3258 26.1879
141.3154 35.1170
130.1063 26.1543
133.0062 24.2595
135.4418 27.6378
130.2630 27.5212
143.9622 34.4857
130.9143 28.0371
132.8896 23.3947
131.5714 29.2890
137.3477 29.2331
131.2000 27.7569
135.9028 25.6989
135.9091 27.2047
131.9420 21.6345
139.1135 28.8425
126.3803 23.8100
136.7889 29.1195
129.0607 24.8958
138.3392 28.7139
134.3639 30.0538
137.3354 30.0963
134.4418 27.5540
138.2998 29.0184
136.2026 27.4326
134.0401 27.9830
139.6199 32.7542
135.6060 27.5026
143.2515 35.5378
137.2912 31.5318
130.9921 20.5336
136.4479 33.1366
136.1085 25.4511
133.3802 23.0472
130.3587 25.7289
139.7227 27.6698
134.5500 32.0308
140.1572 27.1375
126.9434 28.6207
135.3725 30.6810
131.1866 21.9230
130.1889 25.7941
135.2358 28.4580
138.6321 26.7414
131.6547 21.5492
144.2153 35.7582
139.4152 26.8603
136.1898 27.6369
138.5969 32.9067
138.8284 26.8581
127.4150 28.3336
139.4358 32.2305
132.5211 29.8399
130.3942 28.0018
135.7355 27.6897
136.4344 27.4730
131.4294 27.1319
124.9683 23.6070
132.2058 24.3516
138.0243 27.1854
136.3729 26.9168
131.9185 28.5117
131.7457 27.9150
136.3506 25.5897
136.1391 27.5713
130.4100 27.3263
131.6517 28.3945
135.8932 27.7424
125.3328 20.3649
131.4620 29.1484
136.0354 27.2913
130.5834 27.7627
134.2798 33.2422
136.9647 26.1029
138.2257 29.3719
131.6956 25.1862
129.7404 24.4864
138.4129 31.7089
134.9731 32.0354
131.3181 26.7887
132.6114 25.0192
135.8819 27.2633
141.1120 35.4079
132.5876 24.5981
139.4630 27.1287
129.2337 26.1125
131.3183 31.1293
131.3167 21.4771
139.4383 27.1407
137.5285 28.4974
130.8662 26.7324
137.2220 26.1704
137.1396 27.5168
129.6418 26.0370
134.4166 29.5546
144.9354 33.8015
123.4674 22.1179
136.6032 27.4594
135.0126 27.2252
140.2191 32.9952
136.1391 31.6318
128.5606 25.1492
134.4060 28.5129
129.9474 24.3857
131.1387 24.3281
136.7079 27.4820
136.5155 25.6372
129.0702 26.8974
136.1376 26.9376
134.6912 27.5523
136.2551 33.0489
136.2226 27.5299
133.5990 32.0630
134.7537 27.4317
137.4414 27.9143
131.9644 24.5163
139.3016 27.9541
139.5612 27.7754
131.9418 21.9287
133.4796 31.4974
136.8825 30.6281
138.4401 32.0277
137.0634 27.7700
136.6390 27.8235
131.3427 21.9724
136.7153 28.5637
132.3684 28.9293
137.3754 29.5922
136.4962 27.6059
136.0363 27.4271
136.2024 27.4414
136.2308 26.7161
131.6869 23.6135
130.5468 27.9494
130.1256 24.0540
137.4664 29.3072
133.3732 27.6539
131.3582 23.9617
134.4329 28.2176
140.4600 32.9968
131.6470 26.1967
135.2524 27.3515
137.4757 27.1574
134.5886 29.0391
133.6196 32.2723
135.1860 25.4809
137.8623 28.1769
132.4154 24.9703
137.4807 27.9920
130.4062 27.9740
123.8199 22.0092
134.2287 32.9044
135.8351 27.2305
134.2933 27.4310
137.4933 26.7161
132.5541 25.1455
136.7721 30.6358
137.2193 29.9848
137.1578 28.2215
133.4009 21.9612
136.1238 25.7359
132.2732 25.8899
136.2864 25.6262
135.7292 30.3230
137.0639 27.8894
136.5245 26.9243
139.7155 27.2614
136.0874 27.6931
123.8037 23.7184
137.5152 29.1907
137.9388 28.1805
143.5355 35.3355
135.8443 25.4090
132.4368 20.7451
137.9176 29.4330
137.6618 27.5421
136.8974 27.7684
133.0899 25.9476
137.1554 28.1897
135.5681 26.5557
132.6221 27.8517
129.5222 26.3267
132.8453 32.2095
138.1075 28.5514
126.4724 26.8820
132.4753 25.8475
139.3698 26.6458
143.6286 35.5912
135.3027 26.4694
122.9038 21.2020
122.7710 20.4842
135.2467 26.7726
132.3295 31.2445
127.3718 28.0764
131.1393 20.8020
126.3189 24.1954
136.9205 27.5609
137.0303 29.0198
136.7694 25.8058
138.9258 32.6180
136.1877 25.5584
131.5230 21.0454
139.0326 26.8872
136.8585 27.4039
132.5101 20.8011
136.7633 30.8533
131.9904 27.9574
127.4035 27.6562
131.1808 25.6345
133.3192 22.3360
135.4419 32.7762
130.7790 25.4003
136.2557 26.0432
130.8086 25.5161
140.8833 33.7822
143.6214 35.3223
130.4033 25.4688
133.4506 25.1253
139.4014 32.4499
136.1756 25.5910
129.3076 25.9895
133.2274 26.1327
129.4527 26.3939
131.7345 29.4298
141.2916 34.5959
127.4932 29.0863
130.0080 27.3160
131.9861 28.0240
128.6159 26.2607
131.3317 25.3233
139.2553 29.1912
133.6081 23.6182
124.9191 23.0770
132.1472 28.7063
132.0107 20.8620
136.7713 26.4894
137.9013 28.2777
141.8769 35.6773
137.8046 28.1152
126.2116 26.4597
139.9381 33.8411
126.9866 27.0358
136.3301 26.5619
132.3505 30.1483
139.1156 28.2590
130.0454 26.6006
129.3544 27.0894
131.5042 25.3763
131.0837 28.0707
132.2736 27.9087
134.7739 28.6349
133.6125 31.7542
133.8144 29.3408
135.4917 28.3652
127.6509 29.1060
132.4892 28.6864
133.6852 24.8408
131.8741 29.2898
131.0630 25.2104
139.3662 32.2853
139.3266 28.2597
130.8627 25.6991
134.2232 32.5149
135.4294 30.5615
132.8337 31.4565
136.1416 26.8737
136.1493 25.5934
135.1530 25.5931
136.1617 25.6877
137.5882 29.8902
130.7160 25.7284
135.8587 26.5944
136.4171 30.3886
131.4308 25.8902
137.0395 32.1652
137.7539 29.4346
133.2936 23.5743
136.8587 27.0235
139.7919 27.8708
138.4476 31.7524
131.9919 28.9988
135.5861 25.8448
137.8034 30.3794
142.3139 35.4994
136.5671 26.9337
137.0896 28.1464
138.2339 28.6192
133.8797 32.4585
133.8465 24.5271
138.1640 28.4758
129.9969 27.6690
130.4148 27.7141
138.0946 29.8047
132.3271 27.9443
138.4816 31.9832
129.1895 25.6769
123.6853 23.7370
135.1772 25.5958
131.0582 27.9835
140.0504 27.4785
139.3921 27.0528
137.3382 31.0422
136.8223 27.1651
151.9128 34.7028
137.0561 30.3633
138.5551 29.0385
136.2858 30.8841
139.8424 27.9367
138.5540 29.1567
133.1408 32.3354
134.1921 32.8261
140.0399 34.3937
137.4973 30.8325
133.4245 32.5711
135.5420 33.0901
141.3208 35.8445
132.3398 31.7090
141.0789 35.8996
135.6252 31.1816
141.6149 34.4873
136.2710 30.8470
138.4431 29.4578
135.4667 32.6502
138.3435 29.9184
138.7091 31.5044
133.8744 32.8059
135.4393 33.1197
139.9674 33.2236
136.9511 30.8004
143.0745 35.4908
135.7764 31.0935
139.7667 27.9362
153.2353 37.8230
138.4107 27.0361
138.6766 29.4026
136.5183 30.5322
135.0770 32.8855
138.4429 33.6419
139.1326 26.9633
138.3834 29.8727
139.3316 28.6134
134.8044 32.1871
138.3519 28.7024
137.5820 33.9508
135.4578 27.6536
137.1756 30.2756
135.4357 32.5922
140.4210 33.1874
135.4356 31.7002
139.3165 29.1971
135.4690 31.4554
151.9818 35.0754
139.4270 28.9325
135.0848 31.6794
151.3773 35.7547
139.9619 27.4599
137.6208 29.9361
135.3135 27.6931
136.0323 27.7786
138.3238 28.7481
139.6045 28.0225
139.2894 28.6304
136.7941 30.0399
139.9031 27.5635
140.1459 33.0665
133.2302 31.8719
135.9174 27.7335
137.7132 30.7098
141.0267 34.1399
139.4241 30.3265
137.6328 34.0127
142.5936 35.6070
136.2024 30.6315
136.6065 27.2494
135.6512 32.9888
147.6778 37.7721
135.8588 31.1357
137.2563 27.0535
133.5630 33.1097
146.7960 38.8332
140.6708 33.3649
136.3477 30.8576
136.9303 30.7914
146.1724 35.5108
141.0455 34.6179
135.5323 31.9257
134.4203 32.7186
134.9666 32.3661
140.0524 27.8534
157.0773 33.1713
135.0243 32.1999
136.3749 27.6124
138.1045 28.2996
137.9285 27.0708
135.0171 32.0781
141.7283 35.8358
140.8914 34.9686
136.9463 30.3315
148.3577 34.6454
134.9153 32.7436
136.9753 31.0770
133.5479 32.9374
137.0114 30.2596
139.9588 27.9053
133.4088 32.6203
136.3444 30.5961
138.5673 29.6736
139.2921 27.0698
141.1520 34.2080
133.1941 32.1220
137.0093 26.4985
136.7656 27.2113
136.4139 31.1631
150.3234 35.9689
139.3231 29.9365
133.4158 31.7058
136.4273 30.7159
139.7974 27.3114
151.1417 35.8740
139.8048 28.2052
136.2130 27.7183
147.7733 37.8421
139.6545 28.0577
135.4720 31.2015
136.2797 30.6602
139.2249 27.8989
136.2840 33.6428
134.3710 33.2732
140.8570 34.7624
140.6793 33.3180
139.3018 29.6151
139.3783 29.2137
136.2465 31.7192
137.7867 33.6730
140.0747 34.8987
134.5862 32.4376
134.6099 32.6928
139.6556 27.1041
138.4816 28.8835
138.4263 29.3748
137.7838 28.1406
139.8322 27.6242
136.1353 30.5895
135.1060 32.3483
138.6919 33.2793
135.5396 31.4073
133.2858 32.6271
138.4595 29.2656
139.9001 28.0609
136.5923 30.2383
147.0147 37.6549
146.2028 35.4586
139.1421 29.3749
141.1257 34.5762
140.7351 34.8701
144.7755 33.3867
136.6555 30.0764
135.9522 33.1260
139.0294 27.0512
144.9199 34.4317
144.3403 37.8319
136.5471 27.6206
139.9639 28.0512
134.8585 32.4749
135.0622 32.3605
152.7439 37.8187
138.4885 31.7711
138.5089 29.1252
147.3824 35.5199
136.7152 27.4677
133.2877 32.7179
139.8022 32.9261
136.7597 30.3448
146.3251 34.6780
134.8761 32.8364
133.5270 32.7458
139.8695 33.2804
135.4022 31.4017
136.7962 30.6866
140.6046 35.2921
135.5875 32.7332
136.3502 30.3969
135.7050 31.6047
136.1321 27.4034
141.1700 34.5285
134.9247 31.8886
135.5685 32.9117
136.5161 30.4602
144.4534 36.1178
139.9404 33.2148
137.8785 33.7081
136.9231 27.5573
136.0904 27.5275
139.1535 29.6818
136.9088 27.5610
139.3543 29.4077
135.2594 32.5099
137.0515 30.5416
136.3287 30.3676
138.7061 33.5729
136.5161 30.1033
137.3188 30.0229
138.3571 29.6650
147.0913 35.1982
133.6007 31.4941
135.2982 32.1096
139.7494 33.3668
138.3891 29.5289
136.8965 31.0148
135.8896 30.9084
135.3828 31.5645
139.3130 30.2557
138.8354 29.3550
136.4807 27.2001
136.6648 30.0204
139.0973 33.9551
136.1913 30.4919
135.2283 32.2151
134.9193 27.8390
139.9453 33.1154
137.9859 30.5741
137.2280 26.1430
136.8777 30.0022
133.8967 32.9089
136.6637 31.0888
135.4061 27.7678
136.8409 31.5191
138.4714 29.8756
137.7387 30.2396
146.8645 35.1126
139.9761 27.7302
138.5793 29.3098
144.4171 37.7172
133.3043 31.7078
139.7071 27.2601
140.8547 35.0103
133.7632 33.0058
151.0000 39.2838
136.6741 30.6648
136.3507 30.3678
138.5746 28.8776
139.3954 27.8035
139.9644 27.6053
137.0940 30.1369
145.2515 37.1095
138.3131 28.6130
138.0066 30.3915
139.6334 28.3302
136.8312 27.1492
137.6524 28.9734
135.6353 31.0801
137.0845 26.8648
141.4552 35.0956
141.1151 34.3208
137.4100 28.1546
136.2878 30.3808
135.1918 31.8749
137.8624 28.6974
137.3165 30.3041
138.3888 29.6389
134.9190 32.6228
134.6960 32.7426
139.8532 28.1260
141.4749 34.3200
139.7404 28.1044
137.0420 30.4584
138.2124 28.4834
141.1367 34.2249
135.4496 33.0373
135.0047 31.6921
138.9793 30.1407
134.3786 32.6502
135.6782 33.0459
138.3130 30.3084
134.6531 32.5325
138.3569 29.7917
138.1241 30.2583
135.7193 31.4670
138.5242 29.2229
136.8346 30.6637
136.5034 25.7126
137.2586 30.6031
134.5532 32.6722
136.2997 30.3312
137.8553 30.5200
139.3945 27.0444
136.7396 29.9312
134.8077 27.8382
137.0156 26.4540
132.3614 29.9413
137.2644 27.1314
145.0166 34.2214
135.8472 30.9658
128.3334 25.0641
140.4341 35.2060
136.1844 28.3796
139.7554 27.8171
148.3482 34.4661
130.3136 25.6339
131.9237 28.5364
136.0896 25.2221
129.1044 29.1622
138.9764 31.6644
134.1602 31.3252
128.0278 26.0619
136.7225 30.5725
145.6297 38.6598
135.8632 32.9033
133.9520 27.8781
131.9076 29.0956
133.2024 30.7863
126.4203 19.3493
126.8863 24.8814
128.2416 26.0071
146.6913 37.8153
131.5781 21.1793
133.5091 20.9164
133.1814 27.2191
137.6791 33.7499
137.5057 29.2413
134.3920 30.2034
135.0582 27.4143
137.6389 29.1704
136.3642 26.8557
137.6856 27.7916
151.6890 37.5090
131.5680 27.6489
133.1660 21.6720
142.0838 35.5269
132.5013 21.7546
137.4940 27.2478
135.6714 30.5304
137.3238 30.1972
139.7373 27.6449
137.3864 32.9729
133.4267 21.3552
129.7566 20.1978
128.7014 29.4344
131.4759 19.2272
140.3915 26.8147
136.2506 26.1006
142.1041 29.8166
136.3263 33.5405
137.5832 28.6731
138.7196 27.7523
129.0252 26.2182
135.5370 33.1096
137.3492 27.5210
122.0702 25.1534
135.4477 32.1743
135.0175 28.3518
131.7339 21.2064
150.0173 35.8170
139.7770 34.5496
138.0567 31.8894
138.0766 31.3263
135.2174 26.7142
134.4864 28.3892
137.8116 31.5580
130.4577 20.4367
137.4347 28.4214
133.2453 31.4745
133.1236 25.6132
141.0371 35.6957
127.5649 27.5357
136.6756 26.9954
132.0312 21.5300
136.0106 32.3536
134.4523 27.6775
133.5980 32.0869
131.0274 21.8220
135.2536 30.8130
144.1649 38.6289
132.5841 29.1825
126.1085 28.6519
136.0350 29.0917
136.9067 28.2288
136.1138 26.5028
138.1096 28.4885
139.2210 29.4716
136.2496 26.2542
138.7994 33.8991
132.6242 25.9028
131.7150 21.1164
132.4239 29.5392
137.3277 26.0657
133.4847 27.8822
140.9293 33.5167
131.8295 29.4777
131.0345 27.2328
131.5554 25.7106
133.0289 32.6013
140.7136 33.8311
136.5826 27.0049
136.0640 27.1641
137.4549 28.2994
131.6375 27.9858
128.6137 25.2902
131.6619 29.2866
131.3402 25.3104
138.2192 28.6677
139.5318 27.8959
135.3799 30.8413
132.0709 30.0739
132.8884 26.1082
136.3097 27.2472
133.2302 24.8762
129.7104 25.8028
132.4290 29.0362
136.4298 25.7525
138.2681 26.8633
138.7006 32.1971
139.0605 28.2015
136.7201 27.8062
138.5117 31.9114
132.8866 30.3566
130.1307 27.8507
131.5114 27.8856
135.4400 27.6817
134.9324 28.0295
131.5718 26.0679
136.3448 25.6362
139.4399 27.8867
132.0162 21.4256
136.7837 28.8157
136.9845 27.8982
136.8596 27.6229
134.0505 32.5066
135.2970 26.1744
132.2435 21.6861
139.6942 27.8096
131.9936 20.9563
131.8828 21.4450
136.7918 27.5716
132.9813 30.4335
136.9132 31.5964
131.5046 25.7628
132.6370 21.9039
129.7145 25.5624
130.4579 25.3149
138.2463 28.9202
137.2288 28.1811
135.5061 30.9630
136.2453 27.4068
131.8661 21.7919
133.4780 24.1355
131.6493 28.9533
141.9943 35.1246
131.6610 28.4104
136.5589 30.0319
129.8458 27.4930
131.6818 21.0490
143.3400 33.4749
133.1448 23.2831
132.5010 24.3888
129.3801 26.1971
130.6725 25.3349
132.5642 24.3301
137.3455 29.3336
139.3248 26.2486
130.4254 25.1349
137.9683 27.5016
133.1703 32.7167
131.0198 25.2975
139.2288 32.6483
138.2012 29.7365
138.8190 31.9345
132.6116 20.6382
133.1827 28.5423
139.4407 27.1350
136.9828 26.6847
138.8952 26.7876
136.6838 27.8035
131.8584 28.4558
138.6574 26.8665
135.3855 27.5058
131.6031 27.9512
136.3488 30.6595
132.9487 20.9381
135.3701 28.9367
130.9351 28.1143
139.2164 28.0792
143.9344 34.1129
137.4365 27.3371
131.9592 24.5635
135.4454 25.8017
132.5845 22.5325
136.9674 26.7154
139.2087 29.4812
133.1088 24.0622
138.8985 26.9086
139.4148 28.1592
134.9920 29.2398
130.8752 28.4868
131.9196 24.2370
134.2120 28.4122
139.3194 28.3187
133.1340 21.2293
137.4055 28.6863
131.5233 28.8224
130.0484 27.0281
135.3648 27.9270
131.4776 29.0042
142.5533 35.9096
131.6220 28.2388
139.8090 33.0042
134.9640 32.3920
136.4038 33.2624
136.9726 26.0932
133.3949 30.3810
139.6050 28.2568
136.2541 31.7313
134.6805 27.8126
137.0255 30.2909
134.0915 31.6330
139.3938 26.7832
135.5759 27.5817
135.5184 28.9120
137.3115 26.9425
136.2362 30.2763
135.9199 30.6164
133.4559 21.8609
139.6013 26.9008
139.2885 27.4715
125.1573 25.1060
134.9158 23.7343
131.8132 21.1870
134.2131 33.2811
131.2381 27.9248
131.1240 28.3824
133.5358 28.8610
131.2255 24.5785
130.2583 27.7284
139.2884 27.7143
136.9939 31.7300
136.4788 26.2625
136.7967 32.9060
139.2196 27.9134
137.4676 33.1913
133.1737 21.1694
132.6872 21.8339
137.4491 30.3657
127.3111 28.0385
134.1178 28.8496
137.2028 27.3105
124.4266 23.5660
134.1601 28.1212
125.2027 20.5814
137.4834 30.6817
138.2866 29.5553
128.0449 29.1125
132.9266 24.3523
136.0016 27.6825
136.8078 26.5627
131.8631 28.8338
139.2698 29.3179
133.5347 32.6297
137.0895 30.2801
139.2078 29.6039
139.2938 29.7055
139.4110 27.1531
150.6978 35.7632
137.9980 27.0347
136.0296 30.6388
147.3742 34.7215
141.9995 35.2125
139.7712 27.5436
136.5446 25.7897
136.5310 30.2015
138.3197 31.7551
145.4224 38.6622
136.2168 25.5931
138.6455 32.0259
135.8674 33.1599
144.9886 35.6321
135.8074 27.7040
135.8931 32.7484
138.1713 27.0447
142.9495 35.5855
145.3604 34.9467
151.1437 35.7577
140.8894 33.4819
127.8994 29.4204
134.8478 32.1681
140.7270 33.5951
135.3128 27.7143
138.4109 29.6066
142.8671 35.6121
139.2463 28.5614
137.7743 33.6365
146.8806 34.7694
142.3935 35.4952
137.7139 28.1652
138.0592 34.3117
146.9664 35.1210
146.9229 34.8093
137.2477 28.4672
137.7628 33.6269
146.2755 35.2031
137.6004 28.7282
135.1649 31.8557
137.2670 28.1115
137.6986 31.5216
138.6527 26.9920
141.1263 34.4150
139.4310 32.7708
151.8031 37.5145
135.8987 31.6752
140.3907 33.2202
137.1985 27.8139
135.3490 32.7700
135.6823 27.5425
139.1675 32.0798
136.1443 25.7216
145.0797 35.6386
136.3692 27.1579
138.2514 31.6738
131.7037 29.0208
139.9350 32.8677
141.3215 34.1143
138.1341 28.3425
137.7097 33.6912
151.3858 35.5517
144.9997 35.6225
133.7922 32.6453
135.3052 32.9694
139.6277 32.9951
142.6590 35.5764
139.9527 27.5778
137.5768 27.2882
142.3246 35.3567
136.9317 27.6289
139.5079 32.9627
134.2348 33.0933
137.7641 30.0741
133.3245 31.7089
134.2292 33.0891
137.1323 26.8728
139.1813 29.6222
138.2507 29.9099
136.4754 27.0960
131.8532 29.5641
136.9975 30.3319
139.7619 27.8625
135.9109 33.1788
150.1818 36.0261
139.6032 28.2862
121.9154 19.8856
139.6606 33.0297
131.4239 25.8414
128.9047 27.3573
124.1197 21.0004
133.7016 29.8955
136.2807 25.8856
138.5037 27.4830
126.5669 25.5261
131.4033 27.0061
139.3090 26.6998
131.5273 28.4878
131.7686 26.3434
148.2787 35.5219
130.9365 26.2209
133.5014 23.9319
143.3168 35.6115
136.3660 31.3158
132.8402 28.2093
135.3111 27.5000
131.9060 28.4057
138.6991 27.8035
137.2257 28.2925
134.9064 27.8271
131.7169 21.1579
132.0433 28.6389
140.4638 27.2197
136.7312 28.5516
133.8826 23.1762
135.3595 27.7136
132.8405 19.4940
134.8525 31.2999
129.5779 29.3724
138.6947 32.2426
141.5414 35.2966
134.9881 27.5210
142.3110 36.0659
135.6961 32.5879
126.9452 25.7672
141.9302 35.1575
139.9120 27.1365
134.3701 27.3982
127.8116 25.4259
131.9136 24.2890
139.8915 32.7322
136.1581 26.0114
132.0448 21.3694
135.3575 31.4116
131.2743 27.3707
149.0628 35.2949
132.9834 21.8869
129.7943 26.5156
123.6035 23.1747
133.3400 27.7640
131.3242 25.1645
136.1355 30.0247
136.6363 25.6195
134.3394 29.3675
136.1729 27.2999
137.7179 33.8963
136.4879 30.1885
133.1116 28.1712
130.9462 27.5640
130.2016 24.6411
135.3589 29.0827
131.7772 29.0285
131.2811 28.4922
145.3827 34.6192
137.0378 28.1275
139.8520 27.5455
138.0525 28.7475
136.3160 29.9284
137.1862 29.1039
131.0998 25.3695
137.2137 30.5065
141.4095 34.8228
146.2055 34.0813
137.6350 30.3866
137.8925 30.0134
128.5783 26.1941
132.9460 20.5361
132.9005 29.1391
131.2149 27.8224
132.1497 21.6635
125.8180 24.8085
145.1889 34.8529
136.5064 26.5896
136.0798 27.2863
133.5083 22.1589
136.6128 30.1098
124.2150 21.9640
133.3463 25.6157
132.9133 31.7896
133.3711 28.6754
137.0416 27.2273
136.7359 30.4088
135.4182 31.5118
138.3621 28.6403
139.4612 27.0542
137.8817 30.4761
137.1064 28.4437
132.3118 29.2949
137.1465 26.5395
136.2769 30.8459
138.1238 29.0264
133.7647 28.0096
136.3582 30.4390
137.1127 30.5417
137.4750 27.0629
137.4879 28.1121
136.4038 27.5163
135.5237 32.1658
135.8834 30.9536
135.0119 32.2248
139.7195 27.8838
146.1664 34.8142
143.0111 35.7418
139.1384 29.4235
139.8192 28.0224
136.8871 30.1682
137.8464 28.3659
137.3652 30.2340
133.7173 33.1241
139.5938 32.0687
136.8759 30.3369
140.4239 34.6986
139.1389 27.0118
136.7758 30.8312
138.6216 27.0296
136.5117 30.1487
136.6823 27.8225
136.5968 30.2902
139.4473 32.9325
139.7353 33.3519
134.3804 27.9303
136.5644 30.4285
138.2646 28.7034
138.2953 28.8799
135.4558 31.9937
135.5770 27.5679
136.0525 30.7159
135.6702 27.8163
136.9564 30.4128
138.5590 31.6068
135.8018 27.7035
137.3908 30.2143
135.2937 32.1371
133.6198 28.0313
139.5484 28.2905
137.6454 33.8046
137.4510 28.6740
137.1564 28.1255
133.8825 28.0251
133.3241 31.7703
135.8928 27.7941
135.3425 32.4827
139.4519 27.0143
136.4701 28.0209
135.3776 31.5306
139.9030 27.6570
137.1846 28.4983
142.1440 35.9111
137.0275 30.3625
135.5482 27.8795
136.3720 27.4850
136.4069 30.8104
136.9886 30.4115
136.4226 27.1253
139.4718 28.7368
139.3333 27.0079
137.3391 28.1629
135.1006 32.6058
137.1749 30.6608
136.4267 30.5692
135.7458 30.9339
135.3711 27.7755
141.3129 33.8296
135.3730 32.9548
135.1507 27.8505
136.3646 30.7396
135.9276 30.7000
138.0838 30.0438
137.1112 27.8014
132.0256 28.3043
138.2705 28.8797
136.8765 31.0829
132.4454 29.3533
138.4032 29.2535
145.2542 38.1307
138.2772 29.9226
135.2915 31.9183
135.4872 31.4313
136.7630 26.2727
139.5328 27.0660
147.0828 37.6622
136.1956 27.6138
141.4189 34.5065
143.0899 35.4626
136.0918 31.3847
145.2155 34.4468
137.5847 30.1225
136.5106 30.4249
136.8061 27.1902
136.7097 31.2363
135.0373 27.8515
136.5501 30.2306
144.8105 33.5501
136.8622 27.9981
136.9013 26.9922
137.1542 27.8281
135.8147 27.7471
138.1488 31.5074
137.1827 26.9111
127.3381 28.8273
136.6716 29.4749
131.8309 25.6855
135.7495 27.2207
137.2200 28.6500
133.1143 22.7473
136.7822 31.4098
141.5291 29.4423
132.9182 20.9765
127.3466 25.6043
130.4511 27.7254
136.9690 27.8487
134.4896 33.1145
142.9949 35.2417
132.5494 21.5894
125.6050 24.4432
130.1302 26.9788
136.5665 31.8637
135.9937 27.7572
152.0750 37.6784
132.8335 23.1655
124.3716 21.6803
132.2886 20.9525
132.0990 24.1072
129.0967 25.0182
139.1499 31.5554
134.2962 26.3764
133.2483 24.2373
129.0346 28.4505
139.8338 33.6613
132.7767 26.0877
123.4337 27.4899
125.0341 21.5956
136.5313 27.3486
125.2162 22.5681
137.2675 26.9191
136.0730 27.6496
132.6327 24.4310
130.6644 30.1802
136.5072 30.1180
133.4149 23.0610
131.4397 21.0103
133.0140 32.7194
138.8844 26.8652
133.8114 29.4081
136.3359 30.0960
130.0718 27.0194
139.1964 31.6294
133.3116 29.1118
130.5919 25.6861
139.7319 27.5480
129.7181 21.5340
133.0568 24.8970
132.5955 30.4859
131.4094 27.3775
124.3671 20.2582
131.1066 29.1796
130.7953 28.2645
139.3981 27.1721
120.0666 19.8759
129.2707 29.7406
129.9809 25.5511
135.0909 30.8701
135.0350 30.0665
138.3677 28.7918
140.8420 34.3619
133.7282 24.7108
137.7926 30.3336
128.3247 25.8105
131.5739 24.7339
128.1145 25.3522
131.1737 26.0722
134.3942 27.7102
134.0727 32.4410
129.9130 25.0500
127.8646 20.7101
114.4088 16.6050
121.0413 20.4363
129.7215 22.6949
123.8923 21.3713
130.2426 23.4722
126.4106 22.9197
129.6225 25.6721
133.0474 26.8637
128.0608 25.1642
128.5650 22.6074
128.1017 23.7055
132.4546 21.8855
124.8320 21.0536
129.4066 22.9716
132.2964 20.8811
125.1690 22.4293
124.4995 18.7303
128.7257 24.5663
132.4832 25.9986
123.8812 19.6538
129.8005 20.7086
128.1805 20.9918
124.3544 20.3439
130.4216 22.1475
109.7475 17.6162
132.2575 22.6678
129.9223 23.5421
128.1963 20.7643
127.3291 23.8690
130.0294 18.9863
121.6648 21.2802
136.7207 25.4152
138.4541 28.2062
131.6211 26.9859
136.7572 27.7098
119.4317 19.1303
114.3317 18.8566
128.4115 25.9551
130.7014 20.1786
126.5958 23.7292
129.3797 23.1717
127.0404 17.8729
125.6421 18.7720
123.4855 18.6178
126.8320 17.4200
126.6966 18.2930
132.8237 23.6811
128.2699 21.7225
131.1885 22.5525
129.4129 22.2131
125.3331 20.6097
132.2498 21.2689
135.9772 30.2945
135.4225 31.1260
133.9503 21.2485
131.2514 26.4065
137.4871 29.9888
131.3605 25.8528
132.3975 28.6560
132.0390 30.0318
137.3496 31.9004
137.7111 30.4314
141.9811 35.6626
131.4068 28.6929
133.5481 23.0699
124.0094 20.2260
129.8385 26.9144
130.0708 27.5710
137.1455 26.8509
133.5271 22.9373
140.4208 27.0465
133.3199 20.7471
135.8856 33.1733
133.4894 23.3134
127.5433 28.6700
131.2463 30.3009
135.4093 31.2692
135.4719 27.7847
135.9210 28.6894
137.7239 26.6377
132.2540 30.7058
136.3235 29.7251
139.1870 29.8154
133.3807 31.6699
135.1660 28.2564
146.0129 35.1194
133.6770 21.6549
133.8751 32.2535
135.0692 27.7085
136.8006 30.2435
131.0690 25.8985
133.1248 32.4129
134.4375 27.3414
132.6305 21.0104
136.3438 26.6573
135.1802 30.6402
135.3757 29.1549
134.7641 24.8021
136.3909 25.9297
139.4704 32.1474
133.9350 22.9434
130.6302 28.3334
134.5900 32.1083
138.7697 26.8803
136.9252 26.8936
136.6438 33.1100
137.4665 28.1765
139.2891 26.6777
139.2204 28.5430
130.3035 26.0165
135.9368 26.8263
137.2589 30.8562
139.3267 28.2607
136.5932 30.0560
141.0661 34.4803
136.1924 28.2085
134.0698 27.9294
133.4291 22.3553
131.0309 20.5249
132.3509 24.3131
138.1838 28.3898
132.6694 30.4823
139.3865 29.1282
122.6392 29.9609
132.4416 31.2403
143.9293 33.2142
142.6861 35.4598
137.2329 32.4125
131.6114 25.8758
136.4768 27.8202
129.7737 26.5898
130.4157 25.8062
138.1874 31.5539
137.3178 30.7706
134.6130 28.6266
137.8834 29.0512
129.9449 25.6850
134.2076 25.0707
125.7393 25.7080
139.7520 26.7636
134.7790 29.1840
134.7052 24.8869
135.9817 26.1801
130.7594 25.4689
128.0739 25.2892
132.5356 29.6155
133.6562 29.4600
139.9045 26.9718
135.7546 25.6001
130.5574 28.0839
133.3539 32.2955
138.5126 31.8176
128.5393 29.3808
132.5797 29.2274
135.7384 30.9559
139.4273 27.4182
135.1257 28.1731
137.0103 28.1058
132.2160 30.4892
129.0844 26.0273
136.9511 26.9181
135.7598 27.6874
134.0919 24.8913
139.8509 27.3149
135.4180 31.2166
123.2015 20.6183
131.0871 21.4226
128.6237 26.1347
133.1356 29.8115
137.2359 31.8107
133.2647 27.7465
136.4944 27.3818
135.7436 27.1726
130.5730 20.6456
137.6364 30.4134
130.6814 30.1825
131.0697 27.3299
140.0039 27.0841
134.2973 30.7174
128.6336 25.1064
136.8133 27.5563
136.3848 30.4509
137.8330 26.7035
134.8036 30.2789
131.5102 21.5583
133.7005 23.1580
130.3194 24.7409
123.8478 22.8031
129.9016 27.7694
134.7037 27.7479
132.6756 25.9450
139.3028 27.1641
127.2998 25.4511
135.4493 31.3946
130.1727 24.4181
131.3207 28.4910
131.5093 20.2332
129.8294 27.7698
134.9534 27.5282
130.9077 27.2515
142.8712 35.9839
146.4999 36.3198
144.2736 37.6681
140.8486 34.1888
139.4986 29.4342
131.4591 27.8267
151.7823 35.1496
136.6456 30.5517
135.0918 32.9974
139.5152 32.7352
139.8930 34.3015
139.2924 28.2557
139.9140 31.9426
134.7262 32.8895
136.7645 30.5532
138.5489 27.6790
133.5840 23.7529
135.3785 31.5176
133.1492 21.1516
144.0142 38.1930
135.8755 31.1292
140.0066 27.8548
136.5995 30.5543
133.0564 31.4828
139.3571 28.3094
144.3349 37.6558
145.4292 35.0542
139.4788 29.3802
138.2753 32.2934
139.6622 27.2476
135.0552 33.0284
135.0044 31.1908
137.8856 33.9801
146.3516 34.9041
146.5549 34.6335
135.3106 31.4107
137.2386 27.5526
121.9698 24.6677
144.7438 39.1431
130.6761 29.6194
140.9041 34.5943
139.2268 29.5191
142.5441 32.7127
153.4982 37.3409
121.2276 32.7794
145.0505 33.5785
139.7711 27.1893
136.0658 28.0126
140.2217 27.6868
135.2726 32.3069
143.3924 38.2031
135.7484 33.0210
134.3140 32.2324
138.0302 28.0227
136.1491 33.1113
152.3645 35.1389
139.1736 26.8454
136.4211 31.5500
140.6215 27.0856
138.6374 26.9798
136.5400 32.9932
138.3510 26.7969
133.8655 31.3698
139.9746 33.2590
137.1714 28.6141
141.3157 34.6813
148.4312 35.9174
137.9431 27.1239
140.4236 33.7267
144.1765 38.3054
150.9363 39.5557
136.6699 26.9664
136.5050 26.0128
158.0719 31.7830
136.7083 26.2451
137.3747 33.6613
134.2843 31.3020
137.1056 30.5390
136.3154 30.4468
131.0989 30.4169
138.6746 27.0006
136.3605 26.3130
152.5557 35.1155
127.1686 28.0901
140.9530 33.3890
134.6518 31.5562
133.6892 28.0581
132.8582 28.1348
134.5283 31.4887
129.4764 26.8208
131.8573 28.0234
133.3193 28.8468
135.1080 31.1926
133.5017 28.0571
138.4549 28.6503
133.6961 28.0248
138.4524 28.5508
129.8431 27.0644
141.0237 34.8329
135.1628 30.9791
134.4707 28.2760
136.6369 28.8128
132.1012 30.3880
131.7499 28.1170
131.9670 28.6246
136.0955 28.9091
150.1744 35.6836
130.2516 27.9100
136.4226 30.6205
133.2292 28.1260
131.3860 25.1595
139.6770 27.1343
132.3465 21.5888
138.6178 29.4405
135.1698 30.9425
124.2934 22.0959
130.8898 25.8641
133.3540 28.4623
133.3912 32.8173
132.1158 21.3650
137.9053 32.1854
123.6855 23.5814
130.6731 25.3300
136.1910 26.4755
132.7470 32.0952
137.2368 29.4768
135.7069 32.9555
143.3909 36.0858
141.3828 35.1754
133.1878 27.9591
131.8918 28.7075
136.5832 28.2980
131.8493 21.4680
131.6554 25.9125
139.1487 27.2235
134.1476 31.1947
133.5106 28.1467
129.4628 26.1456
141.5026 35.2899
140.8822 33.6857
131.9830 27.9100
131.5331 21.2948
141.5271 35.4815
137.0276 28.7823
136.2003 26.7868
135.2553 27.6864
129.2496 26.8850
144.8248 35.6627
130.9720 28.2952
137.7992 31.6183
133.8214 24.4726
131.0851 25.2787
141.2965 35.2019
138.3917 27.0605
137.7915 27.9758
132.2919 24.6273
133.8558 27.9256
134.2877 31.3972
132.1927 25.1789
130.2094 25.1651
130.6797 25.5050
142.1788 35.2801
135.3916 31.5177
133.8829 30.1955
132.3075 21.6596
134.2218 30.1162
133.5870 23.2331
133.3176 23.0154
138.3574 28.8669
132.1179 27.9590
139.9044 27.5198
133.5065 31.9854
131.0780 21.0899
135.6794 33.0671
132.0942 21.6816
129.3000 26.5967
147.4990 36.9401
134.9978 31.2078
131.6681 28.0318
133.3587 28.0252
132.0492 24.0796
130.0335 25.0612
135.7189 26.4966
139.1359 28.0409
136.6411 32.9656
136.4218 25.9621
131.8304 21.3761
132.3885 30.3639
135.6420 28.1710
129.1911 29.4205
137.4807 30.4884
131.8121 29.2917
134.0975 32.0370
132.9317 23.8047
131.0551 27.8916
130.8906 28.4405
137.0044 26.9010
126.7006 24.9517
130.2940 27.7581
129.6122 27.1891
133.0888 30.4949
129.2910 25.6800
136.8610 27.5834
133.4054 31.4718
136.1668 25.4328
133.5326 25.7894
130.6171 26.6680
131.0655 25.4805
133.8069 30.2952
139.5266 27.5014
126.5391 27.3183
128.0488 25.4076
136.8785 26.4340
137.8090 30.3421
133.3186 27.2478
127.7763 29.2665
124.5963 23.4453
134.3754 31.0241
132.6436 22.4892
128.0699 25.1922
132.2231 21.6405
129.4636 26.7246
139.3466 27.4526
128.3989 25.1845
131.2152 26.1061
129.0566 26.7166
134.6613 30.8537
131.2002 25.0669
138.5110 31.8728
138.3839 28.6723
134.5126 25.1834
123.5637 21.1088
135.6626 25.0254
129.6303 21.8430
124.7783 24.3212
125.6977 24.3731
137.9102 31.8157
134.6938 28.5649
137.1980 27.7763
127.5229 25.2628
133.3307 24.0942
135.9683 27.2523
137.6614 26.8661
134.9828 30.6050
132.8588 30.7850
136.0278 33.0964
135.1474 31.1846
139.7806 27.1747
130.0928 24.7103
142.8516 35.5471
138.2287 27.1027
133.5719 27.9062
136.7189 30.0327
129.6049 26.4608
137.8961 28.8594
136.5367 28.3616
136.3667 26.0684
140.4561 26.9816
134.2311 33.0174
133.7502 30.4650
129.4516 25.8965
136.5609 26.7052
133.2449 21.9263
132.0320 21.4083
140.8797 33.8265
137.2391 27.1880
135.7246 25.0562
137.7539 32.3552
124.9964 23.0319
129.9247 26.2567
132.7494 23.1835
134.0563 30.8107
129.8895 27.2940
139.3584 26.9554
134.0238 28.6877
136.3158 29.0688
131.7343 29.5368
130.2773 24.4547
138.2509 28.8929
139.9403 31.2660
144.2885 34.0804
129.9451 25.7486
135.0246 27.8111
133.0507 28.2919
128.3001 26.8898
133.3058 25.4209
139.2264 32.6191
134.2657 30.7396
129.3343 27.0061
139.2173 33.9714
133.9783 29.9104
133.9581 28.0256
134.7847 32.1763
130.0301 26.1125
132.3351 25.9991
135.1021 31.8874
151.8188 35.0601
134.7681 32.4568
132.5099 29.7556
135.8871 27.6020
131.6006 27.8539
127.9157 25.2492
139.5159 28.4483
131.3411 28.7358
137.1369 28.0714
145.3044 35.1245
130.0689 25.8639
137.3904 26.1285
135.3065 27.5485
133.5409 32.2378
138.2033 29.3867
131.7540 21.5416
139.2039 28.8693
131.1628 28.8883
131.2156 28.0460
134.5312 31.8050
133.5171 29.8206
131.8687 21.6540
133.2531 31.4434
123.6059 23.4856
136.4231 27.2214
132.9194 23.1025
130.3324 25.9374
138.6968 30.4028
138.3786 31.9915
132.3757 29.1469
137.5727 27.9266
138.2866 29.7518
131.1512 25.3597
135.3349 27.2720
136.4815 25.6312
133.2221 24.9998
138.8719 26.8406
131.1741 21.3873
137.8593 28.6418
139.3569 33.4684
133.9944 30.0315
130.5005 25.2898
136.4807 29.6769
138.7216 26.9055
139.1999 33.8920
132.4854 28.6978
124.2521 23.1304
136.2400 28.6782
133.3413 30.0595
131.1565 21.1712
135.2551 31.6775
129.2942 27.1465
133.3645 31.1779
131.7732 28.5713
133.3031 23.5591
134.4775 25.3314
129.8327 22.5746
139.4537 33.8886
137.6004 26.6408
131.2186 21.0203
135.1768 31.4944
135.8558 25.7019
139.5377 30.8389
129.6351 26.7956
138.2652 28.0114
123.9843 26.4520
129.1564 29.8680
123.3941 21.0034
135.2828 31.2024
130.0678 24.7868
138.8103 29.5758
126.7253 26.8885
133.6992 31.1474
132.0828 21.7128
137.4922 30.0137
129.2734 25.0092
136.0160 27.6131
133.1734 30.6137
128.8079 29.4344
126.5506 26.6124
131.3131 25.9923
131.4890 28.0518
131.5485 27.6841
130.0495 26.5165
132.1488 28.9477
139.0514 27.8283
131.8824 28.8453
137.0746 25.8190
132.9650 30.0862
131.0654 24.5496
139.3191 26.8893
136.6619 26.0048
137.7444 26.7149
132.9042 30.6536
133.5114 31.2325
132.5255 28.6753
131.9184 29.5026
133.6915 30.8249
139.4854 27.5423
131.7446 22.0254
127.6269 25.7179
137.0827 32.0229
129.3048 29.3914
131.2710 21.3986
134.5516 26.0849
130.9232 27.9965
134.9375 27.3645
145.9028 35.1262
135.3671 28.0622
123.8960 21.9118
132.6838 23.6188
131.0227 27.6448
136.2392 27.1279
133.1303 30.6593
130.9818 24.4853
136.3950 27.1234
132.9335 25.8285
128.5959 26.2981
138.0414 29.6631
131.8139 21.0661
124.4042 23.0825
135.7621 27.0949
139.1696 26.3825
128.3431 24.9590
136.6823 31.3361
131.2308 25.1161
132.8156 23.8357
131.0191 27.8341
129.4857 26.7939
135.8244 30.6368
139.2075 26.7042
129.3562 25.4908
137.2635 27.8248
131.7325 20.8231
132.7435 29.5983
124.9865 24.2836
134.5295 27.5693
134.0902 31.6591
137.6227 29.1470
131.4573 21.2893
136.7313 25.9679
135.1387 32.9100
129.0761 24.9434
139.4464 27.1481
133.1687 29.0385
129.7620 29.5635
129.8947 27.1661
134.3913 32.2264
137.6464 31.7807
136.8699 26.4632
136.3790 26.1047
135.4356 30.3655
132.5914 20.5112
131.1564 22.5302
123.0610 22.6951
132.1259 26.2690
137.4970 30.0812
130.6519 27.0628
134.1651 29.0703
122.9580 21.6563
131.2808 20.6401
129.4607 26.6478
135.9185 27.2652
131.0334 22.5429
123.8975 21.1903
137.5132 28.0123
134.0250 29.3692
135.9726 26.0413
135.8974 27.5898
129.9365 24.2411
137.0171 27.6444
127.9119 25.6713
137.3854 26.6647
132.6678 29.8413
122.2641 23.5518
131.9692 21.9519
129.4161 25.9895
135.0922 32.7652
123.6916 23.7627
130.4989 29.6500
132.5460 23.1904
133.5416 24.6656
137.2072 30.2343
133.8694 31.9974
133.9901 24.0316
131.0871 25.5355
134.3289 28.8836
124.1422 20.1577
129.3285 26.9554
139.0609 26.2520
129.9761 25.4609
138.7655 28.3754
139.4851 27.9405
129.4359 25.2911
136.0425 25.0492
139.5606 26.6491
136.9697 26.2647
135.2455 30.7822
134.3539 28.6733
136.8467 32.0216
138.7675 28.0140
136.6047 25.3889
133.8067 32.2915
132.0445 28.0641
129.6074 26.8657
133.1855 22.8560
129.3734 24.4818
132.9280 20.6342
132.6426 30.3930
136.5622 27.4601
129.9740 21.2493
131.9567 24.5494
133.7212 32.3492
136.9228 28.4552
130.4867 27.6290
136.1192 30.6710
128.0918 26.4267
130.8292 20.6891
131.6339 29.1911
134.0417 28.3097
136.6561 26.9575
135.9250 30.4495
135.5127 28.3970
134.5262 26.5414
135.5248 28.4702
131.3199 23.8951
136.8403 33.2104
128.2489 26.4274
130.5045 28.1118
137.5789 27.4081
136.3874 28.9984
134.0222 32.4424
139.7337 27.2544
139.4889 27.8342
130.9415 21.0994
136.8070 28.4294
133.6849 27.6239
131.0791 24.1611
135.9939 27.3768
134.0221 29.2042
133.7884 27.7251
136.2363 26.9119
132.5032 29.8925
135.8186 25.6690
134.8555 27.2877
136.4884 30.7409
135.3823 25.2376
135.8670 29.6558
131.3741 28.2331
130.4237 26.0903
131.9264 29.6261
132.2736 30.1367
130.2702 27.1063
135.9431 27.1332
132.3730 24.6462
135.8812 25.7572
133.5038 30.0027
136.0040 26.8499
122.7110 21.0270
137.7571 30.0474
138.6055 26.7643
130.2483 26.2650
129.9373 27.3610
137.8251 29.9237
133.9865 29.7231
133.2052 31.6248
138.8588 27.1205
131.2964 26.0563
137.7441 26.5886
122.4925 20.2508
139.7128 27.3413
132.1989 22.1023
137.5415 29.5095
139.6435 27.2063
130.6965 27.4229
129.9209 24.5936
136.8416 27.7924
134.7171 26.4694
139.3832 27.5537
134.9084 30.4130
135.2512 30.2089
136.1269 30.6748
132.9469 29.8489
133.0044 28.0815
131.5459 24.4743
139.1466 26.7875
139.3492 26.8767
131.6051 21.6867
135.5497 27.2661
135.3514 27.5696
127.1490 24.9923
133.0636 29.5640
134.2884 31.6503
135.0997 28.4909
135.6357 32.9248
135.7419 27.1829
137.3810 26.7122
132.5216 29.1677
131.1187 28.6449
132.3778 22.2870
137.8962 29.4033
132.1983 28.7465
137.5559 28.0758
135.5492 30.9974
137.0284 29.6641
137.2316 29.1006
134.6235 27.4064
130.4019 24.2478
136.8960 30.5266
133.4894 31.8136
136.5687 27.6069
137.2442 26.9932
130.8287 27.6975
143.0233 35.5810
136.7796 27.0143
134.9567 28.0011
136.0796 27.3319
131.4098 25.8468
132.9885 29.4999
129.3623 26.9539
136.7027 27.5909
129.0758 27.0515
130.5799 28.1124
133.7741 30.9784
122.5517 22.7821
132.8851 29.2523
132.5352 27.7028
137.1319 28.3596
133.6059 27.6135
132.6391 22.3708
139.5147 27.1376
132.3502 30.5856
133.2882 27.7616
135.2970 30.3273
137.2943 27.8664
121.2094 27.0240
131.5397 22.5870
131.6897 20.4511
132.9353 22.8718
134.2952 27.5036
129.7296 26.8235
139.6953 27.1260
124.7877 23.3139
131.5088 21.2916
149.9352 35.3244
139.0830 31.5830
133.3490 23.6920
133.1140 20.4452
136.2573 25.9184
135.4104 28.4814
134.5360 29.2913
128.6411 25.1002
131.1673 20.4206
131.2003 22.1320
129.5076 30.1377
135.3022 27.9408
128.3026 24.4206
129.5835 25.8073
129.5855 16.8637
132.0825 31.2718
141.1373 33.6662
136.9124 30.2156
130.6971 21.3535
138.1743 28.7595
135.9348 32.3794
128.2686 25.1374
130.9978 21.9299
130.0636 22.3021
131.1217 21.5490
123.2997 19.8213
130.8513 26.4421
137.7879 28.0741
132.5038 22.3496
130.6631 24.9517
123.4779 22.3113
132.6618 23.6097
129.7415 26.7477
124.6492 21.1177
133.1026 29.1286
132.9545 23.9087
125.1691 22.2724
131.3490 22.2260
137.8658 27.1292
136.4127 33.3505
132.5221 29.5762
130.7383 26.6300
136.0860 30.4427
125.5128 23.0884
134.6717 31.4381
130.8439 24.5369
132.1775 30.0755
128.1532 30.1407
133.5995 25.6093
129.7034 24.6084
122.0228 24.1552
118.7252 20.9072
135.8541 31.0717
146.9708 37.5740
136.9331 30.4214
133.0885 32.1627
132.1020 27.9385
136.5129 27.1360
143.0052 36.4108
137.2291 26.8092
139.6004 33.4580
135.7679 27.6498
139.3058 30.0374
139.3369 29.6795
135.2336 31.9261
138.6008 31.7081
139.4800 28.2688
137.2320 26.9771
137.1452 26.6680
136.7466 27.3925
135.9069 31.5849
139.8492 33.1172
144.6695 36.1435
138.3719 31.8720
136.8233 30.0401
133.7582 32.8524
136.8063 30.5151
137.2692 27.2809
145.9085 36.2780
139.3243 33.5411
136.5853 27.1977
144.4807 33.6987
139.3754 33.7400
139.3076 32.3160
136.2852 27.5687
146.8327 35.1431
138.2451 29.0048
138.4638 29.0657
137.8961 33.4314
147.1558 37.4152
136.5052 30.5305
137.1884 30.9675
136.7290 26.1723
139.2871 33.6998
142.3840 36.1628
137.8366 33.5228
147.1874 37.8484
138.5153 29.4433
139.4333 33.5620
136.4411 26.8785
147.0584 35.3236
139.7695 28.0065
139.3928 27.0203
137.2416 26.8874
135.3175 31.7570
138.2339 28.3396
139.5591 33.0314
136.2816 27.3075
145.3983 39.3034
137.0417 30.5213
145.9395 34.6149
137.8454 29.9704
138.2709 29.9738
138.3447 31.8577
138.3107 29.4936
145.0152 38.7047
150.0542 35.5500
147.7701 35.0334
141.2407 34.6015
137.2225 26.7464
134.8807 32.6566
139.2056 29.4999
135.2168 31.6713
146.9387 35.0318
144.5100 39.0953
137.0705 30.3387
136.3449 33.2091
137.6074 29.6226
137.5795 30.2452
133.2427 32.3997
145.2581 38.9649
130.5312 25.9786
138.5315 26.9919
152.0023 35.3320
135.3977 31.9669
145.0250 38.6899
135.6877 32.1196
141.0686 35.8107
139.9296 32.8723
146.7725 34.9404
146.0195 34.5307
136.1908 30.9656
138.3524 28.7095
136.2756 27.3790
138.4444 28.7804
136.4851 27.7298
138.5319 26.9744
146.5318 34.8381
145.2697 38.9802
138.9498 31.9590
138.6030 26.9701
138.5727 32.0149
139.8797 33.0977
135.1826 31.8598
138.9962 32.0826
143.3077 35.2055
139.2483 29.2635
135.9048 33.1596
135.8958 27.6139
137.7990 33.5600
140.4107 33.0453
136.0346 33.0238
144.7222 35.9643
135.7947 27.6796
139.6780 32.9038
137.6967 30.6615
144.3511 37.7286
140.0942 32.8894
146.8575 37.2178
136.4918 25.9646
137.6544 28.7510
138.6356 31.5046
137.4780 26.9516
135.8900 27.4911
139.6523 32.5751
135.1042 31.6286
136.3791 30.8523
146.0454 34.7436
135.9416 27.7808
135.9744 30.8066
138.7393 26.9866
143.1328 35.4763
136.6188 29.9451
136.5471 27.2806
133.7965 31.2892
136.9939 30.0480
136.9053 27.8086
139.2987 29.2312
134.7621 33.5215
136.2231 27.2885
134.9785 32.0502
144.6090 33.0714
137.7117 33.7487
136.7505 30.4585
140.0835 34.2940
135.4108 32.2141
139.2113 33.7308
142.9894 35.8865
135.4564 31.2902
141.1415 34.2695
142.7086 35.6180
147.5333 38.0931
135.7285 31.3393
135.8071 27.6867
141.3929 34.1349
138.0171 27.0742
136.7440 27.3897
147.9124 37.6465
133.2767 32.6501
135.6437 32.9597
138.7123 32.2155
136.5306 30.0679
137.8323 30.0176
138.2758 28.6136
137.3189 33.2170
139.5473 28.1012
139.5747 32.7643
137.5880 28.6963
135.0645 32.6468
140.4407 34.9826
136.3286 30.7880
135.0823 32.3946
135.4742 32.9154
136.9986 26.1640
140.9895 33.5342
147.3176 35.4717
139.2894 30.0211
138.3489 29.4572
135.9842 30.8043
135.6274 27.5839
146.0816 36.0827
135.1022 32.3241
135.5856 27.6982
136.5941 26.0881
145.3751 35.8432
139.3365 28.5682
146.6470 34.8681
139.6034 28.0013
137.8269 33.5697
139.4114 33.6088
147.1268 35.1028
137.7512 30.4034
145.1918 36.2714
140.0573 34.8712
137.6099 28.6910
136.3335 27.2693
143.8381 36.7867
136.8431 30.3380
136.0770 30.7716
131.5879 28.0476
136.5245 27.2458
135.5063 31.1715
135.1160 31.8660
142.7663 35.7038
145.0597 36.4185
136.2395 27.6050
138.1373 27.0370
138.8324 27.0739
139.5448 32.9424
136.9924 30.5005
137.3358 30.0237
146.5110 34.9337
146.9417 34.9789
136.0100 31.0053
134.0325 31.1799
136.3605 33.1527
136.9582 30.5571
139.2868 27.0336
151.8078 34.5324
146.1424 37.5862
136.9964 30.4692
137.2156 26.8201
140.2698 31.5731
135.2960 33.0005
136.7837 30.4689
138.0734 30.3521
138.5036 27.0921
135.4624 32.8430
135.4119 32.9788
135.9930 27.5613
138.2163 29.4541
139.4230 32.7000
146.8597 35.0284
160.8108 35.6444
150.4098 38.6136
138.2489 31.8048
141.0403 34.4565
135.9874 31.8802
143.4919 35.3136
135.2800 27.6510
136.7138 30.6116
141.2184 33.7215
144.5465 33.1322
146.9584 35.0302
138.3521 28.6953
136.9673 26.7699
135.4527 32.9837
136.0306 27.4110
137.7196 26.9978
139.3274 28.5916
137.4093 27.3354
139.8429 33.0381
141.1383 35.6630
151.1835 36.4053
139.5724 32.9196
135.1094 33.1529
137.5500 34.0397
137.1681 28.3288
137.3680 26.9434
136.2907 27.5240
138.3439 29.8028
137.8753 27.0212
145.3026 35.8506
139.2639 27.1636
136.8659 27.1095
137.6152 30.3289
136.5763 26.1635
139.0511 26.9168
137.1230 27.9963
145.7043 36.3671
137.2847 30.4059
140.4831 33.2802
136.8487 26.6482
139.6646 32.8836
136.9973 30.0648
139.3171 32.4696
138.5567 27.1149
138.6834 31.7539
137.8893 33.4260
135.7756 32.1455
147.4501 35.3021
135.3625 32.4093
139.2417 33.4771
138.2898 27.0520
139.6934 27.9683
