131.0985 25.4248
133.0390 30.2643
131.2331 24.3360
140.6421 33.6581
133.8728 30.5610
132.4218 28.3170
130.7253 26.1947
137.6202 29.2353
138.9326 27.5067
139.4139 27.5794
136.0946 27.8693
129.8864 26.4089
137.9328 29.9790
133.8948 31.6671
132.4572 31.2342
138.8243 27.4601
133.9691 30.0145
137.6350 32.5692
138.5773 27.3504
136.3446 31.1544
138.8079 27.0616
133.1771 24.6622
136.0827 29.0648
141.5819 35.8974
135.5791 32.6561
131.0819 26.0877
139.7150 27.5385
136.2106 27.9497
138.9267 28.5283
140.0040 29.1972
136.8644 28.6770
136.1205 27.7996
138.9735 27.6753
129.7109 26.0738
137.1661 30.0133
137.5382 28.4422
131.6738 28.9163
132.7285 27.4646
133.1328 26.2952
138.4353 27.1015
131.7724 29.2724
138.3783 34.0082
136.0537 27.5803
136.9244 27.4454
134.3309 23.3688
142.4145 35.9741
134.2441 30.4156
133.2664 32.3035
133.2061 28.5207
125.3884 22.0663
133.8178 27.9035
132.4693 25.3458
136.5928 32.2013
134.0545 27.9784
131.3221 24.6227
141.4404 33.6400
131.8178 28.9813
133.6773 28.4700
130.7371 26.5922
126.0928 23.2164
133.1248 28.2326
136.6800 26.1268
136.2929 30.5017
135.0354 28.4165
141.8779 35.9907
137.9650 27.2990
135.2134 30.3917
132.9324 24.2771
137.8579 27.7818
132.3756 26.4895
134.4268 22.9463
140.2779 28.3156
132.0805 28.8911
131.4087 28.7024
135.9134 27.8903
130.6049 28.1532
126.2155 25.5078
135.3834 22.7451
138.3192 32.9563
132.5844 24.6402
137.9112 28.6394
134.1999 24.0227
131.4485 26.6048
133.8166 29.9364
137.1608 28.8763
133.0760 30.7702
133.5086 24.1659
135.7060 31.4632
126.9175 27.4123
135.5800 31.2971
133.7001 24.4815
137.5553 29.7042
130.8287 26.9322
136.5899 26.8451
131.5981 21.7415
130.7696 26.1998
139.2708 27.4161
132.1542 31.2853
137.9559 29.5932
133.9410 24.0888
134.2378 32.1822
132.8454 26.0472
134.8344 22.2866
137.3160 29.5514
134.6972 32.2828
137.1046 29.1725
134.3035 25.1220
136.0985 27.7015
141.6335 35.9591
131.5794 27.9891
144.7937 35.9228
139.7975 33.5642
131.0341 27.0134
133.7029 24.2543
130.0061 27.5288
130.8602 28.5767
137.5320 28.3450
137.2476 31.6624
137.2896 29.6088
133.7765 24.1466
133.9617 25.4049
138.8076 27.2159
136.0017 29.1193
129.8484 27.6917
136.5626 30.7459
130.9996 25.9452
134.4014 25.0384
138.0249 32.8417
136.4817 27.8638
132.1534 28.7924
137.0081 28.5430
130.7825 26.5473
134.1122 23.3444
130.5862 27.0505
131.4152 30.7886
131.1293 27.0288
137.5980 30.5393
131.0000 26.3911
134.8901 28.3945
140.1838 28.5654
137.5615 26.5255
134.7421 21.9308
133.3896 23.9437
141.8401 35.3606
138.8339 27.4308
133.5977 28.2510
137.6113 32.6461
134.7037 30.4244
137.5860 28.2573
130.0160 27.5231
138.0884 28.7984
131.0112 28.3353
134.8766 28.3641
137.9649 32.8752
126.0017 24.9032
135.4630 29.0223
136.1761 30.9431
131.9954 25.2713
134.2912 30.6569
135.7752 27.8185
136.1238 31.2386
144.4980 37.4517
131.9745 29.3462
135.8422 29.1248
129.6716 27.9408
139.0231 27.7092
135.8453 28.0040
128.6381 25.6842
141.5029 34.7315
136.0561 29.0618
135.9501 27.6883
133.9770 32.6153
130.2917 27.9003
129.8605 27.3973
141.0980 33.8739
131.8401 28.5439
132.1177 28.8522
131.9328 28.7808
133.1480 24.7956
140.2383 27.7105
132.1359 27.6671
135.2429 28.6140
132.8321 30.2657
136.4927 27.4634
131.2436 28.9737
128.4280 25.2175
136.5473 28.4019
131.3733 26.4104
140.0957 28.6084
137.5743 26.2292
138.9207 27.0915
131.3384 28.2768
134.9867 33.1458
133.2753 29.8382
137.5785 32.5901
136.3052 28.2112
136.5376 28.1575
131.8776 28.5913
139.8718 27.6803
139.4185 27.2904
133.5094 30.2242
132.5610 29.9785
137.7738 28.5194
137.8508 28.9883
133.5139 24.5735
125.2702 20.5069
138.9362 28.1751
137.1804 30.8484
135.2412 28.6076
141.1341 34.5726
138.9886 27.7117
139.0626 28.3832
132.1560 27.7574
138.0115 32.0343
138.8766 27.2890
130.5506 27.4091
133.9019 23.7019
123.4768 20.7211
136.5230 27.6609
131.5424 28.4720
140.2777 28.1545
134.1450 30.0011
130.5160 27.2320
124.2536 21.4102
138.0352 28.6922
136.3230 30.7183
132.8678 24.6402
130.0814 25.6866
138.3308 26.8890
137.0533 28.2444
134.7373 29.2932
133.8067 30.2944
135.1152 27.8050
128.7092 29.5755
142.2098 34.5567
139.0407 27.1128
139.2998 32.9803
131.9493 24.1734
131.8351 32.0500
124.4817 23.1047
134.2513 32.4617
131.9631 28.9487
131.4631 26.6491
130.6380 26.5086
135.1940 28.9745
130.6933 25.7011
132.3283 24.8763
135.8853 30.4980
136.7128 27.8460
132.5637 29.3005
133.5831 29.2335
130.7443 27.2926
136.9454 28.7949
136.6176 28.3897
137.9090 28.8249
132.2181 31.3199
138.5345 32.4046
135.7884 27.6599
132.0095 28.8873
131.7919 26.5597
137.2376 26.8198
134.9099 28.2616
130.5858 25.9978
136.0269 29.1717
130.5703 25.6891
137.5306 28.2114
137.7903 26.6500
137.2481 27.6020
134.2908 22.8621
133.2853 30.0143
140.0707 28.5681
131.6840 26.4760
139.0029 27.9482
133.8775 21.4885
130.5338 26.3980
131.8781 24.5291
125.0479 22.5242
132.6558 29.2737
137.5720 29.5246
140.3913 28.0409
133.8265 31.0819
140.0602 27.9929
138.1053 26.5672
133.6520 24.1915
133.5584 28.1929
132.4184 25.2099
137.4828 30.6106
125.8163 21.6408
132.2740 29.1006
131.3943 28.2056
130.4718 27.9192
139.2322 27.8104
135.9082 29.2066
140.8115 34.4617
138.0440 28.5380
133.8677 30.3329
133.5583 24.6954
131.4683 26.5735
138.9123 27.1069
133.0822 28.4288
124.8759 23.0447
136.7533 27.8893
132.6540 31.9471
132.4882 28.8021
136.0145 30.2047
134.9069 22.2549
124.8930 20.9676
132.1214 28.2961
131.7679 29.2981
125.8438 24.9400
136.6444 29.7583
137.0325 29.3914
133.9962 28.5293
138.4453 26.9259
136.7409 30.7514
136.2433 30.0613
137.3711 32.1254
135.8426 27.8769
130.7922 26.1776
140.1041 28.1617
133.3115 27.6909
136.7659 31.6272
131.0394 25.6206
131.8823 32.1082
134.0314 28.9723
136.2818 30.1966
131.9743 29.0684
130.4494 26.8771
134.6005 31.6919
130.5551 25.4297
132.9495 31.2844
138.3361 28.5516
131.6232 26.9926
132.5601 24.3730
131.4315 25.2678
135.4372 30.4529
134.5467 21.7937
139.0844 32.3258
137.6185 29.5428
135.7723 27.6326
134.1800 23.3717
131.7330 31.4243
137.1658 28.6978
138.1236 28.8777
136.7074 28.3354
132.2004 28.7265
137.1672 30.1852
138.9567 27.4889
136.4932 31.2609
134.7533 32.0670
137.8934 31.8549
128.2186 29.4203
130.0461 26.5329
137.3755 31.9943
140.4566 28.0669
137.9948 32.6582
138.2211 28.5070
130.6779 27.9828
137.5952 32.1834
133.2521 28.2758
137.5351 28.4514
139.3808 27.3984
137.5415 29.3195
138.0958 28.9882
138.7514 28.2036
133.6287 32.2782
125.2980 24.3105
139.7115 33.6369
132.5770 30.5773
138.0887 29.2200
139.9873 28.2563
135.0309 30.5823
131.9608 26.1370
134.0378 25.2754
132.4228 26.5347
130.2154 25.6792
133.8894 24.7457
131.6484 25.5752
138.4419 29.7112
133.3923 28.6155
132.0249 26.6002
136.2032 28.2680
132.1273 22.5658
134.3869 22.7518
134.5555 32.0139
133.1940 25.2938
124.7940 23.6684
136.3233 27.6220
139.9529 27.7573
140.7799 27.8488
130.8442 26.0603
129.6726 26.5531
137.0315 28.6951
128.7552 27.2520
136.6669 28.1033
134.2542 31.6672
136.6924 27.5232
134.0344 23.4345
133.4683 30.2878
133.1963 30.2599
132.2881 28.4783
133.4138 24.6594
138.4047 27.0799
132.6008 28.6780
139.6861 27.4371
138.1020 28.2225
133.2995 30.7314
131.4295 28.2146
131.8617 31.7942
136.4073 30.9074
129.8318 26.4704
134.3729 30.2238
129.6876 25.6107
140.0534 29.4316
129.1796 26.9543
138.3354 27.0266
136.5456 28.4944
135.6467 27.9462
136.4818 28.5058
135.4342 28.2924
133.5682 29.3450
138.8935 28.0152
136.1271 27.7399
137.9258 30.0485
132.2171 25.1931
132.2050 28.5262
136.5738 29.8884
132.4804 31.4673
133.6244 23.6649
131.9271 27.8285
139.6229 27.5851
130.3140 25.5096
134.0679 23.4939
137.4328 28.2539
134.3858 23.8741
125.6927 24.5698
139.4582 33.1019
127.9735 28.4086
138.5069 29.1825
129.3046 26.3755
145.7834 34.9377
133.6398 22.9795
140.0351 28.4642
133.1883 24.6849
134.4369 22.8742
133.0739 26.2269
132.4360 24.8318
134.9854 29.6849
133.4506 24.3083
131.3640 25.0922
134.0561 28.5364
131.2973 26.2037
128.2843 25.3909
138.6588 27.1573
131.9990 31.9901
137.8846 31.9702
138.8544 33.4214
130.3777 26.0633
136.5092 28.3974
124.8114 24.8801
132.8237 29.2876
136.3950 30.2617
136.4422 31.5739
131.3835 25.9269
137.8574 28.3778
131.2662 26.1768
136.7188 29.7452
137.4254 28.0406
135.9682 28.0821
139.0178 28.1141
134.2581 22.3164
134.4348 28.2260
132.0944 29.0705
136.0702 31.5112
131.3528 28.6015
133.0786 24.7672
137.3068 26.9688
133.3585 24.9759
137.2358 29.5665
126.3686 21.3829
136.6824 28.4334
133.9226 24.5019
137.7013 28.7639
133.9936 30.1477
138.3163 33.0309
140.1266 27.8614
131.4927 26.4285
136.8378 29.8685
140.0059 28.8282
137.3514 30.7646
128.0695 28.5886
137.6965 28.2483
136.5601 30.3758
135.7740 27.6941
136.2448 28.2979
130.9351 26.5926
136.6851 30.9537
139.6854 27.4453
137.3159 28.4141
132.5402 28.5385
134.5908 22.9984
133.5013 32.6457
124.6268 23.5194
137.3048 28.1459
132.9493 30.7324
133.9700 23.7069
139.3530 27.3077
137.6320 26.3608
134.1074 27.8989
133.9870 23.8311
131.4791 26.1822
132.4371 26.7559
138.6690 27.4553
132.6230 26.1913
136.0610 31.6586
133.0361 28.4400
133.0596 28.0811
132.6497 30.6052
134.1970 28.4043
134.0273 23.6457
134.0148 24.5075
132.2167 26.7424
137.1080 30.6740
139.0426 28.8514
137.9097 28.7750
136.9032 29.3770
136.5566 27.5186
134.7027 28.2741
124.4436 23.3683
131.8649 24.0146
134.3564 30.4420
137.2670 31.9762
131.1004 27.9110
131.1526 26.5555
136.1746 27.6990
132.3673 31.2677
128.9750 26.0638
139.9964 28.8353
135.4161 28.3615
135.3688 28.7199
137.6203 32.7000
136.9680 27.8635
136.0326 28.0274
131.1754 26.5422
134.3712 30.3459
137.4066 31.4445
133.8726 29.8853
135.4932 23.0601
140.1620 28.9478
136.5717 27.5994
135.9021 27.7947
135.4390 28.6395
131.7662 25.3512
140.0203 28.7024
137.7896 28.1265
137.5467 29.3731
137.6985 28.7386
132.3593 26.1585
134.4424 28.3792
125.3367 22.0687
132.2016 27.4249
136.8631 30.2546
138.1745 29.0454
139.6940 28.3515
136.7165 33.3984
136.4932 30.7821
140.0989 29.1643
137.4389 26.1598
138.0766 33.7150
139.8942 27.9814
137.8580 32.5887
137.6749 26.7286
139.9131 33.4140
141.0614 33.6951
135.9928 30.8947
135.5094 31.1971
139.5520 28.2269
140.1668 28.5234
137.6985 28.2596
132.6650 29.7575
139.2523 28.5390
141.4922 34.7085
134.8922 32.9625
137.9570 33.1839
139.0181 34.2422
129.0538 29.2916
137.4414 31.2963
127.5176 27.0676
136.8820 28.0686
139.3172 33.2592
140.1192 28.4822
137.5024 26.7217
138.0720 31.0859
137.7363 28.1621
138.3732 33.5855
135.6022 27.8473
139.9303 28.5555
136.3215 30.8179
137.3395 29.3811
139.8047 27.8452
136.4198 31.1304
127.2364 27.7438
139.7054 27.9065
143.6942 36.6464
137.4309 28.0765
127.4557 27.9436
139.3149 27.4271
138.6130 27.5367
137.2764 31.2193
137.5866 31.3107
133.7034 29.1711
139.5755 27.3747
136.8621 28.4299
136.8849 28.9995
138.3762 33.9732
127.6152 28.4542
135.4077 27.8265
138.9460 27.9010
136.0798 31.2222
134.8456 23.5250
139.9955 32.6759
133.4384 29.4328
138.3529 26.8855
145.4169 35.2561
136.1419 27.9415
131.6675 30.5975
137.7554 27.2990
143.7122 35.9236
138.8700 27.3932
139.4414 27.4732
137.0327 31.6696
137.8804 28.6551
139.0772 27.2311
140.1329 28.1062
139.8652 27.7570
139.5130 28.1749
139.5534 27.3644
139.5993 27.3908
139.8057 28.6376
136.6656 29.6352
138.4225 32.4242
138.4519 27.1175
137.6172 26.7629
137.5434 29.2770
138.1523 33.7924
145.0719 37.9337
134.7194 25.6206
136.6822 31.2608
139.8774 28.2848
140.7286 34.0396
132.1427 28.7549
136.4536 28.9657
136.7092 28.5859
136.1082 30.4818
140.1276 27.6415
137.6976 31.7648
135.3654 27.8838
138.4555 27.2542
138.5531 32.6020
134.4157 27.8845
139.1825 27.1341
138.6382 27.9025
135.2839 28.5127
139.3555 34.9475
137.7750 28.8034
134.7078 27.8962
137.6791 29.2144
137.1981 30.2938
135.8708 30.4208
137.8421 32.5438
142.1850 36.0944
136.1801 30.8864
145.8634 38.2089
140.0223 28.8329
138.3166 27.0371
126.7654 26.9544
137.8335 32.1360
145.9693 36.8341
138.1799 29.9606
137.7559 27.1819
140.1519 28.9692
138.0858 32.2628
133.8583 27.8788
142.5497 35.7879
136.8848 30.0176
136.1622 30.6584
141.8726 34.0000
139.9876 29.2045
139.0211 34.1607
137.5640 29.3554
137.0708 28.7182
137.7015 29.2203
137.6978 31.4277
134.9080 29.6965
140.1212 29.1268
143.0012 36.2076
129.6659 26.4285
139.9795 27.9132
135.1917 28.3583
132.2741 27.2421
145.0583 34.1063
137.1472 30.8652
137.2922 30.0615
137.8452 28.7652
139.5904 33.7420
140.0155 28.4208
137.3503 27.9838
138.4741 33.9801
138.5000 32.7066
139.2015 28.7381
139.1485 27.1316
138.5429 34.3657
140.1109 28.1999
135.2689 27.8427
138.9422 31.9976
139.4698 27.7911
126.0557 26.5638
140.0275 28.9436
139.4930 27.6753
136.2342 28.3307
138.4898 29.1685
140.4774 33.8670
137.1445 28.1158
143.3956 37.0088
133.7934 31.4820
137.1089 28.6995
143.2210 36.7565
136.4421 30.2466
141.7375 34.7975
136.6977 30.3516
138.5998 34.0365
139.9265 28.1688
133.1355 29.0923
139.6099 27.4509
136.0231 30.7583
142.1960 35.7893
141.0697 33.2405
136.8250 28.8635
140.0395 27.7190
137.2438 30.0797
131.9355 28.9527
138.5704 33.0538
138.5548 34.1090
138.1270 32.0016
134.1921 32.5290
138.4068 33.8639
131.0740 27.2058
136.4565 30.6676
135.8114 23.6381
138.5205 32.4999
134.7348 21.4984
133.0321 30.9537
137.1844 27.6819
135.9840 31.4332
134.3639 24.9226
131.7254 30.8894
134.9217 26.1497
135.5461 27.8983
132.2672 29.4936
137.5947 32.5793
131.4636 27.8298
137.3757 28.9786
136.0907 28.1242
138.4216 27.2825
132.9707 31.9904
132.0881 28.6855
138.3680 28.4195
133.2912 27.9792
140.0227 33.4385
137.2491 27.9721
139.6385 29.8118
134.6078 27.8730
138.2651 32.8599
134.2704 23.7012
134.1834 28.8696
140.1149 28.8928
123.4448 29.9041
126.5230 25.1104
134.3608 23.5547
126.9061 26.0702
140.0089 28.3105
139.9709 27.8087
142.1303 35.8743
137.2057 31.1489
137.7910 27.1463
140.6091 28.2298
135.3267 22.2679
137.9832 31.9924
137.3483 30.2364
132.3338 29.2940
131.4928 27.5782
138.6476 27.4063
133.4041 28.7267
134.2732 31.7962
140.0747 28.1180
137.6280 32.8484
140.1341 27.6321
136.9578 29.3936
132.0816 29.8614
144.6999 35.7043
137.0773 25.9936
142.0566 34.7606
132.5766 27.8111
136.6798 27.1799
137.6356 29.6493
134.4847 23.7156
133.2076 25.1329
136.4815 30.6939
134.8080 24.1240
139.9123 28.0529
135.0276 23.2568
137.1707 30.0344
132.9298 28.3413
136.9587 28.7774
136.8094 30.2167
133.5878 29.1389
137.2119 26.0884
132.0648 29.7591
140.8124 27.1977
129.8672 29.6352
131.4142 28.8274
134.6226 23.4426
139.8149 28.0206
137.8949 33.3539
136.6033 29.9911
138.0944 29.2914
134.5583 22.6813
137.9562 28.6539
131.4284 28.1457
137.6122 29.0958
132.4090 28.6193
138.2224 28.5096
139.9386 27.8480
132.2748 29.3739
125.9969 23.7349
136.1782 28.3475
141.5767 34.8128
136.3746 28.2604
132.6027 21.4352
136.8721 26.2703
138.1339 27.1248
140.4523 33.7834
132.1340 27.4169
133.4788 24.6023
136.3054 28.2715
131.5271 27.5671
144.2035 35.5047
132.3337 28.4351
133.6248 24.2495
131.6359 28.3108
135.8328 30.5544
134.5506 27.8571
138.4818 27.0995
136.4293 27.9198
134.0724 23.4959
139.8975 28.7082
129.0374 25.1300
135.7646 30.9173
130.7491 25.0628
138.2385 28.7221
132.0901 29.3190
137.0301 30.6207
135.9127 27.8154
138.3002 28.7899
136.6632 28.3821
134.9386 29.9295
139.5395 33.7403
136.8138 28.1560
141.1878 34.4301
137.8844 31.9754
134.6833 21.6319
136.9232 31.3553
138.7509 27.0961
134.2079 24.4915
131.4624 27.0683
140.3370 28.3270
133.2196 31.8285
140.7104 28.0358
126.0622 26.7209
134.0221 32.5247
133.8755 22.9845
130.7513 26.8956
134.4870 30.6031
139.7473 27.5414
134.0908 23.5475
140.6542 34.1681
140.0175 28.1053
136.6358 28.1994
136.9245 33.8090
139.9705 27.7707
127.6248 28.1586
139.8727 33.6182
133.2022 28.5747
131.1086 27.9571
136.9607 28.0236
136.8234 28.4566
135.2646 27.7072
127.4470 24.9822
133.4356 25.0061
139.0907 28.3889
136.8560 27.8027
134.7188 28.4151
135.1641 28.2033
139.0640 27.2413
136.5703 28.3984
132.6974 28.0572
134.6456 27.9833
136.2038 28.2673
126.2023 23.1362
132.0907 28.4169
127.0956 26.9742
136.2682 27.8072
132.0435 27.9535
134.5030 32.9160
139.2130 27.6114
137.5949 29.3256
132.0286 25.7119
132.0567 24.6720
138.1577 32.3514
136.9350 29.8526
134.0509 27.7131
133.7387 25.4770
137.3799 28.1617
140.5112 34.9968
133.4125 24.9253
140.1026 28.1496
130.5537 27.1515
132.0083 31.7175
134.0401 22.9104
140.3129 28.2097
136.8143 28.7499
133.2890 27.7136
139.5265 27.3221
138.3246 27.5258
130.6689 27.0194
132.9894 29.9555
144.9268 35.8050
124.0740 23.7875
136.8667 28.4520
136.5096 27.4096
139.2022 33.8611
137.8419 31.7341
130.7511 25.5188
133.7551 30.1934
132.1110 24.5852
132.8832 25.0162
136.6796 28.4957
139.1055 27.3312
130.0895 27.5316
137.1769 28.0903
136.2126 28.0176
136.9834 31.4099
136.6682 28.3975
134.3081 32.0532
136.2957 27.8879
137.9083 28.4105
133.6412 25.1772
140.0480 28.7269
140.0252 28.5484
133.5566 23.4908
136.2662 31.4118
136.4116 30.9371
137.0743 32.8313
137.8258 28.6783
136.5952 29.0926
133.7719 23.1418
135.8856 29.1348
134.3268 28.5511
136.4541 31.0605
136.5511 28.5401
137.2213 28.3986
136.6772 28.4064
137.0417 27.9654
131.9515 24.1596
131.9140 27.9608
131.7075 24.1969
135.8221 30.6833
128.6885 26.8233
136.0242 27.7048
132.4667 24.3923
134.4332 30.3402
140.5241 33.5222
131.7726 26.0531
136.1801 27.9597
139.0844 28.0259
133.2365 30.1009
133.5341 32.0378
137.8006 26.6376
137.9429 28.8396
133.6378 25.5527
137.9788 28.7064
131.6293 27.8925
123.9334 23.7013
137.3700 30.9315
136.9823 28.2023
136.4419 27.4407
139.4927 27.9261
133.4731 25.8508
136.3038 30.9409
137.4317 30.0574
137.0939 28.7296
135.1338 24.3405
138.7752 27.1543
132.7483 25.8286
139.0552 27.0930
133.2358 32.2225
138.7714 33.8215
136.8274 28.5560
137.2381 27.8795
140.4812 27.9708
136.6680 28.3598
126.0062 24.9640
135.9171 30.4140
137.9634 28.4806
140.6386 34.3289
138.6344 27.1288
135.0899 22.7468
136.9617 29.6922
138.2646 27.6993
137.0443 28.5322
132.3974 26.5014
137.0774 28.6282
136.9253 27.3640
135.7019 27.8411
131.2214 27.2138
133.9268 33.1944
138.1280 28.7111
126.8280 26.8385
132.6432 26.0465
140.6799 27.6544
140.5355 34.2285
137.3843 26.8997
124.8591 21.8063
124.6516 21.1372
137.1760 26.7944
131.4277 29.2958
128.0625 28.2481
134.7487 22.4160
131.2503 25.8709
129.3486 25.2999
137.7935 28.6983
135.5870 30.7785
139.3433 27.2664
137.9368 32.3493
138.8783 27.0904
134.8190 22.8074
131.8666 31.3574
139.8559 27.8819
137.5480 28.1305
135.0110 22.8776
138.2240 29.2499
135.2648 28.2657
128.0215 28.0030
131.5187 26.7994
134.2488 24.2863
137.8557 32.5791
137.5042 31.4117
131.2563 26.8800
138.6183 27.2536
131.3255 26.9753
138.8031 33.9340
141.8302 34.8200
130.8623 26.6523
133.8811 25.6434
139.6768 33.6743
138.4616 26.9722
130.4474 27.0368
132.4062 26.4521
130.6060 27.3418
131.4059 28.2571
140.2339 33.7304
126.2707 27.0716
131.1120 27.5613
135.1048 28.3856
129.9291 26.7953
131.1211 26.4752
140.0312 29.0254
134.5532 24.5248
126.4936 24.2565
134.5837 28.3448
134.6311 23.0313
138.7588 27.3315
137.8362 32.7418
137.7709 29.0073
140.2209 34.1531
137.8387 28.8310
126.0874 26.0839
137.5450 32.9627
127.4213 27.5901
136.8786 27.5539
131.8813 28.4664
138.9431 33.8603
139.9958 28.7407
132.1419 27.5560
130.2423 27.7585
131.1630 26.4793
133.4392 27.9551
135.4155 27.8764
134.0637 30.4820
133.5198 31.9471
133.3452 29.1545
134.2574 30.7737
127.0801 27.7924
134.3844 28.7612
134.1434 25.6650
132.9892 28.5057
131.0412 26.0352
139.6965 33.5688
140.1571 28.6051
131.7583 27.1837
135.7826 31.1781
134.3660 32.5448
133.6932 32.7649
136.3645 27.7729
138.4116 26.9237
137.5581 26.2020
138.2921 26.9607
137.0857 30.5485
131.7469 27.1471
136.8972 27.2315
137.4785 32.8878
136.1035 30.8518
131.5575 26.4105
135.2226 32.8864
135.9945 30.2600
133.8252 24.6175
136.7552 27.7762
140.0713 28.3845
138.2866 32.3999
133.4932 28.1503
137.4240 26.9316
137.6209 29.4312
141.1319 33.9604
137.0519 27.9669
136.7345 28.5014
137.9471 28.6661
134.1427 32.3391
134.6479 25.4595
138.0136 28.3636
131.1822 27.9647
132.1006 27.8345
138.4297 33.3755
137.3619 29.5076
135.3785 28.3242
137.5785 32.5141
130.3631 25.9898
125.9632 24.8849
137.5986 26.3290
138.7323 33.9093
132.6319 28.4200
139.9937 27.9411
138.7097 34.0034
139.8269 27.8685
138.5579 30.7431
136.5938 27.8586
148.8697 36.2752
136.8302 30.1665
138.2084 28.5388
136.6202 30.8416
139.8883 28.0415
138.0176 28.6248
136.7852 31.1256
137.7082 30.2636
138.0655 34.0136
139.1956 34.1077
138.3622 29.4438
136.9999 30.8935
138.1161 30.3878
141.7974 36.1875
133.0261 32.4227
141.4740 36.3518
136.5159 30.2071
139.6224 33.9484
136.6965 30.7463
137.7886 29.1709
138.2363 30.7321
138.0415 28.9220
139.7502 32.7387
137.5180 30.4274
137.8025 30.7191
139.0462 33.2759
135.8476 30.9755
141.8281 34.4219
136.2278 30.7419
139.8721 28.1620
147.1698 35.8655
138.8360 34.0240
139.6046 27.6132
138.3269 28.7910
136.4336 30.7822
138.1935 29.9076
137.2644 33.5827
139.7893 27.5814
138.2416 28.8569
139.9216 28.6981
137.8330 30.0018
137.8841 28.6438
137.8390 33.4555
135.8555 27.8459
137.4538 30.0446
138.1148 31.0284
139.3835 33.6508
136.0509 30.7344
140.1666 29.0422
136.3560 30.4514
149.0256 35.9040
140.2836 28.7240
137.2995 30.5655
147.0733 35.3769
139.9134 27.9193
138.4462 34.0336
136.3885 31.0803
136.0762 27.9831
136.5498 28.0794
137.9342 28.7802
139.5415 28.2121
139.9549 28.7492
137.3774 30.3672
139.6009 28.0294
139.3670 33.5844
136.1544 31.2791
136.7863 28.0573
138.3746 29.2652
138.8343 33.9414
139.6963 29.8585
137.8357 33.5133
141.4636 33.8341
136.2375 30.7371
137.4294 28.2891
138.0255 30.7536
138.2319 33.7986
145.8367 38.1157
135.9440 30.7128
139.1004 27.6654
135.2951 31.7970
145.0189 39.3995
139.3596 33.7160
136.7844 30.6985
136.3361 31.0079
141.6669 35.4388
138.8264 34.0366
137.2729 29.6361
137.9850 30.0419
136.9219 29.8818
140.0739 28.1920
139.3844 33.8163
153.8599 33.9757
136.9893 29.8655
136.8014 28.1868
137.7055 28.2400
139.5015 27.3973
137.1577 29.8345
140.1726 34.9594
138.5273 34.0604
136.7073 30.1897
147.2974 35.1716
138.0569 29.6003
138.5731 30.3686
136.6770 31.2215
137.1179 29.9661
139.9082 28.1247
137.3704 30.6247
136.2676 30.8681
138.2860 28.9063
139.6873 27.8128
138.6952 33.8153
136.6402 31.1306
139.2533 27.2120
136.4686 27.7895
138.4684 33.9668
137.8877 29.3853
146.4514 35.0901
140.0679 29.3742
136.0110 31.2439
136.7068 30.6503
139.5357 27.9186
146.9064 35.3679
139.8471 28.1268
136.7744 28.1281
146.2091 37.9596
139.7150 28.1345
137.5534 30.1869
136.3232 30.9222
138.9976 29.1557
136.6384 33.5968
136.3002 31.3771
138.6617 34.1141
139.3312 33.7203
139.4597 33.8555
140.0459 29.0676
140.2014 28.9265
138.1306 31.6072
137.8637 33.7134
138.2084 34.0412
137.5898 30.2589
137.9940 29.9670
139.8460 27.6869
138.0300 28.4207
137.4530 29.3514
137.6824 28.3531
139.8554 27.9736
136.7080 30.1140
136.6511 29.9400
137.3723 33.7575
136.1952 30.6554
136.9759 31.0811
137.8782 29.0606
139.9740 28.2542
136.9580 29.9650
146.0536 38.7087
141.9998 36.1428
140.1334 29.0001
138.9122 33.9348
139.4844 33.8947
138.4535 33.9498
145.3629 34.4269
137.3720 30.4047
137.9422 30.7085
139.7406 27.7242
144.3657 35.6322
143.5858 36.9498
136.5536 28.2410
140.0040 28.2679
137.7814 29.6456
136.7814 29.9213
146.7951 35.7677
138.6147 32.2255
137.9911 28.7545
142.2555 36.2722
137.5590 28.3712
136.3296 31.3300
139.5859 33.7148
136.5242 30.5323
143.3409 35.8182
137.9227 29.7119
136.9397 30.8892
138.7515 32.9809
137.4474 29.8063
136.9881 30.3474
140.9184 35.5303
138.0558 31.1975
136.9749 29.9528
138.2254 29.3828
137.1297 28.1674
138.8760 34.0304
136.5073 31.1227
137.9777 31.0692
136.3246 30.7697
141.0316 35.2664
138.7811 33.0189
137.6799 33.5764
137.5507 28.1739
137.0543 28.1754
140.0619 29.0027
137.3675 28.4671
140.1223 29.2239
138.2016 29.5468
136.8633 30.2337
137.3869 29.8516
137.5067 33.5624
136.2163 31.1891
136.6109 31.0424
138.0377 28.9735
141.9687 35.7080
135.9962 31.3072
137.7412 29.5544
138.7189 32.9273
137.2018 29.4549
138.2295 29.1446
136.4070 30.3732
136.3765 30.3521
139.7442 29.8022
138.3938 29.0149
136.9343 27.9055
137.2815 30.5482
138.1038 32.3683
137.5745 29.9707
137.5741 29.6062
135.9493 27.9504
138.9640 33.2401
138.3344 29.2834
139.0592 27.1183
137.4220 30.3481
137.6400 30.3799
138.2355 29.1979
136.1783 27.9457
137.7762 31.7483
138.4548 29.2284
135.9690 31.0913
142.0493 35.7343
139.9081 28.1080
138.1718 28.6555
143.2707 37.0386
136.1161 31.3242
139.6691 27.9311
138.5369 34.0366
138.4593 34.1672
137.2831 30.8355
151.5894 36.4199
136.7316 30.5026
137.5406 29.8737
138.1626 28.5393
139.1320 28.9611
139.9434 27.9388
137.4466 30.2553
145.4681 39.0586
137.9064 28.5984
137.9532 29.1858
139.8113 28.2232
136.6289 27.8369
136.6993 29.1706
137.6642 29.8666
138.6800 27.4504
139.2150 33.9800
138.9169 33.9783
136.5897 28.4047
137.4452 30.3348
136.5718 30.0761
136.9967 28.8119
137.3772 30.0607
137.8786 29.1075
138.1806 29.6738
138.0161 29.8036
139.9137 28.1850
139.3897 33.8848
139.7877 28.0806
136.7856 30.2172
137.8448 28.2712
138.9062 33.9753
138.1903 30.3932
136.0363 31.2176
139.8537 28.9850
137.5025 30.3664
138.0625 30.6675
138.4115 29.3348
138.0461 29.9119
138.2670 28.8389
138.2764 28.9599
136.2363 30.1972
138.0430 28.6601
136.8676 30.3500
138.4473 26.9319
136.4102 30.9955
137.9541 29.9419
137.6705 29.9009
138.1406 29.0031
139.7975 27.8185
136.4949 31.1169
135.9528 28.0524
138.7303 27.4083
132.9732 28.6962
139.5440 27.6495
129.3264 27.6653
131.1672 26.0005
144.5904 35.6539
137.2906 29.7505
130.8019 25.0111
140.8914 35.3282
135.5699 29.5809
139.5502 28.1810
148.4811 35.1132
131.9036 27.2350
134.8524 28.6837
138.0287 26.9162
129.4061 29.3451
140.0080 33.1660
133.6898 31.5946
130.0069 26.6382
136.6754 30.5437
144.7166 38.3364
137.2773 31.4759
135.5025 29.4517
132.6279 28.7494
131.6367 28.8090
126.4930 21.1031
130.1411 25.9821
129.8907 26.8182
145.5686 39.2989
134.2692 23.1990
135.2027 23.0269
135.6290 26.8762
137.8369 33.8500
135.6720 30.8990
132.0523 29.6760
136.1662 27.9400
135.9174 30.4684
136.5795 27.8788
138.0137 27.8085
147.0033 35.7083
135.0943 27.8253
134.8960 24.2545
140.3140 34.1225
134.1594 23.5941
139.0407 27.8729
133.6026 32.5069
137.2428 30.0713
139.4986 28.5135
135.7335 31.3249
134.9630 23.2129
132.4621 21.1425
128.2234 29.2030
133.6111 20.9636
140.3774 28.1248
138.1866 27.0048
140.9084 31.0556
134.6536 33.0234
136.9513 28.6447
138.6705 28.9543
138.2667 33.6123
130.3456 27.2744
137.4112 31.1040
138.6199 27.5490
122.8349 23.0261
138.2155 30.8072
133.9414 30.6557
134.3303 23.3484
146.5236 35.1367
138.0966 33.9130
137.7260 32.2892
138.2288 32.0315
137.0849 26.6228
133.9801 30.1754
138.4363 31.9582
134.0494 21.6977
136.9359 28.4962
135.8565 31.3888
133.5017 25.8077
141.6561 36.2928
127.8734 27.6995
136.9720 27.9433
134.1446 23.4019
137.1975 31.2821
135.8803 27.8840
134.2860 31.9393
134.2013 22.5139
134.4871 32.3966
139.1693 34.0047
144.4268 37.1422
134.3768 28.3476
126.1155 29.0641
132.6582 31.1926
136.1905 29.1421
136.8447 27.5816
138.0418 28.8534
140.2118 29.4459
138.1604 27.1235
137.9117 32.4121
132.7040 26.1953
134.5209 23.0337
133.7317 28.2409
139.3459 27.2435
135.2971 28.5868
141.0605 33.1321
131.8043 28.3766
134.0036 27.7056
131.6830 26.5115
135.0115 32.2113
138.2204 33.7040
137.1430 27.8840
137.3084 28.0691
137.0618 28.6774
134.8336 28.3474
130.4662 25.8144
131.8533 28.3566
131.1731 26.6985
138.2693 28.6026
140.0401 28.4623
133.6228 32.4644
138.2690 33.7058
131.9768 28.4993
132.1534 26.3125
137.6255 28.3547
134.3427 25.1697
130.3485 26.6562
134.3170 28.5583
139.0035 27.0226
139.5648 27.1599
137.7146 32.4079
139.9995 28.7446
136.9549 28.4572
137.7231 32.2553
132.4353 29.2325
131.0294 28.2313
135.1754 27.7859
135.7524 28.8680
135.2020 30.3139
131.5277 26.1896
138.8998 27.0520
140.1102 28.4568
134.3982 23.3076
135.6560 30.6061
136.6759 28.5066
137.6965 28.6345
137.4975 30.5742
137.1235 26.4510
134.1343 23.4547
140.0340 28.5073
134.4595 23.2088
134.3887 23.0681
137.0308 28.4105
132.0004 28.7162
137.5292 32.2817
131.4391 26.1217
134.0277 23.8564
130.5257 26.3551
130.8402 26.2533
138.1021 28.8050
136.7821 28.8142
137.9932 29.7680
136.5501 28.3543
133.9621 23.3876
134.2077 25.0858
133.1142 28.2094
141.2796 33.7639
134.8574 28.2981
136.6801 30.3330
131.1145 27.9723
134.6985 22.7647
143.9601 34.8179
134.1943 24.5422
133.3485 24.7057
130.5513 27.0970
131.0129 26.4456
133.2494 24.7048
135.7273 31.0315
140.6714 27.2863
131.5750 25.2945
138.4878 27.8432
135.1299 32.2582
131.0040 26.5715
139.5255 33.4690
138.0110 29.0693
138.3962 32.4653
135.4901 22.4390
134.8414 29.6494
139.9426 27.9243
139.3917 27.5064
139.7216 27.2803
136.5000 28.7416
134.6756 28.2653
139.9381 27.6516
136.5404 27.9971
135.0484 27.8117
135.9448 30.8121
135.0606 23.0628
132.9677 30.8941
132.2326 28.3130
140.0331 28.6904
144.1871 35.1547
138.6239 27.8266
133.2991 24.9479
137.3857 26.3023
133.3383 23.6207
139.3217 27.4402
140.0998 29.3046
133.5696 24.3613
139.7419 27.9662
139.7747 28.5317
133.0948 30.0162
140.5146 35.2917
131.6715 27.9589
133.2499 24.6990
134.1833 30.0887
139.8034 28.6489
135.1428 23.1161
136.8580 28.7416
132.3077 28.8066
131.4526 27.4075
135.7421 28.9085
131.6903 28.1293
140.4837 34.1029
135.0482 27.9245
139.3088 33.4725
136.7156 29.9711
137.1208 31.4100
139.2929 27.1311
132.3716 29.2976
138.2425 32.9982
139.8639 28.3509
137.9445 31.6451
136.0648 28.2278
136.7202 30.4219
133.9680 32.1311
139.9543 27.6058
131.1661 26.3126
136.4045 27.9125
133.3379 30.6328
139.2506 27.9735
136.5691 30.2619
126.2041 25.4930
137.6676 30.1441
134.7286 23.8875
140.2597 27.6169
139.3375 28.7773
139.5856 33.1864
126.4036 25.7232
136.3234 25.5285
134.4964 22.8897
134.8373 32.7146
133.7753 27.8253
132.1648 28.3723
134.5103 29.2340
133.0132 24.7419
131.4349 27.7251
138.9704 29.3330
135.8632 32.5882
138.0766 27.1520
136.1202 31.6921
140.1318 28.6192
135.4183 31.9327
135.1752 23.0728
134.0888 23.9828
137.0033 30.6190
127.5856 27.8375
133.8797 29.5467
138.6203 27.4741
126.0967 24.7080
134.6945 30.1772
125.4469 22.9461
137.9160 29.3489
137.9348 29.1713
128.3677 28.9602
133.4393 24.7139
136.9450 28.1178
138.3164 27.2330
134.0847 27.8828
140.1519 29.1554
137.5320 30.5045
136.9200 30.1110
140.1060 29.1391
140.0758 29.3743
139.3180 28.3034
147.7263 35.3977
139.5647 27.4375
136.4536 30.3667
145.8598 34.7066
141.2780 33.5118
139.3401 28.3068
138.6183 26.9755
136.5355 30.3687
138.1085 32.1469
144.7401 37.9193
138.2949 26.8977
137.9944 32.2068
137.6608 30.9682
142.1343 34.9334
136.6877 28.0710
137.1395 31.7315
138.6851 34.0151
139.6182 27.7184
141.8411 34.2999
142.0828 35.4335
147.0729 35.4285
139.4655 33.9156
126.9612 27.7482
138.6684 34.1571
137.9595 29.6768
138.7720 33.9374
136.1303 28.1154
138.1422 28.7722
141.9878 34.2222
140.1411 28.8836
137.8356 33.8381
142.8301 36.1983
141.3470 33.7128
137.8516 28.6580
137.9776 33.6646
138.3129 33.9440
142.1846 35.9622
142.8541 36.2160
136.7456 28.8961
137.8064 33.9177
141.5677 34.8431
136.7456 28.6746
136.6394 30.0240
136.6680 28.4070
138.0979 32.0361
139.3587 28.0506
138.7531 34.1692
139.6341 33.4895
146.3448 35.8931
138.5634 30.4509
139.3735 33.7441
137.7503 28.3665
138.2104 30.6452
136.7238 28.0256
139.9236 33.5237
137.8091 26.9121
142.3304 35.2968
137.0365 27.9385
138.1535 32.1575
132.2674 28.7082
139.5038 33.7631
139.0291 33.9182
137.8201 28.1751
137.8859 33.9341
147.7185 35.4369
142.1564 34.9556
136.2429 31.2129
138.1251 30.6890
139.2170 33.4045
141.5553 33.7501
139.9242 28.0517
138.8860 27.7533
141.6160 33.6600
137.6993 28.2029
139.4485 33.3874
136.8181 31.2478
135.9247 31.0648
136.3163 31.2905
137.2539 30.8936
139.0996 27.6276
140.0681 29.1462
138.0606 28.9983
136.4424 27.8303
131.6807 28.2640
136.7420 30.2154
139.9327 28.0895
137.5955 31.0446
145.5332 35.7189
140.0117 28.4422
123.9389 20.4687
126.2457 25.3664
139.3317 33.5251
127.0509 25.3603
131.9294 26.6199
130.1749 27.7370
124.6016 22.9642
133.3888 29.6935
138.8570 27.1032
138.0450 28.2339
128.5216 25.8241
135.2705 27.6989
139.9716 27.7754
134.4911 27.9052
131.9738 26.2695
143.9636 36.3707
132.4391 26.7109
134.2166 24.9215
140.9087 34.4510
125.8736 25.0096
138.0327 31.6130
135.2482 28.7049
136.8980 27.9592
134.9407 28.3062
139.0773 28.7530
136.9286 28.6268
135.9727 28.4552
134.4315 23.0538
134.8256 28.2665
140.4783 28.2537
135.9985 29.1437
135.2403 25.0713
136.7932 28.1210
134.7201 21.0435
133.9662 32.4144
128.0259 29.5030
137.6967 32.3353
140.8034 33.8320
135.6691 28.5494
141.0872 35.3089
137.0780 31.6065
128.5226 25.9637
140.6005 34.0593
140.1288 27.9552
136.2159 27.6594
130.3834 25.6855
133.3208 24.6152
139.2000 33.5889
138.6086 27.1153
134.2667 23.4306
138.1706 29.4893
135.1805 27.7742
146.1091 35.1379
134.1782 24.1277
130.9844 27.1662
125.9605 24.6558
136.1217 27.5533
131.5038 25.7225
137.7973 30.0826
139.2107 27.1817
134.0534 29.8950
137.5991 28.3172
137.7727 33.8178
136.2516 30.6270
135.2359 28.6385
133.7759 27.7653
132.5181 24.9349
133.2872 30.6459
133.8081 27.9997
132.9485 28.2509
144.6884 35.7297
136.5478 28.5962
139.5361 28.4537
138.1626 28.8772
137.9135 29.7280
135.9129 30.3225
131.1644 26.4822
136.1404 30.9248
140.8822 33.6562
145.9735 34.6038
138.2237 29.1490
138.1939 29.1026
130.0799 26.7894
135.5430 22.5098
133.8538 29.0791
134.6699 27.8631
133.8599 23.5267
128.2343 25.6042
142.0898 35.4965
136.4014 27.7114
137.5855 28.1873
133.9584 24.4032
136.4305 30.6234
124.1911 23.5860
133.5952 25.8680
135.3521 31.6005
134.7423 29.5108
136.9724 27.9328
136.3683 30.5675
136.2145 30.4917
137.8871 28.4776
139.5757 27.9358
138.1409 28.9798
136.5703 28.9759
133.8195 27.9399
139.3550 27.2530
136.2246 30.9685
136.9964 28.8372
135.6951 27.9001
136.3078 30.5079
137.0562 30.2424
139.4802 27.5056
137.6916 28.5177
136.5655 28.2035
138.3528 30.7147
136.0735 30.6931
137.8601 29.5559
139.9272 28.0509
142.7614 35.9368
141.7647 34.2636
140.1536 29.0335
139.9773 28.4802
137.0962 29.9422
137.7137 28.9791
137.3443 30.1277
135.4018 31.8649
139.7293 32.4151
136.5216 30.3419
138.1025 33.9839
139.7951 27.7963
136.1131 31.0285
139.5551 27.8112
137.3540 30.3370
136.3788 28.4258
136.5067 30.6561
139.5610 33.4196
138.5039 32.7745
135.9381 28.0428
136.3455 30.7917
137.8564 28.9767
137.5452 29.2808
138.2056 29.3656
136.0939 27.8328
136.2511 30.5667
136.4455 28.0312
136.5859 30.3157
138.3543 32.3863
136.8389 27.9915
137.3281 30.0671
138.4303 34.0475
138.0489 29.3873
135.6774 27.9544
139.8568 28.3690
137.8536 33.7875
136.8449 28.7404
136.5251 28.4824
138.2168 33.9692
135.8785 28.1343
135.9044 31.2395
136.6564 27.9142
138.4125 30.4846
139.6133 27.9036
136.2930 28.3634
136.3466 30.3743
139.8665 28.0038
136.6875 28.9382
138.4396 34.3489
136.6857 30.1593
136.1375 28.1884
137.3602 28.1607
136.7206 30.7512
136.6941 30.3148
138.1731 33.7664
136.2896 27.7364
139.9339 28.6241
139.8768 27.7376
137.0625 28.4796
138.2475 29.6223
136.2128 31.0547
136.3356 30.8739
137.3192 30.3846
136.0904 27.9209
139.5029 33.9586
138.0484 30.8446
138.4413 34.0700
136.1102 28.0877
136.6385 30.7889
137.2728 30.4748
137.7817 29.2739
137.6871 28.6538
135.2315 27.9412
137.6061 29.2102
138.1896 31.3523
133.9618 27.9386
138.1801 33.9207
137.9909 28.8096
145.1512 37.5759
137.8973 29.0971
136.2389 30.1825
136.2079 30.4819
138.7424 27.3474
139.8439 27.8165
145.9271 38.8048
137.2009 28.1270
139.2199 33.9978
141.6589 34.4608
138.2819 29.2423
144.3237 35.6354
137.2474 30.3202
136.2738 30.7890
136.5666 27.7502
138.3176 31.5045
136.1630 28.0179
136.8502 30.0101
145.3537 34.5016
136.4089 28.4890
136.3532 27.7833
137.6495 28.4622
136.0982 28.4746
138.1079 32.2005
138.9658 27.7684
127.8052 28.0779
137.4833 30.3019
132.8678 26.5147
136.6334 27.8794
137.0722 29.0660
133.7469 24.1889
136.4115 32.8599
140.4537 30.7708
135.4431 23.5096
129.7278 26.6002
132.0612 28.0254
137.7058 28.7025
136.4977 31.2982
141.3286 34.3576
134.6701 24.1348
128.2928 25.8622
132.6561 28.1400
135.6660 32.9096
135.3001 30.6551
146.5987 35.7636
133.6426 24.4304
125.7269 23.7127
134.5509 23.3933
133.2009 25.0985
131.5072 24.5116
139.4460 32.8265
134.1126 26.4255
133.9693 24.7100
129.3638 28.8240
137.9464 33.2460
123.4894 25.9746
132.7947 26.1922
123.9791 27.8308
127.9155 24.0154
137.7994 28.1918
126.4876 24.0643
139.1513 27.7980
136.0707 28.9707
134.1844 24.8272
131.4212 30.6667
136.3890 30.6826
134.2111 24.7664
134.9394 23.4650
135.4127 31.4931
139.6996 27.4911
132.3783 29.7290
136.2991 30.6561
132.5208 28.2114
139.9461 33.1079
133.9738 29.5782
131.5457 27.2438
140.5368 27.9517
133.7397 22.1085
133.8875 25.1295
132.4876 29.2088
134.3716 28.0436
125.3315 22.1469
130.2434 28.8391
131.8713 28.0199
139.5666 28.4734
123.4475 19.6748
129.5688 29.5852
131.2196 27.5346
134.6682 32.2157
134.3101 32.6772
137.7105 29.2315
138.9586 34.1861
134.2938 25.9963
138.3238 29.4007
130.2208 26.2903
131.6889 25.9641
130.7168 25.9839
132.5012 26.6662
136.4064 27.8467
133.6667 32.2087
130.9391 26.4589
130.7375 22.1539
117.5569 18.1141
123.5940 20.7283
132.3509 23.0494
125.2277 23.6084
132.6551 25.1316
129.6488 25.5794
132.4924 26.9200
135.6273 27.3315
131.4678 25.2123
131.8307 22.8943
131.5279 24.5010
133.9032 24.9045
127.5675 24.0027
131.4341 23.6348
135.4992 23.3817
128.5339 24.4287
127.5339 22.1900
131.1178 24.9127
133.7454 27.0323
126.6694 22.6375
134.2307 21.7135
131.2744 21.9844
123.8187 19.2856
126.4083 23.3147
132.5731 22.7890
115.1419 19.6360
134.8308 24.6479
132.1046 24.1858
130.6651 22.2911
130.2982 24.1858
132.5422 21.0746
125.2674 22.8306
138.7520 28.1646
138.6295 29.3583
135.9928 27.3581
137.1840 29.3079
122.9104 20.3841
119.4923 20.2112
130.6784 27.2424
134.3169 22.5196
130.0946 24.4865
132.0744 23.3910
129.4767 21.3239
127.2157 21.2639
125.7861 20.7827
129.4587 20.6336
129.4198 20.9684
134.2426 25.3229
130.7095 22.2171
133.8415 23.6999
132.2466 22.2135
127.6053 23.6485
134.3313 23.1985
135.5495 31.1137
138.1053 29.9844
135.4725 23.7941
137.9192 32.5933
132.5622 26.8770
137.2572 30.2809
131.8148 26.5720
134.3507 28.6353
132.1715 28.6112
135.9690 31.9792
138.4118 29.0524
140.9084 33.7760
133.6847 27.9682
134.1798 24.6718
125.3494 21.8015
131.1276 27.1719
131.5410 27.5160
139.4817 27.7517
134.5537 24.4890
140.6622 28.1078
135.6836 22.5468
137.4447 31.1773
134.2262 24.4770
127.2789 27.8975
131.5116 30.8014
136.6924 30.0506
136.3223 28.1539
133.2197 31.0950
139.3503 27.2313
130.9563 29.0529
135.4604 31.0876
139.9145 29.6098
136.4195 31.2912
134.8311 30.5078
141.0758 34.6640
135.0423 23.3932
134.4138 32.2020
136.9301 28.1681
136.6271 30.5186
132.0896 26.9106
136.7217 31.2639
135.9284 27.8946
134.7247 23.4340
136.5666 27.4967
134.7569 32.1394
132.8294 30.3342
136.9402 25.8962
138.4734 27.1163
140.3098 33.2680
135.3880 24.7158
131.0327 28.2906
133.1579 31.7723
139.7124 27.9958
138.6339 27.6705
136.1098 31.8819
136.7248 28.6326
139.6830 27.9903
138.2099 33.1618
140.0953 28.8483
131.4969 27.2925
136.4131 27.7021
138.3941 29.3496
139.9719 28.5610
136.6931 30.1125
139.3986 34.4663
135.6365 28.9996
135.7549 27.8405
134.1487 24.4301
134.6704 21.6511
132.9897 24.5211
138.2322 28.7030
132.4872 28.8550
140.1836 29.1849
123.4849 29.8325
131.6442 28.9922
144.9836 34.4933
141.4628 34.0311
135.6338 32.2898
131.5979 26.4444
136.4488 28.7267
131.1982 27.3266
131.6381 27.1001
138.2977 32.3333
137.9085 32.8718
137.0554 29.6163
133.8416 30.4648
136.8535 29.5852
130.5358 26.7839
135.6761 25.9311
127.0340 26.3077
140.7394 27.7142
132.8267 30.0887
137.5054 26.1096
137.7475 27.2390
131.1266 26.9243
129.9543 25.9367
134.0525 28.4398
133.1587 29.3100
140.6083 27.9532
138.4660 27.1363
131.5257 27.9646
136.4739 31.2231
137.7655 32.3186
128.4170 29.2093
134.2561 28.6118
136.3545 30.3387
139.3527 28.8768
134.7280 30.7536
137.2702 28.6883
131.4435 28.6901
130.5159 26.9105
137.8509 27.5595
136.6521 28.2499
135.0893 25.8338
140.4634 28.1152
136.5975 30.1842
125.2592 21.5697
128.9560 27.1316
133.7608 22.7996
130.0815 26.8291
133.6703 28.5628
128.9702 26.4571
135.3472 33.1803
135.6660 27.8782
136.5048 28.4751
136.4255 27.6661
134.0428 21.4815
137.6814 29.5415
131.6851 31.1325
134.5131 27.7998
140.7230 27.9247
135.0283 31.5970
130.7821 25.2129
136.8230 28.4822
136.3195 30.8949
139.5211 27.3153
133.2759 32.5026
133.6869 23.0979
135.1212 24.7990
132.1004 25.0681
125.3416 24.4627
131.0375 28.3018
136.2939 28.2086
132.2675 26.3498
140.0479 28.0289
129.8634 25.8597
137.8733 29.5680
132.5287 24.5212
132.1907 28.3381
134.6922 22.2230
131.1416 28.0789
136.3274 28.0600
134.1889 27.8195
140.8582 33.9318
147.7738 38.3938
138.1714 32.8245
143.8471 37.0124
138.4377 33.6667
140.0112 28.8952
134.3681 27.8627
149.1114 35.6967
136.6251 30.5739
138.2044 30.3991
139.6565 33.4225
138.0692 34.0187
140.1132 28.5234
139.9474 32.0934
138.2153 30.5583
136.7342 30.5281
137.5529 28.0174
134.4100 24.6338
136.5720 30.2837
134.9922 23.1907
146.4287 37.2427
135.9158 30.8314
140.3497 28.0631
136.7957 30.6511
133.7509 33.0535
139.0785 29.3180
143.9332 36.9266
143.4529 35.2961
140.1749 29.0402
136.5718 33.0244
139.5461 28.4797
137.2143 30.7178
133.8663 32.4731
137.2646 33.2055
142.2730 35.8705
143.6310 35.8580
137.5860 30.3299
137.8850 27.2798
123.2259 22.9356
145.9864 37.3198
131.1817 30.4161
138.9796 33.9408
139.8585 28.7657
144.0541 32.4386
152.5322 36.1824
121.7231 32.4808
146.6218 34.4265
139.9573 28.0078
136.2877 28.1674
139.9889 28.1521
136.8620 29.8389
138.1617 33.9359
143.4870 38.2185
137.9111 30.8857
134.0842 32.4708
136.9630 28.7981
137.1393 31.4495
149.8586 36.0232
139.8272 27.7637
137.8636 31.8267
140.7366 28.0245
139.7038 27.9494
136.9241 31.4212
139.5431 27.2315
135.9402 31.3195
139.3698 33.4886
136.7654 28.9491
138.6531 34.1073
145.0487 36.4472
139.5181 27.5345
137.9532 32.8698
144.7432 36.4325
138.4724 34.5358
153.1183 36.9093
136.3222 27.7719
138.6616 27.3097
137.8047 32.5805
156.7693 33.2715
139.0628 27.1199
137.6346 33.7905
133.9553 31.2593
136.9846 30.1074
137.3723 29.9804
131.5206 30.4340
139.1309 28.3032
138.7798 27.2831
149.9603 35.9903
127.2589 27.7123
140.5793 33.5940
134.6291 32.0487
135.1342 29.9013
135.2067 28.4052
134.2571 31.4824
130.6769 27.5703
135.2673 28.2614
134.4060 29.1214
133.2022 31.9192
135.3638 28.6108
138.1359 28.5034
135.3768 28.6750
138.0192 28.4601
130.8731 27.3473
139.6523 34.1780
134.1482 32.5313
134.5274 30.3775
135.6232 30.5545
130.9515 29.0771
135.0810 28.2642
134.7070 28.2305
132.8876 31.1776
146.7481 35.2596
131.2144 28.0239
136.3059 30.9660
135.4103 28.7514
131.2697 25.9283
138.9865 34.1910
139.8593 28.1029
134.1187 23.5767
138.5296 29.6281
139.8291 32.5847
134.0392 32.5631
124.2432 23.6727
132.1151 26.9606
137.7890 32.7046
134.9478 29.6492
135.6157 31.5019
134.2619 23.3242
134.9181 33.2631
125.9938 24.8334
130.7108 26.3823
136.6397 27.6077
134.1557 32.9963
135.2987 30.9939
137.4857 31.3377
140.3319 34.2053
140.2377 33.8931
135.3808 28.4149
134.4963 27.8664
127.3945 26.7731
136.0274 28.9746
134.2667 23.1044
131.4478 26.2646
139.1585 28.9079
135.1396 31.0775
135.5686 28.9492
130.5052 26.9207
140.3106 33.8482
138.7859 34.0053
135.2612 28.2657
134.4420 22.8555
140.4682 33.8188
135.9659 29.1757
136.3796 27.6889
136.1899 28.2792
130.2958 27.7320
138.8974 33.9567
140.2209 34.5643
132.0220 28.1027
137.5356 32.4000
134.6419 25.3645
130.8259 26.3145
140.0615 34.0528
139.3964 28.0224
137.5136 28.0473
133.3537 24.9424
135.4135 28.5538
133.5792 31.8923
132.6528 25.3118
131.3672 25.5470
130.9352 26.6717
141.6093 33.6431
136.5619 30.0246
132.1579 29.1994
134.0844 23.5160
132.0458 29.2130
134.4178 24.6232
134.1515 24.5073
137.8351 29.2417
135.2281 28.3993
140.2259 28.1381
134.2002 32.2581
134.4903 22.4132
137.4832 31.1350
134.1035 23.3637
130.4755 27.5822
146.5076 38.1476
133.7568 32.3832
134.9772 28.3036
135.3843 28.5729
132.8267 24.3690
131.1720 25.7948
131.2933 26.0176
136.6571 27.4735
140.2079 28.7686
135.9679 31.5911
138.7933 27.5020
133.9811 23.3416
131.8337 28.6070
133.8836 30.8785
128.8374 29.6446
137.6088 29.5604
131.7547 28.3482
134.5992 31.7706
133.5257 24.3409
132.7879 28.3829
131.5499 28.1044
137.8927 27.4831
130.0226 25.5635
131.0965 28.0281
130.8491 28.2089
132.0798 28.9358
130.4869 26.3513
136.4780 28.7848
135.4760 31.6620
138.8751 27.2222
133.1362 26.3936
132.9685 27.7951
131.6142 26.7912
131.9555 29.2644
140.0129 28.3030
127.0203 27.0660
131.9034 31.5374
129.7553 26.1238
138.8591 27.7133
126.0380 25.0155
138.4735 29.1505
135.4917 26.5456
127.7832 28.5577
126.5547 24.5400
135.5539 31.2410
133.6174 23.8498
130.3708 25.8141
133.9777 23.8017
130.7669 27.7181
139.8597 28.3181
130.7319 25.5806
132.0065 26.4901
130.4941 27.5600
135.2406 31.1488
131.8584 25.6504
137.1032 32.8284
138.3383 28.4985
135.0079 25.7342
128.7067 27.2432
124.4613 22.4995
138.5973 26.9990
131.7768 21.7592
126.7020 25.3913
128.8297 25.5337
136.8283 32.9198
133.6455 30.4295
137.2778 28.6993
130.4851 25.2918
134.1977 24.9884
137.2728 27.9667
139.7525 27.2168
134.8359 32.1016
131.7602 28.9052
136.9263 31.5231
137.9207 30.1610
140.2535 28.1410
131.7389 24.7884
141.6617 34.4230
139.1049 28.3166
135.8809 28.1161
136.8623 30.0709
131.0339 27.1369
137.0845 29.3256
135.8899 28.9874
137.8080 27.1949
140.7547 27.9160
137.0839 31.1023
131.8910 29.5370
130.3447 26.7535
137.1374 27.5788
134.5165 23.9859
134.2540 23.4016
138.8766 33.9668
138.6403 27.5738
138.5247 26.7952
134.8298 33.2217
126.8197 24.3248
131.2815 27.1876
133.4118 23.9176
135.1056 31.5232
131.0931 27.9830
139.9772 28.1005
134.1487 29.0013
132.7328 31.2232
131.5155 28.2522
132.3534 24.5454
137.3896 29.4225
139.2089 31.9939
144.8343 34.9872
130.4669 26.4942
135.2665 29.8908
135.1860 28.5325
129.4533 27.3991
133.5325 25.9639
139.6301 33.5242
134.3504 32.8082
130.4391 27.8332
138.5218 33.7606
138.8693 33.5366
137.5184 32.7511
132.6607 29.6397
135.3832 29.3638
138.1037 29.8128
131.0296 27.0263
132.4215 25.9929
138.0125 29.5427
148.8677 35.9911
138.2192 29.9636
132.7596 28.9355
136.2284 28.3243
137.9616 32.7523
135.0821 28.0981
130.5405 25.8397
140.3449 28.6161
132.4373 28.5121
136.6597 28.8300
141.4702 34.7264
130.6002 26.8319
139.2857 27.3609
136.2933 28.2432
133.8638 32.2779
137.4453 29.4723
134.0273 23.0991
140.2410 29.1570
130.7444 28.4218
134.3228 27.9039
134.5764 31.6664
133.0297 29.2001
134.2106 23.2017
135.3505 31.4896
126.0143 24.7185
137.4221 28.5666
133.6643 24.1989
131.5758 27.1959
139.9193 29.3765
137.5287 32.6314
134.4447 28.4062
137.6507 28.0494
138.4603 29.1226
131.1903 26.7677
136.3204 27.6583
138.6338 26.9851
134.0635 25.4485
139.8384 27.6548
134.4559 22.5374
136.9604 29.4273
139.1416 33.0811
132.3454 29.4798
131.0194 26.4569
134.2633 31.1716
139.9934 27.7747
137.8921 32.4823
134.6000 28.8860
125.6855 24.0011
135.4121 30.7108
133.0898 29.4904
131.4786 26.5916
134.4790 22.4651
137.9472 32.5973
136.2779 30.4580
130.3552 27.8098
133.9512 32.9500
134.4866 28.1104
134.0773 24.7276
134.6078 25.7239
131.7629 22.1035
138.0770 32.6690
139.7240 27.7686
134.3822 22.6019
136.5788 30.2053
138.3132 27.1468
139.3236 30.6180
130.9901 27.4996
137.8534 28.5356
124.3468 27.2266
126.8599 28.0367
125.0919 21.9762
137.8648 29.8287
131.4335 25.5025
139.9940 29.2013
127.1005 27.3647
135.9639 31.3870
133.8038 23.5907
137.2319 30.3369
130.8797 25.7771
136.6705 28.3748
131.8300 28.9209
128.6364 29.4568
127.1043 27.1161
131.9105 26.5422
134.6594 27.9267
135.0244 28.2252
132.2448 27.4143
133.8941 28.2278
139.7975 28.7148
134.5244 28.4291
139.2641 27.2857
132.4605 29.2359
132.8034 25.0440
140.0510 28.1315
139.4137 27.2200
139.7637 27.6850
131.8132 28.9497
135.6415 31.3681
134.5132 28.9435
132.5628 28.9155
134.0047 32.8552
140.1324 28.6094
133.7715 23.3465
129.2821 26.4610
135.0132 33.1510
128.6162 29.6263
134.2290 23.0211
135.0230 25.9067
132.3513 28.2783
136.4306 27.9753
141.2077 34.8557
135.2254 30.5478
124.2206 23.5182
133.4893 24.0774
133.3083 27.9249
137.3878 28.5675
131.9274 29.6255
132.5054 25.0898
137.6396 28.3709
132.8674 26.3988
130.0998 27.2747
137.5569 29.5444
125.8761 25.3133
134.7450 23.0270
126.0818 24.4843
136.7669 27.9707
140.7282 27.4414
130.6493 25.4214
137.4935 32.2833
131.1472 26.0987
133.4788 24.3173
132.6575 28.4696
130.3924 27.9289
136.7042 30.1125
140.0946 28.1174
130.5788 26.2008
137.3466 28.9067
134.7533 22.9228
134.0354 28.6782
127.0126 25.3055
136.1987 28.0188
134.1183 32.0463
136.1137 31.0548
134.5983 22.8838
139.4095 27.2958
137.2805 31.6000
131.2564 24.9675
140.4418 27.9000
133.4213 28.9241
128.3148 29.5251
131.4239 27.7818
133.4205 32.0030
137.3412 32.6338
139.4233 27.5770
138.1455 27.2509
134.0805 32.6285
135.2260 22.3924
133.7481 22.7457
124.8818 24.2192
131.8212 26.2200
136.2560 31.0727
133.0771 27.9428
133.7205 30.2298
124.5055 22.4718
134.4961 22.5616
130.7940 27.6761
136.9806 28.0693
133.3087 22.7171
125.4114 23.0934
138.0146 28.7996
133.5187 29.9902
138.2310 27.2411
136.4773 28.5273
131.8457 24.7414
137.9201 28.6287
130.1012 26.1294
138.6288 34.3244
139.6618 27.4427
132.1702 29.0366
125.0930 24.3211
133.7490 23.6660
130.9096 27.1985
137.1940 31.6548
125.4580 25.3713
131.3266 30.6370
133.8547 23.9864
134.2989 26.0716
136.9574 30.2632
134.3508 31.6704
135.3148 25.3195
131.8822 26.9474
133.3998 30.3173
125.7696 22.3109
130.9812 27.6132
139.8526 27.5624
130.7838 26.4511
128.7846 27.2117
138.7269 29.0241
139.9689 28.6063
130.8557 26.1245
138.9292 27.0538
140.6010 27.8727
137.7583 32.8953
139.2108 27.7774
134.2526 32.5537
133.5075 30.3818
135.2457 32.6324
138.7943 29.0010
139.1687 27.1778
134.3977 32.3196
135.7590 28.2168
131.1263 28.0533
134.4516 24.9120
131.7073 24.6852
134.9952 22.8654
131.6785 28.6345
139.2175 33.7361
137.7790 28.6563
133.7293 21.9263
133.5485 25.1849
134.3325 32.2411
136.5530 29.2746
132.9132 28.0148
138.2673 29.5068
129.6279 27.0306
134.1708 22.4578
132.6931 28.8020
134.6672 30.4687
137.5748 28.3177
137.1008 29.9159
133.9316 30.8669
136.3532 26.1690
133.1850 31.0408
132.6956 24.3424
135.6026 31.8526
129.6102 26.9939
131.6261 27.9427
138.8008 28.0646
132.7925 31.3133
133.2466 31.5366
140.4696 28.0652
140.1893 28.6068
134.3486 22.3741
136.2889 29.2295
136.2026 27.5012
133.1008 24.5272
136.6322 28.3794
134.2339 29.9285
135.8927 28.0151
137.4885 28.2090
132.8495 29.0126
138.2918 27.0895
136.3700 27.9105
136.1565 30.2447
138.1722 26.7783
132.3708 31.6416
134.4579 27.9024
132.4473 27.5145
132.3337 28.7130
132.3017 28.7953
132.4450 27.9613
137.3834 28.1635
133.8981 25.3885
138.3795 27.1604
132.6385 29.5598
132.9233 24.6119
136.7329 27.8790
124.6808 21.6447
137.2615 29.6612
139.9329 27.7808
132.4886 27.2552
131.1615 27.9431
136.9805 29.7610
132.8842 29.8077
135.8486 31.4604
139.1452 28.8766
132.0849 26.4500
139.6573 27.3917
124.5656 20.9302
140.2793 28.3647
133.7495 23.7290
136.1393 31.1200
140.5211 27.9002
133.1739 28.0416
132.5983 24.8491
136.7346 28.5003
139.0189 33.7609
136.7743 26.2581
140.1628 28.4073
134.7459 32.2922
134.1139 32.7078
137.2565 29.7068
133.0939 28.8771
135.5205 28.9182
132.9766 25.1864
140.0773 28.1644
140.6089 27.7859
134.0755 23.4720
137.1819 28.2089
136.3557 28.3003
130.5406 25.6193
129.2996 27.2371
133.6078 28.7123
133.7312 31.6410
133.9277 30.7782
136.9628 31.6775
136.8320 27.9960
139.8085 27.6519
134.2708 28.5915
132.0763 28.3053
133.6541 23.7867
136.1466 30.1285
134.5056 28.6744
137.7297 29.1024
137.0686 29.8434
135.9642 31.1895
135.9056 30.2663
136.4034 27.8500
132.8346 24.6047
136.8522 30.6734
136.4688 31.2888
136.6803 28.5000
138.9667 27.9869
133.2729 28.0129
141.4886 34.3542
137.3222 27.8412
135.0224 30.6811
137.4920 28.4866
131.8872 26.2663
133.8399 28.7266
130.5095 27.9078
137.0288 28.5094
130.0904 27.6158
131.7780 28.0086
135.1487 31.6808
123.8939 22.9451
133.7825 28.9789
135.8964 27.6773
137.1000 28.8889
136.1956 27.6334
133.8757 24.0760
140.4429 28.0601
131.5055 28.7994
135.8259 27.9201
134.4521 32.4960
137.8312 28.7704
122.3714 27.1054
132.8860 22.4054
134.7975 22.5663
134.3409 24.4134
135.5563 29.0440
130.9310 27.6408
140.0519 28.1336
127.1781 25.2031
133.9122 23.5356
146.2353 35.3838
139.8402 33.2492
133.8575 24.4632
135.4691 23.0260
139.2751 27.5221
133.0844 31.0758
134.1623 29.9608
130.4641 25.9986
134.7164 22.1004
133.8470 22.9333
126.7823 28.6273
135.7349 29.8975
130.1295 25.2156
130.3080 26.1556
130.2129 28.3511
131.7012 18.3754
131.8339 29.4492
139.3281 34.4777
137.4360 29.8312
133.6477 22.5455
137.0988 29.5534
136.2716 31.9579
130.7887 25.1115
133.3979 23.2619
131.8106 22.5202
134.4148 22.6106
125.4451 20.5631
132.5288 27.8990
125.4970 24.9611
136.7056 28.4663
133.2787 23.5144
131.2112 26.7255
125.1204 23.7651
132.5220 24.4494
131.3301 27.8332
124.1112 23.5911
133.6822 28.9537
133.9268 24.5794
125.9635 23.9062
133.4749 23.0298
139.2194 28.2699
136.0992 31.6153
132.3935 29.2428
133.4526 27.8298
136.4242 30.5455
128.2397 25.0694
133.8696 32.3061
132.0444 25.7445
132.3550 28.8496
127.6027 29.3600
133.7864 26.5287
132.3444 24.9448
127.1399 25.1999
123.6690 23.3220
122.8068 20.1836
136.0477 30.7019
146.0842 38.7176
136.7209 30.3791
136.3297 31.3211
135.3933 27.7990
136.8997 27.9038
141.0989 35.5300
139.3341 27.7195
138.6694 32.8914
136.7751 28.0491
139.8561 29.7364
140.0724 29.4120
138.3737 33.8589
136.6672 29.9979
138.9272 33.9578
138.4396 32.4806
140.1130 28.5487
138.9918 34.0296
138.9547 27.6918
139.3089 27.6244
137.5806 28.5724
138.9488 33.9304
138.4198 30.7625
139.0718 33.2279
141.4122 35.5708
138.7797 34.0513
137.9943 32.1059
137.6036 30.0541
137.4610 30.6992
136.6927 30.5100
138.7325 27.4742
145.6572 38.0406
138.8577 32.8992
137.4014 28.2950
145.3072 34.5215
138.6942 32.7993
139.8280 33.5806
136.9296 28.2652
141.8811 35.5602
137.0504 29.4418
138.2025 28.6710
137.7138 33.8156
145.7024 38.2531
136.5593 30.7970
138.6436 30.4967
138.4525 27.2464
138.9700 32.9935
141.0393 35.6284
137.7614 33.8102
138.2992 33.9879
145.9153 38.6417
138.1584 28.8259
138.8788 32.9592
136.2658 27.7018
141.7514 35.4289
140.0362 28.2149
139.8310 27.9767
139.0758 27.7826
136.6684 29.9829
137.7327 28.5217
139.3896 33.3760
137.1973 28.0485
144.9143 37.2122
136.9124 30.2752
143.6192 35.7674
135.9040 30.9339
138.2634 28.9202
138.0463 32.1185
136.7594 29.6245
145.2475 37.1714
148.0298 35.4491
145.4143 35.6367
138.9723 34.1969
139.4118 27.2372
138.1477 29.6622
140.1561 29.1855
137.4073 29.7877
142.5397 36.1803
145.0992 36.8336
139.0739 34.0209
136.9300 30.0466
137.1854 31.4063
135.9131 31.1223
137.2657 30.2356
136.7162 31.1071
144.9710 37.4236
131.8797 27.1279
139.7306 27.5173
148.2486 35.7685
138.1200 29.4215
145.1147 37.3373
138.0973 31.5275
138.3323 33.8767
141.4794 36.3223
139.4989 33.7532
139.3047 33.3418
142.6871 36.0913
144.0966 35.8196
136.0401 31.0091
137.9646 28.6302
137.2919 28.2496
137.9804 28.6344
136.3305 28.3950
139.7214 27.6644
142.5856 36.0410
144.9740 37.4400
138.3598 32.4960
139.7548 27.5259
138.0877 32.1866
139.0374 33.2344
136.5215 30.1549
138.1270 32.3537
142.0565 34.5263
140.1649 29.0983
137.7473 30.8642
136.8517 28.0857
137.8323 33.8785
140.5569 33.4601
137.1923 31.5446
139.8609 34.5941
136.7167 28.0461
139.3452 33.5217
138.3615 29.2634
143.5827 36.9663
139.8081 33.7888
145.7301 38.0119
138.3438 27.0469
136.8391 28.6605
139.2633 32.8913
139.5240 27.5095
136.8167 28.0037
140.4675 33.3773
137.2838 30.5804
136.4324 30.9335
143.0514 35.7797
136.2028 28.2330
136.2680 30.7096
139.7800 27.8199
141.7815 34.4914
136.0180 31.2146
138.3230 32.6023
137.4001 28.1063
135.5270 31.3020
137.5224 30.2092
136.7149 28.3560
140.1707 29.0805
134.8123 32.6440
137.0005 28.0161
137.6338 29.7424
145.1541 34.1144
137.8483 33.7475
136.6228 30.5747
138.0566 33.7722
138.3493 30.6770
138.5976 32.6639
141.7501 34.1820
136.9382 29.9302
138.9008 34.0157
141.7545 33.8665
146.1242 39.4152
136.3380 30.1740
136.6879 28.0484
139.3383 33.9649
139.5789 27.7119
137.4330 28.0698
146.2744 39.4357
138.2724 33.9740
136.5388 31.3006
137.5245 31.3286
137.9861 32.1382
136.3036 31.1829
135.8617 30.8911
137.6129 29.1514
135.5724 31.7428
139.8337 28.3445
139.5931 33.6987
138.4242 33.9160
136.9126 28.7483
138.1133 29.5826
138.2546 34.0463
136.5296 30.8756
138.2557 29.6400
137.6553 31.2604
138.9319 27.4089
139.3394 33.7529
142.0920 36.1561
139.8683 29.7154
137.2766 29.4342
136.2418 30.7492
136.2312 27.9398
145.6572 38.0442
136.9483 29.8324
136.3797 27.9313
138.7548 27.1868
142.1433 35.1155
140.2646 28.7388
142.6547 36.0865
140.0112 28.2985
137.7852 33.7914
138.8244 32.9153
142.5464 36.2016
136.2393 29.8809
141.5158 35.2863
138.2749 34.0171
136.9742 28.6272
137.2314 27.9342
143.7609 37.3076
136.6146 30.4416
136.1460 30.8099
134.9520 27.8065
137.3779 28.0415
137.8650 29.8985
137.4710 29.7769
141.8427 33.9689
142.6322 36.8274
136.8921 28.1780
139.5922 27.3533
139.2646 28.0914
139.4060 33.8649
139.4705 33.4370
138.7608 34.0476
136.8357 30.3116
136.3173 31.1489
142.1885 35.8826
142.6148 36.1518
136.0298 30.5463
135.4958 31.2649
137.0997 31.4729
136.8760 30.3161
139.7884 27.9131
148.9329 36.1991
144.9928 39.1165
136.8069 30.3357
139.4423 27.3494
138.9163 33.9545
139.2891 31.7971
137.9523 31.0012
136.6389 30.5364
138.3681 29.0581
139.2818 28.1447
137.7733 31.3123
137.7774 31.1650
137.1127 28.2223
136.7122 29.6069
139.6375 33.5921
142.4592 36.1672
156.8247 34.8754
152.9976 37.3223
137.9808 32.0851
138.7007 34.1459
138.0108 31.6396
142.0522 34.6658
135.8525 27.8807
136.7791 30.5018
139.4312 33.8986
138.7941 33.9993
145.1667 34.1098
142.5471 36.1490
137.9862 28.3825
138.6208 27.3658
137.8240 31.1038
136.9177 28.0010
139.5401 27.3644
140.1491 28.7522
138.7763 27.5864
139.1738 33.3312
141.2200 36.1813
145.3102 36.3328
139.4701 33.4705
137.0631 31.3178
138.0086 33.8843
136.6755 29.0735
139.4602 27.3568
137.0770 28.2904
138.1178 28.8625
139.0119 33.9441
139.6015 27.5503
142.0263 35.0675
139.2559 28.3809
136.5745 27.6827
136.6178 30.9079
138.4349 27.1540
138.6125 33.9920
139.8267 27.5740
136.7262 28.3922
138.9475 33.9383
145.3815 38.3878
137.0897 30.0873
139.2880 33.6341
138.4200 27.2481
139.5593 33.6085
137.5789 30.1122
139.7499 33.5407
139.2374 28.0794
138.3726 32.4718
137.7723 33.8369
138.0280 31.5419
142.2146 36.0595
138.3681 30.6073
139.1342 33.0579
139.6642 27.7944
139.2861 33.3448
139.7837 28.1507
