132.4075 28.0740
133.6074 27.9615
133.3512 24.9997
139.3452 33.5201
132.7006 29.3021
134.9931 30.2390
133.9257 28.1752
138.5956 30.3748
138.9166 29.7497
139.2479 30.0086
132.0144 26.0597
136.2460 29.6658
131.9420 28.1101
137.2790 30.5258
134.5438 31.2190
134.5893 31.5436
139.0795 29.7701
133.6479 29.5562
135.1388 31.8050
138.5704 28.6953
137.0512 29.7907
139.2375 29.5932
134.8155 27.6223
133.5364 32.1094
137.5595 33.6597
137.3997 32.3336
133.9462 27.5851
139.1719 29.5038
136.5164 29.1715
138.2750 29.2474
139.6685 29.1282
138.2327 30.4044
131.5524 26.1335
136.8321 29.0866
138.9086 29.0570
131.5026 27.2014
136.0236 30.0565
136.7391 28.6498
135.0957 28.2352
136.6401 28.0622
131.9608 27.0645
139.0168 29.0655
133.6521 27.9274
137.0214 33.4225
137.0847 29.1738
136.9366 30.9528
134.4172 25.3795
137.4834 33.7138
132.9428 29.4827
134.5602 30.8152
137.4910 31.0588
128.7888 24.8947
137.9755 31.0669
133.0971 26.3773
137.4046 33.4797
137.5592 30.9946
133.0625 24.9141
137.6413 34.1923
134.4125 29.0196
134.2402 30.0707
134.2706 28.3399
131.2129 25.6948
136.9384 31.0680
139.0370 27.7778
136.7596 29.5035
133.3870 32.2731
137.4988 33.8905
138.3798 28.0749
131.2837 30.4656
134.0646 24.9300
138.2549 28.1254
132.3946 27.7197
134.8478 24.9570
139.6248 28.7735
134.2934 28.5218
133.0765 28.2314
137.5051 29.4854
131.0573 29.9804
129.1673 25.9255
136.2407 25.2497
135.1950 31.7667
134.0675 25.6582
138.5739 31.0197
134.3135 25.8500
133.7149 27.1625
133.9386 29.4512
138.5300 30.7336
132.5534 29.2582
127.1573 26.8815
134.4250 27.2294
138.5078 30.1380
128.4353 28.2690
138.7879 30.3829
133.8918 26.7704
139.1326 30.3477
134.5099 28.2207
137.1314 28.0366
135.7448 23.9826
133.9401 28.2471
139.2608 30.0359
134.9100 31.4987
136.3243 28.7648
134.0932 25.8812
135.2719 30.9726
132.3223 26.1545
135.1273 24.4427
138.5584 29.8087
133.4680 31.1753
134.5266 30.7499
133.8063 27.2111
137.7710 29.8716
141.3840 34.1091
134.8092 28.6456
140.7973 35.1247
136.7721 33.1339
134.4329 27.8084
133.9335 26.7401
130.8852 29.9579
131.0536 30.2406
138.5559 30.5126
137.5988 33.4801
138.8498 30.4422
134.0677 26.4058
132.5842 26.9419
139.1700 29.6868
135.1789 31.8502
134.5157 30.9510
130.7764 29.9148
137.2787 29.7556
138.2238 34.1434
134.2641 27.8865
134.0963 27.4879
135.2265 31.6774
136.2802 29.9972
134.4349 28.4870
137.8635 29.6642
133.9399 28.6835
134.3154 25.5096
133.9197 28.6020
134.0241 32.5359
135.5765 28.1244
138.0632 28.5474
134.9612 28.4662
133.3049 32.2841
139.8826 28.4233
139.6113 27.1941
135.2507 24.4085
134.1490 25.5852
137.6116 33.7644
138.8547 29.5380
135.0793 30.7085
135.1197 31.8440
131.3187 30.1680
136.3451 29.1185
130.8706 29.8299
136.6915 30.5871
130.7948 30.0388
133.1185 32.2946
135.0992 31.7239
129.5083 25.7414
131.7163 30.4044
137.1578 29.5899
133.3631 25.4427
131.2983 30.0940
137.5203 29.4519
136.4055 29.7262
143.6941 36.5929
133.9990 28.8997
134.2690 31.9026
130.8831 30.1378
139.2088 30.0969
137.3738 29.1715
130.4252 25.9924
137.4926 33.7764
133.8717 32.1667
137.6804 29.7240
134.0426 31.7480
130.5643 30.0532
130.5879 28.2141
138.0395 34.2045
134.3152 28.2812
134.5121 28.4459
134.3124 28.4697
135.0965 27.7486
139.7103 27.9408
135.6924 30.6175
133.7882 32.2045
133.2213 28.5713
137.6410 29.9208
131.2705 30.4126
131.2291 26.6362
137.7953 29.4357
133.7874 27.2586
139.6769 28.8588
137.8779 33.8599
139.6317 27.2302
139.3194 28.7992
135.0765 28.7901
136.6867 33.7278
133.6339 29.8700
135.0461 32.0418
137.5621 29.1902
138.1851 30.2137
134.5500 28.9084
139.3596 28.6242
139.3349 29.2063
133.6059 28.5649
133.0815 28.6333
136.8271 28.6655
136.4916 28.3056
133.9044 26.7101
127.5300 23.9752
138.4926 29.4667
136.4204 29.4391
133.6090 32.4240
137.8967 34.0149
139.1022 30.0808
138.8733 29.9198
135.0311 30.1933
137.4989 32.9440
139.1629 29.8345
133.6132 27.7284
134.3459 27.0305
126.1716 23.2033
137.1047 29.1929
134.8167 28.5427
139.6292 28.3201
133.3955 28.6554
137.6678 33.9432
133.5561 27.6266
126.6280 24.2051
136.3438 30.3654
137.1039 29.5094
134.1836 27.3693
131.5560 27.2608
139.1472 28.5631
137.1039 28.9091
132.9854 30.4985
133.5111 29.3632
137.7696 29.8535
126.8646 27.5205
140.2755 34.2141
139.2009 29.2308
136.7458 32.9214
133.7981 24.7921
134.9271 31.3679
127.5160 24.7025
133.3536 32.0088
134.4619 29.2107
133.8960 27.4681
134.1644 27.8921
131.9091 30.5372
133.7962 27.4099
133.7958 25.6176
138.7487 30.2111
136.1689 29.8485
134.5182 29.4089
134.5132 30.0628
134.3177 28.4747
138.3277 30.3289
138.0318 29.8262
138.4302 30.0017
136.7094 31.7057
137.4605 32.6255
137.5133 29.3232
134.5963 28.5982
133.8049 27.2883
138.8832 27.8238
134.4451 31.1536
133.7024 27.4584
134.5340 31.5180
132.0179 27.6811
137.5699 29.1387
139.7313 27.5041
137.0438 28.1806
134.6867 24.9809
134.0877 29.4580
139.6985 28.8569
132.9215 26.9804
138.7676 29.6659
135.7437 24.3557
133.8515 27.9518
133.5808 25.2595
128.3609 24.6761
135.0625 29.2397
138.7701 29.9360
139.6775 28.4377
137.2128 31.8035
139.5448 28.9742
139.7435 27.7991
133.9937 26.4017
137.7010 31.0690
133.1768 26.4179
136.4700 30.4821
128.6595 24.6721
133.9477 28.9969
135.1437 29.3439
131.1568 30.0077
139.1742 30.2450
133.3876 32.4672
137.9598 34.1925
136.3092 30.3005
133.4511 29.4803
135.2658 27.8038
132.8290 26.9818
139.2350 28.7625
137.3480 30.9189
127.9147 24.6921
136.5984 29.0310
137.1848 32.1100
134.9063 29.4743
138.5962 30.0560
135.3622 24.4201
127.5675 24.0591
134.7721 28.9977
133.2358 28.2331
128.0813 25.9958
138.4508 29.9127
134.5202 31.6804
135.5130 30.9154
139.2742 29.0754
136.1869 28.6838
138.8455 30.6331
134.6264 32.4737
137.6601 29.7556
133.6836 27.6804
139.6380 28.7857
137.2674 30.9621
138.7483 30.3490
133.8605 27.6425
134.8130 31.6194
132.8841 31.1266
138.6342 29.4924
134.4749 28.5412
133.7257 28.0624
137.1100 32.1131
132.5062 27.9572
135.4433 31.6088
136.3659 29.9158
135.0690 28.2089
134.1014 24.7887
133.2205 25.7088
136.5780 31.4058
135.4530 24.4757
132.2458 27.9889
140.1583 33.8972
138.6200 29.8699
137.2199 29.2904
134.2669 26.2832
136.4028 31.5432
138.2974 30.1624
136.3431 29.0891
138.1063 29.7003
134.4858 28.8633
137.5738 30.4775
139.1546 29.9627
138.6720 29.5203
133.0907 31.8553
137.6217 32.9917
126.1896 26.8678
132.0396 28.7687
134.5026 32.6554
139.4718 28.4736
134.2919 32.6331
136.4348 30.5186
130.6730 29.7530
134.5047 32.2381
136.1118 31.0513
138.4453 29.8221
139.2925 28.7670
138.3042 29.5359
136.4880 28.9496
138.2200 28.4601
133.4959 31.6040
128.0419 25.5046
136.7897 33.3701
137.6098 33.5106
130.6780 29.8895
136.1946 29.1590
139.6249 29.2484
135.8690 31.1157
131.8851 27.1669
134.6840 27.7915
132.3751 27.7323
132.6698 27.9761
135.1777 27.7541
131.4607 26.0619
133.5063 25.4465
136.4423 29.6526
135.2039 30.4087
132.6027 27.1779
137.2041 29.0935
135.5363 23.6423
135.0667 24.7017
133.0871 31.8849
132.7766 26.5489
128.7750 25.0741
137.1827 29.2538
139.3791 29.1232
139.6405 28.4418
133.9079 28.3882
131.7974 28.0278
138.3868 30.7110
131.7546 28.4022
137.5889 33.8867
138.0881 29.9817
133.0199 31.3142
137.0056 30.8724
134.3512 25.6289
135.2882 31.7601
137.5751 34.2388
133.6315 29.3264
133.6092 28.5893
135.1949 29.3897
133.9040 27.0972
139.2192 28.9021
134.9003 30.1657
139.2762 28.5081
136.3748 30.5113
130.5628 26.6706
133.0685 29.3569
137.6804 34.2895
135.1040 29.2688
136.6534 31.7046
133.4831 32.9392
136.1509 28.4423
132.0134 28.3502
133.2642 29.4942
130.9889 26.1764
139.7531 28.6795
131.6385 27.9063
139.0983 28.7707
138.3634 30.8526
138.3980 30.9290
137.8354 29.7316
133.5266 32.2103
133.5766 30.4088
138.7285 29.4780
136.9621 29.1636
136.5779 30.6352
133.2394 26.2107
135.0972 29.1388
129.2762 27.0528
138.7923 30.4013
135.3581 31.3284
134.1670 25.5868
135.0400 29.6342
139.3884 28.9446
132.1685 27.5877
134.2622 25.5202
138.2115 29.8789
134.3950 27.0190
128.7455 25.8804
136.6265 33.0381
129.5608 29.5710
138.1848 28.1741
132.0189 27.8629
141.3024 34.7875
133.7724 24.5394
139.6978 28.8712
134.6942 27.5624
134.3374 24.9084
132.7653 26.9642
133.6523 25.4906
138.2908 33.2047
133.0347 29.6182
134.1072 27.2566
133.2747 25.4203
132.5923 31.7897
133.8982 27.5507
131.4375 26.0861
139.2613 28.8266
135.5338 31.2545
137.5368 32.8654
137.8359 32.8149
132.7876 28.0715
137.6836 29.4203
126.5153 26.5826
134.3861 29.6143
136.5375 29.5164
138.9378 30.7450
133.7969 27.8437
136.2576 29.2424
134.1249 27.7109
138.4484 30.2544
136.1965 29.4729
137.2149 29.1450
139.1252 30.1416
134.5042 24.7343
133.1734 31.9013
134.2896 28.5968
138.9026 30.6908
132.9550 28.2524
133.8312 26.8689
138.5577 27.6445
133.8495 27.2055
138.5581 30.1727
128.4518 24.0949
137.9970 30.0099
134.3448 27.2987
138.6194 30.6784
133.6864 29.4288
134.9269 31.6010
139.3283 28.4495
134.8315 28.2474
138.9615 30.5351
139.6212 29.2316
136.5093 29.3819
129.0798 28.9930
136.6544 28.9841
136.6341 29.4098
137.8337 31.0047
137.9374 30.0019
134.7721 28.4039
136.7746 30.7539
139.2965 28.7437
138.6629 30.7641
134.9714 30.3009
134.6926 25.1850
134.5501 30.8615
128.7569 24.9803
137.1026 28.9389
132.5721 29.2539
134.0995 26.1379
139.3259 29.4819
139.7821 27.4837
137.8040 31.1624
138.7921 34.1086
133.9871 26.4691
134.0589 27.7036
133.7226 27.1313
138.9560 28.9426
131.8802 27.1321
138.5717 30.3607
137.7001 31.1122
137.9456 30.9524
130.7294 29.9257
133.0820 31.8670
134.0075 26.4291
133.9698 26.9432
134.9504 28.1526
136.1822 28.5583
137.9659 28.8429
138.2637 29.9559
131.5341 30.2615
137.5951 29.6528
133.0239 32.0511
128.0125 25.0003
133.6743 24.9639
131.3592 30.1421
134.4669 32.6852
134.9748 28.5656
135.0095 28.3783
137.1087 29.1738
134.8348 31.3645
130.9738 27.1831
139.7216 29.0065
133.0673 32.0576
133.9772 32.3685
134.9085 31.9472
136.4986 30.4046
136.3451 29.4171
134.7527 28.0813
132.6721 29.3734
139.0947 30.7296
133.8186 29.4629
136.3397 25.5144
139.8548 28.7540
137.3099 29.3766
137.4214 29.2936
132.9897 31.8540
133.0168 26.2117
139.5225 29.2666
136.7241 29.2457
138.2153 29.5980
138.7581 30.6954
132.5379 27.9449
133.1772 32.1336
128.4541 24.6228
135.8121 28.2106
136.6048 29.5573
136.6732 30.6390
139.7227 29.6053
137.2789 33.6876
136.9156 29.3358
139.5419 29.1816
138.8803 27.9752
136.8821 33.6721
139.2610 29.7250
134.7785 32.0767
137.3909 34.1283
139.7181 27.3346
136.8378 33.8538
139.3019 33.3110
136.3760 29.9704
138.8617 30.7864
138.0181 34.3014
139.7166 30.1043
139.5579 28.6336
136.1203 29.7932
134.4727 28.4740
139.2350 30.5621
137.4768 33.8728
134.6370 32.5556
137.3150 33.6187
136.9980 33.8368
137.4409 33.7791
128.9971 29.0745
139.1294 30.5490
128.1078 27.4461
138.3158 30.4762
137.1980 33.1162
139.4396 28.5819
138.9476 27.9052
138.9987 30.7255
136.9766 29.1655
136.7551 33.5256
136.9406 30.8865
139.3737 29.2949
137.2039 29.7978
137.7237 29.1725
137.4308 33.8164
139.2279 29.7378
137.1263 30.0631
128.5954 28.3703
139.3040 29.8788
141.6882 35.4887
137.3163 29.3771
128.2720 28.4781
139.1405 29.3592
138.3500 29.0107
138.3302 29.4780
138.9731 30.5005
134.6563 29.8475
139.1008 28.4390
138.3289 31.0068
138.1277 30.6476
136.8889 33.2033
127.9810 28.4209
137.6317 30.9238
137.9998 29.1289
136.5372 30.2750
135.2671 25.1992
139.3379 33.6614
137.4708 33.4373
134.4129 29.6457
138.5407 28.1746
140.9349 33.8528
138.0157 30.4766
131.2316 29.5687
138.8365 27.9481
137.5287 34.3376
138.9191 28.8588
140.9489 35.4759
139.1405 29.8814
139.1138 32.1921
138.1633 30.1038
139.0635 29.1160
139.3697 28.6681
139.1738 29.5158
139.7135 29.9864
139.2492 28.7344
138.8226 28.1659
139.8875 28.8513
136.9679 28.5621
137.3039 33.2848
138.9761 28.9580
139.5624 27.2695
137.5943 29.0000
136.6327 33.8082
143.9206 37.1574
134.5999 27.7413
136.9905 30.9047
139.3612 29.6078
138.8686 34.2707
134.3119 28.1808
137.3553 31.5897
137.9796 30.4306
136.4635 29.8559
139.7144 27.7804
137.0129 33.9964
137.5989 31.1616
138.5181 28.8666
137.0724 33.9245
137.1863 31.1191
138.6574 28.2563
138.3563 29.0917
133.2861 32.3056
137.6862 34.0164
137.3767 33.6217
137.5934 29.0423
139.4628 33.6069
137.2776 31.1377
136.8022 28.8253
137.4359 33.7575
137.4294 33.8707
137.5015 30.2732
136.9995 34.1493
137.4671 28.8932
135.3284 31.9555
137.4888 33.6428
137.0451 29.6680
137.5055 33.7030
144.2721 37.3350
139.3562 29.2099
138.6817 28.5844
128.1931 28.0408
138.7348 34.3788
137.0611 33.9568
143.8193 36.7774
136.3926 29.3785
138.8856 28.0499
139.4067 29.3623
138.6111 34.2075
136.9693 32.8238
136.9975 31.0778
137.3893 33.7686
137.2147 33.8655
136.3676 29.7491
136.9094 29.7316
138.7964 34.4025
139.6057 29.5397
136.9772 33.8909
136.7437 28.4161
138.0961 31.1169
136.4304 28.8151
138.7602 30.2028
133.2015 29.6040
137.7114 34.0195
139.5915 34.3674
139.5792 29.2977
137.4144 33.6866
137.5142 34.0171
132.0482 28.1972
139.1719 29.2626
133.0536 32.2002
136.1356 28.1340
144.1412 35.7755
136.3177 29.9898
137.5103 30.3203
136.5569 28.8913
136.8175 32.9873
139.3358 29.1452
135.8506 29.3524
136.9282 33.1925
137.4685 34.1099
137.3156 33.6113
138.2222 29.3823
137.2331 33.9969
139.0608 28.5886
137.2071 33.8937
139.3298 28.7354
136.9459 31.0139
140.5293 33.3931
139.3895 30.3347
127.4769 27.0376
126.9159 26.5784
139.3306 29.7052
139.3030 30.1345
137.6924 31.1976
137.5176 33.3997
135.8454 29.6846
139.2342 33.0871
137.4137 29.2685
143.5560 36.6765
133.2608 30.9834
138.1475 30.9425
143.6571 36.3884
136.8760 30.0925
137.2946 34.0896
136.6553 29.7654
136.7690 33.3402
129.6544 29.0122
139.3519 29.6117
134.6180 30.0219
139.2008 28.5101
137.4114 33.8265
138.7924 34.5984
137.0159 30.1584
137.3630 33.7174
138.7728 34.4344
137.4104 33.8192
138.0360 31.1175
139.2756 29.1574
135.8764 28.5046
134.0166 28.4842
137.4190 32.5177
136.8912 33.7210
136.8183 34.0061
133.0005 31.1955
136.7361 32.5462
134.5515 27.7773
136.8272 29.6404
135.7893 25.6267
136.5412 33.1821
135.8084 24.5934
131.5447 28.7807
136.5105 30.7916
138.6776 29.8059
134.1883 27.4120
130.2645 28.5991
138.4976 34.4126
136.0306 27.1553
137.5653 29.7614
133.8400 28.5450
134.9424 31.8287
134.6946 28.7434
137.9670 31.7498
138.1144 30.5883
139.0943 28.8763
137.5052 32.7523
133.1516 31.4635
134.6216 28.1504
137.3330 31.0580
135.8682 29.9822
137.0903 33.3445
137.0979 29.2815
139.6691 28.8518
137.4144 30.9043
135.3643 32.8293
134.2960 25.9442
131.8567 30.8818
139.4570 29.4326
124.2069 30.6768
128.4196 26.0245
134.9110 24.7622
127.6995 27.0586
139.3179 29.0140
139.2126 29.7323
138.5309 33.5851
139.2301 30.3657
138.2253 28.6626
140.2052 27.5783
139.6400 33.4721
135.5531 25.0886
137.3067 33.1292
136.1018 28.5220
134.6826 28.0490
134.9999 28.7838
138.9821 28.8407
135.3278 30.4179
133.5772 31.7509
139.4043 29.6699
137.5415 32.5723
139.2542 28.6435
137.9446 30.8309
133.5493 27.6239
137.6026 34.0125
139.0031 27.9696
138.3609 34.2999
135.2565 30.1698
138.3542 33.0794
136.5304 28.1081
136.1116 28.5134
134.6237 25.6771
134.0422 26.3910
137.2508 29.7282
134.1408 27.5047
139.5026 29.5116
135.1013 25.1248
136.3121 30.4376
135.6018 28.7785
138.0398 30.5832
136.9411 29.9676
135.6609 30.0259
139.1176 27.8893
133.9328 28.2155
140.0264 27.8544
127.3176 27.8371
133.9225 27.9541
134.6274 25.3172
137.4574 33.4128
139.2290 29.7917
135.3644 31.5917
135.8842 28.6660
136.1127 30.2278
134.6159 24.9071
136.6566 28.9312
135.0723 28.9311
138.4760 29.9098
127.6679 27.1551
135.1864 29.7858
139.7195 34.0251
136.1063 28.2135
139.4013 29.0228
134.1561 29.0476
130.8058 25.6385
137.9379 30.4040
137.6667 33.7360
137.7158 29.5263
135.4798 24.1788
138.7085 27.3861
138.5613 28.4538
138.9725 33.2926
135.0193 30.2280
133.8549 26.9673
137.5505 29.2903
135.1435 28.5311
140.9154 33.8947
135.5071 31.5549
135.0572 29.5471
133.9376 26.3670
137.7321 34.1391
134.9375 28.9292
138.7739 30.4571
138.3372 30.9755
139.1269 29.1413
136.9387 29.0240
126.8291 26.5173
134.3398 25.9155
139.2579 29.6061
132.6057 25.7055
139.0088 30.6277
132.5511 25.9549
136.1361 29.7064
134.2162 28.6120
136.9744 33.6148
137.4596 30.5427
137.9011 30.1091
136.4991 30.4347
137.7630 29.4780
133.1301 29.5703
136.6865 33.3129
138.3111 30.4676
138.2237 33.7453
137.4615 32.7696
135.6831 24.6133
137.7836 28.7190
139.1699 29.5697
132.6843 27.9057
134.1330 26.3636
134.9947 28.1004
139.5707 28.7205
134.4906 31.5093
139.9053 28.1772
126.6949 26.7418
133.9045 31.1198
134.3343 24.7985
133.7578 28.3372
131.3590 30.4831
139.2514 29.5007
134.1856 27.0544
138.1586 34.1678
139.5325 29.5592
138.2070 30.4868
137.6625 32.9775
139.2899 28.5762
128.3617 28.5328
136.8864 33.1087
137.7367 30.9403
134.1054 27.9484
136.1680 29.8488
138.4318 30.6869
137.7008 29.8827
131.4460 26.0275
133.2653 26.7210
139.1594 30.1541
136.3191 29.7818
133.4264 32.2817
132.5234 31.6374
139.2408 29.8735
137.4178 29.1833
137.3441 31.0145
138.7835 33.2563
136.2772 31.2226
137.8406 30.0569
131.1463 25.6173
134.9888 29.0015
128.8630 28.5871
137.4522 30.9057
134.6743 29.2947
134.5935 31.1624
139.3449 30.3690
137.0745 28.6139
132.8375 26.0696
133.4847 25.2524
137.6333 33.0624
137.3514 28.6111
138.1036 30.9275
132.7532 26.7414
137.1133 28.8255
141.0318 34.1340
137.2032 34.1984
134.9487 31.5956
133.7541 27.0060
139.4207 28.6926
133.8013 28.3247
135.4201 31.4376
134.3082 24.9297
139.6902 28.5808
138.2306 31.1119
137.4346 30.9866
139.3588 29.3062
138.6656 28.6418
133.8428 28.7472
138.4900 33.8027
134.0598 29.4936
141.5929 34.5773
127.7329 25.5853
138.1869 30.3322
136.8338 30.8777
136.7659 33.4615
136.4674 33.4397
132.4650 28.3852
133.5083 28.1097
133.4820 25.2561
132.8353 26.4903
137.7544 29.5318
139.2914 30.1016
130.7851 29.9163
138.2693 30.1807
136.2112 29.7936
137.9312 29.2014
137.4908 29.1465
134.9919 30.9977
136.2503 29.4539
136.2601 29.2854
133.7553 27.0545
139.5419 29.2216
139.6950 28.9858
134.2400 24.9608
139.1156 30.3553
136.5187 30.5723
135.6227 32.3710
138.2827 29.6022
138.1420 32.0648
134.1591 24.8347
133.7555 32.3835
133.2294 32.1740
137.3839 30.2444
138.3267 30.7188
138.4579 30.3023
138.0534 29.7594
138.0590 29.6383
133.5844 24.9470
135.0115 29.4931
133.7362 24.8301
138.8884 30.3634
135.4347 31.8735
131.7312 28.3367
137.9247 30.0005
133.8998 25.0587
133.0299 29.4193
139.6249 33.3523
132.6600 27.7635
137.4112 29.2004
139.1440 30.0266
133.3571 28.2260
133.8316 27.5465
133.6561 31.6625
139.7183 27.5095
138.3869 29.8394
132.7786 27.0119
136.9663 28.6994
134.9939 29.1878
126.8547 26.1576
136.4198 29.7413
138.0226 29.7386
136.5613 30.6522
139.7898 29.3147
132.6441 27.0735
137.4226 30.1575
137.4120 28.4772
138.5402 30.5664
135.1328 26.8661
139.1232 29.6340
132.7688 26.2244
139.2117 28.6208
131.4022 30.1740
137.2640 32.2910
138.1245 29.9889
136.3526 29.7603
139.6167 28.2409
137.5752 29.2117
128.4346 25.7828
138.9234 30.6422
136.4637 29.0229
138.0773 34.0670
139.2036 29.4842
135.0382 24.9636
138.9153 30.5456
138.0894 29.0265
138.1584 29.9612
132.4453 27.5171
135.1191 32.0046
138.3869 30.4912
137.6331 30.9567
137.5493 29.4146
136.3434 27.9391
135.5040 31.6118
136.1669 29.4489
128.4797 28.2668
131.9666 27.2900
139.7245 28.3331
137.9189 34.2506
138.5427 27.7175
127.4297 24.3082
127.1494 24.1335
138.7512 27.6291
131.1984 30.0865
129.5506 29.4534
135.1375 24.5411
133.7927 27.5301
132.3819 25.9186
138.4566 30.0914
134.1600 31.6248
139.3183 29.2472
135.4595 32.5181
139.2133 29.1785
135.0478 24.9679
135.4594 31.4968
137.6696 33.0623
139.2466 29.5073
136.1257 29.5985
135.0079 24.9652
136.2191 29.2090
133.3250 32.1978
138.9743 33.2903
129.4528 29.2475
132.3801 27.3196
134.2238 26.1960
135.7592 32.6973
139.0902 30.7475
135.0824 28.2010
139.0643 29.0076
134.7515 28.0886
136.9685 33.2205
137.3537 34.0487
134.5582 28.1165
133.8748 27.3143
136.7569 33.2657
139.1210 29.0389
133.0246 27.8538
132.3845 27.9829
133.6534 27.7162
134.9850 28.5581
139.6651 33.3320
127.0304 27.1197
135.9101 28.1166
133.5195 32.3228
127.4952 26.6566
131.9102 28.6152
134.8112 28.1644
139.7277 29.0214
133.9610 26.6906
130.2300 25.6915
133.5176 32.2782
134.5735 25.1686
138.9451 28.8016
135.0009 31.9506
137.3411 28.8066
137.5629 33.2542
138.5738 33.1446
138.6171 30.7846
127.3883 26.9460
135.4133 31.5636
137.8398 33.9977
128.4603 28.5510
139.2201 33.1812
136.4388 30.7473
134.4558 28.2142
136.8728 33.1531
139.4512 28.9613
135.1361 30.1974
130.8665 29.9865
134.5103 28.0418
137.8154 31.0028
137.9438 30.7510
130.7309 29.9150
133.8324 31.8265
126.7559 26.6611
135.2481 30.2543
134.2908 32.0802
127.6793 28.0083
132.3140 31.9171
134.7309 27.9709
137.1935 31.0289
133.7286 27.4263
136.7675 33.2367
139.6761 28.7588
135.8487 28.0518
137.7436 29.0612
133.5667 31.3878
134.0312 32.2618
137.2678 29.2753
138.6710 28.3448
139.0527 28.0011
138.9362 28.5773
138.2938 33.6463
136.4866 30.6726
135.6572 28.0745
136.4870 28.1491
135.4380 31.7151
137.0859 29.7473
132.8196 27.0511
135.0371 32.7318
138.5474 30.1461
134.0869 27.3079
137.7516 30.2841
139.4085 28.9866
137.2852 32.7799
135.1205 30.7528
138.7084 27.6024
136.6687 28.3725
139.0377 34.3851
136.6978 28.9896
137.4975 29.2768
136.8331 28.8888
132.8158 31.2522
134.7702 27.9554
137.0557 29.2642
135.9958 28.0944
134.8092 29.9649
137.5115 32.9710
137.1863 28.6491
133.1888 32.0508
135.1526 32.0854
132.0486 27.7131
129.2353 25.7843
138.8917 28.0663
131.5567 30.7082
138.1600 33.9944
136.9643 33.1230
135.0568 30.2736
139.1286 29.4231
136.4412 33.6709
139.0284 29.4360
138.6327 31.1175
137.3639 31.1379
141.4127 34.4623
136.6435 30.0962
136.2106 30.5775
137.1223 29.6833
139.1317 29.3878
136.7611 29.0510
137.6564 30.5124
137.0851 34.1236
137.1155 30.5216
136.9739 33.8512
138.2599 32.3207
137.4848 29.7266
136.9548 30.4377
139.0851 30.8297
137.7817 34.3995
137.1659 31.2699
138.0811 34.3445
136.8423 30.1922
136.7889 34.0209
136.8768 29.4571
136.2062 29.1083
138.5264 29.9261
136.5127 29.0066
140.1701 33.3322
137.1672 30.4974
138.9739 30.5419
137.1507 33.6284
137.6129 30.5691
137.4320 34.0579
136.8987 29.5938
139.1862 29.7468
141.5719 34.4543
136.6321 33.5112
138.8814 29.3537
137.7154 30.8840
136.8518 29.5082
137.5229 31.0160
136.6056 33.8929
139.2018 28.9892
137.0272 29.1109
139.3043 29.8564
137.2260 30.5242
136.5747 28.9997
136.9102 33.3922
136.3564 30.8517
136.6356 29.3121
138.2644 29.6523
136.5577 33.0513
136.9656 30.2708
139.4265 29.5848
136.9203 29.8393
144.8278 35.3589
139.4832 29.0598
137.2680 30.3677
141.5879 34.9157
139.0182 29.3231
136.4736 33.6301
137.1281 30.0988
137.7909 30.9363
137.7794 29.8610
137.0237 28.9454
139.4037 30.2782
139.2981 29.7331
137.1458 30.8850
139.3635 30.3804
137.0819 33.0954
136.2372 29.6993
137.8201 29.8865
137.5482 29.8406
136.3834 33.4232
139.5159 29.4725
136.5819 33.8165
138.0630 34.1777
136.9163 29.6416
138.2111 30.4154
138.8978 30.6782
136.4779 33.7425
144.2957 37.6727
136.8342 29.2125
138.4423 29.2847
138.2290 31.2626
143.4313 37.0758
136.3455 33.2502
136.8830 29.4373
137.1757 29.9983
137.0337 34.1558
136.4272 33.6053
135.9451 29.3825
137.4971 29.7993
137.4288 30.8783
139.2547 29.0250
136.3392 33.1677
147.3628 36.0111
137.3274 30.9178
138.1803 30.6498
137.5179 29.4809
139.1602 28.9577
137.0733 30.9232
140.4662 34.6248
136.7271 33.5841
136.8071 30.1433
141.5961 35.3344
137.0017 30.6842
138.8724 30.9684
137.4432 29.6996
136.3756 29.4572
139.0304 29.4980
136.7466 30.5231
137.0283 29.6747
137.0862 29.1798
138.8233 29.2588
137.2879 33.5057
136.6381 30.4681
138.9809 28.5199
136.0235 30.4944
136.8107 33.3591
136.0799 29.2778
141.8965 34.6544
139.3670 29.4823
137.6552 30.3498
136.5809 29.5608
138.9653 29.9938
141.6725 34.8980
138.8881 29.4967
137.7091 34.2836
137.9225 30.0154
144.7513 38.8170
139.2105 30.0657
136.5988 30.7670
137.1241 29.7352
139.2194 30.5892
136.4860 32.6163
137.5864 30.0222
136.3923 33.3522
136.2859 33.2351
136.8806 32.9977
139.2542 29.7652
139.3540 29.3765
138.6101 31.0827
136.6205 33.1186
137.0493 33.7234
137.0635 30.8373
136.1584 30.1058
139.1034 29.1721
137.6883 30.5757
138.4773 31.0979
136.9809 29.0088
139.1196 29.4503
136.6127 30.1580
137.4011 30.8647
136.6551 33.9331
136.9440 29.7664
135.8618 29.5853
136.6551 28.9066
139.2074 29.4961
136.3187 29.5765
144.2516 37.7129
137.3085 33.8804
139.4250 29.4435
136.4026 33.5924
136.3613 33.2863
136.8280 33.3884
141.9414 34.5290
137.1467 30.8363
139.1707 30.7867
139.0156 29.1868
137.6802 34.3862
143.5306 36.1792
138.1768 30.8113
139.2060 29.4166
135.9649 30.0142
137.5140 30.8226
138.4857 34.3605
139.7351 32.8048
136.6747 28.9787
137.8436 34.3988
137.2315 29.0817
137.6109 30.1114
137.1326 33.2288
136.6707 29.7442
139.7211 34.3205
136.5452 30.7303
137.2320 30.3325
137.1633 33.1119
137.4997 30.6875
136.4145 29.6575
140.0035 34.8157
138.7863 30.9817
136.4064 29.3847
136.3998 30.4580
138.3581 30.7978
136.5723 33.6522
136.7941 30.4373
138.3970 29.6755
136.9371 29.6086
140.4127 34.4001
136.8195 33.0067
137.2137 33.8075
136.9443 33.5671
137.5427 29.5252
138.1964 30.5398
139.3715 29.6623
137.8387 31.3075
139.4691 29.4978
136.1063 29.9619
136.6865 30.0028
137.3983 30.8028
136.5353 33.8464
136.6250 30.3562
137.1758 30.0579
136.3758 29.0131
137.2102 33.9305
137.6455 30.5940
136.0694 29.1665
137.1671 33.0986
138.5386 30.9727
136.1269 29.9064
136.8810 29.8857
136.9259 30.0103
139.5073 29.4104
139.1883 34.5977
137.7001 30.1118
137.7566 30.9041
137.3109 30.4931
137.2290 33.5504
138.1561 34.2428
137.3905 30.8744
135.9123 29.8114
137.0554 31.0259
137.2508 33.6087
136.8873 29.1089
139.0386 28.7585
137.1031 30.8414
136.7380 30.5876
136.2011 30.1893
137.7232 30.9067
138.6886 30.9808
137.6863 30.4954
136.3326 30.1650
137.1861 33.9838
139.0567 29.5666
137.1996 29.2509
143.3400 37.0562
137.5903 30.7090
139.1040 29.9229
136.4124 33.6485
136.9717 33.8612
136.9660 31.0062
145.5094 38.2209
136.5742 29.7339
137.4694 30.7545
136.7679 29.1315
139.1173 30.5632
139.1284 29.2073
137.3254 30.7873
141.1943 35.2621
136.6461 28.9691
136.3742 29.0230
138.9262 29.5306
137.7263 30.8534
137.3737 31.2979
136.4657 30.7372
138.5960 28.8722
137.0061 33.8468
136.3974 33.4347
138.0459 31.0337
137.2249 30.7607
136.3172 29.8156
137.1463 31.2162
136.6926 29.3060
136.0743 29.3569
137.9609 34.2328
136.3655 30.3413
136.9422 30.6725
139.0737 29.5392
136.3087 33.3408
138.8731 29.4949
136.7437 30.0164
137.6835 30.5597
136.4213 33.5676
138.4740 34.3345
139.1051 30.8246
136.4944 30.2642
139.6670 29.5911
137.1391 30.8254
138.8875 30.6910
137.4742 30.9858
136.5877 30.4930
136.7139 29.1139
136.7051 29.0655
135.8875 29.7527
136.7832 29.0278
136.6241 29.8721
138.9692 28.6349
137.1971 29.8496
136.8448 30.6462
135.9746 29.4392
136.2845 30.3650
138.9663 29.3704
137.1099 30.2470
137.3050 31.0812
138.6187 28.8996
136.8572 30.8866
139.1792 29.4450
129.6843 29.0407
133.7354 27.3986
137.8981 34.2895
137.7594 29.1944
133.3733 25.5466
140.6705 34.4652
132.6550 30.1462
139.7318 29.5270
147.7784 35.5326
135.5403 30.2536
132.3548 31.6298
138.5496 28.3771
128.2218 29.0323
139.4572 33.5255
138.8319 34.2750
133.4557 30.9574
133.0671 28.1332
136.5206 29.7095
144.2141 36.4500
138.6705 29.8325
134.5691 31.8481
132.5361 30.4350
134.6705 29.5045
134.4834 28.0120
127.7954 23.7016
132.9512 28.7901
131.0974 30.5247
132.3358 29.0153
135.0735 32.3272
142.6736 35.9526
133.9917 26.6311
134.9595 25.4652
135.2293 25.9925
136.7952 33.9328
138.5385 30.5474
133.0556 28.7811
138.0706 30.3344
138.8070 30.6648
137.7888 29.7288
138.2460 28.8297
126.7660 26.5375
141.2278 34.8978
137.8526 31.1688
134.9822 27.5104
138.4356 33.9192
134.2996 25.7636
139.0004 29.8713
133.8193 31.9789
136.0024 29.0634
139.7635 29.2519
122.8102 27.4965
135.9322 29.9846
135.0013 24.7927
136.0557 24.5496
127.6765 28.0736
135.6440 24.6178
139.4664 28.9480
138.4068 28.2407
139.8070 29.4636
136.2814 32.7058
137.5107 29.6006
137.6940 30.3009
136.6043 33.7445
132.2328 29.1697
138.9999 30.7665
138.3927 28.8193
127.0045 25.3256
138.4648 30.4487
132.4334 29.1345
133.8969 26.8610
141.3419 35.0922
136.9209 33.6847
134.7444 32.0660
138.2100 32.7015
138.9037 27.5326
133.5113 28.3281
139.2725 32.4256
134.9752 24.4880
138.1440 30.9094
138.8047 30.5327
132.5588 26.1974
139.9389 34.5532
128.9082 28.0311
138.3301 30.6881
134.2541 25.6488
136.3477 30.4706
137.6042 29.7175
132.9567 31.5546
128.0520 27.3005
134.3572 24.7188
133.8593 31.3364
136.7055 33.1121
143.9058 36.0376
132.4562 31.8822
127.2183 29.8434
133.8992 32.7943
134.2491 30.9452
137.5863 29.5056
136.7121 28.7693
139.7656 28.8484
138.9290 28.0901
135.7297 32.4767
132.1455 27.6291
134.5967 25.2512
134.6119 30.3301
139.0832 29.6553
133.4689 32.1140
137.5559 33.4705
138.1151 34.0879
135.0814 28.3773
137.4438 31.0990
133.7752 27.3397
133.9956 32.5466
137.1304 32.2478
136.2680 30.1756
137.0611 28.9178
138.1718 30.1368
133.6979 32.2682
132.1652 28.2977
137.6842 33.9197
134.5160 28.3155
134.2200 27.7630
136.3805 29.6070
139.8625 28.3431
133.7281 31.9034
137.2236 32.3146
134.3586 28.4821
132.2690 27.9741
138.4512 30.2810
135.1391 28.0036
133.6440 27.4099
132.4045 31.8834
139.0029 28.4592
139.2638 28.7461
134.8430 31.8565
139.4727 29.1596
138.0526 29.7970
134.7625 32.4712
134.3346 28.9192
133.6745 27.7468
137.6877 29.9209
134.3243 30.8678
131.1217 29.4122
133.8950 27.6154
139.1644 28.8320
129.0288 28.8266
139.5616 28.8784
134.6016 25.2688
134.4314 31.4841
137.8598 29.6805
138.2912 30.1523
137.4435 30.3743
138.8924 27.7646
134.3540 25.6524
139.7078 28.9569
134.1927 25.9732
134.9028 24.8287
138.4095 31.0995
134.3670 28.5074
135.4588 32.0403
133.6544 27.5707
134.0105 26.3603
133.5827 27.5586
134.1122 27.8469
136.1265 30.2213
138.1945 30.3019
136.1198 29.3203
137.9724 30.0181
134.2218 25.5943
132.8977 26.6706
126.6940 26.4875
137.0625 31.0697
137.9337 34.0557
133.5624 32.3839
136.8055 29.4078
128.9637 29.1266
134.7066 28.4690
134.7596 24.9706
141.6870 35.1345
134.1700 27.1095
133.9295 26.9914
134.1889 28.4931
134.5991 28.2368
133.7749 27.0122
138.9703 30.5627
139.8322 28.2646
133.1685 25.5773
137.9871 29.0523
133.1295 31.8507
134.5867 28.0785
131.1953 30.3526
136.6255 33.3381
136.1403 29.1621
137.2875 33.2063
136.0107 25.3118
133.4471 29.6547
139.2190 29.7648
139.1118 29.5693
138.6858 28.2419
138.3556 30.8114
133.2834 32.4333
138.3239 34.2558
139.3639 28.8761
138.2887 30.6594
137.7186 30.9852
136.3348 30.0599
135.1264 25.0657
131.7929 29.0643
127.3105 27.2019
134.7179 29.0662
139.6120 29.1895
142.0694 34.5227
137.9187 28.9757
133.9164 26.7565
139.0599 27.8403
133.7812 24.8117
138.8262 29.2981
139.5101 29.2167
134.1290 26.0823
139.7393 29.6149
139.7041 29.3768
134.0067 29.1166
140.5191 34.9743
134.9178 28.7088
133.8871 26.9220
133.3405 28.2807
137.6779 34.2004
139.7306 29.1844
135.3587 25.1193
138.0587 31.0691
133.9497 29.3900
135.8905 28.2014
132.9403 32.0392
134.5087 28.3517
138.3822 33.9860
137.7613 30.8042
137.6820 34.0469
137.4701 33.2167
136.4539 28.1987
137.3855 28.6668
139.6915 27.5748
133.9243 28.9069
134.9475 31.8852
139.2583 29.6437
138.7352 30.7918
137.8270 30.7471
136.5603 29.4497
134.5880 31.5728
139.2545 28.5450
133.8826 27.5868
137.7542 30.1014
130.7053 30.0027
139.2880 30.2234
136.8541 29.8624
128.5236 25.8336
136.3081 28.7997
134.1213 26.7715
137.6422 33.9561
139.7216 28.0093
139.8969 29.2176
138.6854 32.8233
128.4605 26.3485
139.7932 26.9323
134.3315 25.0528
138.5071 30.4044
136.7165 30.8781
134.9372 28.7806
132.5250 30.6542
137.7817 34.3604
133.8215 25.7152
135.2860 28.6494
139.7632 29.9172
138.5865 32.4167
138.3436 28.8174
138.1046 29.3586
139.7619 28.5876
138.6009 31.0307
135.4215 25.2362
134.0355 26.3060
136.0083 29.6447
128.8965 28.2985
132.8901 30.5643
138.3357 29.0483
128.7076 25.7176
133.1796 29.4391
127.5111 24.9365
138.4034 30.5556
136.2619 29.0197
128.3708 28.8138
137.3001 33.8179
133.9926 27.1953
137.4441 33.9500
137.2652 29.0907
138.4835 28.7333
136.9117 31.0197
139.5377 29.2621
136.3549 30.1678
136.3923 29.7407
139.4432 29.6034
139.4956 29.4036
139.2664 30.5244
138.2592 32.9761
141.0838 35.1751
139.2061 28.9329
137.0730 33.7445
136.8286 29.8015
141.2246 34.9093
139.4922 34.3725
139.3497 30.5325
138.9727 28.5886
136.7303 29.8305
137.2820 33.5229
143.8417 37.7194
138.9556 28.5846
136.8907 32.8541
139.2272 30.6510
137.4706 33.9893
139.2613 34.5866
137.9450 29.9702
138.5001 32.1890
136.7857 33.1261
138.9301 29.7023
137.6126 34.1434
137.2592 33.9642
140.7643 35.0368
137.1296 33.1213
127.1760 27.4175
137.3800 33.9445
137.0707 33.3645
136.0138 29.8440
136.9261 33.2581
137.9267 30.6594
137.4983 33.7313
136.6008 29.0539
139.2905 34.5738
139.4852 29.3507
136.9142 33.7878
137.4275 33.5781
137.3619 33.8773
137.9553 34.1486
137.0311 28.8548
136.9446 33.6509
136.7486 33.1351
137.2520 33.8818
137.3914 33.7789
136.7480 31.1292
136.8670 33.8407
137.4832 33.7874
137.6155 31.0940
137.4773 29.9581
138.2040 30.8930
137.1311 33.8722
139.1748 30.3761
136.9523 33.8462
137.0340 33.8857
140.2254 34.9023
138.9831 30.9298
136.3996 33.4407
136.3371 29.1746
138.8625 30.6614
137.9463 30.0030
137.1144 33.7602
138.8733 28.1746
139.3374 34.5763
137.2159 29.2078
137.2097 33.7251
134.2014 28.8994
136.4385 33.4668
137.9780 34.3526
136.6420 33.2581
136.2509 28.1898
136.8671 33.9068
140.9631 35.2369
138.8825 34.4202
136.3326 30.0299
139.0335 30.7371
137.4265 33.3670
139.3507 34.5406
139.1121 29.5504
138.2653 29.2263
139.3658 34.6034
136.4093 29.2716
137.2305 33.3260
136.2879 28.2057
136.2430 29.7686
137.2321 29.4439
137.6282 30.0386
138.6064 29.3469
139.4654 29.6926
136.2177 29.1896
137.7232 30.3052
134.4359 28.4281
136.7244 30.0356
139.2160 29.4637
137.2903 33.8601
139.1926 30.6560
140.2881 34.2873
139.3573 28.7596
125.9825 23.4244
129.5705 25.8334
136.4623 33.3266
129.9279 26.0145
132.5926 27.4228
130.3566 29.0284
127.0233 25.3099
133.6753 29.9533
137.5198 34.2080
139.1852 29.0153
137.7680 30.6795
130.5860 26.1418
137.6507 29.7480
139.3664 29.8682
138.1716 30.8456
132.8411 27.4441
142.7000 35.8392
132.9794 26.6010
134.7942 27.9610
137.7777 33.7858
129.1390 25.7725
138.5611 30.5169
133.5952 32.3387
136.2495 30.0322
133.5867 32.2516
139.1997 30.2145
137.7158 32.9818
137.9549 29.8839
138.2411 31.0505
134.4388 25.3489
133.1869 32.1281
139.4464 28.8269
134.5516 31.0357
135.2085 26.8915
137.2067 28.9115
136.6189 23.9025
133.2383 31.2196
126.2893 26.6886
134.9878 32.2457
139.3213 33.5565
134.3019 31.7235
141.3675 34.1865
138.6243 30.2227
130.5091 26.1679
138.2529 34.0359
139.3147 28.7992
137.4736 29.4249
132.0396 27.6113
134.2580 27.2900
137.7334 33.1026
139.1019 29.1385
134.3537 25.9336
136.4657 30.4758
137.6307 29.6151
140.9700 35.0284
134.1979 26.4172
135.0771 28.1522
129.7916 25.6138
136.9177 30.8349
131.7008 26.8674
136.4583 30.4931
139.2362 29.3236
133.4361 28.5838
136.6600 28.8786
138.1826 33.7966
136.9541 29.5342
133.3251 32.2869
137.1070 30.9374
134.0038 26.9471
130.5147 30.0324
137.9552 30.9240
137.3458 30.9986
137.6920 34.2722
137.9566 30.9557
139.7403 29.6880
136.3857 30.3551
136.2030 28.4825
138.9190 30.6327
134.1668 27.5767
137.1214 29.6816
139.4490 33.6347
137.3687 33.7648
142.0439 35.6105
136.4098 30.4119
136.4088 30.4109
132.4935 28.6645
135.5777 25.3771
133.5972 30.4614
138.2869 30.8851
133.8261 25.1853
130.3399 25.9116
138.4880 33.8623
137.7086 30.9473
136.3262 30.2191
132.6443 26.5501
136.9402 29.4302
127.8157 25.1140
132.5280 26.7402
134.1119 32.2188
133.2646 29.8995
128.3678 25.6144
138.0476 30.6049
136.9140 29.6990
136.9824 30.0890
136.8574 29.0257
139.2395 30.3666
136.2375 30.2969
137.0532 31.2192
136.2538 30.7717
139.1508 28.5778
137.1532 29.8977
137.7314 34.2997
136.8352 31.1191
137.4809 30.9755
136.9379 29.7965
136.3654 29.7710
138.9978 29.1857
136.5481 28.9786
138.4345 34.3166
138.2301 30.8958
138.8643 30.8079
138.0359 34.3637
136.9863 30.1738
136.0983 29.0653
139.2512 29.0696
137.4217 34.0044
137.4432 33.9994
139.4522 29.2208
139.3928 29.7385
136.7415 29.2562
136.5937 28.8412
136.8257 29.3135
138.7253 31.0449
140.8413 33.2736
136.8704 29.8872
136.6594 33.3982
139.0477 29.3655
137.0789 30.1755
137.6033 34.0805
139.2596 30.2788
137.3949 30.8195
137.8714 30.4966
136.5629 29.6251
136.9752 32.9698
136.7389 32.9887
137.4231 31.0062
138.5066 34.1393
136.8980 29.5381
136.3676 28.9450
137.8562 29.3699
136.3470 30.3697
138.5257 34.3681
137.1981 30.9854
136.9533 29.7999
137.5278 29.5022
136.8434 29.8974
137.0569 33.9792
137.4583 29.4232
136.8511 29.3014
136.6169 33.3742
136.4355 30.6166
137.6288 31.0131
139.2272 29.8008
136.9322 33.7210
137.9060 30.7598
137.8800 30.3616
136.7489 33.1717
137.6404 30.9588
136.3482 30.1345
137.3684 30.9836
138.9380 30.8125
139.2386 30.3689
137.7977 30.3182
136.9738 30.0763
139.0397 29.4495
136.7811 31.1344
137.2481 33.7842
136.7892 30.1324
137.6835 29.9795
137.0734 29.0652
137.0945 29.5831
136.7350 29.8256
136.1892 33.5185
136.0021 30.4021
139.1762 29.8342
139.1869 29.1158
138.1220 31.1090
136.1691 29.6808
137.1489 30.0206
137.4474 33.8645
137.1497 29.7560
137.3646 30.8470
137.3714 31.0202
137.0201 33.8726
138.9802 30.7114
136.6109 33.3312
137.7836 30.6255
137.0759 29.5841
137.0460 30.9043
136.0983 28.8126
137.4635 28.9968
136.5264 30.9997
136.5320 28.8361
138.5555 31.3752
136.2179 30.7383
136.8020 33.2555
136.2218 30.3585
143.8411 36.8495
136.2817 29.0239
135.8939 29.0784
136.9449 30.1887
138.9141 28.8419
139.0294 29.3677
144.0753 37.6928
137.0383 29.0105
136.9884 33.9000
137.3354 34.0539
136.1971 29.5056
139.8122 34.2396
136.9362 29.3930
136.9663 29.6098
135.9228 30.2084
139.4888 32.4607
137.7685 30.4204
138.7079 34.2821
136.2956 29.6672
141.8098 34.5044
137.7950 30.6961
137.1786 31.1011
136.7947 28.9026
137.9281 30.8601
137.5233 32.7715
138.8466 29.2226
128.5959 29.1952
137.3655 29.7316
138.0468 30.5695
138.0569 29.4892
138.6262 30.8886
133.7375 26.9334
135.6055 31.8757
140.0177 29.9764
135.1481 26.6535
132.9599 28.9457
134.5813 29.6186
138.5663 30.2033
137.1102 30.5419
138.1026 34.1742
135.4391 26.9893
131.0614 26.8738
137.8805 30.6410
138.6998 30.6597
135.5887 31.6711
140.0436 34.6205
135.1410 28.0542
131.1345 26.0735
134.2752 26.3331
133.2623 26.6648
133.2916 24.9384
138.6870 33.3537
136.4429 26.0032
134.7371 27.7080
128.6706 29.0860
136.4443 33.3295
124.9019 28.1322
132.3421 27.4613
125.0733 28.7479
132.4649 23.9678
137.2578 28.7796
131.0300 26.0136
138.5380 29.5575
134.8857 30.8797
135.6725 27.2128
133.4910 32.5644
136.2266 30.5172
135.0701 28.1676
135.3823 26.4050
137.1797 28.8711
139.0265 29.3328
132.6419 29.9930
136.6428 29.3766
135.2457 30.7127
139.0336 33.0902
134.2819 29.9124
134.4108 28.6215
139.3957 28.5087
134.3781 24.3379
132.0815 26.8444
134.0454 29.8542
136.2563 31.1175
127.6801 24.4633
127.3308 27.9379
134.6615 28.3987
135.0521 31.7039
140.0415 29.0081
126.8358 22.5900
128.7179 30.7105
135.2940 29.0567
133.3032 31.3441
133.8231 31.3803
138.5595 30.7003
136.6698 33.4818
135.4946 28.6338
135.1097 31.9107
138.5831 34.1099
136.1909 29.3602
133.5909 27.5224
133.7148 28.0936
134.2225 28.6017
134.9116 28.1485
137.6906 29.1852
131.2819 30.8620
133.5539 31.4860
134.4339 28.7682
134.7327 22.9668
125.1883 20.8635
126.7588 24.2738
135.1739 23.1272
128.6329 26.5392
134.2721 27.7803
133.8909 28.2865
136.0204 28.6433
137.0946 28.0946
133.9060 26.8781
135.1192 22.8141
133.0515 26.8615
127.3078 25.4471
136.1563 27.9401
132.2483 24.0075
133.7407 26.1595
127.0349 24.6677
135.3350 25.9730
133.3446 25.0893
131.9395 23.7046
134.2372 28.4464
131.7049 26.8506
138.0239 29.9535
130.5931 24.0877
135.8752 24.7534
135.9802 24.4449
127.3643 21.5714
131.8577 26.0563
135.1347 23.6010
124.4972 21.5585
136.4564 25.9086
134.1107 26.5813
134.9898 22.7103
134.0983 25.0321
136.3667 24.8186
132.4332 24.2304
137.9858 28.6422
137.3176 30.3692
137.4747 30.0541
135.3570 31.3599
127.4692 23.7850
125.2242 21.8939
133.2811 29.3703
134.2913 27.2770
133.4200 25.5520
134.9232 23.3058
134.6162 22.7641
129.7773 24.5370
128.7310 24.6095
135.3113 22.1548
135.0160 22.3819
136.1788 27.9124
135.5380 23.0546
135.6885 26.5450
134.4227 23.7781
132.1937 23.6610
134.3059 25.5101
134.4333 31.5629
136.0512 28.9961
134.7814 26.8449
134.7026 32.3430
135.0932 28.5001
136.1734 28.8129
132.3242 27.7595
132.6618 31.9545
134.6267 28.5021
137.6100 32.2849
137.4788 34.0366
136.1994 29.6734
139.2168 33.5717
136.4767 31.2646
133.9900 26.4041
137.3848 34.0032
128.0762 24.7117
133.0349 26.6158
134.9794 28.7260
139.1967 30.3345
129.7625 28.5383
134.4007 27.6447
139.6902 28.4412
136.0320 25.0297
138.1391 29.4142
135.0419 25.1843
137.4678 33.9827
129.2073 28.7574
133.0304 32.5668
137.0674 31.0066
138.2163 30.3882
127.6192 27.0485
134.9235 30.9699
139.2541 29.2545
131.3097 30.4053
137.6297 33.8285
133.9733 31.5083
140.1831 27.7983
136.9662 30.0138
132.4707 29.3032
138.0172 34.1892
134.9616 25.3128
133.9659 31.0362
137.5814 29.2337
137.0487 29.5667
135.3758 28.2333
139.0769 30.2009
137.0488 29.2004
134.5955 25.7051
136.2368 28.1372
134.1823 31.3475
132.8367 28.6874
139.6643 27.0370
139.1964 29.0911
138.4749 33.9663
135.1744 26.6957
131.0331 30.1092
133.7428 31.0322
139.7372 29.1099
138.8632 28.9291
135.3031 32.4520
138.4320 30.5720
139.6750 29.8158
137.1712 32.3248
139.4866 29.4079
135.5553 28.2462
137.2121 29.4070
136.2593 29.7119
139.3555 29.7111
136.5087 29.7010
139.2338 33.3578
133.8546 32.2983
137.8761 31.1739
134.0082 27.1391
135.5416 24.7474
133.9631 25.1142
136.1919 29.5707
135.2858 30.0291
139.5562 29.1259
124.1135 30.1966
134.2302 28.8253
140.7063 35.0455
137.3129 34.1328
137.4230 33.1996
132.5321 27.5100
138.6132 30.9643
135.2796 28.2391
133.8089 27.4045
137.4865 32.7126
135.1891 31.5962
136.8271 28.4702
133.3013 28.5179
132.5721 31.4205
133.8263 28.7884
135.1290 26.2565
128.2646 27.7977
140.0399 27.6706
133.1736 29.0796
137.7199 34.3230
139.8486 27.4895
138.5297 28.0400
135.1410 28.1667
131.7839 27.4841
132.6572 31.7825
134.7285 29.6466
139.6983 28.5191
139.1311 28.9195
134.6769 29.2149
135.1489 31.5338
136.9808 30.9193
134.7412 32.4923
127.2328 27.6765
132.7846 32.0024
136.6112 29.3883
139.2143 30.5237
136.0352 31.5215
138.2885 29.8054
133.0583 28.5207
133.7909 28.4608
138.2120 28.2423
136.3479 29.3550
136.1848 26.6992
128.7017 26.6651
139.4105 28.5282
136.4868 29.6086
128.5626 24.7354
131.6481 28.1417
133.9236 24.7669
132.9323 27.9956
129.6054 29.1595
134.1389 30.2654
133.1132 32.7719
131.1327 27.4283
137.4235 34.0092
135.2133 31.7000
137.4040 29.3890
138.0676 31.0813
136.6434 30.6946
135.5222 24.3412
138.6096 30.7024
134.9345 31.2718
137.7324 30.2622
139.5104 28.6732
136.8692 31.9646
132.0406 27.3571
137.7183 29.5926
136.7045 29.4196
139.0872 28.4474
134.3550 30.6924
134.0004 24.8678
134.8415 26.4965
133.4840 25.2848
128.5731 25.5348
130.7830 29.8259
137.3916 29.2405
132.7060 27.3324
139.3452 28.4636
131.6635 27.6708
138.4121 30.0303
133.9160 25.0848
134.6250 29.7735
134.9106 24.6280
134.2267 28.3376
137.4491 29.1493
137.6016 29.6178
138.8849 33.6017
143.6796 36.6066
134.9289 31.7111
137.2586 33.8817
143.0790 36.2130
136.5590 33.6593
139.0497 29.6628
135.3750 30.7183
148.2431 35.6409
136.4610 29.7457
138.9407 30.8554
138.4979 32.1564
136.6525 33.1798
139.4711 28.5471
140.0757 32.3240
139.3355 30.6919
136.6987 29.4223
136.7275 31.0736
134.1364 26.9189
136.6799 30.0697
134.9994 25.1019
143.8556 37.6831
136.4067 30.1581
139.1465 28.3496
137.1282 30.8849
136.5907 31.8388
139.0972 31.4246
143.6803 36.5286
140.8450 33.7272
139.2414 29.5594
137.3899 31.3488
139.8430 29.4542
137.2951 29.1987
133.6348 31.4887
136.9929 32.8310
137.6525 33.5312
139.6500 34.3602
136.4527 30.0282
138.9116 28.0664
126.7719 24.6980
145.2126 37.1431
132.4520 32.1007
136.3891 33.4814
139.3364 29.8886
144.9297 34.4732
144.9206 35.5258
122.3707 32.7759
145.6891 35.7411
139.2805 28.9941
137.3044 29.5227
139.1678 29.6342
136.1177 30.5806
136.5173 33.6099
143.7869 38.1194
138.9417 30.6830
137.5818 33.8764
133.0177 31.2817
136.4786 31.9050
139.1800 30.5938
145.9380 35.8491
131.4078 30.4782
139.1798 29.8730
137.4545 33.2045
139.6339 28.7236
139.7400 29.9292
137.3126 30.8894
139.1849 29.0861
137.6811 30.8368
134.9185 33.5510
137.6963 31.0036
136.4727 33.6106
142.8823 36.0066
138.8862 29.2909
135.2011 31.5269
142.7575 36.1121
137.2871 33.4882
144.9374 34.7435
137.6928 30.5004
139.0730 28.8903
135.1787 31.7082
150.6720 35.9675
139.1279 28.9742
136.5922 33.5408
138.3051 30.9525
136.6103 29.9611
136.5005 29.4320
131.4804 30.4061
138.9933 30.1930
139.0651 29.3910
145.6498 36.0495
128.6664 28.5430
139.4804 33.2062
133.2868 31.9048
131.6076 27.2092
132.5399 29.3171
133.1358 32.2251
133.1882 31.8899
133.7558 28.1098
133.2439 32.0662
132.1465 30.7302
134.5991 31.2820
133.3444 32.1487
136.3399 30.2984
133.7457 32.2569
136.4320 29.1305
135.2717 28.1207
138.3576 33.5886
133.7139 31.4333
131.3383 30.1753
135.2372 30.9670
131.1847 30.0005
138.2267 33.9857
133.4667 32.2463
133.2289 32.3239
134.9668 31.0078
141.0783 35.3313
135.2170 28.4452
137.1859 29.7408
133.3334 32.0707
133.5976 27.1585
137.0116 33.8286
139.3923 29.9493
134.3068 25.8184
136.7891 28.2540
140.3071 34.0297
133.6948 31.3927
128.0345 25.0034
133.9870 27.4630
135.0666 31.7391
133.5619 29.5865
137.9687 29.3223
134.3724 25.6196
134.5126 32.8239
128.7591 25.8119
133.8263 27.9740
137.8547 30.4331
134.2397 31.9677
133.5130 31.9913
138.9317 30.4774
138.8938 33.1814
138.5368 32.9365
138.9163 34.2812
133.0269 32.1707
137.5037 31.0575
128.1614 27.5471
133.0463 31.9356
134.3948 25.2335
133.9158 27.5583
139.1596 30.5699
133.0912 31.8349
134.3490 31.2076
133.7306 27.5567
137.4102 33.7207
138.6704 32.9200
137.0756 33.2330
133.4124 32.2105
134.5064 25.0553
139.6688 33.2935
133.5868 32.3525
137.8904 30.4961
138.1788 30.8454
130.9246 29.9500
136.8735 33.4150
137.1262 34.0686
135.0623 29.2735
135.2238 31.9157
134.7399 27.9231
133.8875 27.7105
137.8321 32.5386
139.3928 30.4574
137.4971 29.5156
133.9186 27.0381
133.4272 32.1958
133.7759 31.7837
133.0890 26.4469
132.0369 27.5820
134.6057 28.1028
138.8785 34.3870
136.3763 28.2145
134.1359 28.3750
134.3212 25.7058
134.2146 28.4858
134.1165 27.1974
134.0286 26.6889
138.3683 30.2712
133.7346 32.3834
139.3383 28.6786
132.8671 31.3560
134.6882 24.8709
137.6520 28.8808
134.3409 25.3098
132.8318 28.6242
143.6961 36.7932
133.7276 31.5504
133.6147 32.3434
133.1074 31.9859
130.9012 29.9255
133.7055 25.1743
133.4420 27.1700
134.0105 27.3839
138.1977 30.3589
139.5507 29.0142
138.3516 30.0433
139.2953 30.1433
134.2792 25.4957
134.4395 28.5738
135.6745 31.3211
127.4433 28.1524
138.8030 30.7700
134.5085 28.7236
133.1285 31.0816
133.8412 26.6268
134.9678 30.5110
135.1731 28.7208
138.3889 27.9426
131.9062 27.6695
134.2183 28.3506
131.0974 30.4068
134.2718 28.8358
133.8826 27.4645
138.0662 31.5283
138.7038 30.3916
139.2219 29.7287
135.3156 28.1151
136.0136 30.6495
134.2245 27.5721
133.6278 28.6613
139.7112 28.8285
128.7355 28.4775
135.3231 31.4305
132.2885 28.1985
138.6106 29.5926
128.6393 25.9682
136.3434 29.8658
135.1612 26.1709
127.5337 28.2812
130.9823 25.8485
138.3169 29.8791
134.1691 25.5836
132.5279 28.2965
134.0599 26.1810
133.0499 27.9777
139.7008 29.3019
132.3881 28.4581
132.4707 27.8701
132.9719 28.6773
134.2888 31.4922
133.0781 26.2988
135.2151 31.9705
136.0085 29.6753
136.0047 26.7409
131.5003 26.3732
130.5291 28.2432
126.4248 25.0859
139.0640 29.4517
135.7573 24.0229
129.1563 26.2882
130.7968 26.0833
135.3181 32.0685
133.4867 28.6759
138.0767 29.8209
131.9557 27.5160
134.5152 27.9337
136.4220 29.6705
139.6929 27.7951
133.7853 31.4287
134.4274 28.8525
130.9379 31.0721
138.9283 30.7271
137.1747 30.2795
139.4600 28.1348
133.4437 25.2320
137.4911 34.2782
139.2093 30.1846
137.5714 33.4483
137.8016 34.0027
137.6131 33.3648
138.0980 31.1186
136.4826 29.7359
135.1878 28.1287
134.3699 31.7127
133.0000 31.9911
138.3212 28.7471
139.5213 28.3158
137.2848 29.3910
137.6394 34.0505
132.2824 29.0514
132.9130 28.0618
136.6821 28.1493
134.2341 26.6248
134.2771 25.8416
136.7471 33.5154
138.6808 28.7970
127.7064 27.3222
139.8276 27.7806
134.6839 32.8110
131.4799 25.9851
136.0094 28.1000
134.0728 24.9945
137.1114 31.8558
134.1281 28.6501
139.4202 28.9490
132.5728 30.7786
136.4703 31.7524
134.7724 28.6855
133.5682 25.0422
138.2991 29.7700
139.8642 34.2415
141.1194 34.8502
133.6732 27.4549
132.5797 29.2941
133.2223 32.1889
138.6021 34.3157
131.8360 28.4667
132.5591 26.9323
136.7637 33.2305
133.7067 32.7907
130.7676 30.0266
135.4771 31.8188
137.1449 32.2359
137.5456 33.0850
135.2280 31.4797
133.5954 28.8506
132.6165 29.3924
136.5959 30.6183
134.8186 28.0073
132.0468 27.3347
136.0362 29.4032
141.8190 35.4768
136.2515 28.2453
134.9862 29.7751
137.6843 29.7496
134.9694 31.5448
132.5717 31.7820
133.0284 27.7845
139.8656 28.3986
134.9888 30.0334
138.1775 31.0396
137.4410 33.9265
133.9329 28.1292
139.4076 30.4284
138.0610 29.9990
132.9709 31.4063
137.2848 28.7151
133.9890 24.9732
139.8706 28.4865
126.6598 26.5945
131.1074 30.0188
137.8326 31.1130
133.1785 31.9570
134.9088 29.5927
134.5157 24.9840
133.9929 32.6109
129.4456 25.8196
138.1435 29.9576
133.9096 26.1145
135.5401 28.0851
139.6307 29.1501
135.4989 31.6797
132.5654 31.9045
136.3559 29.9756
136.3130 30.2187
133.8401 27.4118
137.8589 30.1320
138.6973 28.4838
134.9797 28.0231
139.2865 28.6532
134.5360 24.6908
131.3909 30.1756
137.0917 33.8568
133.7111 28.6303
134.9558 28.3553
137.1057 32.0694
139.3665 28.7876
134.9496 32.5880
132.0320 30.6775
128.9276 25.7057
133.1184 31.7731
134.3332 29.6296
133.9510 27.5211
134.6487 24.6169
135.0974 32.3043
136.9127 29.7984
130.8449 29.9429
133.2445 31.8261
132.8000 30.9894
135.0173 27.8437
134.6807 27.9237
135.4271 23.8794
135.1546 32.5840
139.3699 29.1682
134.5976 24.8949
136.2180 30.4103
138.8945 29.2323
139.9687 29.6041
135.4907 28.3276
127.8260 26.0520
135.1106 32.0846
136.8730 28.8745
125.4547 28.8780
127.4872 27.9299
127.2838 24.2498
136.6194 28.6718
127.6872 25.8473
132.7540 27.6937
139.5801 29.1445
129.0115 28.6979
139.0846 30.3899
134.0718 25.5927
137.0568 28.4064
133.9435 28.2468
138.2529 30.3808
134.2138 28.8886
127.8738 28.2786
128.1363 28.2324
133.6990 27.1741
138.0545 30.9407
133.0645 31.9930
135.0629 30.2440
132.7279 31.1799
139.7009 29.1948
132.8796 32.2597
139.2723 29.5879
134.4224 28.7598
132.7951 26.3992
139.4834 28.7829
139.2717 28.9559
139.3834 29.5615
134.6549 28.4360
138.5085 30.2238
132.6621 32.0089
135.0934 29.7335
134.0078 32.5096
139.9416 28.6051
134.3789 24.9173
131.6849 27.9869
136.9981 32.3006
127.6325 28.0103
134.4261 25.6561
136.2163 26.4950
134.9648 30.1730
136.9014 29.0070
138.6916 33.9808
132.1012 26.2067
137.6856 34.0697
136.8046 31.7182
127.6313 25.3921
134.0468 26.0092
137.7563 31.0519
138.6227 30.6917
132.2782 29.2664
132.9953 26.4939
136.8049 29.0044
132.4786 27.2160
129.9934 29.0129
138.6851 30.0415
128.3404 26.0810
134.7000 25.1808
130.7400 25.6591
137.7561 29.1565
139.6482 28.4221
133.5228 27.4100
134.8620 31.7621
133.9841 28.2782
134.1532 27.1671
134.8723 30.2325
131.0681 29.9546
137.2753 29.5607
139.5569 29.0900
133.8360 27.6801
138.4549 30.1647
134.8746 25.0087
132.3870 31.6202
129.6192 26.4851
137.8574 29.5077
135.2476 31.1717
136.7303 29.2534
134.7832 25.0030
139.6643 29.8698
137.6640 33.2340
133.5699 25.7033
139.4970 28.3146
131.3516 28.4572
134.8192 30.4246
126.5318 27.2436
134.9054 29.5085
133.8206 31.7456
135.0652 32.0715
139.2869 29.9791
138.6011 28.0109
135.9672 31.1492
135.2645 24.7903
133.8599 24.5897
129.8797 25.4300
133.6967 27.2454
136.9090 29.7120
135.8612 30.2764
133.5955 29.6188
127.6665 25.0483
134.6085 25.3950
134.0626 28.0666
138.4363 30.6872
133.8726 24.0188
130.6764 25.1452
136.2691 29.1093
133.4730 29.3037
139.0826 28.8463
138.0723 29.9521
137.4524 34.2193
133.3024 25.4391
136.6931 28.8656
133.7010 27.7310
138.1526 33.4681
139.3430 28.8205
133.4164 27.8717
129.7956 25.6415
134.1638 25.8259
134.3142 28.7000
137.7841 33.2314
127.7916 26.9509
134.0915 32.6523
134.2686 26.8422
136.1965 28.2447
136.4610 29.6539
135.4014 31.0726
134.9967 26.6339
135.5279 29.9650
133.6165 29.5209
130.4786 25.0964
135.4249 28.7418
139.7565 29.5586
134.4192 28.1566
131.4479 28.3963
136.0085 29.2475
139.6794 29.2954
134.6415 28.1859
139.2301 29.7677
139.5645 28.4060
134.6706 32.1334
139.2720 30.2300
133.8502 31.2057
133.4049 29.2497
133.0728 31.1467
138.1692 28.5917
139.2487 29.8476
137.2033 31.9577
138.0571 30.9978
135.4196 29.5644
137.7495 34.2993
135.7234 27.6977
133.2027 25.3254
135.0485 24.8362
135.1194 28.5434
137.6065 32.9407
138.6002 30.6175
135.0629 24.7368
132.7132 26.9354
133.9439 31.0920
132.5911 32.0389
137.9491 30.9210
136.5734 30.4637
132.4212 28.9992
134.5957 25.2928
135.0242 30.2703
136.8952 32.0066
138.5283 30.1370
138.7418 29.9240
135.4032 31.1362
138.8820 27.3579
134.9330 31.2040
134.1411 25.6279
137.4812 33.4930
132.0469 28.8339
134.9792 29.1211
138.4970 29.3257
135.2291 31.5085
138.5898 32.1791
139.6423 28.5141
139.8649 28.5048
131.0964 30.0117
134.4667 24.7605
134.4814 31.6100
137.0509 30.9007
134.4315 27.2813
137.8214 29.4795
133.8117 29.6712
137.5326 29.3001
137.1492 28.8638
134.5050 29.9545
139.1349 28.7721
136.3018 29.3556
139.0202 30.3365
138.8191 28.4469
134.2471 32.6597
138.1764 30.8836
135.7744 30.4524
134.8117 29.3891
134.7074 29.3454
135.8902 30.6749
137.1754 28.8095
135.8516 27.7806
139.1222 28.7101
133.8860 29.4058
134.2278 27.1391
136.2830 29.3356
127.2059 24.2699
139.0484 30.5310
139.4136 29.1371
136.5901 27.9635
135.1102 28.7620
138.9013 30.6127
134.1133 29.4473
138.9779 30.6971
139.0576 30.2480
132.7209 27.3450
139.3370 28.6973
127.2925 24.0671
139.8607 28.2969
134.1879 26.8375
137.7086 33.9985
136.9700 29.6339
138.2583 33.7799
139.7382 28.2456
138.0264 31.0183
134.4693 27.4620
137.8113 29.6002
137.4094 32.3722
138.8769 27.5326
139.8824 28.2775
133.7693 31.2388
133.8080 31.6116
138.9039 30.2936
135.7655 30.7222
133.8396 32.3158
133.1970 26.5935
139.6113 28.9787
139.8078 28.2378
134.2727 26.7031
138.1194 29.5711
137.8096 29.5778
133.7451 27.4371
131.7615 28.3923
134.9300 30.5653
134.5291 31.6289
131.4885 30.2981
137.7045 33.4501
137.3119 28.9549
139.3450 28.5741
133.3181 32.1833
134.8778 29.3481
134.1305 26.6909
138.7850 30.6825
132.5380 31.9274
138.4218 30.0687
139.1592 30.3515
136.5836 29.3314
134.5327 31.4556
136.3740 30.1720
134.0803 26.9205
137.3994 28.3863
139.1171 30.1549
137.8141 29.4699
138.8828 29.7744
137.9591 31.0666
137.7113 34.0350
137.1602 29.3076
137.1377 32.0870
138.4192 30.1099
133.9727 27.5381
133.9458 30.4792
131.1566 30.1749
138.4546 30.6345
130.8838 29.9150
134.8421 29.1140
133.9947 31.7947
127.2822 25.0488
133.8963 30.4409
137.7170 29.8804
138.3780 30.1182
137.1578 29.1511
134.5060 27.3406
139.6886 28.4868
133.7849 28.2186
137.3231 29.1569
133.4615 31.2349
138.3894 29.9961
123.7162 28.7111
135.5302 23.6185
134.6873 25.3876
134.8073 27.7009
132.4323 31.7987
134.1370 27.9137
139.3273 28.9383
130.9528 27.0813
133.7966 26.9812
141.2974 34.8025
137.3932 32.5165
133.9092 26.6193
135.4217 25.7767
139.3005 28.4872
135.6223 31.4914
133.6664 28.7530
133.7496 27.7011
134.7851 24.5446
135.2486 31.9908
134.4771 24.7200
126.3770 27.1883
135.8343 31.4966
132.1415 27.8169
132.5658 27.8186
127.3667 28.9077
134.9334 20.8277
134.2977 29.1434
137.5696 33.9024
137.9024 28.4107
133.9531 24.7754
138.3636 30.4215
128.9040 25.5843
137.6148 33.1032
131.5371 26.9559
134.0853 25.3477
135.2564 23.7653
136.9401 31.9665
134.4885 25.5446
127.8206 24.1469
135.6125 29.0968
129.0585 25.8402
129.6316 29.6520
137.5477 31.4717
134.2869 24.5200
135.2742 28.5838
131.5344 25.4161
133.1959 25.4045
135.1964 29.8957
127.3599 25.3573
133.8026 30.4712
135.2676 27.2434
129.0728 25.8462
134.4444 24.9339
139.0039 29.9881
138.7760 30.7182
133.0961 27.9274
138.2126 30.9270
137.7313 30.0827
130.5501 26.5769
133.8208 30.6030
132.5488 28.1619
130.9360 30.0197
134.8435 29.6022
131.9763 28.6991
127.3294 27.4887
137.1717 27.0827
133.0400 26.4268
130.3902 26.2233
127.5235 25.8823
126.4756 21.7891
136.9643 30.1409
144.2667 37.6958
136.6033 29.7520
137.0988 30.9386
136.7603 30.9562
137.6039 29.7665
140.5189 34.8132
137.2804 33.9134
139.1341 30.1732
137.1467 33.9265
137.9660 30.1830
139.5957 29.2283
139.5046 29.3771
136.9060 33.2691
137.1963 29.4704
136.5084 33.4536
137.1497 33.8568
137.1889 33.2272
139.5126 28.8312
137.0930 33.7488
138.2833 29.2420
139.1419 30.1322
138.5066 30.9098
136.5431 33.4795
138.7378 30.6835
137.1746 33.1119
141.1337 34.1158
136.6395 33.4423
137.2700 33.5155
136.9601 30.8488
137.1819 33.8729
139.0062 34.5223
137.0367 29.2644
136.5880 29.6140
138.8287 28.7810
144.0623 37.4897
137.2903 33.3598
138.4174 30.9954
141.7594 34.3957
137.2422 33.5176
137.1287 33.7542
137.3345 33.9576
138.2570 30.7157
137.2813 33.8587
138.6302 31.0337
136.3589 29.2442
136.9889 33.7767
143.9913 37.8312
137.0810 29.5786
138.7780 30.8685
140.1786 33.3159
138.5610 28.8364
137.2257 33.6086
140.4128 34.7735
136.9850 33.7812
136.6352 33.3458
144.2031 37.8370
136.2334 29.3049
137.2647 33.3273
136.8530 31.0592
137.3893 33.6852
139.3319 28.8442
139.1461 29.8462
137.3119 33.9202
138.1709 29.2565
137.3734 29.7378
138.2881 30.6255
137.1764 33.6942
137.7651 29.8736
143.9195 37.3503
136.5707 29.8373
141.2168 33.4525
137.2713 29.4903
136.5347 29.1144
137.2641 33.5072
137.4715 29.0020
143.8734 36.9670
138.1584 34.1230
141.0866 35.1725
137.6060 34.1428
137.2772 33.8586
138.2487 34.3184
137.0895 33.7713
138.0964 34.1243
138.7398 28.3248
136.5097 30.4940
139.6893 28.9389
137.3557 30.8646
137.3364 33.8740
143.8135 37.2372
137.0559 33.8668
136.4991 30.0159
138.6500 29.7656
137.3601 29.6322
136.9691 29.3858
138.1712 34.2672
137.1091 30.3181
138.9376 34.4913
143.9014 37.2782
135.1172 28.0409
139.2515 28.6083
140.7112 34.9931
136.6838 30.6986
143.9797 36.9399
138.7828 30.9743
136.8661 33.3325
137.9699 34.3691
136.3474 33.3074
137.2329 33.3836
139.0144 34.5212
137.3253 33.8562
137.4245 34.3328
137.0522 30.1648
136.3958 29.0943
138.1238 30.2652
136.7814 28.9566
137.6537 31.0810
139.0616 29.5535
137.3592 33.7550
143.9350 37.4039
136.8448 32.9436
139.2416 28.5656
137.2776 33.4068
136.8600 32.9842
136.6847 30.1975
136.8649 32.9623
138.3708 34.2166
137.3283 33.8360
139.4668 29.3610
138.9720 30.5273
138.0556 30.3429
137.0160 33.7588
139.3827 32.9715
138.7829 34.6124
138.2028 29.3963
137.0224 34.1528
137.9920 30.2297
136.2889 33.2151
137.3839 33.9090
136.7649 29.1129
143.5681 36.1774
137.0962 33.7955
144.1206 37.2045
138.9195 28.6754
137.7776 31.0836
139.7574 32.8442
139.0278 29.4792
137.8772 30.0372
139.4242 32.9301
137.2683 30.4330
137.2145 29.8170
139.4342 34.6375
137.8947 30.7194
136.8545 29.5610
139.0889 29.6982
137.4996 33.9822
136.4544 29.3042
137.8449 34.3225
137.2617 33.4422
137.5673 29.5251
136.7021 28.4892
136.8768 30.8171
138.1503 30.8967
139.4606 29.4176
138.2996 31.2252
137.9021 30.1054
136.0624 30.2799
143.7531 35.6671
136.9499 33.2166
136.5909 29.5685
136.8423 33.2432
138.7609 30.5410
137.2337 33.6009
137.6834 34.0416
137.3187 29.6256
136.5991 33.4697
139.6401 34.3320
144.3209 37.9532
137.4714 29.8969
137.9911 30.2940
137.0629 33.8307
139.1469 30.0218
137.5547 29.7404
144.5589 37.9512
136.6822 33.3204
137.1603 30.9327
138.9378 30.4267
137.2621 33.3389
136.9063 30.3626
135.8937 29.5781
138.4019 31.1324
138.6797 30.7630
139.3405 29.9192
136.7160 33.0177
136.8483 33.3541
137.6985 31.0733
136.7225 30.7148
137.0287 33.8257
137.2332 29.8271
136.1710 29.6714
138.9348 30.4380
138.5889 29.1321
136.2442 33.2894
137.3997 33.6789
139.5755 29.2338
136.5263 28.7853
136.8679 29.5748
137.8529 30.5069
144.0997 37.3270
136.4906 30.7560
137.8110 30.4910
138.8368 29.1646
139.4597 34.5703
139.6864 28.8983
137.3938 33.7558
139.3934 28.7882
137.0197 33.7278
137.2063 33.6613
137.3863 33.7377
138.5104 31.0813
137.4475 33.7283
138.0805 34.2720
137.2363 33.8944
137.0839 33.7123
137.7818 31.0681
135.8915 30.0480
143.3495 36.6024
136.6425 29.7123
136.9761 29.7285
136.8323 30.9881
137.3375 29.3682
136.8754 30.7552
137.3113 30.8910
139.4731 34.5251
143.0233 35.8150
138.1719 30.5880
138.7396 28.3165
138.5297 29.4810
136.3205 33.3628
137.1575 33.7326
136.6108 33.4626
138.5373 34.3306
136.5822 29.7922
136.8679 30.3861
137.4236 33.6419
137.3318 33.8727
137.6721 34.1076
137.3208 29.5912
138.0002 29.3888
138.0594 29.2669
136.5639 29.7856
139.0101 29.6609
140.9891 34.4128
143.7298 35.7974
136.6014 29.7694
139.1396 28.5153
136.5869 33.4953
140.7720 33.3488
138.8816 30.4608
136.6112 29.5888
136.9205 29.1582
139.1186 30.2905
138.7156 30.0336
138.9164 30.4336
137.3854 33.8395
138.1077 30.1537
137.5808 29.0278
137.1031 33.0658
137.3892 33.7829
148.6325 35.8221
144.9768 34.6528
137.2725 33.5120
137.0603 33.8175
138.6982 30.6219
137.9086 34.3097
137.5007 31.0472
136.5291 29.6020
136.4038 33.2124
136.6262 33.4763
143.9877 35.7407
137.3177 33.8810
137.3587 30.9222
138.8543 28.7459
138.9147 30.4536
137.8908 30.0737
139.1558 28.5224
139.4384 29.1259
138.6190 28.9301
137.1006 33.0444
138.4023 34.3679
142.5880 35.9234
137.1804 33.0833
138.6058 29.6607
137.0887 33.2043
137.3974 31.2894
140.0383 33.3738
139.1785 28.5630
138.2430 30.5360
136.0831 29.8252
136.3871 33.2917
139.0554 29.5104
137.7688 34.2194
139.1018 30.3123
135.8972 30.1496
137.2687 30.0047
138.8918 28.6817
136.7890 33.5587
139.2601 28.6178
138.1039 30.9230
136.5910 33.4977
137.0906 34.2027
144.0166 37.5556
136.3877 29.7680
136.2773 33.2206
138.6165 28.6753
137.1390 33.3371
136.8199 30.8025
137.2034 33.4630
138.5638 29.4933
137.2739 33.4266
137.0147 33.7683
138.6766 30.5615
137.4095 33.6002
138.7548 30.4287
137.1109 33.8168
139.1152 29.8774
137.1272 33.8193
139.1276 29.8577
