133.6124 29.3253
135.0324 27.9123
134.3043 26.8460
139.7402 33.4253
137.7180 34.3212
132.4125 31.8080
132.3481 31.0538
135.0175 28.3028
137.2872 30.2043
127.5225 27.8050
137.3815 28.3282
137.3530 32.9804
137.1072 29.7179
132.6235 27.8441
137.2834 28.6329
134.3701 28.7920
136.2625 29.5268
133.9491 32.0799
132.9707 32.3252
137.9913 28.6989
132.3943 31.7554
135.1329 29.5964
135.8422 29.9823
137.8801 30.3567
138.2298 29.4642
136.3925 28.1123
133.7942 31.8439
136.9835 33.4764
136.7090 33.1249
135.6298 28.3514
138.0386 29.1811
139.1449 29.3487
136.6370 28.4222
138.9122 29.1607
137.9249 30.0911
132.4908 27.5759
137.6717 29.8619
138.1244 28.9020
134.2271 28.8520
138.0108 29.7968
137.5411 29.9752
135.5763 30.0994
135.9766 28.9202
134.1359 28.8882
138.0480 28.8900
135.0068 28.1369
136.5312 33.3380
137.6026 29.8397
137.2347 28.7043
136.0191 27.9725
136.7088 32.6298
132.2134 31.1868
133.4856 32.3725
137.5901 28.3922
130.9605 27.1817
137.7009 28.6780
132.9458 27.9814
136.7650 33.3064
136.7286 30.3868
133.2762 26.6213
136.3481 32.4175
132.4121 31.3177
131.8011 30.4071
135.0000 29.4671
132.2705 27.2928
138.0918 29.6750
136.9691 28.2249
137.6756 30.3917
133.8900 32.1580
136.8906 33.0320
136.7204 28.4425
133.5783 31.5571
134.9920 27.1807
136.8916 28.2167
133.9727 28.7632
135.4012 27.3472
138.5497 29.2441
135.7486 29.3199
133.9980 27.6213
138.4971 29.7836
133.6371 32.2921
132.3707 27.9007
135.0948 26.8254
135.3929 29.8773
134.8330 27.4683
139.2444 29.4656
135.5414 27.7480
135.6372 27.7170
132.2909 31.1431
136.4458 29.0325
132.1739 31.0770
127.8238 27.9039
136.4961 27.9911
138.0611 30.1616
129.1078 29.4057
137.6830 28.5987
135.1776 27.7313
138.8550 29.2844
135.7686 29.5522
136.7837 28.0816
134.1716 26.3486
135.0951 28.1651
137.6934 29.6994
132.5103 31.2387
138.9790 29.6686
134.4967 27.0961
135.8004 32.4479
132.8678 27.9072
134.3715 26.5878
137.4020 30.1890
134.2346 30.4675
133.7197 32.3983
135.3299 28.1673
137.2796 29.9368
141.1472 35.3063
134.9715 29.1087
138.6872 34.3728
136.6432 33.2734
136.1835 28.1685
135.7718 27.7596
133.4185 32.3963
133.8031 31.9297
137.0572 30.2704
136.7829 32.4732
138.0892 29.5687
135.8980 27.9983
133.7670 28.9896
138.9215 29.2146
132.5421 30.5512
133.5172 32.4123
133.5541 31.7369
136.5755 29.1466
136.8838 33.3577
135.9537 28.8686
135.7486 28.1700
135.1939 30.0518
137.4537 30.4582
135.7721 29.3682
137.0235 30.1207
134.7398 28.5239
136.1667 27.6904
134.8501 28.2558
133.1958 31.7408
136.1453 31.2888
136.6737 28.2865
135.2849 29.3936
133.8682 32.1175
138.7666 28.9426
138.6354 28.4490
133.5544 26.1280
134.6255 27.4712
136.8306 32.5274
137.0680 28.3770
132.3575 31.1491
132.4784 31.2531
133.2903 32.3864
136.9050 28.9891
133.5920 32.3345
136.9280 30.7227
133.7484 32.3609
133.0459 30.7372
132.2365 31.1675
132.1023 27.8418
132.6361 32.2029
137.3785 28.4667
134.2346 26.9548
133.7715 32.3125
138.3875 29.7578
137.3699 30.6767
141.4475 33.6933
134.7494 29.5975
133.7155 31.7768
133.8620 32.1899
138.9847 29.2782
138.3446 29.8943
132.4140 27.7559
137.0892 33.1190
134.0315 31.9794
138.0791 30.0109
134.9201 31.2591
133.8080 31.9871
130.6644 28.5578
136.8516 33.4062
135.7864 29.4414
135.3343 29.4832
134.8416 28.3326
136.1987 28.2118
138.3895 28.2172
137.1561 33.4888
133.9932 32.4472
134.5258 28.6007
137.3512 29.9962
133.8683 32.2841
131.3033 29.8629
137.7106 30.1098
135.1563 27.9279
138.6593 29.2823
137.0171 32.1942
138.5935 28.5790
138.2643 28.5785
135.3342 29.5281
136.3664 32.9143
131.7574 30.2830
132.4060 31.2114
138.3351 30.0457
136.6222 30.2287
132.3811 31.0666
138.3259 28.6863
138.8915 29.1897
134.6876 28.4123
134.3881 29.3595
138.4030 29.9183
135.7339 30.7191
135.7154 28.0286
130.8458 26.8074
137.3003 30.1995
137.4172 30.3335
133.7939 32.0014
136.9746 33.2492
137.9960 28.5059
137.2361 28.3190
133.0768 31.2833
137.0452 32.9267
138.1588 29.5359
135.0787 27.9450
136.7611 27.9640
129.8811 26.0837
137.6074 29.9210
134.8950 29.4382
138.5510 28.9336
134.4997 29.4177
137.0448 33.3157
135.1435 27.9604
130.5052 26.3931
136.8297 30.4113
136.8823 28.7187
135.8591 28.1220
134.3224 28.8902
138.1971 28.5356
137.6878 30.0028
133.3270 32.3963
132.3365 31.8523
137.0730 30.0037
127.4224 28.0845
139.9324 34.6374
138.1877 29.0252
136.2821 32.3199
134.4026 26.8020
132.3679 31.1486
130.7044 26.5987
134.0743 32.4886
132.7492 31.2899
135.3534 28.2560
135.7923 28.4786
132.7450 32.0032
135.6973 28.2192
134.3843 27.0092
137.2188 28.3667
139.0470 29.3191
133.0841 31.3413
132.5249 32.0569
135.7799 29.0387
136.8202 30.2449
138.7490 29.8684
137.3502 30.1583
136.8933 33.1143
137.0385 32.9461
138.8058 29.6532
135.3381 29.1391
135.8168 27.7705
136.1030 29.4316
133.9494 32.1485
135.7540 27.7541
133.6240 32.2524
134.1741 28.8815
138.1702 30.0292
138.4589 28.4243
136.6044 28.3269
134.9257 27.3371
132.2866 31.3910
138.7577 29.0790
133.1147 28.1102
136.9462 28.6958
134.6413 26.6196
135.1389 28.2948
134.6642 27.0920
130.9179 27.1042
135.7986 30.9858
137.2179 28.5243
138.5869 28.8901
141.0749 32.9399
138.6140 29.1140
138.7659 28.5938
135.5842 27.9012
138.9822 29.3127
132.8379 27.7636
137.0661 30.4198
130.8826 26.8001
133.9408 29.7456
132.5547 31.1295
133.7969 32.4310
137.7040 28.4561
132.8777 30.7032
136.9584 33.0943
137.8402 30.2422
132.1936 31.3946
136.0958 28.4715
133.3835 28.4080
138.6552 28.9366
137.1906 30.5572
130.6647 27.1015
138.3559 29.7169
136.8992 33.2854
132.2785 31.2975
137.4967 30.1882
134.5931 26.6249
130.9525 26.6756
133.9429 29.8667
134.5368 28.1936
128.8414 27.1337
138.3903 30.1317
133.6295 31.8602
136.9500 33.4647
138.4680 29.1094
138.6292 29.7270
138.0625 29.7464
133.5402 31.6263
138.2378 29.9941
135.3470 27.8785
138.7580 29.0383
137.6648 30.2966
137.9520 30.2322
135.8333 27.8588
132.9858 30.7703
134.4146 30.7667
137.2428 28.4753
134.9765 29.4862
135.0932 28.0345
136.8093 32.5546
133.9632 28.6819
132.7458 31.1804
137.5384 30.5433
135.4245 29.4252
134.8967 27.0974
128.3410 27.0599
134.0665 26.8891
136.7957 33.3123
135.1426 27.0044
133.7302 29.3175
137.3820 33.5374
137.0510 30.2982
137.9188 29.8019
136.4171 27.9667
136.9499 32.9622
137.1134 30.1949
138.9318 29.4933
138.4860 29.9710
135.6210 29.4448
136.4321 30.2930
138.1634 29.5447
137.1743 28.5267
134.0274 32.5993
136.8395 33.0667
127.0994 27.4340
131.3670 29.7850
133.6239 32.2138
138.2932 28.5934
133.8161 31.7997
137.1958 30.3777
133.8785 32.4445
132.6561 32.2428
136.9186 33.0189
137.1595 30.2001
138.2442 28.7419
137.4005 30.1044
137.6119 29.8489
136.9272 28.1421
135.3268 31.6594
129.2758 27.2460
138.4864 32.6792
136.3520 33.1162
133.6836 32.4913
137.6624 29.7953
139.1106 29.0492
136.9552 32.6489
134.2693 28.5494
135.8613 28.4882
133.6780 28.4968
133.8244 28.8037
136.5180 27.9652
133.3119 28.8326
134.6567 27.2344
137.4867 30.3355
136.3065 33.0911
133.6299 28.7972
138.4684 29.6267
133.7506 26.1869
135.2164 27.1906
133.8633 31.9882
133.5101 28.9632
131.3465 27.5324
137.9349 29.8718
138.2715 29.3538
138.6916 28.9999
134.7356 28.4521
134.3306 28.3775
137.0758 30.2984
132.2438 31.2795
136.8276 33.1588
138.7172 29.8702
133.9648 32.0404
137.1638 30.5355
135.5567 27.4942
135.5518 30.3555
137.0593 32.3020
132.6676 31.3972
134.9859 27.8862
135.8979 32.4250
136.1353 27.7604
138.4119 29.0854
132.7890 30.6551
138.2683 28.4288
139.1223 29.3390
131.2135 29.8509
132.7673 31.4476
136.7516 32.9133
132.3690 30.9967
136.9494 33.0814
135.1869 32.4614
137.8471 29.9622
134.3088 29.3171
132.1434 31.4635
132.3797 27.5950
138.9628 28.8224
134.5347 28.6046
137.9966 28.4661
137.2294 28.4492
140.4257 32.6863
138.9742 29.3113
138.6081 29.9081
134.0052 32.5119
133.2063 32.0779
133.7515 32.3865
137.1946 28.2745
137.7808 29.8521
137.8954 29.4552
132.5422 27.3897
135.4583 29.8907
131.4280 28.0787
137.9820 28.7349
135.1161 29.8462
135.3998 27.5379
132.4049 31.3793
138.3939 29.2294
133.9838 29.4112
134.7968 27.4424
136.6787 30.2682
136.7145 27.8716
130.4172 27.5734
136.7104 33.1985
128.2576 29.2856
136.5507 28.5852
134.2161 28.7102
141.7980 34.4676
133.4003 26.1578
138.7602 29.3209
136.8182 28.1568
135.2343 27.1954
133.6189 28.9424
134.8374 27.2487
140.7993 33.1149
131.9484 30.2533
136.0552 27.9281
134.1389 27.0261
133.2016 30.7980
135.4089 28.3294
132.3789 27.5692
138.4497 29.2199
135.3161 32.7718
140.0668 33.2459
136.7474 33.0149
140.0459 32.8508
133.8723 28.6434
138.7091 29.8195
127.3427 27.9523
132.2498 31.0785
137.6918 30.4327
138.7467 29.4782
135.0943 27.9428
137.5918 29.8870
135.7754 28.1189
137.6539 30.1252
139.0083 29.5048
138.9358 29.6166
137.8038 28.4992
135.5481 27.2007
134.0361 32.5555
134.7982 28.4637
138.4791 29.5359
134.0251 28.4158
135.2342 27.9081
136.8631 28.2544
135.3474 27.9374
137.1976 30.2851
131.4434 26.5183
138.4204 29.9798
128.2399 29.6915
136.4425 28.0256
136.8000 28.7806
132.2851 31.1407
132.2969 31.1669
138.2590 28.4370
135.3534 29.1068
137.9412 29.6573
138.9188 29.1220
137.5429 30.3932
127.9816 29.0283
138.5739 29.6195
137.7008 30.3613
136.7977 30.4839
137.0383 30.0391
135.3352 29.2890
137.3009 30.5256
138.2236 28.7260
139.0143 29.2173
132.3192 31.2353
136.0149 27.6823
133.0815 32.2939
133.7137 32.2475
131.3499 27.3893
138.6102 29.7919
132.3159 31.6401
135.1962 27.7117
139.0665 29.1491
138.6762 28.4913
139.2541 29.4385
138.7196 32.4425
135.1546 27.7829
135.6790 28.1230
135.2353 27.8607
138.0156 28.4444
134.2261 28.5578
138.2746 30.1593
138.9898 29.4099
138.0893 30.2628
133.7200 32.0869
134.1309 32.9617
135.6521 27.9049
135.6364 27.8969
135.4536 29.1438
138.8986 29.7909
136.1769 28.9242
138.6856 30.0060
133.6027 32.3079
138.8707 29.6409
133.9019 32.1104
131.0594 27.4154
134.4744 26.8872
133.6530 32.1453
133.8565 32.0395
134.8936 29.8041
135.4312 29.4509
137.9952 29.7973
132.6452 32.1868
130.9406 30.0621
138.6990 29.3968
133.8725 32.0028
133.5735 32.3453
132.3732 31.1098
137.7621 30.3184
137.4523 30.2403
135.8253 29.5412
132.3369 31.7601
127.8456 27.4750
139.1407 29.3707
132.2541 31.5179
134.6955 26.4752
139.0211 28.8523
137.9048 29.9298
138.5181 29.7901
134.0170 32.1749
133.0384 28.3453
139.1195 29.0873
137.5582 28.7013
138.1238 30.0968
137.6803 29.7480
133.5775 28.9343
133.9239 32.1562
130.8642 26.9680
136.3718 31.5114
137.7154 30.6779
137.1433 33.5579
136.8423 30.6163
139.0326 28.9374
136.8689 32.6106
138.4134 30.2204
138.8757 29.1559
135.8669 29.7753
136.1534 32.3811
137.1354 29.6657
131.9575 30.0690
136.4292 32.4178
138.4460 28.4900
136.1113 32.4700
139.9540 33.0897
137.2571 30.7110
137.2943 29.7586
137.2532 33.5400
136.5535 33.3380
139.3720 29.5862
138.8279 29.1870
136.7625 29.0699
135.2927 30.4196
137.8040 29.7620
137.0274 32.9046
131.6911 29.7638
136.7556 32.7253
137.1371 33.3529
137.0062 33.4636
129.1203 29.5859
137.6479 29.4736
128.4093 28.1566
138.7279 30.1926
135.8755 32.5058
138.7337 28.9250
136.3002 29.2316
136.9294 29.7603
136.9353 29.9600
136.2417 33.0346
136.6038 30.6170
138.8069 29.3975
138.0532 30.3340
135.5354 30.3833
137.0694 32.9346
137.5973 29.6524
137.6940 30.3293
129.0568 29.2743
138.6751 29.5385
141.5975 34.5113
136.5072 30.0832
128.6084 28.9660
137.5504 29.5769
135.9155 29.6859
136.2088 31.3462
137.5963 29.3438
132.0848 30.3676
138.2197 28.9589
136.6701 29.1486
138.0772 30.0550
136.7161 33.4729
128.5225 28.8640
136.6051 30.3419
135.8521 29.4309
137.4449 30.7637
136.1936 27.9323
139.5757 33.0002
136.9217 33.0563
131.9147 30.3224
136.8235 28.5174
137.3215 33.2648
138.1640 30.0154
127.8142 29.2500
136.9241 28.4509
135.4826 32.9454
137.9618 28.9956
141.5809 35.2628
137.6972 29.2702
141.3853 33.1351
138.1689 30.0155
141.9158 34.5574
137.6958 29.5134
138.7568 29.0833
137.9616 29.4386
139.9219 33.3213
139.3869 29.3481
138.6564 29.1579
136.1533 29.2583
139.0505 28.8546
135.6962 30.8483
137.1593 33.2843
138.3619 29.1706
138.3370 28.4830
135.7627 29.7014
136.2143 32.9277
139.8272 34.6722
136.2180 28.0894
136.8459 30.6065
138.8828 29.4181
135.3922 32.7172
135.6619 30.1746
140.2467 32.8045
138.4191 29.8387
137.5514 30.7128
138.7560 28.6997
136.2794 32.4003
136.4963 29.1979
135.7968 30.4052
136.7595 32.6089
137.0276 29.0842
135.9585 29.5135
137.9101 34.3392
135.8096 29.6926
133.3647 31.1405
137.1529 33.5280
136.9960 32.9717
136.9035 32.7055
135.9507 29.4219
139.8237 33.4024
139.9045 33.4166
137.0209 29.1290
139.0282 29.9136
137.1980 33.7781
137.1052 32.9824
137.0573 33.1095
136.2708 29.5475
135.7682 32.5241
135.7164 30.6314
132.1710 30.4709
136.9687 33.4177
137.2106 30.3051
136.9688 33.5718
140.2792 34.4401
137.8027 29.7015
137.2487 33.6928
141.4083 34.9649
136.2671 29.2285
128.7887 29.0856
135.2604 32.9858
136.3522 32.4346
141.6540 34.5003
138.3350 30.3115
136.1993 29.2923
138.1367 29.6704
135.4703 32.6910
137.0732 33.6199
136.8391 29.1149
137.0714 33.1712
136.8594 32.6312
137.4542 30.6935
137.4038 30.3752
135.4715 32.8128
139.3031 29.4385
136.6394 32.5250
136.6484 31.7694
136.9441 29.0684
139.0432 29.7589
136.3929 29.1499
131.8595 30.2332
137.0371 33.0261
135.6398 32.5766
139.0225 29.3983
137.0478 33.0181
137.0067 32.9201
134.4203 28.7350
137.3427 29.6342
133.0935 30.8599
135.9270 29.3551
140.0912 34.5384
137.2093 30.7369
136.2614 29.5694
138.1413 29.8551
137.1979 33.4235
135.5670 32.7446
137.5712 29.6680
138.9188 29.6290
136.5324 33.2554
137.0204 32.7471
137.1506 33.3765
135.8103 30.7859
136.8716 32.6369
138.4085 29.0906
136.8057 32.6046
138.6671 29.2276
138.5735 30.3466
137.1186 33.7168
138.1592 29.6800
128.3263 28.0611
127.7026 27.8248
138.0939 29.6783
137.9136 29.7210
128.8027 28.1075
137.0563 33.5911
136.7560 29.1881
137.0249 33.2669
139.1659 29.7454
137.0286 33.6618
137.5164 33.7721
138.9954 29.9842
141.5761 34.4593
132.0000 29.9086
138.5771 30.1624
140.6810 34.0555
137.8338 30.4462
136.9206 32.7558
137.7795 30.5743
136.5809 33.4174
127.9421 29.0515
138.8822 29.4528
131.8751 30.3938
138.4953 29.0884
137.0790 33.0225
137.0853 33.5900
138.0060 30.3868
137.0991 33.3094
137.1097 33.6333
137.2202 33.3259
136.9646 32.7928
137.0227 29.0700
137.8097 29.2279
138.8501 29.7244
134.8088 28.8249
135.5001 32.9205
136.4252 32.6740
135.4757 32.7433
133.1031 30.8133
136.9536 32.7962
135.9594 28.7534
137.8341 30.4949
141.6940 34.9032
135.9066 28.1070
138.3101 34.5810
136.3085 33.0568
134.4359 26.4814
131.7323 28.1922
136.8512 28.6877
129.8624 29.9880
137.5095 28.5640
135.6273 28.2025
128.1219 29.6297
128.9269 28.0294
129.2706 28.4013
135.9041 32.8153
134.9323 26.8149
137.9481 29.8678
135.1246 29.1560
137.0101 33.3985
132.7419 32.2848
135.0189 28.8288
139.7695 32.6299
137.0908 29.9963
138.3982 29.0613
135.5547 33.1133
134.1915 30.8214
135.7065 29.4194
136.6920 29.3608
136.9827 29.9414
136.5906 33.4188
139.2076 29.7986
138.6846 29.3086
136.6666 30.5059
132.2777 30.9267
138.7354 34.4879
135.7395 27.8642
133.2855 32.7511
139.0740 29.3566
126.1558 31.6065
129.3241 27.2103
135.0773 27.2317
127.8320 28.0740
138.8758 29.2622
138.0526 29.5843
139.9927 33.2649
139.0562 29.3409
136.3416 28.0233
136.7969 32.6800
138.9903 28.5911
137.9403 34.3391
139.2425 32.5964
135.6337 27.7281
136.9602 33.3169
135.0607 32.4205
136.0563 29.3023
134.4259 28.9024
137.9593 29.0713
135.3387 32.7355
133.1712 30.8492
138.1850 29.6038
135.4550 32.8698
138.0612 28.2435
136.9270 30.1117
135.5407 28.7074
135.6268 33.2496
136.3104 28.4609
136.6864 33.0055
136.9941 33.5875
135.3946 31.6984
140.6966 33.1401
136.4099 28.0725
138.8696 29.8833
135.1876 28.4326
135.3855 28.6808
136.0920 29.6601
135.4297 28.0861
139.1529 29.2350
134.8929 27.2462
138.5900 30.0460
128.7886 27.9878
138.8994 29.7854
136.5043 30.1251
137.6111 30.3198
138.9540 29.5752
136.5109 28.4791
136.0365 29.3769
138.8238 28.7059
128.6945 28.5112
135.2144 28.5730
134.3166 27.3017
136.9469 33.2508
138.9480 29.3671
131.8214 29.9040
138.8914 29.7062
138.1684 30.2433
139.8602 33.3842
135.5364 27.4016
139.0822 29.7131
134.9549 29.7318
137.1107 30.2051
128.2543 28.0550
135.5117 32.7136
139.0337 32.5006
135.6690 30.4294
138.4377 29.4480
133.9134 29.8983
131.9552 27.2020
136.7111 30.1358
135.5026 32.7298
138.5271 29.9336
134.5060 26.5460
136.8859 28.4786
135.9038 29.7523
137.5438 33.7355
132.6207 31.1093
135.2883 27.8753
137.9914 30.0157
134.9306 29.1640
137.1086 33.6768
132.4354 30.1926
131.6455 29.8466
135.0171 27.6579
136.6418 32.4001
132.4581 31.2354
137.1395 34.0931
137.7868 28.6383
139.1453 29.3327
138.0296 28.6772
139.0192 29.5930
127.7316 27.9608
136.2074 27.9378
137.4007 29.7837
132.5999 27.5468
138.2962 29.5971
132.3230 27.4257
138.7924 29.5174
135.7764 29.1923
138.5354 32.5694
136.4004 29.5543
137.4922 30.0351
137.1952 30.4321
138.1736 30.0513
132.1607 31.6425
136.2599 32.3369
136.6900 30.2643
137.0802 33.6364
140.0810 33.0181
136.9916 32.8580
134.6969 26.6962
136.8174 28.0123
138.1683 29.2739
133.5762 28.7075
135.7990 27.8351
135.7411 29.5919
138.5444 28.9016
133.8611 32.1475
138.7285 28.9615
127.6085 28.0244
134.6615 31.2781
135.1217 27.1684
135.0003 27.9927
133.8392 32.3554
137.9959 29.5541
136.2209 27.8344
135.6457 33.1279
139.1491 29.1752
138.8271 30.0641
136.8447 33.5845
138.2743 28.7449
128.0890 28.8729
136.5367 33.1641
137.1743 30.4053
135.6770 28.6234
136.9659 30.4597
137.0634 30.3626
138.6416 29.6566
132.8026 28.0765
132.8240 27.6352
138.0918 29.3741
137.4829 30.5452
133.9107 32.1434
132.8561 30.6611
138.2463 29.6273
137.9371 29.9878
138.9543 29.3225
137.8729 33.8556
137.0022 33.2502
137.6858 30.0502
131.9353 27.3095
135.5719 30.0995
128.0496 29.1142
136.6637 30.7628
131.2355 29.6828
133.2677 32.3947
139.0509 29.4216
136.0456 29.2246
132.5399 27.5796
134.7922 27.0259
136.9390 32.7481
136.7491 28.1123
136.9371 30.4646
133.5762 29.1239
138.5327 29.9079
137.0778 33.6567
136.4331 32.3780
135.2308 29.4952
134.3719 27.2857
138.4725 28.8852
134.9717 28.0374
132.4821 31.2353
137.0288 33.5720
134.8921 27.2413
138.5551 29.2192
137.6750 29.8772
137.1346 30.3213
138.2852 29.5418
137.0423 28.5187
134.5479 29.5450
139.7074 33.3660
132.2619 31.2235
139.1035 34.6346
129.5376 27.4447
137.5565 30.0989
137.6349 28.6783
138.5498 32.7671
136.5673 33.2264
133.8243 28.4388
134.5567 28.5743
134.9649 26.9888
132.5151 32.0683
133.4074 28.9963
138.4032 29.9221
138.3389 29.6135
133.6398 32.4111
137.7710 30.0806
137.0406 28.6255
135.8787 29.7889
138.6563 29.8895
132.6463 31.2825
137.2282 28.5580
137.7449 29.7860
135.8960 27.7864
138.9120 29.1025
138.6501 29.4014
134.6259 27.1274
138.2503 29.2371
137.0533 30.4135
133.9353 32.3660
137.3551 30.0934
140.3846 34.2649
135.0791 27.1133
133.6866 32.2081
133.9089 32.0415
136.6415 28.8856
136.9709 30.4140
137.2566 30.1725
137.1317 30.1042
138.4041 30.0180
134.2282 26.7343
132.3588 31.3056
134.4245 26.7743
137.7670 28.6700
135.5037 30.0670
132.2941 31.1529
138.6326 29.7470
134.6724 27.1673
132.3695 31.7406
137.3848 33.7530
133.2138 28.1943
138.5488 29.8714
137.9608 28.7283
134.5111 28.5870
135.6722 28.1853
134.8608 31.2151
138.7524 28.6199
136.9031 30.2501
133.2510 28.9228
138.5207 29.8892
127.5252 27.6560
132.3538 31.1013
127.7313 27.6291
137.3374 30.4613
138.6417 29.9158
137.3215 28.4488
138.9986 29.1583
133.5057 28.9467
137.0261 28.8752
136.6406 28.0613
137.1572 28.5183
134.4319 26.1161
137.9809 28.7306
132.8050 27.8255
138.1973 28.7170
133.6467 32.3350
136.8446 32.9714
138.1643 30.0622
137.5848 30.4075
138.4811 28.7231
137.4525 30.0122
128.8902 27.0664
139.0102 29.2702
138.3695 29.6288
136.4761 32.9537
138.1970 29.5362
135.2486 27.3066
138.3038 29.5258
136.2283 29.2282
137.5107 30.1170
133.9019 28.8523
132.8102 30.6203
136.8553 30.3813
137.3853 30.5071
137.8291 29.9519
136.5099 28.2099
134.1908 30.1677
138.1432 29.7173
127.9127 28.8132
134.0265 28.5489
138.6707 28.9227
136.7189 32.9301
136.8084 28.4864
130.8049 26.6861
130.9170 26.3575
136.7986 28.3532
133.6707 32.2952
128.1220 29.2046
134.5887 26.7185
135.6371 28.0978
132.4848 27.4994
137.4086 30.1656
134.3375 32.5144
138.8680 29.1884
133.6837 31.8109
138.1194 29.5228
127.8372 27.1556
135.5282 27.4416
134.2571 30.3099
135.5810 32.9691
137.6342 29.7593
139.0291 29.5426
135.3038 27.3906
139.0535 29.5559
133.9048 32.4698
137.5452 33.7042
127.9361 29.0967
133.8165 29.1716
135.4759 27.9388
134.3202 32.4044
137.6196 29.8259
135.5661 30.1053
138.0272 28.7525
135.7905 29.4537
137.1107 33.4553
136.6084 33.2711
136.7644 32.9530
135.8410 29.4714
135.3774 28.2160
136.6333 33.3440
138.2047 29.2048
133.4009 28.2924
133.6926 28.5100
135.0200 27.9952
135.0126 29.4086
137.2588 33.6915
127.7095 28.1355
135.8801 29.4528
133.6567 31.6307
127.7903 27.5591
131.5389 29.9804
135.6811 29.8457
137.9467 29.6893
135.5486 28.2460
131.7135 27.6884
133.8119 32.4316
135.2692 27.5328
138.2618 29.0929
132.0538 30.1912
135.8724 29.6363
136.9738 33.3578
137.5306 33.7726
137.4606 28.8309
128.0358 28.2574
131.8831 30.0564
136.8528 33.1100
127.9192 28.8196
137.5316 33.7288
139.2199 29.5345
135.8576 29.3951
136.6541 33.4288
138.2569 29.4603
135.2461 29.7940
133.2990 32.4064
135.8213 28.6983
137.8417 30.2128
136.5242 30.2974
133.6586 32.0710
134.5969 30.9485
127.6850 27.9424
135.4147 32.8553
133.6975 31.9220
139.8429 33.3422
127.9425 28.6845
134.7327 31.4011
135.8878 28.5579
138.9100 29.4551
135.1628 28.2042
136.5832 33.2926
138.2562 29.5085
136.1022 28.5164
135.7892 29.9560
132.4463 30.4171
133.5034 31.4016
139.1125 29.6775
135.9526 29.5813
136.8561 28.4872
138.0656 28.6453
139.9240 33.0491
138.4276 30.3398
135.8496 29.4389
136.4436 28.1495
132.1116 30.1458
137.4202 30.2400
133.0775 28.0676
133.3540 31.1659
136.9137 30.3039
135.6604 28.1082
136.4743 30.2048
138.4629 29.2529
137.0568 33.4057
135.2284 29.7946
136.9908 28.1774
135.7364 30.2180
136.0460 32.4282
139.1458 29.5841
138.3698 29.9424
139.0443 29.7140
132.0954 30.0733
135.9618 28.5541
137.0595 28.9331
135.8637 29.5688
132.3081 31.8589
137.0373 33.2267
136.1116 31.2927
133.9719 32.3344
132.4727 31.0568
134.0621 29.0447
131.4967 27.6770
136.2805 28.6937
133.3898 31.2368
136.8512 33.5647
136.6906 33.3497
132.2005 31.2764
137.7265 29.5569
136.4398 33.0888
137.7400 29.4283
136.4566 29.7872
138.6715 30.1480
137.1213 33.8063
137.8832 30.5674
136.6874 29.9200
135.3431 32.8797
137.8401 30.1916
137.0125 33.5692
137.1056 29.6362
135.2948 32.8803
136.2490 30.2932
136.3096 30.7081
136.5074 32.9941
137.7723 30.8335
136.6281 33.0127
140.6280 32.8253
136.2383 30.3130
137.9772 30.6827
136.6301 29.8538
135.4729 32.8933
136.3475 29.7779
135.5024 32.7060
137.5932 30.3050
136.6075 33.3037
136.8195 30.3432
136.3450 30.0972
135.7640 30.0273
136.3114 30.1933
137.4084 33.7754
137.8147 34.4499
137.9138 30.7757
137.0437 29.2560
135.6645 32.6701
136.3652 30.7958
137.0110 32.9959
136.9717 30.4215
137.4993 29.4875
137.1070 33.8258
136.2537 33.1581
138.1146 29.2258
137.9657 29.9956
136.8923 30.4727
137.6590 34.4204
137.9393 30.0483
136.4087 32.9310
137.6031 29.6135
138.0263 29.8952
136.9044 29.8317
137.5490 30.9018
136.1993 30.3196
135.3191 33.2021
138.2060 29.7519
136.7390 30.2765
136.2996 31.4343
136.5483 32.5204
137.7478 30.3068
138.1093 29.7040
137.3206 30.4405
141.7408 35.6465
138.6342 29.3990
138.1211 30.6475
137.1825 33.8622
137.5190 29.5623
136.1096 32.8656
137.5750 30.2085
137.6514 30.0459
138.8288 29.9312
139.0087 29.9301
138.1077 29.6970
136.9329 29.8298
136.4072 30.4115
136.7951 29.8628
135.6355 32.8381
136.7601 30.3750
138.9326 29.9980
136.2256 30.3826
136.1943 32.9192
137.5482 33.8893
138.3241 29.6321
136.2080 32.8505
136.7142 33.2480
137.0809 30.4531
135.3300 32.9235
138.9102 30.0654
136.7272 29.4057
136.2857 32.8550
139.3063 34.8677
138.0068 30.7625
135.7564 30.6862
136.5218 29.9249
140.0467 34.5705
135.9388 32.4967
136.9050 30.2269
137.7369 30.1923
136.4507 32.9299
136.2719 32.8856
136.2471 30.1485
136.2077 30.6257
136.4127 30.4733
137.5495 29.6952
137.3353 33.9493
137.0671 33.1643
136.2840 32.4346
142.6711 35.6192
136.4584 30.6035
138.7970 30.1951
139.0247 29.8958
137.6334 29.6438
136.5347 30.4772
141.5863 34.6278
136.2795 33.2605
137.5930 30.2975
137.6769 34.3759
136.6452 30.9464
135.3737 32.8635
136.6247 29.9400
136.2543 30.3145
136.7527 30.3971
137.7273 29.4465
136.9819 30.9586
137.0044 30.3051
138.1520 29.8667
137.9215 29.4626
136.6551 32.4982
137.2750 33.8958
137.0991 30.9033
138.4254 29.2038
136.3170 30.1110
136.5452 33.5186
135.3257 32.9536
136.4439 30.0778
137.6673 33.8868
138.0892 29.6776
136.3076 30.5514
137.3012 30.6817
137.1867 33.8287
137.8134 29.3822
137.2947 33.5584
137.5638 29.5283
136.5533 33.1675
138.8681 30.0590
141.5271 35.3726
137.3668 29.5056
137.9029 30.0758
137.8249 30.1979
136.8019 29.8251
134.1584 32.4586
136.2705 30.3937
136.4140 32.9624
136.0922 32.4688
135.4325 32.9407
136.8790 29.8196
138.1324 29.6550
136.5292 29.7416
135.4361 33.2589
135.8512 32.5880
136.6337 30.7617
138.0394 30.1411
137.4199 29.6354
138.6475 34.4736
136.2935 30.6082
136.6569 29.5933
138.8851 29.7269
137.2867 29.5432
137.6307 30.8196
136.4001 30.3179
136.3189 32.8658
137.2609 30.4662
139.0679 29.7069
139.0998 29.7923
137.0752 29.6262
136.8275 30.5431
140.0207 34.5949
136.9655 32.8999
138.8319 29.4752
136.3251 32.8849
135.6685 32.8351
136.5150 33.5428
137.5067 33.8848
136.7173 30.8360
136.6451 29.9121
137.3854 29.5451
135.6062 32.6269
140.4978 34.1213
138.8191 30.1908
137.1299 29.6418
136.3245 29.4515
136.3862 30.5856
137.1624 33.9160
136.0694 32.4829
137.0282 33.6526
137.4712 33.6755
138.1162 29.8478
135.2605 32.9774
139.0158 29.9747
136.2453 30.4259
135.5073 32.9127
137.6947 30.6418
135.3499 32.9529
137.9951 30.0853
138.1826 30.4383
135.9198 32.5175
136.3790 30.8269
137.2890 30.6876
138.8463 34.5092
136.6101 29.7183
136.7706 30.2605
136.7048 30.3497
138.7362 30.2282
136.1090 32.9655
137.4363 30.9260
135.8501 30.9548
136.9700 30.4482
141.0569 34.8559
135.6963 32.6585
136.8663 32.8322
136.1672 33.2919
138.9917 29.9842
138.8858 30.1324
139.1915 29.5485
138.2233 29.7504
138.1912 29.6735
138.4774 30.2012
137.5947 30.3281
136.4380 30.7975
135.9567 32.4911
137.1595 30.9424
138.0660 30.3260
137.8558 29.8969
136.9141 32.7306
136.2646 30.5878
138.2374 29.7967
136.3452 32.3983
136.6640 29.3377
137.8412 30.1138
137.3580 30.4310
137.1825 30.3398
138.7988 29.5005
135.4097 32.9750
138.2595 29.8528
138.0185 30.0056
137.7263 30.8405
136.1342 32.4192
136.5630 33.1917
136.4144 30.5006
136.3797 30.0898
138.5302 30.1140
137.2509 33.8525
136.6182 32.5611
136.3369 30.1678
138.2720 29.4043
136.6170 30.7661
136.9711 30.9152
137.7302 30.0968
138.0128 30.0042
137.0090 33.7948
136.8091 29.5501
136.2628 30.4294
136.8881 30.6751
136.8579 32.7792
137.7640 29.4106
138.0767 29.8769
141.3499 35.4954
136.3473 30.7041
137.6132 29.2577
136.3962 32.9349
136.5841 32.9754
138.5825 30.1229
141.4691 35.4290
137.6250 30.6192
136.3692 30.7612
136.3328 29.4892
137.1668 29.2799
137.2654 29.6713
136.4906 30.8369
141.0023 35.1020
137.9029 29.9150
138.2560 29.7872
137.7515 29.4720
137.8152 30.0079
136.3327 29.7888
138.4861 30.4675
135.7488 30.5235
136.6029 32.9695
136.3178 32.8930
138.7258 30.3027
136.5596 30.9066
137.0455 30.6698
137.9798 29.8022
137.7140 30.1344
136.0306 29.8111
136.6013 33.1753
136.7804 30.6048
136.7772 30.9769
137.6140 29.4613
135.6273 33.0867
137.8264 29.4445
137.4597 30.3236
136.2795 30.5546
136.2734 32.8791
135.2640 33.0988
136.6418 29.8490
137.2908 30.8337
139.3044 29.4194
136.6005 30.7963
136.7366 29.3577
137.9683 30.0336
136.9562 30.8244
136.0362 29.7719
136.2119 29.7088
138.1567 29.8098
136.3014 30.2006
137.5991 30.4141
138.3425 29.1623
138.1434 30.3072
136.8149 30.9360
138.2292 29.7932
137.6261 30.0705
137.9536 29.4216
138.1498 30.4315
138.6262 30.0649
135.7738 30.4543
137.3742 30.2069
137.7991 29.3090
127.7346 29.0452
135.4058 27.9528
136.1179 32.4073
136.5126 32.0899
133.7209 27.6657
138.7814 34.4168
130.5526 29.2919
137.4048 29.8647
142.6243 35.4623
136.9239 33.3133
135.7563 31.5138
136.5778 28.1377
127.8500 28.6041
137.2658 33.8914
137.4001 33.5569
136.4792 33.1979
134.0962 30.5745
134.7032 28.2281
132.8958 32.0891
137.6391 30.5419
138.1608 34.2113
137.2573 28.7276
133.5500 31.5364
133.6094 32.1217
132.1515 30.6380
135.6561 28.6872
130.8372 26.2489
132.6300 31.7146
133.7456 32.3896
132.9664 31.5529
134.1304 30.1496
141.6439 35.0018
134.8162 27.6057
136.0501 28.0406
135.3363 25.9602
136.0733 32.8341
138.0660 30.1879
134.2446 29.5147
137.2955 30.1288
139.1014 29.2921
138.7067 29.7874
136.1143 29.0133
139.3257 35.0817
127.4861 28.0140
141.7720 34.0078
138.2747 29.7292
136.9597 27.7503
138.9279 32.4761
135.6977 27.8892
137.7278 28.7334
132.8418 30.5237
137.7412 29.9414
137.7450 29.8290
125.8744 29.2360
138.6317 32.2318
134.2640 26.4295
135.9434 27.2855
127.9304 28.7209
135.4926 27.3537
137.9966 28.2533
136.3667 28.2707
138.8402 34.2828
138.2513 29.6413
135.9223 33.3718
136.2472 30.2487
137.1901 30.0464
136.7783 32.8490
131.9842 30.1314
137.2158 29.7807
136.1722 28.4942
129.9197 27.0414
138.2518 30.1301
132.1140 30.9147
134.3584 27.3854
141.6495 34.6419
136.1493 33.1894
133.3878 32.2741
139.1477 32.4719
137.0055 28.3351
135.0255 28.4564
137.4808 33.9192
134.6656 26.9274
138.2446 30.1942
137.8305 29.5812
132.4354 27.5364
141.1123 33.9003
128.5684 28.5966
136.5610 30.4422
135.0580 27.6314
138.6277 30.5186
137.1379 29.9622
132.7155 30.5375
137.1892 33.7371
128.3245 28.1857
135.2130 26.8743
132.4393 30.2413
136.0413 33.2343
139.9046 34.6014
132.2946 30.1171
127.7934 28.8270
137.2358 33.5172
134.2895 32.4518
134.0690 31.8595
138.9083 29.6561
138.5670 29.6777
138.9850 29.2598
137.1973 28.3289
134.7272 32.1046
134.0571 28.3842
136.2683 27.8844
131.6734 29.9469
136.5721 29.0258
133.9168 31.8338
136.7585 33.3121
136.6820 32.9382
135.6770 30.7597
137.9246 29.8879
135.2953 28.0229
133.8471 32.4851
136.6242 32.6072
136.7979 28.9412
138.5270 29.6281
138.3861 30.1469
134.1141 31.1700
134.5219 28.4771
136.8252 32.5793
135.4836 30.1026
135.2792 28.5047
137.3483 30.3863
139.0066 28.9143
127.5847 27.3393
134.2209 30.4891
137.2553 33.0047
135.8382 29.4386
133.9850 28.8904
127.9919 29.1106
138.4009 30.1904
135.8513 29.5244
135.2305 28.2496
132.3344 30.4245
131.8204 32.0206
138.0927 28.2956
138.5580 29.1087
132.5458 31.1837
129.3186 29.4000
137.9675 29.0543
137.8606 30.0911
132.5103 32.1193
134.7895 29.0088
135.2186 28.1524
137.9673 29.9523
133.6459 32.2361
127.8433 29.2727
135.9306 28.2210
138.5009 29.2202
128.0806 29.1654
138.4784 29.2517
135.5680 27.7330
134.0036 32.0153
137.0228 30.0577
138.2223 30.1098
136.6646 29.1232
136.1650 29.5194
136.0215 28.0745
138.3081 29.2631
135.6677 27.6523
134.9361 27.1670
139.2019 29.4090
135.7523 30.6672
135.6860 31.3531
135.0623 27.8539
135.0884 27.6206
135.3332 27.7875
135.0562 28.1511
137.4499 28.8278
138.5147 29.9655
137.6944 29.9717
138.3406 29.9277
135.6007 27.8009
133.7125 28.6994
127.5483 27.7417
139.0370 29.4195
136.3750 32.4518
133.2752 32.3390
138.0537 30.3998
127.9987 28.9812
135.0077 28.6869
134.8715 27.3044
139.9889 34.5550
136.1411 28.2010
136.0850 27.9752
134.9566 28.4252
135.5729 30.1313
134.9136 27.5073
137.9049 29.5478
138.8775 28.8188
134.4927 27.0566
135.7272 29.8594
128.6792 27.5206
133.9215 31.0853
135.6116 29.2760
133.5436 31.6551
136.5354 33.3486
137.7655 29.8652
136.4803 32.4319
136.3070 27.8594
131.3880 30.0940
137.6691 29.6964
137.9493 29.4497
136.5992 28.2245
137.5430 30.2113
133.2542 30.9936
135.5039 33.0904
138.6341 29.0367
137.0080 30.0412
136.6599 30.5410
137.1098 30.6033
136.1947 27.8892
130.6894 29.2779
128.0402 28.2457
134.4216 29.4910
138.8871 29.1848
140.3262 34.2910
135.8112 29.8178
135.4775 28.1466
136.5051 28.4804
134.5450 26.9978
138.2532 29.1614
137.6658 29.7644
135.3778 27.8795
139.2731 29.2760
139.3213 29.2357
135.2925 29.3055
141.0088 34.9006
135.0706 29.1377
135.1351 28.0374
134.4122 27.8573
136.6355 32.5813
137.2641 29.8534
135.8696 27.8146
138.4083 30.2529
131.1930 29.4921
135.8101 30.9455
132.7646 30.6056
136.1590 31.3342
135.6843 32.7056
136.9085 30.7727
137.1158 33.2765
136.7133 32.5910
136.2017 28.0518
136.1571 28.2719
138.8065 28.7409
135.1641 29.1977
132.8365 31.3579
137.1367 29.6042
137.3045 29.3823
136.4205 30.2961
137.5497 30.6464
138.3086 34.3006
132.5784 32.1183
138.8471 28.8697
135.1842 28.6926
137.8170 29.9373
133.5899 32.1303
138.3978 29.6325
137.7358 30.3343
128.4919 29.5095
129.0683 27.0537
128.0354 29.5779
139.0104 29.7234
135.5217 28.2731
137.0366 33.0742
138.3784 28.5040
138.7883 29.0003
129.6155 28.6293
128.1915 29.3202
137.3403 33.4544
129.4502 27.5817
138.7353 28.3283
135.4429 27.4679
138.4119 30.1934
137.7646 30.1714
141.2354 35.2495
135.0273 29.3524
133.8973 31.9858
136.5423 33.5537
134.0656 26.9394
136.1262 31.9712
138.9139 29.4115
137.4477 33.8558
136.5637 28.2904
139.8400 33.4283
136.3269 28.4808
138.7082 29.1091
136.9122 29.5649
135.8125 28.1053
135.2995 27.9033
137.1450 29.8986
129.3678 28.6757
133.6062 31.9282
135.8228 30.8448
129.2381 27.3670
132.1998 31.3570
129.2207 26.6652
138.5856 30.4660
138.2383 29.7715
127.8801 28.6499
136.8527 32.7470
138.5118 34.3762
135.2869 28.2139
136.9171 33.5815
138.9892 29.9619
136.1608 29.2699
136.5519 29.2012
137.7142 29.7433
137.3509 33.5035
137.0083 30.7338
137.4422 30.6512
139.2727 29.5256
137.8562 29.7457
137.5351 29.8680
137.4152 33.8730
140.2353 32.5030
141.1133 35.0059
137.2097 33.7786
137.9053 29.5380
136.2451 32.3962
137.6228 30.5008
141.1529 35.0754
135.3429 32.8235
137.4269 29.8697
138.2744 29.1103
137.6828 30.4709
137.0896 33.3802
137.1364 33.3672
141.7614 33.8462
138.2783 29.0099
137.1805 33.2563
137.9107 29.7782
137.0376 32.8786
135.6571 32.9199
138.9145 30.0547
140.2438 33.3060
136.8239 33.5291
137.2323 33.6118
137.8606 29.1301
137.0129 32.9168
136.9198 32.6847
141.1595 35.0913
135.7578 32.5776
127.6423 28.2485
137.0265 33.0067
135.2466 33.1639
137.1358 33.5885
136.8675 29.1603
136.7365 33.5522
137.6268 30.0150
136.9638 33.5757
136.0410 29.7993
135.5390 32.6320
139.0817 29.3351
136.1951 32.3855
137.0864 33.2460
136.9493 32.7609
136.7915 33.1875
138.8725 29.7826
135.9588 32.4703
136.7478 33.5341
136.9088 32.7174
137.0356 32.9321
138.0448 29.7704
136.3249 32.4856
137.0328 33.2228
138.6071 30.1547
136.2854 29.5589
138.7717 30.1863
136.7659 32.5511
137.3125 29.1129
136.6951 32.5139
136.7525 32.5764
141.8644 34.3525
138.1948 29.7199
136.7354 33.4964
136.7290 29.1285
136.9039 29.2609
137.3221 33.1971
138.9913 29.9610
136.5844 32.4481
135.8555 29.7851
135.5065 33.0177
139.0587 29.7525
137.1081 33.4677
135.1520 29.2616
137.3581 33.7596
136.5380 33.0888
136.2052 32.4160
136.6328 33.3999
135.9089 29.4067
137.2424 33.6696
139.3651 34.7533
136.1917 32.4752
138.4251 34.3332
136.9713 32.1284
137.1280 30.7366
137.1960 29.4718
136.9884 33.5957
135.4010 32.8235
137.7368 29.3809
136.0953 29.2986
135.6841 32.5579
138.2845 30.2853
135.8419 32.5288
135.6712 30.3834
136.7399 30.4482
136.4363 29.5274
136.2928 30.3650
136.1530 29.3470
137.1062 33.3255
139.3045 29.5713
136.6308 29.9589
136.3463 30.2216
135.4857 29.7690
137.9354 30.5228
137.2587 29.5974
137.1201 33.1887
137.7384 29.8180
141.1713 35.2953
138.6059 29.2526
137.3205 33.1095
128.9595 25.9579
132.3107 27.9396
136.2644 32.6814
132.7300 28.2208
133.7235 28.8107
127.8292 29.4359
128.3355 26.4952
131.6985 30.2704
136.7134 32.5226
138.1902 29.2805
136.8643 30.0687
132.7493 28.0910
138.1720 29.7914
139.1145 29.3087
137.0808 30.2564
133.0187 27.8839
140.3782 34.3675
133.1568 28.2441
136.0708 28.6243
136.8925 32.9302
131.5476 27.7210
138.1917 30.1675
133.4851 31.3930
137.0824 30.3932
133.7087 31.8433
137.5985 29.6881
136.9188 33.6201
138.0534 30.0679
137.6715 29.7664
135.2404 27.6239
133.7254 31.7258
138.4825 29.0857
133.6400 32.2006
135.2325 26.8254
137.6217 29.9991
134.9348 25.3086
134.4324 30.7924
127.3212 27.7696
132.3354 30.5212
137.4834 33.7206
134.1515 32.9022
141.2456 35.1601
138.5609 30.1175
132.7884 28.1323
136.4381 32.5667
138.1303 28.8447
138.9463 29.6183
134.1739 29.1643
136.3955 28.1306
136.9063 32.8550
138.1066 29.2970
136.0145 27.8965
137.1265 30.4367
138.0100 29.9336
141.2635 34.8481
136.0732 27.7630
135.6640 30.3122
132.2536 27.8082
137.0181 30.4294
133.7615 29.4916
137.0012 30.3945
138.2732 29.2657
134.4857 29.1852
137.7513 29.8712
136.7455 32.9201
137.5962 30.2991
133.6419 31.6972
136.9279 30.4073
136.0860 28.0989
133.6429 31.7485
138.1106 34.3145
136.9425 30.3610
137.6407 30.2009
136.4097 32.4536
138.4070 30.1458
139.0458 29.4160
137.0397 30.4381
138.1712 29.9521
138.9207 29.3035
137.2907 33.4607
136.1372 28.1582
138.1251 30.3761
137.4912 33.6982
136.8069 32.6199
139.7514 34.6465
137.1096 30.4307
137.0160 30.4290
134.4749 28.7674
136.3140 27.7660
133.6770 32.3366
137.3512 28.5509
135.1922 27.1827
132.4090 27.7217
140.0724 33.0844
137.6907 34.3054
136.6222 30.6721
137.0897 30.4370
132.7655 29.0752
137.7350 30.2571
130.6425 27.2084
133.9034 28.9771
133.7915 32.0653
131.6283 30.1966
130.4099 27.2556
139.0253 30.0060
137.1849 30.5242
137.3683 30.2630
137.9330 29.9158
137.2925 29.2345
137.0365 30.1227
137.6223 29.8591
138.6848 29.5956
138.4574 29.0750
137.4387 30.1876
136.6470 33.2704
135.8751 30.2045
136.5612 30.3005
137.2984 30.4445
137.1979 30.6995
137.9673 29.3532
136.0937 29.9065
135.7007 33.0590
138.8008 30.2341
137.2527 29.4130
136.2741 32.4573
137.6566 30.2688
136.6352 29.9241
137.6995 29.6413
136.9644 33.4600
136.9577 32.9164
137.9866 29.6766
137.2648 29.8538
137.7311 30.1407
137.7888 29.9240
137.0795 33.6633
137.5124 30.1425
137.0055 33.7627
138.0447 29.7526
137.8558 33.9606
137.3647 30.4127
136.3533 33.2776
137.9015 29.3563
137.1599 33.5672
137.6717 30.2447
137.0266 33.0028
137.5341 29.4023
136.3747 30.5407
137.5871 29.9982
137.4680 30.6232
135.8258 32.4926
136.9833 33.6990
137.7643 30.0444
136.3009 33.7874
137.0302 30.4696
141.4746 33.1924
137.6384 29.9201
137.2956 33.9301
135.6712 30.3687
136.6656 30.5362
136.2615 32.7086
136.6615 30.2746
137.2889 30.4281
138.5996 29.8407
137.3883 30.4044
136.6660 32.5915
138.6483 29.8060
137.9803 30.2169
136.3619 33.2243
137.7220 30.0716
138.1139 30.0824
137.2290 29.5884
136.0405 32.4584
137.3338 30.0280
138.3105 29.9601
136.7621 33.5442
137.6767 30.0354
136.9456 30.7077
137.9834 30.0325
137.1699 29.5060
137.2557 29.2402
137.8615 29.9793
137.3626 30.2581
137.8135 29.3997
138.1095 29.7494
137.1143 33.3149
137.5920 30.2981
137.2258 33.9124
137.6974 29.9646
137.7932 29.9367
137.7682 30.1774
137.6017 30.4508
137.0587 32.9322
137.6708 29.8739
137.6406 29.2805
137.5209 29.6306
136.4384 29.2560
137.1125 30.1374
137.6676 30.2143
137.1113 33.1203
137.6822 30.1769
136.4146 30.3729
137.7400 30.0574
136.5406 32.4278
137.3608 29.3654
136.2932 33.0706
137.8350 29.9891
137.6493 30.1637
136.5002 30.5064
137.9006 29.8905
135.9719 31.1338
138.1346 29.7597
137.7635 29.9179
141.3397 32.9532
137.7296 29.8445
136.3933 33.1069
137.8618 30.0907
141.6361 34.3497
138.1178 29.8472
138.1647 29.8185
137.6647 30.2848
139.1055 34.5517
138.1446 29.0293
137.9567 29.3629
141.7905 34.0007
137.6810 29.9392
136.4152 32.3912
136.8022 32.8134
136.9431 32.7219
137.5312 30.1044
135.6860 33.1123
137.5311 30.1487
137.0293 30.4332
137.8433 29.8493
141.5931 33.3516
137.8455 29.9702
136.8199 33.5777
136.9292 30.6064
137.4101 33.9820
137.7412 30.0000
138.5895 30.2070
137.8144 29.9263
137.1306 30.3481
137.0954 33.6498
136.9245 28.5298
127.1918 28.1627
137.1760 28.6981
137.9214 28.6794
138.6655 30.0879
138.3583 29.4998
135.3322 27.5121
138.0887 34.1269
134.8014 30.6438
139.0264 29.1439
135.1487 25.9114
133.0824 31.9983
132.0790 31.9163
133.6016 32.3002
137.2454 30.2449
136.8006 30.1645
136.6101 32.7780
134.6503 25.6058
132.0724 31.2786
137.5027 28.3292
137.8479 28.6302
134.1474 32.1635
138.3373 34.2445
132.7897 27.7957
132.6451 31.7861
131.4042 29.2343
136.4707 27.9201
130.0574 29.5067
132.7777 27.8865
133.7152 26.5859
137.3215 33.6688
130.1780 31.1292
135.0880 27.2026
136.6429 27.9453
127.3990 28.0198
136.6816 32.6635
127.6052 29.3717
133.4554 29.3182
127.0610 29.8349
133.2968 25.5744
138.6808 29.7361
131.7422 27.7350
135.9701 29.9185
133.6163 31.9011
134.7802 25.7739
133.3254 31.3209
139.1322 29.4563
135.5488 28.9426
135.0504 26.5358
138.6697 30.0617
127.7638 27.7646
138.3052 29.0970
132.8639 31.8724
137.4097 30.3549
133.9010 31.8800
137.5995 33.8618
133.0060 31.9112
135.1551 27.8595
136.9324 33.8779
138.4433 29.0640
135.1849 27.2160
134.3831 29.0299
132.6362 32.0860
136.6192 33.0679
131.2869 26.3676
128.7392 28.7033
135.1798 28.7678
135.2753 30.3642
138.7824 29.0156
130.2178 26.3198
128.3038 28.5527
133.5849 31.7687
133.2938 30.6581
133.6129 31.2475
137.6151 30.0587
136.2895 32.3525
132.9789 31.2827
135.1562 30.8299
139.6384 33.3123
139.1513 29.4766
134.4352 27.7097
134.6646 27.8193
133.5255 30.1611
134.9494 28.2282
137.7245 30.0000
136.1280 32.0499
133.3940 31.1385
132.8819 31.7075
134.1577 26.2700
129.3617 25.5074
129.6734 27.3296
133.9811 26.5904
130.8267 29.0609
134.0498 32.0022
133.3384 31.2867
138.6430 29.4445
135.3462 30.1855
136.0003 27.8676
133.6427 25.2557
131.6912 29.5401
130.2811 27.5989
135.7571 30.2901
133.0809 25.9450
131.8570 29.9237
130.5949 27.9673
129.1316 30.4807
134.6149 26.4121
134.6283 28.0505
133.0299 25.3515
135.6584 30.4437
131.5977 29.4461
137.9461 28.5571
131.8001 26.1385
135.2742 27.5723
133.6055 25.5938
130.3582 25.3923
131.9011 29.5945
135.2391 27.0139
130.1862 25.7416
134.8542 24.8649
136.2313 27.3430
133.8081 25.8041
134.7081 27.5741
135.0804 26.7697
133.8929 27.0652
134.2774 30.6549
138.1039 28.2535
137.6629 28.2736
135.4508 32.5959
131.6145 28.1110
129.6414 25.6056
133.5828 31.6243
134.2239 27.3784
134.8471 27.6617
134.9371 27.3056
133.0133 25.6132
131.1945 27.4102
131.7614 27.5309
133.9320 24.7555
133.8323 25.5892
134.7246 30.8706
134.3057 25.3514
134.4597 25.8813
133.6011 25.8444
133.3718 24.2937
135.2354 27.8466
133.5379 32.0247
138.5846 29.5235
134.9501 26.5660
133.0207 30.8091
134.8226 29.0055
139.0957 29.8798
134.0286 28.9687
128.5794 29.6289
128.3171 28.1559
133.2562 30.7870
135.6906 29.6030
138.2740 32.5717
137.2238 32.9392
137.5473 30.2639
140.2350 33.0979
136.3626 32.9173
134.4302 27.0817
136.7862 32.9728
130.1622 27.0139
132.4353 27.6364
135.3014 29.8811
138.1295 29.2542
128.2847 29.7435
136.5504 28.2102
138.4958 29.0247
134.4348 26.6295
135.6528 30.3126
135.5678 28.1249
136.8014 33.4932
128.0974 29.1957
135.7963 31.3883
137.7201 29.7942
136.6394 30.3802
127.7822 28.0854
137.3638 33.0081
133.7008 32.2501
138.3220 29.4723
133.5915 32.4448
136.7555 33.1851
135.2104 31.9117
138.5537 28.4454
137.7144 30.3720
131.4104 29.5556
136.7626 33.0054
135.8913 28.0976
133.9530 32.0142
136.9243 30.0934
138.1539 30.4266
135.4533 29.5459
137.9938 28.9924
138.1365 29.9988
135.4750 27.5719
136.0575 28.1756
133.9876 31.9732
134.3267 28.7609
138.5986 28.2497
138.8372 29.1224
136.6125 32.6314
134.9860 26.8100
131.9269 30.9967
133.6016 31.1933
137.7650 29.7982
138.5741 29.0167
133.4061 32.1458
136.8627 30.4892
139.2472 29.1976
136.9663 33.3704
139.1040 29.0245
134.5042 29.6242
137.5914 29.7060
137.3136 30.6774
138.5723 29.4785
137.8055 30.5373
140.3606 33.2586
132.8273 32.3625
137.1306 29.8631
136.3346 28.1091
135.7709 27.3408
135.8279 27.6233
138.4901 29.6425
135.8516 32.5474
138.6362 29.3246
126.2392 31.2800
135.4160 29.4554
141.5222 34.6228
136.6787 33.3056
136.8121 32.5333
133.0386 28.3717
139.0415 29.3789
129.9506 29.5365
135.6858 30.9743
135.4248 28.1396
137.1508 33.0314
132.3925 31.2390
136.5509 28.2393
134.9224 27.6300
130.2193 29.7980
134.5396 30.7199
133.7918 29.7220
128.0913 27.3729
134.6571 26.3889
129.6804 29.3887
138.5642 28.4261
131.9425 30.3948
136.3827 33.2498
138.5645 28.7683
136.6423 28.1439
130.0724 29.5066
135.3626 30.2675
133.6411 28.4970
134.5876 30.8024
133.1979 31.3658
138.7506 29.0701
138.0377 28.6739
132.5581 32.0402
132.1788 30.1110
136.9720 30.6276
132.8098 31.2725
127.4643 28.4496
134.0710 30.2751
137.3040 30.3205
139.2063 29.3459
134.8616 32.5870
137.3832 30.1776
134.3791 28.4913
135.0036 28.2584
136.7691 28.1363
137.5556 30.3172
134.6314 26.6961
129.2735 28.6547
138.5292 28.8628
137.4501 30.4111
130.9750 27.5884
131.4992 29.9640
134.3953 26.7823
133.6239 28.5848
127.8027 29.1154
131.6201 30.2806
135.6310 31.4518
131.7092 29.3718
136.8635 33.1615
128.3624 29.8219
132.4855 31.1467
138.3516 29.7773
138.9356 29.3010
137.4027 30.4049
134.3525 26.2070
137.6165 30.2452
132.5051 31.4971
138.5506 29.5731
138.7489 29.0857
136.9328 33.6543
134.4440 28.7022
138.0522 29.8865
137.4295 30.4178
132.9690 32.3230
138.2695 28.1301
133.8415 32.1218
134.7055 26.9320
134.9184 26.3503
134.6552 27.1973
129.3277 27.2064
133.5543 32.4506
138.1131 29.9989
133.6321 28.6822
138.7064 28.8515
133.6747 29.5501
137.9877 30.1906
137.1732 33.5659
135.1744 27.2645
132.1768 31.5378
134.2010 26.6730
135.0829 28.5427
139.7521 33.2352
137.5967 29.9957
137.9482 29.8784
139.5874 32.6751
141.1877 34.5488
137.0380 33.3669
132.1891 30.0985
136.7756 32.8590
141.7879 35.0119
136.1328 33.0906
137.6087 29.5751
134.5086 30.0350
142.2630 35.6239
137.3525 30.6280
139.3571 34.7585
136.7213 29.5450
137.1210 33.5141
133.0796 31.6332
140.3720 32.8340
136.7540 33.5555
138.7363 29.0485
140.7987 32.9962
137.9908 29.7347
137.4787 30.4682
137.3629 29.9573
135.4310 28.3453
138.0798 30.4908
139.0125 34.4373
138.9947 34.1115
135.5030 28.1697
140.1438 34.4336
136.9526 30.6170
138.0569 28.7094
137.1419 30.6539
134.0215 31.9584
140.9337 32.7558
141.3734 34.1591
135.8195 33.0745
137.1302 29.6506
137.2273 29.8407
139.1984 29.2279
138.2691 32.1941
132.0476 30.1596
136.7348 33.5873
136.8403 33.6250
135.6846 32.9946
126.7866 32.8930
137.5036 30.4666
136.2216 29.0444
130.7311 26.5913
141.4724 33.8991
133.9529 29.8838
136.4200 32.9304
138.1757 33.9288
137.2303 29.8642
142.6391 34.6303
142.0581 34.1921
124.7121 32.3740
143.4967 36.0709
137.6225 29.6284
136.1217 29.8544
137.7277 29.4866
136.7855 30.0975
136.5550 33.4200
140.5575 33.6375
137.4868 29.4507
137.0690 33.1352
133.1408 31.0995
133.6880 31.6536
139.2204 29.5125
143.4656 35.7796
131.4890 29.6697
138.2307 34.3076
137.5738 29.2481
136.8723 32.8065
138.7170 29.0894
139.1398 28.9439
136.5180 30.8024
137.9288 29.2244
136.5408 30.4485
136.4864 33.3382
137.7002 34.0183
137.8202 30.1086
136.2572 33.3159
140.4348 34.2282
137.8083 29.2139
131.5520 29.0050
140.5535 33.9809
136.9057 33.1909
143.0508 34.2081
136.3000 30.2723
138.1565 29.3886
134.8872 29.7264
145.0014 35.9684
137.4085 29.7266
135.6513 33.0981
137.1613 34.0010
137.3617 28.9152
137.5894 30.4324
137.1093 30.4454
131.8072 30.4116
136.8671 28.6580
137.8953 28.8895
144.4453 36.1824
128.5451 29.1570
137.3571 33.4772
133.9548 31.2323
134.2134 28.7831
131.7805 30.1847
133.2307 30.9059
133.8744 31.7773
137.2596 33.6926
128.3073 29.2497
134.9668 28.5664
133.8647 32.0391
133.7934 32.2210
133.6779 32.5642
133.8306 32.0316
137.1268 30.4004
133.9199 32.4219
137.8416 29.8911
135.6382 30.0100
139.9110 33.0718
132.5627 30.6080
133.6104 32.2142
135.4483 31.6272
133.1837 32.3192
135.3677 32.8734
133.8321 32.4976
137.0759 33.4481
133.3133 31.0690
132.0174 30.2038
141.9096 34.7546
135.4482 30.9022
137.0857 33.5746
138.3090 30.4233
133.7827 31.8131
134.4597 27.4817
136.7248 32.5818
139.1825 29.4336
135.3613 27.9734
135.7348 30.0077
137.1183 33.6956
132.5256 30.4590
130.8036 27.2092
135.3774 28.3986
132.2025 31.1736
131.9924 30.2136
136.0860 31.2441
135.3285 27.9233
131.8250 29.9306
129.7796 27.7786
135.1696 28.6749
137.2130 30.0258
133.4285 31.2392
133.8685 31.6997
137.2475 29.1190
137.5263 33.7387
137.4226 33.7687
136.8134 33.5800
133.3887 31.0421
138.5708 30.1511
128.6546 28.6171
133.8064 31.8091
135.3662 27.6601
135.2271 28.4618
139.2114 29.2984
133.7061 31.6622
133.2899 31.1028
135.2241 28.5423
137.0153 32.8182
137.2663 33.8426
136.3868 33.1089
133.9177 32.3456
135.1898 27.5215
137.3506 33.7172
133.6780 31.8023
137.7233 30.0356
136.6701 30.5442
133.6008 32.3529
136.4636 33.2480
136.3815 32.3655
133.8850 29.8126
132.2248 31.1424
137.2102 32.5953
136.0822 28.7198
135.4387 28.5746
139.8755 32.5309
139.1484 29.5323
139.0331 29.7525
135.5422 28.3126
133.7172 32.5815
134.1597 30.2947
132.9441 27.8503
134.0785 28.7729
135.8147 29.3263
135.5347 32.6494
135.8807 29.4519
135.4311 29.0358
135.2599 27.8196
135.6766 29.4702
135.7560 28.3713
135.4937 28.2616
137.1090 30.1229
133.6667 31.6391
138.4820 29.0368
132.9737 30.7053
134.9073 27.2596
138.9769 32.5065
135.8026 29.8678
135.4247 27.8720
134.4345 28.7539
141.6647 34.4774
132.4123 30.5230
133.9088 32.2239
133.9469 32.0835
133.7943 32.1500
135.0709 27.0490
132.9038 27.6311
135.1420 28.0111
128.8416 27.1983
137.6398 30.0542
138.2372 29.5178
138.1685 30.1518
138.8187 29.4808
135.4635 27.6123
134.8181 28.4679
135.6681 31.2587
127.5231 28.7633
138.9335 29.2556
135.5399 29.4232
133.7478 31.5400
134.7181 27.3623
134.0523 30.0280
136.4742 32.2013
137.3635 28.1916
133.8914 27.8476
135.0891 28.3267
133.1980 32.5761
134.7276 29.4896
135.5672 27.8881
140.5556 34.0002
136.9874 28.3603
138.9655 29.4017
135.8864 31.0507
132.7067 32.2156
136.6692 32.5735
127.5363 27.0186
135.5730 28.2682
134.1259 29.7931
138.1312 28.1691
132.6894 32.1199
127.6570 28.8105
132.5022 31.2955
133.6045 28.2487
136.9944 30.2170
129.5703 27.7917
137.4648 30.4019
135.2101 26.2830
127.2879 28.0851
132.5544 27.6059
138.8292 29.9289
135.5965 27.4785
133.9715 28.9715
135.3335 27.9156
133.1127 28.0787
138.7467 29.2153
134.5451 28.7178
133.4704 28.6485
133.7681 29.7248
133.9982 32.2394
133.3852 28.4516
132.9178 31.0844
139.1378 29.5249
134.7246 26.5243
133.4174 28.8168
130.2269 29.7171
128.4641 26.4721
137.7731 28.5569
134.2338 26.3327
127.2518 27.2968
130.1675 27.7130
132.0000 27.8961
135.5116 30.5051
134.6147 29.0710
137.9823 30.0777
134.0639 28.8607
134.8674 28.1212
137.4298 30.4292
138.5410 28.6058
133.8979 31.2409
134.1660 29.8538
133.8276 32.3222
138.9181 29.3810
136.7612 29.1232
138.3915 28.7914
134.5285 26.7817
136.6025 33.1323
137.9403 29.7046
136.7083 32.5601
137.0403 33.4844
136.9440 33.6023
139.0303 29.4701
137.5243 30.6208
135.8340 31.0641
131.8358 32.1607
133.4050 32.1199
133.8991 32.1139
136.6970 28.4681
138.1879 28.5131
137.3197 29.9420
136.9725 32.9820
131.9683 30.7948
133.7387 28.7358
136.3419 27.9837
135.7428 28.1646
135.4731 27.8764
136.1675 32.3537
136.2544 29.0393
128.4068 28.1926
138.4413 28.5274
133.4518 31.4240
139.7845 33.3261
132.6355 27.9585
135.6222 30.2415
134.9856 27.2421
137.1168 32.8748
134.6864 28.5317
138.5276 29.2734
134.0082 32.0582
134.2296 32.5563
134.9199 29.5042
134.3278 26.7061
138.6275 30.0646
138.9235 32.5438
141.2543 34.8699
135.1908 27.9303
131.6121 30.2116
133.6760 31.6228
136.8273 33.6159
133.7381 29.5391
133.7766 28.5604
136.6079 33.3561
134.0948 32.2138
133.4814 32.3222
131.9597 29.9212
137.0673 32.8265
136.9626 33.3668
132.1736 31.1588
134.6161 29.2967
131.7631 30.0423
137.0326 30.5098
135.9737 29.3584
134.2733 28.6089
138.4391 29.6902
138.8655 34.4827
136.1926 31.3475
131.9893 30.2626
138.5600 29.8285
132.2902 31.5939
132.4859 31.1228
133.6329 28.5592
139.0280 28.8729
132.1756 31.3460
136.9407 28.9914
136.8717 32.7493
135.0864 28.5373
139.0653 29.4789
138.4143 29.9812
134.2762 31.2333
136.0190 31.1123
135.0820 27.2675
138.8345 28.9490
127.5726 27.8994
133.6216 31.9562
139.0534 29.4581
133.5825 31.5169
131.0891 29.5890
135.0663 27.2780
133.1102 32.3378
131.9319 27.7498
137.6239 30.0566
133.9928 27.2350
135.6081 30.1142
138.7731 29.2769
134.9886 29.8092
132.9923 30.8086
137.3015 30.6036
138.2836 30.2784
135.0521 28.4460
137.5240 30.0296
136.1158 29.3937
135.7775 30.7736
138.5786 29.0928
134.7343 26.7596
133.4969 32.4224
136.8032 32.5677
134.6988 28.7080
135.3577 29.4452
136.9352 33.0219
139.2247 34.6984
138.1983 28.8715
132.8043 32.2833
133.8857 32.5366
129.3688 27.8078
133.7101 31.6126
131.1495 29.5526
135.1861 28.2097
134.3367 26.6650
132.2394 30.4876
137.6849 30.3926
133.5787 32.1161
134.0959 32.0776
134.2389 32.4313
136.1363 29.0105
136.2492 28.4430
133.8188 26.0531
133.1775 31.3255
138.0356 28.8172
134.4715 27.2204
139.2662 29.3888
138.0144 28.6202
138.3935 29.3033
136.8041 31.8625
129.6801 27.5861
132.3063 30.9377
138.5578 29.7104
126.3713 30.5032
127.3809 28.4144
130.8013 26.6767
138.6240 29.7560
128.6564 26.7632
133.6369 28.6421
137.8173 29.8322
128.0226 29.0614
137.7591 29.5185
133.5428 28.0148
135.5795 29.9540
134.8921 28.1073
137.5224 30.1533
134.1471 29.9041
127.4079 28.7825
127.8129 28.9824
132.7389 32.1545
134.3962 27.4831
136.9370 28.7675
134.1939 32.3843
136.1457 31.3305
127.5077 27.4508
134.8859 30.5715
138.0613 29.6208
133.3020 30.3132
137.9545 29.6655
134.7283 28.5276
133.9240 28.6436
138.1753 28.2830
138.7761 29.0739
139.1462 29.1951
135.5500 29.7068
137.2509 30.3707
135.0956 31.4922
132.1910 30.6269
133.9741 32.2316
138.8638 29.1075
134.7270 27.1304
133.7319 29.6958
136.9993 33.5902
127.7073 28.2365
135.6616 27.6739
133.9920 26.1284
133.2866 32.1574
138.9514 29.5009
136.5070 33.2084
133.1872 28.6843
136.9865 33.1289
136.8314 33.2382
129.6016 27.2434
135.6731 27.8019
138.1831 30.3432
137.8840 28.7021
132.3186 32.2146
133.4435 29.0440
137.9932 29.7855
133.6576 28.9300
128.0780 29.1266
137.4525 30.3072
129.4476 27.6792
133.6395 32.4567
136.2527 27.9292
132.4687 27.5178
135.9020 31.0684
138.5356 29.0905
134.6961 27.5739
132.6503 31.0544
134.7741 28.6127
136.5782 28.1021
133.6312 32.2082
133.3689 32.4298
139.1776 29.2780
138.2271 29.6350
135.8900 28.4621
136.8794 30.3700
135.0943 27.3489
134.4995 30.6202
130.6282 28.4796
138.7205 29.8299
135.5216 30.9928
138.5431 29.6322
135.0462 27.5042
138.8583 29.1229
136.7618 33.2227
133.2421 27.4132
138.3490 28.5738
131.1703 29.3473
133.2617 32.2101
127.2257 27.7622
132.9639 31.4390
134.5443 31.1071
133.7059 32.5075
138.4591 29.5849
136.5983 28.4839
136.8480 33.0507
135.9856 27.3596
133.9085 26.4211
131.6502 27.6195
134.6539 28.3636
137.4456 30.3065
136.8103 32.7670
132.4380 31.7989
129.9755 27.2201
134.2558 27.2599
134.7581 28.2289
136.6251 30.3642
133.5598 25.2685
132.7347 27.4918
138.7886 29.5382
132.8376 32.0412
138.4185 29.1123
138.1795 29.9387
136.3785 33.1361
136.6461 32.4421
134.4144 26.8859
138.7599 29.5569
135.2271 28.0451
137.0737 33.3291
138.6345 28.9891
134.7032 27.4459
132.5450 28.2048
134.7415 27.3374
134.0809 30.0311
136.7163 33.2302
128.7691 28.6589
133.8475 32.3566
135.7328 28.1974
135.0103 30.3880
137.5631 30.5252
136.0291 31.6258
134.6597 26.2006
137.1847 33.1100
132.2319 31.5410
132.4079 27.4296
136.0699 32.3541
139.0000 29.0855
136.0573 28.9989
131.0879 30.1539
137.6507 29.6911
139.2780 29.0760
135.0107 29.5302
137.9313 28.2503
138.4991 28.7897
133.3012 31.0930
139.0107 29.3816
134.4420 30.9180
132.4707 31.6056
134.4281 30.9027
136.7851 28.1254
137.7370 28.3876
136.9388 32.7472
137.6689 28.9730
137.2381 33.3072
136.7227 32.5400
136.6861 28.2779
134.5370 26.9401
134.9613 27.2264
134.1109 29.9596
136.8026 33.2260
137.5426 28.6456
133.9786 27.2048
133.4056 28.9428
133.8187 31.2192
135.2195 29.6794
137.1263 30.2571
137.3679 30.4625
132.2085 30.3875
133.9908 27.7464
135.1730 29.1359
137.3366 33.3760
137.2245 30.2738
138.0710 30.2968
135.4435 32.4586
137.0570 28.2336
132.4739 31.0868
135.5178 27.5017
136.7026 32.3987
132.2940 31.6120
132.3289 31.0331
138.0530 30.2080
132.5958 31.2750
140.2394 34.3297
138.5269 28.8147
138.8525 29.0013
133.7763 32.2623
135.0992 27.1174
133.7903 31.7135
137.3454 30.2559
136.4671 28.0723
138.3056 30.0232
132.6344 31.7231
138.5436 29.8255
138.7257 29.7874
132.3555 31.8445
138.1062 28.4609
131.9902 27.5114
138.5508 29.5727
137.7646 28.4956
139.9716 34.3585
137.1691 28.2216
133.7987 31.9068
137.1945 30.2600
137.2031 33.3199
132.3905 31.3785
132.3049 31.0746
137.1547 33.0649
138.8296 29.7986
136.7196 28.0536
138.1764 28.4751
132.2121 31.1013
136.1151 28.2082
138.2774 29.6822
130.7295 26.5703
133.0732 32.1936
138.9787 29.2754
138.3318 29.5184
136.6963 28.0733
135.0571 29.7780
139.1291 29.1541
132.2055 31.3500
139.0825 29.2807
137.9167 28.4545
133.1932 28.4587
138.2472 28.6464
130.9365 26.7606
138.6615 28.9270
136.3016 28.0471
136.8748 33.1265
137.9724 30.4095
140.0665 33.1541
138.7891 28.8575
138.7746 29.4218
135.9230 28.4322
137.4787 30.0415
136.9194 33.3238
136.8198 28.5063
138.8408 28.8101
134.6035 31.0177
134.6315 30.9729
137.8154 28.4777
137.1385 33.3567
133.7523 32.1725
132.9009 27.7958
128.2759 27.2491
138.3497 29.5279
138.8557 28.8626
136.4408 27.9556
137.6721 30.0884
138.1581 30.0332
135.7625 27.8013
132.1997 31.1310
133.1462 30.8190
133.8021 32.5193
133.2106 32.2749
136.9336 33.4282
138.4662 29.9231
138.3770 28.6537
133.8997 31.9374
132.4106 31.1653
136.3268 28.0536
138.8945 29.4326
134.2250 30.4646
137.0948 30.1917
138.9775 29.2122
138.1228 30.3441
133.7291 32.0885
137.3929 30.4231
136.2142 28.0636
136.7010 28.1264
138.7554 29.2959
137.4923 30.0446
137.0290 28.5980
138.9795 29.3774
136.7768 32.8000
138.8415 29.5718
136.7673 33.1884
137.0768 30.1858
135.9876 27.8171
133.3819 32.4178
133.6022 32.4375
137.0888 30.2797
133.6840 32.4105
132.4465 31.0907
135.1948 31.7152
130.4274 26.9920
133.4348 32.4447
137.7058 29.9483
136.9705 30.2236
138.3292 29.7064
136.7049 28.0098
138.8330 28.9030
134.9651 28.2740
138.4076 29.7995
134.5055 30.8666
137.3104 30.1626
125.9176 29.9259
134.3507 26.5692
136.0845 28.1745
135.2610 29.2550
134.3640 30.9412
135.7520 28.1937
138.5141 28.9388
131.5221 30.2171
134.5218 28.0498
140.0169 34.5316
137.0464 32.9494
134.5760 27.3395
135.6071 26.2665
138.5585 28.9117
135.1287 31.1827
135.6979 29.5966
134.9552 27.5845
137.0822 33.6307
134.6211 26.6799
134.9910 30.0282
136.0798 27.6526
127.6814 28.2800
135.3728 31.5058
133.7790 28.4214
133.4651 28.5010
127.2318 29.0157
135.7489 24.0183
133.2435 31.3019
137.0088 32.6255
135.7791 28.6614
133.4874 26.5580
138.7858 29.6184
131.0897 27.9059
136.7988 32.5773
134.4123 28.6394
133.8901 27.1789
133.8398 25.9231
137.0671 33.1720
134.5580 27.2520
130.5599 26.6698
136.1026 32.1265
130.9944 27.9358
127.1157 26.9351
128.2791 30.5281
140.1014 32.2630
135.0159 26.8840
134.1561 30.0482
133.2986 28.0474
134.3209 26.9787
135.2905 29.8399
128.8160 26.4901
131.5134 29.5282
134.2095 26.0450
131.4084 27.8539
135.2554 27.7239
137.9145 29.0740
138.1045 29.8360
133.7055 28.2609
137.1777 28.5670
139.0856 29.6500
131.2587 28.4893
135.4729 31.9385
133.3993 28.1830
133.7623 31.7326
133.1551 31.5711
132.2391 29.9677
128.5327 28.3485
135.4929 25.6683
133.6489 28.3515
133.6428 29.0750
128.9152 27.3940
129.8382 25.4063
137.9306 30.4199
140.0136 34.5925
137.7579 30.6048
136.5549 30.4952
136.0325 29.6570
138.0707 29.9208
141.0436 35.3042
137.0759 33.1876
137.4093 29.0914
136.8957 32.7049
138.9539 29.9915
138.1716 29.6526
138.0395 29.7097
136.7025 33.4920
136.0920 29.7127
136.3150 33.1356
136.8439 32.6199
135.8039 32.5194
138.7377 29.2993
136.2424 32.4434
135.7180 30.2394
137.4249 29.0892
136.7049 29.1457
136.2916 33.1327
136.8286 29.1276
136.4762 32.4499
137.0718 33.7065
136.3608 33.3432
136.5262 32.4456
136.5743 30.6332
136.8684 32.7123
135.4833 32.9552
136.4020 29.5761
137.5712 30.6851
138.1861 29.1351
139.8276 34.6118
136.5509 32.4151
136.4749 29.3224
137.4951 33.8338
137.1690 33.6738
136.1679 32.4136
136.6653 32.5722
136.9491 32.8472
138.6890 30.0684
137.0699 33.3045
138.9011 29.5514
137.0303 33.6291
136.1296 29.5709
136.1611 32.4541
141.8541 34.2831
138.1959 30.2979
136.8065 29.5085
137.4877 33.7919
135.9454 30.9756
136.3684 32.4084
141.1564 34.8744
136.4737 32.4453
136.4621 33.3879
141.1598 35.3977
136.5163 29.5756
136.1952 32.4246
136.5941 29.5936
137.0752 33.2160
138.6209 29.2965
137.4854 29.0915
137.1075 33.1143
135.7076 30.2243
136.1679 29.6290
138.8582 30.1953
136.4693 32.4595
139.0143 29.9630
139.7389 34.6406
137.7997 30.5805
141.5166 33.2640
136.2003 29.6234
136.0380 29.7775
136.3499 32.3963
136.6578 31.7937
139.6400 34.8509
136.8713 33.5982
141.1217 34.9817
136.8500 33.6626
137.0819 33.2383
137.0996 33.4950
136.6791 32.5455
136.8631 33.5813
135.9947 29.4889
136.7965 30.6799
138.7496 29.3823
137.1705 33.4717
136.5000 30.6810
137.0076 32.8821
139.9431 34.6737
136.8035 32.5816
137.5896 30.7990
136.2677 29.2823
136.2867 29.6074
138.3639 30.3323
137.2312 33.7170
136.7798 33.6610
138.2332 30.5379
136.9028 32.0956
139.7729 34.7122
135.6025 30.3836
137.0497 33.7246
137.1263 33.6155
138.5946 29.1927
141.1353 35.0888
136.6701 30.6481
139.9146 34.5817
139.1579 29.6222
136.5311 33.5484
135.5453 32.6861
137.1297 33.3468
135.7700 32.5404
137.1530 33.2160
137.0531 32.9633
135.5737 32.6587
137.7212 30.2746
136.3023 29.6662
138.9022 30.0682
139.0580 29.7352
138.5943 30.1545
137.6572 29.0503
137.0740 33.1889
139.7705 34.6171
136.3653 32.4130
138.5898 29.1726
136.1193 32.4378
135.8091 32.5420
137.5108 33.8700
137.9148 30.6762
136.5092 32.4610
136.7946 33.6600
137.0078 33.5720
138.1661 29.6656
136.9203 29.2607
138.9443 30.0470
136.2134 32.4044
137.5312 33.8263
137.2590 32.9555
135.7368 30.7313
135.7001 32.9859
138.9358 29.9822
137.0852 33.5735
137.0132 32.9535
136.0824 29.7424
140.5732 33.9739
136.7247 32.5264
140.2939 34.3887
138.2455 29.1165
138.6758 30.3062
137.6062 33.8684
137.7335 29.0566
138.9688 29.9481
137.5710 33.8401
137.9952 30.6947
138.2931 30.3609
135.2913 32.9612
137.9669 30.0050
137.1685 30.4532
137.6228 29.0798
136.9113 33.5944
138.2159 30.2447
136.8148 33.5693
136.1824 32.4508
139.0093 29.9439
136.5928 31.7794
136.6006 30.6541
138.7534 30.2019
138.1002 29.6932
138.8615 29.5677
138.9918 29.9644
137.0777 33.2741
136.4143 29.6576
140.1673 34.4848
136.9052 33.7794
136.6994 33.6019
137.4285 30.6506
136.5715 33.3631
136.4497 29.2170
136.3000 32.4083
136.9031 33.5817
137.2548 32.7376
136.1462 29.6084
136.2960 33.2299
135.4608 32.7329
140.4113 34.1748
136.2896 29.6187
138.8445 29.8865
136.7442 32.5829
137.4862 29.1717
137.9335 29.9321
140.3611 34.2950
136.4669 33.3252
136.6310 30.6285
137.0462 29.0988
136.5485 32.4752
138.0270 30.6425
138.8936 29.6145
136.6553 29.5914
136.8758 29.1460
137.0438 33.6963
138.8697 29.5164
135.6528 32.6092
136.5539 33.5354
138.5903 30.1722
136.6313 30.6437
136.7428 32.6026
138.2911 30.3600
138.3047 30.2207
137.0808 29.1288
135.9100 30.9160
136.0488 32.4624
137.4678 33.8920
136.9354 33.6583
138.1475 29.6597
139.0295 29.8281
137.1778 30.4487
137.0746 33.5671
138.0425 29.9687
140.3110 34.2966
138.5476 30.4166
138.0915 29.9464
138.0455 29.0708
135.5124 32.7175
138.7714 29.3675
137.0590 33.4996
137.0666 33.0090
138.6814 29.2855
136.1155 32.3958
136.4322 32.4544
136.9175 33.7411
136.6611 29.5845
137.0653 32.9164
136.8288 33.5423
136.9585 32.8537
137.1113 33.3698
136.2397 32.3970
138.6901 30.2608
139.0893 29.6946
139.8695 34.5995
137.7158 30.6195
137.1358 30.3834
136.1307 29.5252
138.0970 29.8944
136.9938 33.7141
136.8923 30.8136
136.4231 30.3817
135.5147 32.6635
139.8114 34.3519
138.8312 30.1709
135.7930 29.8917
135.8008 30.7234
135.6079 32.6557
136.6558 32.5224
136.2552 33.1819
135.2172 32.9095
137.7962 30.6036
137.9243 30.6927
137.0495 33.1298
136.9944 32.8556
136.7829 33.6879
136.1687 29.6284
135.8379 30.9711
135.7263 29.9395
137.8022 30.6105
137.7712 29.1665
137.2224 32.6834
140.2498 34.2397
137.7770 30.5811
138.4696 29.1597
136.2818 33.1687
136.9700 33.6737
137.5497 33.8893
137.0154 29.1582
137.5606 30.6731
136.1365 29.7264
137.3355 29.1019
136.3192 29.2621
137.1187 29.1386
137.0267 32.9847
136.9241 33.7757
138.8026 29.9476
135.6417 30.3674
135.6966 32.5781
137.0565 33.0026
143.1016 35.8192
142.5467 35.5840
137.2557 33.8653
136.5536 32.4489
136.7616 32.5658
136.4610 29.2343
136.8232 33.5502
137.8849 30.0907
137.4975 30.6956
135.6106 32.6283
136.2604 33.2170
140.2147 34.4014
137.0034 32.8876
136.4803 30.5852
138.1794 29.1014
136.9710 29.1817
138.9832 29.9529
138.4798 29.1308
137.9916 29.6587
136.2157 29.3010
135.9659 32.4973
136.9948 33.8264
140.5656 33.9732
136.3322 32.3929
137.0674 33.3661
136.0058 29.5419
135.2898 33.1310
139.0887 29.6505
137.3344 33.8082
138.5047 29.2093
138.7414 30.0231
138.4937 30.4066
135.2288 33.1382
137.6750 29.0208
136.7572 33.6393
137.3276 29.0954
139.0617 29.6677
138.3088 30.4760
138.2313 29.0817
136.1628 33.1739
138.5834 29.2202
138.7354 30.2148
136.2658 33.1772
135.2547 33.0039
140.0039 34.6020
137.3651 30.7221
136.1442 32.4470
135.8526 29.7479
135.3329 33.1098
136.5718 30.5688
135.8432 32.4864
135.8044 29.9308
136.2305 32.4107
136.3269 32.4023
135.9188 29.7640
136.9755 33.4242
136.2719 29.3453
136.8016 32.6164
137.5352 29.1315
137.1527 33.8612
136.7773 32.5808
137.5265 29.2348
