132.0555 27.8056
133.1932 27.8819
133.2239 24.8275
139.3389 33.4217
132.4738 29.3163
134.9955 29.9011
133.5657 27.9117
138.4353 30.3814
138.8139 29.4757
139.0654 29.7818
131.8533 26.0049
136.7578 29.1012
131.6260 27.8668
136.5390 30.4247
134.2128 32.1873
134.2030 32.3861
138.8911 29.4434
133.5388 29.3804
134.9701 32.1763
138.5511 28.5559
136.8551 30.0877
139.1202 29.1503
134.2209 27.2093
133.0087 31.8086
137.4548 34.0008
137.2798 32.3117
133.5837 27.3958
139.0973 29.1605
137.0723 29.0717
138.2851 29.2683
139.5856 28.9898
137.9757 30.6837
131.5445 26.0611
137.2931 29.2792
138.7891 28.8794
131.2469 27.0161
136.0725 29.2330
137.0666 28.7089
134.7075 28.1020
136.4257 27.9234
131.8450 26.8550
138.9548 28.7953
133.2474 27.7567
136.8216 33.6369
137.4578 29.4863
136.0443 30.3226
134.4268 25.1266
137.3154 34.0677
132.8069 29.5367
134.7051 31.2046
136.4348 30.8079
128.2556 24.6974
137.2671 31.0254
133.1636 26.2243
136.9931 33.8969
136.5843 30.8831
132.8508 24.8532
137.9704 34.2834
134.1375 28.7955
134.3643 29.9318
133.9113 28.1246
130.8046 25.5222
136.0556 30.5854
139.1282 27.5538
137.0519 29.8193
132.7371 31.9997
137.4183 34.1934
138.4324 27.9752
131.2950 30.5792
133.8237 24.8526
138.2299 28.0293
132.1425 27.4878
134.8646 24.7622
139.6846 28.4741
133.9968 28.3693
132.7720 28.4236
137.6744 30.0037
131.0951 30.1969
128.9295 25.8455
136.1898 25.1676
134.8902 32.1618
133.9701 25.3987
138.4433 30.9104
134.4034 25.5289
133.4847 26.9215
133.7471 29.2739
138.2529 30.8265
132.3703 29.3814
127.0094 26.8970
134.0891 26.6877
138.4700 30.1425
128.2835 28.2613
138.5945 30.3073
133.8166 26.3990
138.9466 30.0280
134.2312 28.0752
136.9967 27.9648
135.6953 23.6296
133.5802 27.9915
139.0906 29.7502
134.6720 31.9822
136.6557 28.6018
134.1560 25.5839
135.0437 30.9252
132.3226 26.1238
135.1446 24.2854
138.4290 29.7658
134.2226 31.1003
134.7195 31.0301
133.6020 26.9406
137.6505 30.3838
141.3136 34.1764
134.5698 28.4975
140.6918 35.1852
136.8787 33.2314
133.9544 27.5165
133.8736 26.3077
130.7276 30.0351
130.9303 30.2476
138.3984 30.4969
137.2737 33.8471
138.7164 30.1824
134.0426 26.0002
132.6078 26.7946
139.0019 29.3142
134.9683 32.1770
134.4917 31.7677
130.7000 29.9238
137.2097 30.3478
138.6129 34.1306
133.7998 27.6067
133.7658 27.1385
134.9118 32.0398
136.5032 29.1922
134.1079 28.3518
137.9168 30.0750
133.6782 28.4691
134.3449 25.2160
133.6241 28.3675
133.4225 32.5433
135.1130 27.9628
138.0045 28.5226
134.6762 28.2343
132.6551 31.9980
140.0331 28.2080
139.5847 27.1078
135.3083 24.2493
134.1065 25.2770
137.4662 34.0178
138.7658 29.2599
135.0249 30.4559
134.9287 32.2106
131.4018 30.4747
136.7863 28.8979
130.8865 30.0193
136.1621 29.8838
130.6342 29.9954
132.5358 31.9385
134.9187 32.0874
129.2026 25.6938
132.0602 30.7789
137.1288 30.1671
133.1540 25.3308
131.4685 30.4369
137.6608 29.9634
136.8703 29.3552
143.3467 36.8980
133.7021 28.6913
133.5386 32.2402
130.6299 30.1440
139.0524 29.7286
137.6275 29.5949
130.2859 26.0191
137.4480 34.1090
133.1994 31.9153
137.6461 30.2345
133.6086 31.6001
130.4670 29.8508
130.5335 28.2908
138.5436 34.2965
134.0013 28.1716
134.1421 28.3168
134.0037 28.2550
134.4204 27.4431
139.9226 27.7585
135.3869 30.0382
133.1290 31.9642
132.9575 28.7536
137.5331 30.3873
131.2416 30.4620
131.0523 26.4265
137.8675 29.8171
133.5206 27.0335
139.6657 28.6090
137.8560 34.0316
139.6150 27.1392
139.2561 28.4852
134.8507 28.4783
136.3596 33.5063
133.9556 29.7219
134.9109 32.3769
137.7551 29.5910
138.0818 30.4944
134.2556 28.6815
139.4032 28.3412
139.2685 28.8001
133.3482 28.4468
132.8446 28.7629
137.1755 28.7673
136.7108 28.3640
133.8757 26.2963
127.1201 23.7371
138.4151 29.3708
137.1063 29.3812
132.9100 32.1695
138.0712 34.0984
138.9648 29.6938
138.7646 29.6514
135.0895 29.7935
137.3767 33.3577
138.9831 29.4733
133.2047 27.5846
134.1523 26.4534
125.9059 22.9923
137.5171 29.5787
134.5471 28.3760
139.7773 28.0678
133.1680 28.7410
137.6676 34.1248
133.1250 27.5852
126.2047 24.1451
136.1616 29.4158
137.2331 30.1268
133.8148 26.8928
131.2843 27.0554
139.1261 28.3091
137.4547 29.2135
133.3880 30.2901
133.4097 29.2405
137.6394 30.3669
126.9081 27.6840
140.5537 33.8053
139.1308 28.8649
136.9707 33.0199
133.6727 24.6288
134.7908 31.7485
127.1203 24.7017
132.9727 31.6747
134.2104 28.9905
133.5749 27.2672
133.7268 27.7537
132.3262 30.7867
133.4087 27.1744
133.7167 25.4416
138.5942 30.1142
136.5271 29.0421
134.3288 29.1925
134.6115 29.8657
133.9325 28.2899
138.0829 30.5742
137.9587 30.2332
138.3346 30.0361
136.1527 31.4377
137.4390 32.8338
137.6949 29.7177
134.2757 28.4035
133.4769 26.9946
138.9684 27.6052
134.0229 32.1104
133.3421 27.2565
133.9444 32.2905
131.7305 27.3931
137.8409 29.4905
139.8385 27.3998
136.8909 28.0999
134.6871 24.7783
133.8721 29.2732
139.6899 28.6406
132.7480 27.0954
138.6903 29.4422
135.7316 24.1318
133.4796 27.7028
133.3798 25.1832
127.8126 24.5377
134.8552 28.9089
138.5944 29.7956
139.8325 28.1419
136.7433 31.6089
139.5185 28.6295
140.0022 27.6389
134.0311 25.9653
136.6421 30.9381
133.2523 26.2435
135.9928 29.6112
128.0655 24.4503
133.7627 28.8437
135.0442 28.7679
131.2124 30.2973
139.0172 29.9414
132.7032 32.1771
138.4339 34.2627
136.2505 29.3259
133.3481 29.4196
134.6283 27.5543
132.7236 26.9807
139.2002 28.4847
136.2737 30.6060
127.5173 24.5757
137.0437 28.9710
137.0613 32.0140
134.7506 29.1592
138.4631 30.0309
135.3746 24.2604
127.1423 23.8578
134.5455 28.7907
132.8776 28.4645
127.9393 25.9910
138.3384 30.0058
133.8901 32.3623
135.1187 30.7329
139.2263 28.6852
136.3769 28.4374
138.6765 30.4388
134.8410 32.8074
137.6931 30.2360
133.3425 27.4549
139.6531 28.4810
136.2310 30.4958
138.7166 30.1917
133.4637 27.3507
134.5415 32.2189
133.8612 30.6585
138.4622 29.4083
134.1017 28.3428
133.3524 27.7810
137.0153 32.1350
132.1451 27.8111
135.1322 31.7423
136.7544 29.2560
134.6678 27.9766
133.9250 24.6464
132.9862 25.6069
135.8136 31.0531
135.4662 24.2885
131.9381 27.6194
140.2401 33.3962
138.4878 29.7772
137.5478 29.6928
134.3716 25.7859
135.8258 31.2859
138.1191 30.4013
136.6898 28.8284
138.0746 29.9183
134.2402 28.7357
137.0221 30.7031
138.9759 29.6062
138.5165 29.4350
132.8470 31.5938
137.4712 33.3145
126.3146 27.0795
131.7728 28.5488
134.8934 32.8927
139.5791 28.2477
134.2284 32.8566
135.9632 29.6570
130.8500 29.8176
134.3935 32.6963
135.5839 30.6172
138.3082 29.8749
139.2854 28.4694
138.2482 29.5558
136.9147 28.8329
138.1671 28.2871
133.6406 31.1483
127.7900 25.5337
136.6995 33.3470
137.3462 33.8350
130.7003 29.8498
136.4721 28.8210
139.5497 29.0275
135.3580 30.8936
131.6773 26.9517
134.0878 27.4442
132.1164 27.4929
132.2995 28.0037
134.5702 27.4881
133.3018 25.3459
136.9820 29.3982
135.0298 30.1191
132.4623 27.0326
137.5153 29.3781
135.4132 23.2310
134.9773 24.5452
132.8524 31.5812
132.9523 26.4835
128.3416 24.9596
137.4453 29.7704
139.3278 28.7838
139.7581 28.1851
133.5811 28.1028
131.4673 27.7775
138.1559 30.7700
131.3754 28.1531
137.5837 34.1087
138.0608 30.2515
133.9282 30.8531
136.0962 30.2630
134.3808 25.3051
134.9691 32.0978
137.8533 34.3334
133.4118 29.1692
133.3307 28.4938
134.9623 28.9570
133.7164 26.7564
139.1173 28.5769
134.9102 29.8813
139.3612 28.2601
136.0049 29.5456
130.2754 26.5849
132.8296 29.3587
138.0355 34.3068
134.9641 28.7697
136.1784 31.4652
133.2588 32.9381
136.3036 28.2572
131.6907 28.1084
133.1601 29.5000
130.9559 26.0974
139.7948 28.4707
131.2572 27.6638
139.0639 28.4737
137.9797 30.9273
137.9680 30.9441
137.8618 30.1407
132.9405 31.8869
133.9661 30.1561
138.6135 29.2800
137.4038 29.4619
136.0572 29.6868
133.2112 25.9556
134.8507 28.7842
129.1253 27.0173
138.6825 30.2098
135.0550 31.5095
134.1115 25.2969
134.9437 29.1471
139.3089 28.6322
131.8923 27.2732
134.2725 25.2444
138.1679 30.0813
134.2611 26.4476
128.5563 25.8224
136.8754 32.9569
129.6405 29.6805
138.0783 28.1460
131.6597 27.5635
141.1752 35.0107
133.6977 24.3553
139.6777 28.6104
134.1674 27.1319
134.2253 24.7871
132.7103 26.8765
133.5175 25.3932
137.9829 33.3589
133.1984 29.7021
133.8305 26.7866
132.9597 25.3738
132.4777 31.4465
133.5302 27.3797
131.3486 26.0026
139.1606 28.5369
135.1886 31.3328
137.4935 33.1653
137.7707 32.8918
132.4165 28.2020
137.8265 29.8399
126.3664 26.4631
134.3790 29.3898
137.0854 29.5223
138.8379 30.5101
133.4386 27.5605
136.6741 28.8929
133.7301 27.4804
138.3857 30.2973
136.6263 28.9565
137.5682 29.4838
138.9923 29.8129
134.3675 24.5736
132.8781 31.5663
134.0001 28.4095
138.7988 30.4379
132.6560 28.4355
133.7046 26.5296
138.5939 27.5991
133.6124 26.9231
138.4247 30.1791
128.0200 23.7592
137.9433 30.3836
134.0726 26.7851
138.4429 30.6333
133.5224 29.2810
134.7203 32.0515
139.4247 28.2388
134.4661 28.0333
138.8533 30.2440
139.5233 29.0284
137.0973 29.4303
128.9951 29.0519
137.1165 29.0029
137.1768 29.6607
137.1606 30.9581
137.8792 30.3672
134.4880 28.2123
136.0592 29.9650
139.3281 28.4397
138.4057 30.6901
134.9925 29.9391
134.7068 24.9490
134.7149 31.3528
128.2663 24.8763
137.5175 29.1938
132.3757 29.3526
134.1787 25.7419
139.1942 29.0832
139.9026 27.3699
137.0297 31.0552
138.7964 34.0458
134.0268 26.0327
133.6544 27.4938
133.5159 26.8997
138.8778 28.6897
131.7067 26.8930
138.5148 30.3321
136.7461 30.9646
137.2041 30.9669
130.6990 29.8819
132.8531 31.5167
134.0712 25.9820
133.8475 26.5395
134.4594 27.9167
136.3923 28.3710
138.0513 28.8170
138.2502 30.0905
131.7739 30.6261
137.6579 30.1394
132.6244 31.6820
127.6067 24.9641
133.5512 24.7817
131.4859 30.4915
134.8214 32.9231
134.6754 28.3328
134.7503 28.1742
137.4725 29.5346
134.6780 31.8706
130.6993 27.0475
139.6669 28.8538
132.6656 31.7121
133.2861 32.2629
134.8003 32.3022
136.2575 29.4330
136.9756 29.1857
134.2638 27.8593
132.5639 29.4856
138.9086 30.5533
133.6474 29.3202
136.2666 25.4524
139.7896 28.6932
137.5504 29.9079
137.6633 29.7111
132.7896 31.5178
132.9970 26.0205
139.4448 28.9758
137.3152 29.5143
138.2199 29.7072
138.5267 30.6130
132.1968 27.8327
132.6320 31.8268
127.8966 24.4204
135.6512 28.1128
136.9732 29.6566
136.1090 29.8591
139.5263 29.6569
137.0661 34.0031
137.2533 29.9932
139.4390 28.9329
139.0036 27.7734
136.5475 33.6539
139.1047 29.4032
134.6324 32.5448
137.5426 34.2999
139.7543 27.2350
136.5129 33.7625
139.1410 33.4171
136.6548 29.3393
138.6959 30.6990
138.6580 34.4144
139.5419 30.1368
139.6064 28.3749
136.5255 29.0721
134.1572 28.3543
139.0908 30.3990
137.4786 34.1666
135.1296 32.8650
137.0718 34.0176
136.6740 33.8760
137.3580 34.1190
129.0100 29.1871
138.9887 30.3646
128.0560 27.4295
138.1262 30.7442
137.1447 33.5050
139.5220 28.3564
139.0574 27.6793
138.7952 30.6542
137.4721 29.5671
136.5337 33.4753
136.0647 30.3920
139.2743 28.9552
136.9816 30.2843
137.9236 29.5750
137.3778 34.1108
139.1255 29.3778
136.8240 30.1904
128.5062 28.3365
139.1132 29.5769
142.3878 35.6574
137.5611 30.0158
128.2315 28.4845
139.0387 29.0595
138.3755 28.8409
138.3587 29.5001
138.8716 30.3350
134.8943 29.5493
139.1357 28.2234
137.9348 31.1032
137.8333 30.8709
136.9571 33.4057
127.8649 28.3719
136.9019 30.8988
138.1920 29.1592
136.4161 29.4974
135.3283 25.0117
139.5750 33.6158
137.2490 33.8858
134.4436 29.4468
138.6808 28.0207
141.1904 33.8047
137.8432 30.7411
131.4238 30.0357
138.9553 27.7531
137.7847 34.4210
138.8436 28.6501
140.8377 35.3611
139.0098 29.6099
138.9467 31.9546
138.1653 30.3887
138.9695 28.8606
139.3671 28.4234
139.1282 29.1511
139.5432 30.0276
139.2453 28.4523
138.9898 27.9825
139.7627 28.9076
137.2994 28.8303
137.1147 33.7201
138.8672 28.7291
139.5896 27.2107
137.8848 29.3721
136.3077 33.5619
144.0194 37.6854
134.0652 27.4575
136.1463 30.3947
139.1922 29.2614
139.3150 34.1930
134.0282 28.1219
136.9438 31.5381
137.6930 30.7825
136.7158 29.4316
139.9190 27.6221
136.7514 34.0383
136.8311 31.0449
138.5163 28.6989
136.8253 34.0280
136.3086 30.7939
138.7840 28.1021
138.3742 28.9707
132.6642 32.0295
137.8884 34.1370
137.1967 34.0187
137.8620 29.4428
139.6494 33.4965
136.3983 30.8723
137.2554 29.0026
137.3556 34.0761
137.4444 34.1714
137.0840 30.6260
136.9641 34.2082
137.8228 29.2582
135.1836 32.2314
137.3556 34.0464
137.0718 30.1851
137.4104 34.0535
144.4301 37.7689
139.2769 28.9097
138.6833 28.3939
128.0545 27.9871
136.8324 34.0574
143.6734 37.2797
137.0995 29.3125
139.0279 27.8469
139.3383 29.0664
139.2701 34.5263
137.2108 33.0188
136.1526 30.6792
137.3218 34.0967
137.0307 34.0932
136.8388 29.3686
136.9842 30.0259
139.5132 34.4147
139.4830 29.3972
136.6602 33.9234
137.0797 28.5607
137.6187 31.1430
136.8433 28.7607
138.6654 30.1141
133.2614 29.6325
137.9386 34.1391
139.8725 34.0152
139.5232 29.0735
137.3119 34.0561
137.6685 34.2067
131.7046 27.9006
139.1457 28.9449
132.5224 31.8606
135.9440 28.0229
144.4547 35.7006
136.5835 29.2631
137.0414 30.6491
137.0150 28.9305
137.0315 33.1732
139.3044 28.8466
136.0130 28.8630
136.9492 33.4226
137.6673 34.2605
137.0936 33.9547
138.2935 29.4305
137.1431 34.1925
139.0348 28.3621
137.0441 34.1004
139.3640 28.4844
136.1061 30.5653
140.3911 33.1707
139.2152 30.1737
127.3540 27.0139
126.8778 26.5099
139.2198 29.3878
139.1373 29.8935
137.0387 31.1327
137.3186 33.8359
136.0053 29.0706
138.9990 33.0854
137.7363 29.7732
143.3262 37.1237
134.3414 30.8917
137.6635 31.0760
143.5039 36.8313
136.6218 29.8525
137.3681 34.2877
136.8244 29.6704
136.7558 33.4261
129.8057 28.8180
139.2117 29.2750
134.8525 29.8045
139.2125 28.2910
137.3662 34.1333
136.6547 30.0558
137.2166 34.0749
139.5613 34.3957
137.3442 34.1209
137.4527 31.1527
139.3012 28.7944
136.0408 28.2969
133.7668 28.3265
137.5560 32.7264
136.5655 33.6973
136.4440 33.9049
133.9544 30.9054
136.8643 32.5363
134.0675 27.4728
136.9104 29.8926
135.9738 25.5639
136.8324 33.1024
135.9397 24.3488
131.4861 28.7960
135.8907 30.1106
138.5401 29.7922
133.8710 27.0150
130.4423 28.6792
135.7676 27.2684
137.4038 30.4272
133.5738 28.3841
134.9205 32.2034
134.5741 28.5627
137.4780 31.6969
137.9039 30.8103
138.9547 28.6300
137.6387 32.9904
133.8933 30.9837
134.2814 27.9963
136.5343 30.6816
135.7643 29.3761
136.8014 33.7156
137.5337 29.7985
139.6461 28.6089
136.4403 30.8016
136.0619 32.5368
134.3942 25.5891
132.0226 31.0841
139.3091 29.1348
124.1736 30.5388
128.3817 25.9273
134.9469 24.6108
127.7027 26.9776
139.2852 28.7152
139.1579 29.3624
138.3625 33.5400
138.9799 30.1995
138.3290 28.3383
140.4556 27.7034
139.8106 33.1513
135.6073 24.8819
137.1062 33.6647
136.3934 28.3381
134.1578 27.9030
134.9219 28.4970
138.8443 28.6513
135.2628 30.0677
133.7457 31.2912
139.3969 29.3118
137.5612 32.8812
139.3314 28.3732
137.1808 31.0382
133.1150 27.6777
137.7788 34.1961
139.1406 27.7706
139.1332 34.6779
135.3437 29.6275
138.2155 33.0240
136.4812 27.9566
136.2297 28.3823
134.8232 25.3413
133.9775 26.0843
137.3908 30.2993
133.9669 27.0342
139.3045 29.2276
135.1531 24.9338
135.9413 29.6440
135.5746 28.4508
137.7929 30.8120
136.7623 29.9443
135.5320 29.4976
139.2318 27.7053
133.5420 28.0393
140.2955 27.7998
127.2271 28.0281
133.4725 27.8204
134.7561 25.0360
137.2025 33.9427
139.1296 29.4535
135.2006 31.6683
136.0878 28.3861
136.0558 29.3562
134.6306 24.7137
137.1674 29.0055
134.9235 28.5847
138.3569 29.9437
127.6348 27.1278
135.1920 29.1899
139.8572 33.7220
136.0972 28.1313
139.3701 28.7048
133.9036 28.8762
130.3717 25.5172
137.6557 30.7207
137.6406 34.0204
137.8431 29.9781
135.4888 23.9376
138.5847 27.3093
138.5820 28.2962
138.9142 33.2834
135.0936 29.8092
133.7394 26.6180
137.7455 29.7084
134.9390 28.3417
141.1432 33.7685
135.1734 31.6720
134.9554 29.0922
133.9151 26.0083
137.9583 34.2025
134.6709 28.6306
138.6055 30.3371
137.8617 30.9766
139.0418 28.7861
137.4031 29.2753
126.8697 26.3762
134.4206 25.5299
139.1851 29.2906
132.2805 25.6615
138.8362 30.3941
132.3957 25.8993
136.5064 29.0039
133.9096 28.4797
136.6693 33.7130
136.8249 30.6623
137.8089 30.4596
136.1756 29.4884
137.8854 29.8668
133.1404 29.6383
136.7049 33.3055
138.1872 30.6248
138.1015 33.8158
137.4362 33.0765
135.8085 24.3830
137.8987 28.7847
139.0552 29.2009
132.3521 27.9531
134.2345 25.9276
134.4566 27.8831
139.6286 28.4414
133.9861 32.3510
140.1395 27.9316
126.5611 26.6543
134.0997 31.5890
134.1297 24.6743
133.4753 28.0891
131.4517 30.6581
139.1962 29.0951
134.0672 26.4641
138.7680 34.3375
139.4236 29.2652
138.0532 30.7274
137.6150 33.2660
139.3363 28.3449
128.3159 28.5457
136.9798 33.2126
136.7898 30.8630
133.7513 27.8718
136.5232 29.1241
138.1781 30.7382
137.6128 30.3512
131.2211 25.9260
133.2625 26.6415
138.9901 29.8089
136.7809 29.2323
132.7464 32.0183
132.7540 31.3193
139.0943 29.4900
137.6845 29.5540
136.2774 30.5958
138.6805 33.2758
135.6946 30.8353
137.7625 30.4709
130.7121 25.4630
134.7451 28.7141
128.7856 28.5531
136.5662 30.7522
134.5730 29.0608
134.3246 32.1042
139.1935 30.1069
137.4442 28.9181
132.7560 25.9603
133.3155 25.1693
137.4618 33.4290
137.6326 28.8715
137.5384 30.9786
132.7817 26.6896
137.4653 29.0675
141.1474 34.1869
137.3792 34.3322
134.7259 32.0300
133.6222 26.7498
139.4619 28.4399
133.4413 28.0467
135.1448 31.5428
134.1542 24.7862
139.8052 28.2609
137.8366 31.0791
136.4240 30.6661
139.2939 28.9036
138.5995 28.4510
133.6053 28.5242
138.2704 33.7598
133.9030 29.2984
141.3254 34.6168
127.4520 25.6280
138.0734 30.5343
136.0016 30.1727
136.5882 33.3659
136.4822 33.1725
132.0957 28.1885
133.1903 28.1023
133.3549 25.1649
133.0219 26.4118
137.8696 29.9156
139.1254 29.7562
130.7036 29.9346
138.2043 30.3319
136.5849 29.0843
138.1256 29.3207
137.7327 29.5260
134.9685 30.9418
136.7475 29.0213
136.6200 28.8959
133.5013 26.7919
139.5058 28.9264
139.6467 28.7791
134.0452 24.8331
138.9430 30.0669
136.0106 29.7002
135.5098 32.2356
138.2097 29.7172
137.6997 31.7534
133.9446 24.7276
133.0082 32.1605
132.6390 31.8843
136.8380 30.4695
138.0043 30.8125
138.2783 30.4151
137.9956 30.1005
138.0855 29.8629
133.4680 24.7978
134.8952 29.0478
133.6156 24.6717
138.7253 30.1680
135.1390 32.1337
131.3251 28.0468
137.8639 30.3345
133.6985 24.9720
132.8729 29.4132
139.4177 33.1436
132.3046 27.8137
137.6880 29.6102
138.9627 29.7240
133.1385 28.3223
133.4788 27.2952
133.8302 31.1739
139.8415 27.4123
138.2943 29.9029
132.7194 26.9081
137.3156 28.8522
134.8361 28.8014
126.5160 26.1938
136.8759 29.3499
138.0623 30.0371
135.9704 29.7697
139.6496 29.4023
132.5903 26.9182
136.9204 30.4689
137.4849 28.5219
138.2741 30.6335
134.9023 26.6222
138.9951 29.3022
132.8614 26.1176
139.2193 28.3584
131.5827 30.5513
137.2334 32.3740
138.0144 30.2929
136.8334 29.2590
139.7989 27.9987
137.7848 29.5999
128.2635 25.7718
138.7209 30.4344
136.8738 28.8419
138.4115 34.1516
139.0855 29.0649
135.1901 24.7353
138.7361 30.2983
138.2296 28.9108
138.0594 30.2621
132.2300 27.3259
134.9611 32.3062
138.1349 30.6631
136.7868 30.7916
137.7108 29.8515
135.9886 27.8457
135.1570 31.7539
136.5744 28.9153
128.3757 28.1798
131.7780 26.9766
139.9334 28.0419
138.4061 34.2924
138.6051 27.6703
126.9998 24.1923
126.7291 24.0466
138.7750 27.5036
131.3060 30.3512
129.4673 29.3655
135.0981 24.4084
133.4607 27.2757
132.1333 25.9030
138.3283 30.1782
133.5739 31.7771
139.2155 28.8657
135.5792 32.3949
139.1111 28.8234
135.1624 24.7434
135.1197 31.6038
137.6023 33.3814
139.1660 29.1472
136.5948 29.0042
135.1301 24.7619
136.6289 28.8656
132.7701 31.9161
138.9090 33.2716
129.3978 28.9700
132.2773 27.1502
134.4277 25.7462
136.1986 32.2287
138.8956 30.6073
134.6866 27.9990
138.9821 28.7069
134.2881 27.8605
136.8725 33.4856
137.4444 34.2774
134.1399 27.9458
133.5945 27.0789
136.8087 33.3184
139.0542 28.7187
132.6829 28.0595
132.0886 27.7274
133.2805 27.5394
134.7213 28.3594
139.3777 33.1854
126.9260 27.0645
135.5770 27.9906
132.8411 32.0674
127.4199 26.6142
131.6549 28.3504
134.4031 27.9863
139.6951 28.9655
133.9254 26.3064
129.9389 25.6309
132.8681 31.9944
134.6361 24.9287
138.8699 28.6403
134.8445 32.3378
137.6965 29.1739
137.3818 33.6399
138.4537 33.0311
138.4616 30.7309
127.2788 26.8990
135.1587 31.7203
138.0603 34.1087
128.4226 28.5508
138.9406 33.1484
135.8887 29.9659
134.1666 28.1303
136.9033 33.3419
139.4257 28.6990
135.2230 29.7139
130.7137 30.0316
134.0730 27.8560
137.0289 30.9684
137.4047 30.9431
130.6948 29.9157
133.6878 31.4385
126.7052 26.5887
135.2239 29.8871
133.7179 32.4631
127.5176 27.9040
132.1835 31.5628
134.1966 27.7363
136.1479 30.5791
133.4110 27.2363
136.8260 33.2958
139.7143 28.5049
135.4508 27.9277
138.0304 29.2794
134.0334 31.1439
133.3068 32.2789
137.5999 29.7514
138.7547 28.1944
139.1694 27.7949
138.8910 28.3871
138.1459 33.6699
135.9659 29.8547
135.1775 27.9437
136.3864 28.0441
135.1526 31.9144
137.0446 30.2135
132.7023 27.0961
135.7151 32.6315
138.4575 30.1302
133.8349 26.9021
137.4680 30.6633
139.4269 28.7119
137.3727 33.0362
135.0750 30.5226
138.7148 27.4969
137.0195 28.5147
139.2293 34.1021
137.1828 29.0498
137.7417 29.7285
137.3019 29.0423
133.8819 30.8611
134.2142 27.6990
137.4327 29.8253
135.6654 27.9625
135.0391 29.5932
137.4749 33.3108
137.5635 28.9433
132.7173 31.7829
134.9543 32.4175
131.7833 27.3992
128.9323 25.6731
139.0573 27.8810
131.6916 30.9497
138.4865 34.0993
136.9817 33.3487
135.1397 29.8720
139.1045 29.1086
136.3221 33.3507
138.9842 29.1871
138.6064 31.1258
136.6180 30.9797
141.3440 34.6935
136.5791 29.6279
135.8813 29.8284
137.1772 30.3193
139.0715 29.1051
137.3407 29.3228
137.1889 30.8236
137.0743 34.2443
136.4939 30.3329
136.6563 33.9147
138.0862 32.2101
137.5780 30.3690
136.4076 30.1025
138.9642 30.7952
138.2862 34.3518
136.6362 31.1845
138.8586 34.5028
136.5320 29.8576
136.5392 33.9857
137.1979 30.0905
136.6186 28.8628
138.4964 30.0309
137.0710 29.0470
140.0184 33.1725
136.5585 30.3846
138.9319 30.3881
136.9050 33.9316
137.0650 30.8410
137.5776 34.2554
137.1187 30.1022
139.0905 29.4464
141.5810 34.6765
136.5387 33.3508
138.8784 29.1428
137.1184 30.9887
137.1499 30.0684
136.7755 30.9485
136.3145 33.6998
139.1930 28.6709
137.5107 29.5631
139.1768 29.5698
136.5571 30.4680
137.1222 29.0974
136.7324 33.5899
135.8524 30.3975
137.2306 29.7748
138.3018 29.8288
136.9660 33.0895
136.5814 30.0747
139.3494 29.2861
136.8693 30.0363
144.9808 34.8622
139.4832 28.8255
136.7281 30.4767
141.6987 35.2057
139.0040 29.0889
136.3748 33.3467
136.7874 30.2733
137.1652 31.0286
137.7874 30.4138
137.4871 29.2774
139.2388 30.1683
139.2054 29.4129
136.3269 30.5513
139.2251 30.2426
137.1445 33.4847
136.8506 29.2462
137.8551 30.3958
137.5235 30.4802
136.5293 33.1759
139.4424 29.2515
136.3149 33.5900
138.6602 34.3049
137.0172 30.0907
138.1090 30.7148
138.8577 30.5938
136.2884 33.4433
144.6815 38.0393
137.3985 29.7621
138.4345 29.2594
138.1173 31.3034
143.2848 37.3982
136.6943 33.0604
137.2214 30.0860
136.8902 30.3407
137.0279 34.2356
136.3824 33.2958
136.2268 28.9344
137.4798 30.4806
136.6144 30.8026
139.2681 28.7224
136.7516 33.0393
148.4495 36.0063
136.4879 30.7182
137.9200 30.9291
137.7290 30.0632
139.1430 28.6567
136.2273 30.5143
140.3403 34.5593
136.5260 33.4931
136.5584 29.8211
142.4575 35.5655
136.2833 30.3008
138.7935 30.9306
137.5203 30.3704
137.0807 29.4360
139.0016 29.2613
136.2548 29.9167
137.0683 30.2064
137.5684 29.6677
138.8046 29.1115
137.0889 33.9165
136.2761 29.7697
138.9663 28.3084
135.7860 29.9194
136.7234 33.4572
136.4469 28.8927
142.0199 35.0363
139.2890 29.2055
137.3113 30.7733
137.0603 29.7394
138.9126 29.8405
141.7499 35.1881
138.8793 29.3242
138.2086 34.3004
137.8754 30.5092
144.9834 38.8251
139.0910 29.8391
136.0199 30.0754
137.1009 30.3040
139.0729 30.4826
136.8501 32.5130
137.4908 30.5829
136.6269 33.1572
136.6895 33.0221
137.1107 33.2829
139.1607 29.4891
139.3098 29.0796
138.5695 31.0749
136.8978 33.2249
136.7373 33.8839
136.2737 30.4269
136.3782 29.2437
139.0916 28.8735
137.1915 30.8487
138.3736 31.1004
137.4677 29.3728
139.0577 29.1653
136.5173 29.6112
136.5758 30.7892
136.3695 33.7798
136.9600 30.0790
136.0447 29.0160
137.1666 28.9993
139.1547 29.1637
136.9749 29.3662
144.6326 38.0847
137.2495 34.1708
139.3323 29.1314
136.3887 33.2777
136.6619 33.0885
136.7155 33.4936
142.0821 34.9203
136.3352 30.5085
139.0643 30.7076
138.9775 28.9517
138.0545 34.3798
143.6405 36.5260
137.8566 31.0231
139.1689 29.0855
136.0791 29.2409
136.7819 30.8373
139.5041 34.7995
139.4459 32.6679
137.2160 29.1177
138.4091 34.3794
137.6340 29.5276
137.4364 30.6365
137.0231 33.6562
136.9294 29.7452
140.2204 33.9491
136.0368 30.0039
136.7372 30.4349
137.1763 33.5343
136.8083 30.7950
136.9615 29.4842
139.8679 34.6600
138.6738 30.9887
137.1262 29.4624
136.1463 29.5627
138.1514 30.9546
136.4004 33.4236
136.3333 29.9276
138.3941 29.8001
137.0824 30.1469
140.7338 34.4240
137.1197 33.2074
137.0809 34.0938
136.6991 33.6932
137.7384 30.1156
138.0410 30.8281
139.2436 29.3640
137.5117 31.3006
139.3949 29.2031
136.4520 29.1659
136.6402 29.6791
136.5773 30.7273
136.2664 33.5679
136.3225 29.6890
136.8077 30.2911
136.8316 28.8890
137.0992 34.1395
137.1432 30.8347
136.3978 28.8303
137.1734 33.5270
138.4361 30.9843
136.4826 29.1489
136.7903 29.9547
136.7240 29.9871
139.4431 29.1722
137.6496 30.5971
137.1678 31.0185
136.6755 30.5436
137.0104 33.9392
138.8573 34.4113
136.6243 30.7549
136.1262 29.1318
136.2174 30.6981
137.0437 33.9631
137.4373 29.4965
139.0165 28.5135
136.2788 30.4653
136.2274 29.9553
136.3042 29.2902
137.0745 31.0078
138.6049 30.9663
137.2704 30.8064
136.4438 29.3501
137.0840 34.1563
139.0130 29.3167
137.6024 29.8124
143.1628 37.2883
136.9248 30.8583
139.0050 29.6991
136.3228 33.3291
136.6718 33.9203
136.1725 30.5923
146.1579 37.8920
136.9084 29.6578
136.7438 30.7788
137.3461 29.4392
139.0142 30.4513
139.0780 28.9268
136.5252 30.6477
141.8267 35.5869
137.1736 29.0826
136.8730 28.9041
138.8889 29.3555
137.1110 30.9794
136.8919 31.2601
135.9628 30.0136
138.5609 28.7339
136.7153 33.9434
136.5585 33.1948
137.6003 31.1366
136.4121 30.5583
136.7859 29.3180
136.4388 30.9960
137.3026 29.8118
136.4667 28.9314
138.5610 34.3428
136.2446 29.4446
136.2788 30.2338
139.0364 29.2812
136.5713 33.1103
138.8501 29.3231
136.6430 29.7436
137.1904 30.8423
136.4230 33.2680
138.9670 30.7906
136.3918 29.4869
139.5120 29.5669
136.3541 30.4822
138.8446 30.6216
136.6844 30.9099
136.2048 29.7125
137.3111 29.3930
137.2700 29.3079
136.0714 29.1093
137.3420 29.3033
136.7574 29.6500
138.9155 28.4156
137.0387 30.3472
136.2287 30.1040
136.2890 28.9372
136.1665 29.4667
138.9440 29.1495
136.6399 30.2108
136.4749 30.8985
138.5909 28.7689
135.9185 30.3696
139.1134 29.0944
129.8434 28.8643
133.4796 27.1502
138.4877 34.3577
138.0308 29.4090
133.0626 25.4218
140.5019 34.6778
132.8196 30.2343
139.5492 29.6217
148.2068 35.3681
135.3841 29.6566
132.5423 31.2691
138.6457 28.1870
128.2710 29.0451
139.4983 33.2331
139.3852 34.2654
134.3338 30.9958
132.5967 28.3568
136.7824 29.4819
144.2475 36.8939
138.6012 29.8170
134.0148 32.4926
132.7210 30.4362
134.6543 29.2089
134.0524 27.8359
127.5936 23.3261
132.6110 28.6923
131.0127 30.4491
132.0361 28.9867
134.9327 32.5451
143.4929 36.0039
134.0728 26.0862
135.1835 25.1969
135.4837 25.8046
136.5532 33.9063
138.4581 30.5838
132.7338 28.9131
137.9431 30.5817
138.6334 30.5094
137.8900 30.1593
138.2968 28.5178
126.7487 26.5052
141.3500 35.0385
137.1239 31.1240
134.6800 27.1986
138.5301 33.9465
134.3029 25.4660
138.9141 29.6017
133.4623 31.5849
136.1994 28.7356
139.6955 29.3856
122.4069 27.4487
136.1341 29.1750
135.1288 24.6322
136.0228 24.2331
127.5032 28.0048
135.7899 24.3045
139.5783 28.6100
138.5133 28.0810
139.7468 29.6949
136.6123 32.4988
137.6517 30.1957
137.2554 30.6589
136.2849 33.5583
131.9922 29.0649
138.9164 30.5833
138.4048 28.6084
126.7260 25.2744
138.4702 30.5023
132.2363 29.2419
133.9436 26.3212
141.7704 35.3457
136.5680 33.7574
134.5560 32.5069
138.2448 32.4571
138.9008 27.3514
133.3177 28.2786
139.1887 32.1732
134.9966 24.2618
137.7626 31.0245
138.7422 30.2925
132.6240 26.1514
140.6642 34.1240
128.9202 28.0560
138.0923 30.8459
134.2280 25.3716
136.3326 29.4334
137.6844 30.2000
133.2672 31.2590
128.0392 27.2594
134.1779 24.6096
134.0598 31.3580
137.0326 33.2787
144.0158 36.4419
132.2450 31.5647
127.0951 29.8388
133.3476 32.7188
134.2740 31.9084
137.6995 30.0189
137.0845 28.8131
139.7296 28.6770
139.0731 27.8716
135.7724 32.2661
131.9477 27.2476
134.5749 25.0248
134.7061 30.1406
138.9600 29.3508
132.8523 31.8892
137.3229 33.7858
138.5031 34.2214
134.7773 28.2313
136.4673 30.7850
133.4568 27.1241
133.4957 32.5338
137.2137 32.2120
136.4098 29.2425
137.4302 29.1765
138.0031 30.4906
132.9866 32.0005
131.8411 27.9385
137.7056 34.1418
134.1667 28.2119
133.8504 27.4270
136.9652 29.2925
140.0748 28.1230
133.4055 31.5027
137.3119 32.3244
134.0826 28.2943
132.0342 27.5733
138.3367 30.3967
134.4533 27.8089
133.2329 27.3338
132.2001 31.5680
139.0314 28.2334
139.2560 28.4487
134.7595 32.2327
139.3891 28.8622
138.0588 30.1060
135.0343 32.8021
134.0787 28.7669
133.2563 27.5976
137.5970 30.4333
134.3391 31.8181
131.3282 29.7689
133.5099 27.4263
139.1735 28.4979
139.5588 28.5874
134.6498 25.0080
133.9860 32.2887
137.8437 30.1574
138.1469 30.4217
136.8087 30.4838
138.9673 27.5496
134.4099 25.3365
139.7055 28.7789
134.3477 25.5506
134.8852 24.6783
138.0495 31.1103
134.0037 28.3677
135.2568 32.2084
133.3362 27.3686
134.1127 25.9206
133.2633 27.3973
133.7396 27.6514
136.1552 29.2525
137.9296 30.6315
136.3656 28.8647
137.9779 30.3278
134.2676 25.2747
133.0303 26.6326
126.7582 26.4730
136.0917 30.7016
138.2582 34.1783
132.8551 32.1344
137.3000 29.8678
129.0031 29.2317
134.3790 28.3196
134.8519 24.7529
141.8571 35.2546
134.0119 26.6112
133.7626 26.6464
133.8151 28.3427
134.3260 28.0323
133.5991 26.7407
138.8755 30.3025
140.0810 27.9968
132.9586 25.4497
138.1921 29.0016
132.8762 31.5840
134.1682 27.8508
131.0621 30.3859
136.6655 33.2537
136.5025 28.8366
137.1720 33.6072
135.9547 25.0898
133.5529 29.5936
139.0802 29.4767
138.9668 29.3020
138.8548 28.0834
137.9665 30.9472
132.6397 32.1238
139.1243 34.5338
139.3740 28.5540
138.1470 30.7782
136.9062 30.9260
136.5571 29.2876
135.2137 24.8627
131.6959 29.0461
127.2125 27.1372
134.5123 28.9055
139.4975 28.9528
142.0052 34.8971
138.1168 28.9888
133.9054 26.3351
139.1366 27.6326
133.6594 24.6362
138.8102 29.1083
139.4878 28.9408
134.1467 25.7407
139.5673 29.6998
139.5842 29.3790
133.7740 29.0217
140.1635 34.7759
134.6253 28.5384
133.7993 26.5304
133.1060 28.4716
138.0925 34.2484
139.6429 29.2008
135.3986 24.9166
137.5274 31.1531
133.7604 29.2412
135.6717 28.0746
132.5160 31.7149
134.2375 28.2536
138.5923 33.9927
137.1335 30.9083
137.9188 34.1260
137.3211 33.6485
136.4790 28.1691
137.7273 28.9564
139.8324 27.4686
133.7655 28.7676
134.7999 32.2207
139.1716 29.3213
138.6229 30.7410
137.2519 30.9339
137.1817 29.6266
134.0183 32.3912
139.3148 28.3066
133.5694 27.3966
137.6510 30.5587
130.6667 29.8961
139.1233 29.9356
136.7789 29.8087
128.3733 25.8234
136.6579 28.6401
134.1727 26.2547
137.7622 34.0986
139.9780 27.7956
139.7023 29.4249
138.4415 32.8068
128.2940 26.3789
139.6956 26.8540
134.3400 24.8416
138.3944 30.5010
135.9262 30.3560
134.6293 28.6185
133.1555 30.5338
138.3548 34.3378
133.7506 25.5622
135.1442 28.3537
139.6410 30.0634
138.3424 32.2864
138.3966 28.5296
138.1971 29.5119
139.8358 28.2645
138.5786 30.9441
135.4459 25.0608
134.0872 25.9197
136.2716 28.9911
128.8228 28.3538
133.4147 30.3790
138.3507 28.8699
128.4619 25.6149
132.9762 29.4799
127.2515 24.8003
138.3379 30.7074
136.6150 28.7665
128.2984 28.7690
137.1801 34.1357
133.8178 26.7840
137.5136 34.2198
137.6319 29.5530
138.4559 28.5261
136.0733 30.5877
139.4919 29.0138
136.4047 29.3380
136.8903 29.3819
139.3150 29.3185
139.4398 29.1479
139.1075 30.3718
138.2020 32.9318
141.5572 35.4947
139.1974 28.6183
136.7650 33.9056
136.8584 29.8597
141.3901 35.2233
139.5989 34.1230
139.2009 30.4064
138.9364 28.3765
136.8073 29.7401
137.0478 33.8904
144.1352 38.2241
138.9053 28.3610
137.1840 33.0285
139.0607 30.5255
137.5906 34.1936
139.8316 34.1832
137.9138 30.4359
138.3520 32.0993
136.9282 33.2751
138.8824 29.4847
137.9425 34.2472
137.1644 34.1738
140.9057 35.2395
137.0944 33.4809
127.0513 27.3731
137.4185 34.2127
136.9142 33.7042
136.2141 29.0974
136.8720 33.4588
137.5861 30.9036
137.4077 34.0786
137.1706 29.1709
139.8000 34.1738
139.4197 29.0501
136.5651 33.7698
137.2412 33.9817
137.3000 34.1728
138.4858 34.2554
137.4441 29.1216
136.6337 33.7028
136.9325 33.2719
137.1405 34.1368
137.3094 34.1248
136.1160 30.9019
136.5457 33.7900
137.4671 34.0950
136.8423 31.0628
137.2727 30.5337
137.8517 31.0457
136.8561 34.0291
139.0755 30.1686
136.6208 33.8497
136.7436 33.9768
140.0442 34.6035
138.8504 30.8663
136.5070 33.1786
136.8498 28.9720
138.7994 30.5769
137.9555 30.4265
136.8203 33.9370
139.0677 27.9654
139.8574 34.1625
137.5968 29.7124
136.9446 33.9842
134.0227 28.7668
136.5126 33.1917
138.6828 34.4213
136.7863 33.2473
136.1882 28.1120
136.5305 33.8551
141.2932 35.4499
139.5787 34.3502
136.5609 29.2899
138.8805 30.6662
137.2148 33.8145
139.6958 34.1438
139.0491 29.2818
138.3376 29.1656
139.8505 34.1424
137.0215 29.2182
137.0497 33.7261
136.3052 28.1334
136.7752 29.2453
137.5163 30.1098
137.5035 30.5824
138.5774 29.2711
139.3374 29.4177
136.6777 28.9094
137.4089 30.7382
134.1676 28.2893
136.6227 29.6695
139.1412 29.1240
137.1627 34.1238
139.0354 30.5287
140.8727 33.9993
139.3869 28.5110
125.7564 23.1876
129.2883 25.7730
136.5791 33.1497
129.6748 25.9977
132.3797 27.3112
130.5343 29.1100
126.8577 25.2138
133.8929 29.8463
137.8556 34.2970
139.1035 28.7046
137.3560 30.8008
130.4149 26.1339
137.6520 30.2008
139.2494 29.4823
137.6528 30.9463
132.5103 27.5655
143.4535 35.9945
133.0273 26.6202
134.2378 27.6893
137.7432 33.9396
128.8221 25.6611
138.4888 30.5315
132.8957 32.1091
136.3836 29.1630
132.9106 31.9915
139.0107 29.9600
137.6797 33.2455
137.9112 30.3018
137.6971 31.0772
134.4656 25.0776
132.6647 31.8600
139.5711 28.5598
134.3712 31.9533
134.9822 26.6795
137.5451 29.2298
136.6164 23.5554
134.1359 30.9248
126.2707 26.7440
134.8429 32.6288
139.3701 33.4478
133.6983 32.2148
141.2091 34.2496
138.5916 30.1408
130.3111 26.1672
138.5649 34.0390
139.3960 28.5087
137.6662 29.8859
131.7573 27.3039
133.9601 26.7987
137.6079 33.3716
139.0038 28.8329
134.4651 25.5360
136.0752 29.5594
137.6644 30.1001
141.1083 35.3070
134.3312 25.9139
134.6412 28.0054
129.4747 25.6040
136.0438 30.1927
131.4936 26.7118
136.0443 29.6012
139.1600 28.9138
133.2055 28.6392
137.0484 28.8925
138.1835 33.7263
137.0806 30.0395
132.6917 32.0285
136.1372 30.4584
133.7946 26.5081
130.5022 29.7892
137.2232 30.9797
136.3158 30.6659
138.0878 34.3411
137.3160 31.0518
139.6318 29.8032
136.1533 29.4118
136.3807 28.3535
138.7128 30.4322
133.7475 27.2701
137.0353 30.1908
139.4924 33.5537
137.2581 34.1267
142.8504 35.6405
136.1146 29.4701
136.0983 29.4849
132.0963 28.5175
135.7020 25.2098
134.0505 30.2429
137.8463 30.9332
133.7014 25.0973
130.1850 25.9355
138.3895 33.8556
137.0449 30.9243
136.2766 29.2777
132.9879 26.4480
137.2175 30.0125
127.4781 25.1222
132.5684 26.6690
133.4147 32.3247
133.3149 29.8887
128.0858 25.6541
137.8541 30.8490
136.9509 30.0659
136.6690 30.0393
137.3873 29.3273
139.1365 30.1955
136.1854 29.3963
136.3758 31.0453
135.7842 30.3054
139.1632 28.3386
136.9320 30.2991
138.3195 34.2998
136.1891 30.8860
136.6051 30.8747
136.8791 30.0460
136.9017 29.4291
138.9537 28.9562
137.0723 29.0659
139.3382 34.7510
137.9294 31.0401
138.7350 30.7600
138.8556 34.4819
136.5989 30.0462
136.3849 28.7638
139.1851 28.7759
137.5403 34.2496
137.5748 34.2156
139.3915 28.9482
139.2991 29.4005
137.3257 29.7908
137.0379 28.9062
137.3342 29.9337
138.5963 31.0063
140.8558 33.1457
136.7597 29.9273
136.6962 33.3780
139.0112 29.1136
136.6512 30.1758
137.8794 34.2006
139.1404 30.0867
136.5986 30.7224
137.5271 30.8353
137.0899 29.6944
137.1389 33.2548
137.1095 33.0844
136.5636 30.8856
139.1900 34.4231
137.1596 30.1150
136.7949 28.8308
138.0099 29.7776
136.2010 29.4808
136.2825 30.6684
136.8817 30.0698
137.6968 30.1177
136.7418 29.8828
136.8472 34.0496
137.6911 30.0250
137.3415 29.9171
136.6990 33.3111
135.9978 29.8435
136.8367 30.9997
139.1179 29.5154
136.6373 33.7454
137.3817 30.9807
137.6339 30.7544
136.9366 33.3087
136.8649 30.9951
136.5268 29.3581
136.5139 30.8533
138.8006 30.7603
139.1490 30.2013
137.5114 30.7547
136.6860 30.0360
139.0032 29.2097
136.1252 30.9020
137.0805 34.0357
136.5156 29.7873
137.5695 30.5531
137.5127 29.5206
137.2197 30.2774
136.7856 29.7567
136.2849 33.2139
135.7820 29.7634
139.1282 29.5584
139.1537 28.8065
137.6675 31.1687
136.7359 29.1502
136.8649 30.3017
137.4612 34.1313
137.0697 30.3256
136.5630 30.7170
136.5115 30.8512
136.7286 33.9461
138.8641 30.6193
136.7666 33.2896
137.3140 30.9105
137.2067 30.2681
136.2190 30.4738
136.3616 28.6037
137.7688 29.4261
135.9333 30.6757
136.9722 28.8625
138.5704 31.2331
135.7718 30.2835
136.8782 33.4209
136.0935 29.4952
143.7847 37.3563
136.7365 28.8529
136.1404 28.7346
136.5692 29.9937
138.8302 28.6551
139.0023 29.1231
144.4508 38.1489
137.4765 29.4147
136.6901 33.9375
137.4115 34.2404
136.8184 29.1388
140.2875 33.8753
137.3156 30.0836
137.0947 30.1645
135.8445 29.5210
139.2975 32.2025
137.4197 30.8076
139.4265 34.3536
136.9086 29.3381
141.9618 34.8569
137.2606 30.9464
136.3492 30.7970
137.2713 29.1299
137.4921 30.8939
137.4767 33.0823
138.7349 29.0004
128.6574 29.1649
136.9877 30.3588
137.4490 30.6647
138.0446 29.7683
138.5064 30.7300
133.7572 26.5236
135.2585 32.0744
139.9003 30.1516
135.0733 26.3479
132.4192 28.9704
134.4583 29.3587
138.4950 30.1285
136.5617 30.1496
138.6060 34.3169
134.9640 26.8031
130.8123 26.6170
137.4276 30.6890
138.3117 30.7669
135.1521 31.7205
140.4889 34.2087
134.5961 27.6792
130.8637 25.8376
134.3445 25.8668
133.2309 26.5984
133.2231 24.7709
138.5341 33.3443
136.2914 26.2000
134.1035 27.3962
128.6662 29.1460
136.4936 33.1903
124.7701 27.9885
132.0657 27.2261
125.0621 28.6437
132.0557 23.8360
137.6152 28.9684
130.8930 25.8604
138.5878 29.4716
134.8658 30.8990
135.2966 27.1156
132.8056 32.3846
136.0263 29.5137
134.7542 27.8487
135.3409 26.1221
137.6362 29.2465
138.9725 29.1098
132.4640 29.7771
137.0887 29.6472
135.0515 30.3294
138.9592 32.8880
134.4832 29.6341
134.1822 28.4195
139.4597 28.2942
134.2790 24.1562
132.1621 26.6510
134.2181 29.5546
135.7099 30.7461
127.2238 24.4263
127.2741 28.1969
134.5660 28.2485
134.7938 31.9815
139.8469 29.2828
126.4859 22.2746
128.4433 30.4192
135.2142 28.4938
133.7853 31.0350
134.0718 31.1928
138.2868 30.7968
136.4140 33.3746
135.6645 28.2128
134.8939 32.1954
138.7775 34.3482
136.5260 28.8916
133.1278 27.4643
133.4157 27.7360
133.8075 28.3970
134.5087 27.8676
137.8702 29.5083
131.0916 30.7421
133.8449 31.1671
134.1065 28.5497
134.2841 22.5222
124.6582 20.7434
126.3076 24.0149
134.8239 22.5545
128.2238 26.5363
133.6651 27.2836
133.3417 27.8646
135.8302 28.2721
136.8878 27.9518
133.5922 26.4698
134.5012 22.3359
132.9678 26.6381
126.9570 25.3765
135.9174 27.6488
131.6628 24.0401
133.5581 25.7228
126.3974 24.6161
135.5350 25.7375
132.9249 24.9167
131.3687 23.5118
133.9452 28.0500
131.6013 26.5320
137.8858 30.1164
130.2578 23.9502
135.8465 24.4732
135.8503 24.0146
127.2260 21.1665
131.5789 25.7958
134.9366 23.2133
123.8860 21.2799
136.2532 25.7887
134.0101 25.9709
134.4280 22.0808
133.8232 24.7654
136.2899 24.5280
131.7614 24.2377
138.0177 28.4402
136.8091 30.2594
137.2991 30.3340
134.9863 31.3682
126.9026 23.4951
124.6465 21.7268
133.0301 29.1778
134.1632 26.5186
133.1011 25.2951
134.6346 22.8816
134.1660 22.0710
129.1177 24.3186
128.0086 24.3944
134.6480 21.4436
134.2709 21.7116
135.9149 27.6486
135.1569 22.4668
135.3139 26.3770
134.4057 23.5864
131.7101 23.4967
134.3370 25.2345
133.6848 32.2494
136.1595 28.6665
134.5505 26.5097
134.6548 32.7748
134.8115 28.3289
136.4509 28.6038
132.1501 27.4464
132.3211 31.6329
134.2541 28.4160
137.6521 32.1487
137.6396 34.1555
136.8041 29.1194
139.2856 33.5708
135.9232 30.8451
134.1849 25.9461
137.4098 34.2596
127.6931 24.4712
133.0745 26.6765
134.8259 28.4733
139.0425 30.0825
129.8026 28.5306
134.0759 27.1923
139.8203 28.1741
136.0801 24.9482
138.2489 29.4843
135.0534 25.0432
137.5419 34.2566
129.1677 28.7143
132.6431 32.4773
136.2237 30.4196
138.0846 30.6537
127.5383 27.0348
134.8605 31.1558
139.1611 28.9043
131.2669 30.5353
137.5988 34.0508
133.9511 31.5458
140.3950 27.8673
136.6968 29.9718
132.3773 29.4928
138.5251 34.2822
135.1362 25.0987
134.2104 31.6459
137.7728 29.6317
137.3405 30.1153
135.2047 28.0182
138.8808 29.9949
137.4945 29.5231
134.7653 25.3542
136.1032 28.0311
133.6455 31.8387
132.5841 28.7602
139.5705 26.9340
139.1252 28.7747
138.5242 33.9778
135.0713 26.5025
130.9542 30.2029
134.3517 31.5464
139.6804 29.0802
138.7998 28.7157
135.3970 32.4809
138.1158 30.7606
139.4423 29.7555
137.3223 32.4594
139.3488 29.1149
135.3282 28.1324
137.4642 30.0263
136.7405 29.2121
139.2685 29.3591
136.8257 29.4979
139.1557 33.2023
133.2227 32.0684
137.2436 31.0889
133.8210 26.7473
135.7213 24.4688
133.8001 25.0296
136.6581 28.9623
135.2469 29.5301
139.6016 28.9044
123.9828 30.1256
133.9161 28.7162
140.8666 35.1437
137.4770 34.2803
137.1986 33.6014
132.3053 27.4297
138.1973 31.0034
135.0496 28.0755
133.5719 27.1314
137.4351 33.0308
134.8815 31.9895
137.2231 28.6651
132.9758 28.7120
133.2145 31.1052
133.6398 28.5505
135.1957 26.0835
128.1546 27.6805
140.2733 27.5426
132.9456 29.1180
138.1102 34.3450
139.9531 27.3596
138.6805 27.9000
134.7424 27.9608
131.4465 27.2761
132.4954 31.4543
134.7608 29.3237
139.8463 28.2142
139.0478 28.5603
134.4142 29.0156
134.9431 31.7884
136.1423 30.2394
135.0824 32.7440
127.1598 27.5962
132.4718 31.5805
137.2539 29.6015
139.1196 30.2411
135.5866 31.2578
138.1364 30.0362
132.6953 28.7153
133.4578 28.2568
138.1504 28.1344
136.8967 29.0404
135.8848 26.8821
128.4944 26.6755
139.5635 28.2746
137.0783 29.4987
128.0129 24.4733
131.3075 27.8281
133.8469 24.5621
132.6581 28.1418
129.5777 28.9421
134.2790 30.1477
130.8970 27.2032
137.4131 34.2277
135.0382 31.9395
137.6486 29.8548
137.4041 31.0284
135.9527 29.9312
135.5195 24.1622
138.4505 30.6412
134.6890 31.7910
137.4721 30.5880
139.6197 28.3878
136.7048 31.7038
131.7517 27.0935
137.8901 29.9701
137.1666 29.8071
139.1869 28.1930
134.6676 30.9724
133.8228 24.7264
134.7538 26.1657
133.3356 25.1696
128.2641 25.4099
130.7734 29.9524
137.7057 29.6216
132.4940 27.2818
139.4126 28.2525
131.4144 27.3500
138.3302 30.1205
133.6698 25.0428
134.7484 29.4705
134.8261 24.4835
134.0164 28.1463
137.7295 29.5315
137.7197 30.0479
138.7820 33.6069
143.5349 37.1986
134.7299 32.1222
137.1739 34.1934
143.5142 36.3562
136.3109 33.4358
139.0836 29.4179
135.2142 30.5442
148.7966 35.6260
137.0552 29.6014
138.8290 30.8224
138.3108 32.1625
136.9197 33.2216
139.5130 28.3335
140.1363 32.2991
139.0788 30.6423
137.1743 29.7938
136.0982 30.7014
134.0354 26.4362
136.6285 29.6671
135.0779 24.8903
144.1452 38.3193
136.5686 29.3976
139.2494 28.1482
136.2825 30.4291
136.3993 31.5492
139.1669 31.2409
143.3432 37.0213
141.3519 33.8012
139.1820 29.2583
136.9056 31.3752
139.7164 29.6350
137.7325 29.5701
134.0804 31.1810
137.2978 33.1594
137.5529 33.8226
140.1491 33.9762
136.4711 29.4064
139.0560 27.8556
126.4037 24.6344
145.1126 36.8331
132.1233 31.8059
136.4668 33.2363
139.1746 29.6473
145.2557 34.2442
145.2521 34.9140
122.2270 32.8456
145.1618 35.3146
139.2902 28.6878
137.5301 30.2183
139.1071 29.3447
135.9320 29.7865
136.3713 33.3932
144.3144 38.7214
138.9023 30.5683
137.6298 34.0856
133.9754 30.8935
136.3638 31.5501
138.9918 30.3994
145.8812 35.7205
131.5770 30.7511
139.0568 29.5895
137.2627 33.6675
139.6634 28.4687
139.5312 29.9707
136.5029 30.6994
139.2251 28.6919
137.0274 30.9672
135.0152 33.5053
136.8523 31.0318
136.4521 33.3097
143.4119 36.1828
138.8450 29.1148
135.1426 31.7731
142.9016 36.2042
137.1281 33.9479
145.5358 34.5401
137.3126 30.8181
138.9763 28.5818
134.9085 32.1575
151.5851 35.8960
139.0550 28.6745
136.4941 33.4314
137.6838 31.1706
136.6235 29.5496
137.2574 29.6817
131.7100 30.7739
138.9241 29.9375
138.8990 29.1409
145.3089 35.6990
128.5999 28.5450
139.2043 33.0826
132.9063 31.6680
131.3889 26.9814
132.4803 29.4949
132.5806 31.9045
132.8606 31.6247
133.4012 27.8571
132.7385 31.8081
132.8453 30.7813
134.3388 32.1999
132.7899 31.8842
136.3231 29.3232
133.1004 32.0025
136.9644 29.0043
134.7627 27.9953
138.1841 33.5719
134.0074 31.2228
131.4294 30.4950
135.0641 31.0217
131.2866 30.3313
138.5283 34.0915
132.8549 31.9567
132.6248 31.9944
134.9426 31.1000
141.4182 35.5194
135.0133 28.2558
137.1648 30.3156
132.8346 31.8026
133.3017 27.0780
136.7070 33.9025
139.2357 29.6473
134.3779 25.4761
136.7747 28.1614
140.6571 33.6443
134.0975 31.2306
127.6608 24.9428
133.6584 27.2159
134.8961 32.0775
133.5336 29.5605
138.1142 29.5551
134.4084 25.3170
135.0310 32.9883
128.5628 25.7300
133.4946 27.7344
137.5705 30.7127
133.5377 32.3113
133.1747 31.5900
138.8707 30.3132
138.7528 33.2531
138.4038 32.8172
132.5376 31.8163
136.6014 30.9000
128.1109 27.4854
132.7346 31.6212
134.4037 24.9970
133.5350 27.3683
139.0349 30.2983
132.9304 31.5329
133.8750 32.1036
133.3609 27.3790
137.2766 34.0540
138.4895 32.8921
136.9285 33.4987
132.7990 31.9691
134.5287 24.8370
139.4347 33.1807
132.9242 32.1247
137.5634 30.7731
137.7816 30.9610
130.8265 30.0536
136.7071 33.5071
137.0419 34.1910
134.9022 28.8825
135.0733 32.2385
134.1972 27.6430
133.5280 27.5442
137.8468 32.5085
139.2414 30.2792
137.6876 30.0694
133.7251 26.7346
132.8396 31.9248
133.6971 31.3990
133.1850 26.3549
131.7777 27.2483
134.1969 27.9329
139.5310 34.3747
136.3975 28.1483
133.8267 28.2342
134.3770 25.3906
133.8981 28.3366
133.9238 26.7424
134.0715 26.2059
138.3188 30.3724
133.0274 32.1290
139.4131 28.4200
133.7148 30.9340
134.6688 24.6585
137.9415 29.1023
134.3350 25.0691
132.4691 28.7157
143.5314 37.2530
133.9350 31.2526
132.9120 32.0902
132.7057 31.6841
130.8757 30.0093
133.5435 25.1181
133.0644 27.2390
133.5802 27.1547
137.9183 30.6385
139.5721 28.7229
138.4018 30.0713
139.0363 29.8393
134.3076 25.1943
134.2190 28.3578
135.2750 31.2644
127.4759 28.1679
138.5253 30.6840
134.3250 28.5162
134.1469 30.8437
133.7231 26.2986
134.9909 30.1575
134.9315 28.4039
138.4403 27.8760
131.5965 27.3872
133.9349 28.1674
130.9939 30.2796
133.9525 28.6847
133.4577 27.2541
137.5485 31.4188
138.6362 30.2288
139.0835 29.3201
134.7593 27.9328
135.7049 29.9735
133.7400 27.2378
133.4823 28.4216
139.7133 28.5884
128.5956 28.4814
135.1303 31.4859
131.8754 27.8496
138.6116 29.4238
128.5104 25.8711
136.6221 29.2123
135.2961 25.9486
127.5908 28.2944
130.6348 25.6812
138.2929 29.9904
134.0750 25.3209
132.1881 28.1755
134.0581 25.8335
132.7296 28.1971
139.5036 29.1730
132.0718 28.1376
132.2144 27.7064
132.5367 28.7919
133.6528 31.9406
133.1326 26.1040
135.0157 32.3278
136.1420 29.0056
135.6887 26.8587
131.5694 26.2106
130.4495 28.3191
126.1655 24.9833
138.9607 29.1140
135.7510 23.6467
128.9757 26.1984
130.6830 26.0069
135.1422 32.2864
133.2230 28.7293
138.0128 30.1615
131.6925 27.2172
134.0746 27.5638
136.9079 29.3158
139.9365 27.6630
134.1490 31.2868
134.1062 28.6900
130.8449 31.0900
138.7962 30.4786
136.5345 30.1948
139.6417 27.9760
133.3460 25.1129
137.7631 34.3719
138.9766 29.9160
137.3085 33.7981
138.0314 34.0818
137.3844 33.7961
137.4489 31.1345
136.8736 29.4661
134.7143 27.9582
133.6642 32.2854
132.5997 31.6852
138.3775 28.4117
139.6985 28.1154
137.5495 29.9807
137.8344 34.1635
132.0900 29.0644
132.5722 28.2572
136.5644 28.0562
134.3448 26.0824
134.3990 25.4647
136.5726 33.4320
138.6339 28.6130
127.6736 27.2701
140.0751 27.6074
135.4021 32.8910
131.1884 25.8809
135.6429 27.9709
133.8581 24.9129
136.7091 31.5323
133.8671 28.4590
139.4085 28.6389
133.3871 30.6036
136.1419 31.4559
134.5489 28.4926
133.4574 24.9439
138.2493 29.9363
140.2011 33.7662
141.0817 35.1637
133.3339 27.2968
132.4817 29.4893
132.6624 31.9041
139.4168 34.4423
131.5035 28.2341
132.5455 26.7894
136.8050 33.2939
133.2225 32.5895
130.6109 29.9514
135.2097 31.9356
137.1837 32.2561
137.3839 33.5477
134.9715 31.7842
133.4877 28.7147
132.6088 29.6189
136.0651 29.7629
134.2616 27.7936
131.8581 27.0120
136.3561 28.8894
142.5829 35.6286
136.3178 28.1284
135.0656 29.3034
137.6845 30.2757
134.8245 31.8975
132.4548 31.4485
132.5981 27.9951
140.0070 28.1735
135.1238 29.6528
137.5822 31.1204
137.4170 34.1952
133.5689 27.9224
139.3166 30.1846
137.9772 30.3495
133.7505 30.9298
137.6566 29.0396
133.8395 24.8715
139.9690 28.3033
126.6386 26.5231
131.1136 30.2651
136.9436 31.0572
132.7803 31.7287
134.9066 29.2281
134.5278 24.7924
133.4015 32.5799
129.1630 25.7237
138.1245 30.2414
133.8977 25.8388
135.0359 27.9505
139.5231 28.9415
135.1752 31.8215
132.2708 31.6034
136.7010 29.2621
136.3433 29.2873
133.5317 27.2030
137.7077 30.5198
138.7458 28.3031
134.4015 27.7798
139.3253 28.3924
134.4141 24.5463
131.6110 30.5138
136.8374 33.9914
133.5244 28.4544
134.7011 28.1543
136.9940 31.9480
139.3725 28.5019
135.3939 32.6607
132.5991 30.8388
128.6241 25.5332
133.0317 31.4813
134.3551 29.4165
133.5606 27.3129
134.5527 24.4788
134.9763 32.6314
136.9508 29.9891
130.7694 30.0014
133.0683 31.4789
133.7630 30.6411
134.4263 27.5340
134.1750 27.6410
135.4485 23.4814
135.4938 32.5469
139.3191 28.8063
134.5880 24.6657
136.0486 29.3842
138.8393 28.9385
139.7747 29.8516
135.3754 28.1185
127.5947 25.9821
134.9878 32.3311
137.3360 28.9774
125.4479 28.7327
127.4021 27.7464
126.8212 24.2330
137.0408 28.6733
127.4260 25.8347
132.3607 27.7716
139.5763 28.8664
128.9572 28.6372
138.9916 30.0469
134.1175 25.2549
137.1994 28.3623
133.5774 27.9654
138.0857 30.5556
134.0410 28.6530
127.6662 28.2073
128.0572 28.1314
133.3836 27.0000
137.6115 30.9124
132.7115 31.6161
135.1127 29.8349
133.7681 30.7017
139.5787 29.0361
132.3984 31.9763
139.1943 29.1435
134.2225 28.5537
133.0223 26.2468
139.5731 28.4959
139.2935 28.5969
139.3091 29.1415
134.2795 28.2750
138.4728 30.1804
132.3193 31.6287
135.0516 29.1942
133.3856 32.4353
139.8961 28.5674
134.1688 24.7875
131.3397 27.6613
136.9646 32.3619
127.4551 27.9089
134.4637 25.2875
135.8724 26.6950
135.0484 29.8193
137.3588 29.1229
138.5607 33.9617
132.1764 26.0819
137.8136 34.2011
136.2325 31.4828
127.3484 25.3286
133.9901 25.6822
136.7863 31.0059
138.3679 30.6879
131.9762 29.2431
133.1690 26.3353
137.2827 29.0709
132.3255 27.0613
130.1689 28.8903
138.6432 29.8326
128.2542 25.9985
134.7697 24.9204
130.3071 25.4823
137.9315 29.4394
139.8125 28.1361
133.1662 27.3362
134.6818 32.1905
133.6006 28.0684
133.9705 26.6240
134.8717 29.9387
131.1149 30.2191
137.2848 30.2254
139.4648 28.7865
133.4637 27.4330
138.2536 30.3131
134.9075 24.8228
132.5441 31.3384
129.3555 26.4558
137.9345 29.8805
135.0116 31.2901
137.2138 29.5697
134.8672 24.7692
139.3770 29.6847
137.3250 33.6131
133.3443 25.5496
139.6667 28.0866
131.1236 28.3521
134.8496 30.0296
126.6093 27.5608
134.7571 29.1187
133.6916 31.3612
134.9924 32.3237
139.1441 29.6097
138.7421 27.8679
135.3782 30.9652
135.3926 24.5667
133.7300 24.4516
129.3618 25.3819
133.3607 27.0868
136.7921 29.9293
135.7171 29.5574
133.5046 29.4351
127.3209 24.8825
134.5782 25.1154
133.7658 27.9004
138.2237 30.8063
133.7295 23.8350
130.2331 25.0050
136.4720 28.7994
133.3597 29.1473
138.9594 28.5177
138.0449 30.1995
137.6476 34.2732
133.1440 25.2713
137.0088 28.8609
133.2663 27.4561
137.8803 33.6416
139.3384 28.4971
133.0778 27.8768
129.3965 25.6683
134.1118 25.4987
133.9866 28.4829
137.6170 33.3811
127.6947 26.7989
133.4363 32.7093
134.2396 26.2423
136.1488 28.0036
137.0211 29.5014
135.1384 30.9842
134.8863 26.3669
135.4077 29.2638
133.4443 29.4501
130.0029 24.8967
135.2096 28.3697
139.5225 29.5484
134.0787 27.9818
131.1445 28.3142
136.1343 28.7812
139.5546 29.1725
134.2197 27.9288
139.1265 29.2888
139.7213 28.1356
134.6553 32.4729
139.0964 29.9124
134.1380 31.5323
133.1497 29.2248
134.1333 30.7171
138.1650 28.4214
139.1389 29.4321
136.8509 31.8541
137.4026 30.9551
135.2477 28.8877
138.1469 34.3289
135.2330 27.5221
133.0739 25.1860
135.1261 24.6564
134.8531 28.2919
137.7024 33.0111
138.4485 30.5777
135.0353 24.4227
132.7128 26.7980
134.1722 31.7205
132.1935 31.7497
137.2881 30.9137
136.1264 29.5618
132.0329 28.9439
134.5325 24.9866
134.9518 29.9301
136.6284 31.7652
138.3488 30.1906
138.6397 29.7258
135.0977 31.2007
138.7605 27.2362
134.8022 31.5264
134.0682 25.2886
137.1423 33.9136
131.7263 28.6211
134.8020 28.7617
138.3923 29.2210
134.9862 31.7538
138.2089 32.0079
139.7799 28.2095
139.9643 28.2995
131.0777 30.2232
134.3295 24.6156
133.8558 32.3039
136.1043 30.3312
134.0643 26.7532
137.9205 29.8048
133.7813 29.5136
137.7427 29.6884
137.5102 29.0789
134.7398 29.7299
139.0854 28.4515
136.8167 29.0040
138.8722 30.0683
138.9328 28.1976
134.0759 32.8402
137.6712 30.9564
135.5640 29.7959
134.6281 29.0990
134.5109 29.0884
135.5533 30.1029
137.4984 29.0599
135.3123 27.6481
139.0697 28.4087
133.7361 29.2250
133.9537 26.6011
136.7849 28.9661
126.7879 24.1732
138.8658 30.2427
139.3619 28.7900
136.3260 27.8625
134.9078 28.4352
138.7588 30.3485
133.9243 29.2526
138.8039 30.4811
138.9278 29.9153
132.4696 27.3193
139.4013 28.3898
126.8317 23.9348
140.0993 28.0511
134.1183 26.2471
137.7290 34.1340
137.0517 30.0281
138.1817 33.8360
139.9572 27.9459
137.3027 30.9789
134.0176 26.9389
137.8831 29.9973
137.3446 32.3737
138.8495 27.3617
140.1179 28.0074
134.1730 31.3440
133.9633 31.2823
138.7588 30.0534
135.4092 30.2192
133.0482 32.0953
133.2242 26.5368
139.6219 28.6791
140.0591 27.9291
134.2889 26.0952
138.1166 29.7270
137.8904 29.9527
133.3535 27.1917
131.4146 28.0818
134.9018 30.2120
134.0242 32.3881
131.6563 30.6487
137.4081 33.7057
137.6220 29.2528
139.3761 28.3195
132.7022 31.9067
134.6783 29.0232
134.0810 26.1465
138.6355 30.4946
132.2398 31.6005
138.3340 30.1340
138.9616 30.0431
137.2095 29.5166
133.9695 32.2925
136.3370 29.2430
133.8926 26.4352
137.3715 28.3917
138.9101 29.8181
137.8917 29.8481
138.7676 29.5056
137.1857 31.0128
137.8224 34.1634
137.4947 29.7732
136.8918 31.9412
138.3024 30.2066
133.5530 27.2594
134.3682 30.3471
131.1402 30.2999
138.2065 30.7016
130.8228 30.0224
134.6161 28.8095
133.5485 31.5581
126.9584 25.0203
134.2684 30.2501
137.6492 30.3397
138.2174 30.2882
137.4692 29.5129
134.1547 26.8104
139.8299 28.1652
133.3959 27.9604
137.5995 29.4989
134.2226 31.0136
138.3113 30.0808
123.6066 28.5934
135.4480 23.0738
134.7077 25.0974
134.3838 27.2670
132.2950 31.4418
133.7510 27.8130
139.3436 28.5882
130.5267 26.9581
133.8272 26.4343
141.1294 34.8975
137.2336 32.8503
133.8992 26.2001
135.7378 25.5844
139.3054 28.2182
135.1608 31.5979
133.4324 28.5912
133.2409 27.5118
134.8475 24.3144
135.1206 32.2247
134.3673 24.5359
126.4774 27.6432
135.4601 31.1762
131.7921 27.4243
132.2873 27.7407
127.7737 29.4231
134.4732 20.4783
134.0471 28.8713
137.4771 34.1039
137.7774 28.4705
133.8198 24.5659
138.4057 30.3820
128.4340 25.6238
137.3909 33.3254
131.3503 26.7018
133.9913 25.0475
135.2222 23.3981
136.5898 31.8338
134.5089 25.2324
127.4029 23.8291
135.5888 28.6788
128.6936 25.8564
137.0551 31.4579
134.1471 24.3848
135.2428 28.2221
131.1089 25.2349
133.0675 25.2443
135.0918 29.2609
127.1858 25.2019
134.0994 30.3650
134.7262 27.0777
128.8236 25.6058
134.3002 24.6700
138.9530 29.6048
138.6008 30.6133
132.8476 28.1134
137.6017 31.0221
137.4778 30.5631
130.4108 26.3635
134.3144 30.6222
132.1638 28.0236
130.6956 30.0723
134.7245 29.2517
131.6240 28.4013
127.1274 27.4434
136.9494 27.0361
133.0979 26.2466
130.0449 26.2669
127.0775 25.9767
126.3645 21.3409
136.6426 29.9782
144.6149 38.0720
136.8548 29.6284
136.2352 30.5566
135.9937 30.4313
137.6614 30.3590
140.3035 34.8135
137.1772 34.1526
139.0230 29.9219
136.9224 34.0836
137.8970 30.6109
139.5494 29.0468
139.4532 29.1200
136.8516 33.4857
137.4690 30.1605
136.5839 33.2490
136.8759 34.0333
137.0741 33.6237
139.5324 28.5524
136.7734 33.9143
138.3515 29.1879
139.0213 29.8681
138.3115 30.9537
136.5587 33.2763
138.6520 30.6247
137.1673 33.5371
141.1761 34.3271
136.6075 33.3355
137.0452 33.9021
136.1613 30.3713
136.9783 34.0920
137.4874 29.8273
136.9822 29.6668
138.7299 28.6216
144.2443 38.0338
137.0906 33.7705
138.2157 31.0413
141.8366 34.7287
137.0037 33.8960
136.8342 33.9437
137.3121 34.2035
137.9876 30.9310
137.1514 34.1231
138.4774 31.0212
136.9650 29.1010
136.6345 33.8271
144.3925 38.3138
137.2337 30.2366
138.6990 30.8269
140.0219 33.0948
138.5281 28.6636
136.9592 33.9352
140.2196 34.6302
136.6362 33.8229
136.7232 33.3117
144.6593 38.2087
136.8163 29.0093
137.0877 33.7521
136.0984 30.6033
137.2392 34.0553
139.3312 28.5659
139.0537 29.5468
137.2304 34.1718
138.2851 29.2661
137.3894 30.3964
138.1563 30.8526
136.8983 33.9502
137.8158 30.3884
144.0010 37.8874
136.7640 29.5583
141.2963 33.4937
137.4785 30.1891
137.1438 29.1898
137.0385 33.9022
137.8201 29.3913
143.8436 37.4908
138.6810 34.2486
141.5556 35.5130
137.9479 34.2530
137.1394 34.1180
139.1178 34.6119
136.7697 33.9197
138.6190 34.2495
138.8491 28.1344
136.1630 29.6720
139.6476 28.7490
136.5272 30.7258
137.2446 34.1591
143.8920 37.7529
136.7361 33.9455
136.5931 29.4530
138.5951 29.6973
137.4675 30.3149
137.3432 30.0678
138.9780 34.4755
136.6194 30.2239
144.0047 37.8200
134.5453 27.8708
139.2771 28.3495
140.8104 35.1880
136.0928 29.9949
143.9457 37.4868
138.6732 30.9162
136.7744 33.4961
138.6711 34.4573
136.6255 33.0711
137.0305 33.7927
137.2199 34.1473
137.6721 34.4184
136.6834 30.1418
136.9350 28.9991
138.0501 30.6311
137.2899 29.1434
136.8858 31.0427
139.0027 29.2582
137.2398 34.1000
144.0307 37.9462
137.1524 33.1386
139.2755 28.3180
137.0777 33.8277
137.1371 33.2300
136.4745 29.6727
137.1614 33.1985
139.1508 34.5215
137.2220 34.1265
139.4078 29.0694
138.9262 30.3664
137.9487 30.7094
136.6687 33.8443
139.1673 32.9520
138.2594 29.4971
136.9881 34.2217
137.9055 30.6348
136.6382 32.9944
137.3718 34.1829
137.3391 29.4252
143.6521 36.5412
136.7838 33.9416
144.2038 37.7338
138.8481 28.4690
137.1321 31.1240
139.4175 32.7200
138.9711 29.1954
137.8600 30.4975
139.2055 32.8940
136.6676 30.4830
137.0527 30.3472
140.0100 34.1223
137.4583 30.9568
137.1175 30.0304
139.0098 29.4115
137.6137 34.2085
137.1597 29.4015
138.4164 34.3222
137.0714 33.8642
137.7601 30.0944
137.1012 28.6393
136.1105 30.2822
137.7503 31.0617
139.3978 29.1277
138.1454 31.2459
137.8783 30.5425
136.0034 29.4418
144.3023 35.7120
136.9506 33.5043
137.0521 29.7048
136.8831 33.4460
138.6960 30.4783
136.9869 33.9327
137.9311 34.1809
137.4034 30.3225
136.5870 33.3068
139.9611 33.9747
144.7742 38.2111
137.3813 30.4925
137.8781 30.6871
136.7353 33.9404
139.0457 29.7669
137.6482 30.3481
144.9986 37.9629
136.7710 33.3402
136.2752 30.5692
138.8758 30.2346
137.0904 33.7807
136.4435 30.0008
136.0884 29.0109
138.2670 31.1619
138.5661 30.7496
139.1781 29.6355
137.0415 33.1376
136.7496 33.4896
136.9533 31.0667
136.1212 30.0320
136.6925 33.9047
137.0996 30.3832
136.7209 29.1246
138.8609 30.2637
138.5832 29.0290
136.5746 33.0465
137.3064 34.0647
139.5359 29.0300
136.9699 28.7954
137.1176 30.0448
137.5551 30.8325
144.2235 37.8808
135.9544 30.0587
137.4889 30.8476
138.7667 28.9846
139.9520 34.0938
139.6707 28.6789
137.2793 34.1039
139.3912 28.5118
136.6668 33.8175
136.9446 33.9579
137.2923 34.0899
138.3899 31.1059
137.3223 34.0792
138.7872 34.4365
137.1143 34.1430
136.7460 33.8801
137.1015 31.1225
135.9147 29.3402
143.1199 36.9655
136.9128 29.6972
136.9843 30.1101
136.0364 30.4975
137.6267 29.9730
136.1388 30.1951
136.4763 30.7152
139.8917 34.0863
143.9747 36.0739
137.9573 30.8828
138.8609 28.1325
138.5179 29.4784
136.5602 33.1093
136.8720 33.9591
136.5689 33.3196
136.8093 29.5838
136.3934 29.9739
137.2828 34.0339
137.2417 34.1602
137.9828 34.2337
137.4514 30.2921
138.1014 29.6723
138.1844 29.3943
136.8115 29.5663
138.9453 29.4188
140.8886 34.9269
144.3332 36.0895
136.8384 29.6085
139.1387 28.2734
136.5459 33.3080
140.7227 33.2409
138.8033 30.3272
137.0166 29.7076
137.4418 29.6295
139.0135 30.0605
138.6301 29.9808
138.8315 30.2786
137.3271 34.1488
138.0364 30.5418
137.8789 29.4203
137.1532 33.4457
137.2959 34.1187
149.5843 36.0702
145.3512 34.4926
137.0470 33.9055
136.7147 33.9228
138.5839 30.6236
138.4962 34.3567
136.6732 30.9376
137.0000 29.6120
136.7527 33.0742
136.5490 33.3400
144.4131 35.7248
137.2261 34.1651
136.4746 30.7460
138.7531 28.5620
138.8459 30.3047
137.8591 30.5289
139.1709 28.2703
139.4089 28.8398
138.5649 28.7909
137.1902 33.4354
139.1814 34.8387
143.2308 36.0914
137.1789 33.4868
138.5480 29.6096
136.9973 33.5803
136.8232 31.2173
139.9323 33.0958
139.1815 28.3159
138.0479 30.8074
136.4620 29.1040
136.6849 33.1072
138.9909 29.2152
138.2741 34.2820
139.0020 30.0872
135.8447 29.4627
136.9469 30.4164
138.7977 28.4753
136.5539 33.5113
139.2958 28.3585
137.6711 31.0887
136.5368 33.3153
137.1353 34.3025
144.2446 38.1054
136.8314 29.3856
136.6608 33.0135
138.5580 28.4953
136.9872 33.7447
136.0891 30.2183
136.9497 33.8292
138.5327 29.4693
137.0583 33.8415
136.6616 33.8509
138.5700 30.6018
137.2965 34.0191
138.6708 30.4044
136.7719 33.9728
139.0076 29.6072
136.8371 33.9965
139.0302 29.6026
