134.0779 31.7309
135.4819 30.6695
133.9980 32.4955
137.6455 31.5322
137.8097 30.4370
132.3528 31.7032
132.1795 31.6637
134.0750 31.9972
136.5950 30.7943
128.6735 28.4919
137.5477 30.0478
136.5726 31.9815
135.3166 31.9288
134.9169 30.3827
137.6640 29.5699
134.4029 31.5714
136.3096 32.4555
132.0177 31.7287
131.9008 31.5915
137.5313 29.4351
132.2338 31.5543
132.8040 32.4805
136.3646 32.5022
137.5740 29.8188
136.9429 30.7588
137.1023 29.9600
132.6716 32.4686
132.0716 32.0004
136.7789 32.0415
137.7864 29.9844
134.1028 32.4899
129.0187 29.2629
136.1494 30.9621
136.6906 30.5513
134.1293 32.5625
135.2116 32.3889
136.4408 31.2929
135.5405 30.2558
136.4325 31.6327
135.7089 32.0747
137.1958 32.1203
134.2874 31.7931
137.1078 30.4437
136.6764 30.7260
136.1629 31.8901
137.7798 29.7167
132.7204 32.5037
134.6303 31.1977
129.4296 27.9594
136.0245 32.0489
133.9561 32.5040
129.3322 29.2372
136.7884 31.9812
136.6522 29.3367
135.7703 32.0938
135.8669 31.2888
138.2339 29.9957
131.9848 31.4866
131.5522 31.1119
137.3374 30.0427
135.0692 30.0462
136.1919 32.1202
134.8493 30.5942
137.7875 30.0054
136.2819 31.3596
136.2790 29.1499
137.8882 30.1067
132.1898 31.6380
132.7717 32.0199
137.7018 29.9198
135.0018 30.3713
137.2265 30.4793
136.7375 30.1282
136.9024 29.9576
132.0091 31.9256
137.9216 29.8103
135.9572 32.3681
132.1578 32.1002
134.0391 32.4822
136.8238 30.2724
134.2776 31.5458
134.6335 32.1495
136.7170 31.3614
136.1363 32.5353
135.8442 29.3161
136.4993 31.5230
132.6228 32.0553
135.4115 30.4717
136.6295 29.1442
136.7493 31.5273
133.8854 32.5345
136.8506 30.1605
135.8322 31.3329
134.5119 32.1932
131.8174 31.2023
136.0122 32.6428
132.0760 31.9493
128.8539 28.3246
136.9876 29.9303
135.9887 31.7162
128.7903 29.2856
136.1099 32.1848
134.0413 32.2075
136.1965 31.0324
136.5051 32.2673
136.7880 30.0228
134.9266 31.8255
134.1566 31.9083
137.2127 30.3309
131.8131 31.2895
136.8630 30.1864
135.7272 30.3764
137.8854 30.3158
134.8932 30.6690
134.5154 32.0632
136.6949 30.8462
134.4980 31.2772
131.9101 31.6371
133.9890 32.0614
136.7467 30.4949
137.2926 32.1552
133.1842 31.5651
138.0375 31.3226
138.1662 30.8150
136.8487 31.5954
128.8322 28.1022
134.2297 32.5111
135.5261 32.1031
132.4735 31.9794
131.9712 31.9709
136.4629 30.8896
137.6397 30.6207
136.6425 29.3387
136.7327 31.4058
134.2516 31.5884
136.0987 31.1825
133.0341 31.8033
131.7847 31.4534
131.7616 31.2852
136.2197 32.7387
129.4348 27.7564
137.6429 30.3911
137.8509 29.7052
133.8213 32.4557
133.1159 31.3502
136.4355 30.4628
136.6222 31.5875
136.6012 30.6863
134.0082 31.9405
135.9965 31.0709
134.0049 32.2152
131.5386 30.3568
136.5728 32.2231
135.9229 32.1694
137.5775 30.4763
131.9117 31.8097
137.5744 30.2538
134.5275 32.3326
136.2368 29.1713
134.8394 31.7964
137.8700 30.3204
135.9391 32.0547
132.0650 31.4813
131.8708 31.4887
132.1548 31.7155
137.0374 29.5095
131.8198 31.3321
135.7653 32.1654
132.2261 32.0149
132.6014 32.1339
128.9565 28.3445
131.9900 31.9315
135.1511 30.1566
132.0758 31.5543
135.1486 32.2332
135.3444 31.5546
131.7371 31.4411
130.7612 30.8031
136.4057 31.4350
136.2888 30.8689
137.8735 31.0048
136.6467 31.9570
132.0400 32.0206
137.4936 30.7999
131.9592 31.7317
136.3911 30.8521
135.7014 31.8962
135.4246 30.4275
136.6792 32.2138
131.9899 31.8854
136.3051 31.4753
134.3074 31.2082
132.1168 31.8752
130.0469 28.2783
137.8587 30.0587
136.2738 32.2055
136.4545 32.3999
133.8069 32.3543
137.2980 29.8697
135.0052 32.0190
137.7305 30.3687
132.6032 32.0961
133.0087 32.2772
134.8684 30.9421
136.7966 30.5823
131.8360 31.4753
132.4442 31.2815
136.5015 30.8907
134.4295 31.7795
137.1272 31.3276
138.1760 30.7980
129.3769 29.2697
136.2146 31.7319
136.7233 31.6913
135.1859 31.9021
136.8472 30.3341
136.5359 32.0458
137.8695 29.6951
132.9255 31.9768
131.8398 31.4787
135.9470 31.4055
137.1618 30.2428
131.7954 31.3267
136.7841 30.3989
136.0707 31.2739
133.9870 32.2522
133.1976 31.5615
135.7477 31.7753
129.0088 28.3941
137.5970 29.3000
134.4759 32.3091
135.0030 29.9936
136.8338 30.5012
136.3996 31.1713
132.3962 32.3688
137.8075 29.8627
137.4409 29.9234
136.9074 30.2745
131.8644 31.2302
137.7632 30.2888
137.0602 30.6876
133.8901 32.2009
136.8836 30.2366
132.8152 29.0673
136.8710 30.5498
133.1067 31.2740
136.1116 32.2008
133.2009 31.3997
137.8418 29.8962
134.1761 31.8640
138.0229 30.7827
134.9977 29.6106
136.3331 31.3567
136.3529 31.8118
137.7851 30.6141
137.5246 30.1403
133.1153 32.5324
137.0138 30.0294
136.7914 30.7110
132.1901 31.6379
132.3431 32.0327
136.3994 30.9911
128.7516 28.3579
138.0170 31.5013
136.5450 30.0911
137.6571 30.5349
134.0195 32.4770
131.8722 31.4192
135.1428 29.5922
132.0721 32.0249
137.8242 30.9390
131.9873 31.2683
134.0792 31.9658
134.3184 32.4068
132.4044 31.6951
136.5807 31.5125
137.8367 30.9230
135.2284 31.6916
137.3851 30.1216
136.7672 30.4342
131.8590 31.1781
132.3203 31.9060
137.8056 29.6930
136.2847 31.1547
137.4100 29.7463
136.7256 30.5962
137.7791 30.2031
137.9114 29.9993
135.5789 31.8376
136.3634 32.1362
137.4002 29.9370
137.9150 29.4726
131.9053 31.8440
137.5099 30.4810
131.8393 31.6491
134.2842 31.6857
136.4524 30.4229
136.6904 31.4602
135.1257 32.2194
134.3813 32.3062
132.2632 31.6432
137.5798 30.0342
135.3433 30.5798
138.0389 29.6132
134.6962 32.0287
133.9165 32.1722
133.9868 32.3357
135.4984 29.3520
136.3669 32.3321
136.1487 32.0271
137.6236 29.5750
137.6915 31.0416
137.4581 29.4279
136.7824 30.3966
134.6975 32.0276
136.4880 30.7034
134.9603 30.6217
137.2657 30.4199
135.1471 29.8030
134.2357 31.2862
132.5624 32.3866
132.0668 31.9618
137.7209 30.8012
132.0593 31.8449
137.3987 30.0220
132.8729 31.7678
137.9376 29.8150
136.1963 31.6306
132.0704 31.6721
135.3725 32.1016
134.9262 30.9208
136.0392 32.3113
136.6962 30.5676
135.3025 29.7822
136.5220 31.2604
137.8065 31.3069
137.6822 30.2131
131.9388 31.3988
136.6549 30.8734
134.5259 32.1407
135.3462 29.3435
134.2847 31.2987
135.2352 31.4512
129.4361 27.7257
137.3323 29.7894
132.8469 31.7290
137.8692 30.1247
135.5113 32.0206
136.7353 31.2306
136.7631 30.8463
133.0014 31.7853
136.2718 31.5972
133.6254 32.4595
137.5081 29.7089
136.0819 31.5913
135.9850 31.7008
137.1926 30.0449
132.9678 31.8193
133.6282 32.1768
136.8799 30.0968
136.3473 32.0829
133.8103 32.3425
137.9584 30.0816
128.7223 28.3437
133.5433 32.5537
131.8749 31.4505
136.2854 31.1921
136.7626 31.8801
134.3309 32.3136
129.0129 28.0885
136.5258 29.1969
137.6926 30.3008
134.2287 32.3565
134.1932 31.6893
137.6059 30.4194
136.2905 31.7416
136.7240 30.7200
137.5649 30.1400
137.9303 29.9290
136.4529 30.9325
136.5795 30.6237
136.2357 30.7861
136.2934 32.5197
134.9559 32.0482
136.8982 30.6920
136.0886 32.0977
131.9885 31.9058
137.7773 29.9147
128.4011 28.2801
132.4984 31.1613
132.9506 31.8737
137.2257 29.8968
132.3107 32.3380
136.1861 31.4871
131.2408 31.1509
131.8697 31.4987
137.9311 29.7566
136.4025 31.0057
135.2548 32.2069
136.5939 30.7135
135.7654 31.9404
137.3104 29.9911
134.0764 30.8470
129.7480 27.9462
137.2508 31.7602
137.7927 29.9285
131.7589 31.4091
137.3439 30.3224
136.6706 30.4080
137.4101 30.8198
135.4622 30.4830
134.3538 32.3164
135.1617 30.7196
133.3670 32.5703
137.3436 30.0158
134.1580 31.7390
136.0865 30.8887
136.2850 31.1459
137.5458 30.6036
133.6570 32.3821
136.5811 31.2316
135.7711 30.8973
134.8835 32.4470
132.1198 32.2444
134.7084 30.9147
135.2780 30.1329
136.5818 31.0814
136.5608 31.5195
136.8127 30.1982
133.7800 32.2544
135.2625 30.6011
137.0393 32.0413
136.6152 30.9038
131.9827 31.3222
137.6075 30.4796
135.7078 31.9175
132.4148 32.4293
128.9678 28.1677
136.1641 31.4253
134.4587 32.2603
137.7851 29.9141
132.6834 32.5349
131.7641 31.0932
134.0421 32.4850
137.8200 30.2213
134.5805 32.2165
136.7122 29.3210
131.4437 30.1170
136.7212 30.3352
136.3418 30.8937
132.3687 31.3416
131.8717 31.1345
137.8028 29.7348
128.6401 28.1204
131.9618 31.5658
136.8291 31.8350
132.7196 29.7262
136.4688 31.2290
132.8802 32.5140
131.9733 31.5845
135.5957 30.1851
137.5930 29.9659
133.6986 32.4434
137.4769 30.3129
135.8998 32.2194
137.2998 31.9461
136.4036 30.8251
136.4551 30.4492
131.9914 32.0786
131.6909 31.1243
131.9162 31.6848
136.9753 30.2520
136.8353 30.5992
135.7483 31.6197
132.2411 32.4010
135.0463 30.2654
136.7052 32.0084
137.4577 32.1396
135.0913 29.9752
137.2984 29.4306
133.1657 31.4829
134.4617 32.2899
131.7484 31.2066
135.5863 32.0114
133.0659 32.4846
137.8603 31.3191
135.5792 30.4479
136.9242 30.4661
137.2091 30.1011
134.9850 29.7979
136.9630 32.1483
128.8366 29.1207
135.8870 32.0120
133.6708 32.4093
137.1765 32.1159
136.2479 29.1848
135.6435 31.8938
137.0372 30.0491
135.6932 31.3393
133.5757 32.3726
135.8620 31.2279
137.6697 31.4910
132.8381 32.1980
137.4981 29.9935
135.5726 31.5142
132.0558 32.5407
137.3291 32.2274
133.7474 32.4200
135.4539 30.3305
135.9460 31.3941
137.3870 30.8697
137.7156 31.5242
137.7009 29.9005
137.3059 31.9115
134.1532 31.7188
135.6376 31.9079
128.6636 28.4652
131.9451 31.6030
136.6195 30.6549
135.6613 31.9977
133.6509 32.4384
135.5748 32.0303
134.1632 32.4743
136.9175 30.8832
136.4625 30.1418
136.0844 31.2210
137.2418 30.0625
136.1075 30.7547
132.0275 32.0045
134.0179 31.9627
136.9953 30.9145
135.2700 30.6330
133.6368 32.4930
135.2947 32.2404
133.9703 32.0483
136.4923 31.0206
135.2292 29.5616
135.8130 31.8926
128.4736 28.9273
137.5387 30.3478
136.3471 31.9014
131.8553 31.4298
132.0934 31.6403
135.4947 32.0975
136.5172 31.9204
137.1596 30.7227
135.6605 32.1326
135.9700 31.5949
128.9946 29.2564
136.8669 31.1568
136.6527 30.0182
136.7947 30.4834
137.0167 30.4608
136.4774 31.8586
136.3454 31.0724
135.2549 32.2169
136.4694 30.6419
132.1528 31.6404
134.4800 32.2626
132.4619 31.9739
132.9319 31.9957
135.6069 29.4014
136.1265 31.8046
132.0089 31.7805
129.4397 27.7967
133.7092 32.4548
136.6782 30.3694
136.9914 30.3310
134.6584 32.2225
137.2125 31.8704
133.9575 32.1010
134.8107 31.9872
133.9227 32.2167
135.4985 32.0781
135.1057 30.8172
136.3620 30.6510
136.1024 31.2636
136.0370 31.2621
129.1208 27.5011
131.8803 31.5630
133.0673 31.4868
134.1982 32.4465
134.9888 31.8593
136.5614 31.6887
136.9591 30.3558
136.3654 31.9151
136.3168 31.0324
131.7917 31.5659
136.9410 29.7831
132.0243 31.8874
135.1970 30.0943
133.8428 32.5051
131.9702 31.4959
132.0702 32.0352
133.1622 31.5132
136.6120 31.8909
136.7797 30.8841
132.0535 31.8788
133.0737 31.6386
136.7035 31.3741
131.9783 31.8792
132.7258 31.9865
131.8682 31.5066
135.9527 31.5001
136.6876 30.9840
136.2322 32.2037
132.5198 31.8695
128.8834 28.2136
136.8483 30.1308
132.2796 31.8537
135.7895 31.1695
137.0544 30.2458
136.8909 30.9165
136.5944 31.3135
131.8515 31.7129
134.5653 30.6953
136.9660 30.2743
135.5661 32.1150
135.8203 31.6831
137.2350 30.5895
137.8677 31.1666
133.7292 32.0216
131.8605 31.8562
135.4775 29.5022
136.3000 32.0468
134.6404 32.3036
136.6486 32.3059
136.1080 31.2481
135.8025 31.4941
136.7868 32.5018
135.9174 32.8861
135.7080 32.4820
136.4821 32.4764
136.9213 32.4711
134.8637 32.1692
132.9644 32.0493
136.9150 32.0711
135.0261 31.9615
137.7880 30.3689
137.6690 32.0823
128.8334 29.2792
135.9075 32.9732
137.0657 32.4022
137.4964 30.2868
137.1715 32.2983
136.6273 32.4621
136.7788 31.6737
129.0563 28.4379
134.4127 32.4679
135.1450 32.5737
136.2634 32.6507
133.3887 30.7610
137.2396 30.2887
136.9043 32.5076
133.0032 32.0042
137.7905 30.1280
136.8654 31.9415
137.2702 32.4016
136.7459 31.5015
128.6454 28.9979
134.9424 32.0724
129.1880 29.3955
134.4761 32.3895
137.7175 30.4110
135.4780 31.7645
136.4454 32.6639
135.6814 31.5746
134.4627 32.3213
135.9724 31.9975
136.4149 31.0188
136.0167 32.7450
137.4912 30.5708
137.8365 30.3270
136.3168 32.2020
136.8943 32.1733
134.8668 32.1198
136.3131 31.4736
128.9038 29.5022
136.0063 31.2307
137.9578 31.3786
137.5230 30.3859
129.2858 29.6033
134.8475 32.1870
136.5480 32.7140
136.4449 31.9370
136.2631 31.7422
132.7052 32.2584
136.3340 32.8387
136.3302 32.8256
135.9754 31.4109
136.8027 32.1294
128.8033 29.3137
136.2652 31.2057
137.4614 32.2074
136.2703 32.5980
134.9078 32.0843
135.7731 31.4247
137.5411 32.1014
137.6855 30.2391
132.4459 32.3763
134.0995 32.5118
136.5269 32.3111
136.5682 31.3778
137.1220 32.5347
128.9959 28.5111
134.1268 32.5705
137.8109 31.6646
137.0741 32.3849
137.2991 32.3254
136.1559 32.7721
137.4827 32.1085
135.8719 31.3852
137.2035 32.2303
136.3929 31.4420
137.4735 32.2090
134.8691 32.1568
135.5640 32.5548
134.8680 32.1366
137.6908 31.9754
134.4129 32.4304
135.8982 32.1233
137.0287 32.0959
136.4518 32.6374
137.2105 31.3553
134.2887 32.4241
136.1266 32.3207
136.6633 32.6657
135.8388 31.5629
137.0952 32.4027
134.1916 32.4715
136.5786 32.6527
137.6564 30.0883
136.9422 32.2206
135.1677 31.9090
135.4770 32.4190
136.2805 33.0305
136.8098 32.5931
135.8710 32.4306
137.7281 31.6478
136.5650 31.3837
134.6832 32.2506
135.5903 31.6205
137.4162 32.2281
137.0043 32.3223
136.4392 32.7133
136.4605 32.0973
136.8718 32.1862
136.4257 32.7780
136.5037 32.6903
136.9777 31.6560
136.5379 32.7980
132.2640 32.1875
136.7597 32.3148
136.9007 31.5593
136.7391 32.6080
136.3721 32.4921
137.6588 31.9662
137.6861 31.9828
136.1485 32.8494
134.5585 32.4114
136.5454 32.6779
136.6899 32.3733
136.6037 32.4256
136.4564 32.5959
136.6757 32.7586
136.4772 32.4366
132.4611 32.2724
136.7978 32.2379
137.1381 32.0189
136.8801 30.9291
136.7814 32.2059
136.9579 31.9150
137.1220 31.4160
137.3889 30.1644
136.5661 32.5512
136.9667 31.9199
137.8130 31.7347
136.1334 32.7947
128.7626 29.4006
136.9186 32.6775
136.9467 32.0724
136.8673 31.8578
137.0071 32.0345
135.9332 32.1978
136.2262 32.7367
137.4029 30.3682
136.8251 32.6063
136.7825 32.3931
136.4164 32.6761
137.1035 32.4034
136.7368 32.0530
136.6415 32.3900
136.1559 33.1097
137.0074 30.8307
137.0207 32.5144
137.1015 32.3153
134.2775 32.5230
136.9086 32.1702
136.5744 32.4371
136.3754 32.6648
136.9848 31.7796
135.3995 32.7302
136.4084 32.6268
132.9828 31.8455
136.8708 32.2303
137.2582 32.3281
136.7665 32.6299
135.9207 32.2766
136.5866 32.0628
136.8893 31.6513
134.0104 31.9612
134.9908 32.1841
132.4316 32.1852
136.2918 32.5730
136.9747 32.1515
136.0717 32.9878
136.4320 32.5571
137.2880 30.5309
136.8771 32.0953
137.0882 32.4442
135.1649 32.0385
136.0650 33.0498
136.7415 31.6711
136.6620 32.4808
136.7272 32.3781
136.5068 32.5278
136.9138 32.4071
136.3695 32.9216
136.8947 32.1963
136.2824 32.9081
134.4730 32.4306
136.5587 32.3356
137.3747 30.3961
129.4085 29.2164
128.8015 28.4286
137.3956 30.2969
137.4735 30.1881
129.3911 29.2628
136.7163 32.2623
136.4344 32.7698
136.7120 32.6414
134.4429 32.4441
137.2137 32.3625
136.6678 32.4823
136.5453 32.5850
134.4503 32.4624
137.1214 32.3475
133.0501 31.9126
136.1119 32.9376
136.9666 32.0451
137.0977 31.8319
135.3254 32.5855
136.8137 32.2658
136.2343 32.9610
136.4957 31.8459
129.0483 29.3764
136.2705 32.9154
132.6391 32.2100
136.3472 32.8693
136.7317 32.3039
136.5694 32.5442
135.4190 32.5549
136.6264 32.3681
136.6351 32.4670
136.6764 32.3725
136.8866 31.8052
136.3371 32.7320
136.0424 31.1828
135.5689 32.4614
134.3689 31.4296
137.9370 30.3033
137.9295 29.8240
136.8177 31.9473
132.7739 32.0510
136.9810 31.5351
133.7885 32.5982
137.6136 30.4093
137.5470 32.1133
135.5692 31.5135
137.7426 30.6130
136.3556 31.7279
135.8856 29.9468
135.4732 29.7926
133.0613 32.1976
128.4927 28.7429
135.4103 32.5280
134.5533 31.6099
128.7277 28.5592
129.1405 29.3948
129.1596 29.7376
137.4585 29.4637
135.7702 30.5562
137.4328 30.3470
132.9944 32.3104
137.3818 31.1238
137.7073 30.3754
132.0742 32.2371
133.6941 32.1106
137.1276 31.4171
136.6713 30.6880
129.0323 28.5862
136.3275 32.7125
137.1641 32.5513
130.1874 28.1376
135.9702 32.6826
136.4588 32.0658
136.8542 30.3818
136.5416 31.7318
134.4571 32.1352
135.8214 32.2275
136.4875 31.2679
131.0224 30.1858
137.9261 30.3619
136.9818 32.1585
133.9657 32.4558
132.3750 29.7633
135.4189 32.2792
127.5493 31.7407
129.4815 28.1498
135.6738 31.4629
128.9238 28.8209
136.0308 32.0561
135.9937 31.1892
137.6051 32.0355
137.4947 30.0066
129.1110 28.3882
133.9157 32.3872
137.7735 30.3738
136.8886 30.1817
138.1290 30.1365
137.3378 32.0208
135.3043 31.2151
137.3376 31.3326
136.6964 31.4684
131.8603 32.3630
136.3834 32.4462
134.3793 31.4955
138.2311 30.1703
135.5274 33.1462
136.8542 32.3917
131.4232 30.1495
137.2375 30.4417
137.7862 30.5352
137.2365 31.2690
135.6279 31.6453
137.0844 30.2321
136.9629 31.4372
133.5363 32.6414
136.9288 32.5513
135.2461 31.8095
137.6678 30.2508
136.7864 32.5239
130.8569 28.7153
137.5932 32.0410
132.4942 32.2671
134.2480 32.2069
136.0534 33.0149
134.7214 31.1123
131.8492 31.7335
133.7143 32.3869
136.3782 32.4103
129.8110 29.1161
134.8484 31.4560
137.3457 29.9344
134.9935 31.4280
136.0083 32.8030
129.0977 29.4631
135.7243 32.5377
134.5432 32.3273
136.5210 31.1814
137.5733 30.1421
133.5973 32.4602
137.2821 29.3494
134.1700 32.5034
129.6967 29.3004
134.0293 32.5967
135.8419 29.9100
136.6920 32.2175
135.0343 32.0628
132.2349 32.6316
136.1120 32.7844
135.6322 32.3629
137.7607 30.9208
136.0357 30.9634
137.5924 30.2815
133.1091 31.2946
136.3663 31.0482
129.2252 29.4038
137.0079 32.0765
137.1945 31.9595
136.0228 32.5365
137.0153 30.7776
133.4412 32.4350
135.6247 29.3710
136.5360 30.6885
136.8907 32.3368
135.7745 31.8474
134.4470 32.1421
137.7470 29.6956
137.9348 29.4670
136.4858 32.1744
131.7980 31.3582
134.0227 32.0128
136.3047 31.4656
133.2477 31.3965
136.5472 32.1730
132.5669 32.5135
133.0738 31.7598
133.8307 32.3846
138.1856 30.2156
131.9055 31.4456
137.7779 30.4158
136.1897 32.1367
136.6697 30.5647
135.2833 32.1834
136.4214 30.6179
128.8487 28.3611
135.7871 32.0369
137.5370 30.2521
134.9940 30.4761
136.9222 30.8664
135.3315 30.3880
135.7290 31.9732
136.1338 32.2121
137.6101 32.0098
136.3293 32.5997
136.8328 30.4928
137.8687 31.0198
136.2192 31.4026
135.9117 31.5414
131.9279 31.6375
136.9370 32.1215
136.9440 30.3552
136.6300 32.2405
137.7295 31.1082
136.9766 32.0076
137.1048 31.7218
135.4643 31.4575
134.4817 32.3320
135.5617 32.0353
133.9865 31.7437
134.9922 32.0126
137.4249 32.2509
136.4367 32.1428
135.0011 32.4114
132.0491 32.0416
136.1226 32.1276
128.7630 28.4779
134.4387 30.9497
134.3553 32.3168
135.6213 30.1976
132.0331 31.6963
136.3484 30.4923
137.4203 30.6148
137.0064 32.4164
136.7760 30.0586
137.3604 29.9633
136.7411 31.9754
138.1033 31.1092
135.5546 32.2183
129.0266 29.2633
136.8380 31.7875
137.1574 30.5169
133.3139 32.5196
136.4960 31.1646
136.3397 31.1593
136.8250 31.1487
134.9588 30.5019
134.9580 30.4620
136.0739 31.8438
136.2388 31.2444
132.0208 31.7399
132.3072 32.4498
136.9682 30.7877
136.4169 31.2584
135.5096 32.0407
137.6524 29.3086
137.8438 29.9251
136.9196 30.5169
135.0728 30.1836
136.8704 31.9240
128.7039 29.3177
137.1278 32.3119
137.5637 30.1506
133.0671 31.7114
131.8669 31.6576
136.5954 30.4013
136.1985 32.6426
135.2091 30.4951
133.9582 32.5233
137.9128 30.0588
134.4956 32.3658
136.4278 30.9748
133.9402 31.8546
135.6799 31.8474
136.7043 32.1702
136.7412 32.3385
136.5413 32.0428
135.7348 30.2395
135.3239 32.1943
133.8533 32.3738
131.8430 31.4740
136.6458 32.2374
133.9042 32.2421
135.6783 31.9417
137.2806 30.7199
129.1171 29.3110
136.3767 31.0849
136.7446 30.8584
136.1132 32.0232
133.1998 31.4461
137.6544 31.4305
132.0551 31.5688
137.1038 31.9151
129.8699 28.0267
136.7889 30.6479
136.2763 31.9586
137.3740 31.7518
137.0978 31.8995
136.9545 31.9879
135.0674 30.7429
134.9300 30.9559
135.9367 31.0824
132.2601 31.7592
134.6097 30.8632
135.7558 31.7001
136.8930 30.8489
131.9172 31.5684
136.4088 31.2161
136.1700 31.8997
136.5548 31.8154
136.5070 30.1774
132.0945 31.5057
136.2978 31.9613
137.2184 30.6108
137.3404 30.0834
137.4501 29.8085
137.0349 30.8791
133.8570 32.5507
128.7702 28.3193
135.5966 32.0076
136.2056 31.4421
132.9479 31.8914
137.2844 31.9798
136.5845 30.8572
137.9044 31.1383
134.3023 32.3540
131.9874 31.5627
132.0147 31.9776
136.2891 31.9777
135.6175 32.0133
136.5290 30.8116
136.5086 30.8487
136.0967 31.1100
135.3363 31.4926
132.0982 31.8212
134.0761 32.4639
136.2820 31.8850
137.7127 30.6794
136.6559 32.0152
132.0041 31.4680
136.6420 31.3378
133.9301 32.3350
132.4854 31.9888
136.5654 32.2492
129.3783 29.2816
134.8423 30.8156
135.6915 31.9446
136.2255 31.9943
134.1524 31.6644
134.2375 32.4197
134.0384 31.0442
137.4666 32.0094
136.7729 30.3317
135.7704 31.9637
134.5478 30.8352
135.7369 31.8083
128.7016 28.3503
132.2092 31.7475
128.7579 28.4251
136.2724 31.3073
135.8738 31.8315
136.8181 30.2443
135.2987 32.1782
133.7249 32.2427
136.8185 31.4169
134.7874 32.0943
136.2250 32.0239
135.3065 31.3681
136.1307 31.9587
135.0204 30.7714
136.0319 32.0779
132.9010 31.6742
137.9064 29.7639
135.8504 31.6311
136.0662 31.5345
128.8242 28.2738
136.8988 30.2906
136.6999 30.6358
129.4878 27.8126
136.4984 30.5868
136.6142 31.2011
137.7083 29.9791
137.0288 30.6454
133.8361 32.4473
136.6281 31.0373
137.6986 29.3065
136.6894 30.8000
133.2672 32.4339
132.4288 32.4585
136.2721 31.2774
136.8042 30.4881
136.6962 30.9477
137.5584 30.0905
134.1631 31.4637
136.8865 30.8112
128.8364 29.1213
134.7780 30.8964
135.5228 32.1277
138.1496 29.8930
136.3468 31.8157
135.2962 29.5129
135.1705 29.4674
135.9902 32.1884
132.4661 31.9009
128.7274 29.1014
134.0683 32.4602
134.2647 32.3873
135.1755 30.5700
136.6839 30.6887
131.6572 31.2516
136.8178 29.6831
132.9626 31.8614
137.2474 30.5209
128.9103 28.1984
134.4265 32.2960
133.6673 32.0745
128.9784 28.3256
137.1013 31.8340
137.0476 32.2580
134.8922 32.1360
128.9867 28.4289
136.3905 30.7623
134.0431 32.2826
136.6296 30.4559
132.6105 32.1560
136.7624 31.8106
128.7045 29.0976
137.8223 31.5950
134.6562 31.2731
134.2044 32.0554
132.1747 32.1493
134.7578 32.2356
136.7086 32.0486
136.1847 32.0626
136.2786 32.2294
136.9801 31.3739
136.7692 31.6732
137.6385 30.3682
136.2514 32.2359
134.1955 31.9203
136.8742 31.9439
135.9608 31.8952
134.6341 30.9371
135.4813 30.3731
135.3600 30.7054
132.7345 32.5160
136.6212 32.3230
128.7919 28.5865
136.1811 32.4271
132.1988 31.9933
128.7863 28.5501
132.9583 31.5828
136.4718 32.0083
134.7555 32.1868
134.1332 32.2279
137.3278 32.1531
131.3752 28.7670
132.0164 31.8066
134.0219 32.3524
136.1078 32.7897
133.0324 31.8533
136.3519 32.3948
137.1056 31.5767
137.6749 30.3000
136.7631 32.0567
135.4640 32.1600
129.2081 29.4602
132.9107 32.1522
136.8697 31.3957
128.8101 29.1047
136.7512 32.0199
134.5847 32.2897
136.2265 32.4782
136.5514 32.0328
129.0267 28.2372
137.2459 30.5723
133.1317 31.5921
136.9774 31.8427
132.0512 31.6680
133.2321 32.5388
136.0172 31.6604
136.4421 30.8488
132.5244 32.0928
134.3073 31.1943
128.8790 28.4734
137.0133 32.2276
132.2855 31.9536
137.7036 31.2730
129.0272 29.3332
132.8567 29.3106
133.7823 32.4729
136.1254 31.1814
134.0093 32.1676
136.9075 31.9098
137.2464 30.4509
134.0122 32.3491
136.7380 31.8832
132.4112 32.4383
132.3693 32.2173
134.5570 32.2824
136.4086 32.5303
133.3207 32.5578
129.2885 28.3649
134.5059 32.3613
137.6613 31.9320
135.0442 32.0482
136.1483 32.4889
134.5377 32.3590
132.9616 32.0537
136.7654 30.8909
135.5775 30.3035
132.3424 31.9639
129.1911 28.3985
136.4657 30.9589
133.8502 32.4497
134.6762 32.2914
135.6730 32.0220
136.7210 32.3348
132.9350 31.2120
134.4490 32.3535
136.4694 32.5315
136.9747 32.1898
136.7708 31.4129
136.2409 31.6445
129.3769 29.7117
137.3833 29.9526
132.4970 32.5037
134.0201 32.3644
136.1087 32.6679
136.0867 32.5029
131.8831 31.5848
136.8602 32.2833
132.8873 31.3083
131.9942 31.7365
131.8999 31.5589
134.8213 31.1541
135.3979 30.1160
133.3434 32.5636
132.3204 32.0503
136.8156 32.1270
136.8247 32.2332
129.0350 28.3013
132.0394 31.9811
134.9829 32.2232
135.8217 32.4631
135.4361 32.0296
135.0233 32.2369
135.9315 33.0197
136.4597 33.4550
135.8483 32.9803
134.4737 32.4102
136.7068 32.2971
137.2150 30.6123
136.5245 32.8664
135.2076 32.1728
136.5133 33.0271
134.3728 32.5060
134.2948 32.5356
134.7460 32.3760
136.8921 31.9940
134.5405 32.4428
136.9969 32.4958
134.6402 32.4181
137.7355 31.9316
134.5290 32.4224
135.4747 32.7775
134.8753 32.3007
136.8702 32.5276
135.2024 32.1588
136.5775 32.3202
137.0766 30.7047
135.8024 32.7552
136.7502 31.1817
134.3298 32.5192
136.2157 33.3519
134.4370 32.4885
136.4617 32.8633
136.6378 32.8385
134.4688 32.4701
135.8760 32.8360
136.8451 32.1130
134.1784 32.5943
136.8622 31.9259
136.9956 30.9622
135.1465 32.0870
136.3895 32.4328
136.0532 32.1212
137.9714 31.3687
135.8604 32.3893
137.1852 30.5337
136.7321 31.2626
136.8416 33.0075
137.1939 30.5577
134.4647 32.4870
134.7366 32.3102
137.2401 30.4432
134.6034 32.3852
134.1678 32.5783
134.2946 32.5460
136.7462 32.6063
137.3552 30.4371
136.7106 31.0689
136.3824 32.4287
136.8284 32.1504
137.0175 30.9904
137.4426 30.3807
137.0152 30.7843
137.1449 32.1115
134.3876 32.5186
135.3251 32.8841
136.3738 32.4577
135.5993 32.0208
136.9753 31.9994
134.2443 32.5890
137.0076 30.6709
136.9359 30.6194
136.1674 33.2296
135.3782 32.8081
136.7491 31.3554
134.4259 32.4545
135.5175 32.7824
134.6411 32.3657
136.9450 32.5358
136.6519 31.0983
135.3424 32.8222
134.2830 32.5286
134.5142 32.4462
136.4182 32.5367
136.8142 31.3153
134.2766 32.5708
136.0339 32.0127
137.1305 30.8079
136.6471 32.2941
135.7899 32.3497
136.2998 32.6392
134.3611 32.5363
136.6394 32.9685
134.1937 32.5718
136.5012 32.7117
137.0152 32.6198
134.8341 32.3020
137.0785 32.2986
136.5557 32.3605
136.7308 31.0754
136.9355 32.0382
137.0976 30.6415
137.1010 32.1819
134.6004 32.4099
137.1089 32.0223
134.4830 32.4721
134.1065 32.6258
135.1064 32.2361
135.4854 32.8058
134.7386 32.3228
135.9179 32.4603
136.4810 32.4028
136.4729 32.1056
137.1176 32.1301
135.6379 32.5170
135.3124 32.8178
136.8586 32.1106
135.3830 32.7769
137.0533 32.4262
134.7003 32.3238
135.4542 32.6201
137.0807 32.3027
135.8304 32.5521
137.0125 30.7349
136.8847 31.9711
137.1117 31.9760
134.2599 32.5710
136.7385 32.2518
134.2553 32.5528
134.4139 32.4633
136.6752 31.0811
135.9578 31.7542
134.2685 32.5496
136.9534 30.9567
137.2937 30.5231
135.9326 31.7670
136.5930 32.2555
136.4376 32.5561
135.4143 32.7934
136.3322 33.2525
134.1281 32.6000
136.9779 31.9911
136.1214 32.1045
136.7473 32.5162
134.6318 32.3688
136.1097 32.3994
136.8083 31.3247
137.5995 32.1752
134.3262 32.5433
135.5278 32.8308
136.4019 31.9284
135.5952 32.8024
136.3818 33.5020
136.0034 31.7650
135.9124 32.3384
136.7183 32.6860
135.4211 32.7606
137.1205 32.2066
135.4222 32.0454
137.2087 30.5402
137.1871 30.6900
134.8308 32.2838
131.2125 30.9224
136.9108 32.0727
134.6740 32.3756
134.6288 32.4282
136.7487 32.2440
136.8747 32.4923
134.8767 32.3029
136.9983 31.1044
135.3547 32.0476
137.0963 32.2588
136.5910 33.4599
136.9390 32.4830
135.6153 32.9562
136.3874 31.4546
134.9476 32.2507
136.8350 33.1714
134.4968 32.4200
136.9163 32.0518
136.2323 32.6134
136.9594 32.3514
135.8204 32.8792
135.1954 32.1204
135.4275 32.8051
135.4155 32.9414
134.5491 32.4448
136.8368 31.2130
135.3064 32.7429
135.3591 32.7544
135.2293 32.0975
136.5441 31.1945
136.9311 32.0152
136.7362 32.1109
136.3108 33.1971
134.4429 32.5050
136.9062 32.4692
136.0345 32.7511
136.4050 32.4570
135.4976 32.7707
134.2655 32.5519
137.0642 31.9386
135.5750 32.0159
136.7249 32.4515
137.0142 32.3800
135.4787 32.6881
135.0989 32.1538
136.3872 33.3170
135.5887 32.6047
135.9008 32.5587
136.5485 32.0906
136.4543 32.4391
136.0235 32.4021
137.3256 30.4132
136.6341 32.2845
134.2178 32.5399
137.0680 31.9760
134.3831 32.4938
136.9240 32.2628
135.7599 32.9425
136.7673 32.5197
137.1743 30.7000
135.5969 32.8289
136.7680 32.1270
134.1546 32.6052
135.7412 32.8248
136.8137 33.2029
135.2145 32.1582
136.6872 31.0538
136.5458 31.0861
135.5652 32.8663
134.5482 32.4450
134.1385 32.5875
136.3680 33.4488
137.0877 30.8376
136.9987 31.9902
136.7981 32.5742
136.6109 31.7940
134.3646 32.5209
135.3383 32.7732
135.3590 32.6901
134.0986 32.5975
137.3648 30.4584
137.4152 30.4487
134.4740 32.4685
137.1412 30.6688
134.4065 32.4736
136.5928 32.2757
134.1880 32.5670
135.3801 32.6001
137.2269 30.3046
136.7088 32.1891
134.2692 32.5464
137.2968 30.5454
136.5858 32.6442
135.8855 32.8251
137.1467 30.6101
137.0905 30.7193
136.8527 30.9771
136.9962 32.1024
136.3039 33.1846
136.7010 32.6480
137.2392 30.6095
137.2000 30.5807
134.3331 32.5208
136.6016 32.6141
136.3012 31.8377
135.4257 32.8225
134.3426 32.5179
134.4557 32.4772
136.4024 31.9952
137.0930 32.0336
136.8893 31.9793
134.4792 32.4546
137.0747 32.3491
136.0268 31.6469
135.5933 32.5484
135.3685 32.9222
137.0264 30.6127
137.2324 30.6079
136.3491 32.0933
136.2053 32.6555
134.3705 32.4761
137.1154 31.9807
135.6722 32.6036
136.9288 31.9800
136.8614 31.9685
135.9016 31.7268
137.3028 30.4169
137.0592 32.0115
134.5270 32.4132
136.3611 33.0216
134.4984 32.4751
134.5936 32.4350
134.4507 32.4751
136.9263 32.1322
135.5871 32.7997
134.2851 32.5468
136.4929 32.8069
136.3824 33.0417
135.1832 32.1985
134.4770 32.4546
137.0677 32.1166
137.2399 30.3360
137.3117 30.5152
135.9440 31.7685
137.0974 30.4905
135.2418 32.1479
135.4207 32.7999
136.0693 32.6289
134.7532 32.3644
134.4645 32.4908
135.4335 32.7139
134.2046 32.5844
135.8757 32.2666
137.4116 30.2229
137.0398 30.6431
136.1990 32.6801
136.8860 32.0439
136.0635 31.9947
135.3978 32.6301
134.3163 32.5565
135.8006 31.8395
136.7596 32.6408
136.0251 31.7101
136.9337 30.8220
134.4624 32.4296
134.5344 32.4416
136.6105 32.7191
134.8864 32.2934
135.8060 32.3375
134.0714 32.5932
135.4756 32.7680
136.3570 33.2499
137.2124 30.5758
135.7833 32.3796
136.2558 32.5097
136.2450 32.5701
136.9521 32.0559
137.3684 30.4244
134.3206 32.5194
136.4343 31.4095
136.3532 32.9194
135.5187 32.5394
134.4206 32.5003
137.3218 30.4685
136.9771 30.6195
135.7210 31.8657
135.7858 32.8279
134.4590 32.4820
136.0924 32.7284
136.4942 31.0504
136.6901 31.3327
128.5861 28.8053
136.8464 33.0398
134.4747 32.1332
138.0248 30.0130
131.4329 30.3653
136.3600 29.3622
137.0679 31.2761
128.9219 29.2493
135.6446 31.6228
137.2368 32.4056
137.8744 29.7944
133.5163 31.8595
134.1148 32.5294
128.9718 28.4805
136.0100 32.4516
137.8126 30.0470
136.8569 31.9435
133.7497 32.1410
135.1754 32.6875
132.5284 31.8207
135.9552 32.1411
137.2009 29.6228
137.8935 30.0529
133.6019 32.6859
132.0637 31.4720
132.5267 31.4238
130.6283 30.0580
134.0594 32.1524
132.7382 29.0131
132.4118 32.1618
131.5996 31.5120
131.6125 30.7840
133.6710 32.2184
137.0043 32.3154
135.5794 30.2227
134.1992 32.1062
134.6534 31.9639
134.2247 32.5958
136.7442 30.1957
133.1770 31.9949
136.6124 30.9381
132.2648 32.2851
136.4908 30.3886
135.9017 31.9371
135.5023 32.1049
137.6345 30.9840
128.5505 28.4905
137.8881 30.8471
136.9134 30.7902
137.0484 30.1871
137.1587 31.9337
129.3800 29.4049
135.9436 31.1257
135.7944 32.8099
132.1309 32.6159
137.1735 30.3377
136.7386 31.4760
128.7625 30.1116
137.0334 32.0805
137.4883 31.6978
136.0117 30.2633
136.7783 30.2797
129.1777 29.4289
134.5996 31.6208
137.2462 30.1513
135.6236 31.5695
136.8744 30.0408
135.0904 31.9768
137.4472 29.4373
138.2884 30.1529
135.3734 31.8212
134.7041 32.1418
136.3729 32.1369
132.7733 31.9537
137.2502 32.3067
135.2921 31.8406
136.5420 29.3946
134.7244 29.5837
136.1004 31.2840
130.9332 30.2910
135.1464 30.7179
137.0035 32.3422
135.8198 32.6467
132.1508 31.6262
137.2531 32.2381
135.7536 31.4708
135.0594 31.2459
136.2255 32.2002
134.0081 32.1923
136.3023 31.0656
135.7020 32.0287
135.2753 30.4391
138.2074 30.2374
129.2721 29.4359
129.0410 28.4195
136.6122 30.6826
134.7737 31.6080
136.6875 29.7764
132.7889 31.9901
137.1665 30.3002
132.3960 32.3522
136.0973 33.3856
128.8748 29.3747
134.8564 31.9981
132.0161 32.2102
134.4103 32.6210
136.9855 31.9666
133.0447 31.8322
128.9224 28.7438
137.7747 30.1550
132.2662 32.1108
132.1082 31.9711
136.4271 30.7614
136.9170 31.0371
128.8312 28.2461
137.3127 29.8349
134.3427 32.3805
130.3904 28.4709
135.1793 30.6592
135.8811 31.2133
133.0674 31.9016
137.5107 29.7090
131.9044 31.8274
136.9810 31.3381
138.0941 30.2482
137.7221 29.9407
136.2548 32.0018
136.8954 30.7811
133.6411 32.4655
132.0860 32.1928
137.9296 29.9684
136.8592 31.3689
137.0568 30.8674
137.5540 29.8341
130.2296 28.1049
134.9417 31.0292
137.8578 30.1484
132.8059 32.4283
133.8294 32.2001
136.0970 31.6621
137.0164 30.0446
128.7232 28.5075
134.3091 31.3286
137.6723 30.4769
136.4140 32.1624
134.3068 31.6498
129.0633 29.3005
136.4870 30.5532
136.3078 31.9739
133.7255 32.5790
132.2926 32.4144
129.1665 28.3740
129.1815 28.3626
132.8401 30.9263
134.6612 32.2323
137.3183 29.7585
131.6008 31.1029
129.5672 29.6275
128.6954 29.5161
135.8235 31.3709
136.0005 31.6984
132.1088 31.8608
132.8403 32.5122
134.0776 32.2045
136.7920 30.9850
132.7687 31.8521
128.6874 29.1190
134.2696 32.4252
132.8886 30.2268
136.3675 30.6643
129.2937 29.4194
135.9681 31.8648
135.6002 31.3682
131.8252 31.8370
134.4985 32.2664
136.5415 30.3972
129.1525 28.3759
137.0651 29.2581
137.6393 29.8086
134.3107 32.2790
137.1965 30.6887
133.8985 32.4428
135.6676 31.3824
134.5336 32.3215
136.6020 32.0421
133.0447 30.0535
133.9475 32.2450
138.0455 30.2137
133.7288 32.5559
134.2815 32.1352
132.3849 32.3854
134.1243 31.9632
135.8026 32.0358
136.1817 31.6602
137.3858 30.4090
136.5318 31.4447
134.4747 32.1636
134.4793 31.5388
128.6720 28.6062
137.5200 30.2192
138.0539 30.2113
131.8760 31.8008
137.0822 30.3116
128.9085 29.1134
133.0365 32.6152
135.1881 30.9506
137.8290 30.4551
134.3819 32.4100
134.8102 32.6310
133.8059 32.2131
136.7544 31.9947
134.3485 31.6706
135.4816 32.0783
128.7079 29.1031
134.8375 32.0987
135.0128 31.8113
136.6260 31.9145
129.3805 27.9319
131.9003 31.8605
136.1669 32.5422
132.4081 31.9544
136.7226 31.6780
137.0712 30.3716
136.8291 32.0995
136.8400 31.4053
132.9917 31.8879
128.9882 29.5040
137.4206 30.4171
138.2553 30.4608
136.6917 31.3870
134.3099 32.4707
136.9121 30.9662
132.2575 32.0387
137.1266 32.4228
137.0771 32.1651
137.5152 29.8231
129.2971 28.3689
128.9030 28.3152
137.4180 30.0906
135.0923 31.9491
135.5577 32.5998
135.7718 31.3221
128.7605 29.4321
128.8833 29.3087
133.3289 31.5216
136.1025 32.1008
137.0104 32.4361
137.5851 29.8962
134.0382 32.5303
134.1689 32.3001
134.0324 32.2610
136.3723 32.8036
137.6175 31.8999
135.9804 31.1702
137.4533 31.9560
134.1117 32.5196
137.0345 30.1714
135.2956 32.7126
132.8548 32.4033
136.9506 31.8757
137.0608 31.5957
132.8465 32.4812
134.0861 31.9843
135.8565 30.2420
136.8774 32.2050
134.8359 32.1096
135.8649 31.3272
136.3200 32.8238
132.8583 32.3051
136.5665 32.2257
132.6353 32.3013
136.2096 32.1132
137.7269 30.5325
137.1893 30.0987
137.3983 30.7957
137.7025 30.5061
134.3039 32.1954
135.1810 31.8229
134.4188 32.3834
133.1255 31.7957
132.0031 30.7162
135.2847 32.0718
135.7540 31.5190
137.1341 30.1935
136.3807 30.8955
137.8950 30.1279
132.5205 31.9088
134.6044 32.3069
128.9695 28.3263
133.3430 32.4850
137.4306 30.1214
132.8890 31.7777
137.0926 30.8168
136.2086 31.5922
128.7420 28.6643
129.5055 27.9828
128.4991 28.7445
135.0357 31.9817
134.2090 32.1269
137.3027 30.8562
135.8434 31.3226
135.9413 32.9282
129.1042 30.4585
128.7897 29.0903
136.7415 32.3278
129.4546 27.8915
137.0681 30.1772
135.1967 31.8814
135.9262 32.6877
136.8181 31.2362
137.2001 32.2891
133.1720 31.4272
132.1329 31.8768
135.8560 32.7598
135.7812 30.4944
130.9451 28.7503
137.0202 29.9970
136.4760 31.7605
133.9452 32.6073
137.5885 31.3166
135.1906 31.8559
135.2651 32.3376
135.9169 32.7122
135.6905 31.4342
134.0627 32.1461
137.4845 30.2342
129.0024 30.3043
132.0269 31.9809
136.7711 32.0711
129.3756 28.0340
131.9115 31.4878
129.5816 28.0747
134.3597 32.2695
136.8089 31.2488
129.3544 29.3690
136.9862 32.3776
137.1479 32.4141
136.9879 32.7943
133.9101 31.9502
136.6536 32.0201
134.3565 32.4906
137.1870 32.3095
136.4326 32.6073
136.3753 32.7222
137.4894 30.3535
136.5218 32.5227
136.1275 33.0200
135.7431 32.1786
134.2482 32.5441
137.4939 30.3955
137.0255 30.3562
137.1732 32.4378
136.7137 31.9272
137.0684 31.8627
137.0009 32.0286
136.5541 32.8759
136.3031 31.7311
136.6605 32.4065
135.3595 32.5336
136.9762 32.1315
137.0235 32.0209
136.6935 32.6489
137.1406 30.2869
136.3590 32.8941
135.3447 32.5355
136.8779 32.0296
136.6461 32.5058
137.0630 32.0507
136.1530 32.8357
136.6721 32.5073
137.4225 30.1980
136.8076 32.4441
136.9320 32.1622
134.5939 32.3509
137.6883 31.8998
136.8425 32.0815
137.0030 31.8656
136.5999 32.5323
136.2674 32.8706
136.8757 32.3046
136.9199 32.4120
137.0411 31.9289
137.0253 32.5089
128.6174 28.6121
136.7983 32.2724
136.6418 32.5319
136.5989 32.3331
137.3910 32.3262
136.1546 32.8207
136.8243 31.9900
136.9309 30.5546
136.8459 32.1027
134.7181 32.3426
136.7767 32.6373
135.8457 32.3686
136.9145 32.2479
136.9334 32.5150
136.7007 32.3152
136.7383 32.6309
135.9684 32.0028
136.2593 32.9283
136.9147 32.2839
137.2320 32.2474
136.6225 31.9834
136.6342 32.1912
136.8038 32.2468
137.5683 32.1316
137.3264 30.2891
136.9187 31.7404
136.8227 31.8596
136.2303 33.0967
136.4521 32.5486
135.4149 32.6195
136.8777 32.0049
136.4302 32.7697
136.9258 32.0473
136.7991 32.3125
136.9850 32.0868
137.2357 32.3547
137.4195 30.4690
136.7231 31.9235
136.1348 32.7511
136.3991 32.9163
136.5406 32.6225
134.5618 32.3858
136.9166 32.4874
136.4893 32.5327
136.7379 32.7911
135.4769 32.6228
136.7780 32.3199
133.2399 31.2640
136.5991 32.6263
135.8335 32.0985
136.7418 32.5154
136.8079 32.0098
136.4647 32.7162
136.6503 32.4835
136.9440 32.2934
136.9319 32.3002
136.9586 31.9121
136.3574 32.2530
137.5168 32.1930
136.0252 32.9633
135.4580 31.9685
136.6106 32.3186
136.8858 32.6517
135.7699 31.7858
136.3997 32.5915
136.9215 32.6038
135.9253 32.7977
136.8920 32.6050
136.4904 32.4385
136.4699 31.1420
136.4709 32.8835
134.4237 32.4806
136.4101 32.6834
136.6239 32.3156
134.3034 32.5142
134.4582 32.4247
134.6632 32.3334
133.1001 31.9316
137.0407 32.1215
136.1642 32.9341
135.4108 31.9381
136.8589 32.2775
137.2863 30.1677
137.0117 31.9182
136.2583 32.9123
136.5450 32.6633
129.7327 27.6071
135.3222 30.4112
138.2035 29.7682
135.1334 30.6698
133.2208 32.5035
128.4803 28.3709
129.0824 28.0668
132.8589 31.9853
136.9173 31.8210
135.8897 31.8981
134.7079 32.2449
135.0552 30.7333
136.4586 31.3356
136.8171 30.0685
136.4332 31.0520
134.9853 30.8212
137.9951 31.4094
134.9009 30.8420
132.9987 32.6282
137.8031 31.6712
137.7253 29.9567
135.2567 30.1810
135.9207 31.8272
132.2291 32.0211
136.2801 31.3647
132.0541 31.7637
137.8209 31.8156
135.8934 31.9254
136.6785 32.2136
138.1119 30.9013
136.0374 31.6933
137.3561 30.3974
134.0067 32.1133
132.1543 32.2210
136.2422 30.9128
131.9465 31.5458
136.0038 30.9238
136.8069 30.6444
135.8349 30.0318
134.2268 31.4955
128.5382 28.3828
132.3957 32.0261
136.6537 31.6126
131.2206 30.0338
137.7670 30.9857
137.2571 29.8493
135.1077 30.7863
137.8201 29.8432
135.5243 32.2080
136.0960 31.2809
133.1910 32.4885
137.4881 30.5329
137.8241 29.9420
135.8665 31.9202
135.4686 32.0992
136.1808 31.4893
136.4501 31.3877
137.8335 31.5739
138.0580 31.2080
134.1773 32.4436
137.5025 32.0913
136.3829 32.3834
135.1181 30.3348
136.2059 31.4168
134.3363 31.5260
136.2936 31.3706
135.5802 32.0344
132.8684 32.6716
136.8895 30.5540
137.5280 29.7167
136.1011 31.6030
132.1121 31.7805
136.2421 31.4076
137.2283 29.9339
132.2874 32.1138
137.4636 30.8626
136.2340 31.3218
136.5063 31.1098
138.2772 29.9944
137.5700 30.4357
136.4691 30.5742
136.2026 31.4633
136.0287 31.6734
136.8018 30.4170
137.1143 31.1992
135.9122 31.9675
137.1254 30.2644
136.7839 32.1075
136.8796 32.3066
137.9435 31.1520
136.1847 31.5032
136.1996 31.4652
134.0081 32.0229
136.0800 30.8773
131.9109 31.6375
136.2468 31.9100
135.0428 31.7793
135.1783 30.6923
137.6361 31.2224
138.2865 30.2748
136.8729 30.3627
136.1586 31.4994
129.6680 27.9030
136.0455 31.6704
135.4388 29.4825
134.8174 31.0809
131.9381 31.7553
132.9120 31.8644
135.3392 29.4887
135.6195 32.5971
136.5348 31.2736
136.5077 33.2292
136.7585 30.8808
137.2490 30.3183
136.3551 32.9109
136.6839 30.8829
137.0784 30.3232
135.9367 31.5831
136.2263 32.8622
137.1510 31.8378
136.7715 30.8237
135.7774 32.5084
135.1797 32.1701
137.1294 32.3594
136.3057 31.2763
137.1373 30.6777
135.6126 32.7270
135.8028 31.7326
135.1999 32.1767
136.9288 31.9169
135.4290 32.6960
135.6135 31.8598
136.6546 32.2641
137.1270 30.6256
137.4904 30.4939
136.9576 31.7543
137.4535 30.5041
137.2631 32.2757
136.6984 31.9523
136.8796 31.7728
137.4436 30.2382
136.6580 29.2444
137.0634 30.6111
136.8884 32.4085
137.1499 30.3578
136.3544 32.0840
136.8931 30.6889
136.3453 32.3752
137.3980 30.2335
136.1076 32.2694
137.1019 30.6716
135.7943 32.5601
135.8080 31.7309
136.4255 32.3311
137.0695 30.6609
137.4095 32.1996
136.8746 32.5954
135.7070 31.8044
135.5107 32.6680
136.8948 30.5464
135.6299 32.4751
136.7580 32.6944
136.7197 32.0059
137.1096 30.5016
136.8641 31.4431
137.0537 30.8042
137.2787 32.3656
137.0166 30.3916
136.1244 32.1866
136.1656 32.3873
136.8904 32.6742
136.3391 31.3084
136.6412 32.5249
136.4911 31.0517
137.0529 30.7129
136.0079 31.5656
137.0838 30.6849
136.9034 32.3747
136.0418 31.5401
137.0690 32.5029
136.0905 31.4849
136.0368 32.1017
137.0929 30.4976
136.1181 31.4645
135.4582 31.9304
136.7576 32.5814
136.7663 30.6919
136.0722 31.4836
136.7759 31.8618
136.9879 30.5458
135.4086 32.8422
137.1909 30.7236
135.5958 31.8966
136.3895 32.9315
137.1701 30.4665
136.7607 30.8990
135.8694 31.7191
137.4074 30.3015
136.8198 32.5372
137.1436 30.6142
135.9863 32.7319
136.9951 30.4802
137.2295 32.1191
137.1302 30.3969
137.1098 30.6149
136.1375 31.4425
136.4212 32.1103
137.0036 30.4077
135.7635 32.9248
134.8001 32.2837
136.2733 32.7354
136.6688 30.9367
137.0122 30.6615
136.8548 32.5146
137.0208 30.6379
135.5286 32.7050
137.0745 30.5100
136.7221 32.3657
135.6835 31.7645
136.9167 32.3230
135.8566 32.7550
137.1220 30.4834
136.9983 30.6375
135.7902 32.3593
137.2594 30.3252
136.2006 32.2414
137.3789 30.3375
137.0753 32.3886
137.0887 30.4068
137.1292 32.3774
137.1313 30.3220
135.8872 32.7595
137.2629 30.5109
136.9318 32.2840
136.9203 32.9627
137.2924 30.4499
137.2830 30.6001
137.2651 32.3161
137.1699 30.6237
136.9222 31.8093
136.2006 32.8472
135.8911 31.6807
137.0338 31.7594
137.0043 30.4560
136.6697 32.5826
136.3044 32.1512
136.7909 32.5683
137.3409 32.3152
136.8795 30.6865
136.5262 32.8615
136.8461 30.7381
137.2965 32.2133
136.9956 30.8218
137.2288 30.2602
137.2750 32.3725
137.1283 30.4651
136.7747 31.8825
136.4745 31.2342
135.9984 32.4976
137.0598 30.4881
135.7010 32.8248
137.1364 30.3884
138.1488 30.6319
136.0643 31.7036
136.3138 31.8671
136.1062 32.1403
128.0606 28.1393
134.9510 32.2760
138.0363 30.6430
136.6238 29.9088
136.1748 31.5647
129.3047 28.3883
136.6981 31.2809
134.0278 31.6270
138.3112 29.7244
133.2743 30.7993
136.8804 29.8514
137.3386 30.6611
132.1168 31.3053
133.0042 31.3348
131.5204 31.1156
136.4268 31.0238
137.1136 30.8912
137.7238 29.6565
134.4234 31.8609
132.8068 31.8103
137.9693 29.7494
137.4833 30.4063
132.9097 31.9335
138.1928 30.0265
134.0448 32.3710
132.3441 31.5820
129.4266 27.8763
131.9575 30.0759
135.1887 32.2215
128.1786 28.5804
134.2827 31.0042
135.9904 30.7536
136.6239 32.2229
128.8070 29.8131
135.3799 31.5374
135.6994 31.9775
128.9673 28.5229
137.4144 30.7380
128.7498 28.8607
137.5676 31.5685
134.3808 31.1847
128.9510 30.3771
135.3805 31.1367
136.4726 30.6734
135.1712 30.2536
135.9983 32.5326
132.2606 31.5760
134.1846 32.0252
131.7407 30.9944
136.1554 31.1927
137.5528 29.6455
137.2158 29.5511
135.2241 32.2916
128.8724 28.5944
135.4290 33.1698
132.6470 32.3812
136.4786 31.2867
132.5958 31.7001
137.4765 29.2943
136.8586 31.9967
132.3177 31.6801
134.6785 31.3027
137.1159 29.3234
136.0576 31.9389
137.5973 30.1563
134.7036 31.5424
132.4035 32.0534
135.9047 32.0118
134.8994 29.5680
129.5664 30.7129
134.5203 31.6022
137.6971 29.9667
137.0537 29.9564
133.1819 29.3815
132.1757 31.2043
130.9916 29.9868
131.7794 31.6869
132.4301 30.8324
136.5550 31.4767
137.8284 30.1361
132.0943 32.1771
133.8429 31.3080
137.6574 31.8558
136.6730 29.9992
136.3546 29.2825
137.4795 31.4722
135.5901 29.9221
130.2647 28.1095
134.1543 31.9506
136.4232 31.1821
133.6687 31.6905
131.3690 30.1179
131.7756 31.2127
137.2799 29.5641
134.4571 29.3191
132.0140 28.4824
137.5495 30.0811
131.2652 30.1621
129.2154 28.4008
133.9137 31.7686
132.2015 31.5398
135.9766 30.8913
137.8061 30.0924
137.3081 29.5841
135.5393 31.6431
132.5817 31.2305
135.1974 30.0526
138.2469 33.5331
135.5377 31.5966
133.1363 31.6972
134.7209 30.3915
127.4737 29.9696
137.0184 30.2838
138.0441 30.1999
135.3633 31.2874
137.7335 30.2627
132.1550 30.3203
136.6359 29.7671
134.6379 29.2587
137.6424 29.9806
129.4985 29.1174
135.8381 31.2451
134.8891 29.3363
129.1357 28.9449
132.2677 31.5430
136.8260 29.9732
134.9035 31.4543
135.3188 31.7149
137.5803 30.0052
137.4996 29.9693
137.5091 30.0117
134.9750 32.7512
136.6337 30.7991
133.6133 31.7722
137.0420 29.3090
137.7552 29.6209
137.9016 30.5409
131.3773 28.3251
134.6113 29.6013
131.3124 30.4711
135.5882 29.6292
137.4744 29.4618
136.6391 30.0462
131.6044 30.5017
134.9026 28.8392
134.4822 30.7937
135.0664 30.6004
135.6763 31.0054
136.9968 30.0990
133.6310 31.8804
135.3611 31.7205
137.0081 29.6750
135.0281 32.6883
136.5717 29.1755
134.6608 31.8089
132.6570 31.8912
129.4988 27.7163
136.1210 31.6725
134.8713 32.0319
131.9400 32.0285
133.2017 31.4064
129.0982 29.3491
135.3036 31.8155
133.9716 31.8902
128.9462 28.5627
129.2623 29.4003
132.9539 31.6513
133.2217 31.1214
137.3305 31.8561
136.9486 32.1428
136.6422 31.0542
137.6955 31.7784
137.7160 29.8838
135.7332 30.2804
137.7863 29.8566
132.7301 29.0057
135.4353 30.2320
132.9343 31.0485
135.7567 31.3209
128.3595 28.5431
137.4529 30.1953
137.6197 30.1685
135.8452 30.1710
136.4566 32.3130
137.3081 31.6183
135.2628 31.4531
136.6591 32.0227
128.8614 28.9763
137.9477 30.0703
137.1505 32.0661
133.4406 30.5332
136.8898 30.6034
136.5028 31.1255
128.5517 28.6754
136.9173 31.7738
132.6295 32.0289
137.2861 30.4957
132.3854 31.8319
129.4400 29.7237
136.5033 31.6611
132.5427 29.2262
137.1841 29.9353
136.1002 31.6310
132.5304 32.5825
138.0530 29.7187
137.9590 31.0215
134.0046 32.3235
132.0764 32.1602
137.7812 31.4124
136.2315 31.1777
135.9484 31.2042
133.1021 31.4687
136.1592 32.3118
136.4958 31.2183
134.7724 31.8011
134.5051 32.1070
131.7974 32.0851
134.9723 31.1407
137.1597 30.0274
137.0394 29.9618
137.8995 29.6829
134.7462 31.9956
131.5642 31.1485
132.5750 32.0006
137.0871 30.2060
135.2326 32.2593
131.8056 31.4654
136.1182 31.6336
137.4614 29.8351
136.9459 32.1681
134.9174 32.7347
133.2218 30.7596
137.0940 30.8656
135.1669 32.5340
137.1870 30.7780
136.7494 30.0527
137.6766 31.6926
130.0717 29.2183
136.7932 30.3123
133.8477 32.5710
134.3958 32.2530
134.6119 32.2875
136.6406 31.2150
138.1480 31.0517
134.8113 32.2172
127.9707 31.4065
136.1957 32.1648
137.8338 30.6803
136.7137 31.6357
137.8509 30.2844
135.1520 30.9713
134.4727 32.2385
128.7914 29.1340
132.9857 30.6197
133.6803 32.6124
137.7264 29.7717
132.2200 31.8454
133.6153 32.6445
134.1943 31.9160
128.3177 28.9674
133.8372 31.9673
134.3382 31.4952
128.7618 28.2992
135.0895 31.6871
128.8788 29.7376
137.0747 29.8499
132.3529 32.4344
136.8921 31.8499
128.9482 28.4257
134.7093 32.1447
135.2776 32.2280
128.7307 29.4749
133.4303 30.5389
134.8902 31.0538
134.0354 31.3160
131.9631 31.3725
137.3524 29.7867
136.6427 30.4534
132.1811 32.0207
132.8873 31.3833
134.5177 32.2059
131.4287 30.6950
128.6982 28.3767
129.6953 30.4401
133.9343 31.6100
136.5185 30.9176
136.5864 30.5984
132.9853 30.7990
136.4010 31.0097
134.5712 30.9010
134.0436 32.0828
137.4893 30.3381
136.0073 31.6121
134.4311 32.0756
128.8244 30.1258
134.7704 32.5695
136.1962 31.4401
134.9729 30.0219
132.4064 31.6593
134.4271 31.9231
134.4346 31.3588
128.2926 28.4836
132.4736 31.4791
132.8508 29.7023
132.7656 31.0522
137.9814 29.8015
128.3033 28.8729
131.6627 31.2771
136.5287 31.1035
136.6433 30.2246
136.3942 31.3085
135.4972 31.4975
136.3005 31.5291
128.8825 28.3973
131.7291 31.1075
136.7199 31.3283
137.0890 30.0429
137.5310 29.8508
133.5801 32.2571
136.6049 31.0401
136.1709 31.4179
131.0571 30.5055
136.9888 30.1923
132.2342 31.6323
133.7257 32.4388
135.5244 31.5088
134.8692 31.9008
129.4887 28.1744
131.8224 31.2248
136.3639 31.4121
133.9276 31.7581
137.1560 32.1099
135.3953 32.2689
133.7866 31.9615
135.9683 31.5813
129.6299 27.9864
137.9983 29.9348
133.9039 32.4406
132.1621 32.2587
135.5518 30.5328
133.5522 32.4121
137.6412 31.3052
136.8489 30.5703
136.6725 30.9121
137.1254 32.7573
137.3651 31.4547
136.9756 31.9616
136.9445 32.2454
136.3161 31.9527
133.0618 31.6381
137.3059 30.8422
137.3102 31.1713
136.0129 32.1622
135.9750 33.0831
133.3816 30.8410
137.1199 31.9816
136.6154 31.1109
136.9820 31.4446
136.1584 33.2528
135.9438 32.8671
131.3037 30.8155
138.2313 30.3001
137.7001 31.5996
136.6494 32.0496
134.0786 32.5379
138.2377 30.6632
131.8492 32.4334
137.5241 30.3249
137.5967 29.9108
137.1286 32.8296
137.3373 30.1297
136.8456 32.9832
133.9126 32.0413
135.4957 32.6221
138.1878 31.1887
136.4108 31.0596
134.1121 32.0761
136.8225 33.5691
137.2437 32.0721
136.3168 31.3581
134.4152 32.4108
137.1196 30.0320
131.7397 32.0905
137.2836 32.2951
138.0740 30.6199
136.5872 32.8910
138.0143 31.1145
137.2286 32.3879
135.2876 32.0773
137.2284 30.1889
137.1627 29.9802
137.3802 31.3950
132.6710 32.4448
137.1335 31.3604
136.3659 33.4962
137.2985 32.6270
136.5840 32.7644
136.7105 33.0505
127.8471 31.8924
135.6289 32.5547
129.3360 29.0596
137.8242 30.9952
138.1428 31.4125
133.1932 31.9395
135.1305 29.5779
136.9278 33.0102
136.8900 32.6260
134.3215 31.7978
137.0034 32.5803
134.5145 32.4323
136.2315 33.0031
134.0525 32.6489
136.7013 33.2109
137.3497 32.4139
137.8261 31.7710
136.9218 32.1023
126.5012 32.2360
137.1510 32.9789
135.1019 32.0336
138.0612 31.0943
135.7204 31.8084
135.2458 32.0322
136.7354 30.5959
137.0832 31.7650
135.7946 32.5848
138.0071 31.4822
135.4006 32.0323
136.8870 32.2506
137.2662 32.5039
131.2639 30.5343
136.3580 33.5913
131.2768 30.1196
136.8212 30.2954
137.0572 32.1174
132.4206 30.2013
136.4155 32.9425
135.9161 31.4415
136.9681 31.9717
127.5394 32.5975
134.5711 32.4116
137.5494 30.1389
135.0913 32.0872
136.0816 31.1019
137.9531 30.5209
136.3076 31.2103
136.7679 33.0090
136.1080 32.5368
136.0110 32.9531
137.2150 30.6142
135.8568 32.4959
137.0837 32.5510
136.3885 33.0008
129.3666 29.8443
136.5410 33.8210
136.4742 33.4881
137.0372 33.6423
134.6472 32.3533
136.1457 31.8079
128.9742 28.2827
136.6416 33.6320
136.5477 32.3149
133.1496 31.5318
137.1071 33.7583
134.4250 32.3787
137.5601 30.6165
136.0222 33.0083
135.9898 33.0125
135.5199 32.3679
136.7717 31.0327
132.6109 31.8622
133.0337 32.5037
135.9979 32.7786
137.1492 33.0295
128.7426 29.2803
136.7329 32.1758
130.2178 28.4031
134.7667 31.1156
136.9674 31.6905
132.9202 32.0397
132.4292 32.2742
132.1638 32.1260
136.6411 32.5381
128.7534 29.1436
133.9933 32.1520
132.0829 31.9702
132.0762 31.9279
132.0394 31.9586
131.9615 31.8294
136.4878 31.1817
132.2500 32.2106
137.1766 30.3864
136.5348 32.6816
137.5932 31.5633
132.4214 32.1225
131.7071 31.3133
129.2242 28.3703
132.8725 29.4719
132.0747 31.6870
136.7497 32.5956
132.3681 32.1153
136.7279 32.3880
132.2921 32.3339
132.9928 31.9894
137.3296 32.2182
132.9960 29.7634
136.7176 32.2730
135.2964 32.4681
132.0940 32.1303
135.5312 30.4939
136.9501 32.4796
135.6243 32.5323
134.2355 31.9007
136.7854 31.8975
136.6747 32.1542
132.5222 32.4481
135.4660 29.6570
133.4097 32.4673
132.0142 31.9359
132.9936 31.9400
133.0583 31.9342
134.0182 32.0578
132.9454 32.1198
129.9687 28.2450
133.3253 32.5072
137.3653 30.2994
132.2976 32.0922
132.2650 32.2808
136.3310 32.8319
136.7843 32.0076
136.8287 32.0785
136.7824 32.2700
132.2576 32.3326
136.0727 32.9041
128.7671 29.2573
132.1819 32.0771
133.9639 32.3693
129.0400 28.3147
133.4291 32.4749
136.4289 30.6812
132.1127 32.1975
132.5562 32.0831
133.6412 32.3958
136.9122 32.0348
136.1650 32.0744
136.4646 31.7276
132.2068 32.1338
133.8694 32.2959
136.5623 32.2765
131.9920 31.8095
128.9796 28.3197
136.8499 30.7571
136.7366 31.4431
132.0055 31.7303
136.7250 31.7693
136.9338 32.2854
134.3332 31.3153
131.9181 31.6226
136.5005 32.2061
133.0795 32.5320
133.7786 32.3636
137.0206 32.1513
135.4422 32.6383
135.3490 32.4523
133.8789 32.3792
132.0254 31.9392
134.2659 31.3998
135.4807 30.3615
134.3349 31.6152
136.2404 32.5326
136.8562 32.5979
128.8650 28.3688
136.4711 32.5786
133.0319 32.1721
134.1019 32.0673
136.3010 32.2745
133.9298 32.4096
133.4075 32.5059
136.8647 30.4902
136.9453 31.9855
132.2020 32.1217
136.0575 32.1639
132.3938 32.3589
133.9407 32.1973
137.5412 32.0561
136.7709 32.0016
133.9007 32.3758
134.0390 31.9558
137.0838 32.3378
132.5303 32.2552
131.9621 31.9696
131.9724 31.8093
132.1338 31.6535
134.3577 31.9958
135.0910 30.7213
133.8053 32.4376
129.5765 27.9128
129.7169 28.1209
136.9375 30.6969
136.9314 31.0683
136.2971 31.5059
136.2864 31.0942
135.4430 31.5385
133.5708 32.4957
132.7815 30.0452
128.7309 28.4009
137.6179 30.0352
137.6330 29.7902
132.8335 31.9161
133.7236 32.3939
134.0804 31.4553
132.6347 32.6205
137.1841 30.3457
136.0350 29.2823
133.6023 32.2797
130.8546 28.6215
132.8876 32.4224
134.7156 32.0732
137.9082 30.4319
137.0919 30.0132
135.9489 31.6011
132.6552 32.5339
128.8904 29.9521
132.2488 31.8856
128.5692 29.1303
138.0560 29.9341
128.6655 28.5231
134.8111 32.5006
133.9421 31.8397
136.9283 30.3451
132.4920 31.6778
128.2330 28.5668
132.0969 31.6123
135.9547 29.8645
136.3372 31.2762
129.8742 28.2152
136.2821 31.4663
129.0669 30.7069
134.1953 32.4448
128.5289 28.4452
135.1985 30.6426
137.2927 29.8451
137.1006 31.0393
133.6350 32.3734
133.8097 32.1926
134.7825 30.9301
136.9095 30.0991
133.5392 32.4199
134.6007 31.0554
134.0490 31.8704
132.3668 31.7147
134.7733 31.0345
131.4535 30.7505
137.1066 31.0740
136.0106 30.9045
134.7198 30.9521
128.4459 29.0399
129.4861 27.6941
135.2395 32.2326
135.3179 30.8154
128.6105 28.4056
132.4978 28.9884
132.2780 29.1032
133.1292 31.4917
132.8634 32.4269
135.8879 31.5546
134.4628 31.6413
134.5921 31.8152
136.0889 31.4134
136.7316 30.2621
130.2549 28.4346
133.4557 32.0701
131.8233 31.6325
136.4430 30.7876
136.9044 29.1781
136.1916 32.1360
134.9993 31.9033
136.5096 31.7098
136.7078 29.1875
137.9744 29.9145
136.8145 31.5015
136.8294 32.1549
136.3327 30.8077
136.2764 30.8484
132.9111 30.2167
132.6450 32.4762
132.7086 31.9696
131.9232 31.7652
133.0255 32.6214
134.3711 32.4170
134.5300 32.3254
137.7525 30.0895
130.7810 30.1380
134.4944 31.3791
134.0620 32.5346
135.3758 31.6703
133.8441 32.3749
136.7437 32.6016
136.2306 32.5216
129.3966 29.1698
136.0283 31.0370
132.2289 32.2610
137.7337 31.3088
134.9789 30.5583
136.7254 31.8093
134.2963 32.1451
132.6886 32.1834
137.8822 29.9696
134.1453 31.8042
135.6474 31.9534
131.9082 31.7982
131.9878 31.9776
132.7875 32.6676
135.5832 30.7284
135.0567 32.5081
137.5892 31.5497
137.1511 32.0092
133.9070 32.3343
132.5663 32.3120
132.1820 32.0225
136.5024 32.4216
134.6114 31.2323
134.9363 30.9132
136.7813 31.7864
132.7625 32.1442
132.1357 31.7998
133.0468 31.9057
137.8246 30.1166
136.7106 32.1769
131.9007 31.6865
133.2178 31.5605
132.9295 31.4893
135.9581 31.6910
136.0290 32.6395
134.5680 31.4156
136.1722 31.7584
137.1906 32.3311
136.6722 31.7568
132.4886 32.4366
136.6690 31.3529
132.1489 31.7927
131.8420 31.6340
133.7657 32.1422
134.3511 32.4504
131.9601 31.5278
136.2564 32.6035
137.8722 29.9555
134.4381 31.7289
136.0392 32.3040
135.7588 31.8664
132.6851 29.2450
136.4991 32.3800
134.4476 31.8637
135.3932 32.2928
128.8197 28.5386
132.0089 31.7208
137.1288 30.9577
132.0797 32.2298
132.5511 32.5321
135.3330 31.7066
132.2038 31.8873
135.3818 30.1942
136.7773 30.8007
135.8797 29.4051
133.1075 31.7075
135.5742 32.2840
133.1161 31.3132
132.2201 32.3202
136.9581 30.3209
128.9443 29.2909
137.5988 30.2494
134.8477 31.3328
137.2050 30.4264
136.2352 32.6158
136.7417 32.2372
137.5821 29.9860
134.9829 31.8320
132.1501 31.7103
136.7523 32.2923
134.7301 31.2694
136.6042 31.8755
137.9000 29.8250
137.7928 30.4870
137.6434 29.8971
132.1682 31.8059
131.8545 31.5576
129.3968 29.2346
132.3290 32.0759
132.9287 32.1657
133.9260 32.1402
135.1726 31.7631
129.2075 28.4027
132.7696 32.1886
136.2217 31.5454
132.8419 32.0185
131.9473 31.9361
131.6158 31.4899
137.1451 31.9441
137.6005 29.5021
134.4033 32.1116
136.4790 29.9496
131.7859 31.4008
136.6592 29.8071
134.2396 32.0641
136.0092 31.0564
137.5314 29.3990
135.4667 32.0695
136.8242 31.8148
129.9422 28.2346
131.7862 31.4533
136.4281 31.3012
128.4213 31.3637
128.7740 28.8685
128.6683 28.9528
135.3112 29.6107
136.7507 31.1760
129.5115 27.7519
134.2395 31.7885
136.8952 30.6226
128.7333 29.4162
137.1898 30.6148
135.7012 30.0357
133.0272 31.1196
134.0706 32.1560
136.8756 30.6632
133.2742 32.0132
137.0512 31.4959
128.4297 28.5009
128.5692 28.8652
132.0881 31.8354
135.5440 31.3215
137.6630 29.5568
131.6309 31.0583
132.9516 31.2862
129.0201 30.1417
128.6211 28.3830
133.2142 30.6323
135.8802 31.9019
132.4556 32.1728
136.6150 30.8352
134.0263 32.0479
134.4016 31.4888
136.8180 30.3290
136.9530 29.9053
136.8777 30.3882
137.6728 29.9059
136.5500 30.8585
134.2924 31.0258
130.0535 30.4928
130.2462 28.1927
137.3883 29.4899
134.6791 32.0056
134.4195 31.6410
129.5674 27.9565
136.9658 31.8842
129.3077 29.4164
134.6383 32.8142
135.7781 31.0344
132.4937 31.9506
136.6809 29.1838
136.8709 31.7067
134.3949 31.2748
137.8825 29.9119
137.6839 30.3101
129.9687 28.1412
134.6407 32.1771
136.7786 29.8458
136.3580 31.7624
132.9739 31.0051
134.0394 31.5596
136.9220 30.9281
133.8129 31.6838
128.6723 29.4332
136.4240 31.0037
129.7633 28.0866
132.2678 32.2284
137.5336 30.3950
134.7544 30.5928
133.1183 31.5570
136.6775 29.3656
133.9725 32.1455
132.1552 31.5869
133.9257 32.0582
137.5049 30.1086
132.9041 31.7794
132.2671 32.2043
136.5503 30.5070
136.9712 30.5316
134.3981 32.3773
136.1644 31.4371
133.9802 32.1711
133.3109 32.5795
130.6035 30.8287
137.7970 31.1134
136.1422 31.1521
133.2018 31.1533
136.6396 31.1229
133.9868 31.9512
136.8461 29.7863
137.8288 30.1383
135.9641 29.1125
137.5652 30.2875
131.3155 30.1987
132.2233 31.8863
128.3361 28.3806
131.7202 31.0170
134.3104 31.2963
132.5279 32.2337
136.9299 30.8900
135.6778 32.6786
137.7895 30.0238
135.7293 31.2579
136.4053 30.0212
134.9155 30.3942
134.7839 31.2097
136.4500 31.1797
137.8948 29.7195
128.7157 28.2003
131.4895 30.7241
132.4142 28.9390
135.2216 30.9542
134.5346 31.9285
134.4249 32.2764
136.3342 29.2586
135.0494 30.4923
136.9743 29.3596
132.5898 31.9004
135.9429 31.3210
136.1733 31.0271
136.9030 32.0802
137.8401 30.4026
134.4050 32.1747
137.1398 29.7713
137.3346 29.9290
137.8491 29.9514
137.0142 29.8098
134.0984 32.0789
134.8010 30.5169
134.2125 31.9181
133.3089 32.2764
137.8694 29.9476
128.8661 30.1953
131.5113 30.8707
134.4477 32.2482
132.9846 30.3452
135.0755 32.4418
132.6025 29.6787
135.4127 31.3686
138.1677 30.3347
131.6638 31.1334
135.0674 30.3114
137.7833 30.4191
136.4955 30.4871
136.8831 31.4314
131.6340 30.5586
136.7743 31.2952
137.3733 30.6193
136.4347 31.6953
134.4858 32.2229
135.2976 32.1129
131.2527 30.4310
136.6601 30.0882
133.9260 31.8486
131.8108 31.2364
134.0234 31.4260
134.6464 32.1344
137.0936 30.0205
137.8811 30.1713
137.0774 29.3466
138.0154 29.9651
137.9382 30.0074
137.5971 29.9657
134.0118 32.4707
134.5159 31.9393
133.8653 31.8993
137.7270 29.9583
137.5273 29.9097
135.9047 29.4135
134.7235 30.8498
132.5995 32.1593
136.7776 31.8869
136.2950 31.1202
136.1026 31.5578
132.2780 32.5522
135.7869 29.2032
137.7376 30.0273
137.8676 29.9191
136.2580 31.3666
137.1069 30.4819
132.7464 32.4691
137.1616 29.7710
131.7890 31.2845
137.2926 30.2840
137.6151 30.6416
132.0966 31.6204
131.8246 31.5263
135.9209 31.5609
131.8215 31.3576
138.0849 30.7036
135.5730 32.0951
137.4558 29.6014
131.8525 31.8032
134.6395 32.0560
132.2265 32.2243
136.5608 30.9607
136.8740 30.2651
136.1926 30.9239
132.0767 30.7593
136.4551 31.5281
135.6571 31.8360
132.1783 31.7253
136.8904 30.2887
135.0608 30.2506
136.7421 31.0817
137.3452 30.0760
138.0925 30.5627
136.9704 30.0569
132.2215 32.1746
136.5115 31.0145
137.8581 30.0519
131.8963 31.3231
131.9919 31.5069
137.8685 30.1329
136.2573 31.1045
136.8532 30.1438
136.9618 30.2695
137.7682 31.2128
131.8439 31.4649
137.5658 30.3238
136.6207 31.1559
135.2386 29.5620
132.6113 31.9592
136.2215 31.1220
136.9245 30.7901
137.3220 30.1652
133.1606 31.5915
136.4101 30.7468
131.8728 31.3946
137.0696 30.2419
136.8697 30.1254
134.7720 30.6597
137.7186 29.6087
135.3651 29.2634
137.4711 29.6636
137.2705 29.9048
137.8714 29.7754
136.4061 30.9249
137.7382 31.1043
136.8576 30.3249
136.0406 31.1729
137.2098 29.9149
136.8152 30.5921
137.9007 29.8894
137.6350 30.1099
136.5671 30.5615
134.0308 31.4710
134.2098 31.1510
137.0728 30.1928
137.8848 30.1005
131.9256 31.6716
134.9872 30.7482
129.1811 27.6191
133.0114 31.3957
136.8492 30.8315
137.7047 30.6638
136.8270 30.3762
137.1419 29.9614
136.4046 31.1363
136.0515 31.2210
137.0390 30.1140
131.8787 31.3575
132.8647 31.6041
131.9919 31.9009
132.0604 31.6054
137.7644 30.0198
135.7915 31.8319
136.7464 30.4213
132.1517 32.1449
131.8921 31.3725
137.1833 29.8585
137.1936 29.6548
133.8716 31.8193
136.4498 30.9699
136.6646 30.5178
136.0869 31.3806
131.9613 31.6893
136.6519 30.6040
137.0144 30.0301
137.0784 30.1017
135.9686 31.4738
136.7327 30.6388
137.6166 29.9303
136.7128 30.5083
138.1921 29.8626
135.6068 31.9007
137.8778 29.9533
136.4475 30.9740
137.1426 29.9722
131.9156 31.6483
131.9159 31.7935
136.3810 31.0924
131.9202 31.6009
131.7960 31.3577
134.3110 30.9589
135.0338 29.8108
131.8573 31.5782
136.8392 30.6011
136.3929 31.0046
136.4134 31.3969
136.9848 30.2090
136.7135 30.4527
133.8020 32.4157
136.4347 31.4951
133.5769 32.1469
136.5914 30.8502
126.3411 31.3500
133.9147 32.4882
137.1365 31.8184
134.9468 32.4748
137.9647 29.6050
132.8078 29.4452
134.4577 32.3740
137.1579 29.3723
132.9288 30.8632
134.0831 31.3440
137.8097 31.3787
138.0422 29.8379
135.2889 30.7524
134.8381 31.8491
138.2225 29.6553
134.1657 31.0288
137.5294 29.8919
133.9099 31.9623
136.9588 32.0849
136.3642 30.1817
132.9278 32.6571
137.5344 30.4014
129.0297 29.1629
133.9663 31.4777
133.9947 31.6781
134.7704 31.7668
128.3337 28.3899
136.2040 29.0333
131.8538 31.2870
138.1485 30.1629
136.0376 31.7814
135.9470 29.9662
136.4526 31.5195
135.2372 30.1427
137.9890 30.1855
134.3277 31.5897
135.2962 31.2501
135.5826 30.1420
137.5062 30.7366
134.0778 31.9565
135.0409 29.4371
129.9989 29.3451
135.3174 29.2408
128.2543 28.2438
128.5394 29.5334
137.1219 32.1196
137.4511 30.4828
134.4231 30.7118
133.8847 32.4664
135.3899 30.9762
137.8278 30.3081
129.6720 27.8933
132.3293 31.2835
136.5053 29.1151
130.5339 28.2114
137.4436 32.1990
137.8627 30.4478
137.4859 30.3774
136.0177 30.9395
137.0101 30.5095
135.2519 30.6954
136.1769 32.0013
137.4384 30.2057
131.2408 28.4228
134.1823 31.3562
133.9059 31.4970
131.9368 31.9360
132.0886 31.0483
132.8587 31.7866
129.9467 30.5315
134.4520 32.0891
134.2825 31.5429
134.1367 32.0001
129.8392 27.6920
132.2348 28.7936
135.4441 32.5833
136.9442 32.0039
136.2331 33.0549
135.5889 32.5318
136.4913 32.6028
137.2416 30.5543
137.0575 32.0663
136.8574 31.8827
136.4671 32.8932
136.6544 32.4881
135.4296 32.8113
137.4144 30.4641
137.4611 30.3629
136.7881 31.8908
136.1157 32.5724
136.0634 32.1342
136.7115 32.4056
136.7112 32.7835
136.3460 32.9680
136.9344 32.2270
136.0242 32.5865
136.3620 32.8174
136.4659 32.7372
136.1144 32.0762
136.4600 32.7204
136.7689 32.1134
136.4845 32.2854
136.1228 32.1071
136.8338 32.3499
135.7003 32.8939
136.6505 32.1714
137.0570 32.0585
136.8112 32.6006
136.2746 32.4529
136.2045 33.1309
136.3245 32.8770
136.9722 32.1540
136.7251 32.7132
135.9148 32.7135
136.5057 32.8158
136.6180 32.1374
136.8537 32.3230
136.9085 31.9057
136.9395 31.9688
136.8797 31.8601
136.2719 32.9605
136.8288 31.9117
136.3195 32.9655
136.5978 32.4699
136.5279 32.8298
136.9235 32.0386
137.0444 32.0412
135.5259 32.5516
136.2026 32.6954
136.2156 32.1014
136.9143 32.0215
136.5505 32.6860
136.9218 32.1768
137.0061 32.0243
136.9244 32.0486
136.5826 31.7751
137.0387 32.0340
136.1375 32.5880
136.8999 32.2888
136.1349 32.6493
136.7691 32.3317
136.9623 31.9558
136.3275 33.2388
136.4234 32.7927
136.8565 32.3478
136.5195 32.6617
136.2368 32.4364
135.4378 32.7487
136.9255 32.2694
135.3964 32.7610
136.9681 32.1073
136.2237 32.9934
137.2990 32.3843
136.4641 32.6522
136.1492 32.6258
136.6987 32.4338
136.5524 32.8324
136.9687 32.0106
136.7585 32.0348
137.0206 32.0886
136.4450 32.0157
136.8442 31.9197
136.5914 32.1891
136.9128 32.2473
136.7635 31.9963
136.5134 32.8859
135.7344 32.8817
136.9985 32.1039
136.2844 32.9276
136.6492 32.1757
135.5753 32.9660
136.8323 32.3429
136.9723 31.9748
136.9808 32.5883
135.5966 32.5570
136.4135 32.6792
136.4643 32.6624
136.2517 33.1787
136.5908 32.5922
136.4362 31.9807
135.7517 32.4067
136.5317 32.6123
136.9462 31.9066
136.5963 32.6877
136.5809 32.5412
136.5381 32.2320
136.3591 32.9308
137.0072 31.9796
137.1333 32.3868
135.7242 32.8874
136.9530 32.2267
136.9389 31.8579
137.0255 32.1212
136.9693 32.1764
135.4394 32.6916
135.9419 32.2012
136.6196 32.3195
136.6340 32.1664
136.6947 32.4552
136.6499 32.2059
136.6252 32.4893
136.6953 32.4667
137.1502 30.7463
136.2798 32.5295
135.4619 32.6508
135.5482 32.8165
136.2451 32.9575
136.4100 32.8105
136.6157 32.4990
136.9615 32.0758
136.7809 32.4309
136.3280 32.9072
137.0007 32.0885
136.8383 32.3656
136.5717 32.3269
136.2701 32.1102
135.5773 32.9037
136.7083 32.2073
136.4589 31.9814
136.8170 31.9100
137.4296 30.4314
135.8638 32.8331
135.4223 32.7959
136.8794 31.9992
136.2785 32.0680
136.5564 32.9493
136.5159 32.5792
136.9259 32.2691
135.5051 32.8708
136.6205 32.8630
136.8637 31.8919
136.2827 32.5107
136.9417 32.0016
136.7049 32.3948
136.9589 31.9139
136.3996 32.9250
135.3544 32.7875
136.1689 32.1830
136.3409 32.8455
135.4976 32.8865
136.6709 32.9788
136.2283 32.1524
135.3965 32.8172
136.2929 33.0376
136.7281 32.5061
137.1969 30.5986
136.8420 31.1643
136.4508 32.9150
136.6996 32.0355
135.6680 32.4178
136.7384 32.0136
136.8403 32.0556
135.3764 32.7253
136.9463 32.2900
136.5193 32.6946
135.6966 32.8761
135.4612 32.6112
137.4417 30.3561
136.3188 33.1584
136.9537 32.1086
135.4562 32.8183
136.9817 32.1225
136.6679 32.1376
136.1739 32.6549
136.9507 31.9248
136.0396 32.6832
136.4365 31.9603
135.8744 32.2407
136.6271 31.6582
136.4714 32.7474
136.8944 32.2578
136.7928 31.9003
136.3794 32.4925
136.5143 32.9272
136.1105 32.0917
136.9883 32.6273
136.9431 31.9582
136.2007 32.4876
135.8090 32.8538
136.9019 31.9799
136.3611 32.8802
136.9832 32.0006
137.2393 30.3919
136.9422 31.9585
136.6183 31.7286
135.7190 32.3377
136.4346 32.7129
136.7810 32.0666
135.6316 32.5314
136.3117 33.2167
136.2246 32.6433
136.4410 32.7299
136.4577 32.3197
136.2985 33.2347
136.6827 32.5137
136.1450 32.0856
136.2683 33.1939
135.6643 32.9373
136.8982 31.9055
136.2447 33.0125
135.5415 32.5271
136.9753 32.0184
136.3756 32.7477
136.3744 32.4588
136.5376 32.3693
136.1749 32.1043
136.4700 32.3787
137.4253 30.4453
135.4048 32.7486
136.8581 31.1393
136.5961 32.5538
137.2231 30.6008
136.9635 32.1858
135.3854 32.8122
136.6927 33.0007
137.2531 30.6117
136.4271 33.0479
137.0155 32.6322
136.2680 32.9462
136.6272 32.4384
136.6687 32.4454
136.2182 32.8679
136.7438 32.7774
136.9180 32.2936
136.4002 32.0360
136.3001 32.5841
136.8748 32.5626
136.7426 31.9690
137.0241 32.1116
136.5268 32.3383
136.9009 32.2332
136.8683 32.0037
135.3979 32.8078
135.3560 32.6896
136.9862 32.1522
136.2232 33.0480
137.0114 30.8784
136.9440 32.0769
136.4730 32.6018
137.2904 30.5117
136.5700 32.5958
135.7509 32.3798
135.4746 32.8456
136.9143 32.6687
136.9535 32.0710
135.4369 32.7413
136.4951 32.6546
135.9462 32.8290
136.6813 32.2715
136.8909 31.9215
136.0746 32.1423
136.6574 32.9432
136.1974 33.1650
135.5516 32.6060
136.6420 32.4654
136.8456 32.2891
136.1641 32.0922
136.4729 32.6831
136.9999 32.0200
136.5593 32.9411
136.5049 32.6002
136.2095 33.1591
136.3528 32.9009
136.3823 32.3751
136.9562 32.0538
136.1958 32.9705
136.3939 33.0238
136.0934 32.1108
136.4688 32.4141
136.1534 32.1349
136.3690 32.7425
136.2292 33.0861
136.1951 32.6402
136.9609 32.0188
136.9501 31.9885
136.4619 32.9505
136.4753 32.9957
136.9741 32.1066
136.3355 32.7809
136.8458 31.9029
136.1217 32.1406
136.2865 32.9780
136.5111 32.5967
136.6997 32.4731
136.7859 32.3437
137.4710 32.2662
137.3919 32.3200
136.8236 32.9152
136.1772 32.1037
136.7987 32.3811
136.8727 32.2485
136.4454 32.7017
136.7357 32.0090
137.1715 30.6250
136.2255 33.1157
136.6331 32.6178
136.0715 32.1509
136.9577 32.0810
136.8208 32.3382
135.6120 32.5024
136.3180 32.8610
136.4033 32.7615
135.4877 32.8624
136.3520 32.9133
137.4552 30.4467
136.4813 32.9530
136.8286 32.0299
136.0261 32.2813
136.9049 32.0556
136.9326 32.0405
136.6735 32.4777
136.7995 32.3008
136.5330 32.8408
136.8192 32.8392
135.3756 32.7437
136.4596 32.2691
136.2716 32.9090
136.7373 33.0491
136.2442 32.9672
135.4142 32.9182
136.6391 32.7084
136.3932 32.8320
136.4301 32.3642
136.4563 32.9129
135.3566 32.6932
136.9989 32.0443
135.5165 32.5796
136.3341 32.8761
135.9585 32.1899
135.8857 32.6973
136.9409 32.1412
135.4951 32.6247
136.0889 32.1187
136.7866 32.4992
136.9475 32.0112
136.1577 33.0755
136.7681 32.1658
136.4794 32.5964
136.7646 32.5887
135.8427 32.3359
136.6667 32.8650
136.3036 32.4859
136.8561 32.3323
136.8704 31.9855
136.4851 32.6690
136.5615 32.7466
136.4459 32.7330
136.9019 32.2566
136.2855 32.8482
136.1075 32.1727
136.6307 32.5227
135.9321 32.2619
