131.1292 26.4544
131.9765 29.1988
132.0746 24.5604
138.5152 33.0190
131.4394 29.4959
133.8540 28.4088
131.4871 27.5527
136.3479 31.0472
138.6160 28.2122
138.8678 28.5333
136.4261 29.0102
130.3145 27.3666
136.5031 30.4514
133.2083 31.2590
131.8720 31.3935
138.5949 28.1234
132.3895 29.4194
134.6473 33.3756
138.5859 27.6764
136.6453 29.8938
139.0443 27.9259
133.5969 25.3545
134.8080 30.5048
139.5923 34.8365
136.0856 31.3962
131.6496 27.5270
139.3435 28.0450
136.3447 29.1620
138.2211 28.5012
139.5435 28.6718
135.8920 29.0876
136.4812 28.7976
138.5213 28.1639
130.2991 26.6107
137.5370 29.3434
136.3868 30.8634
132.2224 27.9892
135.4283 27.6637
132.1145 26.4713
138.8429 27.9623
131.4143 28.6178
137.3846 33.1475
136.3391 28.6251
136.3210 28.0608
134.1256 24.2809
138.5470 34.4436
131.5265 30.1794
133.8605 31.0906
135.1150 28.2776
126.0384 23.7199
135.5062 28.4976
132.4359 25.5805
136.0394 31.8651
135.4729 28.5458
131.5750 24.9095
140.0038 33.5901
131.8973 28.2913
134.5296 28.8274
131.6828 27.9177
127.9337 24.6300
135.3135 28.3272
137.5426 26.7589
136.8399 29.8391
134.1425 30.0298
139.5859 34.7751
138.3834 27.2273
132.1069 30.9778
133.0897 24.3009
137.4544 27.8991
131.8010 26.6602
134.1835 23.9941
140.1035 28.0317
132.2408 28.2170
131.2237 28.4413
136.4083 28.7369
130.0953 28.8761
127.4900 25.7547
135.5154 23.9571
134.9279 33.4245
133.0524 24.8707
135.9058 30.6244
134.3473 24.5436
132.1660 27.2316
132.5328 29.1572
135.6171 29.9227
131.2505 30.0811
133.7412 25.0193
137.7319 31.0798
127.2336 27.7593
137.6251 31.1521
133.8578 25.1281
137.8532 29.8937
132.1755 27.9103
136.5456 27.7193
134.2428 21.6032
131.4766 27.5587
138.8500 28.4111
131.9499 32.0563
136.8992 30.7528
133.8862 24.8078
133.8796 31.3355
132.0752 26.1423
134.9929 23.2804
137.5269 30.7947
133.9298 31.9599
134.3920 30.7388
133.5496 26.0538
136.3441 28.5332
140.3914 34.5208
132.9486 28.0792
140.6955 34.2639
137.1398 32.7875
132.4455 27.3284
133.7503 25.0756
130.0396 28.5226
130.0964 29.0008
135.8047 30.3122
136.6165 32.6088
137.4842 30.8467
133.7834 24.9661
132.9057 26.4993
138.8237 28.0776
134.4187 33.4244
134.3635 30.5118
129.9344 28.5965
137.2657 30.0796
138.5486 33.2392
131.5437 27.4662
133.5767 26.0631
134.8608 33.5137
136.4318 29.1395
132.3706 28.3725
135.8805 29.2163
131.5684 27.8607
133.8156 24.4204
131.3831 27.8880
131.3626 31.1559
132.5835 27.3295
137.8140 28.6807
132.1641 27.7644
134.0398 30.0714
139.9407 28.3807
138.6005 26.8688
135.3558 22.9870
133.2837 24.5474
138.2894 34.2666
138.5693 28.0433
134.7430 28.7886
134.5790 33.3141
131.8450 30.8604
135.9906 30.3402
129.9228 28.5515
136.1166 30.1025
130.6346 28.8176
134.0903 30.0284
134.6096 33.2697
127.2175 25.4693
133.5074 30.1373
137.0106 30.0416
132.2197 25.0825
131.7992 30.9595
136.1686 28.6952
137.0343 29.1425
143.9793 36.1760
131.5265 28.5114
134.4300 30.4448
129.6938 28.6147
138.5370 28.2814
136.2189 28.8131
129.5827 25.9785
139.7031 34.1303
134.8074 30.3966
136.2422 28.5237
133.3540 31.7902
130.0226 28.6596
130.0649 28.1942
139.0644 33.5640
132.5076 28.0910
132.3197 28.4179
132.2523 28.1722
133.6569 25.5111
139.8310 27.3679
133.8799 28.2285
134.6554 30.1483
131.7474 29.2644
136.4781 28.4551
130.4937 29.0970
129.9131 25.7426
135.9830 29.1083
132.1165 27.3846
139.9189 28.4304
138.8352 26.7641
139.0665 27.9104
132.8685 27.7341
135.3079 31.5930
132.8652 29.0486
134.5549 33.1777
136.2260 29.1386
135.9620 29.5909
132.1815 28.2612
139.5321 28.0474
139.2551 28.0174
132.1750 29.2967
131.6215 29.0395
136.2682 30.7680
136.9465 30.8776
133.8309 25.1344
125.8415 22.5542
138.1512 28.3504
137.0283 29.0384
134.1987 30.1770
138.7671 34.1793
138.4031 28.2503
138.2419 28.5940
133.7788 28.2326
136.9750 32.3613
138.7711 28.1840
131.1169 28.0276
134.0588 24.7666
124.7721 21.5607
136.6298 28.7135
132.8132 27.7988
140.1215 27.7598
132.5038 29.3618
131.2060 27.8911
124.8783 23.0586
136.1753 30.2128
137.1656 29.9049
133.2241 25.2550
130.3916 26.3778
138.9745 27.6457
135.7649 30.0754
133.1354 29.5414
132.1906 29.5989
136.0182 28.5686
127.1300 28.9478
140.8152 33.4652
139.0885 27.9492
137.1178 32.6688
132.8064 24.2666
132.1741 32.4290
125.1182 24.1205
134.5946 31.5417
132.0470 28.3462
132.2091 27.3867
131.5165 27.6916
132.9834 30.1300
131.2399 27.0314
132.7806 24.9891
137.6617 30.9377
136.1257 29.7435
132.4153 28.6252
134.1841 28.7374
131.6273 28.0768
135.7539 29.3661
136.0468 29.2948
136.2106 30.8542
132.7219 32.1097
136.6107 32.9342
136.1959 28.6357
132.2281 28.3580
132.1618 27.0489
137.8255 26.9415
134.3775 29.9564
131.1782 27.2187
134.1696 30.5269
130.5508 26.6583
135.9632 30.2949
139.1861 27.0048
136.9114 28.0431
133.9354 24.0597
132.3844 28.9313
139.9774 28.4410
131.8111 27.2418
138.2675 28.3160
135.2717 22.6435
131.3529 27.5392
132.5276 24.7518
125.6191 23.8113
133.0867 28.7921
137.6034 30.5054
140.1807 27.7465
133.3269 32.5994
139.7486 28.1863
139.4299 27.1044
133.7513 24.9296
134.9374 28.7708
132.5912 25.4255
137.2010 28.9022
126.2485 23.2521
131.9541 28.3895
132.8562 27.7771
130.0942 28.8793
138.4383 28.5199
134.0890 30.4601
138.6238 33.8549
136.2341 29.7309
132.1358 29.7387
133.8457 25.5366
132.1872 27.0751
139.1283 27.8626
135.2851 28.1557
125.5340 24.0485
136.0242 29.7898
134.4710 32.2782
133.1601 28.6375
137.3814 31.1320
135.2854 23.1252
125.6690 23.0237
132.8679 28.3618
131.3568 28.7108
126.8822 25.6647
136.8729 31.2083
134.0045 30.8084
134.4301 29.5520
138.9835 27.7783
137.3358 30.1727
137.5406 31.0678
135.2606 32.8209
136.2182 28.6770
131.2829 27.4087
139.9568 28.1815
135.7342 27.9850
138.0218 30.3117
131.3334 27.0212
132.0665 32.4766
134.3215 29.3736
137.9165 29.2224
132.0838 28.2248
131.1895 27.6865
135.0538 31.2445
131.0784 26.5540
132.6726 32.4951
136.8233 28.9655
132.5840 27.0879
133.0276 24.2215
131.8770 25.5461
133.3739 32.0692
135.3704 22.9098
130.9810 26.4697
138.0255 32.1267
137.4828 30.7383
136.3253 28.4706
134.0581 24.5169
132.3607 32.0085
135.6548 29.6051
136.2097 30.3920
136.0059 29.3267
132.5714 28.4494
137.3727 29.4256
138.6131 28.2180
138.0482 28.9834
134.4474 31.7758
136.8161 32.4313
126.7696 28.6436
130.4586 27.7073
135.4803 32.1726
140.0524 27.9106
135.3955 33.0251
137.1230 28.6496
130.6756 28.7403
135.2965 32.9742
134.9394 28.7602
136.1966 30.8448
139.3092 27.9663
137.0255 31.0385
136.4338 30.6950
137.7107 28.1917
134.0323 31.5434
126.4362 25.1780
137.0821 33.0659
136.1687 33.8197
130.9497 29.8213
136.6913 30.6795
139.5487 28.4616
132.9473 32.0551
131.2147 26.3299
133.3764 26.2917
131.8406 26.6280
130.8523 26.7087
133.8603 25.5684
132.1403 25.3505
137.1132 29.0044
134.5158 28.8818
132.0898 26.7427
135.9025 28.9277
133.3263 21.6928
134.1878 23.8984
134.7579 31.2468
133.2160 25.7694
126.3043 24.3329
136.5800 28.6647
139.5915 28.1052
140.2339 27.7819
131.4145 27.4744
130.2264 27.3433
135.7752 29.3697
129.7171 27.8239
136.0000 29.5464
134.3364 31.2416
136.6063 28.3231
133.7563 24.4754
134.4853 33.5377
131.9385 29.4046
132.1765 29.3190
133.2254 28.4715
133.5439 25.3002
138.6983 27.8744
133.9494 28.4964
139.4935 27.8815
137.1120 28.6343
128.6713 26.5382
131.4598 29.8012
132.8534 27.8215
132.6651 32.4051
137.0022 30.1857
130.3324 27.4870
132.1263 29.8751
130.1716 25.8549
139.9837 28.5989
129.8893 27.3727
138.7616 27.6842
135.7601 28.9655
135.4831 29.0923
135.9191 29.0953
134.6832 29.9736
133.8072 29.0174
138.1675 28.2128
136.4888 28.6810
136.5637 30.2853
132.3084 25.3349
132.7533 28.4311
137.6868 30.8026
132.3958 32.5581
133.4158 24.5056
133.2137 28.4119
139.3629 28.2085
130.7111 26.4987
133.7956 24.4796
135.7922 30.2863
134.7631 24.6733
127.0275 25.4804
136.9528 32.8033
128.2465 28.8779
137.4805 28.5267
130.1448 26.9892
143.5823 35.5162
133.3647 23.7467
139.8865 28.2904
133.7024 25.3076
133.8186 24.0767
132.5760 26.6327
132.7926 24.9323
137.4663 34.4894
132.7811 29.8329
133.4763 25.1651
131.8086 25.4464
134.4595 29.5963
131.6796 27.5416
129.7845 25.6566
138.9017 27.9716
132.3686 32.5903
136.6974 32.6757
136.3180 33.4538
130.6475 27.2987
136.1187 29.0362
125.3577 25.5851
133.1751 28.8914
137.2048 29.3106
137.9626 30.5541
131.4556 27.2072
136.0920 30.2718
131.8225 27.6021
137.1546 31.1924
136.1353 29.8621
136.1536 28.8995
138.4018 28.4611
134.1062 23.6152
134.5325 29.7607
132.0026 28.2805
137.9418 30.5261
131.1861 28.4004
133.3193 25.2636
137.8613 27.1401
133.5350 25.6251
137.1968 31.1135
126.8449 22.4288
136.1173 29.1082
134.1506 25.0726
136.0601 30.8981
132.3476 29.5247
134.8039 33.3523
139.7313 28.0377
132.2016 27.4744
137.8676 30.3241
139.6475 28.5543
137.0624 29.0847
127.9973 28.8904
136.0703 29.9971
137.2149 29.5587
136.1257 28.2681
136.0009 28.8844
132.2693 27.7650
137.0778 30.3102
139.3973 27.9366
135.6977 30.1662
134.0107 28.4015
134.3747 24.0311
133.7444 31.1349
126.0224 24.3417
135.9202 30.3173
131.3167 30.0042
133.8394 24.7113
139.2369 28.1106
138.9446 26.8870
135.4664 28.6266
138.5312 33.2369
134.0514 24.7614
131.7893 27.4837
132.7402 26.8284
138.5624 27.8118
131.6573 26.2379
137.7711 31.0846
135.2903 28.2801
135.3160 28.4209
130.9259 29.8000
134.4680 29.7432
133.9296 24.7328
134.0574 25.0583
132.6939 26.9592
137.1820 30.4112
137.9341 28.5981
136.3279 30.9094
133.5753 30.7340
136.5459 28.5193
134.4064 29.8579
125.6861 24.3736
132.6455 24.3215
131.8709 30.9323
135.5057 32.1968
132.5021 27.7578
132.2079 27.6918
136.4993 28.6371
131.9404 31.9724
129.6161 26.6068
139.5461 28.6006
134.6730 30.0279
134.2560 30.2801
134.5317 33.2435
136.3044 29.5104
136.4239 28.8781
132.2727 27.4726
131.5529 30.2431
138.1600 30.2383
132.6021 29.0876
135.5288 24.4429
139.6713 28.6175
136.6067 28.5788
136.2003 28.7332
134.8270 30.0874
132.0085 25.5822
139.7328 28.3987
136.8769 28.8190
137.0549 31.0708
136.0173 30.8799
131.6519 26.4968
134.2388 29.8432
125.8734 23.6277
134.1037 27.9511
137.0577 29.7431
136.1450 30.3380
139.1349 28.7155
136.0145 33.5122
137.0139 30.1055
139.7565 28.6756
138.2656 26.8251
137.3094 33.2087
139.2818 28.3706
135.3712 32.9287
139.0064 26.9843
137.5356 32.4324
139.0982 33.5769
137.0192 29.1593
137.2855 31.3977
138.8094 28.9905
140.1836 28.1295
136.0542 29.8889
132.2449 28.5965
138.5306 29.1806
139.7179 34.1216
135.5554 31.7327
135.9095 33.4026
137.6633 32.8858
128.6083 29.4560
138.3082 29.6993
127.6405 27.1871
135.8450 29.9587
137.2451 32.4484
140.0568 28.1875
138.0484 26.9110
138.1894 31.1309
136.6614 28.9849
136.9241 33.3974
136.1367 28.3825
139.5983 28.4226
136.8148 30.3100
136.2023 31.0397
139.2868 28.3347
136.5113 30.1334
127.4546 28.1010
139.1545 28.4335
143.5260 37.3579
136.6883 28.8710
127.5064 28.2394
139.1651 28.1711
138.4827 27.5611
138.2011 29.3827
138.2137 30.2946
134.2413 28.7478
139.4633 27.8183
135.8435 29.4589
135.4659 29.8062
137.2401 33.1471
127.1965 28.0723
136.0344 28.5163
138.2972 28.1525
136.8572 29.3317
135.1458 24.1971
139.3732 33.2081
136.3559 33.9809
133.7321 29.0055
139.0097 27.5983
141.8695 34.7792
136.3885 28.9339
131.3228 30.8278
138.4025 27.0256
140.6570 34.1451
138.6757 27.9646
140.1837 35.0168
138.9719 28.4496
137.7922 31.5052
136.1961 30.8244
139.0269 28.0505
139.7462 28.2227
139.4384 28.1797
138.8059 28.9522
139.3419 27.8267
139.3480 27.7097
139.1680 28.8126
136.9081 31.1761
137.0852 32.3739
138.7675 27.9739
138.8367 26.9490
136.5798 31.1278
137.3277 33.2585
145.8366 37.2758
133.6827 26.2219
137.3451 28.8437
139.4877 28.2989
138.9927 33.8732
132.5674 28.3191
135.3201 30.3362
135.9763 28.9894
137.0564 29.2565
139.7612 27.4406
137.0404 32.1628
135.8819 28.6548
138.6030 27.5658
137.1419 32.3326
135.7484 28.4749
139.1475 27.6331
138.2073 27.9276
134.5436 30.1217
137.4122 34.4951
136.3327 31.0081
139.3121 33.1407
135.7276 28.6011
136.6985 31.0743
137.4632 29.7565
137.2182 34.4334
137.2731 31.2032
135.3665 32.7715
139.1294 34.6225
136.7769 30.2943
144.6424 37.3159
139.7498 28.4720
138.7354 27.6711
127.2589 27.4786
136.8062 32.6338
145.3577 38.4506
136.9619 28.9930
138.6783 27.1044
139.8243 28.5221
136.8575 32.6797
135.8033 28.3347
139.7210 34.4652
136.1819 33.8051
137.1540 29.2857
136.7448 30.1512
140.4691 33.4066
139.4165 28.7533
137.5606 32.7844
137.1619 30.9985
135.8154 29.1294
136.8858 31.0259
138.0427 30.6247
132.6944 29.8849
139.9839 33.0926
139.6884 28.6617
139.5382 34.8082
130.2921 27.2773
139.5640 28.1909
134.4603 30.0774
133.8419 27.8893
144.8138 34.4784
136.8288 29.1576
137.4942 29.5001
136.3633 30.8990
137.1977 32.7271
139.8201 28.3496
136.9296 28.4235
137.2009 33.1478
136.3981 33.0486
138.2912 28.9739
138.4852 34.3751
139.0693 27.7502
137.0651 34.3140
139.7921 28.1930
136.0471 28.3334
138.5974 32.3310
138.7706 28.7694
126.7751 26.5184
125.8232 25.8891
139.5855 28.5251
138.8733 28.5957
135.8736 28.8815
136.9640 34.3165
137.1512 28.6124
138.5386 33.1665
135.8546 30.0662
142.2565 37.0669
134.6248 31.0323
135.8351 29.1963
142.2872 37.0116
136.7964 29.6609
140.0470 34.2063
136.9744 29.7699
136.9387 33.2039
129.2648 28.0514
139.5169 28.3718
134.1220 28.4439
139.3487 27.9243
136.6322 29.8234
138.2060 34.3178
140.3964 33.2077
135.6655 29.2365
139.6071 28.0931
137.4286 29.3750
132.2659 28.1584
136.1763 33.3132
137.5351 32.8582
137.2150 32.2209
133.8657 31.9714
137.1760 33.3097
132.6711 27.1886
136.9325 29.9436
135.8620 24.8799
137.1024 32.4947
135.9077 22.8307
131.0387 30.1118
136.7201 28.1852
137.9568 30.4556
134.0972 25.3540
131.4696 29.6304
133.9979 26.9343
136.0793 28.5955
131.7507 28.3387
134.8827 33.0697
133.0259 27.9409
135.4760 30.3260
136.2796 29.0799
138.7020 27.9731
136.1635 33.6776
134.4466 31.1887
132.3425 28.0748
137.1107 28.5912
135.6576 28.0560
137.4343 32.4950
136.6525 28.8684
139.8291 28.7814
135.9234 28.3257
135.5928 32.4192
134.4986 24.3255
134.1095 29.8538
139.6052 28.5756
123.5544 30.2639
127.5287 25.4780
134.3454 24.2339
127.0912 26.5412
139.7886 28.2440
139.4508 28.2498
138.6505 34.4736
138.3737 29.4810
138.4823 27.1974
140.3237 28.3132
135.7564 23.4853
137.0193 32.2989
137.6573 30.1755
132.1044 28.3183
133.2457 27.9395
138.6609 28.0141
134.6957 28.3034
133.4984 31.6564
139.7454 28.4236
136.0117 33.4464
139.6742 27.6994
135.0268 30.5855
131.6105 28.8876
140.8697 34.2047
138.2701 26.6180
140.7141 33.4820
134.4498 27.9476
136.9767 33.9913
136.2761 27.6186
137.5749 29.9596
134.7322 24.3455
133.5262 25.4779
137.1383 29.9993
134.8781 25.0412
139.6518 28.3460
135.0358 23.9618
137.4423 29.3062
135.2707 27.8644
135.8558 29.2001
136.7722 29.6681
134.4746 28.3735
138.2878 26.6916
131.5542 28.6965
140.4398 27.7655
127.9388 30.1042
131.5196 28.3982
134.7572 24.0333
139.3724 28.2864
134.5967 33.3359
137.4543 29.2152
136.6073 30.5693
134.1852 23.9097
136.0878 30.6749
132.9539 27.9405
136.8923 31.1097
126.9139 26.7512
133.4680 28.6206
137.1122 28.4594
139.5981 28.2112
131.8463 28.5806
127.8109 24.7448
135.7784 28.9176
139.7274 34.0892
136.2582 29.0643
134.9467 22.2090
137.4816 26.9944
138.7330 27.4457
138.2963 33.0090
133.7258 28.1574
133.6518 25.2611
136.2000 28.9850
133.2711 27.8356
141.7522 34.3581
133.3274 28.5637
133.6891 25.0171
139.1667 33.8461
132.6230 28.0331
137.5484 31.1056
135.6592 28.7329
138.7942 27.7907
136.2379 29.3763
133.9559 24.5292
139.6131 28.4329
130.7298 25.4019
137.8475 30.6660
131.2276 25.7775
136.1627 30.0854
131.8904 28.3166
137.4951 32.6633
137.3392 30.0903
136.1693 28.7200
136.2966 29.8233
136.1156 29.1555
132.4773 30.0592
136.9536 33.0114
135.8327 29.7831
139.3608 34.3743
136.8533 32.5141
135.6716 23.0024
137.9934 29.1691
139.0155 28.0385
131.0774 26.6176
134.4981 24.6987
132.6271 27.1128
140.1011 28.0437
133.6495 31.2074
140.3249 27.9384
125.6817 25.9637
134.2898 31.5445
133.4840 24.0206
131.4567 27.9030
131.7213 30.8687
139.3721 28.0765
134.1401 24.6937
138.9241 33.9299
139.5870 28.3738
135.8750 29.7106
136.4894 34.0016
139.6163 28.0255
127.3588 28.2904
137.2249 32.8146
134.9795 28.3294
132.0401 28.0699
136.1703 29.5625
136.0019 29.2041
136.1609 28.4361
129.2853 25.6191
133.3351 25.9035
138.2467 28.5759
136.6901 28.9000
134.0286 29.9716
134.6577 29.8304
139.0193 28.1939
136.1477 29.1042
135.2521 28.0195
138.3139 33.3002
135.1672 29.0459
136.1943 28.8678
127.7842 24.6129
132.7441 28.3803
127.6488 27.8044
136.5697 28.4789
133.2321 28.4471
134.0259 30.9810
138.6408 28.5025
136.8470 31.0904
131.9508 25.7957
132.4700 24.7999
136.6805 32.7056
137.8500 30.1735
135.9498 28.3880
132.8853 26.5059
136.0264 30.3867
140.7467 35.1741
132.9674 32.8586
133.5804 25.5251
139.8454 28.1559
131.2359 27.8652
132.3305 32.2630
133.5575 24.0643
140.1198 28.0042
135.5963 29.2368
135.7579 28.0627
139.3763 28.0389
138.3141 27.5580
131.5163 27.9604
138.4564 34.2919
132.3112 28.8696
140.9344 34.2836
125.9090 25.0725
135.9250 29.4085
136.2309 28.0730
137.2806 33.1472
137.1484 32.1211
130.8467 26.6936
132.2304 29.1764
132.6681 24.7309
132.9438 25.4865
135.8995 29.0931
138.8792 28.2419
130.0697 28.5362
135.8920 30.0057
136.2450 29.2874
138.0396 29.2593
136.0555 29.2970
133.7871 31.3202
136.2479 29.3813
136.1362 30.1698
133.1052 26.3170
139.6455 28.4505
139.7930 28.3771
133.3318 24.1863
138.1015 29.4167
137.1137 30.2567
134.5903 32.7558
136.5088 30.9397
135.2202 30.5105
133.4068 24.0194
134.1199 30.4100
134.0920 29.8004
136.8341 30.2748
135.6171 29.1233
135.7195 30.1219
136.0406 29.0846
135.9707 29.9129
132.6532 24.4026
133.0745 28.3848
132.7012 24.3558
137.7512 30.7077
134.4552 33.4320
129.5467 27.6156
136.2483 28.7014
132.8947 24.4706
131.6197 29.5935
138.2148 32.8268
131.4146 26.6078
136.3959 29.0354
138.3954 28.4110
132.1686 28.9988
131.4946 27.2482
133.8359 31.6721
139.2189 27.0808
136.4079 30.9120
132.7378 26.5047
136.2295 30.6956
132.8329 28.1450
125.1745 25.0471
137.1038 29.0491
135.8117 30.0851
136.5792 28.2837
138.8480 28.7430
132.6725 26.5546
136.9436 30.1884
137.6887 30.0414
135.6607 29.6385
135.1766 25.3542
138.9277 28.1250
132.3678 25.9125
139.1492 27.7267
133.2314 31.0817
137.4834 33.0579
135.9490 29.1131
136.7789 28.8773
140.0573 27.6654
135.9820 29.3548
126.9875 25.6799
137.6091 31.0487
136.1141 30.3831
138.8339 33.9081
138.8921 27.9517
135.2028 23.5976
137.5802 30.8609
138.0992 27.6967
135.7556 29.5369
132.0155 26.7163
134.4146 33.3580
135.7674 29.4434
136.3382 28.0925
136.0117 28.7407
133.1849 27.5407
133.4438 33.0758
136.2201 30.3811
127.2680 27.5532
131.7466 26.1840
140.1871 27.5245
138.8389 33.6745
137.9417 27.1032
125.2589 23.4636
125.3623 23.1027
137.7377 27.0602
130.4045 29.5674
128.2700 28.7108
134.8459 23.5360
131.4603 27.2289
130.6011 25.6410
136.2044 30.8906
133.4581 31.9804
139.2638 27.9872
135.5824 32.4541
138.9921 27.9517
134.9590 23.6827
132.0556 32.1451
136.9167 34.2888
139.4528 28.2382
136.0743 30.0086
135.0855 23.7104
136.3601 30.5504
134.6337 29.9727
138.2431 33.1360
128.2883 28.4909
132.1062 26.9992
134.6327 24.5847
135.3401 32.6259
138.1792 30.3380
132.5347 27.2495
138.7036 27.8480
132.5260 27.2251
137.1435 33.1411
140.1996 34.1202
131.9362 27.9512
133.0509 26.6529
137.0335 33.0194
138.8848 27.8588
131.0063 27.8425
131.7262 26.6013
131.2740 27.9022
132.9042 27.7397
138.2724 33.1976
126.2631 26.5655
132.9630 27.4135
134.2845 30.1158
130.4485 27.7985
132.0791 27.7837
139.4229 28.7435
134.3305 25.0899
128.0373 25.1246
134.2698 29.9396
134.3902 24.0331
138.7259 28.0765
134.6198 33.2324
136.6731 31.0677
136.0466 33.5351
138.3195 33.4925
136.2533 30.9810
126.3058 26.3453
134.5188 33.4270
127.3832 28.0906
138.2738 33.2629
136.3856 28.1436
132.4921 28.0909
137.1803 32.9822
139.8335 28.3930
133.7684 28.1634
130.1241 28.5593
132.0416 27.8110
135.4089 28.5295
135.9515 28.6494
131.2793 29.3854
133.4803 31.7119
134.4107 28.2878
131.9944 31.3606
126.7076 27.4581
134.1027 29.7496
133.2710 26.5943
135.1091 28.1221
131.4511 27.3486
137.0712 32.9495
140.1141 28.3146
133.0040 27.1374
138.0026 29.8127
134.0271 31.8323
134.0835 31.0130
136.5701 28.7756
138.9418 27.6621
138.4458 26.8225
138.8242 27.7174
139.2106 34.5025
137.3591 30.0989
132.8978 27.0844
136.3462 27.7818
134.5178 33.4022
136.7884 30.1952
131.8716 27.3051
135.0436 32.3745
137.3669 31.1277
133.8454 25.3230
136.7556 28.6217
139.8562 28.2547
136.6423 32.8398
134.8508 28.7278
137.8620 27.0097
137.1748 30.9641
139.1270 33.6295
136.0575 29.8328
136.0218 29.2650
136.1198 30.7056
134.3461 31.3783
133.6506 26.2041
136.8956 28.7770
132.9444 27.4851
133.6523 28.3712
136.0533 33.4236
137.1730 31.0690
134.5986 29.9990
134.6568 33.0407
130.5151 26.7970
127.0688 25.4844
138.4312 26.8772
137.2733 32.9813
134.1315 28.2244
139.5461 28.2329
136.6894 33.3249
139.3086 28.2399
138.5323 31.4161
136.6008 28.6464
144.2584 35.7372
136.9556 29.6098
136.9835 28.5870
137.0746 30.4190
139.4841 28.2956
135.9547 30.1192
137.0731 28.8785
138.1966 34.4282
136.3138 30.3672
137.4284 32.8434
138.0812 33.4672
136.8089 28.9151
136.3275 29.9824
138.6608 30.6711
141.3479 35.1158
135.2046 30.9660
141.3752 35.5839
136.7034 29.6974
137.3463 32.6774
137.0650 30.2969
136.8123 31.0084
138.2772 30.8123
136.0916 30.7313
139.1225 33.2250
136.3905 30.4758
138.4484 29.7301
137.0835 32.5382
137.2749 29.0070
140.0751 33.9512
136.8273 30.3468
139.4007 28.3827
142.6515 36.0692
136.9042 33.0720
139.1747 28.1868
136.8753 28.7370
136.9510 30.3305
137.0565 28.7655
137.3758 33.3836
139.4087 28.0266
136.3152 29.5019
139.5109 28.5022
136.5307 30.6292
135.9453 30.6539
137.1082 33.3359
136.1319 28.3245
137.3308 29.6919
138.1472 30.9928
137.0456 32.7523
136.5152 29.9446
139.7715 28.5937
136.6828 30.0972
146.4063 34.5925
140.0919 28.5204
136.6508 30.6186
144.9813 35.7131
139.4361 28.2546
136.7426 33.1955
136.4628 30.3063
136.4283 28.6736
135.9832 29.6012
136.0559 30.7655
138.8744 28.9198
139.6147 28.4768
137.2068 30.6028
138.8459 28.8645
137.1686 32.6114
136.9039 29.1858
135.8939 29.8233
136.8129 28.8959
136.8952 32.9893
139.6617 28.8354
136.9814 33.4562
140.1470 33.5168
136.6956 30.2969
135.7197 30.3095
138.4833 30.2837
136.7482 33.3944
144.3266 37.5439
137.1111 29.1014
138.4903 28.3592
136.6684 31.3725
144.3810 39.1326
136.8398 32.9386
137.1459 30.2647
136.6135 30.4415
137.9684 34.4814
136.7280 33.1882
137.5609 30.2918
136.8388 28.9250
137.5031 29.3072
139.7673 28.2435
136.9516 32.8508
152.2839 34.6624
137.5133 29.3278
135.7362 29.9083
136.3256 29.3513
139.2491 27.9335
137.5699 29.4284
140.6237 35.0261
136.8494 33.2290
136.7782 29.7187
145.4245 34.8766
136.3505 30.5823
138.5746 31.1098
137.0647 28.9416
137.2257 29.3331
139.4542 28.3338
136.2858 29.9054
136.7637 30.3954
136.2616 29.5781
139.0861 28.3318
136.0906 33.3554
136.4573 29.6911
139.1133 27.7911
136.6086 28.4249
136.9191 33.2317
136.9052 30.9237
144.9110 35.5747
139.8371 28.6622
137.1473 28.9623
137.0715 30.0726
138.7209 28.8536
144.7320 35.6005
139.3083 28.3721
135.7935 29.9189
146.6059 38.5272
139.0561 28.5850
137.1645 30.7288
136.8320 30.4605
138.4923 29.6117
137.0502 33.7799
137.1602 28.9708
137.0135 32.9486
136.7151 33.0345
137.1882 32.7178
139.6059 28.5473
139.9389 28.5425
138.0770 31.5150
137.2020 33.0450
137.4386 32.8210
136.8430 30.7483
136.2102 29.8951
139.4319 28.0791
136.8343 28.7209
136.3157 31.1485
135.8725 30.3215
139.4139 28.2809
136.9048 29.5163
137.4579 29.2195
137.4712 33.3296
136.6719 30.2177
137.3369 28.7745
136.5473 31.0042
139.6338 28.3595
137.1402 29.2763
144.3260 37.4670
139.4003 34.8846
139.7748 28.5752
136.7459 33.1429
136.9708 32.8803
136.9050 33.2773
144.2868 35.1249
137.1384 30.6720
138.5858 30.2823
139.2996 28.1519
141.3398 34.2957
142.9275 36.3731
135.9284 29.5600
139.6795 28.3347
137.3796 30.4250
137.5066 29.2875
142.1921 35.9469
138.4948 32.1868
135.9924 30.6528
141.4452 34.9168
135.7994 30.4895
137.1264 28.9580
137.2887 32.6340
136.9751 29.9880
141.5016 34.0743
136.6949 30.8526
136.5777 30.5767
137.0439 32.5850
137.5408 29.6211
137.2276 29.6673
140.9871 35.4659
138.2261 31.4850
137.2080 29.2604
136.1267 30.1951
135.7445 30.1412
136.7574 33.2331
136.4370 29.7697
138.1415 30.7955
136.8146 30.3823
140.9493 35.0066
137.0133 32.6963
137.3737 34.4974
137.2520 33.3245
136.2209 29.4645
135.7380 30.0922
139.6392 28.5846
135.5755 30.0509
139.7856 28.6323
136.1496 29.9616
136.9001 29.7173
137.5316 29.5389
137.3974 33.4193
136.6263 29.5112
136.4881 30.3034
136.3298 30.8077
137.9911 34.4143
137.2614 28.9605
137.3235 30.7191
137.0526 32.5732
136.5647 31.2369
136.0824 29.9355
136.6765 30.0256
136.6520 29.9294
139.7061 28.8175
136.7248 28.9619
136.6486 28.7283
136.8197 30.6478
136.6285 32.8644
137.4883 30.1903
137.5451 30.2516
136.4010 28.5224
136.2991 33.1741
136.4064 29.4356
138.9795 27.8841
137.1756 30.6156
136.2442 30.0155
136.1038 30.0116
136.4858 28.7041
137.8443 31.5190
136.9550 28.7674
136.7650 29.3593
138.0487 34.3756
139.4256 28.3380
136.4736 29.2333
142.2755 37.0880
137.2627 28.9331
139.0135 28.5447
136.7132 33.2408
137.4462 32.8349
137.1485 28.7952
145.6515 36.3160
137.0425 29.9224
137.5294 29.8213
136.6289 29.0718
138.4976 29.5779
139.4897 28.2170
137.3052 30.4142
144.3829 36.9533
135.9573 30.5688
136.5807 30.9675
139.2953 28.4049
136.6290 28.6745
135.3505 30.5317
137.4676 30.2818
138.5237 27.8068
137.3788 32.7052
136.9190 32.9730
136.0585 29.2393
137.0667 30.6703
137.0794 29.2537
135.7443 29.0626
137.3378 29.5898
136.8098 30.9581
136.2512 29.8291
136.2214 30.4246
139.4935 28.3513
136.8458 32.9549
139.2116 28.3902
136.8341 29.7558
136.8030 28.7245
136.8119 33.0882
138.6264 30.7509
136.8116 29.3566
139.2122 28.8699
136.8161 30.7648
138.5067 30.4012
136.9717 28.7356
136.2834 29.8340
136.5300 29.2075
136.3745 29.4189
137.5995 29.2559
135.9545 30.1227
136.9945 29.7803
138.8618 27.8002
136.8134 30.4434
136.1895 30.2695
137.3623 30.5903
136.0338 30.3266
139.2926 28.2203
136.4359 30.1563
136.3401 28.6172
138.5887 27.9054
134.9570 28.2042
139.3645 28.1352
129.6354 28.1383
131.5668 27.3247
141.3457 34.2585
137.5556 30.9015
131.6643 25.4443
140.7351 34.6523
133.2766 30.5281
138.9737 29.0289
148.0799 34.9140
133.7100 27.9861
133.2780 29.8287
138.9662 27.3142
128.3573 29.9154
138.2774 32.4230
134.6216 30.9180
130.7131 27.8202
137.0223 29.7423
145.6159 37.3389
138.2177 29.9896
131.4128 31.2051
132.5054 30.1313
133.3687 28.5506
132.0381 28.0740
126.6426 22.0263
130.5561 27.4068
130.4408 28.1193
134.2746 33.1674
143.6335 37.5621
134.0203 24.4805
135.2212 23.9722
135.5337 26.0652
137.3038 33.1718
137.3228 31.3849
131.5016 28.8732
136.3872 28.9544
137.6575 31.0838
136.3396 29.3117
137.7436 27.9221
142.5696 35.8545
135.8576 28.5977
134.8087 25.2775
138.6462 33.4730
133.9326 24.5363
138.5538 28.5032
133.1356 31.8468
137.4629 29.3705
138.8317 29.4783
119.9510 25.9796
137.8116 29.7339
135.1097 23.8621
135.2147 21.9103
126.9068 28.0382
135.6448 22.2801
139.9921 27.9180
138.8952 27.4847
139.6205 30.4253
136.0056 31.3313
135.9459 29.1649
137.1207 28.7719
137.0730 33.3292
130.8833 28.2191
138.3810 29.7747
138.4751 27.6891
124.3970 24.0371
138.2532 30.8562
131.4959 29.5216
134.1307 24.5162
145.0813 35.6248
137.5435 32.8661
135.1321 33.1375
137.6430 32.0942
137.7370 26.9378
132.3198 29.2657
138.1510 31.7596
134.9484 22.9947
135.8544 29.2590
137.9037 30.5869
132.4078 26.2612
141.4062 35.7863
128.1724 28.0483
136.0501 29.6775
133.7478 24.5632
136.5640 29.7769
136.3802 28.7067
133.2607 31.5013
134.0303 23.6623
133.9860 31.8421
137.0741 32.8128
143.1312 36.3084
134.3326 29.9353
126.1119 29.6219
131.7867 31.2598
134.5259 30.4073
136.7038 28.6474
136.4333 30.6942
139.8578 28.5741
138.7956 27.3165
135.5163 32.3803
131.7109 26.2843
134.1957 24.1053
134.7213 28.8603
138.9896 28.1466
134.7926 30.0853
136.0370 33.5590
139.8304 33.3914
132.5307 27.9492
135.8959 28.0627
131.9711 27.3291
132.6591 31.3017
137.5121 33.2233
136.4671 29.2067
136.0515 29.8284
135.7210 29.4156
134.3272 29.9580
130.6149 26.8154
132.4662 28.0643
132.2807 27.3816
136.8216 28.9483
140.1202 28.3485
133.2186 31.8361
137.4093 33.4017
132.3929 28.2803
131.5721 26.5936
136.2448 30.7454
133.5469 26.3019
131.0625 27.5502
134.0311 29.9921
139.1577 27.6626
139.2269 27.7296
134.8044 33.2551
139.6857 28.4135
135.7366 29.7717
135.5758 32.1161
132.2732 28.5156
131.2819 28.3045
135.9568 28.5520
134.7327 30.2272
132.2185 31.1400
131.7454 27.3962
139.0454 27.6802
139.8666 28.3133
134.2964 24.1477
132.6224 31.4184
136.0656 29.0493
135.6069 30.4556
136.5721 30.2410
137.6941 26.7715
134.0337 24.3482
139.8138 28.4801
134.1618 24.3733
134.2750 24.0197
135.7978 29.4038
132.2668 28.1561
134.6978 32.9530
131.4868 27.1578
133.8682 24.8177
131.1986 27.3882
131.7191 27.7095
136.4216 30.5608
135.6082 29.3500
136.7452 30.5576
136.1260 29.2417
133.6682 24.5009
133.3001 26.2047
135.2836 28.3883
139.7330 33.6105
134.2052 29.9804
137.1398 29.6755
132.6641 27.6088
134.6380 23.8054
143.0745 34.9472
134.4633 24.8962
133.5988 25.2403
131.6104 27.9869
131.9051 27.8687
133.5115 25.3496
137.8383 30.6642
140.3038 27.5897
131.8766 25.5521
138.0830 27.8803
134.9054 30.6663
132.1308 27.6751
137.0747 32.9410
136.6624 30.7960
137.0449 32.4920
135.6599 23.7300
132.7274 29.7372
139.3755 28.2708
138.9727 28.3407
139.3756 27.5700
135.4649 29.6126
134.3379 29.9663
139.5050 28.0290
136.0828 29.5168
136.0967 28.3785
136.9998 29.2169
135.0865 23.8825
131.3270 30.0478
126.7729 26.6040
133.1651 28.5371
139.7415 28.5285
142.8852 35.2263
138.1708 28.0110
133.6164 25.3326
138.0576 26.8372
133.1754 23.9584
138.8949 28.2859
139.8293 28.5460
133.6486 25.0091
139.0751 28.7369
139.0770 28.8771
132.2444 28.7731
141.0506 35.3201
132.9224 28.2127
133.3850 25.2927
132.4422 29.4940
139.0884 28.9800
135.2244 23.9412
135.8540 29.0526
132.3740 28.4260
133.3062 27.6055
134.8607 30.1415
132.7551 28.0007
138.8223 33.6638
135.7098 28.7090
136.3274 33.1477
137.6479 29.4311
138.1486 29.6366
139.5040 27.2502
132.0678 28.4917
134.7871 33.2356
139.5558 28.4345
137.9818 31.3267
135.6696 28.8885
137.2102 29.7105
133.3060 31.3057
139.5944 27.8536
131.6422 27.6118
136.5105 28.8050
130.8371 29.8146
138.4923 28.6258
136.9550 29.6834
127.2041 25.7521
136.8714 30.8115
134.8126 24.8361
139.7839 27.3726
138.5887 29.4411
137.9281 32.3961
127.4268 26.0614
138.0933 26.1905
133.8521 24.1154
136.2005 31.1767
135.8838 28.2924
132.9417 28.3830
133.6419 29.5299
133.1851 25.0284
133.1913 28.0068
138.6375 29.8259
136.8340 31.6491
138.6543 27.3864
137.7883 30.9247
140.1332 28.2807
137.4685 31.3704
135.2870 24.0098
134.1342 24.6804
137.3146 30.4856
127.7807 28.1808
133.5711 29.5123
138.3470 27.5925
126.9768 25.3629
131.7453 29.9587
125.8731 24.0434
136.0681 31.0120
137.0277 30.7879
127.3915 28.6752
138.7167 34.4397
133.5410 25.3757
135.8253 30.0781
138.6053 27.4809
135.8317 28.3375
139.8279 28.6171
136.6587 29.3086
137.1870 29.3938
139.6755 28.6094
139.8010 28.6877
138.5828 29.0736
138.1701 33.8018
145.4514 35.4163
139.2931 27.9570
137.4484 32.7140
136.8049 29.8818
144.5450 35.3122
140.3385 33.2760
138.5982 29.2133
138.9262 27.7877
136.9191 29.7968
136.9931 32.4078
145.6553 36.9192
138.8524 27.7032
136.9043 32.6620
138.4142 29.7185
140.8492 33.5221
135.9081 29.7769
137.4276 32.0225
137.1781 33.0593
139.0393 28.4117
140.3765 33.7771
138.5477 34.3617
144.4877 35.5474
137.3260 32.7313
126.4720 27.1512
137.3848 32.7797
136.8174 30.7266
137.1165 33.1969
136.3345 28.8434
136.0794 29.8551
140.5902 33.4168
139.7856 28.5186
137.5991 33.0371
137.5979 34.4676
139.6243 34.7517
140.0359 33.5389
136.1809 30.8021
137.4074 33.2055
137.2409 33.0151
138.4311 34.3877
139.6194 34.7552
135.6344 29.2155
137.6184 33.1254
139.7278 34.1649
135.9405 28.9269
137.3437 29.1274
135.9727 29.3755
137.0553 32.2657
138.6044 28.8724
137.6042 32.8508
137.3448 32.4932
141.9678 35.8250
138.4676 31.0407
136.7985 33.0715
135.9792 30.2697
138.4091 30.6409
135.9531 29.8081
137.4176 32.5298
139.0632 27.2032
141.0769 33.6232
136.4079 29.1819
137.0617 32.3471
132.5830 28.4145
136.7443 33.1149
137.1058 32.9594
137.0153 28.4169
137.6171 33.0083
145.0437 35.7227
140.8859 33.4902
136.8851 29.1886
138.3992 30.5483
136.2022 33.2431
140.3560 33.3212
139.4664 28.3160
138.3759 28.0483
140.4640 33.3116
136.6134 29.0263
137.2780 32.4680
137.4631 28.8235
136.9972 29.1512
137.1108 28.9861
137.0551 28.8993
138.5590 28.3561
139.6139 28.6284
136.3572 30.8020
136.5838 28.7145
132.6712 28.0422
136.9235 29.6080
139.5229 28.3055
138.2568 34.3066
138.3998 29.7814
141.6567 35.2269
139.8935 28.2721
125.0379 21.4096
127.4677 25.6571
136.8169 33.0616
128.3797 25.8409
131.9910 26.9279
130.2818 28.6271
125.2502 24.3360
133.2309 29.2015
139.0283 27.9561
136.9756 28.6477
129.3342 26.0586
136.2035 28.4161
139.4469 28.1977
135.4473 28.9301
131.4858 26.7441
142.8968 37.1428
132.6527 26.7708
133.8393 25.8540
138.8213 34.0751
126.9699 25.5275
137.9969 31.0487
134.3606 30.3062
136.0501 29.8259
134.3172 30.0922
138.3283 28.9012
136.5421 33.9499
135.9062 29.2605
135.2956 29.4936
134.1298 24.1579
134.4145 29.9951
140.0682 27.9593
134.3419 30.5144
134.9798 25.4799
135.8293 30.0599
136.1900 22.1131
134.3128 31.5058
126.2953 27.6742
135.3499 32.9475
138.5667 32.9632
134.8270 30.0532
140.9731 34.6462
138.0095 30.4836
129.1839 26.0719
138.6785 33.1321
139.7417 27.9904
136.4407 28.6045
130.5887 26.6013
133.5680 25.2564
136.2318 33.4714
138.8680 28.0192
134.1023 24.4909
136.3932 30.3540
135.9960 28.5898
144.1000 35.3344
134.6430 24.5458
132.3693 27.6260
127.3982 25.3134
136.2584 28.1799
131.1031 26.2691
136.5715 30.4281
139.1982 27.9561
132.5465 29.1942
136.0330 30.4692
137.6550 33.8844
136.8680 30.0012
134.3443 30.2267
135.9085 28.1309
132.9215 25.2883
130.8688 29.7390
135.2978 28.8152
135.4280 28.1676
140.7820 34.1878
135.6761 28.9893
138.7217 29.1866
136.1663 30.1930
136.9608 30.5857
137.5014 31.1374
132.1358 27.4851
136.7711 30.1010
138.8906 33.1868
144.9844 34.7604
136.2890 30.3170
136.3047 30.3457
130.6674 27.8627
135.6133 23.8562
134.0858 29.0399
135.5893 28.8595
133.2832 24.4150
129.3293 25.9205
138.6824 34.2256
136.4648 28.4596
136.1382 29.8406
133.7077 25.1984
137.0929 29.9339
125.7307 24.6646
132.8556 26.5879
134.0413 30.9419
132.8199 29.8233
126.5454 25.5821
136.3931 29.1708
136.6677 30.2312
136.6024 29.8774
135.9523 30.1068
138.7806 28.8294
136.0558 30.3530
135.3824 29.8110
135.7945 28.2876
139.2128 27.8019
136.6127 30.3705
135.8860 29.0532
136.1640 28.5149
136.6349 30.1146
137.2426 29.5760
139.1561 28.1142
135.9108 30.6509
135.9978 29.5217
138.3094 31.2052
136.5319 29.8612
137.2167 30.6308
139.5721 28.2571
140.3754 34.0592
140.0202 33.9228
139.8777 28.5665
139.6244 28.4473
137.2673 29.2709
136.6053 31.0353
137.3593 29.6430
137.5184 31.5003
139.9852 32.5766
136.6830 29.9362
137.0104 33.1196
139.3414 28.1864
136.4377 30.0597
138.8383 28.7238
137.4082 30.2412
136.1643 28.8983
137.1518 29.9748
137.2293 32.5932
136.6326 32.9884
136.3981 28.5839
136.9335 30.3304
136.6657 30.9660
136.5843 31.1499
136.1099 30.0726
136.4081 28.4298
136.6095 30.1240
136.2083 29.2723
136.7215 29.9107
137.0917 32.3419
136.2354 29.3471
137.3634 29.5173
137.0652 33.0251
136.5407 30.7223
136.1675 28.6380
139.4271 28.4427
137.4633 33.1707
135.9293 28.9605
136.1363 29.0385
137.2319 33.0569
136.1006 28.7315
136.8710 29.3111
136.6375 28.6660
138.4298 30.9324
138.8248 28.7939
136.2076 28.9432
136.6166 29.8650
139.4078 28.2873
135.5533 29.3727
136.9986 34.2443
136.7599 29.6038
136.3127 28.9099
136.0366 29.7181
137.1344 30.2824
136.8613 29.8214
136.7765 33.5266
136.3412 28.2575
139.5596 28.4719
139.4937 28.1017
135.7027 29.5322
136.5346 29.3311
136.5298 30.3335
139.4432 34.1238
136.8522 30.4389
137.3801 30.3314
136.4937 28.5493
137.4551 32.6885
138.3760 30.4250
137.1234 33.0176
136.4060 28.7651
137.1049 30.3033
137.2960 30.4838
137.3457 30.5605
136.0705 30.8671
135.6927 28.7585
136.7592 31.0647
138.1316 31.2727
135.8136 28.3123
137.1320 33.2009
136.2401 30.6628
145.9042 37.5398
136.6895 30.9766
137.5881 29.2122
136.5804 29.8039
138.6588 28.0026
139.3895 28.1887
144.7263 36.9914
135.9655 29.8341
137.5131 32.7259
139.6209 34.0561
136.4264 29.3903
141.7835 34.3028
137.3394 29.8614
136.8247 30.3593
136.6609 28.3781
138.3597 31.6051
136.4547 28.7911
137.1498 29.2769
144.2995 35.2319
136.1098 28.8589
136.5092 28.4495
135.8961 30.6254
135.4276 29.2436
136.7487 32.6141
138.3189 28.1314
127.5736 28.6157
136.6752 30.2825
134.9003 27.9064
136.1594 29.7439
135.4837 30.3976
133.9976 24.9400
134.6003 33.0040
140.1455 30.0774
135.4442 25.1351
130.3623 27.9414
133.0606 28.4980
136.4071 30.9844
136.7420 29.6394
139.2769 33.6297
134.9023 25.0796
129.4416 26.1611
135.3728 28.1712
134.5788 32.0571
132.0997 31.5226
142.2556 35.7081
133.9348 25.2839
127.9427 24.7795
134.7061 24.3091
133.2647 25.5922
132.3487 24.5852
138.3464 32.7979
134.5192 27.1861
134.0607 25.4376
128.1083 29.7333
137.2434 33.2946
123.5920 26.9741
132.0141 26.3979
124.7671 28.2001
129.7487 23.5802
136.3730 30.5258
128.9698 25.1709
138.4143 28.5433
134.4793 30.3523
133.9816 25.9087
131.1714 30.9190
137.0741 30.1481
134.1247 25.6119
135.3028 24.8965
137.3234 31.2171
139.2564 28.0430
130.9248 29.8747
137.1100 29.9138
133.7189 28.4621
138.1654 32.5881
132.8636 29.1117
132.7442 27.4387
139.9815 27.9617
133.8688 23.1047
133.2066 26.1472
132.3306 28.6213
135.1070 28.7512
125.6387 23.6730
128.2381 29.9193
132.7181 28.0353
131.6724 31.5724
138.8532 29.2125
124.8464 20.3905
129.4744 31.1042
132.9427 27.4503
133.9337 31.5586
133.7246 31.8359
135.2843 30.6616
137.4793 32.7071
133.9374 27.4482
133.1604 32.9844
139.9545 33.2419
136.4606 30.3012
130.7594 27.6663
131.9050 27.4064
131.6621 27.6365
132.9121 26.8237
136.2713 29.3457
133.9996 31.7207
132.1033 28.0670
131.2323 22.5634
121.1350 19.3275
125.0315 22.0783
131.9654 23.1344
126.7070 25.3799
132.4001 26.0816
130.3821 27.2862
134.4571 27.6852
136.5155 27.1227
131.9583 25.6454
131.7337 23.0042
132.0555 25.3262
123.9391 24.1300
133.2271 26.5990
129.3291 23.9502
131.7260 24.6375
123.4299 23.0645
135.5795 25.1561
130.3722 24.6901
128.8765 23.0464
131.4048 27.1917
131.1664 26.0026
135.9799 27.9581
128.2716 23.8758
135.0801 22.8994
134.0202 21.6961
125.5129 19.9370
128.9378 24.6245
132.4478 22.7524
120.0021 20.1576
135.2080 25.4754
132.8645 24.5822
131.1914 22.4688
131.6669 24.4136
135.4417 21.9032
128.3427 24.4015
137.5732 28.5262
136.5909 29.7641
136.4767 28.2276
133.7161 30.8354
124.8625 21.3853
122.5716 20.7325
130.7863 28.3575
133.9028 24.1793
131.3414 25.1029
132.2263 23.3488
131.0085 21.4116
127.6427 22.9586
125.9524 23.1166
131.1782 20.7281
130.8097 21.2379
133.3983 26.6448
131.9416 22.0780
134.5647 24.8500
133.9394 22.2922
129.0417 23.5391
133.8806 24.4718
134.1112 30.9945
137.3707 28.7134
135.5584 25.2152
135.4686 32.8739
133.2570 27.3743
137.6200 30.2090
131.8549 26.8246
133.9664 29.8650
132.6324 28.3481
137.4179 31.8626
136.6959 29.1273
138.9869 33.7362
135.1289 28.7449
134.3445 24.7866
125.9339 23.5117
132.2393 27.3116
133.1866 27.6799
138.6428 28.5418
134.3237 25.2363
140.2258 27.8979
135.6918 24.1011
138.1864 29.3414
134.7132 24.5266
128.0322 28.4206
131.3824 31.0654
137.6408 29.4251
136.0473 29.5308
126.8435 26.3593
131.9637 31.6310
139.1281 28.0428
130.4411 29.2136
133.5853 31.8586
139.5351 28.9375
136.5578 29.6850
131.4918 30.3448
138.7599 33.8275
135.1969 24.1102
134.6969 31.2497
135.8530 29.5980
137.3484 29.7196
132.7994 27.1725
138.2290 29.3381
136.1379 28.8641
134.7279 24.2286
136.1208 27.6401
134.2653 31.8079
131.4487 29.1139
138.1114 26.4673
139.0423 28.0170
138.4729 32.6758
135.2084 25.5335
130.4415 28.7401
134.7887 30.9904
139.1529 28.6600
138.4608 27.9621
135.8003 32.4159
135.8579 29.2150
139.0179 28.6478
136.5615 33.4352
139.6516 28.4711
133.0986 27.4879
136.6711 28.6186
136.8451 29.0157
139.4756 28.4800
137.0728 29.4829
137.7930 33.9052
134.4973 30.4499
136.1613 28.5078
134.1294 25.0374
135.7004 22.9652
132.9179 24.7651
136.1783 30.0135
133.4855 28.5862
139.8598 28.5775
123.3093 30.1641
132.0805 28.2519
144.0553 35.3456
139.4490 33.9759
136.8623 32.0965
131.9778 27.0095
135.5723 29.6118
132.8559 27.2136
132.5278 27.1040
136.9438 32.5794
134.5863 33.2537
137.0341 31.1204
131.5819 29.5616
134.7863 30.6776
131.5877 27.9088
135.3815 25.8236
127.1363 27.1527
140.3408 27.3555
131.7330 29.1473
139.0731 26.8045
138.4442 27.0874
132.4290 27.4205
130.2567 26.5987
134.4217 29.5899
133.4381 28.8260
140.2909 27.6984
138.5324 27.7053
132.8981 28.1697
137.4577 28.8367
135.3848 32.3640
126.8442 28.8011
134.1936 29.8562
137.2124 29.3548
138.3484 28.9522
132.4085 31.6322
135.7035 29.9643
131.2935 28.4401
131.5241 27.8398
137.7151 27.7652
135.9965 29.4584
134.0795 26.7150
140.0089 27.8006
137.1930 29.3367
125.9565 23.4284
129.8812 27.6386
133.5816 23.6805
130.9355 28.0206
134.5384 28.7212
129.7102 26.7886
133.6789 33.1290
136.1253 28.7270
135.2550 29.2632
136.6039 28.3274
135.2390 22.6777
136.8623 31.0718
131.7839 31.6996
135.7820 28.4216
140.1676 27.8192
134.5137 31.8535
131.0233 26.0852
135.9928 29.2410
136.9333 30.1087
139.2294 27.8711
133.9866 31.1539
133.3889 23.9902
135.5880 25.5819
132.2335 25.0022
126.5821 25.1091
130.6598 28.5348
136.2971 28.9809
131.7121 26.9845
139.7276 28.0882
130.2758 26.6402
136.7923 31.1109
133.0379 24.4377
133.5670 28.7222
134.7609 23.4977
132.3536 27.9067
136.0189 29.5742
135.7203 28.6561
138.8459 33.4262
145.3999 38.5786
134.8106 33.3686
137.9666 34.6080
143.3460 36.5720
136.7303 33.3762
139.8115 28.4446
135.4417 28.6603
148.3821 34.8819
137.2124 29.9867
138.6427 30.7001
137.8060 32.4671
137.2575 32.9706
140.1795 28.1572
139.8643 32.2379
138.3659 30.9985
137.1407 29.9191
136.7961 28.4368
134.3268 25.0967
136.9656 29.7287
135.0129 23.9549
145.8056 37.8800
136.9464 29.4183
139.7152 27.9867
137.4131 30.2004
133.6522 32.8879
138.9037 30.2811
142.8619 36.3087
142.6268 34.7963
139.6944 28.5589
134.2729 32.6825
138.7586 29.4592
136.7230 30.9472
133.7785 31.9248
136.0831 33.4867
138.2940 34.3107
141.6406 34.1252
136.5172 29.3398
138.7614 27.2458
124.2661 23.7907
144.2893 38.2258
131.1078 30.8775
136.7944 33.1564
139.5038 28.5393
144.9541 32.4974
148.3021 36.0293
121.9010 32.9639
146.0332 35.0376
139.6905 28.3162
136.2155 29.1119
139.6412 28.3349
137.6606 30.0640
136.7510 33.2653
143.4844 38.4290
138.4771 30.0747
134.2616 31.6428
135.5410 29.5080
138.1535 30.0010
146.3552 34.8004
139.2747 28.3424
137.0233 32.3972
140.2897 28.1419
139.0312 28.6820
137.5958 29.0343
139.2693 27.8097
137.3082 29.0386
137.2753 32.5251
135.4913 29.5337
136.9241 33.0254
143.1084 36.5731
139.0775 28.2697
135.2862 32.8738
143.2562 36.9662
137.1603 34.3756
149.0188 36.0159
136.4949 28.6005
138.6078 27.8882
134.6900 33.4005
154.2822 34.2828
139.0118 27.8246
137.0265 33.1299
135.0751 31.1438
136.8590 29.5404
137.4168 29.5219
131.1885 30.6375
138.4825 28.8241
138.8645 28.2033
146.4497 34.6522
127.5418 28.1962
138.2514 32.7862
134.7037 31.3897
130.8023 26.2505
131.8906 30.1801
134.4957 30.0699
134.8274 31.0269
131.3288 28.0183
134.6390 30.0131
134.0725 29.5350
133.6519 31.1784
134.6951 30.1284
136.3006 29.6399
134.6952 30.1722
136.1387 29.9029
132.2909 27.7443
137.7286 34.1945
134.0010 31.7664
131.8273 30.8594
132.6992 31.6028
130.3616 29.2567
134.4764 29.9678
134.4690 29.9193
132.1656 31.8324
145.0465 35.6129
132.9650 27.6155
136.9625 30.3288
134.7767 30.1769
131.4523 27.1268
137.4869 32.8217
139.3057 28.4216
133.9995 24.5224
137.4603 28.6649
140.2535 33.0633
133.8581 31.8890
125.8683 24.5529
132.7127 26.9378
134.5979 33.3026
132.7333 29.8377
137.6012 31.1570
133.9761 24.3929
135.4695 31.6207
127.0602 25.4683
131.5469 27.6527
136.5837 28.5099
134.2592 30.9611
133.5519 32.2415
138.2525 30.1214
138.4228 33.3912
138.0658 32.9812
134.6071 30.0157
135.8781 28.4443
127.5996 27.0821
134.8597 30.4711
133.8521 24.2336
131.8329 27.4955
138.3532 29.1025
133.6946 32.2863
134.6347 30.3134
131.2521 27.5973
138.5143 34.3614
138.0188 32.8845
137.3714 33.0446
134.6029 29.9795
133.9583 24.0648
138.5145 33.1588
134.5033 30.4890
136.4703 28.5464
135.8383 28.9364
130.2853 28.5960
136.9495 33.2154
137.4832 34.4971
133.0932 28.4320
134.6956 33.0281
133.6575 26.1815
131.6289 27.6670
138.1989 33.3113
138.6304 28.8903
136.7321 28.8527
133.6045 25.4436
134.7301 30.0469
133.4934 31.7006
132.7509 25.5819
131.0302 26.3246
132.0433 27.8597
140.3355 33.3746
137.6215 29.2018
132.1017 28.2551
133.9314 24.5201
132.0128 28.2318
134.2480 25.0739
134.3868 24.7735
136.8722 31.1067
134.3161 30.2018
139.8369 28.1348
134.2411 31.3615
134.2539 23.7588
138.1335 29.2029
133.7536 24.3697
131.0377 28.2213
145.1583 38.8878
133.7940 31.7107
134.3074 30.0447
134.7252 30.0836
129.6012 28.5634
133.0152 24.5519
131.1465 26.9389
131.7585 27.4752
136.5370 28.6043
139.7943 28.4980
137.7439 31.0292
138.5521 28.3281
133.8047 24.3796
132.4990 28.2158
132.1148 31.6776
127.2018 29.1523
137.0148 31.1062
132.5374 28.1564
134.4529 31.2650
133.3203 25.0854
134.6682 28.1209
132.8211 27.7158
138.1110 27.3795
130.5113 26.4471
132.4619 27.8728
130.0966 28.8596
131.9109 28.2168
131.2484 27.3815
135.3452 29.9762
137.4843 31.1651
138.9666 28.1451
133.0980 26.7479
135.4861 27.7879
132.1808 27.2560
131.4702 28.3910
139.9788 28.3320
127.5204 27.7780
132.2194 32.0357
130.4129 26.9269
138.3737 28.2825
127.1773 25.7217
136.9909 28.9847
135.3673 25.8577
126.9198 27.9079
128.3503 25.3209
137.1511 31.1931
133.2684 24.6310
130.7183 26.8310
133.8878 24.7084
131.2253 28.2905
139.3568 28.6164
130.7753 26.6568
131.8644 26.6765
130.8565 28.1374
134.2867 31.8917
132.2156 25.7279
134.7099 32.8812
137.2523 28.5641
134.1713 26.3168
131.2611 25.8657
129.6942 27.7987
124.4656 23.7216
138.8873 27.9632
134.5565 21.7173
127.8929 25.8264
129.8277 26.0025
134.3645 33.0567
131.9596 29.5106
135.6072 29.7108
130.8570 26.3796
133.5336 26.1085
136.7874 28.8269
139.5318 27.4257
134.1019 31.7125
132.1938 28.1669
138.0041 30.4987
136.4968 29.9630
139.9186 27.8288
132.4086 24.9245
139.5280 33.8951
138.3630 28.7071
136.0101 33.5341
136.9453 34.2896
135.5745 28.9839
137.2425 29.3544
132.5046 27.3788
134.1764 30.8647
134.7601 30.3515
138.6231 27.1968
140.1665 27.6897
137.1227 29.0136
131.1904 28.7948
130.9467 27.6745
136.4630 27.8560
134.8163 24.8127
134.1459 24.3578
137.0013 33.0671
138.3907 27.7136
127.0393 26.9130
139.5014 27.2157
135.2019 31.8480
129.0146 25.3401
133.0581 27.2671
133.2466 24.2917
134.2132 32.0290
131.9028 28.1750
139.7122 28.2417
134.3561 29.4249
132.8164 32.2052
132.8718 27.8572
132.8207 24.5620
136.7096 31.1678
138.9834 32.6259
143.4306 35.1007
131.2482 27.4148
131.9433 30.2626
134.4429 30.1383
130.1734 27.9292
132.7682 26.5770
137.0625 32.8899
132.6862 31.3013
130.2899 28.6132
134.4126 33.3523
137.4822 33.1402
136.0923 33.3480
134.5829 33.4193
131.9582 28.5768
132.7856 30.3143
136.3883 30.4158
132.4847 27.3502
131.5221 26.2385
136.9620 30.6664
145.5980 35.5569
137.3351 28.7006
133.6948 28.6572
136.0016 28.8567
134.6960 33.3026
134.6870 29.7729
130.6783 27.1588
140.1817 28.4517
133.6629 28.4713
135.5625 29.3975
139.6134 34.2860
131.5036 27.7975
138.9751 28.5267
136.2431 29.0295
134.2493 31.3858
137.0663 31.0960
133.5096 24.1226
139.9127 28.6354
130.1101 29.1054
135.3103 28.9693
134.7702 31.2673
133.6880 28.7424
133.8266 24.2422
132.6166 31.2808
127.2323 25.3800
135.6345 30.2619
133.6700 24.9649
132.9538 27.0621
139.6630 28.7058
134.6427 33.4223
134.1068 29.9339
136.7084 28.9805
136.5101 29.4711
132.2756 27.3803
136.4658 28.5754
138.9385 27.6889
133.2468 26.5574
139.4602 28.0159
134.0796 23.7881
133.5900 30.7780
137.2408 32.3949
131.7339 28.5112
132.0911 27.8111
134.5072 32.1296
139.6474 28.0979
135.3766 32.3904
133.5820 29.6166
126.9491 24.8739
133.1577 32.0567
133.2544 29.0053
132.2207 27.2964
134.2481 23.7197
135.5382 32.8162
136.7774 29.9125
130.2772 28.5665
134.8342 30.8418
134.7200 29.3028
134.0399 25.4048
133.5420 26.3591
134.1112 21.8275
135.5318 32.3151
139.4172 28.2515
133.8018 24.0279
137.3412 29.2661
138.6092 27.8842
139.4098 30.5589
132.6491 27.6314
126.0531 25.6262
134.2563 33.1362
136.0291 30.6762
124.5218 28.2535
126.4190 27.1003
125.1364 23.5893
136.6792 30.8806
125.9955 25.4978
131.3457 26.5473
139.6339 28.5551
127.8279 27.9897
138.0135 29.4352
133.2905 24.6162
137.6549 29.9308
131.3967 27.4466
136.0544 29.2417
131.9102 28.3252
127.2340 29.1468
126.9361 27.4951
131.8692 27.2227
135.4643 28.8968
134.4635 29.7667
134.0973 28.0969
134.7805 29.0780
139.3084 28.6436
134.0006 29.9939
139.1168 28.1388
132.2295 28.4917
132.6388 25.4626
139.9271 28.2417
139.3224 27.7146
139.3772 28.2927
132.3123 28.1805
137.7180 31.0173
133.9123 29.7114
133.3049 28.7076
133.6522 31.0156
139.5813 28.5100
133.3722 24.1801
129.9507 27.0320
134.1670 32.6458
127.0371 28.9475
133.7811 24.2756
133.9964 26.6646
133.7042 28.4864
136.0964 29.5589
138.2267 34.0774
132.9770 32.0499
125.7619 24.7076
133.4883 24.7361
135.6112 28.2864
135.6887 30.3194
131.2257 29.1042
132.7340 25.2840
135.7329 30.1154
132.2549 26.5485
130.3446 28.4210
137.7507 30.2303
127.1704 25.8005
134.5423 23.9492
127.6879 25.1445
136.0087 30.1958
140.2144 27.5586
131.1917 26.8715
134.7043 33.2144
131.5052 27.5850
133.7719 25.0472
133.9675 28.4118
130.4617 28.8688
137.3171 29.3539
139.7553 28.2267
131.3315 27.4220
135.6263 30.5938
134.7524 23.7671
134.2414 29.8150
128.3093 26.0289
136.3299 29.0604
133.5775 31.2824
137.1652 29.0801
134.3391 23.9768
139.1815 28.2654
136.8478 32.2331
131.8847 25.4165
140.0541 27.6053
129.5564 27.8838
134.0764 28.4655
126.9539 29.1203
133.0173 28.2495
133.8018 31.6433
134.5211 33.1911
138.9971 28.3205
138.7850 27.3327
132.8741 31.5320
135.4165 23.4569
133.6107 23.6012
126.7739 25.0758
131.5959 27.1558
136.6592 29.8802
135.5182 27.9127
131.9064 29.5358
125.0805 24.1471
134.3365 23.8479
131.6953 28.0566
135.8704 29.9118
133.2439 23.3814
126.8107 24.1442
136.2743 30.4486
132.4235 29.0733
138.4804 27.5465
135.6166 29.3313
138.7745 33.6851
132.1883 24.8999
135.9792 30.3981
130.8049 27.1784
137.3161 34.1959
139.4817 28.0020
131.5092 28.6192
127.1358 25.0993
133.5537 24.5813
131.9222 28.0457
136.7425 32.4832
126.8081 26.1815
131.6049 31.2968
134.1197 24.8037
134.0452 27.3844
137.1912 29.4650
134.1518 31.1839
135.2987 25.6688
133.3388 27.6292
132.2391 29.6095
126.5596 23.8716
133.0232 27.7204
139.2222 28.4177
131.8378 27.9256
129.7473 27.6354
137.1380 28.7546
139.4343 28.5491
131.6361 27.6771
139.0273 27.9656
140.0465 27.7701
134.4878 33.3201
138.5673 28.3849
133.7787 31.8170
131.8368 29.4752
134.3521 31.0488
137.7463 28.4516
139.1805 28.0858
134.6990 31.5767
134.9424 29.5029
132.8531 27.7855
133.8447 26.0697
132.0555 24.8827
135.0090 23.7674
132.4502 27.8653
136.5315 33.4328
135.8651 30.5580
134.4789 23.0438
133.0185 26.2368
134.5414 31.3555
133.9754 30.7405
135.4052 28.3551
136.3873 30.0927
130.2490 28.1241
133.8353 23.8824
133.9448 28.7219
132.8867 31.9783
136.0291 30.6394
137.9303 29.6293
132.1575 31.6441
137.2685 26.8609
131.9735 31.4712
133.0378 24.5499
136.6170 32.1828
130.2046 27.8530
132.7829 28.1480
138.0323 28.2096
132.6181 32.5181
135.3552 31.1552
140.1243 27.7777
139.9226 28.3938
129.7657 28.7281
134.0843 23.7252
134.1238 30.6307
136.1395 28.0733
133.5035 25.1561
136.0369 29.1655
132.5634 29.5942
136.1519 28.8874
135.9605 30.3322
133.9160 28.6526
138.7070 27.5916
136.1983 29.4668
137.9778 29.9724
139.0373 27.5238
132.4891 32.6984
135.4658 28.8985
134.5152 27.9206
132.8784 28.5475
132.6898 28.5423
134.5133 28.0117
135.9711 30.3259
133.3183 26.5922
138.6722 27.6007
132.1385 28.6403
133.3286 25.1668
136.0973 29.7196
125.1507 23.3785
137.7446 30.5192
139.6042 28.1567
134.5417 27.7319
132.9185 27.6262
137.7128 30.7056
132.2166 28.7883
137.8243 30.8759
138.1898 28.8655
131.7944 26.9154
139.4401 27.8937
125.4025 22.9147
140.1364 28.1351
133.8383 24.7711
136.8079 29.9484
138.7443 34.2577
140.1024 27.5783
135.2081 28.4988
133.1525 25.3038
136.0108 29.0687
137.4899 33.1082
137.4609 26.9656
140.0507 28.2512
133.7941 31.8489
133.5231 31.8458
137.7875 30.4176
134.3712 28.3360
133.9384 30.2496
133.1894 25.5931
139.8251 28.2369
140.1498 27.5300
134.1381 24.5994
135.8267 30.1944
136.0031 28.9605
131.1089 27.0004
129.8996 27.7258
134.3999 28.7914
133.4709 31.1863
131.8594 31.0871
136.7104 32.5190
135.9243 29.9565
139.5301 28.0525
134.1196 29.7985
132.8294 28.4358
133.7349 24.7507
137.5051 31.0916
133.7228 29.7453
136.5511 31.0730
137.9672 29.6351
137.2080 29.1190
134.0554 30.8781
136.1898 29.5315
133.2693 25.1112
137.4838 30.0047
138.0205 29.0341
136.0221 29.1026
138.2984 28.3236
135.2108 28.5406
139.2723 33.9235
136.8904 28.6945
133.6311 32.3317
135.8605 30.6520
131.8425 27.1810
134.3564 29.0965
130.1416 28.8032
135.7667 29.5028
130.1323 28.5461
132.6254 28.2044
133.3715 31.8679
124.9187 24.3146
134.1762 28.9478
136.2618 28.4742
135.6174 30.0091
136.4563 28.6185
134.1100 24.9347
140.1308 27.8109
131.4118 28.4253
136.1259 28.8737
134.1413 31.6804
136.2502 30.9130
123.2155 27.7020
132.9656 22.0230
134.6277 23.7742
134.2290 25.2848
133.6331 29.8493
131.4531 28.1496
139.4854 28.2938
128.7661 26.5229
133.5227 25.0118
142.3518 35.7290
137.0657 32.5534
134.0393 24.9147
135.4759 24.4658
138.9730 28.1188
132.0786 31.7056
132.5393 29.2761
131.1357 27.1625
134.7687 23.3663
134.4736 33.5020
133.5007 24.0840
125.9661 28.7387
132.8423 31.5309
130.6285 26.3381
130.9318 26.9833
128.5833 30.1078
132.4567 19.7548
131.5913 28.8661
137.5941 34.0465
137.7330 29.4336
133.4818 23.5524
137.5153 31.0782
126.5388 25.6899
136.9041 32.1792
130.8720 26.0575
133.2814 23.9474
133.4187 21.5756
132.7386 32.6532
134.2596 23.9265
125.8751 22.7701
134.9609 27.7832
126.9557 25.5781
136.0628 28.8705
133.3442 23.9654
132.6844 27.3828
127.6783 24.5583
132.3699 24.7097
132.9160 28.1894
125.6894 24.5614
134.2734 28.7554
134.3079 25.2605
126.8977 24.9714
133.4706 23.8162
138.4323 28.3978
137.8419 31.0380
131.5303 28.6043
135.6155 28.5549
137.1902 29.8481
129.3569 25.7075
133.8539 31.4584
131.5222 26.1609
133.0571 28.4792
129.5235 28.2141
126.7258 28.7105
135.2779 27.2784
132.4043 25.3109
128.7352 25.7124
124.8284 25.1826
124.6015 20.0637
136.6744 29.7830
144.3477 37.4502
137.0085 29.8214
137.2991 28.8982
136.0567 28.2713
136.5301 28.9561
141.1228 35.4094
138.5265 34.3856
138.6476 28.6943
136.3429 33.1214
135.9087 29.7892
139.7018 28.8031
139.7986 28.6929
137.1004 33.2427
137.3241 29.1842
136.9726 32.9779
137.0980 32.3531
137.3508 32.6514
140.0717 28.2768
137.4644 32.7170
138.4179 28.1231
138.6758 28.6323
135.6430 30.5329
136.9578 33.0031
138.2583 31.1163
137.1171 32.5550
140.4020 34.6064
136.9627 33.0478
136.9274 32.5466
137.3121 30.4407
135.9580 33.5725
136.9902 28.9654
137.0595 29.9281
138.5441 27.9088
145.1237 36.9282
137.1563 32.4144
135.6842 30.2713
143.8961 35.3481
137.1128 32.4194
137.3946 32.5542
135.6871 29.8489
138.0119 34.3728
136.0847 31.0739
136.3785 29.4459
137.5379 33.0629
145.0065 36.8184
137.1381 30.2845
138.4485 31.1495
138.6456 32.7194
138.5671 27.6065
137.1973 32.3830
141.0858 35.6286
137.5340 33.0597
137.0855 33.0524
144.4671 37.2410
136.0158 30.2803
137.1342 32.4406
136.2305 28.3110
138.0162 34.3714
139.7452 28.2614
139.2697 28.3634
139.2107 34.6000
138.4020 28.2811
137.3629 29.1662
135.6956 30.5191
137.2780 32.4372
136.1086 29.5842
146.2190 37.5736
137.0601 29.6527
141.6830 33.9813
137.2042 29.0394
136.2840 29.5884
136.9626 32.5003
136.9915 31.2109
145.6290 37.8971
145.4850 35.4530
137.8673 34.4227
141.6022 34.5771
137.4950 32.7502
139.2032 27.6986
136.1725 30.0342
139.9751 28.6408
137.5655 29.5894
139.1595 34.6062
145.8477 37.7990
137.5315 32.7342
137.0323 29.4158
138.2061 29.7148
137.2154 29.0241
137.3749 29.7401
136.4297 30.1312
146.1911 37.5183
132.9565 26.9783
139.4294 27.9450
144.3449 35.6348
136.3428 30.6069
145.8759 37.5640
138.0766 31.3611
137.0038 33.2729
141.4011 35.5066
136.8909 32.9328
137.2301 32.4613
138.6963 34.4613
140.8232 34.1443
136.5138 30.0389
135.9860 30.4655
135.7078 30.2780
135.9835 30.4801
135.8833 28.8554
139.2530 28.1947
138.5553 34.4195
146.2194 37.4860
136.9844 32.6729
139.4471 27.9396
136.9653 32.5168
137.0712 32.6634
136.8528 29.5145
136.9194 32.7099
140.6073 33.5317
138.7181 34.4416
139.8413 28.5960
138.4247 29.7584
135.8461 29.9077
137.5303 32.9624
138.7502 33.1042
138.0342 30.2828
137.4100 34.4726
135.9188 29.7611
136.7508 33.0096
136.6267 29.1612
142.9731 36.3546
137.4465 32.6229
145.1289 36.9985
138.7202 27.8126
136.0107 29.0641
138.3581 32.4897
139.1504 28.1838
136.0299 29.6415
138.6807 33.0223
136.6512 30.6214
136.8889 30.4338
141.3835 34.0033
136.2541 28.8375
136.8748 30.2576
139.2571 28.2880
139.9368 33.9605
137.0556 29.0957
136.5334 32.9712
136.1655 29.5380
137.4511 31.1093
137.1962 30.5750
135.8296 29.5186
139.8361 28.5994
135.7033 30.9620
136.0390 29.6776
137.5625 30.0560
144.9080 34.5039
137.3253 33.1399
137.0740 29.9931
137.1499 33.2373
138.3274 30.7380
137.1034 32.4004
140.2416 33.8351
137.3611 29.2182
136.9622 33.0201
140.5252 33.3190
144.1439 37.5382
137.3449 29.1256
135.9438 29.7041
137.4937 32.6769
138.9600 28.5370
136.5813 28.9669
144.0795 37.9307
137.0778 33.1160
137.3260 28.8876
138.2713 30.0277
136.9213 32.5922
136.4986 29.7790
137.4957 29.0399
135.9156 30.9834
137.5790 31.4401
139.3322 28.4835
137.1551 32.7160
136.9604 33.2665
135.8176 28.9906
136.2853 30.5315
137.5271 32.8822
137.0137 30.4075
136.5502 29.3503
138.2568 30.2112
138.6325 28.2040
136.6964 33.0748
139.2965 34.8406
139.7182 28.7928
136.9898 31.0933
136.8680 30.2761
136.4384 28.8413
145.1233 36.9570
137.6080 29.4285
136.4539 28.8916
138.7867 28.2236
140.9949 33.5882
140.0611 28.5067
138.7078 34.4589
139.8167 28.2923
137.5277 33.0245
137.1415 32.4094
139.2098 34.6872
136.6399 31.3138
138.4693 34.3556
137.8885 34.4993
137.4995 32.8253
135.8750 29.2494
136.8672 28.4469
143.6327 36.3554
136.9855 29.9037
136.6649 30.2559
136.0113 28.2760
136.5492 29.0191
136.6594 30.7002
137.5629 29.6757
140.5359 33.3540
142.8401 36.9759
135.7148 29.9763
139.3260 27.7417
138.4871 28.8099
136.8615 32.9732
137.3014 32.4511
136.9373 33.0405
137.0405 29.7324
136.4800 29.7712
138.2901 34.3262
138.9158 34.4863
137.2431 29.0704
137.2338 31.3285
138.1397 29.8129
137.0639 29.7140
139.2281 28.3421
144.4554 35.7029
143.4780 37.9834
137.0439 29.7648
139.2721 27.8852
136.9297 33.0413
139.4480 32.7736
138.2768 30.4696
137.0401 29.9835
136.6900 29.0465
138.5372 28.9369
138.1071 30.5453
138.2502 30.3545
135.6965 30.1725
136.9346 31.2210
137.2596 32.6150
139.1307 34.5882
153.4642 34.3146
147.6957 35.8999
136.9241 32.5454
137.5113 32.7888
137.9992 31.3621
140.6629 33.6809
136.2393 28.5294
137.1267 29.8770
137.0388 32.8369
136.9035 33.0709
144.8303 34.5374
138.9188 34.4986
136.8854 28.6518
138.5794 27.8205
138.2991 30.2914
136.0588 29.6205
139.3284 27.8510
139.9633 28.4627
138.4652 27.9014
137.1249 32.5860
141.2701 35.5940
142.9550 36.7092
137.2314 32.5497
138.2160 29.4837
137.4045 32.8741
135.3696 30.2432
138.5577 32.6606
139.2847 27.8722
135.6597 30.0457
136.0025 30.2645
137.0268 32.8768
139.2044 28.1665
140.7619 33.8613
138.4952 29.0640
136.5707 28.3115
136.8280 30.5052
138.6736 27.7907
136.8496 33.2750
139.4882 27.9650
135.8408 29.4859
136.9108 33.0397
138.3273 34.3990
145.2195 36.9122
137.1796 29.4338
136.7702 32.9692
138.5842 27.6288
137.2738 32.5778
137.2552 30.5005
137.3546 32.5467
138.4599 28.7653
137.0453 32.4550
137.5284 32.9777
138.0534 31.3638
138.7884 34.4913
138.3468 30.7775
137.2722 32.3527
139.0725 28.4401
137.2520 32.4214
139.2108 28.4603
