129.7719 25.2822
135.2548 29.8673
129.7423 24.3392
141.4234 34.2373
135.1900 29.1326
131.3341 28.1779
130.3716 25.5763
138.1715 28.5165
137.2847 26.6508
138.1620 27.1931
135.2209 27.6549
129.2279 26.0486
135.4462 31.6990
134.0078 31.8888
136.0611 30.0077
137.0466 26.6009
134.4776 29.7197
138.9980 32.6606
137.4638 27.1421
136.6009 29.9160
136.9117 25.8626
131.7954 24.4664
136.8710 28.6206
141.6784 35.9837
137.4981 32.4810
131.2552 25.5045
139.2512 27.0486
135.5082 27.5890
138.9648 27.9258
139.4977 29.6932
137.4998 28.6576
135.3414 27.5400
137.7601 27.2867
129.2540 25.9543
136.4938 30.3450
136.7576 27.8144
132.7210 30.4492
131.2422 27.0372
133.4799 25.9291
136.9554 26.3475
132.6268 30.6041
134.0836 27.7015
136.2895 26.6768
133.5051 22.0714
145.6054 35.4761
135.1777 28.8558
134.9896 30.9936
132.8284 29.5449
124.3865 20.8801
131.9313 28.3311
132.0366 25.1384
137.2488 32.2878
132.4274 28.7188
129.8322 24.6489
141.8627 34.9647
132.6567 30.3840
133.1726 29.3993
130.1324 26.0462
125.5061 21.5891
132.2293 29.0698
135.0215 26.0553
136.4564 30.8602
133.3036 28.1064
142.1045 36.3448
137.0039 27.0472
135.7725 28.8198
132.0065 24.4182
137.2574 27.5901
132.3933 26.5286
132.9635 21.5672
140.0561 27.8063
132.8658 30.2416
131.9223 29.6593
135.4950 27.7672
130.0679 27.9261
125.2919 25.4389
133.9851 21.5505
139.4401 33.9812
130.9032 24.4763
138.3468 28.4804
133.7287 22.8289
131.1324 25.8600
134.4542 29.8476
137.9290 28.7359
135.4941 29.9333
132.9499 23.9567
134.6431 32.9980
127.1130 28.0299
133.3504 32.2832
133.3434 24.1524
136.2863 31.0652
130.1204 26.3735
135.1751 27.0258
130.0630 22.1456
130.4673 25.5178
137.5981 26.8954
135.1838 30.7317
136.0898 31.4338
133.5720 23.0682
134.5068 32.1546
132.5260 25.9798
132.6079 21.1251
138.3802 29.3336
133.6707 31.2878
137.8995 28.8152
133.6082 24.8496
135.3051 27.6002
141.6716 35.9070
131.3348 28.6124
146.4217 34.6901
140.1242 32.9667
130.2064 26.6113
133.2106 23.6575
129.4142 27.3589
131.5420 29.3171
136.6034 27.4978
136.4277 31.8764
138.3234 29.3737
133.2206 23.4614
133.3307 25.0338
136.9171 26.2863
136.6839 28.6516
129.1696 27.5713
136.8652 30.4967
130.1229 25.4651
133.7854 24.5230
136.1752 27.4146
132.5516 29.9593
137.2427 28.1403
130.5430 25.7544
133.2502 21.8643
129.6879 26.4481
131.1169 30.2894
130.3158 26.3468
135.1640 31.8013
130.6345 25.5125
132.8049 28.1550
139.8713 28.1391
136.2117 25.7296
132.5620 20.8763
132.9161 23.6143
145.3579 35.7743
137.0961 26.8109
132.5643 29.1769
139.2450 33.2433
135.3948 28.7942
136.9505 27.6580
129.4156 27.3098
138.5487 29.3363
130.8479 28.3640
132.9045 28.2868
124.7332 24.3192
134.5561 28.1602
137.6792 29.6387
131.5443 25.2692
135.5663 29.2617
134.7602 27.7934
134.4665 32.6442
144.9611 39.0440
132.7525 30.6343
136.6824 28.8309
137.6956 27.2177
134.9027 27.8630
127.0305 25.4525
144.8427 35.9391
136.7780 28.6030
134.5469 27.7364
134.4312 31.1131
129.5968 27.6954
129.4286 27.2897
141.4358 34.8494
132.3347 29.8190
132.8338 30.3379
132.6587 30.2201
131.7087 24.7033
140.1467 27.5921
130.4935 27.2428
134.4429 28.1920
135.1990 30.0229
135.8263 27.2253
132.1232 30.0173
126.1086 23.9842
136.5389 27.9405
131.3007 25.8872
139.5816 28.3643
135.7504 25.8745
136.8750 26.1730
131.3726 28.7748
137.7776 32.7469
133.9828 29.9312
138.9467 32.5167
135.6773 27.8796
136.1082 27.9550
132.0680 29.6047
138.6186 27.0487
137.5474 26.5143
134.9065 29.4723
134.7203 30.1801
137.0095 27.7265
138.1080 28.4893
132.7866 24.6416
124.1754 19.8861
138.5057 27.3728
134.9246 32.3884
134.4274 28.0508
144.6171 36.0605
137.3864 26.8538
138.8043 27.5760
130.6959 27.5672
138.3955 31.8569
136.9670 26.2810
129.8709 26.8628
133.0797 22.3991
121.9651 20.5628
136.2860 27.1599
132.2136 29.7891
139.8976 27.8670
134.5199 29.3483
129.8020 26.5452
122.9048 21.0940
137.9969 28.4174
136.6784 30.7294
131.2589 24.4264
128.3065 25.5028
136.6318 26.0073
136.4656 27.8883
133.9278 28.7089
134.9400 29.0763
132.4020 27.9406
129.1575 29.5378
143.1201 35.3995
137.4040 26.1541
139.1202 31.9113
131.1318 24.0475
131.9739 32.0484
124.6551 22.3034
134.5906 31.4018
132.8869 30.4074
131.2600 26.0249
130.4750 25.8125
133.4127 28.2451
128.9097 25.5806
131.0862 24.7798
137.6784 29.5217
136.3401 27.1491
132.8664 29.9337
134.0193 29.3609
129.9135 26.7718
137.5270 28.7092
136.9238 28.0472
138.0358 28.2664
135.1241 30.7802
138.8674 31.8186
133.3519 27.6801
132.8494 30.4066
131.2219 26.0292
135.9750 26.3056
132.6323 28.3267
129.6796 25.6276
136.8080 28.7572
129.2462 25.6616
136.6318 27.6176
136.3221 25.7781
136.5499 26.9661
132.7201 21.6900
134.7153 29.9288
139.5783 28.4802
131.4809 26.2999
138.0792 27.2809
131.3147 21.3589
130.3511 25.7735
130.3463 24.3929
124.3706 21.5219
132.9760 30.0157
138.2661 29.5834
139.9957 27.6402
136.4637 29.5976
139.2009 27.0998
136.0378 25.4454
133.1698 23.6318
132.3673 29.1552
131.8721 25.0600
135.2519 31.5291
125.0169 20.0552
132.6833 29.7655
131.1598 28.4778
129.7333 27.3482
137.8048 26.9948
136.7828 28.8928
143.0418 35.7544
138.3849 28.6284
135.0470 29.0322
132.4957 24.6144
131.1624 25.9096
137.1512 26.2492
132.3594 29.1939
124.8794 22.0119
136.2892 27.2664
135.1470 30.8899
131.9668 28.9765
137.8806 29.6264
132.8019 21.0716
123.6783 20.4953
131.3766 28.3394
132.6236 30.5257
138.1479 29.7393
137.9829 28.9152
132.8777 29.2701
136.5696 25.7175
137.4532 30.0231
137.9858 29.7868
136.9126 31.7050
135.2936 27.7949
130.6340 25.4112
139.7307 27.4275
131.4984 27.3892
136.2895 32.4751
129.2120 25.4613
132.0245 32.0697
133.3161 29.0697
137.5460 30.2371
132.8862 30.5477
129.7028 26.2306
134.2451 31.5503
128.4779 25.4236
136.4313 29.7369
138.7215 28.3530
130.7038 26.1098
131.1942 24.2394
130.5531 25.2622
135.8776 28.6273
131.9743 20.9780
139.6497 31.3687
138.2965 29.7453
133.2470 27.7676
133.0902 21.9808
131.4059 31.1389
137.6273 28.5522
138.3960 28.7755
136.1689 27.8317
132.3794 29.7635
136.9838 30.0416
137.1728 26.6201
134.4170 32.5831
133.9811 31.2991
137.9612 31.5096
129.4278 29.8899
129.0707 26.2004
137.4136 31.5624
140.1287 27.7715
139.2392 33.9827
138.3118 28.6180
129.7670 27.5414
138.2954 31.9282
132.2978 29.1315
136.5975 27.7145
137.3908 26.8579
138.1626 28.6014
138.4686 29.1426
138.5956 27.5440
134.9566 31.3598
123.6854 23.3601
140.0692 32.8772
134.6402 30.5788
138.2222 30.0263
139.8375 27.5523
135.7322 28.9085
132.1404 26.5629
133.2025 25.1113
132.8571 26.3635
128.2320 25.4564
133.2084 24.3754
130.9614 25.2733
137.7303 30.4244
133.1469 29.7037
131.2453 26.3588
135.0890 27.8812
131.2897 23.0736
132.6221 21.5865
134.4506 31.5820
132.4415 25.1271
124.3693 22.9823
135.4836 27.4312
139.2303 27.0634
140.3568 27.4125
130.2409 25.5229
128.9089 26.3099
137.5852 28.5816
135.9950 27.5367
134.1679 31.7353
136.2405 27.0472
133.2049 22.3550
134.8811 29.4500
135.1254 29.6751
131.8010 28.9423
132.9703 24.4478
136.6445 26.3121
131.9275 28.9632
138.8371 26.8693
138.1775 28.0878
135.4924 29.7183
131.2314 28.5630
137.4985 29.5108
129.0069 26.1377
135.1948 28.7629
127.8009 25.5443
139.5665 29.7310
128.5099 26.8699
136.7929 26.2072
137.0050 28.1229
133.8806 27.8912
136.7991 28.1148
133.9827 27.9630
134.0946 29.3201
138.2193 27.3843
135.0513 27.6187
135.9064 30.8989
131.3522 24.7138
131.8384 29.1486
137.8893 30.0011
135.9513 30.2270
133.0118 23.0750
130.7344 27.8055
138.0955 27.0808
128.1985 25.5390
133.3453 22.2405
136.3292 27.6702
133.5054 22.1910
123.9285 23.6248
139.3581 32.7922
127.6284 28.4784
138.4360 29.7186
128.5170 26.3170
145.8141 34.4114
132.2945 22.0414
139.5505 27.9939
131.7018 24.5577
133.1534 21.4248
132.8517 25.8327
131.3390 24.8506
134.6820 28.3336
133.1049 23.8214
130.4020 25.1296
132.8313 28.9419
131.5108 26.0110
126.2864 24.4315
136.8430 26.4068
131.8560 32.0470
138.2266 31.7180
129.5668 25.6331
136.6577 27.9788
123.9292 24.3263
132.9193 29.7741
136.7650 30.8442
135.7024 32.7943
131.3924 25.3985
137.8441 28.1247
131.5620 25.8280
138.2870 29.6183
136.6320 27.4360
134.9743 27.8344
138.6496 27.4412
132.1156 21.3131
132.4297 28.5627
133.2182 30.4017
134.8099 32.8917
131.8802 29.4786
131.8718 24.5965
135.9254 26.4974
132.5910 24.7357
138.3947 29.3507
125.8576 19.9791
137.0620 28.0986
133.3782 23.8554
137.2632 27.8530
134.6133 29.4095
139.7786 27.3184
137.6445 30.4053
139.4963 28.8936
135.0201 31.9700
127.7805 28.5726
137.4946 27.9549
136.2709 30.8909
134.2293 27.7551
135.9462 27.9629
130.6498 25.7555
137.1938 29.6981
138.4721 27.0098
136.2535 27.6525
131.7329 28.6746
133.2055 21.4276
133.4296 31.2270
124.6496 22.8233
136.2915 27.5803
135.3829 30.1458
133.3354 22.5522
137.5448 26.6590
135.5202 25.5608
132.0823 28.3286
133.3645 22.5795
131.6433 26.0929
131.5208 26.7779
137.2772 26.9482
132.7219 25.9730
135.8984 32.8964
132.2752 29.1215
131.5198 28.0687
134.7290 30.5434
132.6712 28.8429
133.3004 22.3265
133.5971 23.5030
131.3408 26.4925
136.9530 29.7901
139.0854 27.9183
138.2697 28.3971
137.9695 28.9546
136.0267 27.1680
132.6115 28.4520
124.8178 22.5434
131.6163 23.8391
135.2553 28.9697
136.6424 31.8194
130.1882 27.6608
130.9180 25.6115
135.1169 27.5932
135.9070 30.1336
128.1991 25.8023
139.5165 28.8481
134.1453 27.9688
134.5692 28.0984
139.2918 33.7866
136.7107 27.1575
135.2415 27.8250
131.0475 25.6795
135.2131 28.7935
136.3435 31.9278
134.4758 29.8332
134.3303 21.9396
139.6113 28.8887
136.1690 27.1871
134.7156 27.6804
134.8379 28.0915
131.2285 25.0032
139.6652 28.4948
137.8727 27.9931
138.3868 28.8957
137.1759 27.8613
132.4554 26.2180
132.8063 28.7465
124.4943 20.9552
130.6945 27.2219
136.7283 30.3154
138.3443 29.6530
139.5815 28.0542
138.5164 33.8573
137.0246 30.3974
139.4748 29.5567
135.6670 25.9615
139.6748 34.6940
139.7453 27.3947
138.9642 34.1515
136.5176 26.0153
139.6508 32.8099
141.6018 34.7288
137.5483 30.0188
133.4430 32.3585
139.7300 27.8432
139.7239 28.4425
137.1852 27.7958
133.9789 30.1762
139.2949 27.8199
144.7747 35.8968
135.4724 33.1736
129.3444 29.3144
135.9763 32.1639
127.3789 26.9948
136.0762 27.7252
139.7355 33.3472
139.7339 28.4059
136.5202 26.0953
136.4858 31.5869
138.1162 28.1609
134.5599 27.9100
139.5491 28.3209
137.0736 30.4219
138.3801 29.0973
139.2767 27.1290
136.7982 29.8619
127.3706 28.0849
139.3627 27.1961
144.5652 37.2649
136.6376 27.6656
127.4625 28.3684
137.6962 26.9886
137.5487 27.0738
135.6051 32.4798
136.1393 31.9856
133.8396 29.1156
138.9285 26.9758
137.1991 28.2423
137.4570 28.7842
128.1940 29.3123
133.6719 27.9493
138.4042 27.2891
135.6660 31.0131
134.1671 22.3821
139.6539 32.3816
134.0594 29.5646
136.9598 26.1087
145.3182 34.3580
135.9468 27.5756
131.5139 31.0438
137.3043 27.2671
146.1321 35.0993
137.3204 26.7160
138.4593 27.0311
136.2524 32.2881
137.8649 28.2372
137.4130 26.6529
139.9284 27.7775
139.5676 27.1974
139.7594 27.6642
138.6142 27.0329
138.8542 27.0477
139.5324 28.3877
138.1293 29.5688
139.0120 32.1778
137.0377 26.6371
136.4416 26.1132
138.3123 28.8010
145.2876 38.0661
134.5415 25.4073
134.7423 32.8314
139.6102 28.0795
142.1373 35.6973
132.5615 30.1139
137.0042 28.3028
137.5464 28.6140
137.1313 30.5613
140.0315 27.5134
137.5597 31.4531
133.6311 27.9547
137.2018 26.5942
139.3123 33.1011
132.3386 28.4074
137.4970 26.6439
138.4938 27.6209
134.7043 28.0733
141.4659 35.5449
137.7680 28.1904
132.4780 28.3262
138.4542 29.0234
137.1750 29.9968
137.7727 29.6267
139.1381 33.9855
146.0199 35.6739
137.0139 30.4890
147.0518 38.3626
139.4600 29.2758
137.0049 26.3924
126.7004 27.1875
138.6750 32.3716
147.6000 35.9075
135.8224 31.7277
137.0056 26.9038
139.6678 29.1987
138.8699 32.1747
132.0524 28.3662
145.3547 35.5153
136.2499 30.6568
136.4332 31.0421
142.0751 35.2579
139.6125 29.6325
138.4286 29.0167
137.8137 28.6271
138.4484 29.0983
136.6915 31.6252
134.4937 28.4130
139.6662 29.2494
146.6458 35.1501
128.8439 26.1058
140.0130 27.6070
133.6626 28.0620
130.8712 26.8805
144.9413 33.5682
134.7039 32.5999
136.7817 30.1415
138.0891 28.4233
140.4346 33.1828
139.9346 28.3068
136.5714 27.6102
140.5524 34.1620
139.4894 33.4860
139.4199 27.8413
137.5142 26.6284
140.7706 34.9851
140.0426 27.9554
133.3239 28.0024
138.9523 31.2594
138.7024 27.1390
126.3338 27.7942
139.5666 29.3561
138.4215 27.1427
136.4190 28.0460
138.8068 29.4578
141.3019 34.8163
136.3739 27.6995
144.8520 36.8388
133.6900 32.1365
137.7861 28.5955
144.8545 37.0214
136.1243 31.2245
143.5919 35.8542
136.5773 30.4888
140.6581 34.1798
139.8587 27.9480
133.5215 29.7648
138.4464 27.1065
136.7031 30.8251
145.5652 35.6001
141.4595 33.7467
137.4865 28.7138
140.0216 27.0949
137.0655 30.0103
132.9256 30.1387
140.5448 34.1785
138.1315 31.7091
134.4384 31.1803
130.2805 27.2605
136.6841 30.4897
135.0375 22.2113
138.9422 32.2569
132.3930 20.7866
135.8168 29.6919
137.0224 27.0375
133.5244 32.5040
134.0328 24.1248
131.2773 30.7967
134.7244 26.6074
133.7142 27.9957
133.8966 30.5048
139.1741 33.0686
130.9296 28.0980
138.2343 28.4356
135.1690 27.9549
137.2284 27.1072
135.1282 31.2077
132.4810 30.1006
138.6720 28.2150
132.0278 28.7751
139.5014 32.6175
136.6249 27.4881
139.2758 30.4975
132.3530 28.2767
139.5762 33.8991
133.6876 22.3229
133.5615 28.9594
139.4156 29.2147
123.0532 30.1469
125.5819 24.2749
133.7632 22.2779
126.2366 25.8899
139.5201 28.1772
139.9749 27.3578
145.8694 35.6679
135.1482 32.5699
136.9579 26.3057
140.5331 27.7972
133.8037 21.1071
138.2375 31.8276
136.9966 30.0512
133.4073 30.3349
130.5330 26.8271
137.5880 27.4944
133.5314 29.6782
134.3994 31.9102
140.1214 27.6024
139.0205 33.8062
139.9451 26.9975
138.0711 29.2164
133.2644 30.7956
145.4420 34.8824
135.4618 25.6556
143.4612 35.7691
131.3222 27.1746
136.1767 26.5867
136.1343 31.1775
133.8226 22.5171
132.6326 25.1836
136.5525 30.6983
134.1297 23.0500
139.8218 27.4529
134.3145 21.9685
136.7720 30.0837
132.1993 29.0993
137.3382 28.8037
136.6445 30.2976
133.9865 29.3950
135.6229 26.1910
133.2845 30.7732
140.1635 26.6548
129.4162 29.1546
132.1706 29.9244
133.9216 21.9533
139.7166 27.5101
139.9376 34.1554
136.6740 30.9470
137.6933 30.3909
132.9113 21.2382
138.4810 28.7283
131.4044 28.7384
137.8520 28.3476
131.8314 28.7537
138.6367 28.8996
139.2950 27.0874
133.7100 30.3970
125.1453 23.0653
136.1384 28.1156
144.9514 36.0089
136.2958 27.9733
130.6319 21.9091
135.2175 26.0587
136.9780 26.7372
141.3027 34.5664
130.5577 26.7555
133.1348 24.3525
136.0080 27.9495
130.5830 27.5110
144.2818 34.9994
131.4543 28.2381
133.2037 23.7989
131.6301 29.0367
137.4515 29.3672
132.0609 28.1239
136.7739 26.2660
136.1635 27.4695
133.2257 22.1717
139.5082 29.0254
127.1573 24.8156
136.9671 29.3560
129.6399 25.1165
138.6512 28.7805
133.7318 30.5361
136.7732 29.9940
135.3054 27.6623
138.6182 29.0509
136.6744 27.9248
135.2014 28.3092
140.5185 33.2736
136.0618 27.7809
142.7913 35.6498
138.2338 31.7952
132.3365 20.7794
135.7330 32.6727
136.9770 26.1215
133.7226 23.6574
130.4929 26.2946
140.0470 27.9426
134.9911 31.6110
140.5308 27.4775
126.5057 27.9319
134.6839 31.2392
132.4197 21.9095
130.2358 26.3168
135.6269 29.2470
139.1215 26.9807
133.0781 22.0039
142.6952 35.9976
139.8230 27.3651
136.4657 27.9586
137.0318 33.4981
139.4672 27.1510
127.5570 28.3398
140.0220 32.8044
132.7995 29.5705
130.6657 28.1018
136.1866 27.8441
136.9454 27.9817
132.3650 27.6667
125.7637 24.0978
132.6168 24.6536
138.8734 27.5302
136.6508 27.2931
132.7729 28.3870
132.9961 28.0681
137.2115 26.2736
136.6467 27.9877
131.1405 27.7146
132.4043 28.3480
136.1868 28.0209
125.5955 21.4567
131.6583 28.8342
126.7700 26.6347
136.2457 27.5196
130.9958 27.8445
134.7106 33.3425
137.6023 26.7839
138.4373 29.2925
131.6564 25.5385
130.4813 24.5929
138.9677 32.2467
136.1917 31.3805
131.9332 27.3579
132.9473 25.2663
136.2820 27.5905
140.4693 35.0153
132.8663 24.7833
139.8838 27.5897
129.7236 26.4842
131.7539 31.6243
132.5961 21.7023
139.9215 27.6492
137.7116 28.7214
131.5755 27.3870
137.9906 26.8819
137.5780 27.5056
129.8986 26.3923
134.5318 30.0431
145.9232 34.5488
123.7267 22.6261
137.0785 27.9834
135.6768 27.3491
140.8105 33.4951
137.6587 31.4365
129.2236 25.3613
134.9415 29.1459
130.5983 24.4695
131.8028 24.6052
137.0978 28.0663
137.2829 26.3540
129.5405 27.1769
136.3291 27.4377
135.5099 27.7686
135.8809 32.5618
136.7093 28.0033
134.4850 32.1053
135.6027 27.5863
137.7133 28.1121
132.6101 24.9056
139.6805 28.4072
139.8676 28.1482
133.0383 22.4189
134.2731 32.8039
137.4815 30.0388
138.7536 32.3671
137.5342 28.0247
137.0745 28.3693
132.5379 21.9831
136.7409 28.7501
132.9500 28.7982
137.1815 29.7055
136.9630 28.1274
136.5877 27.8087
136.7177 27.9506
136.5644 27.2463
131.6151 23.8819
130.9352 28.0017
130.5728 24.1548
137.5324 29.4443
134.7332 27.6184
131.4141 24.1874
135.2624 28.7514
140.9884 33.2935
131.8237 26.3836
135.7997 27.5961
138.4971 27.3656
135.0221 29.7972
134.6885 32.1007
136.1685 25.7572
138.0381 28.3273
132.8299 25.2397
137.7972 28.1668
130.8069 28.1321
123.9874 22.6014
135.2729 32.4484
136.1684 27.5508
135.3096 27.4507
138.4660 27.0773
132.9338 25.4012
137.4712 30.0692
136.6322 30.1797
137.5688 28.5977
134.1369 22.9586
136.9549 26.3077
132.3664 25.9543
137.1610 26.2623
134.9323 31.1039
137.3730 28.2650
136.7582 27.3698
140.1081 27.6905
136.5860 28.0355
124.7405 24.2992
137.6403 29.4217
138.0743 28.2957
142.8868 35.8518
136.7945 26.0664
133.8232 21.4408
138.2099 29.5593
137.9439 27.5945
137.2171 28.1932
132.8509 26.2671
137.4948 28.4868
136.0694 26.6478
134.2570 27.8524
130.1153 26.7518
133.4905 33.0047
138.4395 28.6975
126.6438 26.7921
132.4642 26.0204
139.9589 27.0590
142.6528 35.9616
135.8897 26.3866
123.7306 21.4368
123.4851 20.7540
135.8072 26.5365
132.3929 30.5577
127.6710 28.1615
132.6768 21.1131
127.3830 25.0110
137.3916 27.9359
137.0483 29.2967
137.5596 26.5418
139.2002 32.8514
137.0397 26.1909
133.1709 21.3999
131.5163 31.1319
139.5277 27.2285
137.2214 27.7423
133.8329 21.5331
138.0753 30.2554
133.4692 27.9923
127.6824 27.8508
131.0556 26.0949
133.7981 23.0700
139.1997 34.3238
136.5109 31.8128
130.7345 25.9515
137.0352 26.6157
130.6906 26.0714
140.3517 33.9364
143.2977 35.7107
130.6294 25.8670
133.5840 25.2772
140.2245 33.0228
136.9369 26.1518
129.6317 26.3152
132.8949 26.3572
129.9955 26.8316
131.6211 29.0296
141.3566 34.0610
127.1990 28.3913
130.3762 27.5437
133.4363 28.0749
129.2246 26.5799
131.2023 25.7059
139.6813 29.3154
133.8996 24.1128
125.2930 23.5682
132.7502 28.5377
133.4338 21.4125
137.3326 26.9242
138.0552 28.4101
141.0173 34.9330
137.8934 28.2426
126.2323 26.3857
139.1616 34.4876
127.2033 27.3903
136.6082 27.0122
132.0788 29.4654
139.4896 28.7079
130.6423 26.9957
129.7059 27.3895
131.3113 25.7132
131.7917 28.2737
133.7381 27.9791
135.3033 29.2576
134.5640 32.2983
133.9497 29.5961
135.8726 29.1797
127.5295 28.7035
133.1806 28.7041
133.9069 25.1024
132.1977 29.0614
131.1839 25.5133
140.0887 32.9486
139.7393 28.4969
130.8396 26.3047
135.1040 31.8319
134.1841 31.2249
132.7070 31.6008
136.3074 27.2324
136.9830 26.0716
135.7659 25.6586
136.9290 26.1609
137.2070 29.8241
130.7611 26.3363
136.2272 26.7807
138.9543 34.2612
136.7843 30.6684
131.4673 26.2140
137.4992 32.7810
137.8263 29.5890
133.5191 23.9961
136.9315 27.3052
140.0190 28.0803
138.9749 32.2179
132.2493 28.8436
136.3016 26.1519
138.2674 29.9160
141.7065 35.2117
136.6803 27.3411
137.3889 28.4735
138.4144 28.6228
134.6687 31.8471
134.1245 24.9399
138.3098 28.5092
130.4914 28.0377
130.8506 27.7367
138.3816 29.6341
133.8887 27.9875
138.7663 32.3336
129.9355 25.8080
124.6683 24.3838
135.9002 25.6566
131.6071 28.3077
140.0870 27.6593
139.7147 27.3617
138.0496 30.6493
136.6503 27.4125
151.9427 35.3989
136.3764 30.5620
138.6616 28.8495
137.2232 30.2192
139.9272 27.9255
138.5897 28.8874
134.4720 32.8363
135.2313 32.0132
139.0876 34.7355
138.2308 30.2956
134.9014 32.3375
135.8594 32.0167
141.2956 36.1710
132.4053 31.6335
141.1810 36.3114
136.0379 31.1563
141.3256 33.9544
137.1152 30.2800
138.5010 29.2239
136.7276 31.3924
138.5808 29.4553
139.1730 31.8028
135.0973 32.0923
135.6278 32.2651
140.0537 33.3744
137.5632 29.9621
142.6509 35.1996
136.3270 30.9803
139.8955 27.9755
152.1635 36.5746
139.0628 27.0861
138.8008 29.1297
136.6296 30.6410
135.9536 31.7749
138.0341 33.2368
139.5475 27.1682
138.6532 29.4264
139.5707 28.8204
135.4551 31.5576
138.3514 28.6241
137.8774 33.9200
135.7571 27.7610
136.4316 30.2756
136.6965 31.4445
140.5591 33.3878
136.4526 31.0042
139.7496 29.1690
136.1014 31.1704
151.6192 35.5617
139.8088 28.8711
135.4517 31.3462
149.9744 36.2493
139.9813 27.6349
137.0165 29.7861
135.7090 27.8084
136.2064 27.9465
138.4022 28.7168
139.6323 28.1286
139.5436 28.8994
135.9925 30.7082
139.8641 27.7358
140.4510 33.3308
134.2112 32.8590
136.2110 27.8495
138.3487 30.1412
140.3503 33.9179
139.6658 30.3224
137.8958 33.9927
141.8776 35.1858
136.4613 30.8347
136.8428 27.6274
136.1325 31.8979
147.0632 38.3400
137.0301 30.5787
137.9629 27.1969
134.0456 33.1708
146.1248 39.9883
140.5982 33.4380
137.2086 30.1893
137.4701 29.9569
144.5469 36.3439
140.7645 34.0619
137.1649 30.7734
135.3792 31.8190
135.9929 31.4793
140.1194 27.9889
155.8462 33.9003
136.0294 31.4280
136.5686 27.8924
137.9754 28.2236
138.7567 27.0699
135.9468 31.4414
140.7449 35.1883
140.6549 34.3483
136.2928 30.6598
148.8696 35.0845
135.9360 31.6655
138.0278 30.5065
134.6638 32.8948
136.2767 30.5768
140.0203 27.9499
134.9110 32.4247
136.8063 30.6017
138.7646 29.3406
139.6350 27.3367
140.5052 33.9128
134.5109 32.7475
137.6515 26.9444
136.6713 27.4111
137.9086 30.3188
149.1461 35.7909
139.7003 29.7586
134.2249 32.7668
136.9092 30.3809
139.7936 27.5666
149.7397 36.1493
139.9384 28.1095
136.4148 27.9058
146.8854 38.4767
139.7853 28.0775
135.6036 31.2207
136.9366 30.5145
139.2721 28.3107
136.0709 33.6630
134.7467 33.0151
140.6933 34.1998
140.6566 33.4447
139.6568 29.4400
139.7636 29.1187
137.4383 31.2874
137.7689 33.7232
140.2652 34.6875
135.3172 31.6691
135.4642 31.8565
139.8204 27.3483
138.5272 28.7102
138.4687 29.2278
137.7229 28.1117
139.8737 27.7298
136.0282 31.0664
136.3018 31.2821
137.4153 33.5348
136.3778 31.0293
134.6936 32.7853
138.5391 29.0862
140.0210 28.0855
136.0727 30.8967
146.6527 37.8750
144.6355 36.3199
139.5632 29.2791
140.7470 33.9876
140.5583 34.3088
145.2412 34.0083
135.9010 30.8246
135.9068 32.1081
139.5222 27.2381
144.9820 34.9440
144.5734 37.0469
136.6655 27.9716
140.0545 28.1065
135.9260 31.5666
136.2316 31.3633
152.0022 36.1010
138.7608 31.9326
138.5706 28.9264
145.5337 36.1573
137.1062 27.8155
134.4121 32.9667
140.4948 33.2454
136.3811 30.7540
145.8998 35.1996
135.6975 31.8591
134.8730 32.4825
139.8193 33.5383
135.7759 31.2839
137.0455 30.1649
140.7172 35.4369
136.6277 31.5623
135.9926 31.0096
137.4355 30.6563
136.3936 27.6515
140.7212 33.9854
135.3625 31.4260
136.3678 31.7465
136.4912 30.7508
142.1678 36.0239
139.8809 33.5118
137.9301 33.6814
137.2067 27.8121
136.4225 27.7164
139.5509 29.4393
137.1462 27.9255
139.7659 29.3794
136.6617 31.2280
136.6729 30.3213
135.9408 31.0190
137.9381 33.3628
135.7997 30.8729
136.6911 29.9465
138.5535 29.3538
145.9311 35.7089
133.9038 32.7929
136.7767 31.0143
139.7358 33.5509
138.4357 29.3746
138.1144 30.2181
136.1024 31.0648
136.0697 31.2121
139.6357 30.2296
138.8810 29.3130
136.4775 27.5010
135.9222 30.7519
139.1629 33.1342
135.8140 31.0787
136.6390 31.1035
135.5054 27.8813
140.0406 33.4003
138.3759 30.1465
137.6209 26.6574
136.0927 30.5988
135.1007 32.2746
138.0437 30.2944
135.7907 27.8718
137.8216 31.5181
138.7540 29.5976
137.4946 29.7868
145.9155 35.6458
140.0039 27.8517
138.6948 29.0148
144.6993 36.9478
133.9989 32.8654
139.7886 27.5766
140.6342 34.3513
134.9066 32.6844
152.4253 39.0242
136.8157 30.3564
135.8910 31.0291
138.6585 28.7343
139.3754 28.2211
139.9792 27.7229
136.3241 30.3591
145.7410 37.5271
138.3166 28.5514
138.4351 29.8164
139.8191 28.2629
136.7097 27.3820
137.5957 28.9810
135.7434 31.2264
137.5688 27.1478
141.2089 34.2173
140.4683 33.9274
137.3139 28.3332
135.7544 30.9835
136.2216 31.2326
137.9120 28.7599
136.5724 30.2117
138.5370 29.3223
136.0641 31.5870
135.5489 31.8619
139.9743 28.1044
141.1597 33.7923
139.8836 28.0398
136.4940 30.4733
138.2026 28.4061
140.4238 33.9200
135.9903 31.8887
135.3843 31.3866
139.4404 29.7679
135.2418 31.8120
136.0429 31.9431
138.6038 29.9207
135.5470 31.7488
138.6276 29.3892
138.5427 29.6917
137.2761 30.5896
138.5943 28.9609
136.8279 30.2647
137.1228 26.2110
137.5007 29.9206
135.4460 31.8286
135.8674 31.0366
138.3857 29.8569
139.7113 27.3098
135.9434 30.6972
135.4010 27.8970
137.4756 26.9567
132.5370 29.4419
138.3176 27.1804
145.1581 34.8305
137.2075 30.7361
129.1751 25.1442
140.6720 35.3564
136.2516 28.7907
139.7416 27.9741
148.4568 34.8065
130.5583 26.3425
132.8163 28.5329
136.8576 25.9188
129.5136 29.3905
139.4705 32.4439
134.1677 32.4058
128.8232 26.4199
136.9255 30.3213
145.5711 38.9089
136.4199 32.0444
135.1755 28.0939
132.0707 28.9794
132.7473 30.4012
126.5683 20.0396
128.2067 25.4281
128.8685 26.5979
145.9608 38.0978
132.9622 21.6496
134.2788 21.8823
134.0980 27.3296
137.6238 33.8838
137.2713 29.4300
133.6300 30.6035
135.7186 27.6122
137.7593 29.3645
136.5048 27.2801
137.7767 27.7558
151.8085 36.1011
132.5932 27.9131
133.8776 22.7503
141.1188 35.0216
133.4574 22.5031
138.4253 27.3308
134.7054 31.1471
136.7804 30.0734
139.6144 28.0237
135.5569 33.0978
134.2327 22.3018
130.5393 20.6924
128.6792 29.3019
131.7652 20.1092
140.5028 27.3363
136.9808 26.5238
142.0450 30.3464
135.1088 33.3536
137.7068 28.7788
138.9147 28.2534
129.5546 26.7445
135.6501 32.3908
137.7239 27.3313
121.7613 24.1271
136.9231 31.2627
135.3648 29.2567
133.1369 21.7578
149.1375 35.7829
139.0831 34.7383
138.5753 32.0987
138.6414 31.7137
135.8163 26.3935
134.9088 29.0333
138.4945 31.6537
131.4316 20.9109
137.6109 28.5966
133.6724 32.6431
133.2286 25.7548
141.0914 36.1245
127.8238 27.6006
136.7092 27.3364
133.2926 22.0220
136.3712 32.1580
135.3259 27.7568
134.3872 32.0789
132.2393 21.7100
134.3769 31.2933
144.1830 37.9588
132.8808 28.9173
126.1644 28.8330
136.0659 29.8014
136.8659 28.6733
136.5113 26.9286
138.2842 28.5313
139.6868 29.5846
136.8818 26.8289
139.2948 33.1721
132.6820 25.9785
133.2214 21.4722
132.6557 29.1079
137.8322 26.7578
134.7180 28.0052
141.4095 33.6135
131.7614 29.0481
131.7627 27.8395
131.3650 26.1759
133.7944 33.1029
140.2441 34.1670
136.7549 27.4213
136.3801 27.4627
137.5844 28.5819
132.6344 28.1413
129.3126 25.5749
131.6472 28.9580
131.0426 25.8134
138.5150 28.8364
139.7705 28.1866
134.8131 31.2066
131.9660 29.3830
132.5240 26.4244
136.8352 27.6612
133.5423 25.0333
130.0336 26.1398
132.9699 28.8048
137.1086 26.3873
139.0145 26.8454
139.0726 32.6245
139.4869 28.6355
137.1312 28.1514
138.7447 32.3113
132.8528 29.9404
130.6053 28.2033
132.6224 27.9790
135.8300 28.1407
135.6747 28.5851
131.5753 26.1948
137.0942 26.2650
139.7864 28.1814
133.4519 21.8160
136.7757 29.2135
137.1930 28.2630
137.3746 27.9073
135.1651 31.8156
135.7861 26.0773
133.3970 22.3024
139.8704 28.1259
133.3704 21.5421
133.2440 21.8443
137.0650 28.0328
132.5102 30.0191
138.0633 31.7277
131.3687 26.0256
133.3595 22.7616
130.3169 25.8825
130.8102 25.5981
138.4941 28.9047
137.4724 28.5903
135.7979 31.2720
136.6514 27.9457
133.1186 22.1412
133.5713 24.5459
131.9956 28.7506
141.8017 34.8928
132.6457 28.2342
136.3290 30.7652
130.2759 27.8648
133.0622 21.4515
143.9567 34.1185
133.6412 23.6798
132.6927 24.6104
129.7901 26.3991
130.9618 25.6242
132.7774 24.4751
137.3112 29.4836
139.9980 26.5393
130.8431 25.2216
138.2964 27.6673
134.0023 33.1162
130.8916 25.7826
140.0648 33.0522
138.5239 29.4443
139.1925 32.5258
133.8880 21.2279
134.3369 28.4959
139.7722 27.4936
137.7122 27.0963
139.2603 26.9111
137.0491 28.2306
132.5163 28.3595
139.3084 27.0719
135.8263 27.7641
132.5371 28.0983
137.3893 30.2831
134.0481 21.8261
135.6025 29.7822
131.3464 28.1851
139.6004 28.4554
144.1109 34.6711
138.1179 27.3856
132.5425 24.8513
136.0985 25.8794
132.8647 23.1137
137.7044 27.0275
139.6363 29.5319
133.2114 24.1926
139.4473 27.1843
139.6742 28.3833
134.8714 29.9505
131.1300 28.3116
132.2211 24.5962
134.7692 28.9871
139.5350 28.6425
134.1878 22.1683
137.6704 28.7912
131.8095 28.7622
130.3934 27.2597
135.8761 28.2345
131.4565 28.7274
141.4768 35.3344
132.6636 28.0842
140.1769 33.2770
136.1694 31.4338
135.8038 32.5145
137.5052 26.7741
133.1052 30.1461
139.5458 33.9263
139.8075 28.3283
137.6353 31.3974
135.4431 27.8833
136.7085 30.4110
134.0495 32.3587
139.7363 27.1559
135.8920 27.7802
135.4956 29.9107
138.4252 27.1343
136.1775 30.9904
125.3831 25.0127
135.6611 31.1306
134.0206 22.7553
139.9584 27.2577
139.2999 28.0050
125.6227 25.3323
135.1164 24.6132
133.1777 21.5615
134.5187 33.2613
131.8827 28.1289
131.4228 28.3451
134.1321 28.8205
131.9812 24.7283
130.5252 27.8399
139.3021 28.3101
137.6681 32.1461
137.1155 26.7397
136.0371 32.8899
139.5794 28.3360
135.4418 33.1736
134.2179 22.0504
133.5727 22.5927
137.3139 29.9021
127.3943 28.0069
134.2778 29.2577
137.6042 27.3348
124.8670 23.9946
135.1222 28.5779
125.4012 21.3204
138.1951 30.2249
138.4998 29.4113
128.1949 29.0099
133.1152 24.3994
136.3573 27.8184
137.2876 27.0301
132.2439 28.5160
139.7147 29.3106
134.9937 32.2572
136.5129 30.4495
139.6282 29.4626
139.6965 29.6559
139.6184 27.5541
149.9510 36.0622
138.8189 27.0514
136.1638 31.0409
147.1886 34.9998
141.7320 34.8189
139.7345 27.7562
137.1672 26.2762
136.2134 30.8910
138.6781 31.9671
145.1744 38.8311
136.9314 26.1168
138.8569 32.3046
135.7310 32.2940
143.8722 35.9483
136.1276 27.8834
136.4350 32.0949
138.9776 27.1140
142.3694 35.1927
144.9150 35.6077
149.9058 36.1802
140.9969 33.5566
127.5392 28.8825
135.8071 31.5292
140.1660 33.8891
135.7342 27.9031
138.5920 29.2799
142.3728 35.2051
139.5847 28.9111
137.8174 33.7440
146.4696 35.2382
141.8490 35.0583
137.8378 28.2103
138.1948 34.2167
146.0807 35.5742
146.5119 35.2273
137.3795 28.7483
137.7698 33.7685
145.0038 35.9850
137.7159 28.7906
136.2441 31.2459
137.2993 28.3345
138.3972 31.7448
139.2781 27.2028
140.7552 34.0694
140.2088 33.1331
151.5504 36.1947
137.5653 30.7892
140.6139 33.4100
137.4589 27.9642
136.5114 31.5400
136.0031 27.7226
139.6699 32.7457
136.7866 26.2090
144.1302 35.7944
136.4410 27.4774
138.6611 31.9152
131.8161 28.8185
140.5754 33.3198
140.8882 33.7661
138.0916 28.2907
137.7508 33.8082
150.3720 36.1983
143.8755 35.9420
135.0087 31.9779
136.1038 31.8363
140.0412 33.2709
141.9383 35.1958
139.9827 27.7636
138.2951 27.3405
141.9152 34.9798
137.3331 27.9129
139.9660 33.2304
135.0742 32.7554
137.5152 29.7499
134.1591 32.8511
135.0684 32.6678
137.8019 27.1552
139.6296 29.4678
138.5642 29.5071
136.4696 27.4244
131.6738 29.0704
136.4665 30.5177
139.9010 27.9140
135.7790 32.2858
148.6233 35.8339
139.8524 28.3375
122.6222 20.1576
125.2635 24.9805
140.2958 33.2874
125.8739 25.2253
131.4608 26.2991
129.4033 27.5265
124.6040 21.7111
133.7379 29.9144
137.0623 26.4080
138.4803 27.9720
127.5434 25.8434
132.2824 27.6216
139.7549 27.1253
132.2601 28.4217
131.9735 26.5241
147.0984 35.4111
131.5208 26.7753
133.6897 24.3340
142.6783 35.5938
137.6700 31.2040
134.1046 28.2445
135.9644 27.6429
132.8994 28.2751
138.9569 28.1427
137.5405 28.6436
135.7143 28.0880
133.2029 21.5380
132.8385 28.4123
140.6176 27.6580
136.7446 28.7473
134.3479 23.9766
135.9830 27.9245
133.2712 19.9922
134.7480 31.4145
129.9347 30.2755
138.8208 32.4707
141.3465 34.7864
135.5428 27.7990
140.9763 35.3661
136.4698 32.0851
127.8092 25.9969
141.3694 34.9919
140.1132 27.5284
135.2778 27.4862
128.8909 25.6288
132.3811 24.5619
140.4139 33.3898
136.9562 26.5260
133.3599 21.9588
136.6485 31.0230
132.2964 27.8474
148.1914 35.5325
133.6584 22.7692
130.2503 26.8475
124.1727 23.9999
134.7442 27.7058
131.3449 25.4977
135.7580 30.9395
137.4676 26.3371
134.5270 29.7146
136.7312 27.6787
138.0128 33.9950
136.6402 30.6964
134.4144 28.1681
131.7568 27.9569
131.0974 24.8003
135.3922 30.0927
132.2220 28.7903
131.8055 28.5508
145.5137 34.9331
137.3026 28.5468
139.8254 27.9614
138.4126 28.9438
136.0099 30.8535
137.3415 29.2807
131.0686 25.7684
137.5808 29.9362
141.4972 34.3516
146.7816 34.6978
138.2493 29.9113
138.3215 29.7296
129.2278 26.5296
134.1101 21.1359
133.5668 29.1269
132.1123 28.1207
133.2581 22.2802
126.6290 25.2821
145.1071 35.6016
136.6418 27.0599
136.6352 27.6346
133.8054 23.0355
136.5148 30.7097
124.3340 22.6952
133.4603 25.7324
133.4490 32.7447
134.4527 28.6904
136.9362 27.4008
136.3773 30.7122
136.1968 31.1352
138.3487 28.5716
139.7285 27.3903
138.4005 29.8398
137.1248 28.6679
132.4358 28.8444
137.9318 27.0025
137.2828 30.2208
138.0396 29.0334
134.8601 27.9210
136.2053 30.9247
136.8225 30.2131
138.4474 27.1183
137.5549 28.1688
136.6204 27.8711
137.1766 31.0655
136.4389 30.8979
136.2503 31.3295
139.8816 27.9132
145.6180 35.4515
142.2850 35.2437
139.5750 29.3310
139.9904 28.1853
136.1918 30.6311
137.9938 28.4409
136.6424 30.1328
134.3740 33.1516
139.6755 32.3540
136.3187 30.6711
139.7894 34.6217
139.5947 27.2709
137.4514 29.9817
139.2467 27.1541
135.8624 30.9188
136.9251 28.1782
136.4002 30.8186
140.0548 33.1750
139.6469 33.6436
135.2318 27.9381
136.5317 30.7085
138.3815 28.7644
138.4043 28.9727
137.1522 30.8555
135.9362 27.6723
136.2135 30.9779
136.0111 27.9863
136.4191 30.5570
139.0324 32.1616
136.1436 27.8069
136.7313 30.0885
136.8576 30.9819
134.7355 27.9274
139.7802 28.3520
137.8361 33.8923
137.6304 28.8263
137.2902 28.4587
134.9516 27.9504
134.1218 32.8679
136.1370 27.8631
136.8367 31.2561
139.7072 27.3201
136.6552 28.1861
136.0318 31.2219
139.9438 27.7808
137.2484 28.7314
140.7569 34.9770
136.4006 30.5048
135.9093 28.0711
136.8148 27.7717
137.2069 30.1849
136.5458 30.4761
136.4783 27.3939
139.7594 28.7345
139.6954 27.2903
137.3708 28.3397
136.4024 31.3990
137.4188 29.9238
136.8439 30.5256
135.6571 31.1617
135.7983 27.8852
141.1502 33.7164
136.1866 31.8267
135.6935 27.9875
137.0942 30.3048
135.6759 31.1111
138.3332 29.6450
137.3781 28.0579
133.1431 28.1210
138.3774 28.9365
137.8699 30.8316
132.5477 28.8713
138.4792 29.0865
145.0719 38.2754
138.5601 29.4813
136.4952 31.0461
136.1838 31.1155
137.2981 26.8008
139.7788 27.3598
146.6431 37.8825
136.5816 27.7939
141.1683 33.9376
142.6618 35.2402
137.8129 30.4527
145.1333 34.9056
136.9776 29.9161
136.4757 30.7661
136.7860 27.3745
137.7403 31.0390
135.6326 27.9615
136.0515 30.9221
145.3613 34.0860
137.1121 28.3555
136.8569 27.2639
137.3506 28.0355
136.1446 28.0546
138.6951 31.9259
137.7650 27.3307
127.4646 28.4517
136.6344 29.9018
132.1910 26.0825
136.1266 27.4097
137.6704 28.8516
133.3348 23.4881
137.5388 31.7881
141.7782 30.1693
134.1807 22.0926
128.4860 26.1486
130.8736 27.8702
137.3225 28.3061
135.0911 32.7743
142.5347 35.2760
133.4126 22.7921
126.7646 25.1782
130.9289 27.4407
137.6105 32.1551
136.0708 28.6684
151.7836 36.0810
132.9878 23.9272
124.9802 22.5836
133.4703 21.8111
132.3126 24.6253
130.0683 24.9101
139.2886 32.4610
134.2632 26.2847
133.4428 24.4206
129.1952 28.5949
139.4223 34.2236
132.7275 26.2450
123.8944 27.5908
125.9655 22.7129
137.2664 27.7432
125.6696 23.0638
138.2674 27.0902
136.2061 28.3224
133.1564 24.5064
131.2921 30.2552
136.4350 30.7235
133.5452 23.9661
133.1517 21.7955
133.6356 32.9877
139.2702 27.1431
133.9400 30.2337
136.6706 30.7416
130.8000 27.5659
139.3854 32.4453
134.0756 29.1053
130.5441 26.2859
139.9596 27.8553
131.2268 21.6537
133.4125 24.9379
132.7772 30.0010
132.1268 27.9565
124.7140 20.8687
130.8560 29.1069
131.1943 28.0901
139.5815 27.7755
121.1155 20.2331
129.5327 29.6013
130.2017 26.2789
134.0516 31.2994
134.0203 31.1427
138.5667 28.9759
140.7809 34.0834
133.8248 25.3680
138.4374 29.9569
129.1520 26.0755
131.5412 25.3416
129.3852 25.5046
131.6673 26.6955
135.5331 27.7181
134.7167 31.9145
130.3910 25.4879
128.7050 21.7116
115.0711 17.6072
121.8712 20.4322
130.9188 22.9385
124.6026 22.4302
130.8786 23.9805
126.9109 24.4701
130.4386 26.3556
133.6380 27.1054
129.2648 25.3661
129.7776 22.9261
129.2855 24.0394
133.1115 23.1759
125.6180 22.3983
130.4365 23.1293
133.8130 22.0495
126.0137 23.4305
126.0541 20.2683
129.6358 24.8963
132.8616 26.3397
125.1888 20.5791
131.1645 21.1171
129.2641 21.7553
125.3769 21.1819
131.3134 22.7593
111.2260 18.8075
133.0511 23.4292
130.5423 23.9497
129.0343 21.6757
128.2207 24.1726
130.6165 19.9325
122.9737 21.8873
137.4212 26.6978
138.8463 28.6489
132.8513 27.5759
137.3657 28.6120
120.4777 19.9191
116.1702 19.4311
129.2128 26.7808
131.9257 21.1147
127.7094 24.6363
130.3986 23.4330
128.1728 19.3986
126.1073 20.3275
124.5168 19.1859
127.7132 18.7375
127.9090 19.6852
133.2183 24.2051
128.9243 22.3991
132.4254 22.6437
130.4468 22.4783
126.0617 22.0496
133.3555 21.9934
135.6194 31.0336
135.7596 31.1798
134.7632 22.1530
139.1732 33.9572
131.8390 26.7196
136.8593 30.0080
131.3162 26.4128
132.9826 28.7381
131.9907 29.2333
137.2744 32.7761
138.3994 29.8609
141.3335 34.9989
131.9986 28.5090
133.7998 23.7903
124.5338 20.7278
130.3048 27.0903
130.5467 27.5954
138.1996 27.1065
133.8473 23.7074
140.7500 27.2993
134.2619 21.4698
135.9286 32.2788
133.7960 23.8059
127.5064 28.5149
131.3577 30.3988
136.0823 31.2481
135.9381 28.0882
136.2508 29.4690
138.4222 26.8901
131.9388 29.9877
135.9123 30.6398
139.7400 29.8119
134.1169 32.8525
135.6941 28.8526
144.6831 36.1313
134.3517 22.5515
134.5174 31.8911
135.8805 27.8048
136.6406 30.5246
131.2139 26.5042
134.7427 32.8298
135.2212 27.6212
133.9481 21.8235
136.3744 27.1512
133.8456 31.2490
135.2140 30.2194
135.2699 25.3769
137.0311 26.4810
139.8971 32.5977
134.4186 23.6806
130.9485 28.3618
134.9847 31.6831
139.4235 27.1225
137.6385 27.1941
136.1395 32.8580
137.5116 28.5463
139.5420 27.1832
139.5851 28.8633
130.5348 26.4921
136.3413 27.0159
138.1863 30.2870
139.7346 28.4061
136.2048 30.6941
140.8107 34.3138
136.2505 28.3726
135.1293 27.8743
133.7152 23.2643
132.1947 20.9329
132.5096 24.3807
138.3253 28.6477
132.4848 29.9097
139.7836 29.2994
122.9385 29.9962
132.4643 30.4025
144.5749 33.8654
141.9386 35.1635
136.6509 32.9901
131.4703 26.1277
136.7930 28.2988
130.3665 26.8030
130.6543 26.2631
138.8653 32.0031
139.3561 34.1688
138.1215 30.0128
135.2030 29.1944
138.1944 29.1615
130.1769 26.1498
134.8257 25.4753
126.3484 25.9745
140.2500 27.1813
134.8401 30.0045
135.4891 25.3703
136.7413 26.6533
130.5741 26.1216
129.0122 25.6702
132.8884 29.2282
133.5574 29.7686
140.3378 27.4183
136.7789 26.0778
130.7920 28.2315
134.8257 32.4794
138.8665 32.3525
128.6163 29.2691
133.0146 28.9577
136.7931 30.9049
139.4892 28.0758
135.7662 28.9277
137.4744 28.3141
132.0756 29.7551
129.6490 26.3803
137.1961 27.3795
136.3400 27.9187
134.6246 25.2955
140.1559 27.7154
136.2539 31.1930
123.9727 20.9586
128.4021 27.1008
132.1849 21.7056
129.1830 26.6771
133.2793 29.4178
128.1022 26.4304
137.9356 32.2617
134.5911 27.8154
136.8165 28.0376
136.0429 27.2937
131.4896 20.9731
138.1882 30.0391
131.3044 30.5666
131.9179 27.8713
140.2756 27.5193
133.2104 31.7851
129.3399 25.2012
137.1173 28.0960
137.0724 30.5060
138.6139 26.8315
133.5792 31.1518
132.5986 21.9396
134.1789 23.8875
131.2248 24.7596
123.8795 23.4377
130.5574 28.1567
135.5982 27.9184
132.7283 26.0927
139.7240 27.5762
128.5507 25.7272
136.7795 31.0152
130.8979 24.5179
131.5319 28.6223
132.7169 20.7784
130.4970 28.0917
135.7207 27.6997
131.7993 27.6906
141.8175 35.4739
147.3112 36.9343
139.3763 33.9120
144.4123 36.9524
140.2687 34.0604
139.7491 29.3226
132.1014 28.0942
151.2202 35.7861
136.5442 30.6075
135.9647 31.8364
140.1724 33.1243
138.9791 34.5494
139.5865 28.5118
139.9491 32.1302
135.7086 31.9010
136.9283 30.3295
138.2158 27.8757
133.7385 24.2367
136.0073 31.2536
134.1453 22.0336
144.4697 37.6607
137.1242 30.5725
140.2298 27.9672
137.0222 30.3775
133.0246 32.2680
139.5151 28.6941
144.5065 37.0108
144.6797 35.3448
139.9015 29.2194
138.2494 32.2920
139.6699 27.7875
135.2732 32.4476
134.8356 31.4390
138.1152 33.8340
145.6690 35.5578
146.1056 35.1334
135.4954 31.1637
137.4635 27.3936
121.8818 23.7503
144.5798 38.1802
130.8741 30.1050
140.7820 34.0121
139.4811 29.3667
143.2574 32.6748
152.7931 36.6292
121.3911 32.5086
146.0507 34.1215
139.9081 27.5462
136.2702 28.0927
140.1913 27.8671
136.4895 31.2523
143.4161 38.2143
136.0290 32.0005
134.7297 31.6735
137.8050 28.2991
135.8008 32.4342
152.3465 35.5630
139.4971 27.1634
137.7235 31.4074
140.7435 27.3172
139.3255 27.1301
136.0328 32.5626
138.8804 26.8627
133.8693 32.7834
140.2296 33.2249
137.2349 28.7447
140.7976 34.1180
146.2407 35.9330
138.8518 27.0810
139.5140 34.1792
144.7197 37.3156
152.3294 39.4086
136.6603 27.2818
137.0871 26.6534
139.0197 33.9907
158.1057 32.1479
137.3112 26.7212
137.1449 33.6242
133.6543 32.2117
136.8817 30.1077
135.8631 31.0144
131.5225 30.6581
139.2353 27.3732
137.1400 26.7265
152.3636 35.6047
127.2170 27.9469
141.3177 33.6193
134.3809 31.4348
134.9895 28.2036
134.2294 28.0959
133.8337 31.6942
130.0065 27.1995
133.2350 28.0451
134.0175 28.8198
135.1947 31.3165
134.7662 28.0967
138.5665 28.6181
134.8470 28.1031
138.4882 28.5161
130.2453 27.3230
141.1248 34.4000
134.5926 31.2773
135.1744 28.8043
136.7328 29.1723
131.7978 29.8256
132.9144 28.0890
132.5813 28.4017
136.1517 29.6386
149.3975 35.8549
130.6244 28.1169
137.2010 30.3336
134.5033 28.1444
131.3695 25.5175
139.8745 27.5761
133.4348 22.2669
138.8694 29.5002
134.6230 31.3173
124.3199 22.7717
131.0389 26.4736
139.1338 34.2881
134.6164 28.4104
134.5497 33.0389
133.3646 21.9393
137.9799 32.6819
124.5957 24.2168
130.8023 25.6227
136.4561 26.9522
133.2479 32.7130
136.9539 29.6675
136.2846 31.9942
141.9684 35.6470
141.2363 34.6103
134.5263 27.9608
132.4037 28.4372
136.4765 28.4857
133.1706 21.8220
131.5714 26.0493
139.3399 27.8088
133.8505 32.5625
134.8717 28.1474
129.7885 26.3752
141.2657 34.6364
140.3768 33.9318
133.3676 28.0068
132.9742 21.5177
141.2255 34.7499
136.9207 28.8936
136.3189 27.1921
135.8202 27.9130
129.7000 27.1838
143.4273 36.1140
131.2174 28.2698
138.2882 31.9518
134.0756 24.8673
131.0841 25.6016
141.0568 34.6738
139.2033 27.2067
137.6401 27.9475
132.7248 24.8468
134.9848 28.0162
133.9654 32.4115
132.2064 25.3322
130.6156 25.2245
130.6663 25.9336
141.9123 34.9095
136.5888 31.0211
133.4118 30.3404
133.3972 22.3088
133.5535 30.5007
133.8771 23.8931
133.6767 23.5939
138.5475 28.9741
133.6743 28.0140
140.0793 27.8165
134.5552 32.1817
132.4661 21.2554
135.8781 32.2289
133.2997 22.1627
129.8667 27.0169
147.7344 38.1584
134.8548 31.3598
132.7486 28.1105
134.6880 28.0660
132.1234 24.3566
130.3976 25.3384
136.0974 26.7742
139.4948 28.6510
135.8266 32.8931
137.3077 26.5146
133.0744 21.8893
132.2611 29.8333
135.9225 29.1682
129.3385 29.4658
138.1431 29.9924
131.7195 29.0284
134.3361 31.6103
133.1828 23.9811
131.6492 28.3085
131.1640 28.5510
137.3166 27.3265
127.8718 25.4267
130.5282 27.9761
130.0177 27.7777
132.7191 30.0822
130.1726 25.8806
137.1011 28.1939
133.9407 32.9140
137.0083 26.1837
133.4265 26.0644
131.3669 27.3784
131.0001 25.9245
133.1834 30.5893
139.8109 27.8904
126.6886 27.0596
131.5314 31.3025
129.0606 25.7593
137.5392 27.0427
138.4052 29.8795
134.2181 27.2539
127.7984 28.9171
125.1475 23.8458
133.5995 32.3980
133.1264 23.0863
129.0467 25.4462
133.3850 22.2873
129.9972 27.2789
139.6192 27.8578
129.2581 25.4017
131.4182 26.6692
129.7718 27.0394
133.5247 31.9888
131.3891 25.3256
138.6007 32.3126
138.5912 28.6302
134.7382 25.8197
123.9452 21.7134
136.7932 25.6921
130.3819 21.9831
125.6142 24.8648
126.6867 25.0437
138.3577 32.1059
135.1594 29.2148
137.4644 28.1596
128.5597 25.3556
133.5233 24.4115
136.3756 27.4998
138.7143 26.8916
133.7375 31.3166
132.7378 30.3986
135.7341 32.5038
135.6661 31.3595
139.9383 27.7279
130.6613 24.8621
142.5124 35.3318
138.9872 27.4680
134.8126 27.8481
136.2289 30.7611
130.1459 26.7673
138.1460 29.0071
136.4605 28.4636
136.9412 26.6839
140.5935 27.2698
135.1824 32.6365
133.0390 30.6263
129.7555 26.1858
136.8902 27.0848
133.8485 22.7465
133.3600 21.8922
140.3057 33.9092
137.7367 27.3262
136.8248 25.6418
137.5134 32.9678
125.3858 23.5785
130.2483 26.6578
133.0466 23.5440
133.2184 31.8525
130.2681 27.7372
139.7419 27.5086
134.2289 29.0285
136.2933 29.7270
131.6439 29.1073
130.9232 24.5049
138.4361 29.0324
139.9443 31.4292
144.8232 34.4571
130.2879 26.0665
135.6314 28.2688
134.3345 28.1736
128.7394 27.2163
133.3990 25.6013
140.1316 33.0441
133.0869 31.5829
129.7778 27.2963
139.2875 33.5275
133.8150 30.1247
135.1284 28.1260
135.8064 31.6230
130.1994 26.5186
132.2751 26.1135
136.4437 31.1898
151.4684 35.7327
135.9907 31.6424
132.5694 29.4606
136.1879 27.9455
132.6626 28.0599
128.9857 25.5161
139.9055 28.5627
131.6571 28.6130
137.3302 28.5520
144.7362 35.8662
130.2347 26.2105
137.8141 26.8032
135.8621 27.8802
134.6863 32.0595
138.3960 29.3762
132.9767 21.8673
139.7421 29.1107
131.1639 28.7975
132.0177 28.2124
134.2247 31.5229
133.2851 29.8337
133.2235 21.9352
133.5448 32.6822
124.4733 24.1523
136.8737 27.7470
133.2701 23.5179
130.5242 26.4695
139.3246 30.0333
138.5955 32.2760
132.8796 28.8045
137.6332 27.9223
138.6769 29.5596
131.0288 25.7977
135.8445 27.3576
137.2059 26.1538
133.4509 25.1690
139.3869 27.0711
132.5844 21.4403
138.0824 28.9485
139.4992 33.2726
133.6957 30.2478
130.8260 25.5930
135.9575 30.5936
139.3508 27.1488
139.3508 33.5607
133.2216 28.7184
124.4679 23.5724
136.4698 29.1452
133.3581 29.9114
131.2849 25.9489
132.5271 21.3299
139.1846 34.0021
136.3476 31.1940
129.6711 27.4314
132.9465 31.6807
132.3969 28.4352
133.5061 24.0870
134.7577 25.7345
130.4293 22.5726
139.3824 33.8179
138.5117 26.9941
132.5455 21.3621
136.3026 31.1847
136.7050 26.3070
139.6046 30.9050
130.1907 27.3077
138.1490 28.2141
123.9909 26.6649
128.5931 29.6741
124.2204 21.3033
135.7602 31.3966
130.6390 25.0324
139.4771 29.5254
126.9346 27.1065
133.6816 32.5503
133.1865 22.3899
137.2772 29.8923
129.8371 25.2222
136.5533 28.0111
132.8528 30.4088
128.9435 29.3399
126.8051 26.7637
131.5421 26.4109
132.2314 28.2719
132.6455 28.0321
130.6754 26.9074
132.4028 28.8183
139.4485 28.3258
132.6176 28.5199
137.7773 26.5235
132.8728 30.0188
131.8557 24.7644
139.7975 27.3900
137.4609 26.6978
138.5738 27.0267
132.7556 30.4327
133.4693 32.5881
133.3378 28.7145
132.1165 29.1356
132.9869 31.4994
139.6869 28.1663
132.8997 22.2596
128.5846 26.0106
137.4624 32.7436
129.3172 29.5322
132.7419 21.6284
134.6881 26.1181
131.3842 28.3267
135.7509 27.5434
144.0911 36.2535
135.7885 28.7861
124.2372 22.5839
133.0322 23.8224
131.6482 28.1316
136.6934 27.6898
132.8220 30.7407
131.5155 24.9100
136.9379 27.6191
132.9510 26.0486
129.3860 26.6599
138.3063 29.6582
133.4825 21.4206
124.7031 23.6929
136.0847 27.4207
139.8422 26.7115
129.1419 25.2009
137.8705 31.5959
131.2925 25.5472
133.0812 23.9740
131.5890 28.2835
129.7790 27.3648
136.0879 31.1919
139.6665 27.2930
130.1319 25.6524
137.6342 28.1912
133.3260 21.2627
133.0621 29.1738
125.8073 24.9005
135.4372 27.7700
134.1873 32.2379
137.5568 29.5319
133.0770 21.5105
137.6099 26.5822
136.1418 32.0169
129.9502 25.0815
139.9808 27.5499
133.5714 29.3767
129.7111 30.0569
130.2902 27.6259
134.9688 31.6857
138.2771 31.9641
137.7677 26.9742
137.0288 26.7874
134.3586 31.1028
133.7922 21.0947
132.1127 22.2141
123.4100 22.9987
132.0150 26.4229
137.5058 29.7239
131.4186 27.5335
134.7245 29.5890
123.7807 21.8932
132.5192 21.1915
130.0042 27.2712
136.1348 27.6178
131.9129 22.5296
124.7783 21.6918
137.8141 28.2554
134.3121 29.8509
136.7052 26.7188
136.5411 27.9649
130.4161 24.4364
137.4488 27.9401
129.0895 25.9277
138.4888 26.9491
132.6061 29.8300
123.0660 23.5321
133.1695 22.4053
129.8585 26.4552
136.3419 31.9545
124.7766 24.5499
131.0317 30.1405
133.0052 23.5180
133.8954 25.1099
136.7988 30.2615
134.2079 31.7797
134.3758 24.6168
131.1118 26.1167
134.9717 29.4170
124.7514 20.7361
129.9580 27.3226
139.3657 26.8066
130.5649 25.7174
128.1264 26.9784
138.8759 28.7451
139.7189 28.3202
130.1713 25.5632
137.1969 25.8126
140.0833 27.1756
137.6775 26.9852
134.5345 31.2187
134.9193 29.3521
137.0895 32.8258
138.9110 28.4792
137.5405 26.1443
134.5641 31.8004
133.8052 27.9451
130.0797 27.5566
133.6189 23.7182
130.1592 24.6781
133.9927 21.4113
132.3509 29.9547
137.1609 27.9474
131.0071 21.7975
132.6541 24.7969
134.6644 31.8659
137.1165 28.7571
131.2448 27.8979
137.3942 30.5792
128.6473 26.8522
132.0108 21.2627
132.0247 29.0283
135.1749 28.7180
136.8562 27.4863
136.0744 31.1464
135.9423 29.2560
134.9782 26.4247
135.9389 29.4318
131.5004 24.1886
135.6861 33.0369
128.8339 26.8234
130.8816 28.1717
138.2746 27.5306
136.3696 29.7926
134.9217 31.8532
140.1340 27.7018
139.8605 28.1987
132.3392 21.2606
136.9365 28.7075
134.9236 27.5883
131.6135 24.4315
136.5355 27.8476
134.4265 29.5675
134.9723 27.7908
136.4903 27.4555
132.6515 29.6153
136.6775 26.2734
135.6256 27.4820
137.6673 30.1796
136.4728 25.7177
135.3919 30.7666
132.1655 28.3093
130.8764 26.8489
131.9524 29.2233
132.1937 29.5470
130.9187 27.4542
136.2855 27.5212
132.9389 24.9655
136.7647 26.3624
133.4898 30.1254
131.2069 24.4683
136.3255 27.2206
123.4473 21.2517
138.1791 29.8466
139.2582 27.0439
130.8944 26.8745
130.3395 27.7934
138.1709 29.8537
134.0788 30.0546
134.0617 32.8565
139.3054 27.7174
131.5822 26.5570
138.5451 26.8429
123.2205 20.5717
140.0159 27.8104
133.0294 22.7842
137.4086 29.6564
140.0861 27.6472
131.4890 27.9416
130.8746 24.7566
137.1937 28.2031
135.1779 26.3653
139.7442 27.9990
133.7009 31.2691
134.1385 31.1226
137.4449 30.5060
133.1015 29.6882
134.4850 28.1491
132.1559 24.8530
139.6945 27.3119
139.9811 27.2573
132.9599 22.0671
136.0597 27.5712
135.9908 27.9006
128.3419 25.3723
128.5740 26.9641
133.2901 29.3976
133.8834 32.0096
135.6331 29.3198
136.1593 32.2960
136.1790 27.4064
138.5055 27.0448
132.9870 28.9290
131.4205 28.5871
132.9545 22.9831
138.0292 29.6192
132.9488 28.6503
137.8766 28.3029
136.3761 31.0863
136.6149 29.9809
137.3684 29.2759
135.5742 27.5298
131.1041 24.4438
137.3817 30.1084
134.7300 32.3477
137.0109 28.1127
138.2162 27.3183
131.6040 28.1125
142.5699 35.4345
136.9979 27.4072
135.7079 28.7917
136.6767 27.7299
131.5416 26.3139
133.1873 29.2599
129.8025 27.3503
137.1069 28.0915
129.5161 27.3119
130.9615 28.1975
133.1724 31.7656
123.1773 22.6879
133.4224 29.1870
134.2084 27.7413
137.5861 28.7367
134.9365 27.5526
133.0995 23.1592
140.0096 27.6295
132.2163 29.9909
134.7103 27.7697
134.3128 31.1699
137.6268 28.0745
121.6213 27.2717
132.0477 22.6102
133.2276 20.8334
133.4634 23.4228
135.1941 27.9749
130.1888 27.4093
139.8378 27.7156
125.6728 23.9131
132.7478 21.8897
148.9839 35.8026
139.4545 32.4033
133.3602 24.1867
134.1089 21.5724
137.2845 26.5694
135.8577 29.3957
134.5268 29.7158
129.4491 25.5501
132.5496 20.8185
132.6332 21.9229
128.5937 29.8314
135.8873 28.4712
129.1314 24.4985
129.7669 26.2068
130.2629 17.2985
132.3801 30.5517
141.0134 33.8309
136.6083 30.2885
131.6964 21.6594
138.4706 29.0782
136.4455 32.5603
129.2231 25.2676
132.2838 21.9507
130.6938 22.6536
132.4861 21.5575
124.2946 19.9144
131.4082 27.1253
137.5748 28.4595
132.7499 23.1241
130.7517 25.5119
123.7975 22.9047
132.5638 23.9234
130.1763 27.3788
124.6654 22.1999
133.5217 29.3532
133.1598 24.1447
125.2035 23.0360
132.5235 22.2248
138.8499 27.4252
135.3592 32.8974
132.5452 29.5734
131.5923 27.3198
136.3153 30.9899
126.1087 23.8153
134.7370 31.4949
131.5028 24.9591
132.1888 29.5562
128.3760 30.3308
133.7968 25.8381
130.7583 24.6501
125.5432 24.8715
122.2748 23.6445
120.3607 20.8609
137.0404 30.6339
146.6043 37.8317
136.5744 30.5160
134.2881 32.9080
133.4822 27.9349
136.4969 27.4468
141.3779 35.6128
138.0872 27.1001
139.6836 33.5748
136.0852 27.7779
139.6977 30.0330
139.7434 29.6293
136.4683 31.1392
139.0549 32.2309
139.7513 28.4304
137.9427 27.2095
137.9133 27.0642
137.1255 27.7779
137.5914 30.7904
139.8799 33.3564
142.4557 36.3594
138.5830 32.0330
136.0814 30.6365
135.0816 32.3774
136.7484 30.4372
137.6601 27.2742
145.8541 36.9014
139.4263 33.2806
136.7645 27.5838
144.9375 34.0180
139.5178 33.5156
139.9308 32.8373
136.6291 27.8622
145.7723 35.7952
138.3042 29.1255
138.6195 28.9235
137.8391 33.6283
146.9583 37.9049
136.9192 30.4820
138.0970 30.4653
137.2203 26.7353
139.4759 33.3599
141.0100 35.4384
137.8448 33.6608
146.8293 38.0264
138.6684 29.1639
139.5970 33.4630
136.4624 27.2204
145.4983 36.0753
139.9424 28.0317
139.7419 27.3820
138.0672 27.1656
136.5675 31.0520
138.0085 28.2469
139.8757 33.2379
136.4644 27.5787
144.2982 38.7784
136.7737 30.2937
145.6862 35.1112
137.6669 29.7288
138.5962 29.5242
138.5729 32.0214
138.3194 29.4292
144.7464 38.5154
149.6733 35.7837
147.2310 35.1324
140.9533 34.0148
138.1062 27.0557
135.9902 31.6270
139.6478 29.3795
135.8203 31.3628
146.1682 35.4240
144.2436 38.1742
136.4026 30.5043
135.7913 32.4616
137.2580 29.5952
137.1759 29.9240
134.6996 32.6925
144.7198 38.8119
130.7377 26.4824
139.1652 27.0770
151.3206 35.8731
136.9886 30.8960
144.7819 38.5252
137.1595 31.2580
141.1305 36.2344
140.5549 33.3009
139.8422 33.2807
146.0705 35.3866
145.8163 35.0402
137.3747 30.2184
138.3941 28.6632
136.6347 27.6609
138.4768 28.6867
136.6571 28.0635
139.1427 27.0743
145.9025 35.4239
144.7030 38.8471
139.1882 32.6516
139.2040 27.0805
138.7180 32.1588
139.9476 33.3669
136.1235 31.2832
139.1120 32.6716
143.0988 35.3344
139.6929 29.2217
135.7403 32.2642
136.2007 27.7576
137.7592 33.6973
140.8831 33.2076
136.1207 32.2085
142.5642 36.1696
136.1003 27.8285
140.2340 33.2633
138.3592 30.1048
144.6055 36.9937
140.7620 33.2449
146.7303 37.6885
137.0574 26.4636
137.7433 28.7676
139.0945 31.9360
138.4510 27.0746
136.1106 27.6532
140.1480 32.8224
135.4564 31.3283
137.3996 30.1433
145.6277 35.2888
136.1319 27.9953
136.4177 30.9177
139.3365 27.1555
142.7885 35.2968
135.8695 30.7725
139.3675 33.6188
136.8330 27.6136
133.4842 32.5507
136.2587 30.4117
137.0269 28.1043
139.7202 29.1994
134.5325 33.4569
136.3175 27.5576
135.7720 31.5023
144.9502 33.5068
137.8196 33.8255
136.6686 30.5353
139.0532 34.6230
137.0340 31.1179
139.3482 33.2362
142.1468 35.3396
136.0117 31.2163
140.5225 33.9465
142.0162 35.2166
146.6468 38.5450
137.2306 30.6117
136.1050 27.8229
141.0991 33.7452
138.8654 27.0988
137.0718 27.7032
147.0199 38.5973
134.6024 32.8810
136.2126 31.9736
138.7009 32.3138
135.8094 30.8645
137.6669 29.7354
138.3141 28.6587
135.5621 33.0969
139.7268 28.2368
140.3953 33.1770
137.7314 28.7744
136.2482 31.4889
140.3216 34.6671
137.2728 30.2358
136.4301 31.3139
136.2909 31.8594
137.4633 26.7139
140.8691 33.5096
145.5078 36.1400
139.6909 30.0106
138.4020 29.3195
136.4590 30.8974
135.9091 27.7108
145.8322 36.8559
136.3291 31.3006
135.9149 27.7950
137.1799 26.5817
144.4545 35.8694
139.6692 28.7625
146.0225 35.3920
139.8234 28.1123
137.8768 33.6812
139.5762 33.4778
146.2521 35.4380
137.9781 29.8722
143.0305 36.3704
140.2986 34.7474
137.7197 28.7031
136.5262 27.5502
143.5297 37.0237
136.4625 30.6461
136.7739 30.7068
132.4774 28.0549
136.7670 27.5829
135.7096 31.2327
135.7758 31.4216
142.0474 35.2792
143.4530 36.4757
136.5167 27.8314
138.9070 27.0536
139.3833 27.3389
140.0564 33.2084
136.7159 30.3674
136.6601 29.9416
145.8440 35.5865
146.2313 35.3683
137.3311 30.4114
133.4505 32.3746
135.8505 32.4681
136.8133 30.2950
139.6804 27.3515
151.7424 35.3433
145.8575 38.1675
136.6900 30.3985
138.1122 27.0830
140.1860 31.5823
136.0152 31.9275
136.6569 30.5233
138.5326 29.7654
139.2453 27.3288
136.4585 31.7245
136.1640 31.8917
136.4057 27.7476
138.2211 29.4140
140.2415 33.0979
146.0952 35.4749
159.4063 36.1225
150.5858 38.8624
138.5009 31.9755
140.7164 34.0591
137.3738 31.2928
143.2151 35.5647
135.6698 27.7735
136.9051 30.3379
141.0298 33.6031
144.9623 33.5664
146.1919 35.4058
138.3992 28.6147
137.4245 27.1240
136.1487 31.8962
136.1977 27.6056
138.6251 27.0435
139.6222 28.8070
137.8952 27.3176
139.9856 33.3100
140.9745 35.9726
148.6402 36.1905
140.1371 33.2091
135.3929 32.5998
137.9456 34.0394
137.2433 28.6948
138.3269 27.0783
136.6784 27.8302
138.5556 29.3966
138.7556 27.0609
144.5349 35.8504
139.4946 27.5720
136.8749 27.2953
137.4782 29.8333
137.1251 26.6955
139.4912 27.1378
137.1927 28.2532
145.4179 36.9056
136.7979 30.1832
140.4820 33.4095
137.3010 27.0686
140.3446 33.2022
136.2629 30.4248
140.0692 32.9651
139.2467 27.3404
139.0861 32.3269
137.7898 33.6300
137.1743 31.3334
146.1587 35.6537
136.8834 31.2123
139.3780 33.0639
139.0843 27.1289
139.8739 33.2812
139.8194 28.0313
