132.4080 28.4756
133.9244 27.9607
133.6661 26.4807
139.4158 33.1472
138.6481 34.3346
131.9250 30.7788
132.7161 30.7980
134.2822 28.2957
137.1941 30.4785
127.2587 27.4075
136.4926 28.5726
136.9158 33.8709
138.3271 29.7764
131.2323 26.8008
136.5404 28.8110
133.1799 28.4772
136.2806 29.2988
133.4342 32.3311
131.9144 31.9160
137.9558 29.1244
131.9177 30.7728
134.0573 29.3718
135.5691 29.4156
136.4025 30.3939
138.4043 29.4698
135.1375 28.1629
133.7601 32.3197
136.2847 33.6005
136.1261 32.9094
134.7032 28.0238
138.2363 29.2013
139.0289 30.1374
135.7703 28.6447
139.1445 29.7730
137.6019 30.5307
131.1887 26.7852
138.5289 29.9179
138.4541 29.1518
133.0781 28.4319
138.7587 30.0075
138.2513 30.1960
134.7181 29.6081
134.9768 28.8069
132.9895 28.4827
138.3736 29.1139
134.2011 28.1613
136.1007 32.8840
138.4397 29.8758
136.6278 28.7628
134.8051 27.6948
136.5791 33.1440
132.0373 30.6438
132.2333 32.1318
137.0428 28.8117
130.2707 26.2538
137.4088 29.0231
131.6429 26.8233
136.0623 32.9459
137.3163 30.2592
133.1428 26.0670
136.8725 32.8491
132.6076 30.8505
131.1472 30.0166
133.6126 28.9990
131.4013 26.2772
138.7965 29.9751
135.8003 28.5120
136.4471 30.2225
133.4049 32.2866
136.4490 33.2362
135.6603 28.6222
132.8744 32.1183
133.8449 26.9028
135.6753 28.4269
132.4706 28.0675
133.9296 27.1158
138.7113 29.3858
134.8642 28.9666
133.1203 27.7876
138.5461 30.3293
132.4600 32.1843
130.8225 27.3329
134.5066 26.2838
134.3591 29.4026
133.4715 27.5944
139.0837 30.1645
134.0261 27.5476
134.0460 27.7139
132.5061 30.7863
136.1487 29.1212
131.9156 30.5360
127.6326 27.6239
135.0154 28.0000
137.4321 30.5317
128.7836 29.0687
137.3106 28.8897
133.7657 27.6133
139.0306 29.7950
134.9044 29.1686
135.3815 28.2051
134.1064 25.8561
134.1701 28.1589
138.6407 29.8137
132.7681 30.9934
138.6793 30.4100
133.4388 27.0677
135.8224 31.8715
131.3816 26.8532
134.1503 26.1209
137.0851 30.4855
133.8667 30.9212
132.6295 32.1904
134.3071 27.9726
138.1950 30.1223
140.6196 35.1769
134.0255 28.9207
139.6468 34.6703
136.1741 32.9834
135.2606 28.1334
134.1672 27.5250
132.3033 32.2067
133.3088 32.3195
137.0904 30.4106
136.8147 33.0434
138.5355 29.6705
134.5837 27.7185
132.3505 27.9478
139.0050 29.7127
133.0659 30.9107
132.3533 32.2081
132.4318 31.9980
136.2460 29.1404
136.2548 33.1307
134.9598 28.6264
134.6350 27.7789
134.0753 29.5407
136.7082 30.1563
134.8715 29.1749
137.9519 30.2352
133.6955 28.3760
134.4937 27.5550
133.9425 28.3164
132.0739 31.3294
135.2109 30.2025
135.7549 28.6031
133.9991 29.0556
133.4874 32.2616
138.9678 29.4428
138.8373 28.7367
133.7419 25.7301
133.4191 27.5626
136.8998 33.1431
136.1180 28.5974
132.6992 30.9145
132.7132 31.1105
132.1148 32.1516
136.8034 29.0363
132.3781 32.2017
136.9874 29.8936
132.7793 32.3663
133.3157 31.4857
132.6651 30.8696
130.7738 27.3058
131.7130 31.2769
136.4077 28.6279
133.5339 26.6824
132.7132 32.2311
138.5947 30.2544
136.4671 29.9027
141.4915 34.7415
133.4209 29.1909
133.3078 32.2374
133.0573 32.3652
139.0738 29.8231
138.3542 30.2727
131.0678 27.0224
136.4853 33.7156
133.9780 32.3985
138.3405 30.2450
134.4720 31.0481
133.2347 32.2874
130.4842 28.4328
136.0128 33.0595
134.9633 29.0963
134.2721 29.1181
133.9012 28.4117
134.9885 28.1602
138.2675 28.6216
136.3588 33.6975
133.5399 32.5053
133.3300 28.4813
138.2859 29.9577
133.0116 32.2281
131.8058 29.8012
137.9868 30.2536
133.9730 27.8658
138.8983 29.6030
136.7864 32.1969
138.8432 28.7414
138.4299 29.0973
134.2376 29.1965
136.4306 32.6363
131.1917 29.9249
132.8647 31.0226
138.1399 30.3200
137.7301 30.2533
132.6588 30.7190
138.5426 29.0399
138.9833 29.6353
133.5466 28.4437
133.1491 28.7088
138.2572 30.3809
135.1198 29.8033
134.3793 27.8073
130.3549 25.7256
137.4242 30.4374
136.7129 30.2610
133.3038 32.2440
136.2805 33.2282
137.8159 28.9805
136.2189 28.5277
132.6086 31.5039
136.3515 33.5037
138.5718 29.6413
133.7702 27.7527
135.2065 27.9712
129.4305 24.9501
138.4646 30.0168
133.8258 29.0143
138.8576 29.3238
133.2774 28.8811
136.1557 33.3482
133.8033 27.7438
129.9299 25.3812
137.1536 30.2389
136.2297 28.9110
134.4183 27.9584
133.0632 28.4571
138.3742 28.9495
138.2003 30.2806
132.1882 32.1417
131.9629 30.7378
138.1103 30.0891
127.2790 27.9853
140.4336 34.2710
138.4771 29.2356
136.6693 32.2616
133.8560 26.3613
132.7076 30.9528
130.1079 25.6978
133.7106 32.5012
132.5809 31.1021
134.4087 27.9054
134.8295 28.2432
131.7354 31.0715
134.3649 27.9743
133.3190 26.9340
136.3507 28.6603
139.0317 30.0454
132.6152 31.4310
131.8544 30.9722
134.6544 28.9770
137.4605 30.3974
137.9658 30.5471
137.4806 30.4158
136.2358 33.2734
136.4545 33.3312
138.6347 30.3128
134.3430 28.9932
133.8904 27.6051
135.5159 29.2553
133.3243 32.3038
134.0924 27.7962
132.3542 32.0242
132.7786 28.4405
137.8523 30.4964
138.4938 28.6696
135.4300 28.6063
133.5703 27.0966
132.3285 30.8076
139.0845 29.6229
131.7670 26.9935
136.1023 28.7639
134.3027 26.1697
134.3899 28.2057
133.6309 26.7923
130.3011 26.0551
134.8525 30.2031
136.2092 28.7110
138.8767 29.3492
139.9290 32.4944
138.6195 29.3352
138.8089 28.8177
133.9697 27.5768
139.0595 29.9590
131.6593 26.6760
136.8831 30.1997
130.4416 25.7975
133.1678 29.1557
132.9208 30.9560
132.7290 32.2759
137.3441 28.9112
133.1850 31.2581
136.3648 33.3040
136.8251 30.5515
132.3217 30.7901
135.0394 28.4954
131.8280 27.2545
138.9164 29.3669
136.8828 30.0057
130.0544 26.2988
138.7797 29.9534
136.0523 33.2684
132.4320 30.8033
137.1498 30.5022
134.1292 26.1648
130.4152 25.6419
133.2250 29.6535
133.4810 28.2077
128.4030 26.4421
137.4250 30.5873
132.4812 31.9506
135.8413 33.2275
138.5634 29.3112
138.6498 30.2807
138.7052 29.7776
132.6252 31.8876
138.3446 30.2185
133.8522 27.6763
138.9870 29.5704
136.8301 30.4027
137.3793 30.4999
134.0026 27.8633
133.0851 31.4674
133.9215 30.7849
136.2268 28.6649
133.5905 29.0581
133.8254 28.0025
136.5639 33.1791
132.3533 27.8104
132.9463 31.2906
136.6576 30.0896
134.2493 29.0098
133.8755 26.6868
128.0312 26.6685
133.5063 26.6150
136.0727 33.0209
134.3275 26.4178
132.5587 28.4733
137.4429 34.1851
137.0649 30.3677
138.6352 29.8841
134.9275 27.7660
136.2955 33.3984
137.3921 30.4117
138.9080 30.2704
138.0927 30.3772
134.6056 29.1543
137.7153 29.9536
138.5297 29.5936
136.2312 28.6454
133.6700 32.5267
136.3017 33.2553
126.7942 27.0804
131.9736 30.0441
132.4509 32.0294
138.4448 28.8767
133.4696 32.2305
136.8648 30.2362
132.9683 32.2328
131.6981 31.3358
136.4270 33.3606
137.0399 30.4477
138.5242 29.0671
137.4751 30.4842
138.5647 29.9573
135.8437 28.3856
134.5981 31.1387
128.8477 26.4462
137.5724 32.6402
135.9684 32.6772
132.7112 32.3408
138.6210 29.9617
139.1847 29.7607
136.5596 33.4225
132.9621 28.1578
135.0160 28.4470
132.2833 27.4270
132.3941 27.6561
135.1401 28.0754
131.7443 27.6881
133.2888 27.2870
136.6335 30.2057
136.0329 32.4636
132.0069 27.5312
138.7940 30.0799
133.9606 25.6467
134.0576 26.8317
133.6981 32.3120
132.1074 27.8851
130.3987 26.8538
138.6529 29.9508
138.4591 29.4217
139.0298 29.5445
133.5704 28.4015
133.1528 28.1279
137.0968 30.4070
132.2057 30.7344
136.1604 33.2237
138.2383 30.4309
133.9424 32.2979
136.7528 30.0489
133.7047 27.3649
134.4569 29.6964
136.9689 32.7046
132.5655 31.0622
133.7510 28.1533
136.1787 32.0452
134.4520 27.5974
138.5643 29.2691
133.1095 31.1602
138.1992 28.8178
139.0487 30.0418
131.6278 29.6273
132.4222 31.0858
136.3512 33.0956
132.7766 30.7283
136.1179 33.4307
135.2259 31.9503
138.1706 30.3382
133.0437 28.6860
132.1678 30.7532
131.1070 26.8334
139.3306 29.4670
133.1525 28.2287
137.9404 28.9014
136.4394 28.7490
139.0473 29.9850
138.0916 30.5509
133.3986 32.4840
131.8934 31.6836
132.6318 32.2322
136.2117 28.6407
138.5582 29.8983
138.0890 29.5134
131.8364 26.4054
134.4428 29.4015
130.4600 28.0581
138.0179 29.1846
134.1003 29.3280
133.7304 27.3199
132.7015 30.9144
138.5581 29.4542
132.7124 28.7813
133.5256 27.3221
137.5386 30.3053
135.1705 27.8384
129.8201 26.9840
136.2370 33.1392
128.1852 29.5890
135.4915 28.8160
132.7149 28.1917
140.7617 34.9913
133.3694 25.6914
138.8207 29.5432
135.5703 28.2118
134.1478 26.7088
132.0870 27.7169
133.6756 26.9141
140.2928 32.8671
131.7478 30.3407
134.4694 27.7699
133.4388 26.7637
133.4050 31.5356
134.5519 27.9622
131.1156 26.7691
138.6993 29.5291
135.7853 32.0295
136.4557 33.2214
139.0206 32.4048
132.3888 27.7169
138.2285 30.4244
127.2507 27.7243
132.5131 30.8184
136.5724 30.1764
138.9975 29.9456
133.7942 27.9533
138.5401 29.9188
134.6826 27.9181
137.4266 30.5140
138.9661 30.1474
138.7640 30.3049
137.4638 28.8955
134.1936 26.7476
133.6657 32.4204
133.8808 28.4551
138.8840 29.8045
132.5869 27.7717
133.7634 27.6733
135.8335 28.5358
133.9469 27.6878
137.1196 30.3752
131.1817 25.6797
138.0801 30.4273
128.8427 30.0151
135.1619 28.0094
136.2465 28.8728
132.4542 30.8147
132.7291 30.8357
138.2246 28.7411
134.3192 28.9373
138.4094 29.5684
139.1543 29.7377
136.6157 30.2180
128.0829 29.3041
138.8269 30.1291
136.6758 30.3374
137.2531 30.1623
137.9913 30.2090
134.2372 28.9514
136.7628 30.0399
138.3939 28.9951
139.0856 29.9539
132.6127 30.8761
134.2612 27.3692
131.8647 31.8385
132.6740 32.0927
130.4293 26.5792
138.3757 30.4050
132.1603 30.7830
133.6280 27.5471
139.1903 29.9261
138.6404 28.6829
139.0453 30.2472
137.5954 32.2254
133.7200 27.6673
134.4621 27.9408
133.8135 27.6529
137.8558 28.8127
132.9346 28.0813
137.3454 30.5899
139.0182 30.0409
136.7700 30.5759
132.6703 32.1529
133.7080 32.6379
134.1290 27.6213
134.2814 27.6446
134.4379 28.9365
138.2795 30.5443
135.3191 28.9704
137.7371 30.5918
132.3376 32.1410
138.6988 30.2994
133.4991 32.3210
130.1910 26.6365
133.7551 26.4866
132.3732 32.0415
133.3664 32.2501
133.7650 29.2409
134.2644 29.0356
138.6495 29.9633
131.7677 31.2243
131.1851 29.4174
138.9254 29.6447
133.4753 32.2925
132.4296 32.1121
132.8254 30.9871
136.6960 30.4381
136.7750 30.4019
135.0712 29.1772
131.9823 30.7286
127.5230 27.1109
139.0751 30.1099
132.4103 30.8367
134.5003 26.0403
139.2200 29.4509
138.5525 30.0118
138.5864 30.2323
133.6609 32.3950
131.6119 27.0692
139.2352 29.8666
137.0914 28.8817
137.7239 30.4871
138.5269 29.7696
132.2412 27.6130
133.3093 32.3501
130.2209 26.0582
135.3612 30.8596
136.2792 30.0966
137.1796 34.2166
137.1366 30.0510
139.4261 29.6967
137.0421 33.6488
136.9546 30.7034
139.1884 29.6735
135.6926 29.3538
136.9230 32.6675
138.2280 29.7466
132.5093 30.6478
136.8656 33.1192
138.7737 28.7322
136.8294 32.7595
139.1093 32.9659
136.6630 29.9321
138.4483 29.9053
137.8207 34.1820
135.7866 33.0171
139.2267 30.3089
139.0800 29.5933
136.7233 29.1282
134.6040 29.8894
138.7035 29.9338
136.5827 33.6963
132.5602 30.5483
136.8118 33.4217
136.9131 34.0755
136.4953 33.6762
128.7068 29.5473
138.2383 29.4549
128.2967 27.8628
136.9335 30.8955
136.7537 32.4918
139.1589 29.3465
135.9007 29.0850
138.2056 29.7969
138.2597 29.9818
136.2373 32.7059
137.2953 30.0530
139.1044 29.8937
136.4021 30.6369
135.0771 29.6715
136.7151 33.7619
138.5797 29.7740
136.7248 30.4008
128.6532 29.1348
139.0077 29.9660
140.8007 34.7648
137.9802 30.0338
128.3773 28.8174
138.3992 29.6420
135.7576 29.1937
135.3720 30.3682
138.0198 29.3405
132.1714 30.5650
138.7051 29.1900
136.6562 29.1263
137.6127 30.5553
136.0985 33.1590
128.2515 28.7794
137.7057 30.1890
135.2225 29.2293
136.5288 29.8751
135.1542 27.7810
138.8511 32.8749
136.4296 33.5325
131.9498 30.4621
136.0945 28.6415
137.2908 34.2298
138.2822 30.2607
128.1329 30.2091
136.3533 28.6564
136.0791 32.3228
138.3229 29.1095
142.0168 36.0094
138.0993 29.2400
141.2663 33.1576
137.9349 30.4620
141.3015 35.4806
138.3758 29.5457
139.0974 29.5065
138.4848 29.4263
139.4207 30.1476
138.8867 29.3048
135.7816 29.1441
139.3933 29.4425
135.0640 29.9990
136.9449 34.0763
138.6568 29.2160
138.6722 28.7457
135.3502 29.2918
136.4203 32.7995
140.5402 34.2511
135.4959 28.0930
137.1919 30.0672
139.1138 30.0809
136.2240 32.2071
135.2591 29.4915
139.6520 32.5495
138.3703 30.3468
136.1766 30.0217
139.1861 29.1170
136.9195 32.9051
136.3721 29.1457
135.6044 29.4629
136.9371 33.5235
137.1279 29.1979
135.5859 29.2554
139.0814 34.5186
135.4312 29.3516
133.1094 32.0322
137.3472 34.2441
136.5709 33.6008
136.7481 33.6237
135.4233 29.1766
139.7144 32.9402
137.1299 29.2109
138.1512 30.7142
138.0262 34.1950
136.6951 33.8119
136.5219 33.7178
136.5314 29.3189
136.6509 32.3902
135.2642 29.7141
132.5860 30.6617
136.2005 33.5132
136.8877 30.3634
136.3250 33.6703
141.2070 33.7974
138.7989 29.8171
138.1822 34.1327
140.8585 35.3414
135.8771 29.0923
128.5334 28.7869
135.8337 32.4418
136.8973 33.1153
140.8908 34.8267
136.7428 30.6441
135.7995 29.1269
138.9296 29.8836
136.2821 32.2064
136.9253 34.1107
136.9141 29.1646
136.6626 33.8506
136.9361 33.6244
136.3588 29.9835
136.7075 30.2563
136.1991 32.3307
139.2691 30.2435
136.9722 33.3916
135.7383 31.1010
137.0094 29.1376
138.5123 30.5834
136.0584 29.1092
131.7500 30.3292
136.5358 33.6383
136.4816 32.3128
139.1525 29.9494
136.6073 33.7782
136.5840 33.6293
133.2718 28.4920
138.4033 29.5983
133.2074 31.8210
135.2934 29.0937
140.9937 33.8966
136.6400 29.9245
136.5429 29.3355
138.5596 30.2109
137.2490 34.1629
136.3643 32.3003
138.6165 29.6597
138.7276 30.4488
136.2494 33.0826
136.8655 33.7190
136.9153 34.0629
135.3838 29.7567
136.8944 33.6031
138.8034 29.2535
137.0192 33.5852
139.0052 29.4547
136.6238 30.8015
137.3437 34.2705
138.8837 29.9969
127.9672 27.7765
127.4746 27.5446
138.8951 29.9496
138.8202 29.9291
128.6718 27.8324
136.8044 34.0249
136.8224 29.1643
136.3153 33.6090
138.7519 30.5204
136.7009 34.0061
138.5487 34.0003
137.8971 30.8047
140.9346 34.6214
132.9521 30.5960
137.1049 30.7674
141.5811 34.3766
136.4425 30.4178
136.8069 33.6421
136.2681 30.2337
136.0898 33.0770
128.0542 29.4772
139.0820 30.0464
131.5212 30.2405
138.8595 29.3131
136.5975 33.7405
137.0973 34.2184
136.5566 30.5326
136.6242 33.8893
137.1322 34.2179
137.1038 34.1346
136.7398 33.6491
137.0968 29.1629
138.0317 29.0706
138.2064 30.6796
134.3410 28.3741
135.7197 32.5589
136.3573 32.8870
136.0900 32.2811
133.6521 31.7593
136.6743 33.6307
135.3010 28.6490
136.4603 30.2854
141.0071 35.5296
134.9974 27.7155
138.5995 34.4939
136.2734 32.6542
134.0600 26.1709
130.9934 28.5087
136.5876 28.8209
137.2729 28.8803
134.8676 27.9593
129.0669 30.3100
128.7535 27.8275
136.1314 32.5934
134.6378 26.1044
138.4548 30.3215
134.3516 28.9577
136.2638 33.6966
132.0008 31.5922
134.4180 28.8145
138.8815 32.5535
137.6364 30.4818
138.7025 29.3457
135.4849 32.8148
134.0271 31.5967
134.9212 29.3903
136.9274 29.2212
138.3450 30.0493
136.0323 33.0404
138.7824 30.4812
139.0657 29.6637
137.4969 30.1114
132.9412 30.9457
134.4941 27.6995
133.0181 32.6830
139.1622 30.0279
125.8449 31.3473
128.6920 26.6119
134.2053 26.6825
127.5163 28.0032
139.1647 29.7253
138.6774 29.4513
139.5364 32.7717
139.2505 30.1253
135.4753 28.2355
136.9642 33.4752
138.8989 28.5115
138.4877 32.5331
134.4907 27.4356
136.1738 33.6073
135.6638 31.7876
135.3433 29.0409
133.7439 28.7964
138.3438 29.2922
136.1858 32.0447
133.8179 31.7365
138.6585 29.4443
136.2058 32.2136
137.9442 28.7350
137.5359 30.5054
134.8672 28.6876
135.4608 33.0304
135.6404 28.7663
136.5778 33.3710
136.4386 33.9719
135.0590 31.2448
140.2854 32.9205
135.6654 28.1445
138.0372 30.6195
134.6262 27.8068
134.8900 28.2645
136.2686 29.3634
134.5485 27.9148
139.2799 30.2043
133.6958 27.3219
137.2320 30.7426
138.3548 30.5427
137.6924 30.2729
136.4911 30.2480
138.6909 30.5701
135.8551 28.8539
135.3394 29.1039
138.9754 28.7381
128.1617 28.2537
134.8654 28.3564
133.4864 27.3841
136.2553 33.4762
139.2048 30.0113
132.3318 30.5895
138.3080 30.5909
136.6133 30.7165
134.0254 26.9357
138.6551 30.5099
133.9054 29.2143
137.0955 30.4641
127.9230 27.7189
136.0566 32.0708
137.9382 32.4387
135.1201 29.6522
138.7081 29.5434
133.1533 29.5786
131.0172 26.3014
137.7737 30.2814
136.2564 32.1568
138.1490 30.4407
134.2515 26.0612
135.7858 28.6930
135.5178 29.3452
138.3949 33.9920
132.8315 31.0583
133.8833 27.6823
138.1505 30.2927
133.9379 28.9651
137.2448 34.2505
133.1137 30.5448
132.4045 30.3741
133.5389 27.5996
136.6823 32.8952
132.6838 30.9038
137.6010 34.3923
137.5722 29.0622
139.0708 30.0966
138.0500 29.0104
138.8292 30.3094
127.4359 27.6298
134.7017 27.6793
138.6089 29.7956
131.6024 26.5026
138.8050 29.7832
131.3384 26.4997
138.9272 30.0615
134.7236 28.9818
137.5795 32.7187
136.8026 29.3957
138.2113 30.1505
136.8283 30.1759
138.0937 30.3378
132.1578 30.7450
136.7212 32.5094
137.6584 30.2791
136.9155 34.1209
139.0148 32.6563
136.4391 33.4507
134.2996 26.2586
135.6549 28.1560
138.3333 29.3192
132.1866 27.3706
134.3185 27.6391
134.8733 29.2536
138.8253 29.2769
133.1467 32.3043
139.0244 29.4326
127.3462 27.8035
134.2490 31.4175
133.9962 26.7993
133.9399 27.8821
133.0355 32.3149
138.4358 29.4991
134.4349 27.7200
135.7386 32.6092
139.2086 29.9731
137.4872 30.7402
136.0199 33.3042
138.5768 28.9790
128.0919 28.9793
136.1630 32.9079
136.8202 30.1953
134.9797 28.3190
137.0314 30.2029
137.1610 30.2871
138.7363 30.1918
131.3075 27.0038
131.8891 26.5391
138.2994 29.5045
136.5772 30.0522
133.3069 32.3035
133.3156 31.2746
138.7570 29.7024
138.3256 30.1998
139.0060 29.9311
138.5665 33.7115
136.1969 33.3906
138.0526 30.2890
131.1794 26.2885
134.6611 29.5824
128.0963 29.2744
137.1218 29.8924
132.1555 30.0670
132.1740 32.1716
139.0797 30.0512
135.2964 29.0787
131.3630 26.6296
133.8606 26.6866
136.6879 33.4852
135.6765 28.2054
137.1063 30.1877
132.2125 28.0568
138.2714 30.3818
137.1744 34.2136
136.9147 33.0599
134.0004 29.1462
133.4122 27.4238
138.8252 29.2115
133.8618 28.2114
132.9294 31.0832
136.4112 33.8271
133.7234 26.8973
138.6526 29.4037
138.5741 29.8879
136.9789 30.3393
138.5685 29.5704
136.0466 28.6674
133.3227 28.9716
139.1814 33.0902
132.4362 30.7600
139.6797 34.2114
128.9688 26.3847
137.9684 30.2590
137.2771 28.9599
137.6692 32.7637
136.0199 32.8598
132.5156 27.3819
133.4572 28.3537
133.9516 26.6546
131.6129 31.0706
132.0536 27.9008
138.3082 30.3016
138.7970 29.7478
132.5224 32.1940
137.9173 30.3225
136.1821 28.8307
135.3538 29.3464
138.1972 30.4414
132.7756 31.0822
136.3107 28.7109
138.5411 29.8639
134.0730 27.6579
139.0937 29.7076
138.8736 29.6166
133.5220 26.8834
138.3766 29.3588
136.9404 30.2257
133.3426 32.3056
137.4585 30.4813
140.7380 33.2427
134.0403 26.6853
132.5130 32.0602
133.5063 32.2772
136.3363 29.0179
137.1022 30.2369
137.2005 30.4566
137.7685 30.2893
138.0108 30.4023
133.6918 26.3327
132.6744 30.9451
133.8334 26.3418
137.4958 28.9865
134.5513 29.5847
132.1995 30.6157
138.5636 30.2240
133.6452 26.8232
132.0402 30.7202
138.2946 34.1005
131.9568 26.9158
138.2688 30.3995
137.9796 29.0909
133.3295 28.2569
134.3799 27.9227
134.2264 31.0109
138.8435 28.8612
137.3944 30.3383
131.9277 27.6265
138.2664 30.3621
127.2194 27.1695
132.7089 30.8093
127.4020 27.2330
136.6822 30.1411
138.0543 30.4975
136.3625 28.6647
139.1073 29.7296
132.0858 27.6619
136.8687 29.0779
135.5095 28.1748
136.1692 28.7093
134.6786 25.7445
138.0274 29.1134
131.4085 26.8132
138.3812 28.9597
132.4792 32.1757
136.4925 33.2158
137.9941 30.3971
136.6743 30.1972
138.7733 29.0700
137.9568 30.3286
128.5119 26.4150
139.0637 29.9523
138.8343 29.9574
136.1906 32.6662
138.4680 29.5423
133.8855 27.0193
138.6956 29.6910
135.3514 29.1057
137.6667 30.4095
132.3284 27.8524
133.1358 31.0976
137.2739 30.2813
136.7581 30.0483
138.3760 30.1465
135.3818 28.2962
133.6175 29.9963
138.7456 29.8665
127.8849 28.9194
132.6441 27.7296
138.8852 29.3201
136.3603 32.9387
135.7404 28.7219
130.2745 25.6551
130.5003 25.3529
135.7696 28.6295
132.5103 32.1161
128.1984 29.4592
134.1587 26.2533
134.2321 27.9133
131.3112 26.5031
137.3368 30.4672
134.4382 32.4697
139.0171 29.6824
133.0331 32.0910
138.4974 29.5593
127.5215 26.7187
133.9410 27.0361
133.6304 30.2371
136.0256 32.3315
138.6331 29.7298
138.9587 30.2316
133.9883 27.0238
138.9176 30.2866
133.2543 32.4499
138.3530 33.9866
128.1099 29.4043
132.5415 28.4644
134.1892 27.6838
134.6284 32.5089
138.6612 29.8614
134.7849 29.5074
138.2394 29.0541
134.9170 29.1621
136.8127 34.0172
136.1198 33.0726
136.5961 33.3579
135.0061 29.1095
134.4193 27.8903
136.2383 33.0554
138.4685 29.2867
132.1462 27.0440
132.3714 27.4750
133.9866 27.8965
133.9106 29.0299
137.7825 34.2569
127.4817 27.9991
135.1640 29.1516
133.0532 32.1597
127.6067 27.2153
131.5678 29.9708
135.0595 29.4028
138.7129 29.6172
134.6180 27.8184
130.6403 27.0993
132.9685 32.3573
133.7675 27.2301
138.6039 29.1992
132.5491 30.5866
135.3711 29.3073
136.1834 33.4500
138.4329 33.9952
137.4002 29.0873
127.6980 28.0306
132.6729 30.5646
136.4682 33.3597
127.9431 28.9666
138.3902 33.9628
138.9809 30.2796
135.0333 29.1092
136.0079 32.9693
138.7635 29.6211
134.2685 29.3115
132.2631 32.2947
135.1602 28.4788
137.0267 30.5522
137.7279 30.1948
132.6501 32.1761
134.1771 31.1219
127.4507 27.6429
135.9255 32.2530
133.1014 32.1682
127.8763 28.7140
134.5887 31.3079
135.2152 28.4669
138.9869 30.0237
134.3521 28.0674
136.2323 32.9649
138.7828 29.6258
135.3140 28.5509
135.3525 29.3331
133.3309 30.9654
132.7784 32.0038
138.7471 30.4178
135.5566 29.2828
136.1381 28.6008
138.3615 28.9358
138.9823 32.7325
136.4939 30.7092
135.0983 29.0748
135.5516 28.2973
132.8911 30.6883
136.7792 30.4145
131.7850 27.0536
132.7457 31.8999
137.3066 30.3394
134.5682 27.7985
137.8451 29.9627
138.7495 29.3492
136.3417 33.7281
134.2599 29.3217
136.0356 28.3053
135.2961 29.5241
136.6483 32.2828
138.8890 30.2883
138.2246 30.3584
138.6087 30.4847
133.0107 30.7087
135.2568 28.5130
136.9840 29.0781
135.2061 29.2287
131.9067 30.8140
136.2890 33.5429
135.2718 30.1302
133.4610 32.4435
132.8699 31.0790
132.7113 28.3141
130.4417 27.2500
135.7422 28.9091
132.7540 31.9672
136.1077 33.3265
136.0075 33.0143
132.5264 30.8285
138.5527 29.4527
136.3422 33.1530
138.3624 29.4007
137.7977 29.7295
137.3044 30.8124
137.5441 34.3528
136.3011 30.3584
138.1519 29.9148
136.2011 32.4735
137.0195 30.6307
136.6947 33.9689
138.3976 29.7563
136.1749 32.4789
137.6799 29.8408
137.1710 29.7762
136.4907 33.2899
136.0574 30.2487
136.7588 33.4669
140.1064 32.7655
137.6258 29.8745
136.0930 30.3679
138.1471 29.8370
136.2732 32.4870
137.4917 29.6475
136.5663 32.4613
136.6163 30.4390
136.4720 33.3509
137.1560 30.3528
137.7881 29.8923
135.7161 29.4409
137.8378 29.9329
138.6443 34.1840
136.0817 30.3617
137.4511 29.2960
136.6633 32.6722
137.0618 29.7497
136.6593 33.7268
137.0705 30.2533
138.2297 29.5112
137.5296 34.3399
136.1576 32.8084
138.5847 29.2329
138.1811 30.3370
137.0388 30.2078
138.9062 34.5499
137.9848 30.3985
136.4013 33.1826
138.5569 29.5758
138.5254 30.1861
138.3772 29.8328
136.0098 30.1587
137.5333 29.8010
135.4985 32.9367
138.7614 30.1351
137.2905 30.4022
135.5157 30.5381
137.0891 33.4760
136.6886 30.5232
138.9133 29.9018
136.7764 30.2123
142.7778 35.9257
139.1547 29.7272
136.1613 30.5517
137.9017 34.2990
138.4899 29.5255
136.4714 32.9378
136.8458 30.5311
138.0040 30.3361
137.8015 30.7885
138.1175 30.7477
138.8706 30.1010
138.3737 29.8013
137.7441 30.1442
138.2856 29.8379
136.4627 32.5736
137.3663 30.3063
137.7825 30.8335
137.5864 29.8893
136.2918 32.9387
138.8206 34.0636
138.9871 30.0104
136.4931 33.0274
136.4716 33.3614
136.8893 30.2032
136.1612 32.4646
137.7175 30.7893
137.3558 29.3653
136.4708 33.0853
140.2598 34.2202
136.0890 30.5930
135.4456 29.7706
137.9957 29.8514
140.8112 34.2199
136.9421 32.8759
137.2104 30.4580
136.8559 30.6195
136.4500 33.1929
136.4337 33.0280
137.6439 29.8248
137.1294 29.7381
137.7204 30.0942
138.7038 29.6730
138.5773 34.1925
136.7700 33.9470
137.0224 33.2608
143.8180 36.2813
137.5479 30.0634
137.2615 30.9106
138.2023 30.6997
138.6372 29.5822
137.5936 30.1534
140.8494 34.9794
136.1337 32.8809
136.6635 30.4324
139.0019 34.5163
136.5918 29.7461
136.3091 32.4619
138.1738 29.8655
137.6660 29.8882
137.2992 30.2826
138.4308 29.4274
136.4423 29.7919
137.0255 30.3940
138.5711 30.1883
138.6660 29.4464
137.0775 33.5429
138.3576 34.2164
136.5954 29.8113
138.8273 29.3327
137.7995 29.8567
135.9710 33.0568
136.1033 32.4362
137.9609 29.9231
138.8801 34.0235
138.9383 29.9937
137.6181 29.9559
136.5123 30.0037
137.8966 34.2634
138.4772 29.3372
138.1989 34.1925
138.4901 29.5258
136.5163 33.3021
137.5155 30.8858
142.2383 36.0849
138.2055 29.5285
137.7371 30.5030
136.9831 30.6020
138.2496 29.8507
134.5016 32.8706
137.7395 29.9428
136.3441 33.1578
136.9890 33.0457
136.0270 32.5561
138.3897 29.8107
138.9797 29.8748
137.7872 29.6560
135.4768 33.0337
136.8092 32.8194
137.3027 29.9340
137.4967 30.6007
138.5335 29.5692
137.3703 29.8359
137.6101 29.5461
138.4946 30.5499
138.2263 29.5979
136.1685 30.0588
137.8119 30.1513
136.5131 33.1001
136.7723 30.1959
138.6984 30.5063
138.6035 30.5486
138.2666 29.6793
137.0953 30.1390
140.7823 34.2193
136.6346 33.7069
139.0825 30.0847
136.4333 33.1035
136.4972 32.5427
135.9301 33.0754
138.7952 34.1269
137.1165 29.8503
138.1774 29.8498
138.3691 29.5779
136.6088 32.4331
141.6026 34.3074
137.3233 30.8770
138.3242 29.6539
136.6987 29.3288
137.6216 30.0090
137.8665 34.3013
137.0366 33.0511
137.0609 34.2124
138.5910 34.0249
138.6121 30.1782
135.9813 32.5154
138.0222 30.7858
137.6111 29.8975
136.1145 32.5235
136.3267 30.1898
136.1000 32.4533
137.7902 30.4880
136.4399 30.6453
136.8822 32.8479
136.8939 29.7053
136.5638 29.9780
139.6896 34.7008
137.9431 29.7533
137.3640 30.3962
137.4442 30.3013
137.1451 30.8597
136.4421 32.8823
136.1008 30.0319
135.4296 30.0085
137.0027 30.2349
140.5727 34.8340
136.7683 32.6439
136.7648 33.7607
135.9993 32.8190
137.9979 30.7895
137.5132 30.8643
139.1084 30.2983
138.7933 30.1020
138.9333 29.9360
137.0702 30.7847
136.5862 30.3929
137.1271 29.7942
136.9589 32.8223
136.3067 29.8418
136.6848 30.6168
138.5421 30.1319
136.8657 33.7868
137.3777 29.8313
138.6608 30.2028
137.0246 33.2234
136.9999 29.2572
137.3905 30.6058
136.6680 30.2110
136.8454 30.3283
139.0864 30.0948
136.0823 32.4967
138.5482 30.2440
138.1315 30.3664
136.0041 30.2732
136.9455 33.0147
136.4084 33.2076
137.7102 30.0656
137.8836 29.8865
137.2905 30.7893
138.2471 34.1916
136.9972 33.4266
137.8307 29.8958
138.8626 29.4394
137.2852 29.9229
136.6583 29.7928
137.4752 30.5538
138.0660 30.4016
137.1141 34.2338
137.7662 29.5718
137.5762 29.8943
137.0202 29.9903
136.8492 33.7051
138.3819 29.3735
138.5497 30.1882
141.9485 36.0722
137.2586 29.8046
138.1433 29.2972
136.4016 33.1639
136.7671 33.4119
137.2788 30.7953
142.2454 36.1103
136.3284 30.1935
137.2117 29.8079
136.6200 29.2838
137.7016 29.3563
138.5886 29.7507
137.0243 29.7618
140.6472 35.1125
138.5216 30.1499
138.6932 30.1884
138.5087 29.4644
138.1371 30.3284
137.4522 29.6152
136.5863 30.8427
135.5533 29.6287
136.7945 33.4459
136.4206 33.1000
137.0644 30.8924
136.7732 29.7283
136.8155 29.9893
138.7266 30.0588
137.2689 30.6016
136.5040 29.3864
136.3695 33.2786
137.1885 30.0811
136.5371 29.7504
138.3404 29.4453
135.9722 32.6523
138.5194 29.4263
136.6505 30.3595
137.4290 29.8621
136.4447 33.0282
135.7576 32.6496
138.1449 29.8332
136.5076 29.8554
139.3346 30.2083
137.2616 29.8767
137.3473 29.3781
138.0374 30.4053
136.9085 29.8639
136.4480 29.3635
136.9173 29.4400
138.6972 30.1343
137.7813 29.9031
136.5014 30.3384
138.7557 29.2396
136.7457 30.6501
136.6573 29.7645
138.7072 30.1489
137.5737 30.5309
138.5844 29.3830
136.4498 30.5858
137.4542 30.7726
135.6554 29.5575
136.9925 30.4781
138.1467 29.2886
128.1144 29.6381
134.2096 28.0264
136.6208 32.7765
136.2892 31.5583
133.0080 27.4878
139.7589 34.5399
130.4582 29.1461
138.6382 29.7831
143.6598 35.8384
135.9971 33.1722
134.6418 30.7583
135.8325 28.3199
127.7654 28.8300
138.2431 34.2359
137.7363 33.9610
136.1371 33.0392
133.6709 31.2581
133.2507 28.4734
131.6030 31.4096
136.2327 30.1457
139.5855 34.5400
137.2830 29.0316
132.7525 31.8756
132.4923 31.9625
132.0331 30.4135
135.1097 28.2501
130.4791 25.4746
132.2876 30.8497
132.8214 32.2951
132.1384 31.1569
133.4450 30.1974
141.3632 35.5230
133.5988 27.5354
135.0188 27.7453
135.9430 25.8939
136.3962 32.8746
137.3908 30.5264
133.1244 28.9026
137.9784 30.2341
139.1284 30.0752
138.4670 30.4682
135.2348 29.0789
127.4240 27.6309
141.1159 35.0803
138.8541 29.9169
135.4535 27.9596
137.9043 32.2234
134.4140 27.7840
137.7301 29.1646
133.7561 31.0096
138.4647 30.0801
138.7918 29.7371
125.2560 28.8480
137.8481 31.8749
133.7956 26.2119
134.1387 26.9443
127.8954 28.7724
134.3673 26.4524
137.3962 28.6377
135.7675 28.6106
138.9102 29.6152
135.5317 33.3226
137.3342 29.8414
138.2510 29.9033
136.4714 33.5486
131.9717 30.4904
138.3580 29.8623
135.5043 28.8837
129.4386 26.3607
137.3197 30.6710
131.6457 30.4603
133.2944 27.4051
140.8116 35.0468
136.1384 32.7307
132.1816 31.9075
138.2162 32.2874
136.1599 28.4407
134.3495 28.5201
138.7701 34.0599
133.8854 26.5061
137.2522 30.6770
138.1947 29.4285
131.3683 26.7084
141.4431 34.7722
128.4337 28.2002
137.5537 30.1544
133.7144 27.1614
137.1592 30.6867
138.2536 30.1295
133.4527 31.4078
137.8664 34.3510
127.9442 27.9625
134.2494 26.4613
133.2223 30.9085
135.9277 32.8934
140.8052 33.9477
132.8830 30.8310
127.8882 29.4570
137.2783 34.2545
134.7101 32.3136
134.0698 32.3995
138.7012 30.2813
138.5617 30.2718
139.1518 29.7125
136.2164 28.5500
134.9044 31.9082
132.6804 27.9497
134.8166 27.7064
131.5230 30.1886
136.2318 28.9764
133.6668 32.4271
136.0927 33.2134
136.1390 33.0712
134.8133 30.0374
138.7142 29.9445
134.0965 27.7899
133.4215 32.3154
136.6095 33.1509
136.6961 28.9734
138.7173 30.1764
137.6533 30.5084
133.8529 32.0017
133.3158 28.2101
136.9561 33.3872
134.7453 29.4643
134.8042 28.1765
136.9410 30.2676
139.2002 29.4341
127.4453 26.8671
133.9019 30.8454
136.5870 33.7925
134.9290 29.1528
132.6673 28.3396
128.0760 29.4135
137.4564 30.5459
135.1297 29.0624
134.4656 28.0918
132.9677 30.9327
131.2094 31.1441
137.9465 28.7800
138.7756 29.3795
132.5932 31.2121
138.0879 29.2142
137.9871 30.3305
131.9829 31.0206
133.9288 28.6567
134.2268 27.9317
138.6185 30.0238
132.6138 32.1681
128.1539 29.9622
134.9734 28.1025
138.7676 29.4259
128.2923 29.3444
138.7216 29.4135
134.0118 27.3186
134.0174 32.3481
137.7773 30.3717
137.5335 30.6120
136.5190 29.0973
135.8118 29.1269
134.9242 27.7319
138.6376 29.3748
134.1291 27.5760
134.0287 26.7457
139.0422 30.1913
135.0954 29.8379
134.8361 30.5637
133.8226 27.9076
133.7156 27.7692
133.9244 27.8067
134.3327 28.3280
137.4395 29.1915
137.8416 30.5005
138.5199 29.9418
138.4206 30.1625
134.1921 27.6360
132.0639 27.7823
127.1738 27.4241
139.0340 30.2020
136.8943 32.9746
132.1139 32.0655
136.6387 30.5052
128.0505 29.2840
134.0638 28.7340
133.8550 27.0638
140.7352 33.6650
135.0542 27.9281
134.9089 27.7884
134.0829 28.5584
134.9402 29.4526
133.6288 27.6542
138.4804 29.6616
139.2144 29.5031
133.6626 26.7502
135.1867 29.4599
128.2541 27.2712
134.0966 31.5753
134.7093 29.0341
132.6638 32.0546
136.1578 32.8670
138.6253 30.0850
137.1314 33.1997
134.7953 27.4219
131.4802 29.9095
138.7001 29.7871
138.4043 29.4979
135.9665 28.3916
137.2076 30.4601
133.1556 31.9477
135.8130 32.5359
138.8570 29.3439
137.9168 30.2708
137.2405 30.1778
136.7311 30.0061
134.8605 27.6447
130.6321 28.8679
127.7459 28.1147
133.3617 29.2528
139.1299 29.7861
140.9655 33.6255
135.3725 29.2376
134.4946 27.9047
135.9500 28.7213
133.8118 26.6917
138.5986 29.2087
138.6600 29.7015
134.1459 27.7259
139.2567 29.9742
139.3880 30.0308
134.4153 29.0163
140.4216 34.6458
134.1307 29.0325
134.2075 27.9832
133.5618 28.2061
136.8147 33.2266
138.5356 29.7634
134.6996 27.5813
136.9531 30.7422
132.0477 30.1166
134.9287 30.1765
133.1501 31.4400
135.2509 30.4432
136.4639 32.2430
137.0264 29.8898
136.7492 33.8409
136.7316 33.2950
135.4052 28.0892
135.5000 28.3171
139.1327 29.0258
134.2688 28.9418
132.6626 31.2714
138.2172 29.6929
137.8285 29.3929
137.7782 30.0487
136.4972 30.0513
131.7375 31.1423
139.1720 29.2557
134.6245 28.3821
138.1878 30.3492
132.5552 32.2652
138.9509 29.9615
136.5035 30.3829
128.5459 29.9007
128.7033 26.4912
128.8023 30.3316
138.5791 30.4969
134.7369 27.8109
136.5776 33.6580
138.7373 28.8069
139.2011 29.5820
129.1791 28.3603
128.3449 29.6501
137.7730 34.0244
128.8168 27.0067
138.3492 28.3758
134.0062 27.3163
137.0984 30.6328
137.3058 30.5377
141.0061 35.5239
133.9828 29.1590
133.2543 32.4274
135.8928 33.0826
133.1910 27.0818
135.6950 31.4962
139.1382 29.8770
138.4856 33.9750
135.9180 28.3526
139.6046 33.3245
135.6929 28.8267
138.9961 29.5780
137.7995 29.5920
134.7746 27.6316
133.9311 27.6399
138.3742 30.0236
128.9526 28.4316
132.5028 32.1679
135.3323 29.7862
128.8797 26.6391
132.1245 30.7929
129.3578 26.0387
136.7237 30.9327
138.7232 30.1326
127.7136 28.8341
136.6718 33.6049
134.3770 27.9038
136.2250 33.5478
137.9453 30.7906
135.7259 29.0863
136.4662 29.1532
138.7477 29.7674
138.0260 34.1130
136.8273 29.9192
136.4472 30.0152
139.1375 30.3364
138.8369 29.8861
138.6255 29.9033
138.6033 34.0640
138.9669 32.0607
140.5903 35.0121
137.9454 34.2464
138.6120 29.5337
136.9849 33.0077
136.4572 30.2361
140.7892 35.2368
136.2135 32.2864
138.5943 29.9063
138.6846 29.1846
136.4346 30.2985
136.6672 33.9267
136.9086 34.0780
141.7370 35.3156
138.6750 29.1660
136.9877 34.0904
138.7947 29.9413
136.7298 33.7435
136.2826 32.4329
137.6339 30.8266
140.1661 32.9888
136.0733 33.2260
137.8504 34.1953
138.2567 29.1417
136.6652 33.6855
136.9483 33.6522
140.8690 35.2649
136.6647 32.4180
127.5302 28.2316
136.5746 33.6922
135.5868 32.7595
137.2641 34.2446
136.9325 29.2090
136.0112 33.1166
138.1252 30.2921
136.3181 33.6330
136.4234 29.3780
136.4068 32.2757
139.1876 30.0097
136.9473 32.8157
136.5167 33.7688
136.7183 33.6448
136.5611 33.4162
138.1859 30.6442
136.8056 32.5982
136.0289 33.2012
136.8368 33.7086
136.5661 33.7081
138.7206 30.1175
136.9359 33.0925
136.4666 33.6909
137.1105 30.8452
136.6645 29.3641
137.1420 30.8713
136.9681 33.5266
137.5551 29.2099
136.9925 33.3965
136.9682 33.5657
141.3521 35.4032
138.8088 30.0868
135.9925 33.1899
136.7200 29.1858
137.2537 29.2888
137.4263 34.1545
137.9319 30.7586
137.0306 33.3141
135.6735 29.3015
135.9918 32.4968
138.6037 30.5008
136.8841 34.0789
134.3506 28.9975
138.3882 34.1304
136.2909 33.1372
137.0544 32.9363
136.1457 33.0515
135.3739 29.1716
137.8226 34.2342
136.8865 32.9935
139.6234 34.7679
136.9966 32.4292
136.6818 29.9179
137.9647 29.5546
136.3826 33.7749
136.2065 32.3307
138.3123 29.3665
135.6087 29.0982
136.5249 32.3278
136.6834 30.7186
136.7707 32.4822
135.2510 29.5951
137.2639 30.2156
136.9752 29.3910
137.6824 29.8956
135.8541 29.1736
136.7115 33.9557
139.1277 30.3591
138.0642 29.9299
137.7952 29.9722
134.8226 29.3817
136.2865 30.3868
138.2382 29.6327
136.7137 33.9170
138.7130 29.9353
141.0584 35.4881
139.0208 29.4873
137.3123 34.1406
128.6808 25.1541
130.9231 27.3186
136.3820 32.7363
131.2813 27.3539
132.1711 27.6520
128.1938 30.1789
128.2586 25.7627
131.1072 29.8913
136.8740 33.3717
138.4733 29.4056
138.0665 30.0280
131.3403 27.1334
138.6910 30.0550
139.1032 29.9196
137.1089 30.4068
131.7973 26.7970
140.9730 33.6245
131.7451 27.0679
135.2600 28.6280
136.7825 33.4838
130.4264 27.2906
137.7893 30.4159
132.8572 31.9903
136.9229 30.2479
133.1446 32.1909
138.5336 29.7807
136.2292 33.5386
137.8444 30.4650
138.5919 29.8442
133.7719 27.3213
133.2874 32.2296
138.7761 29.1765
132.3965 32.0599
134.8527 26.1867
138.0923 30.2920
135.5235 25.0148
134.0423 31.1262
127.1300 27.4466
132.8766 30.8170
138.2427 34.0323
134.1824 32.6430
140.6740 35.2130
137.5849 30.5509
131.3743 27.1743
136.8269 32.9795
138.4839 29.0757
138.7669 30.2871
132.7599 28.4595
135.2349 28.1154
136.7060 33.4234
138.3867 29.3956
134.5273 27.6133
136.8870 30.1926
138.4544 30.1136
140.4061 34.7688
134.4766 27.5605
135.1463 29.5700
130.9243 27.0528
137.0042 30.2220
132.7495 29.0381
136.9763 30.2596
138.4222 29.3133
133.3477 28.6987
138.5650 30.0106
136.7702 33.1058
136.5748 30.3310
133.2425 32.1665
137.1045 30.2615
134.7575 27.9486
132.9131 32.1681
137.0926 30.3114
136.9503 30.5203
136.6957 32.9854
137.2283 30.7063
139.1242 29.9175
136.9063 30.1853
138.1845 30.3818
139.0467 29.9046
137.4405 34.1846
135.1287 28.0978
136.4696 30.4996
138.2548 33.9998
136.7953 33.3890
140.3715 34.0931
136.9068 30.2007
136.9464 30.2107
133.2609 28.5299
134.7093 27.5219
132.5209 32.1571
136.4663 28.6932
134.0381 26.8369
131.0681 26.9195
139.0507 32.7078
138.6326 34.4908
137.4153 30.0235
136.9184 30.2017
132.1729 27.9482
136.6801 30.4675
129.9804 26.5152
132.4210 28.0928
132.9974 32.2278
131.0949 29.8413
129.6823 26.7352
138.1530 30.6779
136.6960 30.1203
136.7502 30.4166
138.5040 30.1550
137.7044 29.2703
137.4863 30.4634
138.5950 30.0426
138.8391 30.3006
138.8184 29.2536
136.8853 30.5368
136.5365 33.3741
136.0305 29.4792
137.6281 30.2765
136.7081 30.1978
136.7018 29.9750
138.4886 29.3759
136.7298 29.4825
136.0409 32.5054
137.2684 30.8698
137.9129 29.4949
137.0743 33.1655
136.6469 30.4871
138.0388 29.9583
138.7238 29.7233
136.3035 33.6015
136.6431 33.6425
138.8732 29.8325
138.5054 29.8042
137.1057 30.6253
138.4027 30.2100
137.4860 34.2754
137.1166 30.5751
137.0812 34.2181
138.8037 30.0306
138.9159 33.8157
136.6388 30.2273
136.1301 32.9484
138.4267 29.3526
137.7130 34.2271
136.6998 30.5243
136.6354 33.6981
138.1213 29.3988
137.6704 30.0179
138.0872 30.3203
136.5838 30.0949
136.6285 32.3812
136.9084 34.0838
137.7778 30.4831
136.1576 33.6086
136.9732 30.2105
141.1787 32.9123
138.4666 30.1202
138.5554 34.1405
135.3236 29.6019
137.3135 30.1532
136.8970 33.1148
137.5466 30.3289
136.7058 30.2019
138.1660 30.5503
136.6206 30.2398
136.9686 33.3709
138.2322 30.5562
136.9412 30.6442
136.0996 32.9013
137.5422 30.5564
137.7028 30.5539
138.2243 29.6346
136.8950 32.7213
137.8655 30.3897
138.1328 30.4407
136.1386 33.2439
137.7776 30.4840
136.9682 29.9624
137.8611 30.5028
137.9984 29.5750
137.6678 29.2519
138.1228 30.3757
136.7610 30.4337
138.4035 29.3923
138.7649 30.1148
136.9360 34.0337
136.5583 30.4245
138.2545 34.1969
138.1926 30.3084
138.3503 30.2393
136.9899 30.6179
136.4382 30.2733
137.0123 33.9804
138.5720 30.0656
138.1565 29.2294
138.5226 29.6137
136.3179 29.1439
137.3766 30.4938
136.8677 30.5567
136.6946 33.8408
136.9434 30.5961
137.8200 30.0966
137.7641 30.4798
136.9982 33.2913
137.8994 29.4140
136.2778 32.9011
138.1301 30.3547
137.0230 30.5900
137.6068 30.1307
138.4420 30.2348
135.2640 30.1847
138.7596 30.1210
138.4223 30.1963
140.7057 32.6058
138.6167 30.0801
136.2739 33.0172
137.4433 30.6070
141.0267 34.8604
138.5972 30.1817
138.5618 30.2655
136.6243 30.4756
138.5620 29.1426
138.4969 29.3416
141.7250 35.4058
138.2964 30.2488
137.0048 33.1351
136.7504 33.6482
136.8880 33.7232
137.3052 30.5754
136.0763 32.5997
137.0704 30.5791
136.9604 30.2438
138.6217 30.0896
141.5679 33.3014
138.2062 30.3195
136.2029 33.3504
136.9753 30.0514
138.7493 34.2510
137.9819 30.4140
137.0825 30.7817
138.3811 30.2278
137.1910 30.3100
136.7577 33.9316
135.7250 28.6014
127.0676 28.7543
136.7602 29.1306
136.8419 28.8235
137.6717 30.5853
138.8527 29.8539
133.9801 27.3355
139.0997 34.8632
134.2874 29.9209
138.9847 29.5878
135.5290 25.6484
131.8660 31.0702
131.0826 30.9245
132.5598 31.9832
137.3111 30.3917
137.8820 29.9615
136.4445 32.9683
135.2383 25.3552
131.4529 30.3228
136.5481 28.9568
137.9242 29.2901
134.4063 31.7928
139.5515 34.8458
131.0425 26.7652
132.5724 30.7764
131.3175 29.1043
135.1578 27.6974
129.5192 28.7947
131.6247 26.8406
133.5887 26.2632
138.1572 34.0468
134.4601 26.4349
135.3646 27.9570
127.2414 28.2349
136.9301 33.2079
127.0686 29.5936
132.2596 28.3213
126.3345 29.5573
133.2350 24.8350
138.4889 30.2583
130.9120 27.1507
136.1151 29.1957
132.2104 31.9583
135.6103 25.3329
133.2269 31.8424
139.0558 29.9742
134.4468 28.5862
134.7306 25.9963
136.9222 30.9741
127.7701 27.4101
138.7412 29.3797
131.6994 30.9394
136.5579 30.0910
133.7776 31.9672
138.5010 33.5968
131.5696 31.2472
133.8604 27.7222
138.8438 29.3208
134.2454 26.5871
132.9985 28.7904
131.5557 30.9913
136.4310 33.2102
130.5898 25.5549
128.1091 28.4497
134.6836 28.5904
133.7921 30.0768
139.0545 29.5199
130.2580 25.0847
127.5320 28.3916
133.0148 31.9092
133.6806 31.2275
133.7854 31.6782
137.3930 30.5747
136.6137 32.6526
132.6525 31.5237
134.0495 30.6779
139.2937 33.0336
138.9313 30.3214
133.5511 27.9846
133.4005 27.4551
133.2861 29.7472
133.9170 28.5402
138.3454 30.2281
135.2355 32.0110
133.4064 31.9554
132.0930 30.9344
134.0339 25.7350
128.5853 24.1011
129.6906 26.1759
134.0883 25.6909
129.8730 28.1810
133.6892 31.7023
133.3196 31.2293
138.6467 30.0971
134.0026 29.0725
133.5968 27.7908
134.5331 24.7219
131.7760 28.9103
129.2001 26.6789
134.6743 29.0254
133.0428 25.0046
132.1618 29.5575
129.2364 26.9566
134.9744 25.9272
132.5904 27.8444
133.1958 24.6864
134.3632 29.5950
131.9879 29.3544
137.1550 29.1490
132.0927 25.0072
134.0538 26.9773
134.3025 25.4220
129.8356 24.2118
131.9231 29.7191
134.6653 26.3033
128.9175 24.1347
135.6708 24.9230
133.8984 26.9917
133.9837 25.2296
132.9964 27.3942
134.5305 26.1468
133.1115 26.1846
133.7340 29.7282
137.3501 28.8545
136.3193 28.4202
135.3165 31.2871
130.2040 27.1786
128.4854 24.2166
132.1712 31.5979
133.2655 27.0275
133.0622 27.5278
133.9363 26.3415
133.4255 25.0611
131.1022 26.0639
130.3937 26.5793
134.4453 24.7856
134.1758 24.8849
133.8012 30.2935
134.3532 25.0842
134.7858 25.3076
133.6282 25.0715
133.4926 23.8858
133.7303 27.3600
132.1983 32.0689
138.8603 30.2355
135.0845 25.9157
132.9130 31.5658
134.0314 28.7760
138.4387 30.6833
132.5926 28.3720
128.6489 29.9815
133.4350 31.6803
134.8667 29.5181
137.5817 32.4997
136.8063 33.7016
137.0212 30.4264
139.3324 32.8446
136.0159 32.7003
133.3596 27.2347
136.6251 33.2400
129.9655 26.3395
131.5367 26.7369
134.4598 29.2979
138.2894 29.2551
129.2199 30.1717
135.4551 28.0106
138.8744 29.4082
134.4807 26.1936
135.2119 29.5683
134.6243 27.6844
136.1991 33.1659
128.2322 29.5041
134.8147 30.8153
138.6498 29.8796
137.5072 30.2113
127.7867 27.7345
136.7645 33.8687
132.6619 32.0216
138.8537 29.7372
132.5404 32.2803
136.3866 33.3742
134.9319 31.6242
138.5695 28.5573
136.3346 30.3777
132.1716 30.2206
136.5271 33.2881
134.8977 27.7189
133.8998 32.2465
137.8005 30.2696
136.6718 30.3875
134.6305 28.8738
138.2594 29.1715
138.5468 29.9578
133.8071 27.1197
135.1952 28.2650
134.2147 32.3264
133.3194 28.3314
138.3736 28.5738
139.1227 29.6693
136.6208 33.1375
134.8272 26.2687
131.2764 30.6113
133.7628 32.0787
138.5613 29.6108
138.9057 29.4749
132.2461 31.8541
137.1076 30.1532
139.3733 30.0752
136.2800 33.4034
139.3873 29.9783
133.6556 28.9194
138.5150 29.8792
136.7056 30.0667
139.0586 29.8521
136.0937 30.2645
139.8516 32.7190
131.8724 32.0308
138.3483 29.8424
135.1104 27.7219
134.4545 26.9735
134.1520 27.0560
138.9185 29.9737
136.2682 32.2413
139.0544 29.6704
125.6512 31.1102
134.4980 28.9920
140.5299 34.7657
136.6561 33.2715
136.9233 33.3172
131.9818 27.1460
139.0688 30.2188
129.4995 28.7456
135.0201 29.9331
134.3801 27.9999
136.7476 33.5615
132.6314 30.9080
135.6130 28.3430
133.6042 28.0753
129.5816 28.9626
134.0374 30.5737
132.9824 29.5491
134.7825 25.8692
128.9004 28.8150
138.6144 28.6561
131.6665 29.9884
136.2868 32.6179
138.7817 28.8697
135.7227 28.4314
129.3403 28.8830
134.6455 29.5690
132.5751 27.3232
133.8726 31.2132
132.6914 31.6081
138.9999 29.5785
137.9099 28.9920
132.0220 30.9167
132.8147 30.5321
136.9292 30.0923
132.6538 31.3456
127.6102 28.4316
133.5721 30.6372
136.7352 30.3283
139.1325 29.9978
134.9408 32.2525
137.6133 30.3657
133.2350 28.4483
134.2238 28.1124
135.6552 28.2270
136.7004 30.3720
134.4062 26.2100
128.9991 28.1291
138.9365 29.2231
136.5177 30.1764
130.3576 26.7356
131.8721 30.0886
133.9542 26.3087
132.3512 27.3146
128.0475 29.4858
131.2072 29.9248
134.7289 31.1088
131.9358 29.7825
136.3022 33.2555
129.2292 30.1776
132.8213 30.9950
138.6727 30.0738
139.0797 30.0112
136.6457 30.1678
134.2810 25.8317
136.8575 30.4657
132.7018 31.0150
138.7875 30.0792
138.9574 29.3920
136.1670 33.4096
132.9908 28.5022
138.3972 30.2601
136.8980 30.2713
131.7830 31.9906
137.8591 28.7563
132.8782 32.1390
133.7516 26.6370
135.1214 25.8309
133.8157 26.8053
128.7065 26.4957
132.4961 32.2718
138.3647 30.1144
132.0581 27.6168
138.9809 29.2073
132.6914 28.9343
137.3626 30.6169
136.9695 34.1713
133.8444 26.8460
131.8634 30.6926
133.9309 26.2037
134.2815 28.4319
138.2073 30.1808
138.7102 29.9651
138.8664 32.5078
141.3405 34.5379
136.2628 33.6611
132.7805 30.7660
136.5862 33.5398
141.8069 35.7987
136.1294 32.7299
138.6048 29.4309
133.8869 29.7652
143.3054 35.9213
136.7488 30.0254
137.6790 29.5848
137.4106 34.3564
132.0320 32.0960
139.9212 32.7488
136.2004 33.2491
139.1650 29.5637
140.7197 32.6242
138.8125 30.1584
136.6083 30.1474
138.3748 30.0181
134.8380 28.0817
136.5665 30.4508
134.7012 27.7739
141.0617 34.0349
136.9898 30.0028
138.5672 29.0700
136.7269 29.9705
134.3559 32.4605
140.2825 32.3480
141.2891 34.6540
136.4004 32.7605
138.3333 29.6094
138.4042 30.0742
139.1931 29.8434
137.5501 31.8771
133.0688 30.5591
136.0310 33.4434
136.0466 33.4327
136.3615 32.5198
126.4336 32.9519
136.3109 30.2253
135.8760 29.0474
129.8756 25.7395
141.8439 35.4963
133.4516 29.8474
136.2697 33.0320
139.1720 34.1266
138.5604 29.9128
143.2256 34.7980
142.4022 35.1043
124.1955 32.4088
144.9876 36.3987
138.6205 29.6620
136.6510 29.4334
138.3602 29.2703
138.2897 29.9691
136.2563 33.1640
141.5026 33.8413
138.1662 29.5022
136.4825 33.5824
133.4487 31.9388
134.2981 32.1745
139.0285 30.1955
144.7483 36.3041
131.5307 30.2700
138.0472 29.2316
136.5377 33.4943
139.0735 29.4567
139.4366 29.7433
137.3696 29.9076
138.2953 29.0999
137.7182 30.1032
135.7435 33.3083
139.0267 34.4075
137.3266 30.6791
136.1061 32.8431
141.5331 33.9373
138.2399 29.1210
132.4157 29.5406
141.5003 34.4527
136.3600 33.5708
142.9479 34.4194
137.6684 29.9681
138.6369 29.5435
134.0119 29.5687
145.1340 35.7538
138.5055 29.6340
135.9420 32.8178
138.0129 34.2429
137.5211 29.3545
136.2321 30.3187
137.1037 30.2801
130.9982 30.2107
136.5917 28.8637
138.1977 29.2916
145.4600 36.4895
128.4088 29.1393
137.6867 34.1351
133.9657 32.0648
133.1606 28.4754
131.5257 30.1153
133.1980 31.9135
133.8506 32.3329
137.8790 34.2370
128.2706 29.5713
134.2384 28.4850
133.5160 32.3566
132.8996 32.3192
132.8534 32.3949
133.3491 32.3265
137.0148 30.2699
133.3926 32.4924
138.6368 29.9770
134.9949 29.5414
138.9327 32.7668
133.1375 31.0746
132.3611 32.1121
134.9979 31.0576
132.0078 32.0303
136.1794 32.2666
133.0752 32.4263
136.4814 33.8734
133.2865 31.9830
132.3783 30.5735
141.3676 35.5092
134.7438 30.1288
136.8835 34.0798
136.4111 30.6225
133.6335 32.3127
133.5682 27.8310
137.0216 33.4298
139.1200 30.1784
134.1121 27.6461
135.2795 29.3564
137.1996 34.2611
133.3334 31.0673
130.1787 26.5053
134.6581 27.9306
132.6469 30.7657
132.0576 30.4919
135.3356 30.1417
133.9964 27.5833
132.8118 30.4975
129.2233 27.0317
134.5822 28.5258
138.2423 30.0614
132.9431 32.0645
134.0192 32.3044
137.4571 29.2117
138.4304 34.0141
138.3515 34.0160
136.1010 33.2623
133.3454 32.0006
137.1590 30.7444
128.3350 28.2278
133.5761 32.3193
133.9044 27.3873
134.6133 28.2281
139.1435 30.0785
133.5848 32.2855
132.8403 31.9239
134.6467 28.3803
136.7520 33.6583
138.2544 34.1063
136.1975 32.7165
133.2858 32.4429
133.7793 27.2229
138.2472 34.1218
133.0988 32.2519
138.2026 30.1915
137.3639 30.1416
132.5185 32.2063
136.1019 32.9081
136.9294 32.9892
133.2854 29.6216
132.7159 30.8411
137.0988 33.6861
135.3340 28.7299
134.8911 28.3786
138.5732 32.0411
139.0583 30.2163
138.6231 30.4850
134.8074 27.9084
132.9893 32.4845
133.8069 30.4798
131.7374 26.8503
132.8507 28.2470
135.0414 29.0276
136.3479 32.2141
135.2813 29.1759
134.7979 28.8073
133.9596 27.5994
134.8549 29.1194
134.9816 28.0045
134.5711 27.7972
137.8626 30.2540
133.2747 32.1747
138.8444 29.2663
133.3030 31.5498
133.7759 26.9622
138.0682 32.4447
135.3360 29.3441
134.1032 27.5738
133.2794 28.5796
140.9318 34.7477
132.9472 30.8875
133.3824 32.3568
133.5425 32.4015
132.7831 32.2981
133.9466 26.8432
132.5539 26.6862
133.9715 27.6576
128.3608 26.5918
138.0702 30.3011
138.5569 29.4412
137.2777 30.6492
138.9553 29.7933
133.8636 27.2631
133.6573 28.6375
134.8320 30.3081
127.8407 28.8447
139.0228 29.8724
134.3825 29.0448
133.6785 32.1424
133.3897 27.2887
133.4854 29.6604
136.2777 31.7541
136.3465 28.3510
132.7740 27.6948
134.2106 28.3191
132.4449 32.4059
133.5201 29.0514
134.2735 27.8463
140.8969 33.1281
136.0034 28.6362
139.0048 29.7148
135.2399 29.7568
131.6994 31.2824
136.5017 33.1769
134.5910 28.0929
133.2300 28.9950
137.8714 28.8947
131.5164 31.3309
127.8325 29.0399
132.7516 30.9930
132.8004 27.2954
137.2377 30.4096
128.9891 27.0192
136.4695 30.1820
135.4453 25.8902
127.1665 28.0740
131.1000 26.7238
137.6424 30.6549
133.6956 27.4589
132.4429 28.0399
133.7872 27.5360
132.1983 26.8892
138.9533 29.6575
133.2118 28.6140
132.2295 27.3900
132.8322 29.3592
134.1943 32.3479
131.7817 27.3375
133.1931 31.5359
139.0537 30.1595
134.6322 26.0426
131.8779 27.9007
130.1934 28.7094
127.9398 25.8854
137.3185 28.7616
134.2141 25.8702
127.2320 26.6231
129.7690 27.1345
131.0970 27.0478
134.4963 29.8927
133.4090 28.7122
138.1341 30.3537
132.7885 28.0645
134.1592 28.3157
136.4653 30.0922
138.8703 29.0327
133.6611 32.0720
133.1691 29.7136
132.6240 32.4212
139.0837 29.9487
136.5702 29.0745
138.6509 28.9398
133.8843 26.4072
136.1418 32.8333
138.7293 29.7829
136.3781 33.1505
136.6759 33.8460
136.2256 33.4913
138.9959 30.0962
136.5134 30.0762
135.1461 30.0234
131.3715 31.4312
132.1854 31.9405
133.3196 32.4095
135.9100 28.4085
138.5208 28.8168
138.3361 30.0594
136.5667 33.4765
131.5218 30.2762
132.4603 27.6913
135.3781 27.9830
134.8860 27.9203
134.0449 27.6866
136.8153 32.6652
135.7758 29.0683
128.1707 27.8741
138.7306 28.8245
132.7881 31.9446
131.4266 26.9499
134.9979 29.4965
133.8462 26.9161
136.5120 33.5293
133.6610 28.5043
138.7096 29.3558
134.0981 32.5147
134.5785 32.5403
133.9337 29.0201
133.7857 26.4214
137.5402 30.6755
137.8894 32.6309
140.4031 34.7201
134.0128 27.9181
131.6244 29.9793
133.2652 32.2985
136.2198 33.3245
132.8547 28.9970
132.3089 27.6877
136.1521 32.9803
134.3803 32.4571
132.3217 32.2201
132.8141 30.4224
136.5126 33.5396
136.1681 33.5153
132.7386 30.8031
133.5481 28.8269
131.7821 30.3589
137.0751 30.1470
135.2796 29.1176
132.9404 28.2051
138.8083 30.1121
139.7579 34.3507
135.2059 30.4143
132.4001 30.6057
138.3606 30.3879
132.6005 30.8505
132.9774 31.1914
132.3232 27.3349
139.3770 29.4858
132.3147 30.7588
136.9431 29.0543
136.9109 33.4289
134.4559 28.4403
139.0761 30.1188
138.2045 30.3194
134.1420 31.7278
135.2265 30.0091
134.0685 26.8118
139.1691 29.5452
127.2931 27.6339
132.4736 32.1062
139.0380 30.1010
133.5738 32.1935
132.1731 30.0427
133.7725 27.1493
132.0654 31.9672
130.5898 27.4231
137.9452 30.3386
133.2734 27.5592
135.0772 29.4523
139.1043 29.7885
133.9163 29.5327
133.2215 31.5541
136.6542 30.0182
137.0404 30.5859
134.5662 28.1805
138.3152 30.0836
135.7520 29.1820
135.1261 29.8503
138.8671 29.3149
134.0455 26.3983
132.3821 32.2580
137.1401 33.5833
133.8774 28.4693
134.2094 29.0661
136.3077 33.3724
138.6297 29.1632
131.8221 31.5673
133.2066 32.3811
129.0818 27.1253
133.8422 32.2645
132.0630 30.1194
134.4172 28.1611
134.0447 26.2470
132.7814 30.6690
136.5508 30.2564
132.3535 32.1936
133.8639 32.4652
134.4375 32.4977
135.2502 28.8541
135.4666 28.6484
133.7093 25.4843
132.4895 31.7409
138.2463 29.1511
133.5167 27.0575
139.0379 30.1054
137.8376 28.8355
138.6469 29.3768
135.8326 31.4060
128.6983 26.7600
132.9512 30.6674
138.8260 30.1563
126.2375 30.1236
127.4779 28.6285
130.1281 25.6417
138.5815 30.1939
128.4812 26.0603
132.2134 27.4430
138.5775 29.6900
127.9984 29.3567
138.2744 29.6327
132.9550 27.3260
134.9037 29.2043
133.9214 28.1954
137.8472 30.3313
133.2942 29.1576
127.8676 29.0825
128.1008 29.0089
131.8585 31.2597
133.2796 27.7800
136.1441 28.6516
133.6849 32.4213
134.9352 30.5092
127.1464 26.9448
134.1741 29.8556
138.6964 29.6985
133.3261 30.9278
138.6120 29.6986
133.8793 28.5251
132.2044 27.9432
138.0566 28.8239
139.0263 29.6073
139.2416 30.0582
134.6696 29.3703
137.0961 30.3105
134.6872 30.6678
132.4938 30.5289
132.9151 32.1967
138.9258 29.4772
133.7196 26.7406
132.7871 29.1603
136.0871 33.6274
127.3337 28.2255
134.0749 27.4051
134.3379 25.7628
132.1271 31.5962
138.8518 30.2529
136.3831 32.7327
131.6067 27.5809
136.5325 33.3471
136.2403 33.2428
129.1976 26.3635
133.8375 27.5975
136.7754 30.6105
137.7191 29.0767
131.7790 30.8837
132.0668 27.8772
138.6181 29.9642
132.2588 27.6701
127.9570 29.5571
137.0855 30.4626
128.8400 26.8522
132.5916 32.3130
134.6094 27.5555
130.9865 26.6400
135.1117 29.8871
138.8317 29.4634
133.5197 27.7989
132.7039 31.2488
133.9158 28.3099
135.2468 28.1273
132.4971 31.9828
132.3102 32.0728
139.1054 30.1841
138.6724 29.6366
134.9268 28.0989
137.3976 30.1861
134.0047 26.9194
134.0348 30.3706
130.4636 28.2064
138.2166 30.3719
134.5943 30.1870
138.8087 29.8792
133.6842 27.0473
138.9931 29.5216
135.9424 33.0300
132.7830 26.8088
138.3629 28.7098
131.2204 29.4198
132.3280 31.4667
127.0172 27.4519
132.7585 31.2625
134.3668 31.0255
132.9560 32.1352
138.9630 29.9397
135.5866 28.7187
136.2255 33.3070
134.4942 26.8988
133.4466 25.8956
130.7055 26.7678
133.5061 28.2919
136.5961 30.3593
136.3270 33.2036
131.7174 30.8339
129.4147 26.6436
133.5943 27.0579
133.9671 28.1632
137.4572 30.2272
133.7621 24.8205
131.2120 26.4939
138.9147 30.1503
132.0187 31.0922
138.4863 29.2222
138.2240 30.2819
136.3247 32.7283
136.5808 32.9881
133.5311 26.6280
138.7882 30.2678
133.7530 28.2860
136.5233 33.3956
138.8106 29.4084
133.4467 27.6628
130.7221 27.5832
133.5061 27.3224
133.3423 29.5885
136.0195 32.9867
128.1014 28.2116
132.9798 32.2521
134.7028 28.0486
134.1847 29.3335
136.3658 30.0713
135.0384 30.9420
135.0347 25.7663
136.1382 33.4793
132.0775 30.7314
131.2454 26.3446
136.1614 31.9228
139.1730 29.8829
135.0479 28.9663
130.4438 29.3211
138.5663 29.9443
139.3637 29.8584
133.7817 28.9796
137.5134 28.9736
138.7409 29.0154
133.1098 31.9021
139.0285 30.0523
134.0346 31.1349
132.3228 30.8499
134.0730 31.1848
135.8358 28.4982
137.3846 28.8518
136.4937 33.3982
137.6438 29.2735
136.3660 33.5143
136.4685 33.1267
135.3552 28.0895
133.5715 26.6691
134.1786 26.8860
133.3723 29.6416
136.3363 33.2788
137.0712 28.8990
133.4541 26.7698
132.1076 27.7145
133.9032 31.9001
133.9931 29.4129
136.8359 30.3942
136.9025 30.1320
132.0380 30.3848
133.2417 27.7280
133.9662 29.0108
136.5188 33.8133
137.1790 30.4593
136.9012 30.5361
135.5735 31.8180
135.8823 28.4701
132.8298 30.9484
133.7767 27.2305
136.7366 32.9379
131.9659 30.6757
132.6638 30.7425
137.0027 30.5842
132.8405 31.1468
140.6521 33.3978
138.8012 29.1870
139.0016 29.4992
132.5848 32.1931
134.0818 26.6578
133.2271 32.1486
136.9291 30.4182
135.0837 28.0781
138.0878 30.3651
132.1496 30.9216
138.4730 30.2785
138.3350 30.4277
131.8733 30.7863
137.9962 28.8878
130.8853 26.6510
138.8791 29.9047
137.4789 28.9239
140.4546 33.4960
136.1168 28.4532
133.3299 32.2116
137.0620 30.4028
136.4514 33.6785
132.5907 30.8997
132.5271 30.7396
136.3230 33.4222
138.2359 30.5048
135.3280 28.1175
138.1546 28.9157
132.3794 30.7196
134.8589 28.0789
138.8029 29.8943
130.1786 25.5638
131.8201 31.7183
139.0566 29.8746
138.6694 29.5938
135.4440 28.2204
133.9330 29.2618
139.1295 29.9340
132.3410 30.7095
139.0997 30.0271
137.6385 28.8964
131.8538 27.1065
138.3102 28.9477
130.3566 25.6438
138.8797 29.3334
134.8303 27.8958
136.2467 33.1762
136.4730 30.3854
139.0922 32.6955
139.0105 29.4391
138.9563 29.8581
134.7429 28.3511
138.0211 30.2723
136.0621 33.1062
135.7802 28.7044
139.0150 29.3749
134.0948 31.1636
134.1137 30.9720
137.5056 28.9321
136.3015 33.6441
132.5567 32.0587
131.6785 26.7045
138.6389 29.5596
139.0394 29.4514
134.9032 27.8327
137.8594 30.3457
138.2271 30.2559
133.9064 27.7350
132.0504 30.6408
133.1875 31.4463
132.8781 32.3483
131.9294 31.8617
136.0728 33.1535
138.2617 30.3496
138.6028 28.9874
133.5999 32.2761
132.6884 30.8855
134.8380 27.8620
138.9810 29.8694
133.7670 30.5056
137.4092 30.4071
139.0953 29.8715
136.5751 30.5194
132.6119 32.0716
136.6714 30.1733
134.8398 27.9574
135.5085 28.3511
138.8848 29.6915
137.9558 30.3011
136.0976 28.7208
139.0265 29.9895
136.5509 33.1566
138.8768 30.1432
136.0780 32.9677
137.3015 30.4455
134.1552 27.7073
132.2378 32.1805
132.5036 32.2427
137.0779 30.3699
132.5896 32.2656
132.7877 30.8509
134.7182 31.3800
129.7622 26.2329
132.2737 32.1840
138.3952 30.0535
137.3048 30.4156
138.7571 30.0409
135.2661 28.0410
139.0174 29.4997
134.2069 28.2982
138.6194 30.1737
133.9631 30.9338
137.3924 30.4555
125.9812 29.5374
134.2254 26.0664
134.9039 27.7287
134.4186 28.7681
134.1428 31.0169
134.7110 28.0573
138.8918 29.3952
131.3724 29.7170
133.4346 28.0326
140.4091 33.9089
136.7992 33.3809
133.4166 27.2511
135.6813 26.3960
138.8973 29.3458
134.4595 30.5111
134.8684 29.1534
133.4601 27.8935
136.7890 34.1720
133.8440 26.3141
133.8546 29.8550
134.1007 27.1202
127.5385 27.8376
134.6019 30.9952
132.8517 27.4806
132.2601 27.2439
126.9354 29.1024
136.5371 23.6844
132.3825 31.4749
137.0428 33.3061
134.8983 28.8118
133.5830 26.1960
138.6414 30.2988
130.4473 27.3214
136.6374 32.8547
132.7679 28.3329
133.2487 27.0108
133.6600 25.6122
135.8856 33.4666
133.4219 27.4689
130.2282 25.7973
135.9687 31.5000
130.1635 27.6689
127.1791 26.2158
128.1088 30.3156
139.5119 32.0894
133.9288 26.5271
133.3260 29.9507
131.8933 26.6521
133.7527 26.5991
134.0964 29.1619
128.9363 25.8902
131.5417 30.1492
135.1186 25.5730
130.4952 27.5028
134.0254 27.1161
137.9648 29.1450
138.7504 29.8286
132.3939 27.4903
136.2352 28.6307
138.6965 30.4629
131.2170 28.2048
134.9052 31.3822
132.4063 26.9890
132.8296 32.0153
132.4974 31.5931
132.7204 29.9554
127.7538 28.1448
136.3515 25.8195
131.7695 27.3100
132.0365 28.4800
128.5782 26.5948
128.9278 24.5652
136.5157 30.4848
140.8811 34.1158
136.2558 30.2130
137.5204 30.1651
136.1497 29.3000
138.4238 30.2425
140.8001 35.2969
136.6680 33.8679
137.6783 29.1913
136.8211 33.7050
137.8712 30.7840
138.9515 29.8595
138.8999 29.8859
136.0674 33.1312
136.4745 29.3490
136.1677 32.8932
136.9312 33.6774
136.7622 32.5153
139.0974 29.6331
136.9564 33.0877
135.4822 29.4941
137.6844 29.1898
136.7634 29.1504
136.1703 32.8589
136.9232 29.1513
137.0401 33.3623
137.2124 34.2616
136.0065 32.8794
137.0290 33.3558
137.4303 30.0740
136.8268 33.7066
136.1505 32.5280
137.0310 29.4129
136.3206 30.0487
138.6166 29.2052
140.8139 34.1164
137.0829 33.3339
136.5513 29.1602
138.7626 34.1237
137.7160 34.2384
136.9808 32.9925
136.9991 33.4728
136.7190 33.6819
137.3911 30.7840
136.6475 33.8808
138.9462 30.2538
136.8051 34.0644
136.2720 29.2936
136.9406 32.9944
141.5656 35.4922
136.8030 30.6715
137.6592 29.5091
138.6836 34.0906
135.4805 29.8805
137.0090 33.1674
140.5645 34.8933
136.9638 33.2573
136.0376 32.9687
141.2178 35.6545
137.2801 29.4721
136.9897 33.0319
137.4632 29.5053
136.5482 33.8082
139.0608 29.5578
137.7803 29.1748
136.7215 33.8765
135.4604 29.4823
136.5309 29.3444
137.4606 30.8758
136.9947 33.2728
138.0932 30.7461
140.6400 34.2090
136.2395 30.2573
141.5221 33.3436
136.6619 29.3699
136.4416 29.3591
137.0098 33.1709
135.9642 31.2860
140.3465 34.1444
136.2336 33.4597
140.5942 35.0090
136.2430 33.5324
136.6632 33.8835
137.0291 34.1638
137.0220 33.4890
136.2020 33.4251
135.7692 29.2320
137.1320 30.0050
139.1388 29.8131
137.4751 34.2233
137.4662 29.9942
136.6764 33.7389
140.5009 34.3301
137.0175 33.6110
136.1897 30.0287
136.0374 29.1338
136.8425 29.4013
136.6105 30.7363
138.0844 34.1747
136.1329 33.3677
136.2992 30.5471
137.0332 32.5143
140.4252 34.2856
135.1238 29.6628
137.0666 34.2316
137.4173 34.2699
138.9510 29.3830
140.8332 35.2607
137.3054 30.0561
140.9345 33.9490
138.9664 30.3346
135.9230 33.0712
136.6259 32.4992
137.0072 34.1252
136.7493 32.5543
137.0480 34.0971
136.6694 33.7949
136.5770 32.4292
136.7227 30.5151
137.0720 29.4605
137.6321 30.8376
138.6555 30.5001
137.1283 30.7958
137.9850 29.1461
136.5851 33.8301
140.7278 34.1737
137.0559 33.2146
138.9306 29.3530
136.9698 32.9601
136.8503 32.7249
138.7581 34.1506
136.1452 30.2641
137.0951 33.4142
136.1587 33.3985
136.5571 33.8714
138.9277 29.9086
137.2725 29.2567
137.8001 30.8086
136.9541 33.0175
138.7232 34.0636
137.1758 34.0967
135.3382 29.8153
136.2354 32.5103
137.8704 30.7724
137.0116 34.1757
136.6295 33.7195
136.5526 29.3716
141.6184 34.5193
137.0410 33.5560
141.2682 33.7230
138.6665 29.1855
136.9163 30.9186
138.8225 34.0519
138.0702 29.1539
138.0035 30.7511
138.7804 34.0608
136.0903 30.4331
136.5391 30.6841
136.0327 32.4667
138.1596 30.3361
136.8830 30.2103
137.9360 29.1776
136.2503 33.5564
136.9922 30.6828
136.1426 33.3171
136.9587 33.0972
138.0868 30.7439
135.9725 31.3707
137.3787 30.0629
137.1292 30.8780
138.9165 29.9051
138.8943 30.3159
138.0526 30.7374
136.6945 33.9183
137.3179 29.5205
141.1237 33.7575
136.4083 33.8227
136.0517 33.2162
136.4645 30.0451
136.1764 33.1148
136.3542 29.1270
136.9941 33.1018
136.2527 33.5218
137.4163 33.9309
136.4394 29.3349
136.1368 32.8422
136.3667 32.3096
141.4976 33.8719
136.8366 29.3929
137.9801 30.7036
136.9984 33.5447
137.8513 29.2229
138.4348 30.2000
141.3982 33.7948
136.1344 32.9948
137.3641 30.0652
137.2094 29.1770
137.0536 33.4366
136.1434 30.3747
138.7808 30.4022
137.6533 29.5804
137.0104 29.1799
137.0903 34.2165
139.0338 30.1778
136.6670 32.4926
135.9447 33.0682
137.0433 30.8198
137.3731 30.0562
136.9902 33.5564
136.5410 30.6933
137.0420 30.7155
137.2540 29.2017
135.5653 29.8194
136.9839 32.9707
138.7161 34.1704
136.4115 33.7772
138.9400 29.8506
138.3412 30.6755
136.8826 30.2153
137.0160 34.1754
138.3141 30.2785
141.2812 33.6959
136.6670 30.8657
138.2994 30.3256
138.4592 29.1648
136.4521 32.3571
139.1348 29.7857
136.6669 33.9543
136.6032 33.7718
139.0581 29.5800
136.9287 32.8159
136.9873 33.2648
136.4118 33.7951
137.6653 29.5829
136.6188 33.7207
136.1220 33.3302
136.7175 33.7751
136.7128 33.9574
136.9745 33.0518
136.9532 30.9088
138.7814 30.4777
140.7682 34.2126
136.2674 30.1793
136.9035 30.2882
136.1981 29.2626
138.5023 30.2124
136.7814 34.0568
136.9447 29.8604
137.7715 30.1465
136.4111 32.2923
140.7705 33.6766
137.3750 30.8991
135.6667 29.3636
135.5581 29.7579
136.7028 32.5556
137.0274 33.4877
136.1049 32.8203
135.9911 32.3846
136.2222 30.2220
136.0967 30.2961
136.5096 33.7453
136.6896 33.7236
136.0935 33.4055
136.5974 29.3685
135.2876 30.0300
135.4521 29.3976
136.2210 30.2262
138.1971 29.1889
137.3005 33.9320
141.1909 33.6122
136.2559 30.2477
138.8527 29.3222
136.1531 32.8366
136.6081 33.9251
138.8036 34.1206
137.2267 29.2262
136.3453 30.0626
136.7155 29.4065
137.5969 29.2062
136.1092 29.1461
137.3405 29.2334
136.5982 33.7281
136.4686 33.8510
137.7349 30.7425
135.3031 29.6130
136.7034 32.5121
136.6138 33.7685
144.3531 36.3427
143.5779 36.1386
138.2009 34.2119
137.0364 33.3985
137.0057 33.5925
136.3907 29.1472
136.1223 33.3212
137.6974 30.5014
136.3877 30.0193
136.6683 32.5074
136.0401 32.8297
141.1776 33.7013
136.6729 33.7456
137.5309 30.0860
138.6021 29.1746
137.2040 29.2265
138.0361 30.7442
138.8597 29.2812
138.8913 29.7700
135.9649 29.1288
136.9193 32.9000
137.0389 34.2349
141.6403 34.5543
137.0320 33.1641
136.5359 33.8504
135.8530 29.2546
135.6518 32.6712
138.8623 30.4205
138.4300 34.1303
138.9055 29.3641
137.5153 30.7801
136.5635 30.8350
135.6686 32.7204
137.9939 29.1405
136.0562 33.3523
137.5977 29.1970
138.7723 30.4738
136.2985 30.6641
138.6553 29.1776
136.1531 32.7564
138.9474 29.3823
137.0866 30.8901
136.1481 32.8247
135.9039 32.5309
140.8321 34.1703
136.4797 29.9525
137.0077 33.0744
135.7305 29.3264
135.6903 32.7339
137.4437 30.1245
136.7578 32.5245
135.7663 29.3777
136.9865 33.0610
136.9608 33.1579
135.9958 29.3251
136.3891 33.7122
136.2283 29.1806
136.9002 33.5728
137.8656 29.2085
137.7668 34.2966
136.9956 33.6628
137.9996 29.2800
