131.2174 26.0104
132.2452 29.7050
132.0269 24.7231
138.9530 33.8296
131.8775 30.6557
133.0947 28.4584
130.9364 26.9929
135.8464 30.5036
138.6612 28.2695
139.2482 28.1080
136.4193 28.3538
130.1000 26.9570
137.4129 29.2001
134.5117 32.0890
131.7253 31.1295
138.6924 28.3165
132.6976 30.0858
135.7644 33.2676
138.6583 27.7956
137.6631 29.8331
138.9574 27.9184
133.4930 25.2334
135.4086 29.9923
141.3791 35.0024
135.2430 32.2393
131.1174 26.8232
139.4877 27.9958
136.4533 28.4308
138.5227 29.0020
139.8162 29.0559
136.1651 28.8257
136.3291 28.2262
138.7208 28.3569
129.9349 26.3810
136.5961 30.7782
136.5148 29.5785
131.6558 28.4149
133.9072 27.8062
132.5170 26.5949
138.8381 27.8360
131.4593 28.7916
137.6068 33.5440
135.9592 28.0155
136.5656 27.8669
134.3941 24.0831
140.7518 34.6342
132.1803 30.8296
134.8488 32.0944
134.1420 28.3832
125.6552 23.3799
135.0716 28.1585
132.5277 25.7102
135.5986 32.5635
135.1393 28.2032
131.6708 25.0147
140.4890 33.5378
131.6584 28.5857
134.2390 28.8076
131.2269 27.6160
127.0416 24.0446
134.4888 28.1484
137.2776 26.6933
137.3365 30.1683
134.8112 29.4491
141.4097 34.9302
138.2108 27.5470
133.0863 30.9343
133.1099 24.4962
137.6805 28.1073
131.9827 26.5733
134.5910 23.7875
140.0577 28.4396
131.9455 28.6548
131.2941 28.5295
136.2214 28.1899
130.4609 28.5367
126.9484 25.6584
135.6160 23.5559
136.4749 33.2723
133.1068 24.8992
136.5359 29.4475
134.3647 24.5177
131.6393 27.0911
132.8940 29.9299
136.0927 29.3311
131.4750 30.0720
133.7955 24.8889
136.6896 31.4184
127.2885 27.6437
136.3817 31.3927
133.9284 25.0148
136.3074 30.7900
131.3756 27.7363
136.7790 27.6239
133.1129 21.5904
130.9527 26.9823
139.1070 28.1092
131.8105 31.5436
136.8234 29.5686
133.9963 24.7002
134.0134 32.0680
132.5978 26.3947
135.2204 22.8470
136.0264 30.9099
133.7530 31.3875
135.5360 30.3916
134.1914 25.6440
136.0146 28.0161
141.4109 35.3871
132.2744 28.0951
142.1643 35.8550
138.1540 33.4112
131.6579 27.5848
133.8436 24.9251
130.2856 28.1364
130.5193 28.7162
136.4222 29.4231
136.9237 31.9248
135.9951 30.9287
133.9012 24.8230
133.5150 26.2333
138.7943 28.1092
135.2502 30.1259
130.1765 28.1861
136.9170 29.8943
138.8884 33.9434
130.9192 26.7818
134.1990 25.6002
135.9885 33.3280
136.7718 28.3609
132.2256 28.7979
136.1897 28.9658
131.1484 27.4233
134.0966 24.1908
131.0067 27.6218
131.4042 31.0503
131.7600 27.5771
138.0682 29.8515
131.3641 27.3848
134.7260 29.5758
139.9501 28.7199
138.0591 26.9908
135.3037 22.5471
133.4674 24.5371
140.1411 34.3793
138.5792 28.1882
134.4105 28.6424
135.4260 33.3583
132.3688 30.9465
136.9606 28.9111
130.2303 28.1358
137.3694 28.8446
130.9107 28.6191
134.8062 29.4357
135.7613 33.2618
126.6970 25.3599
134.8613 30.1093
137.4146 29.8827
132.1955 25.4070
131.9561 30.9875
135.9267 28.0827
137.6569 30.1513
144.8407 36.7915
131.5546 28.7589
135.1780 29.9527
129.8658 28.2831
138.6538 28.4747
136.1493 28.3227
129.4596 25.8641
140.5577 34.1780
135.3430 29.9351
135.8598 27.9999
134.3852 31.4049
130.3841 28.3184
130.1408 27.9031
139.6601 33.9158
132.0995 28.5091
132.1635 28.8274
131.9653 28.6341
133.6004 25.3192
139.8765 27.7024
133.0231 28.2455
135.0825 29.3436
132.1237 29.7510
136.2386 27.9653
130.6708 29.0995
129.7952 25.6563
136.1644 28.7203
131.4496 27.0202
139.9874 28.7196
138.2694 26.7361
139.1782 27.7517
131.9027 28.0940
134.2602 32.9840
132.9538 29.7043
135.4698 33.3005
136.3942 28.6095
136.5854 28.7059
131.9746 28.6912
139.5870 28.1725
139.2641 27.8788
132.4581 29.9258
131.8275 29.3555
136.5665 29.4944
136.2514 30.0103
133.8751 25.0427
125.8981 21.7881
138.3947 28.7929
137.8856 29.6647
134.9825 29.4647
139.9019 34.2305
138.4933 28.4722
138.4838 29.0540
132.9528 28.2258
137.2626 32.2191
138.8411 28.2483
130.9393 27.7998
134.0842 24.6221
124.3965 21.3591
136.5796 28.1628
131.9363 28.1489
140.1297 28.3562
132.8057 30.0175
130.9034 27.6207
125.1791 22.0705
137.3462 28.8687
137.1446 29.9515
133.1997 25.1864
130.2427 26.1170
138.9849 27.5974
136.5775 29.1487
133.8505 30.0846
132.5459 30.2290
135.6957 28.1054
128.2222 29.6667
141.4495 33.9550
139.1254 27.7572
138.2134 33.0784
132.5610 24.4902
131.8559 32.0914
124.5920 23.6221
133.5315 31.6859
131.8153 28.6933
131.5810 27.1831
131.0639 27.2584
134.1845 30.4151
130.7364 26.5292
132.7528 25.0713
136.3381 31.2832
136.8107 28.5667
132.3633 29.1631
133.6153 29.0634
131.2791 27.9476
136.0647 29.0612
136.4097 28.8025
136.3055 29.7803
132.0527 31.6200
137.5734 32.5802
135.7939 28.0274
132.0364 28.7762
131.7809 26.8754
137.6516 27.0390
134.7896 29.2143
130.6652 26.7366
135.2495 30.2303
130.4714 26.2235
137.0225 28.9241
138.5049 27.1415
137.0624 28.0100
134.4837 23.7448
132.6317 29.6847
140.1297 28.7406
131.5860 26.7205
138.4756 28.6062
134.9720 22.0844
130.8881 27.0537
132.4776 24.8860
125.2330 23.4305
132.8249 29.1714
136.0697 30.7661
140.1786 28.2767
132.4731 31.9934
139.7754 28.4313
138.8719 27.2238
133.8920 24.8326
134.5279 28.5645
132.6137 25.5178
137.9161 29.6576
126.2773 22.7907
131.9494 28.8559
131.9346 28.1418
130.5270 28.5039
138.6830 28.5964
135.1387 30.1413
139.4335 34.3998
137.3382 28.6587
132.5755 30.3432
133.9512 25.2922
131.6600 27.0772
139.1620 27.6556
134.1770 28.2554
124.8977 23.6817
136.8152 28.6817
133.4603 32.8377
132.8108 28.9650
135.9431 31.2383
135.3516 22.8004
125.6370 22.2230
132.5831 28.6358
131.4372 28.9579
126.4559 25.4503
135.7375 31.0234
135.4714 30.8430
134.4062 29.2773
138.8540 27.7667
136.8713 29.8497
136.1157 31.1846
135.6566 32.9653
136.0894 28.2226
130.8805 26.9476
139.8464 28.4525
134.9329 27.8403
137.1481 31.3299
130.9781 26.3655
131.9009 32.1687
134.1534 29.3228
137.0717 30.9262
131.7799 28.6249
130.7820 27.3959
133.4720 32.1456
130.9799 26.0247
132.3937 32.2293
137.5072 28.5494
132.0300 27.2576
132.9656 24.5420
131.7771 25.6232
133.0251 31.1818
135.2828 22.4433
131.1218 26.0078
138.1937 32.6231
136.0340 30.6994
135.8621 27.9356
134.1972 24.3518
131.8460 31.7819
136.0987 29.2321
137.2313 29.0062
136.2602 28.9098
132.3839 28.8025
136.6265 30.5290
138.6642 28.3275
137.7046 30.5541
133.2980 31.5981
137.1311 32.0469
127.4304 28.9522
130.1960 27.3491
135.9068 32.8591
140.1341 28.2627
136.3481 33.0289
137.6547 28.5217
130.8878 28.5125
135.9011 32.9881
134.4849 28.4355
136.2933 29.7498
139.3613 27.9885
135.8744 30.6684
137.0407 29.1914
138.1387 28.5823
134.2537 31.5799
126.1804 24.8581
137.9713 33.3511
131.9833 30.2266
137.0968 29.3175
139.6746 28.5380
132.6525 31.1433
131.5800 26.1092
133.9754 25.8926
132.0436 26.6339
130.5371 26.2272
134.0910 25.3543
132.1566 25.6754
137.9728 29.4313
134.1272 28.8227
132.0011 26.8101
136.0562 28.5951
132.6960 22.4135
134.6542 23.5749
133.5543 32.0183
133.3787 25.7285
125.6454 24.0866
136.3602 28.1167
139.6519 28.1509
140.4103 28.3737
130.8654 26.9051
129.9082 27.0224
136.1433 29.0789
129.3345 27.7064
136.5333 28.8210
134.0886 32.2789
136.4246 27.9674
134.0168 24.3054
132.3940 30.1397
132.4303 29.8787
132.7924 28.7029
133.5236 25.2148
138.8151 27.9450
133.1624 28.5831
139.4544 27.9176
137.5092 28.4022
131.5928 30.1790
131.9545 28.1589
132.2268 32.2073
137.4243 29.7119
130.0187 27.0842
132.8338 30.4505
130.2724 25.8345
140.1581 29.3031
129.5860 27.2182
138.7644 27.7421
136.0589 28.7126
135.7914 28.5094
136.1317 28.6848
135.0184 28.9457
133.4286 29.2599
138.3777 28.6628
136.2334 28.1769
137.5389 29.2721
132.2574 25.4976
132.5914 28.8461
136.2725 31.1364
132.3315 32.4049
133.6830 24.4075
132.6135 28.3411
139.4426 28.2321
130.6497 26.0218
133.9866 24.3376
136.5912 29.2847
134.6951 24.6295
126.4793 25.2178
138.1677 33.2743
128.2115 28.7218
138.0589 29.2179
129.7082 26.7699
145.0211 35.5493
133.7643 23.8040
139.8289 28.6172
133.5990 25.1844
134.3409 23.8136
132.6452 26.6848
132.7943 25.0824
133.5744 30.3266
133.5366 25.0047
131.6287 25.5367
134.4530 29.1497
131.1988 26.7822
129.5044 25.6571
138.9295 28.0580
132.1653 32.4620
137.1859 32.2761
136.8516 33.2347
130.4038 26.7983
136.2187 28.6425
125.4156 25.2244
132.8839 29.2361
137.1454 30.5210
137.0650 31.3697
131.0506 26.4901
137.1558 28.8400
131.2039 26.8605
135.8317 31.0115
137.0524 28.6244
136.1383 28.3950
138.5533 28.7783
134.4884 23.3218
134.6486 29.1305
131.8249 28.6990
136.9100 31.3201
131.2636 28.4420
133.2987 25.1947
137.6928 27.2768
133.5785 25.4724
135.8553 30.8882
126.9905 22.0275
136.2899 28.6759
134.2653 25.0006
136.0307 30.0768
132.6673 30.1715
136.4328 33.1636
139.7497 28.1354
131.4911 27.0891
136.4250 31.0914
139.8461 28.8360
137.8928 29.7211
128.1998 28.8324
137.1113 28.6994
136.9958 30.3069
135.7229 27.8789
136.0930 28.5066
131.3937 27.5340
137.3151 29.6165
139.4231 27.9311
136.1606 29.4988
133.1979 28.5253
134.7179 23.7455
134.9147 32.0156
125.3229 24.0633
136.8190 29.0060
131.5625 30.0555
133.9568 24.5203
139.2908 27.9105
138.3022 27.0055
135.1200 28.2015
138.8970 34.0106
134.0991 24.5899
131.2907 26.6835
132.5165 26.9255
138.5639 28.0303
132.1490 26.3291
136.8238 31.4766
134.1219 28.2427
134.4705 28.1599
132.0140 30.2841
134.5077 29.2324
134.0275 24.5159
134.2025 24.9958
132.3298 27.0289
137.1292 29.5988
138.3135 29.4080
136.3536 29.7443
135.3409 30.6864
136.3306 28.0106
134.6887 29.2245
124.9781 23.9437
132.3223 24.4654
132.2345 30.9618
135.8658 32.8161
131.6129 28.0762
131.4734 27.4359
136.2530 28.1431
131.8258 31.4514
129.1662 26.3921
139.7622 28.8218
135.0149 29.0497
135.0697 29.5736
135.3597 33.3676
136.9571 28.4722
136.3690 28.3670
131.5124 27.3543
132.4587 30.8259
137.4454 31.2806
133.0349 29.9267
135.6628 23.9064
139.9572 29.0117
136.4282 28.0552
136.0231 28.1919
135.1650 29.4012
131.9671 25.6793
139.8460 28.7299
137.3061 28.3730
135.8813 30.6392
136.0664 30.0331
131.9111 26.3221
134.6216 29.4281
125.6354 23.2587
132.9238 27.8052
136.9364 30.2659
137.2637 28.9936
139.3352 28.5389
135.9115 33.4740
137.1106 29.8047
140.1228 29.2114
137.9057 26.7453
137.3986 33.5496
139.6090 28.3110
136.4126 33.0044
138.4096 27.0812
138.4488 33.2684
139.8337 33.8096
137.6106 30.2023
135.8799 31.3664
139.1519 28.5960
140.1438 28.6187
137.2040 28.7112
132.3588 29.2977
138.7503 29.3942
140.6076 34.1654
135.0995 32.6036
136.1455 33.4493
137.9562 33.6973
128.8263 29.4491
137.7714 30.9053
127.6142 27.1352
136.8191 28.7547
138.2046 32.9549
140.0594 28.5006
137.8385 27.0548
138.0008 31.5086
137.2663 28.4081
137.1762 33.3993
135.8085 27.9951
139.9129 28.7075
137.3762 29.6834
135.7442 30.6581
139.5907 28.3060
137.6431 29.6784
127.5824 28.0498
139.4073 28.2488
143.4765 37.4386
137.2481 28.3457
127.6736 28.2895
139.3042 27.9485
138.4873 27.8394
137.8528 30.6312
137.7284 31.2311
133.7302 29.0378
139.4589 27.8400
136.4180 28.8876
135.9363 29.3797
137.6604 33.4804
127.7085 28.6138
135.6810 27.9837
138.4819 28.4219
137.5962 30.1455
135.1122 24.0282
139.7075 33.2698
133.3874 29.2163
139.0010 27.3409
143.1168 36.1082
136.4534 28.2891
131.3349 30.6115
138.0035 27.2820
142.0602 35.4091
138.7508 28.0449
139.2718 28.0446
137.2046 31.6736
136.6181 29.4925
139.2536 27.7679
139.9402 28.3222
139.6429 28.1501
139.0943 28.5926
139.4294 27.7965
139.5053 27.7031
139.5007 28.6642
135.6991 31.0256
137.6802 32.3317
138.8471 27.7966
138.2600 27.0787
135.8654 30.4999
137.3504 33.4901
144.9995 37.5214
134.2632 25.8988
137.8316 30.0568
139.7017 28.5272
139.2824 34.1328
132.4097 28.7836
135.6611 29.6043
136.2007 28.6330
137.2735 30.4938
139.8625 27.6688
137.2528 32.0086
135.7826 28.1715
138.5327 27.6550
137.7848 32.4240
135.4128 28.0996
139.2727 27.4615
138.3813 28.2158
135.0333 29.2554
137.7480 34.6326
136.1866 29.9392
139.5764 33.1946
135.5411 28.1644
135.9530 30.3250
136.5086 30.3824
135.9112 31.2080
136.3190 32.9899
141.1154 34.7417
137.4468 29.7803
145.0240 38.8904
140.0422 28.8552
138.7652 27.6374
127.0494 27.1841
137.2412 32.2916
146.2186 37.7677
137.9477 29.3244
138.1762 27.2596
140.0659 28.9553
137.3791 32.4050
135.1242 27.9748
141.3192 34.5413
136.9047 30.6805
137.3864 30.0181
141.0592 33.5852
139.8320 28.9643
138.0323 33.7008
135.9503 30.5830
136.1719 28.9380
136.0086 30.3041
137.5521 31.4500
133.5120 30.3700
139.9918 29.0853
141.4545 35.0367
130.0145 26.9257
139.7296 28.1541
134.9342 29.1399
132.8221 27.5967
144.6844 34.5190
137.8848 29.5101
136.5051 30.6266
136.4702 29.6529
138.1446 33.4405
139.9313 28.5114
137.1978 28.2051
137.5983 33.4238
137.4859 32.6133
138.5285 29.4938
139.2252 27.5045
137.1853 34.3881
139.9136 28.2927
135.6418 27.9332
138.6303 32.5521
139.1250 28.3586
125.8964 26.1413
139.9134 28.8405
139.2266 28.1934
136.0622 28.4896
137.9034 28.8456
138.9819 33.8974
136.9588 28.7776
142.9376 37.6132
133.9822 32.3891
136.2165 28.9694
142.8276 37.4615
137.1827 30.4101
141.0090 34.2512
137.0233 30.1893
137.7371 33.3282
139.7361 28.4492
133.3805 28.7559
139.5073 27.8710
137.4438 30.2058
140.3355 34.4911
140.4606 33.2190
135.9922 29.0314
139.5093 27.9992
136.5052 30.5804
131.6730 28.4466
137.2220 33.1536
137.8141 33.7304
137.6568 32.2495
133.8646 31.4598
137.4179 33.4104
131.7595 27.5887
137.1833 29.9315
135.8502 24.3206
137.8624 32.5398
135.5916 22.2379
131.2930 29.9971
136.8108 27.9887
137.1382 31.3678
134.3711 25.2838
131.5464 30.5231
134.4131 26.3616
135.8459 28.0462
131.8434 28.8986
135.7011 33.0653
132.2026 27.9040
135.9018 29.5591
136.5149 28.3882
138.8934 27.9312
134.2106 32.4588
132.1909 28.7075
137.6180 28.4189
134.7487 27.9828
138.4625 33.4606
137.0011 28.3566
139.8314 29.5404
135.4405 27.9077
136.8968 32.6782
134.5111 24.2561
134.4945 29.5653
140.0814 29.0611
123.5973 29.7968
127.1040 25.3800
134.4700 24.1446
127.0838 26.2218
139.9525 28.5011
139.6605 28.1286
140.6333 34.7103
137.9249 30.6266
138.0671 27.2674
140.4215 28.5654
135.7159 22.9465
137.4778 32.1905
136.2725 30.4884
132.1774 28.9642
132.4426 27.6697
138.8465 28.0498
134.0739 28.6209
134.2651 32.0433
139.8298 28.3522
135.8968 33.4179
139.6442 27.8607
135.6064 30.7289
131.7600 29.2460
142.3447 35.9033
137.6673 26.4546
141.2641 33.8720
133.2798 27.9592
136.3981 27.5977
136.2597 30.5633
134.6850 24.2581
133.5479 25.3892
136.9753 29.9642
135.0570 24.8375
139.8470 28.3682
135.1230 23.8532
136.5468 30.6800
134.1067 28.1090
136.1995 28.9593
137.1357 30.3007
133.8241 28.8701
137.8085 26.5548
131.6696 29.0713
140.5633 27.9150
128.6028 30.4848
131.3890 28.5795
134.8426 23.9344
139.6714 28.3570
135.9664 33.3447
136.9050 30.8311
137.1357 29.3248
134.6534 23.5442
136.8204 29.2577
132.0673 28.0504
135.8989 30.4727
126.6499 26.5045
132.9172 28.6855
137.5728 28.4205
139.6091 28.3062
131.8533 28.9829
127.0828 24.3921
136.0151 28.5689
140.6294 34.1825
136.3319 28.5130
134.2533 21.6950
137.2919 26.8564
138.6038 27.5294
138.8089 33.7866
132.8664 28.0187
133.6499 25.1387
136.2172 28.5360
132.4109 27.6568
142.6222 35.6872
132.8415 28.6149
133.8038 24.8693
132.0661 28.4126
136.1518 31.2931
135.4072 28.2326
138.7885 27.9228
136.7127 28.4497
134.1017 24.3667
139.8201 28.6348
130.1204 25.3884
136.7262 31.3382
131.2039 25.5315
137.3040 28.7931
131.7226 28.6839
138.1183 33.6232
136.6731 30.0037
135.9622 28.1098
137.4589 28.7734
136.3138 28.7670
133.3743 30.4683
137.9846 33.3335
136.6293 28.8955
139.9805 34.1445
137.2138 32.2807
135.4733 22.3520
137.6422 30.6579
139.0142 27.9074
131.0634 26.0904
134.4979 24.7844
132.0057 27.3222
140.1224 28.5119
134.6380 32.1967
140.3849 28.4331
125.8648 26.2491
133.9301 31.5516
133.9392 23.9691
131.1617 27.5959
132.1327 30.9724
139.4631 27.9835
134.2066 24.5045
139.4359 34.2178
139.6639 28.4017
136.6566 28.7253
136.3947 34.0337
139.6795 28.1165
127.8176 28.5429
138.1017 33.4396
134.0850 28.5220
131.4482 28.1218
137.0548 28.5142
136.2488 28.8713
135.6169 27.8904
128.9095 25.5948
133.6182 25.6245
138.5107 29.1657
136.9599 28.2651
134.6948 29.6084
134.9651 28.8719
139.0307 28.0587
136.2909 28.7169
133.9374 28.1086
138.6761 33.9981
135.2334 28.4280
136.1856 28.4003
127.0567 24.0827
132.5109 28.7305
127.3895 27.3932
136.4508 28.0950
132.7122 28.3622
135.2178 31.6379
138.8507 28.4401
135.8992 30.4931
132.1240 25.8860
132.4640 24.9844
137.3141 32.4942
136.4425 31.0510
135.2048 27.9116
133.3784 26.3662
136.8877 28.9615
140.6884 35.2497
133.5805 25.3742
139.8564 28.3794
130.8860 27.6305
132.1041 32.1238
134.0827 23.8856
140.1190 28.4683
135.9371 28.8899
134.8545 27.8666
139.3379 27.9046
138.2649 27.8931
131.1133 27.6781
132.5040 29.5700
142.2589 35.9869
125.3677 24.4935
136.3108 28.9363
136.1989 27.8422
137.6890 33.3784
137.3228 32.0422
130.7925 26.1919
132.5426 29.8488
132.6766 24.8479
132.9975 25.4469
136.1396 28.7073
138.8838 28.1778
130.3991 28.1598
136.7725 28.9185
136.5127 28.5145
137.5450 30.7794
136.3410 28.8067
134.0867 32.1211
136.6652 28.4894
137.2066 28.7811
133.7365 25.9422
139.7791 28.7514
139.8801 28.7045
133.6495 24.2193
137.3281 30.9390
137.2838 29.6886
135.0852 33.3113
136.4441 29.6832
135.6414 29.9927
133.8192 24.0438
135.1530 30.0196
134.5200 29.5748
137.5131 29.6620
135.9535 28.7499
136.2684 29.4137
136.2415 28.7676
136.8017 28.7777
132.4331 24.5534
132.6128 28.4528
132.4540 24.5574
136.4891 31.2967
129.0502 27.3736
135.9923 28.1214
132.8082 24.6313
132.4932 30.7385
138.8696 33.7020
131.4650 26.2102
136.4484 28.3365
138.5834 28.7276
132.4334 29.6521
131.0795 26.5385
134.4545 31.6273
138.5582 27.1961
136.4758 29.6504
133.1859 26.4348
136.7357 29.3707
132.3820 28.2908
124.8550 24.5498
137.8655 29.8299
136.5141 29.1504
136.2883 27.9294
138.9863 28.5648
132.9363 26.6161
137.4144 29.7379
136.2574 30.5880
136.0834 29.2136
135.4617 25.2912
138.9469 28.0355
132.6862 26.0898
139.1911 27.5703
134.8548 31.9771
137.5595 33.5561
136.1487 28.8138
137.0677 28.2995
140.1577 28.1768
136.4064 28.8768
126.5706 25.4805
136.1964 31.2848
137.1154 28.9594
139.3262 34.2552
138.8331 28.0420
135.2967 23.3418
136.0838 31.0838
138.0469 27.9351
136.2291 29.1370
132.0652 26.6805
136.1786 29.1028
136.6189 27.8544
135.9304 28.2597
132.0759 27.5849
133.4660 33.2679
137.2496 28.9197
127.0876 27.2097
132.2641 26.3174
140.2783 28.0052
139.1462 34.1299
137.7813 27.2612
125.3486 22.8046
125.5153 22.1935
137.5602 27.1167
130.9101 29.2772
128.3528 28.5839
135.0949 23.0806
131.0067 26.5467
130.3564 25.5862
136.2653 29.8036
133.7123 31.1968
139.2518 27.8674
136.6933 32.7598
139.0649 27.8111
135.1162 23.4191
131.7992 31.6967
139.5696 28.2272
137.0998 28.6657
135.2356 23.4569
137.2268 29.0709
134.9842 28.9467
138.6569 33.8955
128.2437 28.3767
131.8077 27.0618
134.5321 24.6529
136.3302 32.9453
137.5561 31.2934
131.8093 27.3943
138.7539 27.9638
131.8831 27.4017
137.6321 33.3772
141.1151 34.2866
131.3235 27.5653
133.3462 26.4266
138.0522 33.3293
138.9649 27.6481
130.6915 27.5392
131.9042 26.4920
130.9818 27.6933
131.9572 28.0312
138.6674 33.9258
126.3027 26.7951
131.8864 27.7465
134.8738 29.2684
130.1233 27.4471
131.3950 27.3348
139.7346 28.8403
134.6435 25.0454
127.4004 24.9186
134.6533 29.3684
134.6830 23.7796
138.8808 28.0001
135.8335 33.2363
136.0628 30.1400
138.6712 34.0684
136.2151 29.8802
126.1086 26.2272
135.0391 33.6082
127.5954 28.0303
138.6830 33.9590
136.5323 27.8869
132.1737 28.5379
137.7914 33.4504
139.9696 28.8291
132.9160 28.1007
130.4626 28.2578
131.3479 27.3151
134.8838 28.1218
135.8134 28.1470
132.2722 30.7235
134.5152 31.6414
133.6040 28.7576
131.9826 31.0983
127.2332 27.9821
134.3568 29.5576
133.5858 26.3571
133.8986 28.2995
130.9858 26.6973
138.0797 33.3211
140.1267 28.7394
132.2845 27.2831
136.9319 31.1526
133.7278 31.4560
135.1008 31.8048
136.5545 28.2260
139.0170 27.4817
138.0372 26.7351
138.8659 27.6317
136.7300 29.9494
132.2814 27.2587
136.7438 27.6930
135.0616 33.6012
137.4268 29.9066
131.4695 26.7880
134.9060 32.8263
135.9319 31.2074
133.9178 25.1764
136.8724 28.1868
139.8747 28.4756
137.5494 32.5184
134.4380 28.4506
137.6786 27.1734
135.9786 30.5485
139.8456 33.8634
136.9312 28.6071
136.3501 28.7862
136.8130 29.2987
133.7522 31.8237
134.2929 25.8392
137.4900 28.4547
131.9009 27.9020
132.8856 28.2463
136.5781 33.3663
135.9072 30.7845
134.9861 29.0232
135.5710 33.1877
130.3329 26.3900
126.6359 25.3373
138.0227 26.8616
137.6704 33.4768
133.3498 28.3882
139.7196 28.1707
137.7412 33.2431
139.5827 28.2014
138.4409 31.2788
136.8094 28.1983
145.9093 36.2711
136.8918 30.4735
137.5787 28.4702
137.0410 29.7202
139.7523 28.3053
137.2193 28.7907
137.9152 29.7465
137.4815 29.2014
137.9129 33.6988
138.3237 33.9568
137.8225 28.9124
137.6926 29.3949
138.5306 30.5314
141.5244 35.8824
134.3177 32.6053
141.3746 36.2016
137.1936 30.3928
138.3262 33.4691
136.9698 29.7906
136.1035 30.1532
138.2474 31.1103
136.8393 29.3183
139.6272 33.3720
137.4268 29.2877
138.2322 30.2948
138.0907 32.8309
137.3658 30.6095
140.9562 33.9154
137.3282 29.8417
139.6979 28.4246
145.2996 36.2222
137.9082 33.3849
139.3860 28.0125
137.6483 28.6101
137.1383 29.7751
137.9679 29.1732
137.1703 33.7345
139.5790 27.9101
137.5046 28.6991
139.8447 28.6505
137.2600 29.3051
136.8106 29.2795
137.2614 33.4878
135.8889 27.9678
136.4617 30.4190
138.0513 31.3412
138.1768 33.0776
137.4845 30.0894
140.0406 28.9755
137.2906 30.1100
147.4720 35.3082
140.2744 28.8117
137.3055 29.4062
145.8846 35.6412
139.6968 28.1675
137.8548 33.3468
137.5796 29.5747
136.3906 28.2204
136.7909 28.5525
136.6732 29.4415
139.2775 28.4746
139.8821 28.6763
136.6575 29.8461
139.2282 28.3689
138.2224 33.0652
137.7009 30.0811
136.8788 28.6447
137.8005 28.8474
137.9654 33.3927
139.7941 29.3653
137.1962 33.4131
140.6878 33.4905
137.4112 29.8128
136.6884 29.1604
138.2049 30.7499
137.3980 33.2567
145.2302 38.9881
137.3288 30.5786
138.8015 28.3091
135.6200 31.2992
143.9760 39.1170
138.0862 33.1133
136.8774 29.8645
137.4869 29.5960
139.7074 34.7710
137.9096 33.3113
136.1270 30.8203
137.9082 29.1502
136.7049 30.9206
139.8751 28.3084
138.1540 33.2632
152.6409 33.9712
136.6657 30.9055
136.7519 28.8354
137.2644 28.5230
139.3817 27.7715
136.5656 30.8864
140.5917 35.1641
137.8293 33.3406
137.0392 30.3967
145.7553 34.9641
137.2315 29.2005
138.7172 30.8890
137.8675 29.8598
136.7213 30.7152
139.7165 28.3342
137.6861 29.2658
137.4004 29.6940
137.4829 28.7194
139.4459 28.1479
137.4261 33.1708
137.7643 29.5635
139.2930 27.5751
136.6673 28.0729
137.6859 33.3326
136.3465 29.9523
145.5781 35.3225
140.1052 29.1289
137.6680 30.2465
136.8983 29.9635
139.1591 28.3295
145.7825 35.6732
139.6672 28.3362
136.8418 28.7666
146.0907 38.7750
139.4421 28.3610
136.6177 29.8332
137.3495 29.6662
138.5123 29.8544
136.6559 33.7727
137.7197 30.2078
137.9749 33.4822
138.0415 33.0570
138.2072 33.4263
139.9563 28.8863
140.1615 28.8954
137.9413 31.7235
137.6145 33.5654
137.9107 33.6983
137.0396 29.5032
137.6118 29.0390
139.6282 27.9793
137.4825 28.4603
135.8154 30.5583
137.0221 28.9211
139.6802 28.2838
136.9849 30.5456
136.8172 30.9358
137.3240 33.7915
137.4195 29.9472
137.9535 29.8348
136.2391 29.9288
139.8441 28.4309
136.8544 30.7157
145.1257 39.0692
141.3731 34.9227
140.0796 29.0276
137.9761 33.3072
138.1237 33.3168
137.6214 33.2950
144.9216 34.9495
136.7841 29.7275
138.2940 30.5608
139.5753 28.0569
142.5024 35.6445
144.0468 36.8638
136.6049 28.6129
139.8391 28.4109
136.3381 30.1567
136.7449 30.9346
144.8352 36.0837
138.4086 32.2374
136.8629 29.2534
141.7134 36.0552
136.7658 29.2001
137.7566 30.1045
138.2901 33.4234
137.0608 30.0610
142.1192 35.1275
136.8122 29.5500
137.4088 29.4154
137.9173 32.6095
136.3401 30.7495
136.6956 30.3292
140.9643 35.6538
138.1214 31.5763
136.8235 30.7688
137.4070 28.9535
136.7701 28.9573
137.8974 33.2888
137.7393 29.5954
138.0464 31.2643
137.3041 29.7459
140.9861 35.2963
137.8903 32.5965
137.3072 33.5608
137.2203 28.5395
136.7759 28.9252
140.0281 28.9696
136.3712 29.3166
140.0409 29.0950
137.5180 28.9272
136.9299 30.3443
136.4224 30.7599
137.1617 33.6803
137.7277 29.8538
137.5833 29.5241
136.8032 29.4018
140.0269 34.5798
137.5627 30.4113
136.1591 30.3457
137.9006 32.5903
135.7574 30.7457
137.4285 28.8524
137.2709 30.1681
137.2672 30.2470
139.8541 29.3677
137.6723 28.6992
137.0141 28.2722
137.2172 29.4662
137.5779 32.4807
136.2770 30.3966
136.1379 30.6346
136.3137 28.1282
137.8307 32.8202
137.6286 28.8134
139.1601 27.5161
136.7528 29.7598
137.6278 29.1762
137.4304 28.8797
136.5591 28.2019
137.5276 31.7688
137.8429 28.8522
137.6298 30.1010
140.1440 34.5205
139.6976 28.3448
137.4709 28.5991
142.9349 37.5711
137.6522 30.3117
139.3830 28.2501
137.8089 33.3140
137.9587 33.7081
137.9826 29.5513
147.9380 36.3742
136.8867 30.1237
136.3073 30.5805
137.4816 28.5500
138.5771 29.7483
139.7511 28.1847
136.5719 29.9625
143.9282 37.9997
136.9231 29.1387
136.4043 29.7841
139.6444 28.4016
136.8672 28.2173
135.8063 29.8225
136.2810 30.3216
138.6434 27.8559
138.2247 33.5474
138.0400 33.3937
136.4104 28.5590
136.8729 29.6614
137.0481 30.6575
136.1225 28.8937
136.4978 30.5239
136.2799 29.9469
137.6150 28.9843
137.3534 29.1187
139.7577 28.3882
138.0938 33.2699
139.5776 28.3225
136.9996 30.3390
137.3986 28.4027
137.9805 33.3492
138.5608 30.6569
137.6211 30.1415
139.6436 28.7636
137.0473 29.4964
138.2953 30.7312
137.8556 28.8662
137.6497 29.0477
137.5756 28.6817
137.5496 28.7302
136.9101 30.9735
137.2260 28.8161
136.8677 30.2688
138.9856 27.4661
137.4039 29.6135
137.4642 29.1001
136.3095 30.1855
137.2623 28.9653
139.5489 28.1450
137.6494 29.5887
136.2623 28.1911
138.6860 27.8693
133.8801 28.4627
139.4987 28.1045
129.6152 27.9986
131.1134 26.5475
142.4746 35.8301
136.1231 30.9096
131.3915 25.3648
141.1741 35.2950
134.8297 30.5046
139.2172 28.5091
147.8694 34.9989
132.6418 27.6236
134.4893 30.2643
138.5517 27.3460
129.4332 29.7141
138.7349 33.0908
134.4865 32.3234
130.3523 27.4799
136.9780 30.1046
144.8589 37.4148
137.6512 31.0767
134.1756 30.6127
132.9231 28.6617
131.5630 28.3023
126.7361 21.8463
130.2803 26.9289
130.1277 27.7198
143.7175 38.2770
134.2591 24.2064
135.3540 23.6714
135.7972 26.6542
137.5815 33.5090
135.9219 31.2804
131.4817 29.0834
136.3734 28.3228
136.2878 31.3266
136.7970 28.3955
137.9195 28.0605
144.9482 36.1774
135.6829 28.1752
135.1583 25.1385
139.0011 34.0787
134.0803 24.3878
138.7574 28.5910
134.6051 31.4376
136.5565 30.6879
139.0334 28.9799
136.8513 31.1455
135.2322 23.6801
134.3527 21.5551
127.7783 29.1531
134.9261 21.7732
139.8469 28.2393
138.7643 27.5254
139.7648 31.1084
135.2468 32.1212
136.3276 28.8469
137.8636 28.8733
137.3376 33.3856
130.6460 27.9085
137.9443 30.6708
138.5392 27.8819
123.6991 23.3641
138.1006 31.2039
131.8587 30.6834
134.2199 24.3954
145.5759 35.4344
137.9127 33.6971
136.2534 33.0614
137.4945 31.9518
137.6265 26.9124
132.6729 29.9542
138.0466 31.8563
134.9227 22.4927
136.4127 28.9375
136.8330 31.3324
132.9426 26.4610
141.5939 36.3199
127.8979 27.9422
136.8852 28.5839
133.9393 24.3345
137.7594 29.8275
136.2086 28.2140
134.3291 32.0311
134.4542 23.3618
133.6838 31.4038
138.2304 33.4114
144.6458 36.7105
134.6597 29.2524
126.2225 29.2606
131.7166 31.0804
135.2650 30.0230
136.7007 28.0765
136.9220 29.2684
140.1132 29.1675
138.5670 27.6365
136.5949 32.8619
132.2175 26.3569
134.5054 23.9077
134.4081 28.6905
139.1490 27.8518
135.0911 29.3642
140.2433 33.3458
132.2143 28.5279
135.2827 27.8685
131.6430 26.8130
134.4837 31.1466
137.4039 33.6421
137.0063 28.3731
137.0323 28.6490
136.2030 29.1756
134.6728 29.4030
130.4941 26.3567
132.1540 28.5844
131.6973 27.3497
137.5708 28.6038
140.0097 28.6343
134.5493 31.4605
137.2820 33.5835
132.1403 28.6699
131.6613 26.2691
136.8733 29.1547
134.1378 25.7852
130.6201 27.2435
134.5848 29.6389
139.1910 27.4541
139.3782 27.4932
136.1075 33.1544
139.8384 28.7622
136.3082 29.1669
136.1425 32.8301
132.2540 29.0974
131.1740 28.3100
135.5949 28.0866
135.2410 29.6744
133.0925 30.9555
131.2616 26.7385
139.1574 27.5302
139.9502 28.6128
134.4806 24.0395
133.9293 31.0831
136.2065 28.6920
136.0693 29.7131
137.5884 29.3483
137.4242 26.8522
134.2084 24.2240
139.8345 28.6415
134.3773 24.1156
134.5311 23.8911
136.3400 29.0986
131.9203 28.5817
135.6848 33.1863
131.2866 26.4740
133.9994 24.6688
130.6860 27.0861
131.0544 27.0729
137.1517 29.0444
135.9400 29.0754
137.2537 29.3357
136.3306 28.6778
133.8992 24.2741
134.0268 25.6973
134.5059 28.2003
140.2089 33.5300
134.7453 29.4087
136.9665 30.1997
131.6317 28.0622
134.8963 23.4669
143.6701 35.3540
134.6153 24.8937
133.6523 25.1353
131.0163 27.6078
131.3533 27.4295
133.4391 25.1727
136.7232 31.3487
140.4685 27.9347
131.7667 25.6346
138.2262 28.1026
135.4121 31.3331
131.4277 27.4573
138.0885 33.3036
136.6828 29.5569
137.6445 32.3174
135.7480 23.2689
133.4637 30.3111
139.6709 28.2583
139.1701 28.1378
139.4424 27.4892
135.7551 29.0992
134.7004 29.2127
139.5754 28.0470
136.7217 28.5332
135.6104 27.9581
137.3969 30.4281
135.2583 23.6518
131.3701 30.0352
132.7321 28.5702
139.9879 28.7867
143.7262 35.6322
138.3424 28.1977
133.6239 25.3170
137.8508 26.7436
133.5263 24.1654
139.2212 27.9489
139.9718 29.1332
133.7440 24.8660
139.2269 28.3201
139.3765 28.5962
132.4857 29.5336
140.9039 35.4701
132.3867 28.1925
133.3548 25.1725
132.7883 30.1124
139.4501 28.6263
135.3528 23.6642
136.1410 28.7435
132.3647 28.9225
132.4386 27.5055
135.3036 29.7223
132.2302 28.2877
139.1498 34.1276
135.7176 28.2882
137.9779 33.1138
136.6762 30.9535
137.6184 30.9669
139.3018 27.3535
131.9558 28.9249
136.2512 33.1828
139.8629 28.5442
137.6665 31.6916
135.9211 28.4952
136.8120 30.2401
134.1721 31.9353
139.5857 27.8943
131.2080 26.9958
136.6994 28.2770
132.0208 30.4000
138.6818 28.6670
137.1280 30.3488
126.6735 25.7689
136.9484 29.5276
134.9113 24.5810
139.9585 27.7214
138.6716 29.5766
138.5732 33.1820
126.8735 25.8932
137.3208 26.0502
134.3910 23.8156
135.4495 31.6747
135.1923 27.8828
132.6756 28.7048
134.0825 29.7824
133.2385 25.0059
132.3181 27.8648
138.4708 29.9870
135.7376 31.7371
138.5121 27.4211
136.9501 31.4824
140.1108 28.9225
136.2335 31.4175
135.3995 23.7152
134.1985 24.6213
136.7235 29.8498
127.7639 28.0754
133.6149 29.6739
138.4762 27.8727
126.7335 25.2193
132.8856 30.7017
125.4287 23.7395
136.1854 29.9424
136.4396 29.8632
128.2220 29.2679
133.4670 25.2483
136.8845 28.7997
138.5568 27.6149
135.2330 27.9887
140.0755 29.0940
137.8474 29.3148
136.8313 30.5782
140.0320 29.0679
140.0462 29.1650
138.8489 28.9897
138.5318 34.1186
146.0879 35.4894
139.4256 27.8596
138.0661 33.6339
137.2224 30.2040
145.1208 35.1518
140.6712 33.3320
138.9012 28.9655
139.0354 27.4855
137.0975 30.2152
137.4443 32.2044
144.9314 37.2544
138.8982 27.5261
137.3531 32.3398
138.0639 30.5586
141.4498 34.0360
136.8143 28.6382
137.1597 31.8544
137.7359 33.4449
139.3302 28.1320
140.9788 33.7465
140.6129 34.4077
145.5774 35.7669
138.1052 33.5209
126.9881 27.7071
137.9780 33.6484
137.0015 29.4607
137.6369 33.3455
136.3573 28.3015
137.3590 28.7466
141.2238 33.6835
140.0019 28.9448
137.6061 33.8029
138.7336 34.4527
141.4517 35.0367
140.5498 33.4594
136.6635 29.4469
137.4170 33.5866
137.6962 33.5206
140.5359 34.6570
141.4646 35.0610
135.9962 29.0318
137.5772 33.8260
140.5825 34.1917
136.1629 28.6452
136.9878 30.7764
136.4526 28.6703
137.5001 32.1951
138.8564 28.7332
137.8924 33.7273
138.3789 33.2335
144.5462 36.3741
138.5551 30.9790
138.0172 33.2713
137.1276 28.8559
138.2831 30.9414
136.8426 28.6143
138.4108 33.3502
138.4538 27.1950
141.6874 34.3307
137.0440 28.3965
137.5195 32.2238
132.4346 28.8066
138.0353 33.2302
137.9348 33.4509
137.3822 28.2894
137.6758 33.8288
145.9801 35.7660
141.4764 34.0493
137.7501 29.9577
138.2264 30.9599
137.8620 32.9556
140.8006 33.4295
139.6849 28.3024
138.5481 28.2107
140.9104 33.4381
137.3394 28.4530
138.2468 33.0165
137.8274 30.1530
137.5615 30.2836
137.7541 30.0981
137.9528 29.5953
138.8068 28.3050
139.9699 29.0499
136.8156 29.3742
136.7284 28.2228
132.2169 28.3715
136.9975 30.3914
139.7519 28.3503
137.9972 30.6639
142.5011 36.3104
139.9921 28.5202
124.7152 21.0892
126.9332 25.6088
137.9512 33.2776
127.9781 25.6146
131.8482 26.8375
130.5588 28.3207
124.6013 23.8163
133.2672 29.6529
139.1263 27.7320
137.3079 28.3334
129.0471 25.9875
135.6243 27.9402
139.4935 28.1534
135.3551 28.3376
131.5311 26.3390
142.7956 36.9736
132.4854 26.8805
134.2153 25.4419
139.5859 34.2551
126.5418 25.4117
137.5868 31.5408
135.0728 29.5512
136.9929 28.6242
134.8276 29.2149
138.5057 29.5401
136.2578 28.9461
135.5214 28.9750
134.4541 23.9310
134.8203 29.0838
140.1347 28.3062
135.2274 30.1042
135.4978 25.6114
136.7315 28.9578
135.6768 21.8482
133.8408 31.6228
127.1161 28.5010
136.2912 33.0308
139.1012 33.7869
135.1450 29.2047
141.1820 35.3265
137.1875 31.3667
128.8507 26.0484
139.1575 33.8588
139.7468 28.1397
136.1648 28.0926
130.4684 26.1822
133.5401 25.1574
137.3502 33.0941
138.9765 27.9157
134.2616 24.3050
137.4211 29.0922
135.6695 28.1197
145.1567 35.4881
134.5141 24.5837
131.5255 27.7600
126.8108 25.1954
136.0094 27.8653
131.4130 26.0049
137.4406 29.2831
139.2049 27.7514
132.9555 29.9520
136.9399 29.0606
137.1840 33.9087
137.3931 29.9614
135.0296 29.4051
135.1810 27.8761
132.8935 25.3362
131.9970 30.4567
134.9543 28.3663
134.2566 28.1204
142.3033 35.8181
136.0311 28.6630
138.8106 28.9568
137.3563 28.9098
137.1030 29.4638
136.0634 31.2874
131.4578 27.2389
137.5157 29.8720
139.4708 33.7839
145.1147 34.8783
137.3807 29.0064
137.3618 29.0078
130.3358 27.5182
135.7279 23.3818
133.8032 29.2444
135.4364 28.2898
133.6212 24.3655
129.1312 25.8434
140.5552 34.3886
136.3113 28.0308
137.2042 28.6561
133.8583 25.0047
137.1315 29.9727
125.1216 24.2239
133.1359 26.5468
135.3635 31.2335
133.6767 30.3075
126.1051 25.1947
136.9309 28.3704
137.3386 29.9244
137.3828 30.1907
137.1734 28.7716
139.1512 28.3586
137.2424 28.9656
135.8679 29.3430
135.1538 27.9749
139.3186 27.6508
137.5044 29.6678
136.2390 28.8164
135.9495 28.0644
137.3570 30.0446
136.6286 30.5286
139.3701 27.9377
136.7684 29.3055
136.6094 28.5537
138.2674 31.2583
137.5011 30.0830
136.5173 29.8981
139.7839 28.3276
141.5215 34.6574
140.8591 33.8416
140.1332 29.0485
139.7794 28.5690
136.7335 30.7730
136.0586 30.1117
136.4907 30.4743
136.3964 31.5013
139.6420 32.3968
137.2158 30.1998
137.7871 33.4540
139.5717 28.1319
137.6311 29.7624
139.2108 28.2523
136.4544 30.1382
136.2361 28.4869
136.9190 30.1000
138.2987 33.1861
137.6501 32.5487
136.3165 28.1668
137.2059 29.7730
136.2702 29.9080
135.8671 30.4777
137.4407 28.9234
136.2603 28.0592
137.4128 29.9987
136.7682 28.4194
137.1714 30.2138
137.6134 32.2747
136.9877 28.4437
136.5265 30.5628
137.8306 33.4714
137.0117 29.3601
136.0557 28.1951
139.7228 28.5098
137.4989 33.6710
136.1863 28.7446
136.3224 28.5424
137.7038 33.5196
136.1142 28.3617
137.5152 30.3132
136.9584 28.2282
138.4619 30.9837
139.1889 28.2889
136.3308 28.4330
137.3060 30.2549
139.6658 28.2660
135.9878 29.1307
137.1266 34.3160
137.0963 30.4423
136.4274 28.3412
137.1455 28.6108
136.9244 29.8112
137.0783 30.2141
137.1468 33.2784
136.1819 27.9514
139.7981 28.5747
139.6578 28.0528
136.4112 29.0635
137.7460 28.9462
137.5507 29.6541
137.3123 29.6780
136.4693 30.0993
136.4568 28.1307
138.1642 33.5826
138.1058 30.9866
137.8313 33.4890
136.4579 28.2455
136.9782 29.7843
136.6107 29.9213
136.2079 30.2494
136.2768 29.7633
135.7874 28.3064
135.9318 30.3597
137.9477 31.5531
135.2400 27.9809
137.6025 33.4192
136.9977 29.2114
145.3264 37.3854
136.2664 29.9200
136.9582 30.9663
137.3952 30.2110
138.7682 27.9704
139.6087 28.1230
144.3529 38.5297
137.0911 28.6463
138.1128 33.6400
140.6586 33.9531
137.6342 28.8053
142.5679 35.5508
136.5340 30.2511
137.3179 29.7693
136.6688 28.0640
138.1822 31.6340
136.5660 28.2370
136.8860 30.7222
144.9823 34.9799
136.1995 28.5201
136.4534 28.0598
136.7346 29.3024
135.7094 28.9062
137.4032 32.4239
138.4616 28.5254
128.1531 28.6091
137.4848 29.4319
133.1685 27.6861
136.8399 28.5214
135.9039 29.8059
134.1225 24.7508
135.1034 33.1924
139.6229 30.5915
135.5370 24.6411
129.9836 27.5604
132.7105 28.5759
136.3757 29.7816
137.6691 30.0183
139.9883 33.8651
135.0726 25.0178
128.8607 26.1443
134.0257 28.2396
134.4717 33.3455
132.3476 31.1114
144.7726 36.1786
133.9189 25.2430
127.0474 24.5565
134.8471 24.0653
133.2583 25.6163
132.2518 24.8251
138.9359 33.1746
133.7211 27.0688
134.2474 25.1719
129.6677 29.7599
137.0988 33.6050
123.2469 26.1641
132.4208 26.5034
124.3101 27.7426
129.3115 24.0932
137.1042 28.8178
127.9018 24.8051
138.6074 28.4053
135.2958 29.9921
134.4334 25.4646
131.3940 30.8648
137.3316 29.9443
134.4072 25.3242
135.2525 24.6703
135.9777 31.3092
139.5669 27.9410
131.7325 29.4979
137.3074 29.9853
133.1164 28.5650
138.7822 33.2213
133.2307 29.8901
132.0577 27.4684
140.3534 28.2932
134.3584 23.0454
133.8040 25.7736
132.3804 29.2706
134.8743 28.4734
125.5813 23.3077
129.6228 29.7636
132.2312 28.2743
139.0736 28.7568
124.6385 20.4164
129.1685 30.5431
131.7919 27.8699
133.8094 31.5042
133.9653 31.3452
135.7320 30.2252
137.8773 33.8081
133.6781 26.8110
137.4483 29.1242
130.3102 27.0988
131.3282 26.5483
131.0256 26.7927
132.5449 26.8534
136.8770 28.5423
134.2937 31.5718
131.2843 27.4298
131.6315 23.1108
119.6208 19.4717
124.6257 21.5435
132.5279 23.7691
126.3358 24.6427
132.6999 26.1748
129.8117 26.6641
133.0850 27.7516
135.9693 27.4755
132.0006 25.7349
132.2857 23.5949
131.9368 25.4236
133.8165 26.0551
129.0495 24.3853
131.8977 24.6988
122.4904 22.6459
135.6989 24.5331
129.5945 24.9635
128.6669 23.4020
131.0508 26.2630
131.2473 25.5720
135.1021 27.6937
127.8631 23.5644
135.0600 22.4681
133.0777 21.9595
125.1455 20.0322
128.0084 24.2455
132.8943 23.5131
118.0714 19.8078
135.5965 25.6757
132.7960 24.6599
131.6296 22.9682
131.4074 24.6621
134.5492 21.6723
126.9386 23.8635
137.9884 28.7278
137.7487 29.2281
136.1878 27.8885
135.3882 30.7905
124.2854 21.1970
121.6050 20.4508
131.0939 28.1685
134.3028 24.0013
131.1387 24.9918
132.4454 23.9226
130.6800 22.1011
127.4999 22.7534
126.0952 22.5183
130.5592 21.6765
130.5569 21.9821
133.8431 26.2702
131.9275 22.6645
134.5222 24.7468
133.5107 22.4853
128.8507 23.9767
134.1458 24.1514
135.3964 31.2650
138.0530 29.5127
135.5610 24.7899
136.4538 32.9850
132.7271 27.2215
136.3194 30.4658
131.7940 26.7654
134.4988 29.7013
132.4491 28.7818
136.5581 31.6831
137.6618 28.7795
139.4582 33.9995
134.7304 28.2862
134.4782 24.9074
125.7474 23.1235
131.6951 27.5263
132.3696 27.5511
138.9201 28.4034
134.5845 25.1459
140.4131 28.4509
135.8010 23.5035
137.8826 30.5217
134.5762 24.6575
127.7565 28.1872
131.4132 30.8726
136.7271 30.8784
136.5931 28.5664
131.8139 31.2376
139.2286 27.7481
130.5668 29.1892
133.9346 31.2799
139.8149 29.2727
137.6994 29.8986
132.4328 30.8720
139.5328 34.4048
135.2060 23.8924
133.5776 32.0075
136.6427 29.0017
136.8029 30.2361
132.3232 27.1622
137.8258 30.5956
136.0859 28.3353
134.8552 24.0691
136.1335 27.7808
133.3666 31.4507
132.0841 29.7701
137.6643 26.4469
138.9318 27.8600
138.9623 33.2763
135.6571 25.5101
130.6742 28.5081
134.3133 32.3996
139.2968 28.3876
138.4334 28.1422
136.6865 32.3652
136.1070 28.7629
139.1093 28.3720
136.6224 33.4015
139.9146 28.8856
132.1621 27.4261
136.5423 28.1744
137.8538 28.9005
139.8225 28.6219
137.0125 30.4868
137.5123 34.1589
135.0565 29.7049
135.8935 28.1122
134.2424 24.9473
135.4618 22.3727
133.0181 24.8945
137.3258 28.7689
133.0421 28.9236
139.8832 28.9505
123.4743 29.6833
131.6050 28.5350
144.7546 35.3037
140.4058 33.8726
136.1716 32.0343
131.5848 26.8680
135.8461 29.0782
132.0028 27.6229
132.0441 27.2806
137.3968 32.3491
135.4855 33.3215
135.8497 30.8248
132.3784 30.7360
135.4792 30.9924
130.9444 27.4066
135.8496 26.0548
127.0334 26.7306
140.1838 27.9516
132.0824 29.6308
138.3620 26.7222
138.1588 27.4001
131.6431 27.6223
129.9534 26.2253
134.5023 29.1624
133.1281 29.1934
140.2109 28.1147
138.5667 27.8358
132.1931 28.1720
137.7688 30.1485
136.1878 32.9050
127.8618 29.2842
134.4717 29.5392
137.0885 30.4990
138.5168 29.5623
132.1932 31.2534
136.0743 29.4240
131.2473 28.5307
131.0394 27.4768
137.6729 27.8307
136.4600 28.8594
134.5919 26.1733
140.0550 28.2204
136.9831 30.4716
125.7445 23.0181
129.3011 27.4523
133.9970 23.6199
130.4884 27.5507
133.9780 28.8360
129.4478 26.7670
133.9708 33.2048
135.9404 28.2294
135.7977 28.7059
136.3745 28.1008
135.0018 22.1443
135.9439 30.5259
131.6477 31.3231
135.3770 28.1410
140.2896 28.2295
133.1978 31.4442
131.3092 25.7774
136.2704 28.8735
137.3820 29.8076
139.2616 27.8533
134.7050 32.2691
133.7409 23.9789
135.7527 25.4689
132.2601 25.3256
126.3397 24.8623
131.0033 28.5388
136.3431 28.5556
131.7838 26.5482
139.7806 28.2506
129.9312 26.3931
136.2401 30.0455
133.1117 24.6148
132.9112 28.6187
135.0705 22.9230
131.5701 28.2245
136.6402 28.6516
135.3335 28.1224
139.4360 33.9332
146.6960 38.1884
136.4758 33.1550
138.8965 34.6303
143.8889 36.7482
137.2587 33.2775
140.0484 28.6967
135.2029 28.1896
148.3468 35.4519
136.7158 30.2144
138.5014 30.5893
138.6073 33.2523
137.7549 33.6577
140.1846 28.5802
139.8999 32.1960
138.3928 31.1468
136.9243 30.0025
137.1450 28.1039
134.5253 25.0674
136.9216 30.4196
135.1799 23.7242
146.7041 37.8218
137.2061 30.5859
140.0307 28.1076
136.6730 30.0472
133.5035 33.1432
138.6135 29.9883
144.0959 36.8608
143.0470 35.0968
140.0889 28.9786
134.8994 33.4088
138.9195 29.0756
136.6339 29.7159
134.1717 31.4484
136.2020 33.4853
140.3863 34.5921
142.2634 35.3242
137.8046 29.1833
138.3563 27.3359
123.8124 23.2889
145.4687 38.4963
131.0909 30.8054
137.9358 33.2763
139.7599 28.6115
144.4732 32.2536
150.3378 35.9347
121.7772 32.3090
146.8177 34.6491
139.7757 28.3358
136.6316 28.4341
139.7400 28.3547
136.3120 30.9582
137.7691 33.3250
143.4503 38.3926
138.1052 30.6772
133.7649 31.5729
135.9118 29.0161
137.4311 31.2112
147.7199 35.6490
139.5262 28.1423
137.3488 32.1978
140.5096 28.4464
139.2617 28.3173
137.6959 30.4901
139.3373 27.6773
137.4958 30.5277
138.4644 33.3029
136.0188 29.2339
137.9264 33.4168
143.8034 36.6053
139.4190 27.9438
136.3655 32.9626
143.4461 36.5467
137.3518 34.5871
151.8528 36.1873
136.4954 28.0899
138.7022 27.9904
136.2163 33.2310
155.8634 34.3575
139.1362 27.5734
137.7295 33.5338
133.5212 32.4543
136.9809 30.3642
136.4158 30.7248
131.2202 30.5667
138.6516 29.0209
139.0422 28.0975
147.7929 35.6536
127.5536 28.0970
138.9609 33.6343
133.4563 31.8832
131.1530 25.9206
133.5261 30.6964
134.9705 29.1714
133.7625 32.3330
131.0810 27.9086
134.9810 29.0233
134.1445 29.5161
134.6935 32.1716
135.1115 29.3501
137.3576 28.6200
135.1061 29.4054
137.2652 28.6918
131.4483 27.9262
137.9802 34.3195
133.8811 31.4937
132.4084 30.9329
133.7448 31.1230
130.5296 29.2169
134.8393 29.0525
134.7322 29.0709
131.9305 31.4060
145.6979 35.6371
131.9544 27.9105
137.3521 29.6987
135.1562 29.5574
131.0820 26.4952
137.9786 33.6428
139.5691 28.4272
134.1504 24.3618
138.0952 29.4248
139.7701 33.0413
133.9791 31.4381
125.2158 24.2400
132.4091 27.0909
135.5912 33.2867
133.6129 30.3486
136.4813 31.4020
134.1891 24.2151
134.3908 32.8212
126.6169 25.3296
131.0160 27.0781
136.4805 28.0550
135.1641 31.7659
132.8802 31.2915
137.7329 31.1422
138.8732 34.1574
138.5771 33.7565
135.0114 29.1099
135.4391 28.0267
127.4720 26.9383
135.4053 29.9618
134.2796 23.9797
131.3130 26.7724
138.4296 29.7480
132.7572 31.3937
135.2087 29.8120
130.8864 27.3664
138.6208 33.6819
137.6451 33.5155
134.9511 28.9672
134.4658 23.7540
138.9128 33.9096
135.2117 29.9932
136.3188 28.0741
136.0246 28.5032
130.5491 28.3219
137.7403 33.3166
138.2261 34.5079
132.6284 28.5080
135.6372 33.1405
134.3241 25.8005
131.0910 27.0144
138.6058 33.9369
138.9225 28.6958
137.2117 28.3358
133.5912 25.3409
135.1017 29.2540
134.5117 31.6658
132.8118 25.6479
131.3079 25.9984
131.3771 27.5196
140.8555 33.4795
136.9211 30.9068
131.8195 28.6764
134.1073 24.3016
131.7224 28.6208
134.4738 25.0456
134.4213 24.8171
136.0516 30.2434
134.9155 29.2785
139.9201 28.2479
133.8208 31.9529
134.7258 23.3087
137.8413 30.5217
134.0293 24.2108
130.8695 27.9819
145.7948 38.8394
134.1723 31.5089
134.7693 29.2846
135.1135 29.3431
133.0216 24.6123
130.8661 26.4802
131.2060 26.6615
136.3308 28.0281
140.0204 28.9972
136.8053 31.5038
138.7421 28.2873
134.1470 24.1209
132.0114 28.5318
131.9124 31.1861
128.2569 29.7518
135.8880 30.5727
132.1926 28.5269
133.8995 32.2001
133.4833 25.0009
133.6010 28.1834
132.0481 28.1991
138.0418 27.6129
130.3620 26.0598
131.6409 28.1629
130.5960 28.6109
131.8766 28.6925
130.6997 27.0280
135.6152 29.2886
136.0868 31.4320
138.8161 28.0353
132.8451 26.7850
134.2781 27.8769
131.7568 26.9844
131.5928 28.6908
139.8703 28.5579
127.3164 27.4334
132.0084 31.8564
130.0114 26.5434
138.5942 28.3576
126.5462 25.5923
137.9232 29.0057
135.7827 26.3219
127.6686 28.8190
127.6267 25.0383
135.7968 31.2414
133.4440 24.6137
130.4013 26.3776
133.9687 24.5902
131.1263 28.0524
139.6044 28.5795
130.7978 26.1739
131.8867 26.6626
130.8999 27.9862
133.0395 31.4696
132.2286 25.7886
135.1499 33.1221
137.7480 28.5382
134.8839 25.9727
129.3046 27.7056
124.5572 23.1657
138.9963 27.8705
133.4067 21.5177
127.4494 25.7171
129.6147 25.8999
134.8922 33.5030
132.4850 30.2681
136.0020 29.2490
131.0040 25.8444
134.1467 25.5638
137.1606 28.3933
139.5990 27.4747
133.6769 31.4688
131.7017 28.4981
137.1790 31.3930
137.7299 29.3618
140.0101 28.2489
132.2812 24.9841
140.5058 33.9831
138.5553 28.9302
135.8573 28.5103
136.9110 30.6195
131.6981 27.6862
135.4904 30.6210
135.2924 29.8588
138.1244 27.2988
140.3272 28.1239
137.8534 29.8923
131.3474 29.1015
130.5117 27.3642
136.9418 27.8313
134.8757 24.6200
134.3204 24.2177
137.8845 33.4590
138.4566 27.9331
126.8761 26.6101
139.0741 27.2590
134.4347 32.9106
128.2729 25.2056
132.0309 27.5289
133.4472 24.4048
133.2720 31.4203
131.4132 28.1812
139.7447 28.4560
134.3082 29.2634
132.0711 31.5466
132.0143 28.1376
132.8234 24.7218
135.8189 30.7160
138.9463 32.7915
144.0638 35.6319
130.7653 27.0815
133.7844 30.7598
135.0119 29.3297
129.8223 27.7236
133.0177 26.6697
138.1351 33.3960
134.6643 31.2576
130.6568 28.3983
137.3846 33.5468
137.2344 33.1635
135.1780 33.5113
132.1615 29.1924
134.1411 30.5403
137.3789 29.1458
131.6525 27.6174
131.9981 26.2187
136.9758 29.4865
146.7064 35.5653
138.0221 29.4507
133.0826 28.7331
136.1113 28.5205
136.0772 33.2218
135.0132 28.8259
130.4356 26.6290
140.2920 28.8567
133.0089 28.4935
135.8826 29.1168
140.4799 34.1371
130.9823 27.3724
139.1185 28.0408
136.2690 28.5419
133.9423 31.7440
135.8973 30.6831
134.0099 23.9970
140.1151 29.0847
130.3769 28.7166
135.1912 28.3708
133.5081 32.1139
133.1727 28.9534
134.2348 24.0384
134.4521 31.1321
126.7403 25.2199
136.0926 29.5618
133.8071 24.7735
132.2361 27.3176
139.8787 29.2519
135.3301 33.4264
134.6906 29.4843
137.1982 28.3348
137.6681 28.8573
131.6785 27.3999
136.2504 28.0767
139.0854 27.4388
133.6477 26.2523
139.5788 28.0548
134.5826 23.4603
135.3857 30.7905
138.1212 32.7980
131.8542 28.9707
131.3991 27.3807
132.9406 32.2158
139.7422 28.0864
136.1940 32.9317
134.2272 29.9471
126.4572 24.5803
133.0762 31.1597
133.0282 29.3095
131.6013 27.1780
134.7390 23.2970
136.6698 32.9121
137.3073 30.2374
130.6102 28.3221
134.9591 32.1329
134.8558 28.7300
134.2530 25.2312
134.1405 26.0080
133.0621 21.8867
136.5884 32.8482
139.3368 28.2602
134.3808 23.6680
136.9472 30.6314
138.7310 27.8881
139.0119 30.4475
131.5630 27.9187
125.6275 25.2088
136.5143 29.4438
124.5327 27.5423
126.7515 27.5441
125.2162 23.0516
136.5758 29.7304
125.4983 25.0613
131.3439 26.0569
139.7413 29.0800
127.5361 27.7054
137.0039 31.1128
133.5445 24.5105
136.4428 30.2781
130.7765 26.7151
136.3331 28.8433
131.6455 28.5220
128.3270 29.7069
127.2934 27.4963
131.6834 26.8076
135.3043 28.3335
134.7031 29.1661
133.0091 28.0547
134.6744 28.7665
139.5220 28.7346
134.6331 29.7246
139.2651 27.9264
132.2744 29.1197
132.7807 25.5118
139.8636 28.4737
139.4112 27.6169
139.5752 28.2260
131.8209 28.5127
136.5101 31.4102
134.1270 29.6568
132.9040 28.9619
135.1603 31.6967
139.8795 28.8095
133.6731 24.2791
129.6985 26.8934
134.2027 33.0865
127.9847 29.4872
134.1405 24.1441
134.5555 26.2302
132.9745 28.4513
136.5271 28.5882
139.4728 34.6194
132.7162 31.1273
125.0967 24.2817
133.5846 24.6853
134.8866 28.0492
136.0551 29.5568
131.4197 29.2242
132.7725 25.4081
136.4431 29.3746
132.4405 26.6863
130.4963 28.0906
136.1823 30.8128
126.6613 25.6369
134.8172 23.7487
127.0209 25.0523
136.8694 28.7742
140.3965 28.0750
130.7721 26.2210
135.6547 33.1525
131.0058 26.8939
133.8345 24.8743
133.2433 28.4366
130.5641 28.4584
136.9766 30.5986
139.8656 28.4801
130.7764 26.9781
135.9015 29.9357
134.9038 23.5977
134.5111 29.4669
127.7841 25.7427
136.4279 28.4771
134.1286 31.9643
137.5995 30.2120
134.6410 23.7628
139.1637 27.9608
136.9976 31.8770
131.6057 25.4284
140.0053 28.0778
133.3252 28.7322
127.5835 29.1863
132.3142 28.1305
134.5075 31.6790
135.2416 33.2905
139.1519 28.1788
138.5309 27.6521
134.5666 31.3635
135.4788 23.1106
133.9957 23.5644
126.1818 24.8118
131.4828 26.4858
137.6730 29.8464
134.4657 27.9265
132.5587 30.4036
124.4716 23.4699
134.7779 23.4408
131.2775 28.1645
136.7068 28.8029
133.6242 23.5868
126.0007 23.8045
137.1825 29.1174
132.7402 29.8660
138.4863 27.8115
135.8077 28.8327
132.2598 25.0957
136.8244 29.2284
130.5023 26.8089
137.1421 34.1248
139.4189 27.9887
131.6283 28.7587
126.3794 24.7927
133.7438 24.4641
131.4341 27.9564
136.9270 31.8537
126.0295 25.7898
131.4043 31.0537
134.1410 24.7245
133.7691 26.8424
136.8386 30.3903
134.1831 32.3353
135.7399 25.7561
132.4176 27.3360
132.4759 30.1487
126.1672 23.6189
131.8840 27.9184
139.4234 28.1282
131.1575 27.3320
129.2899 27.5677
137.9506 28.9416
139.7677 28.7262
131.0871 27.0319
139.0407 28.0185
140.2288 28.2359
135.0753 33.5549
138.6687 28.5259
134.0878 31.4134
132.4591 30.3975
135.2669 31.5645
138.2283 29.2194
139.1403 27.8080
133.3327 31.7984
135.3964 28.8145
131.8197 28.1447
134.4396 25.7053
132.0772 25.0634
135.2278 23.4776
131.7454 28.3208
137.5057 33.1814
136.3790 29.6304
134.6021 22.7847
133.6499 25.8944
133.5984 31.9738
135.3798 30.4052
134.4837 28.1239
137.5708 29.0969
130.1103 27.7554
134.3270 23.6228
133.1423 28.7959
132.2898 31.2034
136.5226 29.3872
136.5673 30.9132
131.9571 31.2113
136.9918 26.7806
131.7810 31.1404
133.0730 24.6561
136.4129 31.8521
129.9122 27.6063
132.3235 28.3159
138.3096 28.6577
132.4236 32.2900
133.8028 32.6198
140.1568 28.3043
139.9508 28.7864
134.5633 23.3366
135.3347 30.3208
136.0038 27.8445
133.4945 25.0591
136.2346 28.7822
132.9698 30.2090
136.1112 28.3850
136.7267 29.1513
133.1910 28.8528
138.6394 27.7857
136.6069 28.5424
136.7307 31.1568
138.8273 27.5299
132.4079 32.6273
135.2843 28.3149
133.2195 27.9727
132.6101 28.9621
132.4906 28.9662
133.3655 28.1578
136.8271 29.0376
133.5516 26.3418
138.6246 27.8487
132.2403 29.2348
133.3128 25.0995
136.8294 28.6076
125.3209 22.6691
136.2157 30.9919
139.5954 28.2474
133.2023 27.7790
131.8419 27.9724
136.2371 31.0807
132.3931 29.4416
136.8088 31.4213
138.3553 29.6574
131.7746 26.6172
139.3564 27.9159
125.4880 21.9046
140.0667 28.5484
133.8997 24.6038
137.5492 29.9736
140.1907 28.1347
134.5468 28.2058
133.0899 25.3096
136.2248 28.7816
137.5005 33.5082
137.2538 26.8394
140.0274 28.6569
133.9752 31.3586
134.3466 31.3738
136.2631 30.9951
133.5017 28.6447
135.0597 29.8571
133.1752 25.6022
139.7526 28.4771
140.2171 28.0717
134.2169 24.4319
136.4529 29.3173
136.1247 28.5821
130.6698 26.4618
129.5796 27.5933
133.9063 29.0075
134.5023 32.1872
131.8016 30.9934
136.9111 31.8753
136.7908 28.8300
139.5772 28.1702
134.4822 29.5562
132.5423 28.7369
133.8008 24.6164
136.0547 31.2061
134.3857 29.9225
135.9489 30.3389
136.6218 30.9787
137.4384 30.4623
135.3813 31.1688
136.7293 28.5247
133.2622 25.0632
136.7393 29.9977
137.5503 30.6443
136.2187 28.8066
138.4918 28.6700
134.6433 28.2161
140.1339 33.9656
137.0480 28.2219
132.5800 31.4182
136.1590 29.7669
131.5469 26.5471
134.1272 29.1048
130.5219 28.4518
136.2312 29.1303
130.4415 28.2061
132.3263 28.5136
134.1382 31.2517
124.1915 23.6107
133.7833 29.1667
135.8428 27.9579
136.0129 29.4442
136.1470 28.1007
134.1486 24.8372
140.1772 28.3296
131.3549 28.5255
136.0832 28.3522
133.8702 31.4489
136.2466 29.8495
123.0029 26.9064
132.9941 22.9751
134.9342 23.2996
134.5128 25.0467
134.8188 30.1008
131.2587 28.1395
139.5912 28.3323
128.0636 25.9628
133.7079 24.6957
144.6108 36.2628
138.2640 33.0065
134.1575 24.8927
135.6514 23.9543
138.8595 28.4476
131.8056 31.2829
132.8341 30.0202
130.5101 26.8398
135.0875 22.7922
134.0777 23.8051
126.1984 28.0217
134.2478 31.0749
130.4384 25.9227
130.4340 26.7872
130.1283 29.1147
132.3341 19.0721
131.5834 29.1188
137.3865 34.2643
136.5309 30.7913
133.8163 23.5867
136.0420 31.0174
126.1040 25.2315
136.4165 31.9545
131.2110 25.7719
133.6675 24.0409
132.5025 22.3277
134.7580 23.3687
125.8226 22.0351
133.6132 28.0174
126.3074 25.6058
136.1043 28.5166
133.6847 24.0948
131.5409 27.6273
126.5744 24.1638
132.5228 24.9250
132.1632 28.1651
125.1644 24.2099
133.6656 29.0277
134.5736 25.0044
126.7099 24.6481
134.0150 23.7748
138.4670 28.9071
136.8227 31.4548
131.7531 28.9663
134.7772 28.0001
137.2030 30.0518
129.2621 25.7129
134.0208 31.6055
132.0406 26.1044
132.8203 29.0563
126.4978 28.3659
133.7700 27.3442
132.3622 25.4589
128.4387 25.5824
124.5520 24.2839
124.2544 20.2333
137.4101 30.2475
145.1135 39.0830
136.9852 30.1536
137.7358 30.2007
135.6435 27.9047
137.0173 28.3340
141.1378 35.6762
138.9447 28.4698
137.7402 32.6948
136.8464 28.6331
139.8770 29.3355
140.0370 29.1905
137.4914 33.3750
136.9301 30.7994
137.9911 33.4170
137.7347 32.3844
138.2526 33.4874
140.1221 28.6242
138.0779 33.6360
138.6069 28.2181
138.9674 28.4002
136.1534 29.6676
137.9794 33.4026
138.1880 31.2987
138.0712 32.7955
141.2265 35.2371
137.9016 33.4126
137.3967 32.2284
136.5421 29.9627
137.9457 29.5361
136.9577 30.0462
138.6995 27.9663
144.5059 38.2709
137.9247 32.5721
136.5874 29.2321
144.8600 35.1677
137.8750 32.5315
138.3696 33.3932
136.5854 29.0542
139.9851 34.5253
135.6842 30.8280
137.4868 28.6677
137.5711 33.7819
144.3553 38.2904
137.0161 29.7944
138.5687 31.0144
139.2006 33.3040
138.5871 27.6693
138.0150 32.6781
141.0253 35.8000
137.5734 33.7717
137.7825 33.4721
144.7813 38.8684
137.2240 28.8920
137.9619 32.6279
136.0445 27.9572
139.8814 34.5414
139.8946 28.3897
139.5415 28.3163
138.6361 28.3586
136.9336 30.8115
136.5242 29.4144
138.2415 33.0043
137.0581 28.5373
145.6308 37.2181
136.8569 30.3163
142.2634 35.2034
137.4277 30.5142
137.5045 28.7403
137.4664 32.2419
135.7916 30.9491
145.7358 37.4910
146.2275 35.4795
142.6326 36.1561
138.0226 33.6726
139.3572 27.5521
137.5266 28.9964
140.1884 29.1161
136.3859 30.7878
141.2780 34.7318
146.0576 37.4420
138.0748 33.6623
136.8784 30.5881
137.6523 30.9848
137.4801 30.4744
136.5261 30.3483
137.6712 29.5365
145.4175 37.1970
132.4068 27.1862
139.5491 27.8985
145.8271 36.0042
137.1751 29.1835
145.4960 37.3669
137.8336 31.6856
137.5241 33.3350
141.4168 36.1816
138.1078 33.2288
138.1996 32.9568
140.9616 34.6204
142.1944 35.5263
137.5805 29.9187
137.0630 29.0079
136.7009 29.1260
137.0508 29.0174
136.0836 28.5274
139.4634 28.0935
140.8375 34.5938
145.3846 37.2067
137.6624 32.3857
139.5625 27.8880
137.5161 32.2641
138.0364 32.7741
137.1233 30.5136
137.5732 32.3410
141.2814 33.8124
140.0892 29.0612
138.1511 30.4403
136.8343 28.7075
137.6754 33.7738
139.3774 33.7626
137.3765 31.3400
137.8105 34.5803
136.8265 28.6174
138.0609 33.0563
137.7291 28.8489
144.0513 36.8833
138.2619 33.5421
144.5281 38.3215
138.8112 27.6573
136.2708 28.6890
138.8380 33.0175
139.3565 27.9954
136.8945 28.5498
139.3389 33.7057
137.3110 29.4108
137.3468 29.6321
141.9949 34.9528
136.2705 28.3727
137.3073 29.8539
139.5182 28.2219
140.8541 33.9945
137.6128 30.2557
137.6517 32.5585
137.1391 28.5376
136.2053 31.3173
136.7256 29.7865
136.5378 28.7931
140.0853 29.0366
135.4421 31.4407
136.9610 28.5535
136.2342 30.5274
144.7192 34.5028
137.5303 33.5915
136.9778 30.0144
137.4744 33.4397
138.2011 31.0849
137.7947 32.4459
140.9147 33.7560
136.8121 30.8050
137.9556 33.4055
141.0309 33.5099
144.9371 39.2039
137.0627 30.7768
136.8162 28.5908
138.1610 33.6203
139.2983 28.1622
137.2112 28.3956
145.2225 39.4431
137.7260 33.4410
137.7829 30.1434
137.7161 31.0902
137.4781 32.2622
137.7147 29.7732
137.2863 30.7478
135.8595 30.3095
136.5023 31.5047
139.6697 28.5325
138.2311 33.3245
137.5861 33.3197
136.1551 28.8125
137.2597 29.1280
137.8266 33.7556
137.1933 29.6733
137.7713 29.0033
137.7714 31.1557
138.8058 28.0553
138.0335 33.1137
141.3511 34.8687
139.8931 29.3319
135.8667 30.6962
137.3221 29.8533
136.5636 28.2637
144.5281 38.2717
136.6066 30.9605
136.7310 28.2820
138.9792 27.9613
141.5582 34.2038
140.2126 28.8952
140.9630 34.6197
139.9301 28.4771
137.5905 33.7518
137.9353 32.5974
141.3530 34.8044
135.6495 31.0903
139.5226 34.8838
137.8635 33.7182
136.3531 28.8685
137.1169 28.1915
143.8755 37.1615
137.0480 30.0901
137.4724 29.8558
135.5205 27.9097
137.1914 28.3952
137.1309 29.3896
136.3218 30.7362
141.0921 33.5687
142.4792 36.9761
136.7572 28.8950
139.4523 27.6512
138.8011 28.7526
138.0920 33.2864
138.2879 33.0918
137.9084 33.4139
136.9073 30.2434
137.7223 29.7321
140.3699 34.5903
141.1268 34.6722
137.2741 30.6459
135.8737 31.3213
137.5024 31.0982
136.8716 30.2570
139.5260 28.2597
146.0989 36.0442
143.5673 38.3685
136.9237 30.2109
139.4040 27.7725
137.9534 33.3895
139.0655 32.5064
137.9845 31.1399
137.0033 30.0094
137.7136 28.7670
138.8102 28.9107
137.7223 31.3649
137.8687 31.1764
136.6485 29.1328
135.7535 30.9651
138.3077 33.3090
141.2434 34.7287
154.7052 34.6450
150.4507 36.3655
137.4205 32.2357
137.9428 33.7090
137.7174 31.7352
141.2496 33.9400
136.0518 28.1018
136.8591 30.0979
138.1236 33.3781
137.8971 33.3783
144.7505 34.5425
141.1026 34.6920
137.4876 28.4334
138.6952 27.8765
137.9327 31.0804
136.9510 28.5362
139.4261 27.7613
140.1037 28.8160
138.6026 28.0208
138.1182 32.8774
141.2231 36.0662
143.5740 36.4716
138.2714 33.1089
137.7561 30.7682
137.7628 33.6695
135.8342 29.6194
139.1345 33.3210
139.4075 27.7572
136.5533 29.1595
137.2482 28.9099
138.0652 33.4313
139.4022 28.0213
141.4617 34.3704
138.7583 29.1421
136.5230 28.0081
137.3486 29.5597
138.7498 27.7463
137.6806 33.2914
139.6033 27.9072
136.5190 28.7840
137.9690 33.3768
144.4554 38.0322
136.7408 30.5526
138.0633 33.0572
138.6567 27.7059
138.3419 33.3013
136.6363 29.8663
138.3502 33.3511
138.7865 28.7677
137.6992 32.3798
137.6529 33.7756
137.8270 31.6959
140.8537 34.7190
138.2785 31.0451
138.1647 32.8612
139.3929 28.2157
138.2014 32.9464
139.5552 28.4038
