129.5394 25.1099
135.3225 29.2877
129.3891 24.2030
141.3591 34.4027
135.0332 28.6845
131.1103 27.9622
130.1342 25.4165
138.1729 28.3963
137.0744 26.2836
137.7135 27.1827
134.7928 27.5976
129.1608 25.8480
135.0852 31.9036
134.0921 31.7250
136.3007 29.5062
136.7281 26.2338
134.4042 29.4725
138.9705 32.4153
137.2763 27.0305
136.9366 29.6529
136.5168 25.4307
131.5488 24.2289
136.9824 28.4886
142.0910 36.1059
137.3767 31.9372
131.2950 25.2757
139.0418 26.9328
135.2089 27.4825
138.9802 27.7304
139.2883 29.7641
137.4304 28.4985
135.0288 27.4502
137.4816 27.2867
129.0672 25.7884
137.0054 30.0436
136.5148 27.5853
132.8746 30.5737
131.0230 26.6195
133.6408 25.8504
136.7210 26.0371
132.5800 30.7817
133.3246 27.6952
136.1812 26.4597
132.9704 21.6825
145.8531 35.0056
134.9715 28.4938
135.5157 30.5374
132.7462 29.6205
124.1014 20.5444
131.6425 28.1907
132.0913 24.9240
136.8906 31.9254
132.2507 28.8413
129.5661 24.4613
141.9478 35.0777
132.6499 30.4866
133.1844 29.4932
130.0840 25.7164
125.3223 21.0476
132.0730 29.1810
134.9404 25.9659
136.1818 30.6350
132.6658 28.0610
142.5036 36.3225
136.7968 26.8107
135.7324 28.3978
131.9154 24.2076
137.1287 27.4957
132.5242 26.3850
132.2395 21.2842
139.9925 27.6453
133.1519 30.3612
131.9938 29.8047
135.3092 27.6677
129.8720 27.5927
125.0522 25.3281
133.3602 21.0812
130.5401 24.3602
138.4991 28.5019
133.4778 22.4852
131.2955 25.5550
134.4098 29.6181
137.8917 28.6743
135.5360 29.2665
132.9466 23.7606
134.1225 32.9046
127.1718 28.0705
133.1890 31.4959
133.3280 24.0448
135.8086 30.9434
130.1295 26.0943
134.9122 27.0019
129.6626 22.1503
130.2876 25.3567
137.2543 26.6462
135.6409 30.1431
135.4005 31.7563
133.4322 22.7307
134.0963 32.2004
132.5947 25.8946
131.8065 20.9507
138.4081 29.2937
134.4624 30.8291
137.9213 28.6633
133.5611 24.7366
134.9814 27.5421
142.2022 36.0860
131.3603 28.6874
146.2590 34.3464
139.6998 32.6184
130.1476 26.3575
133.0834 23.4208
129.2722 27.1713
131.6225 29.5326
136.5582 27.2274
135.8207 32.1316
138.3801 29.3039
133.0911 23.1812
133.3005 24.9299
136.6183 25.9286
136.7816 28.5327
128.9716 27.3836
136.5232 30.5373
129.9026 25.2676
133.7790 24.2908
136.0571 27.2959
132.6742 30.2718
137.2218 27.9613
130.4689 25.4989
132.6992 21.4613
129.4916 26.1783
130.7334 30.0721
130.4126 25.9919
134.8384 31.9966
130.5679 25.2744
132.2847 28.1541
139.8064 28.0051
135.8806 25.5363
131.8549 20.6846
132.8847 23.3430
145.7980 35.2485
136.8401 26.4522
132.5221 29.2342
139.1586 33.3292
135.2079 28.4127
136.7184 27.4158
129.3119 27.0925
138.5044 29.5563
130.7717 28.2596
132.4703 28.2767
124.2933 23.9479
133.9916 28.1270
137.8654 29.5435
131.6083 25.0445
135.4494 28.8086
134.3083 27.7885
133.5540 32.3665
145.6612 38.9235
132.6596 30.7295
136.7538 28.7241
137.3925 27.0479
134.4595 27.8295
126.5391 25.1500
145.4090 35.3984
136.9160 28.4612
134.0017 27.7452
135.0505 30.7644
129.4494 27.5253
129.3510 27.1104
141.4074 34.9527
132.5163 30.0852
133.1195 30.4430
132.7890 30.4100
131.2999 24.4999
140.1308 27.5066
130.3580 26.9774
133.9104 28.1928
135.3688 29.4265
135.7021 27.1614
132.2169 30.2086
125.7259 23.5300
136.4336 27.6588
131.4709 25.6627
139.5105 28.1501
135.4602 25.9678
136.4643 25.8531
131.3693 28.8021
137.9101 32.3829
133.9016 29.7935
138.9045 32.1795
135.4022 27.7394
136.0109 27.7948
132.1423 29.7593
138.1040 26.9487
137.2649 26.1126
134.6590 29.1679
135.0179 29.7213
136.7668 27.4427
138.0529 28.4016
132.6974 24.5419
123.9019 19.6174
138.1140 27.2270
134.2840 32.5883
133.8495 28.0229
145.4374 35.4260
137.0791 26.4859
138.6801 27.3552
130.5567 27.4409
138.2627 31.5998
136.6538 25.9343
129.6752 26.5243
132.6271 21.9298
121.5287 20.4712
136.2103 27.0117
132.3437 30.0667
139.8083 27.8132
134.3715 29.1932
129.6986 26.2605
122.5230 20.9410
137.8791 28.3312
136.3455 30.5476
130.9636 24.2287
127.8051 25.3077
136.2399 25.7319
136.3266 27.7190
133.4758 28.6731
134.6986 28.7698
131.9275 27.7921
129.1351 29.4399
143.2135 35.1674
137.1113 25.7870
139.0410 31.5080
131.1513 23.9025
131.9138 31.8111
124.4706 21.9184
134.8493 31.2102
133.0186 30.4595
130.4261 25.5542
132.8530 28.1782
128.4195 25.3600
130.7599 24.6778
137.8174 29.4490
136.3026 26.9019
132.7840 29.9718
133.9141 29.1234
129.6520 26.4300
137.4739 28.5162
136.9084 27.7812
138.1312 28.2088
135.5712 30.2976
138.6367 31.5120
132.6564 27.5326
132.9618 30.5357
131.4050 25.6767
135.7171 26.3399
132.2132 28.3544
129.3069 25.4282
136.9482 28.5716
128.8212 25.5015
136.3726 27.4155
135.9553 25.5566
136.4276 26.6842
131.9457 21.5722
134.8298 29.5565
139.4424 28.3283
131.4943 26.0772
137.6781 27.1469
130.7187 21.3336
130.2128 25.5660
130.0677 24.2664
124.0120 21.1948
132.9628 30.1505
138.2397 29.6096
139.8952 27.4574
136.5365 29.2440
138.8371 26.9197
135.6229 25.2328
133.1025 23.3495
132.2320 29.1925
131.8298 24.8413
135.0136 31.5532
124.6985 19.6006
132.6752 29.8595
131.1989 28.3754
129.6500 27.0281
137.3769 26.7542
136.8629 28.7364
143.3233 35.4420
138.3839 28.6458
134.9074 28.6719
132.2553 24.4367
136.8194 25.9552
132.2786 29.2318
124.7107 21.5160
136.2194 27.0607
135.6181 30.4517
131.8867 28.9344
137.9729 29.6059
132.0114 20.8707
123.3498 20.2460
131.2319 28.2349
132.6694 30.5751
138.1622 29.8230
137.9544 28.7627
132.7397 29.3224
136.1162 25.3423
137.4104 30.2229
137.9734 29.8670
136.3046 31.7737
135.0656 27.7012
130.6026 25.2318
139.5670 27.1350
131.2747 27.0170
136.3192 32.4082
128.7655 25.2390
131.9597 31.8586
133.0459 29.0998
137.0272 30.4895
133.0070 30.5512
129.6951 26.0002
134.4747 31.4660
128.0393 25.2012
136.6896 29.2863
138.7652 28.1749
130.8413 25.7086
131.1155 24.0621
130.3660 25.1657
135.8267 28.1804
131.2647 20.8535
139.8381 31.2054
138.2067 29.8606
132.5504 27.6117
132.4129 21.6559
131.1630 30.6799
137.5984 28.4645
138.3982 28.6962
135.9762 27.6065
132.5102 30.0661
137.3474 30.0202
136.9183 26.2422
133.5445 32.1084
134.6199 30.9381
137.6191 31.2168
129.5028 29.7495
128.8985 25.9280
136.9613 31.4291
140.0433 27.6387
139.4900 33.9343
138.2427 28.5625
129.5992 27.2611
138.1962 31.6928
132.1566 29.1906
136.3181 27.4801
137.0358 26.5820
138.1041 28.4149
138.4844 29.1589
138.4587 27.3525
134.9924 31.1324
123.6333 22.9145
139.7017 32.5460
135.0877 30.1545
137.9984 30.2877
139.7541 27.2914
135.5846 28.4746
132.1063 26.4626
133.1834 24.9982
133.1167 26.2370
127.7336 25.2028
133.2339 24.2246
130.9347 25.0747
136.9607 30.6792
133.0805 29.7432
131.2647 25.9837
134.6085 27.8000
131.0528 22.9893
131.8452 21.4654
134.5611 31.6217
132.3560 24.9530
124.3823 22.5771
135.2249 27.3413
138.9871 26.8960
140.2297 27.3231
130.0113 25.3455
128.7131 26.0448
137.4975 28.4977
135.9274 27.3450
134.3979 31.6418
136.1981 26.8742
132.7365 21.9116
134.6186 29.0791
134.9538 29.1806
131.7330 29.0305
132.9873 24.3562
136.3099 25.9919
131.7798 28.9470
138.5659 26.7642
138.2813 28.0297
135.3978 29.1001
131.1938 28.5130
137.6547 29.3525
128.8297 25.8890
135.0164 28.4544
127.2278 25.3082
139.3701 29.7786
128.2770 26.6829
136.5219 25.8809
136.9772 27.8512
133.1704 27.8694
136.6536 27.8617
133.3387 27.9426
134.0111 29.0541
137.8706 27.2768
134.6461 27.5566
136.1993 30.2614
131.1362 24.5040
131.8736 29.2925
137.6794 30.2580
136.1696 29.6536
132.9123 22.7348
130.6417 27.6997
137.5709 26.9127
127.7222 25.3061
132.8603 21.8106
136.1242 27.4831
133.0273 21.6467
123.7891 23.0854
139.1557 32.4500
127.5595 28.3808
138.2787 29.8958
128.2610 26.0725
145.4168 34.1026
131.8050 21.9605
139.5485 27.7066
131.3626 24.3373
132.4808 21.1229
132.9072 25.6936
131.1939 24.6899
134.0436 28.2858
133.0664 23.5636
130.1140 25.0470
132.7206 28.9874
131.6675 25.8960
125.9662 24.0147
136.5383 26.0828
131.7981 31.8092
137.9519 31.4594
129.2935 25.4102
136.5885 27.7064
132.8666 29.8068
136.0547 30.9355
136.1126 32.9557
131.4781 25.1363
137.9149 28.0940
131.7863 25.6815
138.2777 29.6807
136.6193 27.1893
134.5759 27.7691
138.3768 27.2965
131.4520 21.1643
132.2182 28.5968
133.5357 30.2529
134.0987 32.8092
131.9462 29.6860
131.5847 24.3846
135.7423 26.4958
132.4878 24.5662
138.4073 29.3477
125.4570 19.4753
137.0826 27.8804
133.2853 23.6177
137.1107 27.6452
134.4472 29.2953
139.6278 27.0930
137.0614 30.6500
139.3973 28.6886
134.5326 32.2166
127.7360 28.4343
137.4956 27.8680
136.2973 30.4314
133.6133 27.7946
135.7762 27.7931
130.6170 25.4662
137.4963 29.5711
138.0285 26.9048
136.0761 27.4434
131.5568 28.5655
132.4846 21.1092
134.1989 30.7087
124.5980 22.4239
136.1818 27.4106
135.6042 29.4409
133.0359 22.0349
137.2892 26.2965
135.2346 25.3542
131.8011 28.3000
133.0798 22.0655
131.7547 25.9841
131.3394 26.4728
137.0344 26.6503
132.8937 25.8607
136.3733 32.9126
132.1603 29.1758
131.2591 27.7467
135.1824 30.0620
132.5553 28.8895
132.8261 21.8589
133.4759 23.1890
131.3947 26.1525
137.2824 29.6283
139.0674 27.6294
138.3894 28.3785
138.0108 28.8074
135.9729 27.0687
132.3299 28.4940
124.7919 22.0993
131.6693 23.6856
135.1050 28.5636
136.0334 31.9970
130.1117 27.3093
130.9234 25.3263
134.7337 27.5305
136.1377 29.5514
127.7822 25.5395
139.3877 28.6327
133.4937 27.9735
134.0348 28.0547
139.4800 33.8695
136.6838 26.8905
134.9780 27.7255
131.2044 25.3883
134.9966 28.4641
135.8297 32.2360
134.4925 29.6040
133.8263 21.4686
139.4303 28.7569
136.1243 27.0374
134.2197 27.6563
134.3364 28.0071
131.1542 24.7813
139.5771 28.3437
138.0174 27.9615
138.4170 28.7916
136.9889 27.5933
132.7083 26.0923
132.5970 28.7665
124.1868 20.6599
130.5394 27.0677
137.0631 30.1937
138.2524 29.8295
139.6253 27.8602
138.4167 34.1437
136.5828 30.5885
139.2414 29.6790
135.4428 26.0802
140.0277 34.2742
139.6024 27.2035
136.1939 25.7854
139.2849 32.5690
141.7029 34.8148
137.3455 30.3794
133.2288 31.6057
139.7642 27.7560
139.5586 28.4001
137.0058 27.6099
134.1379 30.0355
139.3111 27.6282
145.2323 35.4146
136.4273 33.3048
129.2469 29.0389
135.6697 32.6297
127.3738 26.8660
135.9224 27.6332
139.7025 33.1951
139.6509 28.3507
136.2155 25.8831
135.7110 32.0999
138.3180 28.1672
134.0095 27.9468
139.5046 28.1174
136.5376 30.6807
138.4188 29.0699
138.9911 26.9985
137.1727 29.7470
127.3757 28.0270
139.0349 27.0582
144.4978 37.6009
136.4423 27.4786
127.5234 28.3970
137.3173 26.8093
137.2698 26.9230
135.5189 32.8580
135.7116 32.4469
133.6806 29.0149
138.6481 26.9280
137.2055 28.0844
137.4110 28.6105
128.4305 29.3884
132.9740 27.9626
138.0101 27.1959
135.8895 30.6587
133.8093 21.9178
139.5735 32.1977
134.0961 29.3704
136.6927 25.8266
145.0854 34.0438
135.9002 27.4398
131.1769 30.7618
137.2233 27.2197
146.3007 34.7621
137.1173 26.4157
138.0084 27.0183
136.0654 32.4660
137.9263 28.1641
137.1363 26.4089
139.8835 27.6953
139.3893 27.0335
139.7938 27.5172
138.2064 27.0041
138.5482 26.9787
139.4679 28.1963
138.1617 29.6260
138.9234 31.7478
136.8289 26.3297
136.1004 25.9075
138.3282 28.7003
145.4705 37.8865
134.4849 25.2229
134.0189 32.8999
139.5458 27.9474
142.7577 35.9710
132.7081 30.4723
136.9023 28.0263
137.5686 28.5210
136.3680 30.8843
140.0170 27.3970
137.0926 31.3676
132.9595 27.9471
137.0392 26.2852
139.2818 33.1240
132.0899 28.4848
137.2659 26.3405
138.4157 27.5251
134.2142 28.0254
142.3482 36.0113
137.7725 28.1297
132.1718 28.4088
138.4984 29.0803
137.4626 30.1131
137.9516 29.6479
139.3533 34.0792
146.6202 35.2444
136.4304 30.7306
147.5484 38.1419
139.3145 29.3286
136.7638 26.1183
126.7190 27.2160
138.7861 32.2977
148.8273 36.0414
135.2624 32.1455
136.8297 26.6568
139.5014 29.2397
138.8137 31.8834
131.8424 28.3893
145.7945 35.1659
136.5791 30.2192
135.8108 31.3311
142.3507 35.4799
139.4408 29.6760
138.4442 28.9769
137.8410 28.5827
138.4773 29.1634
136.0403 31.9386
133.9095 28.4177
139.4853 29.2614
146.9746 34.9505
128.6387 25.8661
140.0283 27.5196
132.9791 28.0410
130.6821 26.5609
144.7825 33.2894
133.8259 32.6870
137.2605 30.0338
138.1222 28.3962
140.0554 32.8831
139.8992 28.2924
136.3520 27.4633
140.7981 34.1776
139.3978 33.4457
139.5180 27.5951
137.3102 26.3292
141.2906 35.3681
140.0237 27.8960
132.6676 28.0016
138.8791 31.1516
138.2565 27.0872
126.6029 27.9882
139.4152 29.4204
137.9467 27.1007
136.4188 27.8765
138.7801 29.5199
141.4732 35.0726
136.1920 27.5996
144.8397 37.0131
133.8692 31.4547
137.8026 28.5685
144.7462 37.3199
135.6528 31.4039
144.1065 35.6268
136.8073 30.2771
140.8628 34.2953
139.8356 27.9177
133.6083 29.7408
137.9431 27.0724
136.0394 31.1019
145.9919 35.2110
141.4262 33.6981
137.4546 28.5545
139.9449 26.8702
137.4460 30.0199
133.1900 30.1083
140.8321 34.1428
137.9609 31.4867
134.9092 30.9663
130.2327 27.1096
136.6905 30.3263
134.7120 21.7965
138.7461 31.9866
131.6856 20.7363
135.8228 29.3156
136.8911 26.8205
133.2173 31.7075
134.0845 23.7392
134.6567 26.7314
132.9997 28.0165
134.4820 30.1851
139.2471 33.0831
131.0456 28.0653
138.4472 28.4489
134.7790 27.8533
136.9887 27.0077
135.2721 31.0707
132.7489 30.3502
138.7039 28.0875
131.9602 28.8256
139.3461 32.2796
136.6969 27.2503
139.2662 30.5646
132.0829 28.2922
133.4503 21.8204
133.3286 28.9199
139.2239 29.2363
122.9674 30.0599
125.3546 23.9567
133.3082 21.9548
126.0057 25.7149
139.5383 27.9614
139.9906 27.1698
146.1496 35.1933
134.4027 32.7960
136.7978 25.9831
140.5817 27.5976
133.2476 20.8506
138.1720 31.6294
137.3688 30.0521
133.6990 30.2896
130.5055 26.5698
137.5812 27.5289
133.6610 29.6698
134.4505 32.1428
140.1096 27.4853
139.0340 34.2969
139.8567 26.7847
138.1906 29.1647
133.6385 30.6753
145.4853 34.6958
135.3063 25.5597
143.9141 35.5170
131.0659 26.8588
136.0800 26.4350
135.7150 31.2136
133.5790 22.1083
132.6182 25.0508
136.4991 30.4799
133.9882 22.5858
139.7753 27.2316
133.8436 21.5720
137.2390 29.9559
132.0470 29.2767
137.3450 28.6447
136.9456 30.0941
133.8771 29.3002
135.5649 26.2860
133.6872 30.6216
140.1129 26.4800
129.2830 28.9108
132.2514 30.2689
133.4045 21.5222
139.6168 27.3837
140.4285 33.7520
135.8163 31.2999
137.0613 30.7307
132.2237 20.9761
138.5418 28.8207
131.3947 28.7910
137.7464 28.1882
131.6834 28.7315
138.6234 29.0372
139.0037 26.9284
133.9778 30.1235
125.0459 22.7005
136.0690 27.9737
145.7050 35.5352
136.2499 27.7783
130.2069 21.7080
135.1082 25.8788
136.7614 26.4416
141.2588 34.7680
130.4072 26.3910
133.1665 24.2702
135.8530 27.7652
130.4988 27.4846
144.1328 34.7161
131.2382 28.0403
133.1104 23.5966
131.6906 29.0871
137.5857 29.2481
131.7385 27.9536
136.4624 25.9377
136.1349 27.3001
132.6630 21.7614
139.3849 28.9860
126.7379 24.3145
137.0395 29.1945
129.4610 24.9525
138.6526 28.7882
134.1958 30.2580
137.2503 29.8947
135.0210 27.5849
138.5847 29.1451
136.5878 27.6495
134.7621 28.0616
140.2002 32.9670
135.9033 27.6542
143.0889 35.4803
138.0095 31.5477
131.6141 20.6538
135.9840 32.9098
136.6763 25.7794
133.6285 23.3324
130.5568 25.9179
139.9676 27.8371
134.8931 31.6596
140.4498 27.3611
126.7748 28.1240
135.0238 30.9480
131.8018 21.8325
130.3542 25.9960
135.5652 28.7654
138.9268 26.8583
132.4412 21.6093
143.6467 35.9210
139.7370 27.1310
136.4359 27.7847
138.0833 32.9997
139.1979 26.9848
127.5417 28.2181
139.7161 32.5219
132.6440 29.6389
130.6398 28.0239
136.0350 27.7742
136.8611 27.7202
131.9584 27.4019
125.3427 23.7545
132.4769 24.5012
138.7072 27.3076
136.6373 27.0957
132.4064 28.4055
132.4094 28.0094
136.9065 25.9244
136.5450 27.7276
130.8864 27.3649
132.0821 28.3423
136.1515 27.8642
125.4736 20.8609
131.6017 28.8810
136.2213 27.3844
130.8938 27.7017
134.5589 33.1233
137.3587 26.4305
138.4338 29.3751
131.7872 25.3294
130.1654 24.4742
138.8924 31.8027
135.5087 31.7194
131.7829 27.0347
132.9312 25.1268
136.1707 27.3898
140.7600 35.0946
132.8183 24.6799
139.8185 27.3894
129.6079 26.1858
131.5787 31.3337
131.9685 21.5097
139.8254 27.4441
137.7131 28.6509
131.3841 27.0311
137.6027 26.6015
137.4651 27.5027
129.8761 26.1214
134.6308 29.7254
145.5378 34.1905
123.6225 22.2525
136.9985 27.7299
135.4484 27.2925
140.6841 33.2697
137.1748 31.2487
129.0026 25.1771
134.7204 28.8400
130.3111 24.3641
131.5068 24.3948
137.0836 27.8063
137.0546 25.9798
129.4419 26.9543
136.3280 27.1907
135.2782 27.6440
136.0028 32.7618
136.6123 27.7409
134.1548 32.1853
135.3072 27.4843
137.6912 27.9986
132.4337 24.6890
139.5791 28.2404
139.7806 28.0536
132.6026 22.0294
133.3462 32.2049
137.3869 30.2881
138.7651 32.1279
137.4353 27.8921
136.9736 28.0367
131.9504 21.8851
136.8458 28.6292
132.6881 28.7951
137.4704 29.6072
136.8468 27.8507
136.4017 27.5664
136.6034 27.6739
136.5281 26.9843
131.7576 23.7092
130.8441 27.8941
130.4350 24.0226
137.6848 29.3421
134.2495 27.6043
131.4475 24.0146
135.0588 28.4013
140.7782 33.0880
131.8562 26.2730
135.6441 27.4697
138.1173 27.2614
135.0237 29.2539
134.3564 32.2262
135.7548 25.5813
138.0691 28.2345
132.7832 25.0737
137.7725 28.0608
130.7207 28.0126
123.9595 22.2216
134.8991 32.6418
136.1224 27.3421
134.9479 27.4057
138.0323 26.9574
132.8927 25.2357
137.2491 30.3487
137.1639 29.9185
137.4781 28.4709
133.8719 22.4276
136.6725 25.9867
132.4605 25.9030
136.8431 25.9323
135.4018 30.7523
137.3734 28.0989
136.7934 27.1423
140.0165 27.5444
136.4565 27.8149
124.2767 23.9293
137.7547 29.3026
138.1167 28.2674
143.4558 35.5655
136.4747 25.7086
133.1842 21.0139
138.2265 29.5405
137.9450 27.5604
137.1951 28.0089
133.1575 26.1018
137.4588 28.3765
135.9359 26.5310
133.6348 27.8799
129.9090 26.4220
133.1538 32.5637
138.4410 28.6891
126.6053 26.6954
132.6258 25.9314
139.7234 26.8793
143.4256 35.7745
135.6606 26.4084
123.3084 21.1951
123.0998 20.5638
135.6177 26.6543
132.3727 30.8092
127.5799 27.9720
131.9170 20.8950
126.8440 24.6539
137.2860 27.7559
137.2024 29.1270
137.2755 26.1773
139.0726 32.6151
136.7316 25.8674
132.3705 21.1075
131.1557 30.6572
139.3344 27.0297
137.1226 27.5965
133.2326 21.0762
137.6396 30.5074
132.7714 27.9619
127.6279 27.6584
131.1504 25.8010
133.6319 22.6982
135.9344 32.1187
130.9379 25.5849
136.7513 26.3043
130.9092 25.7022
140.6315 33.7598
143.6162 35.4532
130.6729 25.5589
133.6362 25.1788
139.7867 32.6831
136.6570 25.8583
129.5936 26.0552
133.1546 26.2298
129.8178 26.5173
131.7313 29.1562
141.3337 34.2213
127.3848 28.6075
130.2719 27.4272
132.7548 28.0236
129.0236 26.3509
131.4185 25.4472
139.5686 29.3005
133.8356 23.8502
125.0999 23.2529
132.4963 28.5719
132.7751 21.0304
137.1098 26.7251
138.0777 28.3246
141.3379 35.2119
137.9251 28.1765
126.2940 26.3493
139.4743 34.2009
127.1989 27.1441
136.5659 26.8024
132.2285 29.7350
139.3891 28.4811
130.4836 26.6884
129.6372 27.1516
131.5397 25.4957
131.5011 28.1146
133.0744 27.9568
135.1622 28.8506
133.8776 32.3238
133.9580 29.4578
135.7821 28.7155
127.6406 28.7619
132.8868 28.6881
133.8989 24.9479
132.0460 29.0819
131.2189 25.2881
139.6833 32.5964
139.6052 28.4324
130.8503 25.9706
134.8232 32.0995
134.8430 30.8948
132.6620 31.4764
136.3036 27.0550
136.6631 25.8010
135.4883 25.6744
136.6451 25.8969
137.5811 29.8212
130.7404 25.9947
136.1332 26.6518
136.2833 30.7398
131.5128 26.0116
137.6082 32.2964
137.9417 29.5435
133.4910 23.7708
137.0152 27.1753
139.9829 28.0055
138.8539 31.8160
132.1942 28.8807
136.0306 25.9393
138.1383 30.1786
141.9960 35.3085
136.7571 27.1293
137.3644 28.3252
138.4658 28.6758
134.4830 32.1186
134.0634 24.7300
138.3727 28.5279
130.3290 27.8580
130.7110 27.6422
138.3373 29.7831
133.2065 27.9712
138.7549 32.1091
129.6660 25.6879
124.1867 23.9938
135.5948 25.6264
131.4370 28.1010
140.1025 27.5940
139.6294 27.1822
137.8108 30.7657
136.7747 27.2757
151.9745 35.1386
136.7729 30.2561
138.6784 28.9612
136.8822 30.5950
139.9334 27.9225
138.6382 29.0403
133.6822 32.8089
134.8415 32.4580
139.6217 34.8513
138.0269 30.4904
134.2073 32.7161
135.4795 32.6174
141.2428 35.9679
132.3704 31.6252
141.0966 36.0916
135.7608 31.1692
141.4910 34.1670
136.7363 30.6224
138.5127 29.3744
135.9865 31.8781
138.5025 29.7135
139.0849 31.5239
134.6116 32.5661
135.3890 32.7616
140.0418 33.2483
137.5136 30.3265
142.7970 35.3202
135.9158 31.1208
139.8765 27.9720
152.4298 37.5045
138.7747 27.0326
138.7975 29.2510
136.3559 30.6794
135.4091 32.3804
138.5832 33.3850
139.3903 27.0342
138.5740 29.6600
139.4726 28.7401
135.1714 31.7721
138.4274 28.6901
137.7441 33.9350
135.6775 27.6907
136.9115 30.0455
136.0089 31.8729
140.6116 33.2993
135.8424 31.3909
139.5765 29.1948
135.7189 31.3313
151.8982 35.3675
139.6502 28.9150
135.3092 31.4392
150.8852 36.0967
140.0052 27.5614
137.4520 29.7761
135.5888 27.7178
136.1735 27.8411
138.4402 28.7644
139.6477 28.0803
139.4261 28.8005
136.4168 30.2376
139.9168 27.6722
140.4130 33.2045
133.4492 32.5676
136.1142 27.7672
138.1629 30.3763
140.7031 33.9133
139.6451 30.2952
137.7928 34.0116
142.2186 35.3925
136.0978 30.8620
136.7036 27.4109
135.6812 32.4466
147.4969 38.1540
136.2804 30.9684
137.5916 27.1485
133.7804 33.1528
146.4833 39.4219
140.7095 33.3923
136.9338 30.5541
137.4679 30.3048
145.4166 36.1083
140.9783 34.2660
136.2579 31.2885
134.9813 32.2271
135.4150 31.9099
140.1190 27.9362
156.6126 33.5960
135.4682 31.8081
136.5511 27.7173
138.1074 28.2661
138.3928 27.0519
135.4424 31.7335
141.1205 35.4136
140.8004 34.5927
136.6037 30.3247
148.6577 34.7698
135.3438 32.2355
137.7069 30.6982
134.0825 33.0048
136.7007 30.1980
140.0321 27.9244
134.1722 32.7750
136.3142 30.7682
138.7346 29.4899
139.5416 27.1622
140.8645 33.9488
133.6854 32.7247
137.3194 26.7305
136.7655 27.2831
137.3866 30.6668
149.8047 35.9622
139.5635 29.7977
133.4218 32.4456
136.6817 30.5866
139.8397 27.4519
150.5887 36.1710
139.9279 28.1449
136.3743 27.7734
147.4243 38.2918
139.7681 28.0857
135.5389 31.1840
136.3821 30.7885
139.2822 28.0777
136.0764 33.5839
134.5180 33.1326
140.8411 34.3979
140.7715 33.3841
139.5141 29.5070
139.6016 29.1689
136.9721 31.3479
137.7677 33.6620
140.3038 34.8867
135.0264 31.9826
135.0872 32.2663
139.7991 27.2255
138.5975 28.8187
138.4985 29.3363
137.8082 28.1146
139.8922 27.6811
135.9522 30.9128
135.5978 31.8042
137.8516 33.3039
135.8355 31.2789
133.9447 32.8900
138.5558 29.2238
140.0208 28.0594
136.2225 30.5235
146.9050 37.8113
145.5025 36.0196
139.3852 29.3417
141.0073 34.2008
140.7106 34.5173
144.9716 33.7101
136.2666 30.3662
135.6385 32.6665
139.3402 27.1026
145.0011 34.6875
144.5148 37.4029
136.6771 27.7812
140.0592 28.0799
135.3338 32.0087
135.5622 31.8702
152.0915 37.1229
138.6825 31.8017
138.6015 29.0697
146.4447 35.6240
136.9697 27.6230
133.8141 32.9592
140.2010 33.0555
136.4256 30.5179
146.1870 34.9003
135.2499 32.4142
134.2360 32.8266
139.9092 33.3411
135.5824 31.2975
137.1278 30.3468
140.6653 35.3380
135.9770 32.0177
136.0358 30.7472
136.5487 31.0718
136.2522 27.5192
141.0209 34.1649
135.1924 31.5755
135.7864 32.2569
136.2547 30.6946
143.2191 36.2581
139.9839 33.3014
137.9168 33.6904
137.1228 27.6705
136.2737 27.6016
139.3840 29.5383
137.0955 27.7319
139.6154 29.3911
135.8402 31.8044
137.0220 30.2538
136.0121 30.7213
138.4149 33.2429
136.1244 30.4568
137.1484 29.8289
138.4962 29.5544
146.5970 35.3027
133.2779 32.1949
135.9243 31.5432
139.7939 33.3682
138.4593 29.4956
137.6863 30.5442
135.8853 31.0378
135.6710 31.4009
139.5675 30.1993
138.9231 29.3236
136.4937 27.3456
136.3012 30.2776
139.1727 33.4042
135.9026 30.8423
135.8104 31.6525
135.2916 27.8174
140.0518 33.2160
138.3017 30.3277
137.4469 26.3866
136.5616 30.1207
134.5903 32.7062
137.5642 30.6092
135.6528 27.7948
137.5088 31.3897
138.7113 29.6767
137.7436 29.9706
146.4711 35.2517
140.0251 27.8004
138.7066 29.1623
144.6275 37.2863
133.3161 32.4145
139.8095 27.4308
140.7598 34.6096
134.3283 32.9417
151.7598 39.4377
136.8488 30.4413
136.0127 30.7356
138.6949 28.8093
139.4053 27.9972
140.0036 27.6667
136.8244 30.0298
145.5899 37.2532
138.4064 28.5993
138.2677 30.1215
139.7825 28.2957
136.8300 27.2436
137.6899 28.9552
135.6754 31.1322
137.3468 27.0476
141.3326 34.6115
140.8400 34.0027
137.4280 28.2395
135.9247 30.7097
135.6141 31.5633
137.9488 28.7039
137.1026 30.0540
138.4939 29.5238
135.4145 32.1243
135.1297 32.3363
139.9731 28.1105
141.3326 33.9715
139.8662 28.0775
136.8511 30.2581
138.2905 28.4626
140.8160 33.9475
135.5122 32.5134
135.2400 31.4807
139.2611 29.9058
134.9281 32.2176
135.6215 32.5229
138.5494 30.0555
135.1520 32.0783
138.5341 29.6215
138.3775 29.9812
136.4443 31.0457
138.6131 29.1295
137.0234 30.3367
136.8869 25.9424
137.5767 30.1898
135.0613 32.2264
135.9705 30.7294
138.1774 30.1786
139.6234 27.1571
136.3882 30.1821
135.1857 27.8241
137.2624 26.7332
132.3767 29.5915
137.8068 27.1318
145.2212 34.4812
136.4000 31.0526
128.9137 24.9579
140.6114 35.2975
136.2415 28.6137
139.8130 27.9170
148.3599 34.6257
130.5382 25.9142
132.4791 28.4785
136.5880 25.5794
129.3473 29.1744
139.3566 32.1368
133.5972 31.7445
128.5768 26.0906
136.8303 30.3450
145.7206 38.8276
135.9806 32.3397
134.7496 27.8719
132.0827 28.9616
132.9469 30.6011
126.5875 19.6304
127.6793 25.0610
128.7173 26.2285
146.3221 37.9144
132.3082 21.3216
133.9760 21.3755
133.6937 27.3489
137.6566 33.7863
137.5432 29.3329
134.1153 30.3310
135.4839 27.5225
137.8860 29.2223
136.5003 27.1028
137.8546 27.7210
151.9001 36.9236
132.1243 27.8101
133.6800 22.1904
141.6366 35.2880
133.0917 22.0755
138.0430 27.2563
135.2481 30.8768
137.1877 29.9988
139.7377 27.8450
136.6460 33.2182
133.9293 21.8093
130.1862 20.4160
128.7606 29.2302
131.5902 19.6844
140.5013 27.1117
136.7018 26.2717
142.2309 30.1414
135.3574 33.2642
137.7327 28.7261
138.9103 27.9857
129.4334 26.4160
135.4328 32.8004
137.5848 27.3851
121.9506 24.5294
136.2553 31.5814
135.3157 28.7640
132.5088 21.3485
149.6938 35.8820
139.4978 34.9301
138.4740 31.8846
138.5098 31.5373
135.5724 26.5372
134.7546 28.7444
138.2836 31.5383
130.9301 20.6106
137.5671 28.5934
133.1450 31.8321
133.3232 25.6234
141.0514 35.8575
127.7430 27.4968
136.7983 27.1583
132.6838 21.6913
136.3842 32.1731
135.0561 27.6661
134.0959 32.2378
131.5925 21.7169
134.8409 31.0408
144.2645 38.2422
132.7543 29.0074
126.2096 28.6399
136.2139 29.3645
137.0387 28.4733
136.4606 26.6758
138.3636 28.4845
139.5731 29.5416
136.7067 26.4984
139.1497 33.2496
132.8176 25.8666
132.4514 21.2265
132.5476 29.2631
137.6139 26.4418
134.2251 27.9230
141.1507 33.5212
131.7944 29.2272
131.4735 27.5300
131.5324 25.9063
133.4080 32.8831
140.4549 33.9312
136.7326 27.2378
136.3341 27.2543
137.6309 28.4760
132.1967 28.1011
129.0555 25.3737
131.6920 29.0814
131.3475 25.5252
138.4750 28.8800
139.7479 28.0624
135.1360 30.9600
131.9987 29.6531
132.7921 26.2705
136.5632 27.4216
133.4590 24.9498
130.0168 25.9146
132.7504 28.8032
136.9060 26.0373
138.7422 26.8229
139.0130 32.2280
139.3614 28.3879
137.0545 27.9541
138.7800 32.0467
132.8295 30.0266
130.4516 28.0545
132.1551 27.8975
135.7564 27.8978
135.5070 28.2084
131.7437 26.0667
136.8452 25.9291
139.6554 28.1079
132.8152 21.4704
136.8834 29.0041
137.2712 28.0329
137.2314 27.7699
134.7266 32.0854
135.6283 26.0978
132.8883 21.9130
139.8415 28.0413
132.7043 21.1819
132.6477 21.4810
137.0966 27.7874
132.7552 30.2289
137.7446 31.4740
131.5534 25.7985
133.1213 22.3274
130.1466 25.6529
130.7181 25.3853
138.5313 28.9348
137.4323 28.4333
135.5736 31.1339
136.6188 27.6436
132.5982 21.7697
133.6067 24.3530
131.8287 28.7945
141.9218 34.9636
132.1704 28.2729
136.4087 30.3119
130.1807 27.6073
132.3556 21.2109
143.6588 33.7832
133.4590 23.4238
132.6745 24.4919
129.7331 26.1718
130.9432 25.3640
132.7269 24.3901
137.4770 29.3797
139.7657 26.3969
130.7731 25.0720
138.2803 27.5538
133.5783 32.9749
131.1037 25.4728
139.5881 32.7609
138.4220 29.6349
139.1368 32.0842
133.3077 20.8902
133.7929 28.5345
139.7124 27.3207
137.3717 26.9144
139.1105 26.8343
136.9604 27.9634
132.2527 28.3839
139.0343 26.9306
135.7258 27.6243
132.1208 28.0425
136.7972 30.6339
133.5827 21.2950
135.6787 29.2411
131.2080 28.0287
139.4750 28.2836
144.0691 34.3637
137.8621 27.3393
132.3250 24.7111
135.8392 25.7775
132.8311 22.7978
137.3432 26.8834
139.5053 29.5263
133.2016 24.1253
139.2338 26.9889
139.6141 28.2968
135.0654 29.5589
131.0659 28.3442
132.0905 24.3849
134.6727 28.6386
139.4904 28.4840
133.7429 21.6845
137.6121 28.7377
131.7145 28.7017
130.3210 27.1401
135.7821 28.0336
131.5004 28.8018
142.0247 35.6303
132.1630 28.0963
139.9689 33.1305
135.5106 31.8923
135.8481 32.8728
137.2827 26.4362
133.2129 30.2308
139.7622 28.3286
137.0979 31.3388
135.1876 27.7926
136.8626 30.2570
133.7480 31.7862
139.6365 26.9630
135.7947 27.6772
135.6715 29.3415
137.9064 27.0566
136.0226 30.7298
135.7560 30.8722
133.8209 22.3103
139.8720 27.1164
139.3645 27.7259
125.3586 25.1571
135.0950 24.2139
132.5545 21.2462
134.3961 33.1516
131.6041 28.0318
131.2610 28.3062
133.9418 28.7995
131.6870 24.5707
130.5033 27.7936
139.3478 28.0027
137.4811 31.8265
136.8786 26.4758
136.4967 32.8932
139.4975 28.1053
136.5094 33.3129
133.8062 21.5440
133.2768 22.1564
137.5437 30.0433
127.3700 27.9347
134.2755 28.9890
137.4678 27.3149
124.6515 23.7102
134.9173 28.2898
125.2945 20.9245
137.9629 30.4567
138.4739 29.5569
128.1743 28.9835
133.0994 24.3391
136.2375 27.7159
137.1071 26.8145
132.0635 28.6199
139.5661 29.3181
134.3437 32.6485
136.9090 30.1618
139.4689 29.5131
139.5677 29.6564
139.6273 27.3641
150.4292 35.9677
138.4809 27.0139
135.9316 30.9302
147.4344 34.9191
141.8432 34.9954
139.8037 27.6726
136.9418 26.0068
136.2273 30.5554
138.6085 31.8148
145.4448 38.7917
136.6633 25.8325
138.8472 32.0695
135.5569 32.7689
144.5295 35.8504
136.0366 27.7834
136.1359 32.2653
138.6146 27.0490
142.5915 35.4003
145.2881 35.2407
150.7207 36.0715
140.9777 33.4877
127.7128 29.0636
135.3190 31.7589
140.5011 33.6484
135.5884 27.7888
138.5374 29.4959
142.5346 35.4110
139.4435 28.7921
137.8061 33.6672
146.7706 34.9602
142.0954 35.2529
137.8510 28.1694
138.1489 34.2856
146.5921 35.2219
146.8163 34.9676
137.3480 28.5987
137.7691 33.6873
145.8015 35.5731
137.7187 28.7760
135.6030 31.5732
137.3633 28.2276
138.2284 31.5633
138.9947 27.0493
140.9833 34.1429
139.8909 32.8620
151.9617 36.7692
136.8781 31.0634
140.5933 33.3249
137.4102 27.8737
135.8087 32.0569
135.8988 27.6233
139.3710 32.4821
136.5473 25.9364
144.6084 35.7938
136.4587 27.3058
138.5849 31.7525
131.7842 28.8357
140.3893 33.0973
141.1172 33.8617
138.2068 28.3253
137.7314 33.7218
151.0524 35.8947
144.5361 35.8452
134.5425 32.3994
135.5490 32.4138
139.9181 33.0722
142.2845 35.3857
140.0021 27.6945
137.9845 27.3057
142.1050 35.1447
137.2070 27.7759
139.8757 32.9994
134.6997 32.9042
137.7687 29.8813
133.3716 32.4438
134.6611 32.8959
137.4599 27.0570
139.4533 29.5229
138.4550 29.7469
136.5364 27.2536
131.7917 29.2561
136.7946 30.2201
139.8941 27.8919
135.5855 32.7671
149.5252 35.9849
139.7839 28.3349
122.3233 19.9296
124.9703 24.7370
140.0401 33.0773
125.5695 24.9400
131.5462 26.0220
129.2306 27.3420
124.3915 21.2564
133.7051 29.8307
136.7675 26.1262
138.6172 27.7645
127.1190 25.6043
131.9099 27.2805
139.5990 26.9300
131.9547 28.4030
131.9951 26.4006
147.7933 35.4593
131.2847 26.4499
133.6734 24.1248
143.0280 35.5371
137.3331 31.0696
133.6087 28.2265
135.7767 27.5371
132.4339 28.2902
138.9005 27.9705
137.4763 28.5128
135.4627 27.9062
132.4952 21.2328
132.4672 28.4490
140.6160 27.4792
136.8700 28.6054
134.2146 23.5918
135.7794 27.7924
133.1063 19.7755
134.8399 31.2708
129.9384 29.7125
138.8713 32.2896
141.3856 34.9238
135.4368 27.6423
141.4977 35.5316
136.2046 32.1285
127.4713 25.7923
141.7110 35.0398
140.1079 27.3899
134.9583 27.4157
128.4439 25.4513
132.2023 24.3871
140.3454 33.0512
136.6574 26.2432
132.8019 21.5297
135.8241 31.3025
131.8525 27.6112
148.7690 35.4700
133.4288 22.3386
130.1041 26.6501
123.7026 23.5285
134.2320 27.7109
131.4346 25.2694
135.9476 30.4728
137.1842 25.9838
134.5279 29.5424
136.4515 27.4518
137.9395 33.9706
136.3602 30.4919
133.9050 28.1375
131.4366 27.7118
130.7578 24.6333
135.5813 29.5100
132.0444 28.8257
131.5861 28.4335
145.4717 34.7192
137.2713 28.3318
139.9049 27.8226
138.3736 28.8798
136.1753 30.3102
137.4200 29.1410
131.2276 25.4881
137.5694 30.1789
141.4671 34.4507
146.5284 34.3281
138.0633 30.1315
138.2021 29.8955
129.0006 26.2882
133.6183 20.7728
133.3174 29.0643
131.7531 27.9716
132.8024 21.8540
126.2463 24.9761
145.3838 35.1236
136.6774 26.8608
136.3624 27.4284
133.7371 22.6209
136.4551 30.3890
124.3387 22.2687
133.5212 25.6430
133.0223 32.1158
134.0947 28.5405
137.0733 27.3098
136.4280 30.4936
135.7180 31.3529
138.4482 28.6458
139.6828 27.2035
138.2058 30.1611
137.1693 28.5230
132.3641 29.0152
137.5131 26.8408
136.8494 30.6087
138.1638 29.0182
134.4220 27.9117
136.0956 30.7591
137.1803 30.2618
137.9829 27.1032
137.5519 28.1254
136.6244 27.6793
136.3548 31.4365
135.9766 31.0338
135.5250 31.7732
139.8588 27.9227
145.9749 35.0797
142.5631 35.5035
139.3999 29.3975
139.9794 28.1171
136.5798 30.2088
137.9705 28.3845
137.1636 30.0091
134.0207 33.1229
139.6776 32.2473
136.5599 30.3489
140.2491 34.5009
139.4461 27.1087
137.4000 30.3471
138.9738 27.0447
136.1295 30.5230
136.8426 27.9618
136.2848 30.6645
139.8457 32.9457
139.7549 33.4047
134.9024 27.8903
136.3095 30.6648
138.4154 28.7722
138.4417 28.9635
136.2066 31.3586
135.8387 27.5969
135.9731 30.9308
135.9203 27.8896
136.7118 30.2959
138.9594 31.7355
136.0229 27.7489
137.2314 29.9898
135.9421 31.5277
134.2777 27.9300
139.7182 28.3574
137.7725 33.8649
137.6025 28.7674
137.2973 28.2818
134.5172 27.9276
133.4135 32.5191
136.0560 27.8179
136.0150 31.7336
139.6579 27.1501
136.5815 28.0681
135.6539 31.3717
139.9708 27.7307
137.2660 28.5869
141.2994 35.3669
136.7788 30.2110
135.8189 27.9597
136.6593 27.5881
136.9450 30.5239
136.8164 30.2614
136.5174 27.2453
139.6572 28.7614
139.5930 27.1335
137.4334 28.2608
135.6312 31.9819
137.5351 30.2334
136.4123 30.7013
135.6826 31.0482
135.6457 27.8177
141.2328 33.7288
135.6265 32.3710
135.5035 27.8914
136.7341 30.6087
135.7522 30.9327
138.2635 29.8455
137.3179 27.9136
132.5574 28.1537
138.4132 28.9336
137.6690 30.8216
132.4709 29.0586
138.4905 29.2150
145.2345 38.2663
138.4670 29.7380
135.7652 31.4990
135.7456 31.2950
137.0842 26.5452
139.7351 27.2123
146.9428 37.8475
136.4615 27.6573
141.3374 34.1360
142.8275 35.3170
137.1173 30.8184
145.2055 34.6319
137.4460 29.9271
136.2419 30.6932
136.8596 27.2688
137.5003 30.9877
135.4156 27.8765
136.1920 30.5589
145.0742 33.8348
137.0606 28.1296
136.9769 27.1392
137.3067 27.9196
136.1008 27.8631
138.6529 31.6767
137.5426 27.2532
127.4176 28.4214
136.7511 29.6335
132.3577 25.7904
136.0200 27.2535
137.5322 28.7495
133.3482 23.1097
137.5312 31.5152
141.9081 29.7943
133.7776 21.3644
128.1490 25.7790
130.7456 27.7721
137.2166 28.1567
134.9438 32.8669
142.7356 35.2527
133.2130 22.1264
126.2578 24.5901
130.7765 27.0150
137.2070 31.7921
136.1654 28.2342
151.9218 36.9161
133.0911 23.5483
124.7289 22.0590
132.9549 21.3275
132.1684 24.3944
129.6579 24.8476
139.3283 31.9494
134.3832 26.2812
133.3397 24.3618
129.2163 28.4302
139.8789 33.7483
132.9441 26.0840
123.6144 27.4238
125.4887 22.1778
137.0353 27.5128
125.4044 22.7634
137.7545 27.0846
136.2931 28.0291
133.0291 24.3856
131.0870 30.1637
136.3829 30.3504
133.6640 23.5074
132.2613 21.3716
133.1735 32.8051
139.0850 26.9863
134.0430 29.7446
136.2119 30.5754
130.5765 27.2504
139.4025 32.0703
133.9028 28.9423
130.7200 25.8951
139.8393 27.8249
130.4646 21.5702
133.2915 24.9308
132.6795 30.1237
131.8351 27.7292
124.4792 20.5539
130.9950 29.0653
131.0150 28.0501
139.6697 27.5000
120.5833 20.0640
129.3645 29.5785
130.4041 25.8012
134.6728 30.9243
134.7224 30.6159
138.5149 29.0723
140.7077 34.1516
133.8745 25.1318
138.2257 30.1791
128.9029 25.8099
131.8587 25.0201
128.8431 25.3011
131.4054 26.4074
135.1652 27.6652
134.6087 32.1617
130.2323 25.2532
128.1940 21.2204
114.6184 17.0995
121.4961 20.3934
130.4401 22.6394
124.2853 21.8232
130.7512 23.6134
126.7681 23.5366
130.3920 25.7828
133.4800 27.0100
128.8742 25.0667
129.3062 22.6241
128.7636 23.7118
133.1509 22.4262
125.4241 21.5615
130.0377 22.9100
133.2093 21.3239
125.7077 22.7454
125.4940 19.3697
129.2167 24.7122
132.9808 26.0341
124.5568 20.0596
130.5245 20.7507
128.7716 21.2198
124.8825 20.6630
131.0067 22.4241
110.4555 18.2893
132.8069 22.9078
130.3463 23.6803
128.7160 21.0412
127.7926 23.9692
130.3691 19.3874
122.2423 21.7120
137.2206 26.1456
138.6836 28.5015
132.2990 27.2724
137.1475 28.2319
119.9848 19.4221
115.3170 19.0644
129.0420 26.3074
131.2679 20.6623
127.1082 24.1924
130.1211 23.0747
127.5656 18.6798
125.9634 19.4687
123.8423 18.9826
127.5680 17.8950
127.4358 18.9878
133.0793 23.9720
128.6237 22.0134
131.9184 22.4654
130.0899 22.1404
125.7441 21.2678
132.8979 21.5405
135.7605 30.6794
135.5849 31.0125
134.4982 21.6800
139.0702 34.0509
131.6231 26.5472
137.4258 29.8820
131.4255 26.1150
132.7581 28.6956
131.9579 29.5435
137.7025 32.2695
138.1898 30.1383
141.5374 35.2513
131.7396 28.5140
133.7290 23.4528
124.2522 20.4485
130.2519 26.9155
130.3786 27.5893
137.6747 27.0330
133.7859 23.3102
140.6914 27.1444
133.8351 21.0933
135.7019 32.6752
133.6196 23.6049
127.6205 28.4740
131.3458 30.1890
135.6767 31.2970
135.7951 27.9615
136.1930 29.0964
138.1039 26.8091
132.0740 30.2466
136.3108 29.9988
139.6751 29.7377
133.3546 32.3388
135.5961 28.4347
145.6945 35.5750
134.1819 22.0378
134.3976 32.0320
135.6441 27.6706
136.7033 30.2788
131.2275 26.1603
133.8039 32.8094
134.9182 27.4978
133.3563 21.3497
136.4483 26.9478
134.5649 30.8339
135.4354 29.7085
135.1605 25.0694
136.8511 26.1619
139.7525 32.4160
134.3144 23.2890
130.8191 28.3412
134.9327 31.8271
139.1616 26.9699
137.3692 27.0409
136.2825 32.8864
137.5808 28.4072
139.4371 26.9573
139.4789 28.7457
130.3934 26.2214
136.2439 26.8505
138.0020 30.4753
139.6366 28.3498
136.4817 30.1651
140.9793 34.2893
136.3453 28.2740
134.7858 27.8283
133.6630 22.8316
131.5443 20.7693
132.5753 24.2585
138.3625 28.5511
132.5741 30.2062
139.6534 29.3006
122.7064 29.8976
132.4199 30.7206
144.2972 33.5321
142.2692 35.3250
137.2204 32.6711
131.6739 25.9472
136.7330 28.0063
130.1773 26.6333
130.6067 25.9126
138.7510 31.6253
137.9594 30.2912
135.0667 28.7720
138.2125 29.0736
130.2777 25.8342
134.6118 25.1924
126.1140 25.7048
140.0701 27.0571
135.0847 29.4303
135.1710 25.1542
136.4892 26.3311
130.8334 25.7330
128.6003 25.4489
132.7174 29.3794
133.6995 29.6136
140.1915 27.2770
136.3937 25.7642
130.8139 28.0815
134.2420 32.6013
138.8727 31.9913
128.5609 29.2589
132.8355 29.0115
136.0555 31.1326
139.4696 27.8196
135.5864 28.4779
137.3967 28.2080
132.1402 30.0129
129.4088 26.1543
137.2083 27.2256
136.1978 27.7314
134.4626 25.0265
140.0927 27.5649
135.7687 31.2287
123.6191 20.6698
131.6857 21.4967
129.0049 26.3914
133.2030 29.5444
127.9553 26.2183
137.7888 31.9390
134.1441 27.7839
136.8077 27.7313
135.9751 27.1657
130.9807 20.8307
138.0471 30.2361
131.0827 30.2309
131.5359 27.6526
140.1894 27.4086
133.5690 31.1098
129.1506 25.0222
137.1660 27.8381
136.4563 30.6601
138.3623 26.7302
134.2876 30.6995
132.0967 21.6873
134.1172 23.4433
130.9048 24.6166
123.8106 23.0031
130.2965 27.9233
135.2945 27.7808
132.8791 25.9434
139.6738 27.3861
128.0320 25.5074
135.9965 31.3290
130.5805 24.3957
131.5504 28.5269
132.0854 20.5077
130.2421 27.8571
135.5026 27.5970
131.5004 27.4079
142.4099 35.7422
146.7569 36.6336
139.4742 33.9010
144.4609 37.3124
140.5290 34.0362
139.6696 29.3812
131.8361 28.0049
151.6966 35.5446
136.5958 30.5808
135.3855 32.4653
139.9206 32.9015
139.6133 34.7828
139.4622 28.3997
139.9080 32.0752
135.1795 32.4444
136.8492 30.3216
138.4373 27.8396
133.7048 24.0173
135.6565 31.4024
133.7670 21.5020
144.2016 37.9380
136.4094 30.9913
140.1865 27.9140
136.6986 30.5128
132.9486 31.7702
139.4619 28.5233
144.5433 37.3055
145.0812 35.2536
139.7383 29.2897
138.3499 32.2188
139.7651 27.5538
135.2372 32.7905
135.0148 31.2805
138.0371 33.9016
146.1418 35.1638
146.3673 34.8750
135.4449 31.1901
137.4142 27.4132
121.7380 24.0678
144.5285 38.6541
130.6382 29.8998
140.9019 34.2250
139.3989 29.4567
142.9636 32.7042
153.0145 37.1657
121.1982 32.6129
145.5293 33.9646
139.9221 27.3679
136.2007 28.0156
140.2513 27.8004
135.8259 31.7782
143.3885 38.1515
135.6759 32.5285
134.7022 31.7889
137.9299 28.1349
135.8005 32.7795
152.4491 35.4446
139.3468 26.9972
137.2993 31.2461
140.6904 27.2222
139.0291 26.9959
136.1839 32.7687
138.6823 26.7970
133.3210 32.1132
140.0486 33.2053
137.2205 28.6319
141.1376 34.3013
147.4041 35.6974
138.4678 27.0698
140.0064 33.8665
144.4794 37.8204
151.6831 39.6711
136.7417 27.1237
136.8698 26.3247
139.1914 34.3316
158.0528 31.9632
137.0535 26.4794
137.1998 33.5903
133.5780 31.5196
137.1780 30.0952
135.9807 30.7602
131.3288 30.4774
139.0445 27.1382
136.8419 26.4579
152.4794 35.4835
127.2109 27.8850
141.1760 33.4705
134.6053 31.3749
134.4707 28.0428
133.6669 28.1082
134.2287 31.4061
129.8589 26.8881
132.5732 28.0023
133.8065 28.7764
135.1937 31.2279
134.2577 28.0350
138.6272 28.6533
134.3989 28.0080
138.5797 28.5449
130.1194 27.1352
141.1001 34.5620
134.9318 31.0665
134.9774 28.4789
136.7865 28.9818
131.9448 29.9960
132.3484 28.0760
132.3097 28.4880
136.2496 29.2341
149.9384 35.8827
130.5480 28.0120
136.7092 30.6351
133.9941 28.1163
131.4882 25.2750
139.8677 27.3739
133.0055 21.8183
138.9078 29.3991
134.9246 31.1069
124.3311 22.4002
131.0045 26.1133
134.0615 28.3724
133.9771 32.9829
132.8314 21.5299
138.1213 32.3672
124.0801 23.8625
130.8416 25.3981
136.4485 26.7071
132.9362 32.3228
137.2856 29.5016
135.8314 32.3821
142.6689 35.9302
141.2356 34.8303
133.9870 27.9278
132.1540 28.5200
136.6386 28.3774
132.5661 21.5043
131.7276 25.9285
139.3815 27.5115
133.4597 31.6839
134.3324 28.0606
129.7009 26.1793
141.3091 34.8833
140.6952 33.6975
132.7108 27.9610
132.2699 21.2974
141.2400 35.0205
137.0604 28.7960
136.3341 27.0028
135.6422 27.7662
129.5899 26.9391
144.4218 35.9328
131.1676 28.2132
138.2574 31.7404
134.0176 24.6556
131.1725 25.3773
141.1116 34.8679
138.8622 27.0684
137.7909 27.9723
132.5907 24.7171
134.5480 27.8988
133.6794 31.6650
132.3135 25.2308
130.5299 25.1096
130.8214 25.6196
142.0147 35.0711
135.8505 31.3561
133.7352 30.2231
132.9955 21.8493
134.0320 30.2658
133.8291 23.5432
133.5824 23.2687
138.5839 29.0027
132.9643 27.9818
140.0598 27.6956
134.0622 32.3365
131.7668 21.0982
135.6385 32.6509
132.7716 21.7870
129.6970 26.7097
147.9539 37.5107
134.9809 31.2272
132.2529 28.0756
134.1691 27.9923
132.0809 24.2231
130.3264 25.1664
135.9712 26.6482
139.3445 28.4103
136.2874 32.9497
136.9745 26.1983
132.5199 21.5098
132.2893 30.1322
135.8634 28.6458
129.3389 29.3589
137.9709 30.1905
131.8666 29.0800
134.3253 31.7142
133.1252 23.8477
131.4658 28.0449
131.0734 28.4697
137.2672 27.1998
127.3160 25.1572
130.5433 27.8585
129.8493 27.4174
132.8912 30.2780
129.8565 25.6848
137.1067 27.9170
133.2851 32.2186
136.7762 25.7743
133.5887 25.9556
131.0559 27.0049
131.2317 25.5842
133.5765 30.4213
139.7088 27.8085
126.6780 27.0257
131.1908 30.9469
128.6421 25.5360
137.1998 26.8478
138.2215 30.1042
133.8494 27.2954
127.7329 28.9565
124.9640 23.4906
133.6773 31.3798
132.9922 22.7276
128.6049 25.2807
132.9706 21.7930
129.8262 26.9431
139.6470 27.6357
128.8354 25.2692
131.3859 26.3552
129.5284 26.7414
134.0070 31.1878
131.4511 25.0885
138.7442 32.0954
138.6643 28.6379
134.8075 25.5733
123.7654 21.3296
136.2671 25.3475
129.9790 21.8994
125.2310 24.4975
126.2100 24.5578
138.3501 31.8527
135.1027 28.7479
137.4329 27.9311
128.1579 25.1987
133.5246 24.2160
136.2725 27.3169
138.2993 26.8718
134.3283 30.9079
132.7755 30.5680
135.7528 32.8009
135.3731 31.2609
139.9447 27.5231
130.5069 24.7488
142.6476 35.3731
138.7685 27.3048
134.3791 27.8229
136.5379 30.2403
129.9551 26.5094
138.1634 28.9044
136.6205 28.3678
136.7756 26.3442
140.5674 27.1571
134.7731 32.8098
133.4005 30.4883
129.7045 25.9991
136.8020 26.9003
133.6302 22.3429
132.7563 21.5380
140.5713 33.7887
137.5506 27.2927
136.3705 25.2678
137.8896 32.6052
125.1844 23.2406
130.1195 26.3911
132.9330 23.3341
133.3704 31.2133
130.1791 27.4614
139.6748 27.2304
134.2764 28.8536
136.4659 29.3024
131.6984 29.2754
130.6268 24.4212
138.4917 28.9962
140.0504 31.3158
144.5855 34.2426
130.2975 25.7928
135.4688 27.9825
133.7997 28.2020
128.6578 27.0075
133.4818 25.4743
139.6104 32.7426
133.5123 31.0738
129.6340 27.0524
139.2624 33.6473
133.9432 29.9315
134.6959 27.9993
135.3035 31.8637
130.1348 26.2648
132.4496 26.0450
135.6307 31.5760
151.8083 35.5053
135.3606 32.0562
132.5268 29.5413
136.1371 27.7662
132.2024 27.9945
128.5349 25.2986
139.7646 28.5535
131.5559 28.5412
137.3314 28.3200
145.1047 35.4204
130.3031 25.9316
137.6053 26.4996
135.6743 27.7183
134.3003 32.2849
138.3806 29.4251
132.3769 21.6161
139.5089 29.0932
131.2265 28.7686
131.6876 28.1088
134.5713 31.4710
133.4032 29.7916
132.5906 21.6436
133.1184 31.8896
123.9581 23.7971
136.6467 27.4632
133.1015 23.3180
130.4015 26.1994
139.1015 30.1913
138.6259 32.0895
132.6210 28.8828
137.7033 27.9259
138.5507 29.7120
131.2084 25.5199
135.6873 27.2888
136.9105 25.9035
133.4716 25.0552
139.1559 26.9376
131.9073 21.2828
138.0981 28.8038
139.3811 33.2625
133.9497 30.0457
130.7792 25.3435
136.4125 29.9490
139.0715 26.9806
139.2933 33.5914
132.9093 28.7054
124.2654 23.3139
136.4718 28.8614
133.3418 29.9227
131.8114 21.2112
135.7148 31.5167
129.5479 27.2184
132.9526 31.3471
132.1547 28.4423
133.5046 23.8227
134.7889 25.5309
130.2206 22.4432
139.4750 33.7649
138.1152 26.8596
131.8779 21.1537
135.6310 31.3193
136.4361 25.9336
139.7941 30.8517
129.9980 27.0058
138.3094 28.1851
123.9448 26.4670
128.9746 29.6586
123.7947 21.0847
135.5289 31.2842
130.4783 24.8917
139.2605 29.5595
126.9821 26.8124
133.2590 31.6455
132.7604 21.9172
137.5570 29.9062
129.7453 24.9962
136.4142 27.7779
133.0047 30.5049
128.9304 29.2246
126.6773 26.6029
131.5399 26.1746
131.9909 28.1765
132.1919 27.9132
130.5472 26.5435
132.3672 28.8419
139.3409 28.0499
132.2741 28.5998
137.5022 26.2217
132.9648 30.0341
131.6116 24.5265
139.6861 27.1450
137.1444 26.3547
138.2111 26.8953
132.8132 30.5530
133.1721 31.7340
132.9420 28.7677
131.9743 29.2082
133.2654 31.0721
139.6140 27.9494
132.4509 21.9384
128.3318 25.7381
137.6504 32.1993
129.4387 29.4178
132.0285 21.3894
134.7293 26.0820
131.2342 28.1145
135.4843 27.4396
145.4854 35.7739
135.7965 28.2912
124.1802 22.1217
132.9308 23.6766
131.4525 27.8697
136.4174 27.4381
132.9531 30.6218
131.4168 24.6638
136.6560 27.3761
133.1588 25.8623
129.0946 26.3865
138.3238 29.7249
132.6969 21.1049
124.4545 23.3675
135.9696 27.2500
139.6159 26.5395
128.8029 25.0511
137.5569 31.3326
131.3440 25.3015
133.0173 23.8532
131.4051 28.0706
129.8338 27.0127
135.8052 31.0277
139.4861 27.0106
129.9079 25.4785
137.5775 28.0000
132.5099 21.0025
132.8993 29.3609
125.3987 24.5338
135.1436 27.6873
133.7586 31.8349
137.7992 29.3708
132.2952 21.2559
137.3000 26.2223
135.6726 32.3392
129.6290 24.9090
139.9179 27.3169
133.5690 29.1350
129.7086 29.7698
130.2695 27.3402
134.8716 31.7384
138.1408 31.7596
137.3199 26.7460
136.7973 26.4505
134.9997 30.7339
133.2621 20.7466
131.6188 22.3219
123.3301 22.6262
132.1912 26.3197
137.6502 29.7908
131.1960 27.2058
134.5623 29.3357
123.3493 21.6048
131.9138 20.8898
129.8249 26.9043
136.0913 27.4573
131.5493 22.4644
124.3488 21.3128
137.7618 28.1001
134.2990 29.5251
136.4770 26.3586
136.3847 27.6880
130.2577 24.2573
137.3610 27.7938
128.7254 25.6386
138.0009 26.8716
132.6964 29.8290
122.5442 23.4470
132.7073 21.9773
129.6987 26.1590
135.7192 32.2423
124.2302 24.1483
130.6095 30.0105
132.8012 23.3101
133.8435 24.8457
137.0891 30.1631
134.0726 31.7764
134.2762 24.3191
131.2329 25.7124
134.7258 29.0579
124.5496 20.3137
129.7799 26.9686
139.2945 26.5683
130.4178 25.4794
127.9464 26.8009
138.9046 28.6102
139.6394 28.2081
129.8969 25.3593
136.7887 25.3389
139.8887 26.9541
137.3347 26.6719
134.8788 30.9418
134.7060 28.9414
137.4662 32.2548
138.9114 28.2773
137.1972 25.7699
134.3606 32.0011
133.0217 27.9625
130.0291 27.1378
133.5372 23.2605
129.7880 24.5583
133.5172 20.9869
132.5328 30.1295
137.0401 27.6588
130.5847 21.4626
132.4495 24.6054
134.3787 32.0632
137.1309 28.5615
130.9108 27.5874
136.5438 30.8270
128.5069 26.5372
131.3893 20.9980
131.8804 28.9435
134.8665 28.4060
136.8498 27.2252
135.8435 30.8832
135.8370 28.7914
134.8343 26.5190
135.8723 28.9098
131.4812 23.9792
136.3267 33.0707
128.6911 26.5218
130.8380 28.0811
138.0625 27.4365
136.5714 29.3225
134.6461 32.0174
140.0444 27.5406
139.7593 28.0897
131.6509 21.0944
136.9967 28.5300
134.4750 27.5688
131.3481 24.2018
136.3664 27.5703
134.3304 29.3880
134.5997 27.7204
136.4772 27.1794
132.5554 29.6714
136.3549 25.9302
135.3503 27.3724
137.2368 30.4758
136.0431 25.4093
135.8490 30.1493
131.8464 28.2500
130.7556 26.4049
131.9780 29.3301
132.2526 29.7677
130.7028 27.1794
136.2102 27.2930
132.7953 24.7762
136.4380 26.0153
133.5199 29.9789
136.2697 27.0054
123.0543 21.0544
138.0992 29.9576
138.9871 26.8875
130.6650 26.4500
130.2511 27.5513
138.1152 29.9502
134.0635 29.8205
133.2393 32.2090
139.2921 27.4044
131.5383 26.2746
138.2039 26.7358
122.8684 20.3535
139.9628 27.6345
132.8098 22.3286
137.6754 29.5863
139.9724 27.4882
131.2300 27.5721
130.4888 24.5953
137.1636 27.9972
135.0241 26.3816
139.6471 27.8349
134.4271 30.7577
134.9061 30.6451
136.6174 30.7860
133.0411 29.7039
133.9129 28.1085
131.9917 24.6229
139.5121 27.0362
139.7831 27.1013
132.3285 21.7409
135.9297 27.3727
135.8062 27.7036
127.8606 25.0926
128.4313 26.6760
133.2124 29.4125
134.0204 31.5859
135.5125 28.8263
135.9079 32.4447
136.0478 27.2435
137.9958 26.9465
132.7765 28.9846
131.3628 28.5258
132.8352 22.5680
138.1260 29.5758
132.6358 28.6230
137.8220 28.1602
135.7899 31.0916
137.0070 29.7121
137.4622 29.1381
135.2245 27.4405
130.7766 24.2561
137.2439 30.2937
133.9752 32.3552
136.9331 27.8397
137.8039 27.2033
131.3153 27.8239
142.7687 35.4413
136.9963 27.2485
135.5705 28.2872
136.4004 27.4888
131.5977 26.0266
133.1204 29.3244
129.7205 27.0403
137.0660 27.8569
129.4155 27.1076
130.9071 28.0906
133.2104 31.2432
122.9050 22.6309
133.2376 29.1537
133.5284 27.7736
137.4638 28.5743
134.4597 27.5372
132.9883 22.7499
139.8997 27.4295
132.2868 30.2091
134.2251 27.7406
134.9276 30.7280
137.5782 27.9609
121.4043 27.1023
131.9912 22.4475
132.4870 20.6398
133.1769 23.1712
134.8678 27.7303
129.9699 27.1399
139.9039 27.4639
125.1158 23.5568
132.2095 21.4892
149.7189 35.7031
139.4405 32.0347
133.5044 23.9330
133.6879 20.9543
136.7981 26.2781
135.7895 28.8142
134.6255 29.4902
129.0540 25.3065
131.8043 20.6338
131.8916 21.8647
129.1996 29.9403
135.8919 28.0411
128.8491 24.3351
129.8608 25.9814
129.9802 16.5252
132.3307 30.7360
141.1263 33.7460
136.9894 29.9912
131.1848 21.5318
138.4338 29.0361
136.4770 32.3181
128.7655 25.1619
131.6252 21.8708
130.3779 22.5043
131.8238 21.4509
123.8374 19.8253
131.1415 26.7869
137.7668 28.3457
132.7234 22.7719
130.8964 25.1954
123.4824 22.5894
132.6676 23.8028
130.2307 27.0061
124.7750 21.6181
133.4707 29.2045
133.1087 24.0175
125.3110 22.5422
131.9335 22.1532
138.6091 27.1452
135.7193 33.0364
132.5415 29.5715
131.2523 26.9432
136.0132 30.8580
125.6903 23.4619
134.6632 31.3923
131.2995 24.7168
132.0925 29.8778
128.2172 30.1540
133.8624 25.6877
130.2816 24.5195
121.9289 23.8310
119.3676 20.8649
136.2636 31.0026
146.8693 37.7551
136.7494 30.3236
133.5312 32.7294
132.8181 27.9265
136.5526 27.2771
142.1827 36.0392
137.6382 27.0109
139.6841 33.4055
135.9581 27.6958
139.5930 29.9896
139.6130 29.6195
135.7421 31.5595
138.9656 31.7875
139.6508 28.3875
137.5898 27.1254
137.5021 26.9284
136.9933 27.5726
136.9335 31.0150
139.8531 33.1975
143.4673 36.2810
138.5715 31.9047
136.4975 30.1660
134.5287 32.7293
136.7577 30.3999
137.4803 27.2754
145.7837 36.6835
139.3625 33.2790
136.6478 27.3714
144.7014 33.8458
139.4586 33.4995
139.5369 32.6085
136.5512 27.6681
146.4452 35.3280
138.3651 29.0695
138.6161 29.0387
137.8373 33.5217
147.1944 37.7526
136.5132 30.6542
137.8427 30.6284
137.0246 26.4505
139.3716 33.3789
141.5089 35.6309
137.8358 33.5729
147.0755 37.9879
138.6552 29.3253
139.5127 33.4029
136.5159 27.0527
146.4027 35.5285
139.9091 28.0231
139.6518 27.1738
137.6414 27.0751
135.8101 31.4558
138.1877 28.2909
139.8261 33.0169
136.3666 27.4299
144.7974 39.1615
137.0524 30.2443
145.8257 34.8439
137.8521 29.8366
138.4786 29.7792
138.5546 31.8894
138.3805 29.4842
144.9669 38.6412
149.9444 35.6997
147.6365 35.1368
141.1719 34.2302
137.6457 26.9661
135.3643 32.1554
139.4626 29.4270
135.5102 31.4728
146.6220 35.1333
144.3276 38.6091
136.8151 30.1934
135.8177 32.8428
137.5644 29.5620
137.5301 30.0021
133.9371 32.8141
145.0992 38.9453
130.6332 26.1817
138.8859 26.9934
151.8733 35.6254
136.0821 31.4027
144.9891 38.6292
136.5076 31.4711
141.0766 36.0102
140.3509 33.0926
146.4868 35.0824
146.0128 34.7879
136.9001 30.6518
138.4577 28.7198
136.4421 27.4939
138.5486 28.7718
136.6073 27.8759
138.8714 26.9911
146.2781 35.0561
145.1109 38.9680
139.1592 32.2474
138.9404 26.9888
138.7177 32.0358
139.9343 33.2075
135.5758 31.5792
139.1332 32.3431
143.2359 35.2170
139.5067 29.2588
135.5671 32.7598
136.0715 27.6735
137.7803 33.5934
140.7015 33.1143
135.8904 32.5650
143.7943 36.1008
135.9905 27.7413
140.0889 33.0592
138.1417 30.3448
144.5525 37.3239
140.4939 33.0546
147.0464 37.5871
136.8380 26.1916
137.7505 28.7550
139.0054 31.5863
137.9971 27.0384
136.0386 27.5516
139.9232 32.6543
135.3226 31.4125
137.0659 30.5103
145.8763 34.9710
136.1002 27.8646
136.0010 30.9948
139.0727 27.0217
142.9258 35.3255
136.2681 30.2704
139.4448 33.7590
136.6703 27.4178
133.2305 31.7789
136.7226 30.0254
137.0387 27.9352
139.5489 29.2280
134.6203 33.4395
136.2985 27.4106
135.3672 31.7140
144.8171 33.2256
137.7760 33.7828
136.6068 30.4861
139.6754 34.7002
136.2015 31.5237
139.2864 33.3085
142.5026 35.6484
135.6815 31.2329
140.8721 33.9970
142.3434 35.4272
147.1148 38.4015
136.3805 31.0355
135.9961 27.7411
141.2444 33.8634
138.4905 27.0543
136.9554 27.5367
147.6940 38.2777
133.9222 32.9203
135.7740 32.4001
138.7709 32.2170
136.1434 30.4282
137.8493 29.8595
138.3744 28.6516
136.4707 33.2460
139.6642 28.2037
140.0698 32.9141
137.7230 28.7406
135.5556 32.0619
140.4252 34.8434
136.8664 30.5900
135.6455 31.8407
135.7487 32.3107
137.2588 26.4308
140.9596 33.4981
146.4233 35.6051
139.5833 29.9683
138.4236 29.4082
136.0167 30.9959
135.8323 27.6231
145.7992 36.6009
135.6194 31.8083
135.7945 27.7248
136.9429 26.3134
144.8863 35.8123
139.5119 28.7101
146.4040 35.0527
139.7505 28.0959
137.8437 33.6090
139.4988 33.4231
146.7619 35.1704
137.9473 30.0988
144.2467 36.2416
140.3103 34.8900
137.7161 28.7054
136.4256 27.3900
143.6798 36.8447
136.5796 30.3877
136.1683 30.9203
132.0483 28.0338
136.6198 27.3893
135.5951 31.1469
135.4381 31.5831
142.3676 35.5067
144.3707 36.3893
136.4444 27.6796
138.5777 27.0158
139.2003 27.1451
139.9326 33.0102
136.9464 30.2748
137.1295 29.8284
146.2309 35.1847
146.6692 35.0965
136.5820 30.8225
133.3589 31.5612
135.8989 32.8091
137.0175 30.2850
139.5625 27.1549
151.8489 35.0261
146.0950 37.7999
136.9101 30.2756
137.6465 27.0071
140.3194 31.5658
135.5132 32.4908
136.6471 30.4438
138.3595 30.0589
138.9703 27.1393
135.8401 32.1631
135.6295 32.4079
136.2213 27.6187
138.2894 29.4484
139.8642 32.8112
146.5350 35.1493
159.9202 36.1700
150.4199 38.6944
138.4752 31.8343
140.9326 34.1664
136.8269 31.3582
143.4481 35.3809
135.5672 27.6826
136.8474 30.4251
141.1295 33.6293
144.7864 33.2780
146.6411 35.1294
138.4614 28.6903
137.2316 26.9770
135.6335 32.4220
136.1462 27.4902
138.2286 27.0137
139.4802 28.7382
137.6661 27.3148
139.9472 33.1610
141.0528 35.7116
149.8913 36.5890
139.9850 33.0129
135.2208 32.9006
137.7943 34.0385
137.2574 28.4926
137.8581 27.0476
136.5696 27.6271
138.4766 29.6308
138.3718 27.0211
144.8626 35.7825
139.4960 27.3543
136.9376 27.1879
137.6763 30.0188
136.9083 26.4146
139.2993 26.9974
137.2286 28.1027
145.4573 36.6828
137.2160 30.1249
140.5761 33.3388
137.1234 26.8780
140.0868 33.0043
136.7288 30.0384
139.6234 32.6908
139.0175 27.1709
139.0150 31.8630
137.7981 33.5125
136.5518 31.5148
146.9065 35.3124
136.0643 31.6769
139.2785 33.1034
138.7325 27.0429
139.7921 28.0217
