133.1899 27.8953
134.2479 28.5358
133.8531 25.4650
138.5503 33.2610
132.9765 29.5835
134.6796 30.6361
134.6684 28.8181
138.1499 30.0457
126.8633 26.7048
138.7847 29.9128
139.4188 30.3828
132.0394 26.1357
137.9471 30.8318
133.0515 28.7374
136.3193 29.9546
132.1942 30.6285
132.7906 30.5674
139.1005 30.3532
133.4409 29.9841
135.1316 31.6469
137.6996 29.1469
137.0443 30.4128
139.2092 30.4048
136.1032 28.2327
133.0457 30.8320
136.8336 32.6402
137.0735 32.4514
134.7011 28.1070
139.1990 30.1427
137.5700 31.0736
137.3409 28.8976
139.7343 30.1286
137.1459 29.3221
131.3372 26.2599
137.2290 30.9855
139.2420 29.7563
132.4567 28.1092
137.8210 31.1346
135.9097 30.1955
135.2976 29.2082
136.2219 28.5119
132.4485 27.9174
139.1508 29.7650
134.5378 28.5896
136.6057 33.3920
137.1065 30.9281
138.2038 30.7654
134.4619 26.9405
137.0793 32.7163
133.1111 29.7257
132.4286 30.5605
138.3336 30.6912
129.7875 25.4590
138.4414 30.7335
132.9725 26.4542
137.0992 32.7153
137.8891 30.0419
133.4855 25.3498
137.0944 33.1828
134.5007 29.9424
133.2515 30.1321
134.8742 29.1902
132.0438 25.8895
138.3701 31.0260
138.4720 29.2178
137.2552 30.3835
134.0126 31.2680
137.2313 32.9934
138.1075 28.8356
131.5241 30.5538
134.2111 25.5907
138.0424 28.7515
132.8958 27.5108
134.6100 25.7183
139.5443 29.8020
134.8403 29.0347
133.8566 28.1258
135.9720 30.0602
131.0924 30.2197
129.9795 26.2502
136.1732 25.4814
135.0620 31.9620
134.3623 27.2016
138.5943 30.9750
134.3912 27.4474
134.3477 28.1844
133.6660 29.7646
138.4810 30.3956
132.8397 29.5369
127.4154 27.1045
135.8413 28.1562
137.7841 29.6042
128.6993 28.4854
138.6352 30.4392
134.2953 27.9947
139.1920 30.6350
135.1273 28.8240
136.9680 28.4073
135.8671 24.9549
134.5769 28.8855
139.3341 30.4580
134.8209 30.9785
136.3638 30.7896
134.1873 27.1223
135.5235 31.7905
132.1091 26.1826
134.9623 25.0638
138.1847 29.8345
133.2079 31.2938
132.2520 30.5450
134.5278 28.0981
136.0522 29.6046
140.6285 33.6092
134.8898 29.5963
140.9184 34.3178
136.8660 33.6254
135.1572 28.2782
134.5857 27.8655
131.1965 30.3041
131.4506 30.5824
138.1616 30.1360
137.2378 32.7818
138.8030 30.6915
134.8132 27.7462
132.6006 26.9555
139.3349 30.4802
134.9082 31.6664
132.2387 30.5703
131.1626 30.2728
136.8255 30.6804
137.2760 33.7600
135.1340 28.5200
134.7552 28.0323
135.0564 31.9343
137.7365 30.3980
134.9595 29.0890
136.1476 29.2773
134.3882 29.2709
134.4523 27.1337
134.4598 29.2324
134.1107 30.9241
135.5231 28.9158
137.6106 28.7861
134.9999 29.9974
134.1938 31.8186
139.7527 29.6494
139.7506 28.6811
134.9683 24.9791
134.3802 27.2105
137.1719 32.9699
138.7666 29.8600
134.9012 30.9417
134.9215 31.5275
131.0403 30.0915
137.6199 30.9343
130.9188 30.1621
137.2424 29.7746
131.3211 30.4874
134.3558 31.9112
134.8856 31.2375
130.2055 26.1851
130.9064 29.8659
137.3105 30.7426
133.9366 25.9440
131.0904 30.2133
136.0366 30.1505
137.4142 30.2432
142.4106 35.5509
134.4983 29.5803
132.4226 30.6555
131.4100 30.5322
139.1724 30.5469
135.8850 29.8331
130.7053 26.2038
136.6467 32.6766
132.6320 30.8400
135.9828 29.8012
132.3878 31.4041
131.2609 30.4307
130.6306 28.1118
137.2634 33.6409
135.0607 28.8283
135.1049 29.3052
134.8372 29.1538
136.2193 28.2700
139.3156 28.7594
136.1848 32.0794
132.7874 30.7683
133.8663 28.7382
136.4119 30.4895
131.5407 30.5275
132.0891 27.5094
136.0405 29.3747
134.2919 28.2051
139.6324 29.9222
137.5083 33.1972
139.8823 28.6424
139.4197 29.8411
135.0166 30.4154
136.9307 33.5105
132.7912 29.9257
134.8447 31.6096
135.9049 29.5633
136.7714 29.1795
134.6476 29.9818
139.4493 29.6010
139.4204 30.3027
134.2730 29.1172
133.7155 28.7499
135.8846 30.1914
135.8849 28.6885
134.4198 27.9807
129.2410 24.8347
137.6816 29.4641
137.6691 30.5811
134.2135 31.6327
137.3715 33.3816
138.9228 30.3649
138.6299 30.1281
134.5605 30.5687
136.7718 32.4663
139.2024 30.4423
134.2602 28.5101
135.6245 28.1088
127.1640 23.9027
136.8603 30.8929
134.9657 29.6471
139.6963 29.4489
133.8669 29.0199
137.3416 33.0906
134.1761 28.3979
127.8534 24.6986
137.9214 30.3489
137.3011 30.7433
135.2126 28.3118
132.5348 28.3412
139.2463 29.4638
135.8688 29.9195
131.7304 30.4860
133.3387 29.5757
136.1138 29.4729
127.1007 27.5520
140.1539 34.8446
139.3418 30.1161
136.7986 33.7375
134.1218 25.2957
134.6767 30.7936
128.8900 25.0039
133.6107 31.0147
134.3387 30.0432
134.6482 28.0724
134.9640 28.3491
131.3396 30.0027
134.7127 28.2757
134.1817 26.6289
138.5985 30.2913
137.9665 31.0302
134.0896 30.0234
133.8712 30.3670
134.8913 29.1772
137.3889 29.4482
136.4316 29.0939
137.5162 29.4794
136.8229 32.2106
137.0025 32.4450
136.0307 30.2089
134.9584 29.7210
134.6058 28.3495
138.1681 29.0649
132.1971 30.6251
134.4254 28.3587
132.9907 30.5954
132.9957 28.0750
135.9280 29.2994
139.5306 28.7760
136.9422 28.5371
134.5766 25.7200
133.7914 29.8081
139.8676 29.8874
132.7379 26.5313
138.5974 29.9313
135.7854 25.1143
134.6877 28.6091
134.0777 25.7879
129.6236 25.3243
135.0370 30.6342
138.6539 30.1464
139.6175 29.5624
137.8765 31.9150
139.4615 30.1247
139.5069 28.9686
134.4503 27.8435
138.5099 30.9110
133.1099 26.5028
137.9628 30.3908
129.9232 25.2565
134.1866 29.4612
134.8659 30.7024
131.0103 30.1726
138.9654 30.3711
134.3926 32.1957
137.3163 33.5059
137.9992 30.6668
133.2758 29.5642
135.9608 28.3815
132.6966 26.6093
139.4817 29.6011
137.8549 30.1022
129.1082 25.2280
137.3989 31.0318
136.7597 32.3135
134.4775 30.3012
138.2552 29.9433
135.2133 25.0619
129.1645 24.8888
134.8126 30.1229
134.0001 28.4996
128.3165 26.1607
137.6815 29.4867
133.1528 30.6121
135.8712 31.9735
139.3545 30.1498
136.4030 30.8598
138.8927 30.7568
134.5348 31.3050
136.0191 29.9795
134.2316 28.4600
139.7677 30.0296
138.1327 30.4136
138.2131 30.0547
134.8106 28.5004
134.5710 30.8867
133.3674 32.0249
138.6085 29.8643
134.8903 29.5391
134.4199 28.7724
136.8216 32.3278
133.0896 27.5495
134.8111 32.0433
137.7376 30.5124
135.1860 29.3912
134.1984 25.4378
133.8348 26.1445
136.8506 32.1775
135.1850 25.1411
133.1355 27.9207
138.4067 34.3251
138.2224 29.9118
136.9649 30.8399
134.8819 27.7935
136.3400 32.2852
137.4118 29.3900
137.4597 31.0970
136.4218 29.1964
134.7652 29.5613
136.1712 29.6195
139.1480 30.4505
138.6487 29.8173
133.7801 31.2081
136.9815 32.5469
126.2720 26.5644
132.5993 28.9806
133.9262 30.9244
139.3368 29.2417
133.8976 31.0329
137.9657 30.3897
130.9395 30.2382
133.8284 30.6723
136.6419 32.1288
137.9196 29.6529
139.4189 29.6993
137.2849 29.2281
137.1555 31.0290
137.7598 28.8352
132.9059 31.0840
128.8862 25.7772
136.7454 33.3484
137.2026 32.7616
131.1204 30.3206
137.4744 31.1122
139.5394 30.2973
136.4757 32.1879
132.5433 27.9899
135.5351 28.3953
132.8867 27.4810
133.2687 27.5754
136.0554 28.3169
131.4086 26.3807
134.1743 26.0093
137.6078 30.4714
136.1187 31.7112
132.8922 26.9004
136.6401 30.7869
135.7116 24.7598
134.8136 25.2952
133.9125 31.3015
132.2430 26.5667
129.6058 25.7574
136.7502 30.7568
139.4554 30.1040
139.6847 29.4502
134.4381 29.0692
133.0293 28.6850
138.1760 30.1026
132.5643 29.0994
137.2681 32.9289
136.2610 29.3440
133.7523 31.5862
137.9874 30.3605
134.3890 27.3782
134.9899 32.1360
137.0657 33.3308
133.5427 29.6798
134.3430 29.1602
135.7868 31.1082
134.6207 27.9001
139.4167 29.9296
134.3296 30.5285
139.2553 29.3893
138.1093 31.0203
131.7360 27.2148
133.0408 29.4262
137.1082 33.6125
134.9660 30.7371
136.5780 32.2921
133.8679 32.8566
135.8529 30.5226
133.1272 28.7983
133.0952 29.4803
131.0214 26.2451
139.8734 29.6714
133.0199 28.6461
139.2023 29.6340
138.5071 30.5546
138.6032 30.8819
136.0685 29.3697
133.5392 30.8977
131.7933 30.5141
138.6006 29.8781
137.1731 30.9684
138.2112 30.8622
133.3186 26.4977
135.0388 30.6821
129.8113 27.1313
138.7606 30.5539
135.1564 31.7919
134.4088 27.2101
134.7663 30.6013
139.5975 30.0832
132.9506 27.8254
134.3372 27.0854
137.1298 29.1992
135.4909 28.0746
129.3476 26.3343
136.8376 33.6554
129.3679 29.8699
138.0750 28.7444
133.2316 28.2141
140.8474 33.9562
133.8743 25.0508
139.6511 30.0783
135.9310 28.2736
134.1729 25.5077
132.6958 26.6994
134.1990 26.2620
138.2666 32.9518
133.0208 29.6641
135.0023 28.1745
134.0314 25.8505
133.9589 32.2107
134.6725 28.0797
131.3785 26.2108
139.6138 29.8053
135.7501 31.9075
136.9581 32.4498
137.5825 32.5657
133.2624 27.6862
135.9307 29.6902
126.9011 26.9701
133.7773 29.8691
137.4380 30.4674
138.9092 30.8101
134.4289 28.6004
137.6499 31.0653
134.8167 28.1423
137.6888 29.5984
137.7694 31.0893
136.4575 30.7118
138.9792 30.3194
134.3189 25.4431
134.0244 31.3802
134.7617 29.2129
138.8588 30.7626
133.6005 27.9334
134.3204 28.0794
138.3529 28.7006
134.3497 28.2167
138.0671 29.8695
130.0840 24.8958
136.2247 29.3123
135.5706 28.1801
138.4773 30.5281
133.5084 29.6792
134.7591 30.9429
139.2116 29.2115
135.0998 29.3413
138.8539 30.6378
139.7274 30.2771
137.5602 30.5478
129.0331 29.3373
137.0250 31.0200
137.5485 30.6002
138.0109 30.2067
136.2607 29.3117
135.0003 29.5760
137.9125 30.3491
139.3003 29.6447
138.7188 30.8406
134.6852 30.6288
134.5027 26.6853
132.1575 30.5501
129.6767 25.5335
135.9476 30.1953
132.8863 29.4772
134.3206 27.6860
139.5065 30.5145
139.5688 28.9054
138.4250 31.0226
137.5991 33.8790
134.3202 27.9047
134.8111 28.1780
134.2196 28.1413
139.1004 29.6948
132.5617 28.1358
137.9743 29.8531
138.4003 30.9655
138.2078 30.3536
131.2016 30.3251
133.8398 31.2275
134.4229 27.8690
134.5709 27.9038
135.1970 29.1722
135.8955 30.5229
136.9809 28.7177
136.8523 29.1810
130.9786 30.0588
136.2110 30.3879
134.0674 31.5115
129.2244 25.5384
133.9377 25.5800
130.7753 29.9904
134.0174 31.1832
134.9198 29.9871
135.0517 29.7966
136.9476 30.9014
133.9378 30.6491
131.7469 28.0166
139.6996 30.0648
134.0377 31.3795
133.5269 30.7383
134.7774 31.1562
137.9545 30.5986
137.7334 30.6304
135.3519 28.7462
132.9585 29.5908
139.0070 30.7882
133.5137 29.6858
136.2347 25.5619
139.8666 29.7016
136.6450 30.7519
136.0933 30.3486
133.9905 31.4943
132.8388 26.4343
139.6332 30.3444
137.6000 30.9002
136.8084 29.0424
138.7330 30.7677
133.0592 27.5456
133.9384 31.1480
129.6315 25.2928
135.5186 29.0058
137.0646 30.1179
137.7127 30.1637
140.0176 29.9261
136.1604 32.9366
137.3391 30.6500
139.9413 30.1528
138.0642 29.1307
136.5203 33.0040
139.3818 30.3924
134.7324 31.1271
136.8999 32.9977
139.6014 28.6577
136.7694 33.0889
139.0147 33.3661
137.4251 30.2197
139.0007 30.7705
139.4170 33.3543
137.2035 33.6526
139.7512 30.6010
139.5777 29.4469
137.9106 30.9523
135.1407 29.2328
139.1663 30.6519
136.7299 32.7295
134.6970 31.3621
136.2286 32.8028
136.4877 32.8639
136.5657 32.6717
129.1823 29.2752
139.0129 30.5157
128.1890 27.6654
137.5487 29.4858
136.2995 33.4035
139.3818 29.1596
138.1719 29.0961
139.0806 30.7211
136.9016 30.9340
136.6410 33.0287
137.6987 30.0232
139.6414 30.2576
136.9692 30.6302
136.3650 28.6433
136.5547 32.7015
139.3423 30.3678
136.8386 30.3431
128.7830 28.5444
139.3663 30.5153
141.0119 35.1248
136.0712 30.2376
128.4414 28.6076
139.3638 30.0943
137.4504 28.9641
137.1510 29.0111
138.8778 30.3735
133.9540 30.1764
139.1999 29.1621
138.5256 30.6377
137.3994 29.4568
136.7136 33.6193
128.2615 28.5938
137.3519 29.7252
136.6962 28.6767
137.4640 30.1486
134.6203 26.0152
138.3918 33.5382
136.5388 32.5623
133.7439 29.8348
138.1433 28.9825
139.6811 34.3993
136.5144 29.3300
130.2801 29.4960
138.3020 29.1348
137.0956 33.8527
139.1294 29.5129
140.9500 35.9173
139.0818 30.1686
140.1929 32.8362
136.6393 29.1384
139.3033 29.8722
139.4743 29.3564
139.2340 30.1389
139.9422 30.3047
139.3194 29.4177
137.9306 29.1497
139.9016 29.3882
136.0431 28.6178
136.1235 33.2287
139.1006 29.6243
139.5695 28.5942
136.3993 28.5739
136.9914 33.4901
142.6688 35.6597
135.5635 28.2846
137.8091 30.1568
139.5941 30.5784
137.4748 33.8208
135.1862 28.5892
138.4012 31.7354
136.3046 29.4119
137.2128 30.1313
139.7929 28.9501
136.8593 33.0301
138.3680 30.7422
137.4601 29.0107
136.5161 32.8343
138.3353 30.8362
137.9262 29.1401
137.4454 28.9952
134.1004 31.5721
137.0737 33.0126
136.3511 32.6811
136.3609 28.5631
138.4137 33.2632
138.3280 30.8469
135.8281 30.1204
136.4571 32.6972
136.5991 32.6792
136.3812 30.3456
136.8925 33.9528
136.2014 28.5953
134.8278 31.8423
136.7032 32.6159
137.1645 30.5261
136.6883 32.6453
142.9786 35.7184
139.6173 30.0510
139.3109 33.8276
138.2460 29.3788
128.4722 28.3084
137.3154 33.8551
136.5854 32.8101
142.3171 35.4503
137.7098 30.7726
138.1126 29.1713
139.6026 30.1515
137.4456 33.6854
136.1124 33.5352
138.2706 30.8809
136.2982 32.7448
136.3634 32.7796
137.2347 30.1232
137.0423 30.3405
137.2776 33.9550
139.7798 30.3505
136.5807 32.8732
135.7466 28.9862
138.4684 30.7611
136.1571 30.6057
138.5385 30.1626
133.2052 29.7410
137.1179 33.0373
137.5808 34.0086
139.6560 30.2546
136.3397 32.6749
136.9234 32.8806
133.2924 28.7198
139.3291 29.9073
134.0970 31.6884
135.7810 28.4879
142.4467 35.1042
137.4297 30.1696
136.3540 30.2977
136.3589 30.7248
136.6938 33.7464
139.4199 29.8402
137.0826 31.1737
136.7602 33.6020
136.8815 32.9741
136.1150 33.0204
136.9351 28.8064
136.6687 32.8233
139.1471 29.2420
136.3786 32.8251
139.3981 29.3212
138.1740 30.5491
139.3635 33.9802
139.2546 30.6721
127.6371 27.3284
127.2058 26.8494
139.4999 30.4067
139.3719 30.5341
128.9394 27.8922
138.3873 30.7913
136.4687 32.5757
137.2847 31.2156
139.5101 33.1692
135.8152 29.6460
142.5045 35.7240
133.2958 31.8962
138.0669 30.0751
142.0474 35.5485
136.6800 30.1611
136.7776 32.8911
136.7988 29.9711
136.7383 33.3579
129.5395 29.9761
139.5275 30.4797
133.9056 30.3105
139.3200 29.1721
136.5702 32.6793
137.5826 34.6027
136.7137 30.3204
136.3443 32.7091
137.8155 34.5820
137.3130 34.3307
136.5513 32.6978
138.4644 30.7528
138.9857 29.7841
135.7017 30.4415
134.4968 28.9310
136.9193 32.3391
136.5475 32.9711
137.0670 33.7702
133.5867 31.6161
135.7089 33.1146
135.6085 28.3086
137.0995 30.2765
134.7427 26.5735
136.7588 33.3393
135.2620 25.1935
131.5669 28.7388
138.1325 30.7815
138.8275 29.9009
135.0401 28.1644
129.8460 28.8882
137.2004 33.9774
136.3633 26.3754
135.9742 29.8105
134.6678 28.9484
134.6139 30.8638
134.6922 29.3498
138.1463 32.2912
137.3056 29.3757
139.3651 29.6843
136.9775 32.3898
133.4497 31.2275
135.3997 28.6366
138.2770 30.8824
137.7808 31.1962
136.5115 33.2775
136.6868 30.8610
139.7510 29.8492
137.5355 29.7843
134.3018 32.4505
134.4551 27.5435
131.5848 31.3180
139.6360 30.4695
124.8159 30.9216
128.4543 26.2899
134.5365 25.2725
127.4796 27.5051
139.7377 29.9223
139.1141 30.1670
138.3765 33.0628
139.3755 30.6202
137.3600 28.7158
139.8610 27.9976
138.4228 33.5816
134.6701 25.7802
136.3649 32.5236
135.3221 30.1621
135.4611 28.4839
134.8090 29.8636
139.3056 29.5954
136.3598 31.6387
132.7746 31.0319
139.2377 30.3282
137.0372 32.3676
139.0177 29.2859
137.6071 29.6632
134.4891 28.2696
137.0679 32.9223
137.9334 29.0391
137.2818 33.6124
135.4537 31.1670
138.9263 32.8727
136.0285 28.4086
135.7708 30.2958
134.6982 27.3575
134.4303 27.7599
137.0054 30.7687
134.9873 28.1343
139.7596 30.4964
134.5604 25.9906
137.8874 30.3223
136.0010 30.7748
137.1644 29.3287
136.7868 30.1953
137.3559 31.3254
138.3308 29.0117
134.8879 28.6854
139.8344 28.7390
127.7724 28.0021
134.9155 28.2483
134.3810 26.9620
136.6504 32.5712
139.5073 30.4525
135.0940 31.7415
136.1856 30.7008
138.0309 30.6354
134.4311 25.6198
136.3921 30.7747
134.9804 30.4458
137.9872 29.7015
127.7210 27.3653
135.5855 31.1128
137.9209 34.0308
135.7289 28.6978
139.5088 30.0259
134.4789 29.6792
131.6035 25.9382
136.5842 29.2354
137.1756 32.7146
135.9135 29.5839
135.4913 24.9902
138.4292 28.6761
137.7739 29.1176
138.8652 33.0887
134.6729 30.6542
134.3719 28.0951
135.8992 29.6436
135.0155 29.8192
139.6803 34.4640
135.0172 32.0692
134.8034 30.5684
134.3121 27.7553
137.2787 33.3831
134.7347 30.2791
138.6616 30.5367
138.5884 30.8985
139.2166 30.0475
136.6663 30.8530
127.1177 26.8702
134.6900 27.5184
139.4776 30.2407
133.0454 26.1894
139.0613 30.6834
132.5761 26.1541
137.8591 31.0717
134.8364 29.1311
136.3871 33.0301
136.1621 29.8508
136.0883 29.5964
137.8910 30.4572
135.9777 29.4600
133.1326 29.6256
136.7971 33.3118
137.1539 29.3754
137.8649 33.5189
136.7534 32.4490
135.2724 25.1869
137.1022 28.6303
139.2577 30.3107
133.0793 27.4675
134.4807 27.7166
135.4189 28.8368
139.5384 29.6778
132.1659 30.6423
139.8042 29.3750
127.0636 27.0880
133.2612 31.4758
134.3022 25.4691
134.3179 28.8343
131.5620 30.6372
139.2980 30.2625
135.1042 28.1647
137.3358 33.3664
139.4532 30.5559
137.0730 29.2475
136.8262 32.4698
139.3678 29.3145
128.5369 28.7839
136.7743 33.6760
138.0482 30.2382
134.8393 28.4532
137.7767 30.4090
138.1442 30.1587
136.1250 30.1390
131.5377 26.2078
133.3247 26.6737
139.1148 30.4838
137.6699 30.4008
133.9833 31.1657
133.6506 32.0932
139.2690 30.5010
135.9271 29.9680
138.3728 30.9264
138.9936 33.0636
136.5891 32.1459
136.1037 29.4162
131.8900 25.9303
135.0395 30.5331
128.9316 29.0510
137.2696 29.6770
134.3580 29.9674
132.3872 30.5676
139.1550 30.7257
136.0636 28.5568
132.7256 26.2895
133.8643 25.7496
136.8666 32.5425
136.5104 28.5164
138.0796 30.1869
132.4288 26.6853
135.8194 29.9773
139.6182 34.7790
137.0141 33.3536
135.0170 31.2375
134.1339 27.9369
139.4653 29.4938
134.4926 28.9909
135.0756 31.8755
134.3525 25.7045
139.6810 29.7905
138.4697 30.9365
138.1311 30.4190
139.3436 30.3025
138.5598 29.5070
134.2622 29.3081
138.0524 33.7587
133.7109 29.7834
141.0243 33.7636
128.5193 25.7405
136.7805 29.2706
138.2387 30.7962
136.7237 33.2784
136.9547 33.7393
133.4830 28.2597
133.9695 28.6017
133.7670 25.7654
132.1945 26.5833
135.9705 29.5772
139.1936 30.5985
131.2222 30.3183
136.8945 29.2630
137.9718 30.7431
136.4796 28.6743
135.8771 29.6184
134.7876 30.8274
137.8831 30.7998
137.7906 31.0393
134.5361 28.1745
139.5682 30.3051
139.6748 30.0941
134.3414 25.8117
139.0328 30.4647
137.9484 30.4108
134.4186 31.8900
137.2608 29.1845
138.6717 32.5366
134.1928 25.4760
133.7663 30.8370
134.0501 31.3241
136.6444 30.4123
138.0314 30.0338
137.9212 29.7870
136.4871 29.1474
136.2520 29.2153
133.8976 25.4459
134.7765 30.5484
134.1120 25.2922
138.7340 30.4974
134.8391 32.3261
132.5724 28.9887
136.0441 29.8378
134.1954 25.7253
133.0060 29.3785
138.7999 33.4294
133.1225 27.2303
135.8654 29.8873
139.0688 30.3351
133.9149 28.5247
134.6529 28.3622
132.6767 31.1871
139.6432 28.9152
137.5208 29.4181
132.7137 26.7629
135.8287 30.1105
126.8885 26.3946
134.8707 30.5534
127.1954 26.5862
137.5706 30.4566
136.2058 29.2156
138.1767 30.6754
139.7319 30.2139
132.7555 26.8988
136.4914 30.4145
136.9108 28.5188
138.4591 30.3778
135.9971 26.7628
139.1632 30.2539
132.2429 26.2798
139.2964 29.4747
131.0293 30.1398
136.8658 32.3753
136.5335 29.2026
137.7000 30.5042
139.5660 29.2785
135.9270 29.3770
128.6861 26.0731
139.0068 30.7513
137.4246 31.0396
137.3803 33.5556
139.2523 30.3453
134.5445 25.8078
138.9252 30.6589
136.9264 28.7628
136.8607 29.1380
132.8441 27.3649
134.8143 31.7852
137.7849 29.7521
138.0284 30.3014
135.9865 30.0159
136.5432 28.3850
134.9659 32.0883
137.8251 31.0440
128.5432 28.6638
132.8190 28.2820
139.6557 29.4677
137.2007 33.6118
138.2765 28.7552
128.8939 24.8776
128.6430 24.6920
138.3625 28.9328
131.1036 30.1815
129.3160 29.8232
135.0263 25.1085
134.5880 28.3728
132.4216 26.1144
137.7931 29.6451
132.3299 31.4777
139.4835 30.2816
134.3571 31.5574
139.4354 30.1387
134.6185 25.7679
135.0216 32.0965
137.0386 32.4539
139.4406 30.2600
137.7268 31.1350
134.5673 25.6905
137.3862 31.1334
133.9194 31.2099
138.8534 33.1608
129.2541 29.6653
132.7078 27.4248
134.4454 27.6758
134.6260 32.8915
139.0328 30.7513
135.1920 29.2567
139.2162 29.8650
135.3127 28.7211
136.6923 33.4672
136.8944 32.8302
135.2819 28.6900
134.5730 28.0538
136.7961 33.5732
139.3292 29.8961
133.4007 27.5523
133.0303 27.6127
134.1978 28.4471
134.9754 29.8704
138.9317 33.5023
127.2570 27.5000
135.7166 28.5756
133.9034 31.0268
127.7047 26.8912
132.4411 29.1461
135.2812 28.8460
139.6314 29.8460
134.5177 27.7972
130.4691 25.9629
133.6257 30.8644
134.4287 26.5907
139.1163 29.3851
134.8816 31.2871
136.1742 28.5675
136.7311 32.5175
138.8225 32.8975
138.5808 30.6492
127.5173 27.3713
134.9962 31.7878
137.3060 33.0964
128.5991 28.8446
138.9664 33.3298
138.1344 31.1103
135.2027 28.7035
136.7768 33.5081
139.6247 29.8994
135.1301 31.0414
131.2507 30.3632
135.1036 28.4498
138.1844 30.3220
137.0087 29.4053
131.1320 30.3166
132.4289 31.2596
127.0910 26.9388
136.0033 31.4998
132.6458 30.6549
128.0240 28.3670
133.3104 32.4565
135.2876 28.4320
138.3385 30.9757
134.3904 28.2579
136.8161 33.5967
139.7333 29.8042
135.7277 28.4327
136.3301 28.6231
132.6703 31.3419
132.8250 30.6657
136.3054 30.5971
137.8872 29.1860
138.3223 29.0998
139.0584 29.2780
138.0642 33.4997
138.0891 30.5882
135.6621 28.5435
136.0453 28.4302
134.8898 31.9766
137.0892 30.5252
132.6285 26.5962
134.1445 31.2546
138.0018 29.8141
134.8259 28.0264
136.0921 29.6620
139.4289 29.7500
135.9177 32.8601
135.1503 31.2226
138.3713 28.6410
135.8801 28.6186
137.5704 33.8036
136.9421 30.9966
135.8891 29.6448
136.1395 30.5490
133.2842 31.9447
135.2771 28.4424
137.1187 30.8696
135.7923 28.5312
133.9695 30.3602
136.5278 32.4868
135.9651 28.7519
133.7596 31.0395
134.7539 31.9313
132.9782 27.9205
129.9369 26.2402
137.9631 29.1003
131.6420 30.5821
137.4074 33.3229
136.7445 33.5278
134.5660 30.5332
139.1830 29.9367
136.9747 33.6674
139.1720 29.8942
138.6738 30.8998
138.0472 30.2698
140.1451 33.9366
136.5926 29.8638
137.9972 31.1259
137.5159 34.1262
137.1616 30.6842
139.3807 30.0162
137.6319 34.1448
136.7082 30.8899
136.1757 29.5622
136.9367 33.0778
136.3366 29.9690
136.3505 32.8688
138.5714 32.5632
136.1717 30.3601
136.3797 29.8985
138.9795 30.7508
136.9936 34.0348
138.2844 31.0269
137.0298 34.0622
136.5743 30.1092
136.9349 33.2319
137.3256 30.5604
137.0318 31.0586
138.1414 29.6138
136.7287 30.9367
139.5098 33.7548
136.3582 30.0478
138.8622 30.4304
136.2255 33.1202
136.1553 29.6067
136.8005 32.8426
137.2182 30.5042
139.2689 30.2288
140.3540 33.8082
136.7032 33.1516
138.9461 29.5487
137.0271 29.4847
137.2479 30.4552
137.4550 29.7715
137.0255 33.4101
139.3118 29.6770
136.2751 30.5976
139.3857 30.3657
136.2969 30.0279
136.7323 30.9081
136.5752 33.3253
137.8756 31.2243
137.4851 30.5492
137.0586 28.9657
136.2085 33.6525
136.5765 30.2169
139.5055 30.3603
136.9630 30.3119
144.4537 36.1983
139.5704 29.7238
136.4793 30.3188
140.8175 33.8941
139.1541 29.7268
136.8547 33.1994
136.8555 30.4680
137.3356 29.6330
136.0764 29.2616
135.8005 29.9741
139.3755 30.5857
139.4009 30.3197
137.2001 29.6893
139.2403 30.5499
136.2912 33.4870
137.6874 30.4924
136.0642 29.2932
136.0495 30.1290
136.9644 33.4636
139.6163 30.2741
136.9196 33.2581
137.2328 33.4153
137.1420 30.4140
137.6503 34.1352
136.8327 29.2011
138.8199 30.5489
137.0001 33.4590
142.8641 35.9532
137.2741 30.8676
137.4680 29.0742
138.5134 31.0053
142.5899 36.0999
136.5444 33.8680
137.3598 30.6232
136.9324 30.5770
137.0694 33.5879
136.9760 33.4815
137.1853 31.1153
136.0027 30.0228
136.9449 29.5099
139.3396 29.6450
136.2300 33.6827
145.2137 35.5665
137.2002 29.6740
137.2703 29.3559
135.8620 29.7323
139.2971 29.6131
137.5696 29.9713
140.2896 34.3514
136.6037 33.1414
136.5936 30.0827
140.8667 34.5535
136.5548 29.5360
137.5230 34.1490
138.8131 30.8977
136.2590 30.4627
137.5805 30.4903
139.1293 29.8414
136.8600 29.6628
137.1741 30.5488
136.3477 30.6661
138.9648 29.4570
136.1422 33.1751
137.0651 29.7772
139.1071 29.1764
137.7573 31.1855
136.6545 33.3420
137.4595 34.0697
137.2701 31.1159
140.7013 33.6960
139.5956 30.1568
136.0500 29.7372
137.0929 30.1363
138.8896 29.7971
140.8423 33.8563
139.0533 29.6264
137.1123 33.3825
136.2999 29.1151
143.4992 37.9604
139.2261 30.2739
137.8539 30.2717
137.1657 30.6722
139.1617 30.5996
135.0097 33.1100
136.0955 30.2157
136.9463 33.6011
136.3962 33.7936
136.4165 33.5954
139.3610 30.2335
139.5073 30.0246
138.6407 30.8799
136.8489 33.6689
136.2607 33.0132
137.0789 29.6606
137.8593 30.5516
139.2176 29.7375
136.2455 29.5166
138.5822 30.8709
135.9884 30.3322
139.3168 30.0496
136.7343 29.7975
136.8230 29.4470
137.0014 33.4671
137.0492 30.3685
137.1715 31.2130
136.2791 30.6949
139.3508 30.1179
137.5316 30.3749
142.7796 36.1984
136.4499 32.7024
139.6227 30.3439
136.9849 33.5439
136.7061 33.8988
136.6276 33.3391
140.7941 33.6467
136.9131 29.5711
139.0173 30.7731
139.2246 29.7055
136.9636 34.0117
141.9110 35.5157
137.5067 29.5688
139.3269 30.0338
137.8694 31.0336
136.6446 29.4507
137.1265 34.2151
137.4704 34.5274
139.7589 33.5367
136.5405 30.8470
137.0112 34.0155
135.7946 29.7600
136.0611 30.0565
136.3254 33.3928
136.8984 30.0564
137.5716 34.0725
137.8166 30.2744
136.5839 30.3991
136.1793 33.4157
136.2519 29.5802
137.3151 30.2671
140.5232 34.8854
138.8457 30.8300
137.6228 30.5629
137.8179 30.3507
137.9312 29.8901
136.8035 33.2194
136.5714 29.6990
137.5826 29.2020
137.1615 30.4389
140.1614 34.7926
136.3551 33.6517
136.1760 32.8443
136.4460 33.1724
135.8847 29.5749
137.0576 29.2573
139.5988 30.4738
138.3318 31.1460
139.5673 30.3448
137.8885 30.6751
136.6148 30.0040
136.6268 29.4593
136.7715 33.9873
136.9270 29.7657
136.8946 30.5261
136.8938 31.0297
136.3880 32.8047
136.1998 29.5906
136.9095 31.0840
136.1420 33.3998
138.5793 30.7164
137.8374 30.5280
136.8958 30.2427
136.8172 30.2788
139.6857 30.2692
137.3100 34.0870
135.9942 29.9261
137.0705 29.4958
136.3235 30.1031
136.1761 33.1453
137.1906 33.6823
136.8522 29.5123
137.5110 31.1725
137.9561 30.1842
136.1744 33.1193
136.7060 30.8685
139.1250 29.2931
137.1347 29.6867
136.9695 29.6773
137.8966 30.5115
137.1576 29.5163
138.7157 30.8231
136.1411 29.6572
137.4378 30.1221
136.5054 32.8032
139.1321 29.9123
136.1891 30.4932
142.3500 36.2886
136.3761 29.4753
139.0815 30.0664
137.0041 33.5897
136.3589 32.8994
137.9704 30.2616
143.5200 37.8623
136.8747 29.9676
136.4065 29.4961
137.2247 30.9601
139.0147 30.4017
139.3626 29.8150
136.5792 29.4749
140.6881 34.2876
136.6069 30.8748
136.8150 31.0145
139.0528 29.6832
136.9753 29.4441
138.2918 31.0175
138.1015 30.6667
137.8501 29.2725
136.3045 32.8918
136.9603 33.5426
138.0180 30.0715
136.5008 29.4875
137.4783 30.2902
138.2060 31.1391
137.5224 30.6820
137.5123 31.0480
137.2182 33.4178
137.6489 30.2358
136.5733 29.5651
139.1724 29.9380
136.7296 33.8890
139.0264 29.6265
136.6568 30.0777
136.2481 29.5049
136.9757 33.4717
137.1382 34.0253
139.0211 30.7371
137.2476 30.0056
139.8907 30.2052
136.8550 29.5581
138.8278 30.5482
137.3849 29.7087
137.3207 29.9437
137.1826 30.9591
136.9942 30.9508
137.3851 31.2044
136.6004 30.8270
136.6720 29.9327
139.0585 29.2487
137.0792 30.6613
136.8267 29.6063
137.2476 31.1713
137.8394 30.3407
139.0682 29.6893
136.6554 30.3299
137.8919 30.0999
137.9130 29.3010
138.1325 30.4918
139.3690 30.1803
129.5966 29.9504
134.4251 28.2711
137.2204 33.5516
135.9457 29.0912
134.1623 26.2796
140.1771 34.4368
131.5887 29.3809
139.6725 30.1519
145.6401 35.3375
136.4682 31.8027
133.4587 32.4186
137.8156 28.9326
128.4498 29.0058
138.4798 33.5879
137.4434 33.7522
133.5293 31.7605
133.9701 28.2103
136.9117 29.9828
142.1707 35.0676
138.6419 29.7814
134.2302 30.8239
131.6104 30.4314
134.2280 30.0355
135.0942 28.3256
129.2417 24.6411
133.3114 29.3722
131.2866 30.8287
132.7858 29.2778
134.6645 32.0714
141.5959 35.7780
134.5541 27.8640
134.6544 27.1592
135.3085 27.0893
136.7394 33.0669
138.1809 30.0312
133.5990 29.0061
136.4875 29.3228
138.8567 30.7902
136.0070 29.4729
137.5021 28.9482
127.1381 26.8661
140.9318 34.0872
138.4909 30.9355
135.8649 28.2225
137.7551 33.5175
134.4369 27.3866
139.0850 30.0782
132.4432 31.1517
137.0103 31.0676
139.7227 30.0117
123.9006 27.7183
136.7541 31.3374
134.5604 25.2427
135.4830 25.5420
128.1300 28.4057
134.8745 25.3197
139.1734 29.8151
138.1309 28.8749
139.6011 30.1329
135.0947 33.2393
135.9679 29.8368
136.1576 30.0269
136.7525 32.8089
132.6857 29.4509
138.9003 30.8051
137.7045 29.0478
128.0740 25.5560
137.7327 29.6194
132.7053 29.3886
134.1319 28.1059
140.9224 34.2012
136.3540 33.0331
134.5143 31.1976
137.6499 32.5555
138.4595 28.8282
134.2106 28.6641
140.0327 33.1262
134.6912 25.2647
137.7943 29.8388
138.6742 30.6712
132.1174 26.2087
140.2737 34.9893
128.6613 28.0369
137.3478 29.5753
134.3338 27.3081
137.9056 30.8677
136.0583 30.0205
133.7847 31.8300
127.9730 27.6474
134.4252 25.2683
133.1181 31.5192
136.3525 33.5400
141.8166 34.9223
133.8794 32.1913
127.5204 30.0341
139.2429 34.6866
134.1419 32.9394
131.9918 31.1519
136.1397 30.2797
136.2318 30.5982
139.7158 29.8323
138.4035 29.2789
134.5453 32.6727
133.0120 28.2542
134.4711 26.8190
133.5950 30.2908
138.8136 29.9229
133.3724 30.8959
137.1443 32.6361
137.3488 33.4998
135.1566 29.7318
138.4017 31.0112
134.3090 28.3007
133.9220 31.1883
136.7430 32.3684
137.9756 30.8532
136.1523 30.4460
136.8312 29.1704
133.2298 30.7708
133.2765 28.7274
137.1748 33.0700
135.1314 29.1790
135.0157 28.1992
137.5733 30.4904
139.6971 29.4886
127.2968 26.2716
132.7254 31.0538
136.7122 32.3759
134.8628 29.1314
133.1771 28.1222
129.4431 29.9663
137.9570 29.7482
135.5517 28.6018
134.4052 28.2743
133.7448 32.2266
139.0928 29.2802
139.4072 29.5728
134.6704 31.0243
139.4257 30.0741
136.3495 29.1715
134.3133 31.0391
134.6323 29.5759
134.2163 28.4855
136.2612 30.3480
131.9686 30.5430
130.2497 29.4621
134.6729 28.0889
139.3001 29.7134
129.1218 29.1167
139.5561 29.8122
134.4245 26.9507
132.0734 30.9228
136.1124 29.2033
137.0688 29.2316
136.4354 30.3052
138.1456 29.0146
134.6332 27.2933
139.6102 29.9361
134.3925 27.5807
134.6160 25.3144
138.5581 31.0093
134.9639 29.2202
134.7890 32.4675
134.1207 28.3717
134.4153 27.8280
134.2431 28.3463
134.8407 28.5173
138.0919 30.9114
137.0927 29.2903
137.6369 31.1031
136.0897 29.5930
134.4668 27.2120
132.4174 26.5867
126.8918 26.6887
138.2958 31.0336
137.3335 33.1783
133.9099 30.9458
137.4883 30.6394
128.9949 29.3538
134.9431 29.4910
134.5111 25.7147
141.3837 34.2130
134.9029 28.0629
135.0889 27.9694
134.7005 29.0675
135.1232 29.0499
134.2397 28.1215
138.8372 30.6149
139.7407 29.4732
133.7820 26.0481
136.7258 28.6828
133.6015 31.1081
135.3160 28.6802
131.5391 30.4769
136.9654 33.5700
137.2116 31.1147
136.2285 33.3270
135.3855 25.6400
133.1919 29.8545
139.2921 30.2630
139.1700 30.1318
137.8602 29.0303
138.2213 30.2264
134.3009 32.0366
137.3757 33.5250
139.4288 29.7533
137.2535 29.5190
137.8668 30.0415
137.6850 30.3221
134.6082 25.9043
131.4536 28.8575
127.5398 27.5760
134.7459 29.9490
139.6619 30.2424
141.6138 33.7193
136.6565 28.6516
134.5390 27.8688
138.1422 28.9829
134.0689 25.3922
139.0312 29.6180
139.5890 30.1299
134.3803 27.6720
139.7755 30.2613
139.8499 30.1617
134.3966 29.5110
140.6607 34.3191
134.8153 29.7654
134.5798 27.9863
133.9080 28.5202
137.0543 33.2034
139.7819 29.9492
134.7841 25.6940
138.3035 30.4708
133.6295 29.6952
135.5074 29.0639
134.1787 32.0217
135.1698 29.0409
137.6106 33.4093
137.1767 29.5447
137.0928 33.0929
136.2049 32.6952
135.9984 28.4054
136.4693 28.5104
139.7871 28.8835
134.3346 29.3126
134.8802 31.3431
139.4288 30.2522
138.8219 30.6799
136.9310 29.4336
137.4033 30.4154
133.4732 30.5349
139.2309 29.2194
134.6317 28.2906
136.1849 29.3145
131.2310 30.4278
139.2809 30.6509
136.8785 30.2809
129.4485 29.6850
128.8067 26.0856
136.4220 30.8282
134.6487 27.7568
137.0708 32.9612
139.5768 28.9636
139.8984 29.5986
129.3105 29.3715
139.2967 33.1281
128.7138 26.6153
139.6170 28.0911
134.3647 26.0151
138.0066 29.8559
138.0295 30.3682
134.8966 29.9532
131.8056 30.6541
136.9852 33.9445
134.0827 26.6804
135.2003 30.3621
139.8885 30.3397
139.1091 32.7026
137.5807 28.9402
136.8604 28.7117
139.6921 29.7387
138.5774 30.8792
134.6680 26.0307
134.3399 27.7766
137.5938 31.1659
128.9529 28.2203
131.7387 30.5729
137.4342 29.0175
128.8655 26.1982
133.1171 29.4895
128.2406 25.2200
137.6140 29.5335
137.1078 31.0902
128.5827 29.0675
136.5182 32.6486
134.6645 27.9447
136.8032 32.7418
135.7827 29.6401
137.6218 29.0564
138.2678 30.7883
139.5832 30.1167
139.4370 33.5249
137.4366 30.1048
137.3781 30.2949
139.5995 30.4572
139.6136 30.2398
139.1623 30.6316
137.9460 32.6718
140.7599 34.3171
139.3286 29.6553
136.2611 32.9761
136.8979 30.1626
140.7769 34.1647
137.5826 33.8916
139.1666 30.6703
139.0509 29.2276
136.8004 30.0552
136.1383 33.1344
143.3155 36.9479
139.0831 29.3046
136.1623 33.5812
139.1075 30.7411
136.7299 32.7983
137.3735 34.0480
136.3221 29.0978
138.7217 32.4089
136.8314 33.6609
138.9448 29.7544
137.0073 33.0524
136.5552 32.8118
140.4692 34.2331
136.3999 33.4985
127.4903 27.8308
136.6508 32.7141
136.4709 33.3584
137.9025 30.9832
136.7374 33.4749
136.6227 29.3399
136.7894 32.6773
137.1239 30.9484
137.3937 34.0078
139.6181 30.3335
136.5184 32.9293
136.3464 32.6606
136.6251 32.7033
137.2075 33.2711
135.7941 29.9208
136.4336 33.0355
136.8092 33.6977
136.3634 32.7644
136.5134 32.6516
138.1262 31.1739
136.6701 32.9847
136.5626 32.6672
137.9417 30.0659
136.4290 30.4851
137.8959 29.8940
136.4552 32.7965
139.0161 30.3447
136.5796 32.9018
136.4588 32.8193
140.7540 35.3166
138.8355 30.9644
136.9592 33.7135
137.5642 30.9837
138.7733 30.5684
136.1763 29.2602
136.3069 32.9878
137.9827 29.1843
137.3862 34.0054
136.0763 30.3879
136.1920 32.9675
134.5131 29.3345
139.3611 33.4960
136.9618 33.6894
136.9468 34.0554
136.8836 33.5191
135.8141 28.4837
136.7620 32.9712
140.7203 34.7656
137.2401 34.0947
137.4274 30.1524
139.0238 30.6249
136.2534 32.6808
137.4199 33.9771
139.1894 30.0027
137.1541 28.8289
137.4179 34.0302
137.7144 30.7267
136.3270 33.3834
135.8055 28.5546
137.6765 30.3989
136.7341 30.7718
136.0959 30.1543
138.2110 29.5302
139.5640 30.5595
137.2861 31.0996
136.0583 29.7472
134.9717 29.0325
136.6036 29.9750
139.4050 30.1548
136.3749 32.7562
139.1339 30.7113
140.1623 34.9966
139.4656 29.3413
126.8545 24.1050
130.3148 26.2460
136.9151 33.2963
130.5396 26.4039
132.8933 27.1193
129.9585 29.5117
127.5702 25.5774
132.8297 29.9572
137.0097 33.1348
139.4521 29.9111
136.3884 29.6040
130.9246 26.2853
136.3167 30.4415
139.2948 30.5956
138.1242 30.1592
133.1087 26.8839
141.5186 34.5612
132.6631 26.4403
135.3013 28.4915
137.2267 33.0127
129.8625 26.2503
137.7535 29.7656
133.6709 30.8523
137.8580 30.4537
133.4545 30.8028
139.2850 30.4894
136.8995 32.4971
136.3517 29.1364
138.6020 30.8821
134.4020 27.0225
133.8867 31.1064
139.3208 29.4836
132.3607 30.5680
136.0269 26.6183
135.8245 29.6570
136.5413 24.8949
133.4296 31.2922
126.6937 26.8408
134.7845 31.7031
138.4045 33.4730
132.2328 31.4416
140.6771 33.6239
137.8243 29.6927
130.9212 26.3429
137.3630 33.5364
139.2747 29.5398
136.2429 30.4637
132.9505 27.9763
135.5404 28.2062
136.9618 32.6145
139.3954 30.0171
134.6478 27.5203
137.9312 30.4035
136.0125 30.0029
140.8100 34.1585
134.6197 27.6685
135.4397 28.7654
130.3139 25.9178
138.0195 30.3484
132.2807 27.6225
137.9460 30.4091
139.2997 30.2290
133.9504 28.9807
136.8129 30.9135
137.4404 33.4466
137.2054 30.4446
133.9525 31.1329
138.0191 30.2908
135.1642 28.0935
131.1878 30.3780
138.0755 30.1431
138.1594 30.4112
137.1602 33.2803
137.8355 29.8608
139.6201 30.4354
137.8907 30.3848
135.7940 30.2850
139.0238 30.7179
139.1954 33.5358
135.2106 28.2157
137.1282 30.5495
138.5394 33.5336
136.5459 32.6510
141.2336 34.8816
137.9218 30.4233
137.9202 30.3895
133.5509 28.7202
134.6503 26.2542
131.8065 30.5304
138.4105 30.5585
134.0789 25.7908
130.6460 26.0406
137.9547 33.6595
137.4014 29.7286
137.8870 30.4389
132.0899 26.9434
137.3673 30.6311
129.0001 25.4785
132.3751 26.8060
132.7712 30.6739
132.7012 29.8012
129.1566 26.1140
136.4924 29.3228
137.0255 30.2935
136.7659 30.3188
136.4036 30.7139
139.0403 30.3047
137.8625 30.4020
138.2501 31.1236
137.9403 31.2221
139.2155 29.2447
136.9888 30.5606
137.0904 33.4374
138.2513 30.8321
137.4898 29.7397
136.9654 30.3088
137.3654 30.2909
139.2021 29.7414
136.7101 30.8437
137.1430 33.9763
137.7681 29.7995
138.9097 30.6659
136.9430 34.1412
136.6620 30.2824
137.0622 31.0617
139.5332 29.7956
136.7800 32.7528
136.7016 32.7695
139.6462 30.0791
139.3616 30.4460
137.4601 30.7112
136.1112 30.4868
137.4292 30.7138
138.7739 30.9622
140.3734 33.2335
136.8450 30.2166
136.7233 33.3267
139.1948 29.8788
136.7202 30.3788
136.9281 32.9538
139.1649 30.3416
136.5860 29.4590
136.4851 29.2752
137.2435 30.3616
136.4644 33.6188
136.1737 33.6278
137.5311 29.7656
137.2751 33.4936
137.2160 30.4739
136.7079 30.9385
136.4586 28.6498
137.6566 30.1900
137.0791 34.2326
137.7438 29.9984
136.9732 30.3173
135.9044 29.5066
136.8165 30.1965
136.6677 32.9438
135.8659 29.6343
137.4216 30.7410
136.7748 33.3115
137.8530 30.2631
137.6185 29.7860
139.3427 30.2672
136.4674 33.0253
137.0498 29.3747
136.3733 29.2593
136.7857 33.7048
137.3917 29.6011
137.4439 30.1841
137.3700 29.6493
138.9611 30.6733
139.0144 30.2850
136.2712 29.2909
136.7814 30.3385
139.1985 29.8974
138.1611 31.1627
136.1912 33.0050
136.5584 30.0835
136.0494 29.4480
135.9298 30.1144
137.1880 30.6882
136.7636 30.0564
136.2612 33.8104
137.8356 31.1929
139.0324 29.9840
139.3704 29.7937
138.4486 30.6430
137.7884 30.5786
136.9145 30.5403
136.5470 32.7235
137.0804 30.6433
136.7030 29.4623
137.6115 29.8479
136.4517 32.8776
138.9680 30.5786
136.8585 33.4790
136.5398 29.2900
137.2105 30.6835
137.4155 29.8710
136.2719 30.7281
136.2245 28.6628
138.0548 31.1853
136.1881 30.5753
138.8767 31.6444
137.9666 31.1899
136.7919 33.5520
137.8844 30.3752
142.3672 35.4800
136.7524 30.9928
136.5202 30.9332
136.6190 30.2308
139.0503 29.4300
139.1510 29.8074
143.1298 36.9685
135.8858 30.0170
136.5583 32.9088
136.6899 32.8528
137.7630 30.6157
137.6002 34.1342
137.3483 30.7076
137.1643 30.4679
137.7159 31.2063
140.4926 32.9863
136.2694 29.3453
137.2544 33.8286
137.5007 30.3243
140.4258 33.7139
136.7701 29.2823
138.1319 30.4755
136.0126 30.3329
137.6516 29.7672
136.9007 32.4507
138.5460 29.6693
128.8983 29.5713
136.3481 30.2788
137.6596 30.1014
136.4370 28.9631
138.6557 30.9056
134.2822 28.0112
134.9385 32.4135
139.8737 30.0461
135.7790 27.0632
133.1425 29.3617
134.1698 30.1217
138.3455 30.0994
136.3772 29.7213
137.3279 33.5831
136.2362 26.7314
131.9912 27.9524
136.9740 29.7251
138.8593 30.6667
134.5585 32.4588
140.3728 34.7597
135.0945 29.4304
131.5026 26.8465
135.0146 27.7570
132.9787 26.6474
133.6562 25.3336
138.7581 32.9250
136.1640 25.6855
135.7112 28.3079
128.4227 29.2877
136.8518 33.0181
125.9042 28.4803
132.8559 27.4289
125.6419 28.8777
133.1669 24.3267
135.9033 29.8351
130.9421 26.3558
138.3710 29.6167
134.1706 30.7337
136.3926 26.9336
134.2671 31.4493
138.2177 31.0058
135.0735 29.3300
135.9497 26.7196
136.0666 28.8784
139.3287 29.9411
131.4633 29.8839
137.3215 30.3527
134.9050 31.3393
138.8257 33.2901
132.8978 30.3222
134.6536 29.2096
139.6048 29.3573
134.6299 25.0682
132.2595 27.7253
132.5960 30.3043
136.6158 32.0979
129.2350 24.9268
127.5296 28.1724
134.9166 28.8750
135.0048 31.6198
139.9375 29.5558
127.7463 23.8327
128.6001 29.9518
134.8360 30.6949
132.8405 31.3127
132.7782 31.2993
138.3584 30.3158
136.6013 33.1268
134.8377 30.3660
134.8044 32.1641
137.9886 33.7204
137.6842 31.1431
134.4821 28.4495
134.2234 28.8684
134.5007 29.3746
135.1050 29.0593
135.8816 29.4059
132.2148 31.7178
132.6758 31.4025
134.6699 29.7345
135.3361 24.4084
126.4542 22.3516
128.2063 24.9458
135.8493 24.6401
129.5667 27.0555
134.9144 29.1509
134.6201 29.4934
136.2022 31.1685
136.1186 28.7204
135.0333 28.1586
136.0269 24.3643
133.8281 27.4373
128.3125 25.9047
135.3022 29.2747
133.2397 24.1652
134.1403 27.6631
128.2620 25.6216
135.5883 26.8740
134.2602 26.2574
133.1333 24.0860
134.7215 29.7690
132.4811 27.9477
136.3309 29.6685
131.4616 24.5267
135.6848 25.6122
136.3949 25.5056
128.0930 22.9339
131.8934 26.8049
135.8964 24.8818
126.4085 22.2516
136.6773 26.1220
134.8785 28.1570
135.5815 24.2758
134.4361 26.9486
136.4851 25.6899
133.6650 24.7329
136.4264 28.8510
136.6807 30.0193
136.8637 30.4517
134.9549 32.2121
128.9363 25.2073
126.2721 22.9423
133.1702 30.0427
134.8289 28.5523
134.3640 26.8864
135.7513 24.6878
134.2960 24.2556
131.1804 25.1693
130.1231 25.3168
135.8434 24.1579
135.7376 24.1599
135.6056 28.9768
136.0890 24.6579
136.1044 26.3524
134.5586 24.5109
133.1361 24.0035
134.3982 27.1239
132.5611 30.5839
137.0954 31.0661
135.7168 27.1272
134.6215 31.4762
135.0625 29.8773
136.3746 30.8158
132.9744 27.6442
129.5239 29.6863
134.0241 32.2757
135.0265 29.3489
137.2344 32.3289
136.8862 32.8812
137.7943 30.5950
138.4401 33.2408
136.7272 32.1490
134.1498 27.6050
136.9801 32.9045
129.2888 25.2536
132.7023 26.4359
134.9177 29.9712
139.0675 30.4285
129.6856 28.8185
135.0495 28.2575
139.6872 29.3768
135.6426 25.3142
136.9933 28.8230
134.4822 26.2278
137.1035 32.8605
129.1458 29.2988
133.7885 32.6470
138.2649 31.0202
137.0442 29.2333
127.5937 27.3015
134.4332 30.6618
139.4587 30.1796
131.5927 30.5875
137.2928 32.8617
132.3930 31.6415
139.8546 28.2257
136.8566 30.3008
132.8320 29.4143
137.1693 33.5190
134.5218 26.7012
133.3888 31.4796
136.1676 29.0767
137.4393 30.6996
135.0662 29.3205
139.0226 30.1711
137.0522 30.9198
134.3982 27.4788
135.9131 28.4315
132.1971 31.4289
133.6401 28.6338
139.7899 28.4854
139.4284 29.9211
137.5903 33.6965
135.9511 26.4924
131.2556 30.2062
133.4349 31.5102
139.7969 30.0686
139.2401 29.7025
134.4702 31.5325
137.9554 29.8949
139.7491 30.3727
136.3932 32.3842
139.6850 30.4038
135.2489 29.2199
137.0312 30.9200
137.3901 30.2721
139.5644 30.5402
136.7089 29.8800
138.4718 33.0990
133.2724 30.7019
138.4149 30.9517
135.0965 28.0454
134.8324 25.3654
134.2131 25.8540
137.9128 31.0428
136.1803 31.5615
139.5462 29.9384
124.4937 30.6058
134.8726 29.4716
140.5702 34.2561
136.9214 32.9293
136.2739 32.6785
132.8741 27.1065
138.7979 30.9308
135.2730 29.2321
134.4377 28.2597
137.0752 32.4184
134.9475 31.5560
136.0357 28.4868
133.9059 28.7886
133.3219 32.1574
134.2467 29.3409
135.6439 26.8377
128.5190 28.1504
139.8045 28.7389
133.6278 29.3990
137.0048 33.8194
139.4826 28.7917
138.1915 28.7851
135.2793 29.0791
132.9727 28.3397
134.0620 31.8913
134.0933 30.1131
139.8023 29.7388
139.2243 29.9589
134.4522 30.1330
134.9131 31.4941
138.0258 30.3264
134.3937 31.3468
127.4999 28.0582
134.0740 32.3758
137.5496 30.5051
139.0749 30.6754
135.1388 32.4358
137.4911 29.3787
133.7031 28.5076
134.2611 29.0544
137.9521 28.7759
137.7401 30.5955
136.3700 25.9930
128.9814 27.2245
139.3457 29.3185
137.6585 30.6610
129.5449 25.5632
132.4584 28.7670
134.0806 25.4078
133.4320 27.6722
129.3136 30.0436
132.6395 30.2093
133.6696 32.7198
131.9519 28.3408
137.2018 33.0316
134.9815 31.7066
136.2542 30.4502
138.6003 30.9190
137.9562 30.3708
135.5907 25.0211
138.3388 30.4639
135.0953 31.2846
136.2104 30.1163
139.6129 29.6584
136.4950 32.3575
132.7524 28.0991
136.0126 30.0292
137.5162 30.5348
139.1443 29.3449
131.9708 30.5889
134.0967 25.5368
135.6705 27.0163
134.0227 25.7676
128.8271 26.1553
130.9358 30.1678
135.9759 30.1640
132.8296 27.0836
139.2929 29.2175
132.8782 28.6437
137.4539 29.4188
134.1825 25.8317
133.8469 30.2201
134.7668 25.1555
134.6978 28.9178
135.8688 29.6444
136.3898 30.5415
138.2252 33.4921
142.1975 35.5343
134.7170 31.0243
136.5555 32.6615
142.3097 36.4798
136.7980 33.0759
138.9928 29.7134
135.3565 31.4009
145.7863 35.5730
137.5232 30.4654
138.9024 30.6799
138.6955 32.2821
136.8593 33.3982
139.7371 29.3524
140.1863 32.3186
139.1904 30.9233
137.2706 30.2987
137.8346 31.1819
135.1006 28.0205
136.6888 29.9807
134.5517 26.1454
142.6750 36.2895
137.6057 30.3659
139.2191 28.9808
137.6584 30.1137
135.5074 32.5281
139.3088 31.6585
142.1621 35.5819
138.9453 34.3758
139.3898 30.1080
138.3419 31.1101
139.7090 30.1370
136.0394 30.5269
132.8367 31.1648
135.6494 33.2175
136.7037 32.6378
137.5140 34.1450
136.6896 29.6866
138.2085 29.1883
127.9877 25.0316
144.6015 37.4328
133.7993 32.3586
136.9645 33.4304
139.3530 30.3387
143.6411 35.2129
144.2242 36.3942
123.1081 32.4683
145.8223 36.0451
139.4341 29.6890
136.5251 30.5872
139.0873 29.9778
137.7453 31.1703
136.7537 33.1767
143.8022 37.2661
138.9389 30.5727
137.0473 32.8710
133.7016 31.7634
135.2689 32.6197
139.0955 30.7968
145.4998 36.0813
130.9070 29.7328
139.1267 30.1779
136.3193 32.6266
139.5808 29.4742
140.0104 30.0802
137.1597 29.7142
139.1723 29.8767
136.7700 29.4178
134.5891 33.6373
137.6772 29.8020
136.8052 33.2839
141.8535 35.5374
138.8204 29.4797
134.7415 30.7983
141.8547 35.5159
136.0551 32.8429
143.8729 35.5436
136.1921 29.5571
139.3608 29.8057
135.0805 31.7237
147.5392 35.7391
139.4200 29.7477
136.4902 33.0060
138.6534 30.5909
136.6093 29.8387
137.6242 30.6724
130.9287 29.9678
138.7205 30.2165
139.2463 30.1003
145.4653 36.8528
128.8335 28.8153
139.0870 33.5059
133.3355 30.9351
132.4854 28.2647
132.7749 29.4913
134.0886 31.5190
133.6005 31.0320
129.3632 29.9558
134.4893 28.7449
133.8044 31.0857
131.6800 30.6316
132.3098 30.6142
133.7371 30.9955
137.9126 30.5571
133.0275 30.7852
137.3755 31.0820
135.6282 28.6309
138.0954 33.5976
132.7290 31.4935
130.8843 30.0159
135.4287 31.5376
130.7529 30.0406
137.5011 33.2308
133.6919 30.9504
134.1314 31.7858
134.5046 30.6142
140.9862 35.4633
135.0883 29.9206
137.1253 30.6893
133.5604 30.9394
134.1388 27.9668
136.4106 32.9492
139.3696 30.6828
134.4638 27.4665
135.9870 28.5539
138.6865 34.5116
132.7331 31.4051
129.2004 25.4794
134.7182 27.9974
134.9051 31.2795
133.3337 29.6484
136.4877 28.7115
134.4312 27.3391
134.3317 32.3894
129.0344 26.3021
134.5229 28.5849
136.1882 29.6583
132.3518 30.6416
133.0297 30.8997
138.8180 30.4213
139.0999 33.2323
139.0741 32.9827
137.3991 33.9049
134.1219 31.8082
138.0240 30.1776
128.3128 27.8535
133.8856 31.2185
134.4102 26.7463
134.6619 28.2614
139.0225 30.7710
133.8692 31.2698
132.0593 30.5973
134.5392 28.3327
136.4552 32.6863
139.2279 33.0951
136.6780 33.5634
133.7288 31.0196
134.4353 26.2075
139.0266 33.5109
133.6479 30.9013
136.3675 29.4328
137.7473 29.8672
131.2134 30.3178
136.6554 33.3340
136.9077 33.0669
134.9477 30.6021
134.9072 31.7366
135.3196 28.4579
134.6904 28.2335
137.5048 32.2537
139.1554 30.7868
136.0249 30.2472
134.7131 27.8354
133.6130 30.9432
132.4829 31.3469
132.9323 26.4585
132.9594 28.1080
135.2460 28.6048
137.4354 33.8057
135.8343 28.5215
134.7257 28.8382
134.3938 27.3921
134.8471 28.9906
134.9489 28.0682
134.6462 27.7578
137.1469 29.3748
133.5875 30.8165
139.3095 29.3351
133.7092 31.8593
134.4652 25.7105
138.4028 34.0683
136.3618 28.6044
134.4036 26.8471
133.7217 28.6274
142.4551 35.6064
132.5968 31.4106
133.7271 30.9581
133.8683 31.1757
131.0885 30.2814
133.9597 25.6616
133.8829 27.6732
134.6831 28.0068
127.9461 26.2236
136.6487 29.3372
139.4686 29.9949
137.2191 29.2534
139.1474 30.6660
134.3398 27.0978
134.8632 29.3554
135.1379 32.0988
128.0333 28.3977
138.8201 30.8150
134.8481 29.6316
133.5851 31.6965
134.1377 27.6969
135.0589 30.9759
135.2990 30.5343
138.2104 28.5216
133.2278 28.4259
134.7465 28.9124
131.2450 30.8275
134.7339 29.5571
135.0405 28.1138
138.7720 32.0625
138.4708 30.3508
139.3113 30.4759
135.3951 28.9853
136.5721 31.8998
135.0417 28.2644
134.0309 29.2376
139.5049 29.8200
131.1966 30.7556
128.7914 28.8572
134.9516 31.6811
133.3948 28.5099
138.0565 29.6184
128.6881 26.4731
137.3669 30.2932
135.5527 26.9249
127.7254 28.4902
131.4183 26.0689
136.9915 29.2000
134.3374 27.1853
133.4212 27.9811
134.2903 27.6962
133.5876 27.6888
139.7919 30.3012
133.4714 28.6154
133.0219 27.4001
133.8438 28.9538
132.1874 31.1331
132.4939 26.4224
134.8522 31.7908
137.7860 31.1113
136.2810 26.0534
131.5818 26.7557
130.9105 28.2420
126.9591 25.5336
139.1730 30.1627
135.7488 24.9689
129.5739 26.7455
130.9340 26.2013
134.5500 32.3202
134.0555 29.0661
136.3702 29.1574
132.8976 28.1949
135.3499 28.5680
137.3372 30.3237
139.6144 28.9563
132.9816 31.5463
134.6122 29.6183
131.1760 31.0661
138.8632 30.8011
136.4659 30.0836
139.2780 28.9055
133.7232 25.6804
137.1051 33.5313
139.2513 30.6296
136.9776 32.6403
137.1085 33.1137
137.0549 32.5531
138.5441 30.9489
137.3565 30.2766
135.4649 28.8656
132.5019 30.5906
133.9431 31.2613
137.4550 28.8466
139.3122 28.9392
136.4494 30.6472
137.1809 33.0814
132.6624 29.3868
133.3341 27.7130
136.4922 28.4144
134.9649 27.8920
134.4687 27.4814
136.5617 33.0203
138.3472 29.4875
127.8828 27.5957
139.6130 29.0028
134.3396 31.6732
131.7497 26.1407
135.7613 28.6591
134.2472 25.7441
136.7373 32.2917
134.4634 29.2672
139.4721 29.8547
131.9518 31.6560
135.4982 32.4876
134.8921 29.7990
133.8745 25.4812
137.0517 29.1365
137.7484 34.1242
140.8681 34.0564
134.1950 28.3065
132.8302 29.2233
133.8908 31.1581
137.2335 33.9077
132.7453 28.7462
132.6163 26.8453
136.8329 33.5289
134.0389 32.9288
131.3765 30.4373
134.7744 32.1633
136.7021 32.3732
136.6705 32.5042
135.0704 31.6702
134.0344 29.2436
132.8970 29.3722
137.9297 30.4746
135.3680 28.5077
132.7465 28.0685
137.4887 31.1659
140.9719 34.9619
135.6545 28.9802
134.2637 30.2054
135.9542 29.8835
134.8621 31.0175
133.9708 32.2261
133.6371 27.6518
139.7943 29.3682
134.4453 30.3994
138.5251 30.6851
136.8545 32.8568
134.6350 28.6941
139.0670 30.8138
136.3582 29.2553
133.7883 31.4280
136.1426 28.6486
134.0451 25.5722
139.8057 29.5083
127.0118 26.8762
131.0424 30.2065
138.4875 30.9701
133.8449 31.2032
134.2084 30.0661
134.4060 25.8261
133.9202 30.9602
129.9632 26.3356
136.7171 29.1427
134.2440 27.3840
135.6508 28.5781
139.8177 30.1442
135.0058 32.1139
134.1372 32.0856
137.6482 30.4293
137.9726 30.6370
134.5592 28.2108
136.0636 29.9315
138.1669 29.3214
135.4786 28.7160
139.3413 29.3619
134.6001 25.1680
131.0097 30.1553
136.2966 32.8995
134.2356 29.0528
135.0112 29.5983
136.8411 32.2709
139.4088 29.5725
134.1648 31.0216
131.6114 30.5793
129.1565 26.3556
133.5783 31.1029
133.7771 29.8189
134.6726 28.2116
134.5972 25.1717
134.7282 32.0177
136.9500 30.2145
131.2264 30.3401
133.5876 30.9947
132.7825 32.2304
135.5216 28.4904
135.2483 28.4089
135.2709 24.7515
134.2766 31.2697
139.4294 30.1937
134.3940 25.9151
138.1648 31.0590
139.1271 29.9101
139.9696 29.7486
135.1953 29.8489
128.2687 26.2387
134.7690 31.9469
136.6583 30.8333
125.9712 29.1850
127.9729 28.3749
128.7341 24.8088
136.1167 30.5574
128.1881 26.0279
133.0984 27.3162
139.6013 30.1699
129.0663 29.0969
139.0857 30.5435
134.2617 27.1623
136.0160 28.6857
134.7552 28.8978
137.2526 29.4165
134.3918 29.5769
128.4082 28.6494
128.4288 28.5867
134.1846 28.0978
138.3476 30.5077
133.9217 31.1746
135.2730 31.1825
133.1808 32.0797
139.6318 30.2346
134.2835 32.3134
139.4414 30.4914
134.7946 29.6221
132.1125 26.5962
139.2850 29.5700
139.4408 29.9507
139.4305 30.5622
134.9308 29.4731
137.8738 29.7085
133.9235 32.4839
134.8850 30.6853
134.5695 31.2628
139.7980 29.6041
134.3916 25.7992
132.8803 28.7528
135.7587 33.0174
127.7636 28.5042
134.5131 27.4701
136.2699 25.9604
134.2159 30.5912
136.8609 30.9375
137.6521 33.7825
131.7587 26.4397
137.4140 33.1867
136.6662 32.3148
128.3934 25.6250
134.4171 27.6220
138.3326 30.5516
138.4973 30.6253
132.8088 29.4926
132.5077 26.5055
137.2280 31.0124
132.8483 27.0298
129.7946 30.1227
138.3523 30.0501
128.6397 26.3369
131.2196 30.8635
134.4717 26.6828
131.2947 26.0425
136.2924 28.8968
139.7221 29.6611
134.1149 28.2976
134.8277 31.0612
134.4386 28.9108
135.4425 28.1637
134.4195 30.4750
131.2044 30.2454
136.9101 30.8635
139.6628 30.2780
134.7938 28.2310
137.8014 29.7297
134.5554 25.8831
133.4283 32.2141
130.0882 27.1036
136.0341 29.3867
135.2056 31.6685
137.6168 31.0042
134.5929 25.7585
139.9673 30.2562
137.1650 32.7176
134.1364 26.7596
139.3045 29.1287
131.9770 28.8245
134.1813 30.6635
126.4791 26.9719
134.7021 30.5357
132.4158 31.3131
134.7070 31.7243
139.3472 30.6733
138.1210 28.9571
136.4529 32.2441
134.5977 25.4207
134.0109 25.0619
130.6690 25.8378
134.1120 28.2026
137.0666 30.3392
136.3733 31.7872
133.4388 30.0849
128.8417 25.5508
134.4228 27.2872
134.7039 28.7917
137.9790 29.9435
134.2317 24.5126
131.5515 25.7340
137.5038 31.1677
133.2468 29.6707
139.3114 29.9619
136.4276 29.3003
137.5230 34.0000
136.9603 33.6178
133.9041 26.0102
136.7742 30.9693
134.7822 28.6895
137.6009 33.3999
139.5098 29.8445
134.1288 28.5540
130.3528 26.0876
134.3149 27.4959
134.7168 29.5415
137.3822 32.8890
127.9398 27.4389
134.2920 31.5636
135.3719 28.0644
135.2554 29.8169
137.3837 30.2805
135.2732 31.8470
135.7515 26.9661
136.0606 31.6853
133.4602 29.8716
131.5330 25.6937
135.3879 30.6896
139.5255 30.4366
135.0810 28.8127
131.3686 28.7563
137.5201 31.0900
139.8635 30.2331
135.0753 29.1867
139.0717 30.4703
139.5432 29.3608
134.6252 31.1855
139.1888 30.7334
133.1117 31.5307
133.2765 29.5251
133.6462 31.7327
137.5447 28.7513
139.0812 30.4057
136.7657 32.3380
138.5075 30.7584
136.2146 31.5601
137.2249 33.6454
136.2973 28.2417
133.7832 25.8172
134.5596 25.3672
134.9844 30.1302
136.9474 32.4826
138.5968 30.5406
134.6547 26.0547
132.6692 26.7385
133.3414 31.3825
134.0198 32.3552
138.1184 30.3253
137.8859 30.4440
132.8256 29.1319
134.5266 27.2677
135.0581 31.0676
136.2633 32.5714
137.9818 29.8443
138.3402 30.0350
135.4886 31.8933
138.4809 28.8098
134.7286 30.8286
134.4795 27.3532
137.0756 32.7118
132.6290 29.3461
134.8503 30.5046
138.0254 29.6066
135.0148 31.6579
139.2891 32.5720
139.5688 29.5909
139.7237 29.7129
130.9653 30.1119
134.2909 25.4248
132.7908 30.6253
138.1035 30.4911
135.8696 28.1672
136.0298 29.4270
133.5899 30.0322
135.9593 30.0539
135.9068 30.2042
133.8501 30.3253
139.2436 29.7622
131.4145 26.0680
137.7805 31.0359
138.9098 30.3401
138.5197 29.4067
134.2296 31.5135
138.1673 30.2477
136.4058 31.8681
134.4853 30.2823
134.4687 30.2189
136.5727 31.9206
135.7899 29.8299
136.3403 28.2917
139.2523 29.6999
133.5558 29.6842
135.5447 28.2079
137.7603 31.0521
128.5394 24.8126
139.0416 30.6799
139.4908 30.1880
136.6874 28.4025
135.0241 30.4218
138.8929 30.7597
133.7775 29.8026
138.9916 30.7761
138.8648 30.3589
133.0240 26.8738
139.3263 29.6834
128.8371 24.8220
139.6847 29.5863
135.3189 28.0928
137.4099 33.2488
137.1598 30.4728
137.9122 33.5388
139.7965 29.5794
138.4937 30.8816
135.6977 28.3629
136.0650 29.3937
137.0654 32.4291
138.4010 28.9868
139.8386 29.6092
133.0045 31.4359
132.6286 31.5231
138.7718 30.4583
136.3164 32.0924
133.7094 30.7728
133.0993 26.5576
139.5510 30.0930
139.7877 29.6155
135.2953 28.0243
136.5248 29.1126
135.9610 29.7014
134.6591 28.4652
132.5301 29.0770
134.5332 30.6448
132.6419 30.6276
130.9687 29.9745
137.3952 32.9081
135.8304 29.7610
139.4337 29.4883
133.9965 31.2199
134.5987 30.3756
135.1479 28.0250
138.7419 30.8114
133.9570 32.3243
137.6631 29.5343
139.1864 30.6459
137.6507 30.7178
132.7704 30.6031
137.8304 30.4478
135.2814 28.1150
137.0564 28.5480
139.1589 30.5557
136.0657 29.3120
138.6697 29.9992
138.4894 30.9239
137.2985 33.1796
136.9864 30.9268
136.9838 32.3749
137.7668 29.6092
134.8035 28.2257
131.8659 30.5051
131.4066 30.4221
138.1914 30.1702
131.1379 30.2847
134.6575 30.3147
132.3672 31.2469
128.3349 25.2893
131.8749 30.5060
136.1132 30.1313
137.7159 29.5786
136.7266 30.8059
135.8154 28.1968
139.7288 29.7645
134.5550 28.8646
136.1823 30.4378
133.0393 31.2306
137.6320 29.4982
124.4807 28.8961
135.5961 24.8212
134.5677 27.2563
135.4160 28.4625
133.8186 32.3664
134.8785 28.3726
139.5558 29.8679
132.2292 28.1083
134.2631 28.2829
141.2452 33.9017
137.0804 32.4663
134.0983 27.9131
135.2316 26.7535
139.6184 29.6213
134.9894 32.2817
134.4266 29.2720
134.4102 28.6373
134.6855 25.1002
134.9011 32.1473
134.4678 25.3793
126.7209 27.1478
134.7691 32.4301
133.2679 28.5728
133.1870 27.3500
126.3881 28.2824
136.1391 22.1087
134.4377 30.0681
137.2602 33.2086
137.9941 28.7903
134.1392 25.5393
136.6621 29.4394
129.5557 26.2944
137.2923 32.7540
132.4438 27.8386
134.4847 27.1107
135.0904 24.7052
135.9212 32.6358
134.4034 27.4711
129.3269 25.0442
135.3313 30.7494
129.7043 26.4705
125.8538 25.5705
129.2670 30.4247
138.4658 31.7499
134.4312 25.1316
134.9256 30.2932
132.7900 25.5280
133.7035 25.8765
135.2561 31.2540
127.9182 25.6763
132.1966 30.3312
136.3855 26.9822
129.8310 26.3219
134.5901 26.1237
138.7920 30.2048
138.6258 30.7814
133.4740 27.7608
138.3825 30.6491
136.1239 30.2143
131.3303 27.1975
132.0637 30.6793
133.4124 28.3423
131.2430 30.2730
134.3348 30.2998
133.1361 28.9850
127.4944 28.0920
137.0780 27.3649
133.0621 26.5784
130.8660 26.7701
128.2844 26.0550
127.1034 22.9634
136.7130 30.2387
142.8303 36.1510
136.8525 29.9666
137.5963 29.9682
138.2387 30.8064
135.9625 29.9281
140.2475 34.2842
136.4410 32.7583
139.0115 30.2188
136.5208 32.7601
136.2757 29.2274
139.6335 30.0602
139.5944 30.2226
136.7314 33.4647
136.9707 30.8520
136.8493 33.2916
136.3764 32.8063
136.3395 33.4504
139.5796 29.6163
136.2786 32.9873
137.1040 28.8317
139.0220 30.2204
138.5361 30.6659
136.8211 33.2540
138.6253 30.6026
136.1380 33.3950
139.7285 34.3190
136.6981 33.2119
136.1789 33.1792
137.4121 29.8641
136.3830 32.7681
137.2588 34.0986
136.9868 30.9068
137.0648 30.1166
138.9743 29.3292
142.8531 35.8797
136.1830 33.2860
138.4976 30.6832
140.5935 33.6337
136.2009 33.1877
136.2539 32.9879
136.6172 32.7492
137.6198 29.6186
136.3549 32.7731
138.7381 30.9949
137.6208 30.9644
136.3692 32.9210
143.1884 36.8831
137.2786 30.7323
138.7632 30.7463
139.2807 33.8016
137.5820 29.1186
136.2114 33.1204
140.4090 34.3298
136.3887 32.9068
136.7826 33.3281
142.7346 36.5013
137.5270 31.0675
136.1846 33.2948
138.1797 31.0181
136.3562 32.7057
139.4804 29.4848
139.0501 30.1318
136.5240 32.7552
136.9084 28.7482
136.7323 30.7162
137.2846 29.3882
136.2294 33.0620
135.9803 29.4986
142.8004 35.8612
136.7924 29.9029
141.3388 33.3365
136.7481 30.7639
137.3154 30.9931
136.1920 33.1908
135.9756 28.9308
142.4882 35.4166
137.3003 33.4256
140.7334 34.2822
137.0080 33.0053
136.3502 32.7756
137.0680 34.2179
136.2817 32.9613
137.2839 33.3825
138.1397 29.3036
137.5013 30.0687
139.7376 29.8282
136.9128 29.5128
136.5073 32.7087
142.7548 35.8876
136.4537 32.8714
136.9062 29.8482
138.3804 29.7616
136.6249 30.6904
137.3537 30.7886
137.1638 33.7617
136.5770 30.2462
137.2771 34.1309
142.7525 35.7849
135.5511 28.5596
139.3039 29.2332
140.4136 34.2523
137.5351 30.0275
142.6397 35.3541
138.7464 31.0165
136.6801 33.3930
137.0130 34.0654
136.6148 33.9800
136.2817 33.3193
137.3521 34.3498
136.4281 32.7220
136.9250 33.9849
136.7466 30.3465
137.2428 31.0320
136.6109 29.1407
136.3559 30.7408
138.0513 30.1859
139.0484 29.9378
136.3289 32.7319
142.8123 35.8940
136.2755 33.6301
139.2735 29.1996
136.1936 33.2521
136.2902 33.6111
136.5823 29.8086
136.2087 33.5959
137.2558 33.6303
136.3668 32.7577
139.6008 30.2355
138.8492 30.4319
136.4663 29.1866
136.3291 32.9396
139.6526 33.4880
137.5315 34.5494
136.9627 28.8117
136.8966 33.9462
136.3563 29.1965
136.5199 33.9260
136.5904 32.7118
137.1273 30.9490
141.8738 35.4702
136.2950 32.9176
142.8739 35.5926
139.0108 29.3011
137.9886 30.0721
139.7941 33.5680
139.0585 29.8967
136.1076 29.3519
139.7118 33.4963
136.4100 30.2236
137.0585 30.6809
137.4002 34.0623
136.7863 29.3520
137.2120 30.4520
139.0606 30.0467
136.8961 32.8157
137.6631 30.7493
137.0985 33.8004
136.1630 33.2275
135.8814 29.6283
135.6655 29.1713
137.4358 29.8920
137.8136 29.8266
139.5820 30.2663
138.5374 31.0918
136.1153 29.3690
137.9237 31.0753
142.2414 34.9042
136.7079 33.5701
137.1786 30.2445
136.7786 33.5235
138.5863 30.4367
136.2135 33.1255
137.0958 33.0085
136.7957 30.7504
136.7477 33.2428
137.6107 34.0175
142.8305 36.4490
136.5380 30.6010
136.3627 29.2251
136.3802 32.8693
139.0627 30.1657
136.0090 30.1029
143.1390 36.5456
136.7953 33.3883
137.5783 29.9673
138.7980 30.4480
136.1232 33.2560
136.4392 29.9249
137.3129 31.2143
138.5627 30.8851
138.6214 30.6270
137.5848 34.5645
139.4334 30.5837
136.5208 33.7505
136.6674 33.3710
138.0673 30.1728
137.4798 29.9928
136.3690 32.8873
137.0424 30.6943
137.8332 30.6855
138.8145 30.4384
137.8518 29.3146
136.5222 33.8659
136.2332 32.7489
139.6243 30.0687
135.9968 30.4532
137.2227 30.4587
136.3076 29.4062
142.8781 35.6417
138.0899 30.6193
136.3179 29.3611
138.9750 29.5502
137.4529 34.0725
139.7276 29.8126
136.4306 32.6919
139.5418 29.5171
136.3492 32.9739
136.2081 33.0902
136.3009 32.7342
138.6216 30.8610
136.5983 32.6680
137.1914 33.6928
136.3815 32.7537
136.2653 33.0007
137.9484 30.0208
137.5443 31.2524
142.4854 35.9666
136.9117 30.0225
137.1059 30.4428
138.2539 30.7934
136.0852 30.3279
137.2658 29.8015
137.0258 29.5494
137.4850 34.0216
141.6600 34.4605
137.1112 29.2828
137.9677 29.2191
137.9428 29.4157
136.7223 33.9275
136.2272 33.0135
136.7146 33.1717
137.2077 33.9653
136.8267 29.9214
136.4321 29.8388
136.3699 32.6734
136.5158 32.7093
137.1113 33.0483
136.7001 30.7305
136.6532 28.7143
136.7859 28.6911
136.8397 29.9137
139.0264 29.8778
139.3362 34.9410
141.9981 34.7718
136.8336 29.9498
139.2427 29.1798
136.7546 33.2025
140.2977 33.5171
138.7771 30.4813
137.0707 30.1346
136.9410 30.9037
138.9984 30.2663
138.5150 30.0065
138.8280 30.4354
136.5359 32.6845
136.6219 29.1264
136.3015 28.5775
136.3195 33.5067
136.4439 32.6900
146.2819 35.9485
144.5325 35.6200
136.1634 33.1650
136.3628 32.8601
138.5793 30.4670
137.1469 33.7428
137.8382 30.0379
137.1370 30.1494
136.6721 33.8840
136.6942 33.1526
142.3838 35.0469
136.5047 32.7134
137.2848 29.6932
138.9767 29.3435
138.8029 30.4484
136.1354 29.3349
139.1905 29.2013
139.5448 29.9151
138.2220 29.4471
136.1969 33.4673
137.1833 34.3271
141.7023 35.4343
136.1794 33.4196
138.3346 29.7230
136.5347 33.5200
138.2710 31.1820
139.1590 33.7975
139.2711 29.1988
137.3044 29.3744
137.8966 30.7533
136.7711 33.8644
139.0589 29.9467
137.1416 33.1884
138.9754 30.2632
137.5961 31.2616
136.8584 30.6239
139.0082 29.3196
136.5600 33.1171
139.2926 29.2432
137.8200 29.8370
136.7446 33.1889
136.9356 33.9456
142.7528 36.1582
137.2787 30.1725
136.4360 33.8051
138.1432 29.3920
136.3826 33.3907
137.5446 29.9845
136.3015 33.2641
138.1801 29.5439
136.1883 33.2269
136.3329 32.9230
138.5167 30.3247
136.2294 32.7158
138.5766 30.3059
136.3933 32.7885
139.0658 30.1302
136.2817 32.8818
139.1095 30.1270
