132.8575 28.7187
134.2003 27.5774
133.5416 26.0767
139.5673 33.1811
138.4134 34.3040
132.1277 30.9769
132.6927 30.8489
134.5212 28.0153
137.4084 30.2957
127.3305 27.5565
136.6749 28.3994
137.1035 33.7944
138.0479 29.6745
131.5409 27.1107
136.6437 28.6460
133.6382 28.5307
136.2544 29.2710
133.6750 32.3288
132.1814 32.1493
137.8641 28.8934
132.1331 30.9546
134.3536 29.3340
135.6530 29.4280
136.7010 30.5387
138.3481 29.3263
135.3668 27.9838
133.8438 32.2710
136.5343 33.7419
136.3253 33.1286
134.9069 27.8586
138.1899 29.1102
139.0977 29.8468
135.9068 28.4597
139.0809 29.5603
137.8344 30.3022
131.4788 27.0393
138.3716 29.7651
138.3634 29.0163
133.5472 28.5284
138.6653 29.8122
138.1505 29.9756
134.9487 29.6112
135.2002 28.6704
133.4507 28.5827
138.3034 29.0024
134.4534 27.8614
136.1757 33.0708
138.2333 29.6931
136.7128 28.6020
135.0858 27.5783
136.7411 33.1021
132.2857 30.7276
132.5991 32.2504
137.0822 28.6249
130.3589 26.5281
137.3732 28.8408
131.9214 27.1326
136.2801 33.1890
137.2250 30.1171
132.8532 25.9965
136.8330 32.6998
132.6619 30.9186
131.3709 30.1942
134.0692 29.0058
131.4429 26.5769
138.6490 29.7505
136.0114 28.2400
136.5913 30.4079
133.6225 32.3105
136.6115 33.3357
135.8465 28.3890
133.2762 32.1104
133.8788 26.3820
135.9163 28.1875
133.0114 28.2936
134.0594 26.5416
138.6615 29.2453
135.1383 28.9318
133.4960 27.6419
138.6560 30.0677
132.8724 32.2342
131.2367 27.5001
134.4288 25.8599
134.6612 29.3951
133.6918 27.1290
139.1597 29.9190
134.3617 27.1745
134.2844 27.1793
132.5551 30.8470
136.1967 28.9954
132.1693 30.6471
127.6987 27.7384
135.2704 27.8081
137.7247 30.3643
128.9136 29.1907
137.3171 28.7172
134.0098 27.0934
138.9117 29.5464
135.1690 29.1633
135.6395 27.9719
133.7813 25.5515
134.4300 27.8051
138.4021 29.6647
132.7424 31.0493
138.8433 30.1394
133.5978 26.6677
135.9947 32.0102
131.7277 27.1574
133.9624 25.7206
137.3235 30.3167
133.9732 30.7482
133.0569 32.2630
134.5047 27.5861
138.0715 29.9646
140.7940 35.2861
134.3024 28.8846
139.5211 34.9134
136.3069 33.1759
135.4407 28.0378
134.4578 27.0681
132.6407 32.2931
133.5634 32.3115
137.2305 30.2568
136.8703 33.0199
138.3680 29.4885
134.8777 27.4870
132.8436 28.2283
138.9491 29.5249
133.0366 30.8114
132.6920 32.3127
132.9039 32.0669
136.2981 29.0960
136.4351 33.3420
135.1960 28.5460
134.9426 27.6328
134.3777 29.5918
136.7049 30.2479
135.1074 29.0948
137.8328 30.0205
134.1328 28.2788
134.7794 27.2554
134.3116 28.0969
132.3038 31.6360
135.3645 30.3669
135.8914 28.3240
134.3866 28.9803
133.6730 32.2696
138.9364 29.2711
138.7267 28.6239
133.5373 25.4466
133.7201 27.1876
136.9386 33.1124
136.2907 28.3650
132.7216 30.9090
132.7116 31.1234
132.4286 32.2887
136.7920 28.9012
132.7704 32.2568
136.6003 29.9255
133.1241 32.3831
133.3871 31.3468
132.6562 30.8765
131.1406 27.4880
131.9221 31.6177
136.5860 28.4220
133.4434 26.3506
133.1200 32.2873
138.6462 29.9869
136.2885 30.1558
141.6309 34.6264
133.8388 29.2060
133.5764 32.1972
133.3886 32.3839
139.0062 29.5933
138.4413 30.0775
131.3805 27.2437
136.7325 33.8048
134.0268 32.3574
138.3334 30.0228
134.6103 31.0282
133.5059 32.3090
130.6644 28.4953
136.2327 33.3162
135.2101 29.0458
134.5987 29.0984
134.2808 28.1771
135.2418 28.0220
138.2011 28.5100
136.6388 33.8780
133.7204 32.5389
133.7884 28.4248
138.1320 29.8309
133.3536 32.3029
131.7262 29.7505
137.9872 30.0697
134.1773 27.3720
138.8116 29.4610
136.8283 32.2347
138.7498 28.6591
138.2998 28.8864
134.5759 29.1425
136.3669 32.7712
131.4060 30.1007
132.8104 31.0315
138.2411 30.1281
137.5867 30.0428
132.6764 30.7712
138.4122 28.8489
138.9222 29.4544
134.0143 28.2610
133.5625 28.8761
138.3837 30.1288
135.2581 29.8764
134.6376 27.4524
130.4067 26.0176
137.5652 30.2222
136.7852 30.3199
133.5756 32.2366
136.4693 33.4330
137.7681 28.7520
136.3829 28.3031
132.8946 31.5522
136.6419 33.6313
138.4190 29.4744
134.1160 27.3160
135.5281 27.8239
129.5047 25.2377
138.2896 29.8384
134.1744 29.0507
138.8231 29.1944
133.6808 28.9711
136.4485 33.5585
134.1474 27.3116
130.0110 25.6657
137.0589 30.1260
136.2877 28.7124
134.7592 27.6800
133.5447 28.5697
138.2271 28.7686
138.1811 30.0642
132.5205 32.2686
132.0757 30.9675
137.9452 29.9356
127.3046 28.0463
140.3582 34.3046
138.4051 29.0981
136.6517 32.2801
133.7047 25.9508
132.7237 30.9537
130.1711 25.9795
133.8605 32.5591
132.6727 31.1939
134.5977 27.5343
135.0632 28.1277
131.9717 31.3766
134.6766 27.6499
133.3496 26.5979
136.4837 28.4570
139.0526 29.7606
132.8672 31.5041
131.9624 31.2852
134.9321 28.8188
137.4949 30.1622
138.2702 30.3382
137.6023 30.2117
136.5146 33.4084
136.6358 33.4794
138.7818 30.0184
134.6195 28.8000
134.2946 27.0670
135.6634 29.1754
133.6263 32.3061
134.3529 27.2622
132.7596 32.1721
133.2825 28.5706
138.0502 30.2565
138.4121 28.5482
135.6541 28.3830
133.6681 26.6183
132.4361 30.8894
138.9657 29.4279
132.1573 27.2880
136.2571 28.5812
134.0297 25.7974
134.5900 27.8991
133.6624 26.3223
130.3940 26.3557
135.0452 30.2892
136.3754 28.5147
138.8264 29.1815
140.2723 32.5678
138.6317 29.1932
138.7596 28.6977
134.3739 27.1258
138.9986 29.6672
131.8470 26.9808
136.8545 30.1763
130.4721 26.0627
133.4508 29.3202
132.9228 30.9746
133.1357 32.3384
137.3192 28.7150
133.2751 31.1248
136.5968 33.4365
137.1908 30.4796
132.4188 30.8598
135.2741 28.3921
132.2558 27.5793
138.8878 29.2376
136.6646 30.0284
130.1501 26.5408
138.7072 29.7371
136.3337 33.4659
132.4891 30.8866
137.4127 30.3468
133.8508 25.8126
130.4446 25.9140
133.4686 29.6661
133.9892 28.0579
128.4355 26.6717
137.7832 30.4152
132.9798 32.0479
136.1545 33.4274
138.5315 29.1471
138.7290 29.9891
138.5400 29.6140
133.0372 31.9874
138.3736 30.0399
134.1454 27.1787
138.9017 29.3773
137.0903 30.3791
137.6434 30.3509
134.4016 27.3947
133.2483 31.3173
134.0779 30.7281
136.4147 28.4691
134.0246 29.0666
134.2053 27.6330
136.7316 33.1724
132.8466 28.1517
132.9868 31.2849
136.6395 30.2244
134.6212 28.9937
133.9096 26.1474
128.0929 26.8804
133.4584 26.2484
136.3411 33.2366
134.3495 25.9580
132.9890 28.7396
137.3982 34.1407
137.1779 30.2315
138.4890 29.7111
135.2508 27.6436
136.5947 33.5257
137.5044 30.2154
138.9594 29.9419
138.2585 30.1604
134.8926 29.1147
137.3953 29.8097
138.4059 29.4361
136.4160 28.4687
133.8411 32.5791
136.5423 33.3723
126.8572 27.2145
131.8896 29.9597
132.8668 32.1473
138.3604 28.7549
133.7070 32.1881
136.8770 30.2212
133.3112 32.3372
131.9152 31.6802
136.6676 33.4331
137.2337 30.2987
138.3668 28.8704
137.6517 30.2417
138.3521 29.7662
136.0371 28.1648
134.8473 31.1577
128.9043 26.6593
137.7209 32.6612
136.0144 32.8800
133.0516 32.3987
138.4286 29.7777
139.1942 29.5469
136.7735 33.4264
133.4725 28.2812
135.2048 28.2930
132.6844 27.7359
132.8755 28.0160
135.3513 27.8881
132.2765 28.0002
133.4760 26.9458
136.7395 30.3196
135.9870 32.6881
132.4493 27.9197
138.7460 29.7856
133.6378 25.3372
134.0525 26.2768
133.8150 32.2952
132.6259 28.1742
130.6003 27.1285
138.4904 29.7526
138.3933 29.2836
138.9137 29.3536
134.0553 28.2365
133.6721 28.1719
137.1984 30.2440
132.4105 30.7913
136.4194 33.4028
138.4625 30.1979
133.9895 32.2867
136.6197 30.1135
134.0996 26.8542
134.7415 29.7315
136.9781 32.5688
132.6066 31.1799
134.0762 27.6638
136.2843 32.1021
134.7728 27.2750
138.5443 29.1366
133.2141 31.0293
138.1325 28.6439
139.0801 29.7718
131.5490 29.6340
132.5117 31.2631
136.5737 33.1207
132.7400 30.7560
136.4500 33.5684
135.3293 32.1082
138.1982 30.0564
133.5027 28.7918
132.3032 30.8436
131.4086 27.0776
139.2320 29.2327
133.7141 28.3058
137.8637 28.7120
136.5260 28.5381
139.0121 29.6981
138.3423 30.2863
133.6240 32.5520
132.2111 31.9564
133.0460 32.2970
136.3672 28.3911
138.4053 29.7475
137.9939 29.3531
131.7476 26.6511
134.7325 29.3908
130.7598 28.1370
137.9254 28.9858
134.4240 29.3338
134.0493 26.7773
132.6774 30.9910
138.4619 29.2853
133.1752 28.8954
133.7922 26.8609
137.4316 30.0584
135.4814 27.6821
129.9482 27.1913
136.4637 33.2447
128.2323 29.5191
135.7328 28.6646
133.3218 28.3175
141.0128 35.0181
133.1582 25.4433
138.7846 29.4084
135.8528 28.0176
134.2551 26.2500
132.6187 28.0564
133.8596 26.4145
140.5316 32.8389
131.9618 30.3808
134.7888 27.4276
133.3555 26.4625
133.4895 31.3982
134.7606 27.7516
131.3394 27.0484
138.5513 29.3640
135.8003 32.2321
136.6259 33.2476
139.3300 32.5260
132.9096 28.0005
138.4586 30.2082
127.2773 27.8380
132.5562 30.8306
136.6596 30.3173
138.9389 29.7054
134.1140 27.5002
138.3550 29.7566
134.8807 27.6907
137.6637 30.3040
138.9961 29.8511
138.8749 30.0027
137.4763 28.7165
134.3279 26.2331
133.8597 32.4713
134.2547 28.2538
138.7591 29.6006
133.1151 27.9604
134.1106 27.2219
136.0102 28.2853
134.2135 27.1984
137.2310 30.2467
131.1524 25.8855
138.2444 30.2102
128.7422 30.0356
135.4162 27.8998
136.3304 28.7182
132.5504 30.8407
132.6919 30.8773
138.1889 28.6152
134.5971 28.7938
138.3216 29.4493
139.0841 29.5205
136.7055 30.3152
128.0699 29.2686
138.8486 29.8753
136.8846 30.3899
137.0835 30.0528
137.8628 30.0080
134.5535 28.8809
136.6287 30.1132
138.3038 28.8498
139.0670 29.6766
132.6475 30.9001
134.5568 26.9666
132.1899 32.0838
133.0806 32.1964
130.6165 26.8756
138.5605 30.1549
132.2921 30.9351
133.9625 27.0803
139.1562 29.6510
138.5860 28.5632
139.1381 29.9725
137.8769 32.2442
134.0049 27.1529
134.6796 27.6060
134.1101 27.1833
137.8559 28.6526
133.4584 28.2206
137.7160 30.4353
139.0101 29.7712
137.2139 30.5258
133.1058 32.1994
133.8913 32.7390
134.4905 27.2188
134.5658 27.2599
134.7136 28.8089
138.5433 30.2667
135.5486 28.8497
138.0645 30.3740
132.7451 32.2264
138.8400 30.0237
133.7225 32.3019
130.3856 26.8893
133.5961 26.0872
132.8353 32.1283
133.5970 32.2687
134.1263 29.3141
134.6296 29.0003
138.5337 29.7731
131.9536 31.5829
131.1348 29.4853
138.8480 29.5003
133.6702 32.2811
132.8416 32.1988
132.8177 30.9582
137.0216 30.4493
137.0346 30.4101
135.3035 29.1184
132.1524 30.9153
127.6096 27.2534
139.1155 29.8459
132.4669 30.9014
134.3020 25.6713
139.1862 29.2618
138.4503 29.8462
138.6515 29.9784
133.8155 32.4267
131.9932 27.4180
139.2413 29.6329
137.1301 28.7266
137.9294 30.2630
138.3046 29.6013
132.6532 28.0007
133.6025 32.3595
130.3110 26.3198
135.5671 30.9816
136.2991 30.4164
137.1734 34.1427
136.8452 29.9888
139.3552 29.4510
137.0990 33.4961
137.4144 30.6294
139.0835 29.4820
135.7517 29.3660
136.7980 32.5259
137.9164 29.5971
132.4496 30.5326
136.8612 32.9855
138.6388 28.6384
136.7117 32.6371
139.3362 32.9619
136.4170 30.1261
138.2131 29.7888
137.5974 34.1517
135.9635 33.1364
139.2673 30.0457
138.9930 29.4510
136.6776 29.0125
134.7786 29.9217
138.5482 29.7979
136.8177 33.7447
132.3919 30.4258
136.8755 33.3380
137.0001 34.0533
136.6900 33.8113
128.8132 29.5366
138.0871 29.3421
128.3370 27.9566
137.4785 30.7965
136.5946 32.4364
139.0887 29.2089
135.9982 29.0550
137.9210 29.6912
138.0281 29.8643
136.1251 32.8338
136.9558 29.9467
139.0163 29.6713
136.8458 30.7289
135.2025 29.6818
136.9167 33.7751
138.3312 29.6470
136.9929 30.4574
128.8045 29.1829
138.9606 29.7618
140.9505 34.8087
137.6588 29.8653
128.4847 28.8607
138.1593 29.5382
135.8630 29.2163
135.5173 30.5413
137.9119 29.2535
132.2305 30.5199
138.5919 29.0727
136.6290 29.0468
137.8877 30.3702
136.2860 33.3005
128.3396 28.8145
137.5174 30.0368
135.3841 29.1804
136.3107 30.1234
135.3858 27.7940
139.0605 32.9190
136.6779 33.6006
132.0663 30.4392
136.2086 28.5181
137.2757 34.1232
138.3226 30.1009
128.0363 30.0203
136.4326 28.5294
135.8994 32.4930
138.2512 29.0415
141.8211 35.8527
137.9832 29.1296
141.2712 33.1170
138.1181 30.2605
141.4430 35.3745
138.2033 29.4697
138.9832 29.3372
138.3593 29.3413
139.4458 29.9104
138.8477 29.2211
135.8681 29.0821
139.3223 29.2322
135.1821 30.1232
137.0238 34.0407
138.5968 29.1315
138.5262 28.6490
135.4830 29.2918
136.4038 32.7856
140.3413 34.3325
135.6042 27.9221
136.9101 30.0075
139.0604 29.8027
136.0593 32.3424
135.3860 29.5331
139.8095 32.6290
138.5182 30.1508
136.1280 30.3156
139.0839 28.9744
136.8434 32.7294
136.3670 29.0884
135.6792 29.5490
136.9737 33.4007
137.0394 29.0894
135.6873 29.2308
138.7430 34.3728
135.5362 29.3230
133.3649 31.9630
137.2802 34.1600
136.7679 33.6793
136.9063 33.5876
135.5701 29.1570
139.8074 33.1546
139.8699 33.0422
137.0409 29.1079
138.4710 30.4895
137.7407 34.1963
136.8984 33.8336
136.7445 33.7940
136.4278 29.2804
136.5079 32.3566
135.3725 29.8027
132.4874 30.6014
136.4320 33.6609
137.0168 30.3493
136.5352 33.8054
140.9405 33.9022
138.5878 29.6769
137.8573 34.1421
140.9851 35.3544
135.9733 29.0424
128.6329 28.8913
135.6785 32.5930
136.8691 32.9523
141.0619 34.8866
137.2096 30.6509
135.9004 29.0931
138.7943 29.7148
136.1611 32.2965
136.9940 34.0913
136.8479 29.0649
136.8503 33.8875
137.0222 33.5023
136.2387 30.2828
136.7835 30.3640
136.0547 32.4300
139.2953 29.9992
136.9883 33.2395
135.9702 31.2692
136.9451 29.0283
138.7361 30.3438
136.1239 29.0548
131.9095 30.3442
136.7473 33.7268
136.3621 32.3241
139.1240 29.7313
136.8207 33.8244
136.7878 33.6914
133.6851 28.4987
138.1736 29.5317
133.3580 31.6489
135.4780 29.0773
140.7415 34.0828
136.3657 30.0986
136.4360 29.3019
138.5581 30.0234
137.2259 34.0806
136.2224 32.3715
138.3802 29.5692
138.8600 30.1670
136.3568 33.1790
137.0087 33.6683
137.0144 34.0320
135.4575 29.8830
136.9908 33.5089
138.7093 29.1564
137.0503 33.4429
138.9137 29.3470
137.1607 30.8271
137.2791 34.2017
138.7858 29.7945
128.0739 27.8745
127.5331 27.6624
138.7653 29.7575
138.6642 29.7497
128.7165 27.9333
136.9148 34.0394
136.7691 29.0971
136.5512 33.7324
138.9096 30.2688
136.8277 34.0426
138.3273 34.0220
138.2632 30.5946
141.0449 34.6986
132.7754 30.4473
137.5784 30.6512
141.4630 34.0752
136.7249 30.5824
136.9311 33.6095
136.4263 30.5392
136.2104 33.2117
128.0455 29.3641
139.0542 29.8055
131.6986 30.3101
138.7574 29.1917
136.8131 33.8043
137.0919 34.1487
136.9421 30.6480
136.8122 33.9462
137.1339 34.1526
137.1466 34.0592
136.9024 33.6452
137.0260 29.0489
137.9932 29.0058
138.4919 30.4037
134.5692 28.3780
135.6792 32.6544
136.3662 32.9693
136.0415 32.3320
133.6345 31.5504
136.8642 33.6649
135.4798 28.6190
136.6526 30.4886
141.1332 35.4900
135.2356 27.7211
138.4036 34.4589
136.1410 32.8068
133.8904 25.8964
131.1761 28.4305
136.5682 28.6743
137.2617 28.7626
134.9465 27.8088
128.8101 30.2424
128.8360 27.8843
136.0779 32.6451
134.6407 25.8371
138.4722 30.0603
134.5251 28.8451
136.4861 33.7951
132.1497 31.9058
134.5663 28.6720
139.1130 32.5463
137.7497 30.2392
138.6046 29.2469
135.4839 32.9028
134.1164 31.3431
135.0743 29.2998
136.8432 29.1015
138.0957 29.8734
136.2294 33.1550
138.9425 30.2166
138.8902 29.4706
137.1886 29.9462
132.7981 30.9300
134.7347 27.5030
133.1196 32.7126
139.1763 29.7970
125.9442 31.4461
128.8485 26.7406
134.2549 26.3370
127.6227 28.0485
139.0614 29.5146
138.5497 29.3561
139.7166 32.8794
139.1974 29.8294
135.5940 28.0687
136.9757 33.3980
138.9412 28.5248
138.7771 34.5294
138.7135 32.4957
134.6646 27.1699
136.4493 33.7067
135.6035 32.0022
135.5301 29.0287
134.0038 28.6551
138.1741 29.1386
136.0717 32.2044
133.7435 31.5514
138.6147 29.4117
136.0481 32.3698
137.9074 28.6169
137.6626 30.2499
135.0068 28.6523
135.4899 33.1047
135.7390 28.5970
136.7250 33.3018
136.5970 33.9784
135.2206 31.3016
140.4785 32.8586
135.7863 27.9618
138.3582 30.4015
134.8483 27.7358
135.0593 28.2361
136.1958 29.3401
134.6247 27.6246
139.2630 29.9058
133.7852 26.8588
137.6900 30.6162
138.6142 30.3075
137.4939 30.0312
136.6358 30.4242
138.8260 30.2566
135.8960 28.6530
135.5347 29.1140
138.9700 28.7098
128.3935 28.3147
134.9598 28.2010
133.8246 27.0824
136.5513 33.5779
139.1213 29.7367
132.3533 30.4777
138.5963 30.3520
137.0898 30.6953
139.7937 33.1445
134.2639 26.4256
138.8418 30.2506
134.2463 29.2733
137.2920 30.2958
128.0322 27.8378
136.0559 32.2266
138.2283 32.4059
135.2730 29.6841
138.6312 29.4212
133.4309 29.6324
131.1230 26.5912
137.6728 30.0743
136.1639 32.2844
138.3428 30.2194
133.9915 25.6770
135.9755 28.4305
135.6436 29.3154
138.1867 34.0279
132.8327 31.0942
134.1472 27.1639
138.1782 30.0811
134.2317 28.9021
137.2106 34.1765
133.0520 30.4831
132.3196 30.2760
133.8597 27.1359
136.7655 32.8544
132.6792 30.9912
137.4639 34.3387
137.4948 28.8468
139.0942 29.8005
137.9722 28.8310
138.9526 30.0370
127.5017 27.7719
135.0524 27.5157
138.3552 29.6867
131.6630 26.8057
138.6540 29.5984
131.4444 26.7918
138.9200 29.7928
135.0171 28.9197
137.7651 32.6341
136.6532 29.3460
138.1150 29.9856
136.8005 30.1799
138.1655 30.1270
132.2418 30.8779
136.6736 32.4412
137.5559 30.0745
136.9877 34.1049
139.3088 32.7240
136.6910 33.5474
134.1645 25.8708
135.8677 27.9473
138.2812 29.1767
132.5910 27.7499
134.6549 27.3286
135.1268 29.2056
138.7935 29.1352
133.4508 32.3278
138.9638 29.2624
127.4021 27.9081
134.4172 31.3210
134.0215 26.2497
134.2720 27.5236
133.3569 32.3670
138.3578 29.3988
134.7763 27.3450
135.6435 32.8063
139.2206 29.7084
137.9120 30.5775
136.2654 33.4947
138.4547 28.8475
128.1435 28.9920
136.2927 33.0763
136.8143 30.1791
135.1804 28.2210
136.9143 30.1429
137.1730 30.1646
138.7997 29.9236
131.6885 27.3005
131.9855 26.8319
138.1990 29.3343
136.5067 30.2042
133.5882 32.3234
133.3465 31.1493
138.6127 29.5484
138.2894 29.9948
138.9654 29.6708
138.5414 33.8528
136.4795 33.5792
138.0616 30.1168
131.1949 26.5909
134.9078 29.5470
128.1384 29.2591
136.7083 29.8348
132.0229 29.9537
132.4831 32.2935
139.0776 29.7805
135.4928 29.0112
131.5264 26.9327
133.8537 26.1906
136.8544 33.4828
135.9043 28.0470
136.9798 30.0882
132.7181 28.3700
138.4190 30.1416
137.1495 34.1543
136.9029 32.9017
134.3819 29.0906
133.6535 27.0050
138.7497 29.0523
134.2346 27.8310
132.8830 31.0923
136.6264 33.9224
133.8282 26.3785
138.6062 29.2525
138.4077 29.7655
137.0658 30.2447
138.4810 29.4330
136.2287 28.4644
133.7399 29.0653
139.3780 33.1792
132.5036 30.8481
139.6382 34.4657
129.0957 26.6445
137.9637 30.0845
137.2456 28.7626
137.8364 32.7774
136.1566 33.0730
132.8710 27.6571
133.9426 28.3231
133.9802 26.1626
131.8234 31.3436
132.5627 28.2080
138.4283 30.0886
138.6896 29.5968
132.9157 32.2776
137.9784 30.1341
136.2925 28.6415
135.5211 29.3173
138.3902 30.1984
132.7533 31.1605
136.4643 28.5113
138.3692 29.7059
134.4284 27.1432
139.0343 29.4920
138.7702 29.4567
133.5225 26.4657
138.3332 29.2266
136.8934 30.1653
133.6046 32.3616
137.6471 30.2529
140.8204 33.4036
134.0796 26.1542
132.9517 32.1652
133.7114 32.2779
136.3487 28.8343
137.0438 30.1227
137.3903 30.2849
137.7465 30.0853
138.1908 30.1843
133.4615 26.0296
132.7022 30.9717
133.6568 25.9499
137.4504 28.7910
134.8083 29.5460
132.3910 30.7301
138.6734 29.9994
133.7171 26.3240
132.1861 30.9255
138.0124 34.1150
132.2654 27.2422
138.4329 30.1684
137.8844 28.8911
133.8743 28.2475
134.6530 27.5573
134.4486 30.9351
138.7792 28.7315
137.4115 30.1426
132.3158 28.0281
138.4039 30.1260
127.2763 27.3524
132.7228 30.8475
127.4877 27.3904
136.6630 30.2129
138.3009 30.2655
136.5348 28.4621
139.0880 29.5310
132.5419 28.0496
136.8105 28.8842
135.7266 27.9692
136.3212 28.4931
134.4615 25.3826
137.9346 28.9215
131.7248 27.1126
138.2789 28.8138
132.8534 32.2762
136.6483 33.2929
138.1176 30.1656
136.7398 30.2818
138.6605 28.8909
137.9610 30.0984
128.5446 26.6310
139.0332 29.6891
138.7243 29.7123
136.2369 32.8405
138.3907 29.3966
134.0335 26.4652
138.5374 29.5114
135.5837 29.0198
137.7745 30.1955
132.8705 28.1665
133.1783 31.0217
137.2092 30.1150
136.6551 30.1199
138.3035 29.9417
135.6176 28.1188
133.8073 30.0040
138.6174 29.6848
127.9274 28.9251
133.1327 28.0105
138.8667 29.1706
136.4930 33.0581
135.9150 28.4649
130.3437 25.9411
130.5614 25.6074
135.9337 28.3823
132.9678 32.1884
128.2009 29.4283
133.9906 25.8261
134.5506 27.5201
131.5119 26.8197
137.5286 30.2724
134.4610 32.4661
138.9492 29.4818
133.3862 32.1173
138.3828 29.4326
127.5970 26.8871
134.1920 26.4710
133.8264 30.2030
135.8760 32.5258
138.4229 29.6210
139.0247 29.9502
134.1799 26.5265
139.0037 29.9994
133.5088 32.4935
138.1190 34.0341
128.0933 29.3496
132.9808 28.6587
134.4444 27.2913
134.5562 32.5058
138.4536 29.7203
135.0126 29.4871
138.1102 28.8897
135.1648 29.1185
136.9480 34.0219
136.3147 33.2237
136.7150 33.3293
135.2680 29.0835
134.6120 27.5675
136.3609 33.2195
138.4085 29.1800
132.4332 27.3499
132.7577 27.7614
134.2717 27.5266
134.2464 29.0342
137.6348 34.2305
127.5583 28.0720
135.3804 29.1156
133.4112 32.1444
127.6251 27.3555
131.6335 29.9870
135.2527 29.3718
138.5721 29.5273
134.8369 27.6494
130.8876 27.3317
133.2844 32.4141
134.0531 26.7473
138.5229 29.1125
132.4956 30.5141
135.5158 29.2698
136.4295 33.6229
138.2162 34.0351
137.3281 28.9065
127.8002 28.1312
132.5495 30.4435
136.6085 33.4555
127.9703 28.9580
138.1740 34.0139
139.0835 30.0071
135.2680 29.0913
136.1604 33.1767
138.5867 29.4822
134.5716 29.3042
132.5657 32.3463
135.3159 28.4245
137.3878 30.4309
137.5063 30.0027
133.0706 32.2125
134.3153 30.9965
127.5413 27.7606
135.8627 32.4053
133.4142 32.1835
127.9086 28.7561
134.6672 31.3175
135.3672 28.3989
138.9566 29.7442
134.5615 27.7873
136.3385 33.1287
138.6136 29.4913
135.4970 28.4732
135.5227 29.3422
133.1924 30.8013
133.1841 32.0133
138.9094 30.1409
135.6692 29.2381
136.2758 28.4577
138.2053 28.8000
139.2424 32.7757
137.0076 30.7743
135.3417 29.0571
135.7228 28.0981
132.7647 30.5632
137.0247 30.4365
132.1013 27.3224
133.1262 31.8963
137.3304 30.1689
134.7937 27.5489
137.5416 29.8262
138.6798 29.2405
136.5772 33.8428
134.5652 29.3144
136.2272 28.1521
135.4247 29.5601
136.5885 32.3028
139.0054 30.0190
138.3391 30.1511
138.8057 30.2278
132.8179 30.5880
135.3982 28.4239
136.9287 28.9193
135.4076 29.1873
132.0383 31.0003
136.5600 33.6875
135.4125 30.3250
133.7003 32.4625
132.8686 31.0385
133.1724 28.5208
130.6814 27.4559
135.8661 28.7695
133.1534 31.9589
136.3273 33.5153
136.1882 33.2244
132.5409 30.8607
138.3986 29.4111
136.4075 33.1735
138.2196 29.3390
137.4319 29.6394
137.7550 30.6891
137.4182 34.2796
136.5428 30.6359
137.8440 29.8082
135.9734 32.5485
137.3942 30.5477
136.8252 33.9898
138.0780 29.6606
135.9421 32.5577
137.2930 29.7518
136.7411 29.7374
136.5336 33.2604
136.2001 30.6266
136.7563 33.3849
140.2113 32.7523
137.2235 29.7691
136.3301 30.7093
137.8016 29.7512
136.0382 32.5611
137.1358 29.5658
136.3517 32.4271
136.8906 30.5346
136.5214 33.3561
137.1566 30.2603
137.4135 29.7791
135.7107 29.5063
137.4638 29.8189
138.3102 34.1389
138.7552 34.5344
136.3095 30.7136
137.2990 29.2092
136.4807 32.5445
136.6380 29.7525
136.8380 33.7713
137.0016 30.2249
138.0326 29.4207
137.4071 34.2716
136.0844 32.9226
138.4821 29.1794
138.2372 30.1763
136.9092 30.1884
138.5820 34.4346
138.0936 30.2476
136.4480 33.1574
138.3500 29.5117
138.5061 30.0215
138.0800 29.7542
136.0631 30.5134
137.1309 29.7170
135.4288 33.0225
138.7431 29.9348
137.3260 30.2608
135.6606 30.7397
137.0407 33.2589
137.0246 30.5966
138.7924 29.7446
136.7533 30.3126
142.5047 35.9010
139.0344 29.5787
136.5122 30.8249
137.6777 34.2797
138.2779 29.4786
136.3865 32.9021
137.1747 30.5199
138.0398 30.1801
138.1705 30.5748
138.4344 30.5308
138.7985 29.8909
138.0920 29.7291
137.4623 29.9977
137.9790 29.7657
136.2526 32.5556
137.2941 30.1759
138.1669 30.6292
137.1597 29.7711
136.2856 32.9453
138.5847 34.0631
138.9065 29.8165
136.4607 32.9789
136.5759 33.3922
136.7965 30.2354
135.9147 32.5689
138.1244 30.6069
137.1620 29.2959
136.4765 33.0294
140.0015 34.2997
136.4063 30.8623
135.4766 29.8995
137.6436 29.7574
140.5822 34.3227
136.7844 32.6522
137.3430 30.3320
137.2433 30.5787
136.5024 33.1633
136.4279 32.9957
137.2352 29.7249
136.7059 29.7195
137.4027 29.9587
138.4731 29.6065
138.1958 34.1776
136.9182 33.9385
136.9642 33.0095
143.5150 36.1151
137.1760 29.9298
137.7407 30.7714
138.5045 30.4837
138.4342 29.5205
137.3365 30.0127
140.9887 34.9888
136.0799 33.0042
136.9312 30.5223
138.6252 34.3882
136.2530 29.9018
136.0617 32.5176
137.8510 29.7863
137.2674 29.7737
137.2041 30.1643
138.2697 29.3752
136.1748 30.0102
137.1284 30.3282
138.5789 30.0231
138.5028 29.4046
137.0618 33.3344
137.9963 34.2280
136.2760 30.0127
138.7230 29.2505
137.4146 29.7523
136.0799 33.2038
135.8666 32.5639
137.6118 29.8100
138.7202 34.0344
138.8265 29.8106
137.1983 29.8435
136.3458 30.2699
137.6633 34.2489
138.3405 29.3041
137.8658 34.1707
138.2712 29.4657
136.5579 33.2951
137.9508 30.6997
141.9839 35.9366
137.9878 29.4520
137.9307 30.3370
137.3525 30.5412
137.9358 29.7617
134.4238 32.7955
137.3476 29.8314
136.4115 33.1544
136.8685 32.8072
135.8387 32.6531
138.0902 29.7480
138.8460 29.7274
137.4671 29.5760
135.4593 33.1054
136.6540 32.6336
136.8663 29.8763
137.7891 30.4467
138.3084 29.5241
136.9403 29.7498
137.3413 29.4584
138.7050 30.3134
137.9710 29.5032
136.1580 30.4308
137.5453 30.0053
136.5108 33.0452
136.7322 30.2822
138.8662 30.2579
138.8112 30.3177
137.9760 29.5949
136.8724 30.0982
140.5598 34.3184
136.8238 33.7304
139.0585 29.8475
136.4541 33.0650
136.2679 32.5468
136.0356 33.2152
138.5155 34.1015
136.6769 29.8485
137.8554 29.7679
138.1145 29.5067
136.4287 32.3868
141.4290 33.9433
137.7960 30.7410
138.0515 29.5845
136.5414 29.2942
137.2332 29.8933
137.6307 34.2825
136.9026 32.7963
137.0493 34.1410
138.3069 34.0248
138.5983 29.9976
135.7654 32.6318
138.3578 30.5746
137.1951 29.7875
135.9172 32.6202
136.4202 30.4958
135.8693 32.5801
137.9763 30.3363
136.8723 30.7839
136.7248 32.6549
136.5089 29.7595
136.3730 30.2056
139.5835 34.8925
137.5957 29.6550
137.3908 30.2430
137.3639 30.1489
137.6450 30.7499
136.3468 32.8766
136.0608 30.3769
135.4656 30.1692
136.9017 30.2164
140.6817 34.8850
136.5622 32.5178
136.9188 33.7003
135.9262 32.9582
138.3384 30.5811
137.9578 30.7007
139.1531 30.0555
138.7657 29.9130
138.8249 29.7567
137.5316 30.6888
136.8223 30.5225
136.6879 29.7742
136.7894 32.6204
136.1080 30.1060
137.1126 30.6506
138.4661 29.9687
137.0067 33.7008
136.9421 29.7500
138.6703 30.0013
136.9618 32.9916
136.8881 29.2061
137.6885 30.4382
136.6710 30.3495
136.9333 30.3612
139.0649 29.8671
135.8482 32.6245
138.5955 30.0683
138.2135 30.2088
136.1369 30.6175
136.8437 32.7850
136.4779 33.2449
137.3809 29.9507
137.5253 29.7845
137.7224 30.6395
137.9069 34.2077
136.9762 33.2627
137.4688 29.7835
138.7443 29.3823
136.8522 29.8643
136.3068 29.9606
137.7336 30.3866
138.1777 30.2338
137.0824 34.1638
137.4877 29.4747
137.1691 29.7784
136.6676 30.0150
136.9676 33.6261
138.2522 29.3219
138.5366 30.0192
141.7076 35.9273
136.8316 29.7554
137.9950 29.2228
136.4506 33.1432
136.7547 33.3179
137.7197 30.6629
141.9773 35.9691
136.4232 30.4940
136.7641 29.7714
136.5234 29.2558
137.5259 29.2700
138.2903 29.6724
136.6068 29.7791
140.7574 35.1715
138.4642 29.9922
138.7047 29.9870
138.3341 29.4142
138.1757 30.1703
137.1145 29.5470
137.0981 30.8993
135.5807 29.7308
136.7876 33.3434
136.4416 33.0699
137.5718 30.8062
136.3957 29.8248
136.5414 30.0842
138.6427 29.8798
137.5857 30.4609
136.3514 29.4103
136.4885 33.3148
136.8901 30.0192
136.2254 29.9441
138.1668 29.3843
135.7972 32.7815
138.3603 29.3786
136.8303 30.4626
137.0030 29.7612
136.4329 33.0007
135.5841 32.7898
137.8097 29.7484
136.2492 30.1029
139.3478 29.9720
136.8191 29.8400
137.1342 29.2920
138.1425 30.2379
136.5097 29.9328
136.3183 29.3799
136.6951 29.4060
138.6805 29.9513
137.4018 29.7911
136.6872 30.5113
138.6556 29.1586
137.1837 30.6573
136.3075 29.9174
138.7080 29.9599
137.7869 30.3520
138.4501 29.3364
136.8594 30.7257
137.8609 30.6109
135.6688 29.6712
137.2729 30.3807
138.0673 29.1962
128.0351 29.5259
134.3392 27.5669
136.6055 32.6442
136.4076 31.8214
133.2940 27.4288
139.6831 34.7564
130.6602 29.1357
138.4176 29.7119
143.4406 35.7827
136.3076 33.3757
134.9612 30.7663
135.9516 28.1246
127.8499 28.7626
137.9223 34.2618
137.6014 33.9640
136.3208 33.1303
133.7398 31.0600
133.8039 28.2823
131.9397 31.6662
136.3017 30.4314
139.2077 34.6747
137.2024 28.9224
133.1497 31.9511
133.0003 32.0293
132.0857 30.5143
135.2939 28.2649
130.5358 25.6804
132.4211 31.0345
133.1688 32.3441
132.3613 31.3962
133.6447 30.1125
141.4070 35.4358
133.8273 27.0331
135.2475 27.6850
135.5787 25.5991
136.3616 32.8475
137.6750 30.3782
133.4427 29.0859
137.8959 30.0611
139.1354 29.7773
138.6608 30.2013
135.4395 28.9588
127.4396 27.7790
141.3979 35.0774
138.7854 29.7458
135.7389 27.7756
138.2146 32.1765
134.6310 27.4857
137.6532 29.0166
133.6474 30.8967
138.3566 29.9519
138.5823 29.6148
125.3909 29.0101
138.0377 31.9170
133.5999 26.0163
134.4457 26.4122
127.9137 28.8023
134.5955 26.1017
137.5125 28.4725
135.8229 28.3571
138.7884 29.5056
135.5967 33.3416
136.9037 29.7232
138.0848 29.8157
136.7023 33.5359
132.2077 30.4579
138.1471 29.7796
135.6053 28.7373
129.4823 26.6198
137.6971 30.5004
131.8563 30.6139
133.6505 27.0848
140.9878 35.0470
136.0292 32.8690
132.5089 32.1033
138.4399 32.3625
136.3399 28.2941
134.5579 28.4066
138.4468 34.1158
133.7484 26.0696
137.6221 30.5161
138.1583 29.3274
131.5522 26.9598
141.5465 34.5909
128.4681 28.3390
137.3071 29.9827
134.0750 26.7361
137.6266 30.6643
138.0817 29.9271
133.4754 31.1245
137.6827 34.3009
128.0495 28.0428
134.3190 26.0429
133.0467 30.7855
135.8956 32.9953
140.5448 34.1608
132.8276 30.7073
127.8688 29.2683
137.2677 34.1640
134.6427 32.3804
134.1513 32.2761
138.8442 30.0317
138.6974 30.0431
139.0704 29.5145
136.4303 28.4286
134.9078 31.9943
133.2158 28.0853
135.1630 27.6889
131.7649 30.2106
136.3147 28.8769
133.8685 32.3548
136.3674 33.3783
136.3766 33.1752
135.0078 30.0922
138.5493 29.7660
134.2628 27.2504
133.5846 32.3896
136.7717 33.0834
136.6841 28.8300
138.7834 29.9277
137.9261 30.3326
133.9799 31.7568
133.7983 28.2589
137.0077 33.2850
134.9833 29.4826
134.8894 27.9620
136.9938 30.2542
139.1727 29.2621
127.5194 27.0069
133.9297 30.7761
136.8820 33.8376
135.1596 29.0492
133.1941 28.4588
128.1420 29.3166
137.7887 30.3898
135.3839 29.0659
134.5887 27.7369
132.9554 30.7761
131.4743 31.2939
137.9243 28.6385
138.7513 29.2831
132.6683 31.2070
138.0035 29.0743
138.0004 30.1260
131.9876 31.3622
134.2584 28.6509
134.5055 27.6857
138.4932 29.8544
132.9854 32.2370
128.1212 29.8004
135.1467 28.0155
138.6674 29.2881
128.2671 29.3396
138.6290 29.2897
134.4179 26.9703
134.0173 32.3246
137.7853 30.1410
137.8568 30.3922
136.5087 28.9406
135.9916 29.1362
135.1934 27.6915
138.5500 29.2447
134.3775 27.1219
134.0258 26.3035
139.1038 29.9263
135.2579 29.8960
135.0126 30.7091
134.1587 27.6186
133.9058 27.2422
134.0996 27.2626
134.5057 28.0272
137.3152 28.9889
138.1092 30.3183
138.3790 29.8186
138.4334 29.9968
134.4689 27.2186
132.5988 28.0383
127.2955 27.5416
139.0583 29.8947
136.8678 32.8190
132.4397 32.2231
137.0093 30.5240
128.0511 29.2350
134.3410 28.5484
133.9377 26.5731
140.5878 33.9098
135.3421 27.9274
135.0777 27.6231
134.3541 28.3291
135.1431 29.4048
133.8058 27.1500
138.2769 29.5129
139.1476 29.2953
133.7719 26.2879
135.3548 29.4092
128.3985 27.3609
134.1063 31.4653
134.9651 28.9821
133.1186 32.0530
136.2086 33.0207
138.5154 29.8927
137.0432 33.0043
135.1875 27.3818
131.5158 29.8633
138.4596 29.6537
138.2561 29.3735
136.0685 28.2208
137.4316 30.3319
133.4117 31.7943
135.6569 32.7315
138.8375 29.2300
137.8320 30.0864
137.0271 30.0330
136.4938 30.0926
135.1761 27.6352
130.7141 28.9547
127.8649 28.1682
133.6417 29.2533
139.0599 29.5696
140.8842 33.7049
135.5585 29.2509
134.6359 27.6168
135.9940 28.5410
133.7204 26.2642
138.5218 29.1379
138.4482 29.5908
134.2764 27.2462
139.2879 29.7518
139.4303 29.8050
134.6816 29.0228
140.5291 34.7476
134.3763 28.9176
134.3558 27.5514
133.8817 28.0145
136.8348 33.1582
138.3053 29.6913
134.8855 27.3917
137.4166 30.6580
131.9677 29.9056
135.1068 30.2560
133.2419 31.2148
135.3920 30.6464
136.3110 32.3441
136.6283 29.8843
136.9201 33.8938
136.8024 33.2226
135.5462 28.0050
135.6047 28.1511
139.0152 28.8826
134.5032 28.9313
132.7174 31.3472
137.8990 29.5515
137.6456 29.2472
137.4609 29.8785
136.4529 30.2960
131.8708 31.4638
139.1297 29.1145
134.8213 28.3270
138.2191 30.1411
132.9168 32.2734
138.8460 29.7175
136.7729 30.5117
128.5398 29.8279
128.8338 26.6377
128.5617 30.2372
138.7576 30.2225
134.8785 27.6509
136.8118 33.7170
138.5884 28.7030
139.1021 29.3961
129.3540 28.4485
128.3125 29.6074
137.5952 33.9910
128.9767 27.1622
138.4080 28.3061
134.2315 26.8798
137.5273 30.5270
137.5884 30.3860
141.1016 35.5155
134.2551 29.1706
133.5466 32.4067
136.0322 33.2285
133.3017 26.8324
135.8425 31.6393
139.0750 29.6620
138.2129 34.0611
136.0226 28.1884
139.6777 33.3347
135.7722 28.6525
138.8782 29.3970
137.5465 29.5040
135.0957 27.6306
134.2525 27.3235
138.1485 29.8766
129.1026 28.5232
132.9145 32.1843
135.4127 29.8733
129.0001 26.8149
132.2799 30.8568
129.3266 26.2068
137.2535 30.9188
138.6854 29.9019
127.7706 28.8015
136.8596 33.5755
134.6221 27.6933
136.4276 33.6980
138.3005 30.5689
135.8439 29.0476
136.4529 29.1093
138.5472 29.6543
137.7539 34.0999
136.4781 30.0060
136.3548 30.2844
139.1941 30.0896
138.6683 29.7354
138.4345 29.7958
138.2975 34.0912
139.2245 32.1522
140.7453 35.0915
137.7085 34.2414
138.4399 29.4493
136.8891 32.7917
136.5798 30.4329
140.8985 35.2757
136.0313 32.3998
138.3940 29.8136
138.5867 29.1072
136.6109 30.4908
136.8477 33.9685
136.9917 34.0489
141.8847 35.0129
138.5777 29.0705
137.0630 34.0375
138.6552 29.7826
136.9101 33.7633
136.0829 32.5321
138.0568 30.6371
140.2064 33.0507
136.2646 33.4193
137.6320 34.1651
138.1524 29.0690
136.8423 33.7344
137.0307 33.5621
140.9495 35.2972
136.5142 32.3879
127.5596 28.2678
136.7837 33.7592
135.4608 32.8979
137.2228 34.1731
136.8596 29.1202
136.1763 33.3141
138.1176 30.1304
136.5373 33.7764
136.2806 29.3817
136.2649 32.3237
139.1712 29.7691
136.8252 32.6356
136.7415 33.8530
136.8965 33.6294
136.6544 33.4512
138.4841 30.3950
136.6778 32.4750
136.2239 33.3668
136.9729 33.6463
136.7899 33.7636
138.6603 29.9122
136.8825 32.9275
136.6853 33.7826
137.5985 30.7261
136.5145 29.3167
137.6528 30.7630
137.0188 33.3811
137.4394 29.1025
136.9979 33.2568
137.0085 33.4099
141.5189 35.3073
138.7683 29.8860
136.1889 33.3375
136.6621 29.0952
137.1010 29.2064
137.3578 34.0272
138.3046 30.5485
137.0059 33.1454
135.7418 29.3108
135.7858 32.6654
138.8073 30.2591
136.9732 34.0563
134.5761 28.9425
138.0660 34.1370
136.4075 33.1960
136.9198 32.7350
136.2662 33.2048
135.5187 29.1419
137.6331 34.2067
136.8178 32.8086
139.3776 34.9492
136.9478 32.3264
136.3855 30.0753
137.7161 29.4358
136.5960 33.8745
136.0379 32.4281
138.1710 29.2890
135.7446 29.0826
136.3840 32.3444
137.1770 30.7051
136.6178 32.4089
135.3727 29.6693
137.1031 30.1112
136.7891 29.3369
137.3024 29.7885
135.9151 29.1467
136.8749 33.9780
139.1917 30.1155
137.7581 29.8131
137.4354 29.8360
135.0145 29.3659
136.5686 30.6305
137.9836 29.5311
136.8929 33.9374
138.5481 29.7916
141.1073 35.4860
138.8999 29.3687
137.2832 34.0103
128.8047 25.4041
131.2890 27.5014
136.3887 32.7610
131.6886 27.5778
132.6746 27.9963
128.1052 30.0500
128.2708 25.9557
131.3296 30.0301
136.9498 33.2620
138.3774 29.2783
137.8856 29.9221
131.7245 27.3890
138.6240 29.8155
139.1244 29.6970
137.2436 30.2604
132.0128 27.0904
140.8825 33.7421
132.0980 27.3859
135.4668 28.5598
136.8790 33.4645
130.6882 27.4975
137.9640 30.2627
133.2345 32.0000
136.8948 30.1880
133.4464 32.1918
138.2911 29.6345
136.4608 33.7087
138.0126 30.2445
138.3807 29.6883
134.0549 26.8208
133.5500 32.1984
138.7498 29.0815
132.8267 32.1632
134.7544 25.8497
138.0788 30.0817
135.3641 24.8273
134.1605 30.9909
127.1766 27.5707
132.7985 30.7167
138.0076 34.0611
134.1867 32.6975
140.8556 35.3060
137.9081 30.3959
131.7583 27.4336
136.8277 32.8916
138.3750 28.9453
138.8852 30.0018
133.2371 28.6353
135.4810 27.9942
136.8175 33.4334
138.2939 29.2643
134.8765 27.3884
136.8239 30.1611
138.3861 29.9158
140.6021 34.8501
134.7726 27.2592
135.3071 29.6033
131.2127 27.3126
136.9426 30.1444
133.0767 29.1417
136.9416 30.1757
138.3860 29.1902
133.7678 28.7650
138.4195 29.8303
136.7954 33.1359
136.7830 30.4240
133.5030 32.1432
137.0434 30.1451
135.0185 27.7313
133.2978 32.1731
137.1013 30.1767
137.2782 30.4167
136.7392 32.9025
137.6438 30.5533
139.1141 29.7003
136.8343 30.1446
138.2730 30.1410
138.9781 29.6419
137.3756 34.1002
135.3290 27.9946
136.8643 30.6116
138.0362 34.0274
136.8714 33.3264
140.2211 34.2163
136.8509 30.1658
136.8864 30.1526
133.7249 28.5132
135.0670 27.4076
132.9245 32.2456
136.6288 28.5233
134.1561 26.3553
131.3506 27.1755
139.3304 32.7878
138.4478 34.3861
137.0487 29.8965
136.8561 30.1566
132.4816 28.2917
137.0208 30.4889
130.1204 26.7314
132.9130 28.3396
133.3424 32.2616
131.2801 29.9639
129.8444 26.9018
138.4779 30.4839
136.5849 30.2437
136.9742 30.4575
138.4549 30.0033
137.5694 29.1829
137.6050 30.2860
138.4481 29.8911
138.8977 30.0399
138.7361 29.1514
137.2020 30.4915
136.5915 33.3825
135.9448 29.5640
137.4921 30.0975
136.6752 30.3056
136.4774 30.1617
138.3632 29.3063
136.4876 29.4857
135.8670 32.6664
137.7501 30.7492
137.7004 29.3846
136.9805 32.9292
136.9531 30.5592
137.7149 29.8201
138.4756 29.6119
136.5141 33.7312
136.8247 33.6793
138.6929 29.6758
138.2772 29.7162
137.4638 30.5066
138.3472 30.0413
137.3551 34.1945
137.4297 30.4564
137.0596 34.1542
138.7110 29.8372
138.8173 33.9017
136.6611 30.3601
136.1308 33.0612
138.3071 29.2849
137.5126 34.1725
137.0383 30.5658
136.8264 33.7562
137.9733 29.3167
137.2928 29.8926
138.0953 30.1486
136.5475 30.3099
136.5118 32.3519
136.9573 34.0648
137.9395 30.3041
136.2271 33.7118
136.8690 30.2129
141.2757 32.9728
138.3566 29.9675
138.1792 34.1492
135.4164 29.6656
137.0545 30.0427
136.7843 32.9694
137.4796 30.1501
136.6799 30.3111
138.4014 30.3267
136.6627 30.3776
136.9727 33.2503
138.4700 30.3295
137.3500 30.5710
136.1138 33.0264
137.7772 30.3782
137.9433 30.3707
137.9689 29.5379
136.7642 32.5635
137.9114 30.2003
138.2845 30.2483
136.3084 33.4073
137.9319 30.2929
136.6233 30.0239
138.0375 30.3277
137.7485 29.4678
137.5418 29.1711
138.1835 30.1909
136.9949 30.4699
138.2665 29.3312
138.7103 29.9017
137.0215 34.0017
136.8138 30.5388
137.8974 34.2187
138.1885 30.1327
138.3135 30.0714
137.3632 30.5364
136.5760 30.4657
137.0910 33.8805
138.4396 29.9110
138.0418 29.1736
138.2951 29.5333
136.3202 29.1037
137.5494 30.3266
137.2150 30.5331
136.8842 33.8801
137.3081 30.5297
137.5288 29.9656
137.9227 30.3040
136.9920 33.1084
137.7345 29.3092
136.2504 32.9799
138.1783 30.1777
137.3679 30.5050
137.3133 29.9912
138.4124 30.0483
135.3762 30.3386
138.7102 29.9125
138.3634 30.0266
140.8876 32.6572
138.4940 29.9113
136.3114 33.0857
137.7322 30.4371
141.1940 34.9234
138.5851 30.0046
138.5894 30.0661
136.9292 30.5612
138.4633 29.0540
138.3830 29.2832
141.8315 35.1559
138.2546 30.0762
136.9623 32.9299
136.8815 33.5733
137.0199 33.6486
137.5851 30.4182
135.8859 32.7398
137.3947 30.4753
136.8907 30.2386
138.5289 29.9193
141.5714 33.2798
138.2304 30.1499
136.3778 33.5139
136.7110 30.0739
138.4047 34.1868
138.0691 30.2287
137.5568 30.6966
138.3426 30.0614
137.0990 30.1246
136.9152 34.0049
135.9561 28.4071
127.0824 28.6259
136.7407 28.9450
137.1179 28.6091
137.9596 30.3437
138.7453 29.6393
134.0835 26.7556
139.0059 34.4805
134.4844 30.0604
139.0261 29.4743
135.1788 25.2783
132.0260 31.5349
131.4466 31.0546
133.0098 32.1109
137.4331 30.2287
137.6891 29.8599
136.5948 32.9435
135.1065 25.0005
131.7001 30.5843
136.5658 28.6507
137.7580 29.0512
134.4856 31.8558
139.2195 34.9284
131.1964 27.1357
132.5199 31.0322
131.5563 29.1329
135.3506 27.4873
129.8558 28.9331
131.6683 27.1415
133.4422 25.9444
137.8423 34.0837
130.2858 31.2409
134.3873 26.0633
135.5327 27.7655
127.2636 28.1892
136.9289 33.1508
127.3023 29.6638
132.8762 28.4814
126.4262 29.6704
132.8305 24.7049
138.6372 29.9886
131.0109 27.4100
136.1903 29.2283
132.6757 32.0666
135.1296 25.0231
133.3790 31.8221
139.0916 29.7589
134.8291 28.6312
134.5652 25.4837
137.4448 30.8711
127.7277 27.5443
138.6543 29.2881
132.0078 31.2063
136.5861 30.2792
133.9728 31.8846
138.3461 33.7995
131.9601 31.4984
134.0808 27.1625
136.8640 34.1990
138.7034 29.1218
134.4002 25.9761
133.4130 28.8038
131.7908 31.3154
136.6318 33.1887
130.7288 25.8168
128.3961 28.4983
134.8663 28.4670
134.1520 29.9688
138.9563 29.3125
130.1614 25.3293
127.8452 28.4098
133.3475 31.9781
133.6682 31.0800
133.8056 31.6297
137.6667 30.3508
136.6658 32.5059
132.9772 31.5412
134.2122 30.6803
139.4001 33.1893
139.0292 29.9967
133.8707 27.4634
133.9430 27.0851
133.4827 29.8696
134.2659 28.2340
138.2501 29.9567
135.5535 32.0115
133.4677 31.9178
132.1678 31.2793
133.7749 25.1176
128.5409 24.4896
129.6054 26.5119
133.4967 25.3748
130.2979 28.4491
134.0197 31.6369
133.4471 31.3359
138.5425 29.7279
134.5086 29.2370
134.2283 27.3284
134.1674 24.2662
131.8921 29.2176
129.5920 27.0050
135.1808 29.1208
132.6522 24.9644
132.2436 29.8005
129.6371 27.3576
129.9080 30.0615
134.5254 25.4549
133.4470 27.8752
132.7881 24.4088
134.7777 29.5091
132.1067 29.3930
137.1406 28.7871
131.8128 25.0227
134.0049 26.2731
134.1369 24.8513
129.8781 24.4554
131.9199 29.7636
134.6851 25.6745
129.0068 24.5866
135.5621 24.5711
134.3739 26.2552
133.7797 24.7265
133.3414 27.1780
134.5850 25.5691
132.6077 26.0477
134.0185 29.9695
137.4149 28.5781
136.6974 28.2495
135.5364 31.6635
130.5657 27.5594
128.5550 24.6267
132.6956 31.8593
133.4423 26.4785
133.4867 27.3438
133.3702 25.9947
133.1649 24.6674
130.9153 26.3880
130.6613 26.9364
134.3758 24.2113
133.7635 24.5014
134.1469 30.2494
134.1870 24.5905
134.3162 24.8456
133.2342 24.8679
133.3093 23.4908
134.1579 26.9570
132.6184 32.1250
138.8434 29.9094
134.9093 25.6170
133.1726 31.4131
134.2966 28.6264
138.6835 30.4197
133.1507 28.4716
128.7045 29.8903
128.2443 27.8972
133.6155 31.4099
135.0434 29.4364
137.6575 32.5785
136.9423 33.7668
137.2476 30.3575
139.5400 32.9655
136.1031 32.8390
133.4659 26.8718
136.7094 33.2637
129.9442 26.5785
131.6626 26.9899
134.7083 29.3444
138.2906 29.1884
129.0677 30.1297
135.7720 27.9197
138.7418 29.2507
134.2074 25.9004
135.3602 29.5344
134.9014 27.5559
136.3719 33.3464
128.2235 29.4486
134.9831 30.9424
138.4308 29.7140
137.2429 30.0048
127.7906 27.8705
136.9974 33.8696
133.0345 32.1693
138.6592 29.5546
132.9582 32.2962
136.6296 33.4279
135.1165 31.6445
138.4733 28.4396
136.6092 30.5616
132.0547 30.1008
136.6303 33.3797
135.0969 27.6334
133.9321 32.2537
137.7195 30.0601
136.9969 30.4962
134.9513 28.9164
138.1645 29.0467
138.4959 29.8446
134.2836 26.7058
135.3052 28.1246
134.1793 32.2820
133.7772 28.4184
138.2881 28.4339
139.0470 29.4744
136.7699 33.1014
134.5983 25.9373
131.5779 30.7108
133.7343 32.0140
138.4474 29.5336
138.7844 29.2958
132.5802 32.0394
136.8943 30.0268
139.3605 29.7934
136.4872 33.6058
139.3491 29.6896
133.9845 29.0718
138.2908 29.7163
136.5359 30.1486
138.9019 29.6212
136.3395 30.6126
140.0165 32.8334
132.1465 32.1931
138.1382 29.7575
135.4850 27.7005
134.5625 26.5909
134.4984 26.6809
138.8141 29.6975
136.2016 32.3924
138.9135 29.5034
125.8953 31.1566
134.8094 28.9850
140.7201 34.8150
136.6644 33.3156
137.0367 33.1678
132.2087 27.4611
139.0841 29.8966
129.6176 28.9619
135.1698 30.0927
134.5084 27.5327
136.8803 33.6586
132.5444 31.0382
135.8196 28.2278
133.8888 27.6183
129.8964 29.1545
134.2556 30.4372
133.2150 29.5473
134.6354 25.5533
129.1135 28.9581
138.4913 28.5160
131.6828 30.1548
136.1886 32.8123
138.7357 28.7794
135.8678 28.1689
129.6417 29.0376
134.8589 29.5719
132.8489 27.5883
134.0812 30.9939
132.9586 31.6028
138.9285 29.3975
137.8184 28.7725
132.0264 31.2630
132.8392 30.3572
136.7224 30.0473
132.7842 31.3684
127.5998 28.4948
133.7063 30.5039
136.8798 30.3312
139.1657 29.7531
135.0480 32.3022
137.6967 30.1769
133.7444 28.3176
134.5312 27.9500
135.8329 27.9547
136.9574 30.4389
134.0981 25.8636
129.0562 28.3039
138.8366 29.0325
136.5633 30.2911
130.4214 27.0292
131.8533 29.9731
133.7745 25.9217
132.6262 27.6619
127.9970 29.3985
131.4223 29.9697
134.9600 31.0711
132.0163 29.6246
136.5626 33.3400
129.0875 30.1790
132.7036 31.0833
138.6796 29.8854
139.0280 29.7211
136.6752 30.2849
134.1431 25.4931
137.1242 30.3826
132.6057 31.1419
138.8103 29.8356
138.8826 29.2292
136.3481 33.6669
133.5278 28.4844
138.3943 30.0195
136.9815 30.2534
132.0899 32.1586
137.7994 28.5284
133.2622 32.1957
133.6080 26.2351
134.9263 25.5384
133.7989 26.3345
128.8161 26.6675
132.8084 32.3621
138.3538 29.9789
132.5459 27.9215
138.9498 29.0716
133.1069 29.0340
137.7093 30.4045
137.0473 34.1241
134.0966 26.3320
132.0787 30.8384
133.6505 25.9293
134.5110 28.2130
138.1162 29.9864
138.5554 29.7388
139.0913 32.4813
141.2884 34.4917
136.4775 33.7817
132.7330 30.6092
136.7582 33.4801
141.7007 35.6221
136.0185 32.8524
138.4274 29.4015
134.0531 29.7438
143.0266 35.8212
136.6198 30.2309
137.3970 29.5138
137.2938 34.2569
132.2957 32.0679
140.0246 32.7324
136.3308 33.4095
139.0826 29.4204
140.8228 32.7202
138.7129 29.8987
136.5991 30.2781
138.2496 29.9754
134.9092 27.9320
136.9084 30.6388
139.4770 34.0792
134.8607 27.6667
140.8381 34.1074
136.7259 30.0661
138.3723 28.9473
136.4712 30.0873
134.2713 32.3957
140.3867 32.3927
141.3717 34.6480
136.2102 32.7567
138.0972 29.5769
138.1898 29.9313
139.2254 29.6562
137.6883 31.9906
132.8360 30.4820
136.2064 33.5234
136.2625 33.5622
136.1599 32.5629
126.5420 32.9076
136.3809 30.4935
135.9633 29.0168
130.0471 26.0262
141.8169 35.2422
133.5775 29.8466
136.3020 33.0824
139.0336 34.1877
138.3635 29.8404
143.0722 34.8040
142.3279 34.8923
124.3549 32.3711
144.6581 36.3662
138.3613 29.5554
136.4495 29.4226
138.2838 29.2563
138.0250 29.8930
136.3031 33.2555
141.2666 33.6045
137.9930 29.4433
136.6639 33.7288
133.4981 31.8071
134.1726 32.0964
139.1078 29.9441
144.4111 36.2201
131.7131 30.2327
137.9149 29.1279
136.7333 33.5005
138.9962 29.3474
139.3855 29.4869
136.9237 29.8176
138.2030 29.0111
137.4545 29.9967
135.8994 33.2954
138.7264 34.2228
137.6617 30.4687
136.0070 33.0158
141.2529 33.7687
138.1443 29.0787
132.3217 29.3963
141.4245 34.1909
136.5306 33.6749
142.9297 34.3446
137.2914 29.8377
138.4614 29.4181
134.2469 29.5052
145.1443 35.8275
138.2971 29.5621
135.7969 32.9187
137.6803 34.2450
137.3357 29.1976
136.4302 30.5525
137.0382 30.2410
131.3258 30.3918
136.5400 28.7144
138.0396 29.1300
145.2478 36.4026
128.4631 29.1723
137.5530 34.0830
133.9945 31.8674
133.5822 28.4904
131.6874 30.1954
133.3958 31.7595
133.9233 32.2627
137.6784 34.2228
128.3072 29.4993
134.4754 28.3550
133.6962 32.3328
133.2407 32.3500
133.1570 32.4513
133.5584 32.3404
136.9993 30.2045
133.5920 32.5294
138.5157 29.8296
135.1673 29.5500
139.2091 32.8070
133.0789 30.9422
132.7811 32.1884
135.1413 31.1839
132.3271 32.1884
136.0001 32.4120
133.3317 32.4917
136.7060 33.9416
133.4716 31.8498
132.3530 30.4979
141.4738 35.4094
134.9214 30.2119
136.9770 34.0636
136.8672 30.7540
133.7536 32.2621
133.8397 27.5005
137.0138 33.2980
139.1679 29.9259
134.3575 27.2740
135.4467 29.3567
137.1785 34.1927
133.2481 30.8743
130.3027 26.7135
134.8487 27.8003
132.6015 30.7911
132.1505 30.4776
135.4531 30.3388
134.2850 27.2042
132.6314 30.3897
129.4032 27.2809
134.7621 28.3997
138.0788 29.9269
133.2936 32.0162
134.0461 32.1943
137.3601 29.1130
138.2063 34.0357
138.1006 34.0403
136.3050 33.4521
133.5067 31.8710
137.6167 30.6189
128.4309 28.3678
133.7306 32.2853
134.1924 26.9727
134.7809 28.1036
139.1920 29.8212
133.7213 32.2162
133.1968 31.8655
134.8104 28.2539
136.9257 33.6572
137.9221 34.1442
136.1940 32.8741
133.5170 32.4807
134.0276 26.7685
137.9447 34.1364
133.3884 32.2454
138.1565 30.0461
137.1104 29.9896
132.9043 32.2597
136.1687 33.0628
136.8764 32.8186
133.4806 29.6534
132.6501 30.8392
137.1986 33.4677
135.5412 28.6719
135.0172 28.2522
138.8788 32.1443
139.1176 29.9660
138.8194 30.2294
134.9426 27.7771
133.2404 32.5274
133.9184 30.3729
132.0378 27.1093
133.3271 28.4152
135.2636 28.9973
136.2394 32.2920
135.4540 29.1419
134.9492 28.7385
134.1853 27.1626
135.1010 29.0973
135.1873 27.9695
134.7782 27.5976
137.7984 30.0748
133.5399 32.1260
138.7723 29.1497
133.3916 31.3440
133.9144 26.4773
138.2964 32.4314
135.4970 29.3394
134.3555 27.1981
133.6934 28.5417
141.0872 34.8319
132.8610 30.7986
133.6107 32.3635
133.7457 32.3932
133.2092 32.3129
134.0076 26.3500
132.4464 26.7517
134.2005 27.1871
128.3517 26.7849
138.0602 30.0743
138.5221 29.3603
137.6642 30.4576
138.9087 29.6179
134.2872 26.8356
134.0547 28.4233
135.0629 30.3805
127.8036 28.8898
139.0219 29.6681
134.7305 29.0925
133.7452 32.0970
133.7082 26.8708
133.7028 29.7321
136.4945 31.8552
136.5984 28.2272
133.2294 27.7652
134.5262 28.2279
132.6805 32.4726
133.9030 29.1237
134.4138 27.2760
140.8886 33.3334
136.1113 28.3737
138.9604 29.5465
135.4010 29.9121
131.9485 31.6115
136.6939 33.1543
127.2943 26.6763
134.7210 27.7391
133.5545 29.2153
137.7934 28.6853
131.8273 31.5579
127.8971 28.9804
132.6205 31.1370
133.0463 27.3990
137.4097 30.2872
129.0739 27.2838
136.5242 30.3206
135.2616 25.5911
127.2393 28.0655
131.4539 27.0105
138.0610 30.4855
134.0888 26.9435
132.9932 28.2815
134.2144 27.1436
132.2688 27.1265
138.8569 29.4849
133.6860 28.5192
132.4869 27.7496
133.1707 29.3747
134.1570 32.3497
132.3055 27.6415
133.2949 31.4049
139.0866 29.8625
134.3004 25.7015
132.4220 28.1115
130.2598 28.9816
128.0569 26.0658
137.4124 28.6067
133.8562 25.5992
127.1878 26.8277
129.9404 27.3195
131.2698 27.3274
134.7581 29.8766
133.7892 28.7511
138.1929 30.1138
133.2758 28.3435
134.3916 27.9517
136.5080 30.2892
138.7099 28.8371
133.8211 31.9010
133.4520 29.6569
132.9863 32.4192
139.0020 29.6612
136.6087 28.9242
138.5719 28.8351
133.8856 25.9794
136.1699 33.0763
138.5011 29.5899
136.5952 33.1437
136.8518 33.9284
136.4247 33.6886
139.0317 29.8430
136.4588 30.2617
135.2690 30.1528
131.4924 31.6290
132.5470 32.0652
133.5910 32.3942
136.1192 28.3012
138.3772 28.7131
138.1610 29.9045
136.7081 33.5811
131.7175 30.4375
132.8710 28.0060
135.5367 27.8296
135.0343 27.7860
134.3393 27.2994
136.7528 32.4916
135.8978 28.9617
128.2350 27.9833
138.6021 28.7042
133.1166 31.9947
131.6871 27.2203
135.2039 29.5221
134.0389 26.4237
136.7700 33.6370
134.0511 28.3617
138.6753 29.2492
134.1622 32.4212
134.5044 32.5542
134.2560 29.0639
133.6349 26.1145
137.9150 30.4728
138.1019 32.5774
140.6053 34.7996
134.2583 27.5672
131.6149 30.0370
133.5511 32.2291
136.3925 33.5207
133.1862 29.1205
132.8174 27.9225
136.2697 33.1590
134.3203 32.4212
132.6786 32.2745
132.7033 30.3278
136.7873 33.6148
136.4269 33.6633
132.6776 30.7764
133.8812 28.9167
131.9725 30.3389
136.9408 30.0999
135.4592 29.0557
133.4738 28.2600
138.8067 29.8811
139.6756 34.5907
135.3866 30.5568
132.4082 30.5137
138.5322 30.1656
132.5267 30.9473
132.9984 31.0777
132.6739 27.6632
139.2894 29.2515
132.3375 30.8580
136.8861 28.9181
136.9545 33.3838
134.6419 28.3366
139.0963 29.8628
138.3215 30.1393
134.2534 31.5670
135.3580 30.1753
134.1477 26.3728
139.1034 29.3623
127.3679 27.7465
132.8534 32.1933
139.0552 29.8153
133.6736 32.1211
132.0714 29.8617
133.9088 26.6768
132.3503 32.1639
130.9194 27.5552
137.9811 30.1333
133.4508 27.2703
135.2587 29.4909
138.9713 29.5717
134.2045 29.5066
133.3094 31.4017
136.5278 30.1540
137.4536 30.5018
134.7374 28.0710
138.1764 29.9259
135.8373 29.1300
135.2778 29.8977
138.7968 29.1850
133.9401 26.0156
132.7416 32.3099
137.1623 33.3649
134.1880 28.4311
134.5548 29.0708
136.5630 33.4937
138.5168 29.0228
132.0454 31.9001
133.4589 32.4700
129.1851 27.3756
133.8792 32.1736
131.9099 29.9890
134.5718 27.8618
133.8658 25.8970
132.6230 30.6039
136.7063 30.4434
132.7330 32.2284
134.0195 32.4102
134.3943 32.4900
135.5054 28.7929
135.6037 28.4974
133.4120 25.2950
132.8902 31.7874
138.1341 28.9446
133.5971 26.6423
139.1304 29.8428
137.8637 28.6792
138.5500 29.2190
136.0669 31.5630
128.9465 26.9802
132.7891 30.6957
138.8186 29.8572
126.3365 30.2097
127.4233 28.6212
130.2834 25.9365
138.6657 29.9871
128.4434 26.2737
132.5999 27.7845
138.4480 29.5823
128.0537 29.2688
138.0759 29.4409
133.1679 27.3473
135.1782 29.2578
134.3170 27.9559
137.8716 30.1241
133.6003 29.3685
127.7836 29.0798
128.0679 29.0583
132.0280 31.6431
133.6219 27.6515
136.3759 28.5228
133.8097 32.5403
135.1702 30.6431
127.2614 27.1186
134.4023 29.9680
138.4963 29.5228
133.3370 30.6841
138.3967 29.5177
134.2297 28.2569
132.7914 28.1660
137.9513 28.6213
138.9286 29.4047
139.2318 29.7489
134.9366 29.2766
137.1601 30.2052
134.8583 30.8224
132.4151 30.5584
133.2579 32.3187
138.9342 29.3408
133.8413 26.2182
133.1714 29.2312
136.3298 33.7354
127.4305 28.2364
134.3474 26.8656
134.1197 25.4099
132.3966 31.9120
138.9368 29.9576
136.3243 32.9234
132.1348 27.8512
136.6621 33.4873
136.5118 33.3514
129.1690 26.6129
134.2809 27.1835
137.2161 30.5546
137.7111 28.9303
131.8879 31.1835
132.6490 28.1571
138.4812 29.7903
132.8054 27.9731
128.0025 29.4195
137.2776 30.2894
128.9680 27.0832
133.0046 32.3334
135.0567 27.4700
131.2914 26.9431
135.2866 30.0244
138.7310 29.2869
133.7663 27.2840
132.8251 31.1911
134.2965 28.2350
135.5604 28.0564
132.9087 32.1226
132.6352 32.2375
139.1798 29.8883
138.5821 29.5143
135.2192 28.0627
137.2614 30.0344
134.0503 26.3845
134.1727 30.3767
130.6912 28.3064
138.3995 30.1728
134.8104 30.3054
138.7465 29.6894
133.9821 26.5218
138.9339 29.3521
136.2397 33.2248
132.7675 26.7907
138.3493 28.6118
131.3539 29.3954
132.5317 31.8029
127.0703 27.5792
132.8249 31.3548
134.4354 31.0448
133.2537 32.2756
138.8430 29.6829
135.7496 28.5109
136.5336 33.4259
134.7889 26.6639
133.0993 25.8662
130.8181 27.0881
133.9796 28.2814
136.8723 30.4807
136.5602 33.2533
132.0272 31.0002
129.5991 26.8459
133.6599 26.6228
134.3316 27.9668
137.3441 30.0771
133.5248 24.5460
131.5184 26.8309
138.9225 29.8358
132.1121 31.4769
138.4924 29.0862
138.3071 30.0621
136.2269 32.9317
136.6684 33.0149
133.5200 26.2096
138.8460 29.9450
134.1487 27.8241
136.6449 33.5996
138.7973 29.2746
133.6584 27.1944
131.2352 27.7236
133.6509 26.8400
133.6403 29.6411
136.2655 33.1903
128.3261 28.3475
133.2904 32.3510
134.8421 27.7335
134.5150 29.5097
136.3979 30.3816
135.2241 31.1627
134.6512 25.4765
136.4712 33.6734
132.2144 30.8760
131.4444 26.6835
136.2961 32.0214
139.1502 29.6174
135.3103 28.8803
130.6710 29.4874
138.3281 29.7510
139.3990 29.6122
134.1881 29.0149
137.4557 28.7224
138.6747 28.8693
133.4310 31.7659
139.0615 29.7921
134.2354 30.9501
132.3168 31.0549
134.1265 31.1573
135.9541 28.2564
137.3915 28.6565
136.6983 33.4577
137.5486 29.0552
136.6461 33.7478
136.6786 33.0735
135.7150 27.9544
133.5672 26.2392
134.1647 26.4303
133.6315 29.6798
136.5694 33.3457
137.0340 28.6789
133.4323 26.2600
132.4760 28.1071
133.9037 31.7856
134.3305 29.3555
137.0174 30.3059
136.8448 30.1328
132.2138 30.4309
133.5470 27.5634
134.3284 28.8501
136.7984 33.9619
137.3463 30.2623
137.2915 30.4508
135.6903 31.9988
136.1098 28.2357
132.8328 30.9608
134.0456 26.6278
136.8031 32.9023
132.1973 30.8383
132.6746 30.7734
137.4166 30.4478
132.8332 31.1744
140.6752 33.5889
138.7408 29.0158
138.9854 29.3346
133.0186 32.2526
134.1661 26.1522
133.5564 32.1348
137.1396 30.3384
135.3504 27.9107
138.2063 30.1329
132.2099 31.1483
138.5762 30.0396
138.5492 30.1601
132.0516 30.9825
137.9531 28.7058
131.0580 26.9532
138.7932 29.6728
137.4480 28.7294
140.4378 33.6897
136.3078 28.2454
133.5938 32.2003
137.2194 30.2825
136.7369 33.8423
132.6024 30.9778
132.5986 30.7671
136.5969 33.6237
138.4941 30.2376
135.5987 27.9205
138.0755 28.7329
132.4772 30.7568
135.1134 27.8875
138.6773 29.6846
130.2421 25.8467
132.1420 31.9829
139.0154 29.6312
138.5707 29.4630
135.6776 28.0021
134.2783 29.3154
139.1444 29.6700
132.4381 30.7925
139.1045 29.7499
137.6514 28.7050
132.1924 27.4691
138.2477 28.7944
130.4100 25.9420
138.8566 29.1805
135.1445 27.7246
136.4914 33.3346
136.7991 30.5300
139.3719 32.7804
138.9703 29.2551
138.8711 29.6195
135.0148 28.1446
137.9901 30.0590
136.3412 33.3490
135.9513 28.4465
138.9730 29.1768
134.2666 31.0486
134.2874 30.8798
137.4863 28.7247
136.5672 33.8223
133.0141 32.1654
131.9106 27.0144
127.9983 27.0312
138.5583 29.4273
139.0081 29.2656
135.1987 27.6515
137.9167 30.1255
138.2448 30.0424
134.2516 27.1453
132.2902 30.7139
133.3504 31.3220
133.2096 32.4241
132.2687 32.0916
136.3227 33.4144
138.3782 30.1199
138.4776 28.8206
133.7712 32.2595
132.7211 30.9205
135.1667 27.7001
138.9399 29.6524
133.9129 30.4669
137.5117 30.2098
139.0342 29.6104
136.9942 30.5819
133.0684 32.1569
136.6835 30.2207
135.1048 27.7555
135.7202 28.0991
138.7752 29.4850
137.9439 30.0802
136.2486 28.5102
139.0044 29.7206
136.6819 33.1832
138.9122 29.8607
136.3244 33.1905
137.4475 30.2419
134.5088 27.2117
132.5790 32.2858
132.8874 32.3039
137.1875 30.2419
132.9668 32.3291
132.8018 30.8871
134.9029 31.4052
129.8918 26.4930
132.6295 32.2866
138.2868 29.8892
137.4018 30.2078
138.6966 29.7882
135.5576 27.8729
138.9839 29.3137
134.4734 28.0252
138.6567 29.9209
134.1307 30.8509
137.5604 30.2512
126.0118 29.6530
133.9550 25.6876
135.3277 27.7466
134.7055 28.7537
134.1826 31.0424
134.9410 28.0187
138.7902 29.2268
131.3826 29.8933
133.8400 27.8508
140.3757 34.0022
136.8593 33.4589
133.7843 26.8271
135.5156 26.1130
138.7798 29.1084
134.6154 30.6355
135.1488 29.2182
133.7105 27.3965
136.9204 34.1276
133.5726 26.0417
134.1463 29.7443
134.5565 26.7686
127.6836 27.9721
134.7756 31.0607
133.1464 27.6864
132.7483 27.4981
127.0339 29.1875
136.3720 23.6608
132.7077 31.7019
137.2087 33.0458
134.9917 28.5118
133.4534 25.7444
138.8400 30.0454
130.6813 27.5623
136.6045 33.0157
133.3189 28.4398
133.4050 26.6178
133.5880 25.1810
136.1958 33.5599
133.5231 27.0634
130.2008 26.0676
136.2418 31.5132
130.2440 27.8855
127.2036 26.4103
128.0485 30.3721
139.6748 32.0487
133.8181 26.0707
133.5974 29.8466
132.2550 27.0209
133.8208 26.1485
134.5045 29.2805
128.7854 26.0763
131.8582 30.0668
134.6091 25.2796
130.9050 27.6257
134.0685 26.5464
137.9886 29.0490
138.6710 29.7061
132.9044 27.6779
136.4492 28.4729
138.8716 30.1712
131.2379 28.4019
135.2393 31.3444
132.4138 27.2084
133.1840 32.1387
132.8907 31.6002
132.7222 30.0428
128.0157 28.2007
135.9684 25.4760
132.2410 27.5968
132.6135 28.5246
128.7566 26.8149
128.9974 24.8003
136.8618 30.6180
140.6098 34.2535
136.3912 30.5315
137.2599 30.0233
136.1111 29.3064
138.4341 30.0741
140.8924 35.3354
136.8527 33.9036
137.5675 29.0861
136.9677 33.6329
138.2461 30.5833
138.8166 29.7013
138.7588 29.7270
136.2187 33.2967
136.3559 29.3476
136.1501 32.9916
137.0286 33.5496
136.5991 32.4206
138.9891 29.4942
136.8863 32.8763
135.5497 29.5577
137.5780 29.0872
136.7119 29.0742
136.1395 32.9636
136.8569 29.0697
137.0028 33.1484
137.1700 34.1894
136.0051 33.0226
137.0059 33.1565
137.0650 29.9526
136.9589 33.6266
135.9180 32.6268
136.8333 29.3556
136.2720 30.3710
138.5038 29.1292
140.5396 34.2362
137.0449 33.1133
136.5174 29.1313
138.4707 34.0949
137.5332 34.1928
136.8744 32.7584
136.9930 33.3169
136.8853 33.6811
137.8288 30.6144
136.8314 33.9262
138.9966 29.9914
136.8892 34.0592
136.2133 29.2827
136.8439 32.7825
141.6681 35.3246
137.2501 30.6530
137.4102 29.4223
138.3906 34.0815
135.5289 30.0479
136.9538 32.9520
140.7011 34.9526
136.9521 33.0818
136.0859 33.1050
141.1890 35.5952
137.0415 29.3949
136.8914 32.8015
137.2194 29.4279
136.7639 33.8736
138.9321 29.4380
137.6725 29.0755
136.8973 33.8981
135.5377 29.5442
136.4099 29.3297
137.9076 30.7287
136.9630 33.0887
138.4218 30.5337
140.3987 34.2747
136.4180 30.5735
141.4925 33.2638
136.5038 29.3449
136.3163 29.3752
136.9538 32.9454
136.1638 31.4258
140.0891 34.2423
136.4176 33.6151
140.7405 35.0843
136.4212 33.6677
136.8460 33.9212
137.0550 34.1051
137.0159 33.3240
136.3916 33.5804
135.8260 29.2191
136.7641 29.9771
139.0388 29.6290
137.3590 34.1369
137.0440 29.8880
136.8746 33.7579
140.3387 34.3876
137.0588 33.4575
136.1407 30.3769
136.0781 29.1055
136.6557 29.3601
137.1086 30.7741
137.7782 34.1790
136.3056 33.5266
136.7020 30.7750
136.9500 32.3677
140.2358 34.3507
135.2491 29.7131
137.0616 34.1722
137.3255 34.1892
138.8579 29.2803
140.9264 35.2893
136.9469 29.9664
140.6628 34.1181
139.0593 30.0798
136.0361 33.2152
136.4049 32.4398
137.0589 34.0634
136.5741 32.4413
137.0927 34.0191
136.8727 33.8194
136.3896 32.3988
137.0664 30.5570
136.8288 29.4109
138.0508 30.6493
138.8401 30.2571
137.6045 30.6789
137.8726 29.0514
136.7930 33.8802
140.4685 34.2612
136.9831 32.9847
138.8450 29.2541
136.8528 32.7335
136.6712 32.5455
138.4771 34.1160
136.3273 30.6235
137.0419 33.1842
136.3350 33.5550
136.7464 33.9414
138.8057 29.7328
137.1421 29.1808
138.1844 30.6170
136.8693 32.7984
138.4621 34.0662
137.2092 33.9525
135.3987 29.9348
136.0297 32.6097
138.2446 30.5689
137.0403 34.1204
136.8278 33.7625
136.4039 29.3786
141.5231 34.1803
137.0542 33.3738
141.0243 33.7679
138.5639 29.1103
137.4329 30.8565
138.6069 34.0607
137.9578 29.0635
138.3493 30.5398
138.5437 34.0596
136.3638 30.7527
137.0146 30.7533
135.8039 32.5945
138.2104 30.1673
136.8245 30.2458
137.8224 29.0818
136.4506 33.6970
137.4290 30.6036
136.3184 33.4813
136.8787 32.8701
138.4132 30.5292
136.1483 31.4693
137.0071 29.9476
137.6375 30.7595
138.7843 29.7363
138.9636 30.0543
138.3871 30.5291
136.8594 33.9460
137.0436 29.4491
140.8783 33.8972
136.5860 33.8929
136.2037 33.3717
136.3820 30.3128
136.2859 33.2259
136.3506 29.0884
136.9218 32.8833
136.4476 33.6675
137.3875 33.6741
136.3290 29.3201
136.0869 32.9624
136.1920 32.3678
141.2377 33.7043
136.6639 29.3561
138.3126 30.4897
137.0160 33.3950
137.7306 29.1334
138.4029 30.0441
141.1377 33.7284
136.1842 33.1158
137.0172 29.9530
137.1174 29.0763
137.0245 33.2278
136.4144 30.7103
138.9000 30.1449
137.3585 29.4856
136.9254 29.0918
137.0806 34.1487
139.0448 29.9307
136.4818 32.4193
136.0567 33.2174
137.5392 30.7119
137.0125 29.9626
137.0104 33.4060
137.0173 30.7623
137.4764 30.6185
137.1534 29.1045
135.5884 29.9902
136.8508 32.7353
138.4069 34.1311
136.6014 33.8614
138.8014 29.6929
138.6069 30.4413
136.8293 30.2461
137.0397 34.1177
138.3407 30.1141
141.0758 33.6918
137.1888 30.8904
138.3571 30.1507
138.3433 29.0836
136.2668 32.3800
139.0361 29.6051
136.8256 33.9966
136.8202 33.8198
138.9402 29.4485
136.8014 32.6149
136.9570 33.0716
136.5970 33.8793
137.3661 29.4890
136.8383 33.7691
136.3132 33.4855
136.8960 33.7571
136.8754 33.9911
136.8920 32.8225
137.4721 30.8338
138.9243 30.2205
140.5320 34.2945
136.3688 30.5011
136.9222 30.2953
136.1602 29.2552
138.4998 30.0338
136.8572 34.0569
136.5362 29.9124
137.4952 30.0033
136.2570 32.3296
140.5933 33.8197
137.8333 30.7477
135.7038 29.3954
135.5665 29.8971
136.4860 32.4622
137.0222 33.3079
136.0545 32.9337
135.7913 32.5134
136.3733 30.5561
136.2943 30.6510
136.7293 33.8124
136.8822 33.7307
136.2782 33.5520
136.4481 29.3493
135.3683 30.1724
135.5361 29.4232
136.3649 30.5579
138.0802 29.1184
137.3257 33.6685
141.0329 33.6398
136.4237 30.5507
138.7482 29.2276
136.1041 32.9512
136.7617 33.9732
138.5364 34.0980
137.1134 29.1292
136.3035 30.3795
136.5248 29.3937
137.4856 29.0994
136.1310 29.1170
137.2184 29.1295
136.8095 33.7791
136.6446 33.9249
138.1186 30.5325
135.3893 29.6827
136.5211 32.4240
136.8242 33.8168
144.0259 36.2414
143.3574 35.9559
137.8805 34.2290
137.0171 33.1974
137.0388 33.4361
136.3732 29.1043
136.3103 33.4791
137.8986 30.3250
136.2865 30.3237
136.4652 32.4281
136.0062 32.9526
140.9520 33.7795
136.8704 33.7623
137.1787 29.9466
138.4957 29.0951
137.0904 29.1401
138.3746 30.5361
138.7730 29.1884
138.7072 29.6383
136.0169 29.1085
136.7738 32.6822
137.0255 34.1721
141.5350 34.1959
136.9637 32.9230
136.7462 33.9179
135.8919 29.2478
135.5152 32.8117
138.9822 30.1674
138.0883 34.1380
138.8019 29.2723
137.9386 30.5945
137.0755 30.8859
135.5088 32.8538
137.8844 29.0402
136.2323 33.4876
137.4846 29.0890
138.9177 30.2164
136.7506 30.8386
138.5535 29.0946
136.0530 32.8669
138.8535 29.2876
137.5967 30.7792
136.0948 32.9401
135.7001 32.6608
140.5747 34.2875
136.2899 30.2135
136.8913 32.8331
135.7643 29.3408
135.5545 32.8538
137.1305 29.9898
136.6026 32.4239
135.7723 29.4218
136.9007 32.8287
136.9203 32.9433
135.9684 29.3477
136.5908 33.7981
136.2103 29.1605
136.9628 33.4530
137.7404 29.1151
137.5757 34.2628
137.0537 33.4967
137.8552 29.1986
