128.5921 25.1360
134.5864 29.0887
128.3209 24.2868
141.9931 35.9165
133.3464 28.5096
130.3190 28.2419
129.1603 25.4222
137.6456 28.3691
135.8833 25.7715
136.9710 27.3951
132.5757 27.9504
128.2636 25.7215
133.7856 32.7333
133.5935 31.9007
135.9945 28.7717
135.3843 26.1360
133.6702 29.2541
139.0453 32.6503
136.5772 26.5262
137.1315 29.8078
134.9867 25.1846
131.0750 24.2521
136.9204 28.6715
142.7348 36.8353
136.1787 32.6829
130.9656 25.2688
138.1293 27.0425
133.4556 27.6666
138.4694 27.6051
138.7113 30.0737
136.9272 28.3606
133.3189 27.6334
136.6172 27.3848
128.0362 25.7305
137.1539 30.7606
135.5886 27.5568
133.7665 30.8823
130.1714 26.3013
133.4661 25.8998
135.6182 25.7362
133.4822 31.3113
131.4169 27.3297
135.3114 26.6225
131.3215 21.8017
146.0264 34.6492
133.1600 28.5396
135.9399 29.6722
133.0950 30.5270
123.4131 20.0619
130.9117 28.5217
131.0853 24.7001
136.2552 33.1343
132.2263 29.8038
128.4185 24.5010
142.8222 35.8075
133.1721 31.2897
133.5075 30.1032
128.8346 25.5950
124.7822 20.0297
132.5273 30.3494
134.2429 25.9803
136.7904 30.0099
131.2051 28.1503
145.0083 36.5458
135.8428 26.6534
134.6153 27.9891
131.8039 24.0563
136.2585 27.1929
132.4182 26.5539
130.4982 21.6931
139.2169 27.2074
134.2975 30.5611
132.5620 31.0808
133.6778 27.8359
129.1894 27.6631
124.9764 25.5468
131.4106 20.9769
129.6255 24.5326
138.2781 28.4864
132.2676 21.8608
131.0574 25.3974
133.9083 29.3679
137.4564 28.7038
134.3882 28.8072
132.4514 23.7149
132.9880 32.0286
127.5999 29.2981
134.8450 30.9486
133.0832 24.2053
136.0486 30.8063
129.7994 26.1024
133.4651 27.2769
128.7067 22.2195
129.4286 25.3537
136.2161 26.1975
135.5687 29.1046
134.1511 32.7713
132.5199 22.1240
134.3003 31.7782
132.1672 26.2712
130.1936 21.1217
137.9042 29.3996
136.1042 30.0843
137.3352 28.3779
133.0647 24.8135
133.2097 27.8330
144.6504 36.5704
131.4488 29.3992
144.8882 33.7134
139.1550 31.9345
129.9570 26.1945
132.5949 23.1068
128.7947 27.1980
132.4551 30.7330
135.8983 26.8599
134.6943 33.1744
137.8206 29.4181
132.5973 22.9800
132.6328 24.9217
135.2764 25.8716
136.3531 28.4649
136.7807 30.8417
128.9361 25.2251
133.4125 24.0473
135.1504 27.4282
133.3858 30.9803
136.4504 27.5835
129.5990 25.4869
131.0037 21.4649
128.8032 26.0719
130.9638 29.5906
129.8836 25.8100
133.2951 32.3113
129.7184 25.3372
131.1276 28.2765
139.2449 27.4886
134.7407 25.4055
130.4684 20.6076
132.5179 22.8997
145.9959 34.6571
135.6002 26.0688
132.5346 30.0216
139.3798 34.8413
133.3579 28.2592
136.2543 26.9980
128.7954 27.1507
138.3786 29.8292
130.2774 28.3346
131.5450 28.8354
123.3979 23.3204
132.0346 28.3810
137.5107 29.6948
130.9517 25.0218
134.4993 28.4011
132.0564 27.8672
134.8330 31.4214
145.4686 38.7727
133.4525 31.3324
136.3654 28.5957
136.3497 26.6565
132.2862 27.9496
125.6591 24.7311
145.6998 34.9109
136.7942 28.5969
131.7748 27.9328
136.2893 30.0145
128.8819 27.9750
128.9135 27.1374
142.9454 36.4725
133.0366 30.9715
134.4215 30.6267
133.4645 30.9198
130.0187 24.7706
139.5952 27.0822
129.3071 26.6963
132.2483 28.3796
134.6506 29.0135
134.5947 27.2166
132.5767 31.4310
125.0153 22.8366
135.3395 27.5542
131.6112 25.5812
139.0401 27.6296
134.7886 25.9113
135.0703 26.0008
131.3876 29.5813
136.8729 32.4137
134.1560 30.0002
138.5866 32.2884
133.7155 27.9021
135.0411 27.7495
132.5445 30.9357
136.7031 26.4289
135.7915 25.6453
133.8625 29.0877
134.9636 29.2653
136.0131 27.2760
137.6038 28.4257
131.8371 24.5240
122.5411 19.4017
136.8075 26.8936
133.6531 31.5930
131.8020 28.1733
145.4059 34.9098
135.7017 26.0193
137.2164 27.3273
129.7742 27.4396
136.7021 31.7327
135.3021 25.9014
128.8099 26.3363
130.9630 22.2785
120.1944 20.4176
135.5504 27.2164
132.8575 31.1139
139.2588 27.5556
133.8383 28.9342
129.1567 26.1182
137.3492 28.3510
136.8259 30.0914
130.1197 24.3638
126.3684 24.9585
134.9327 25.7632
135.4732 27.6978
132.4209 29.1221
133.2991 28.7597
130.7131 27.6317
129.5623 30.1561
143.6813 35.4880
135.6660 25.2011
137.9511 31.5920
130.7378 24.0165
131.6339 31.8295
123.6910 21.4103
135.3060 31.1231
133.8273 30.8372
129.3847 25.6870
131.3683 28.6033
126.8523 25.3154
129.6832 24.8982
137.5668 29.6982
135.4847 26.9101
133.1748 30.8551
133.2940 29.5115
128.7255 26.3445
136.9755 28.4514
136.1014 27.4588
137.6407 28.2413
135.8400 29.4184
137.0875 31.6944
131.2315 27.0777
133.9054 30.8745
131.1419 25.4263
134.8821 26.8502
131.4356 28.9882
128.0529 25.4266
136.4957 28.5981
127.5265 25.5150
135.7801 27.2247
134.7335 25.4658
135.4193 26.7448
130.4187 22.0206
134.4349 29.2878
138.9848 28.0394
136.5423 26.6212
129.3472 21.6394
129.1443 25.6328
129.0821 24.3825
123.0738 20.8592
133.9265 30.7309
137.8149 29.9366
138.7219 27.2259
136.1679 28.6190
137.3244 26.7927
134.6150 24.6405
132.6217 23.0478
132.3367 30.1744
130.7745 24.6869
133.9447 32.5064
123.5788 19.0594
133.2479 30.7017
130.6304 28.5722
128.9831 26.9913
136.2655 26.1832
136.4738 28.5959
144.0100 35.7586
137.8608 28.7463
133.4556 28.6307
131.3671 24.4660
135.5833 25.5683
132.4644 30.2163
123.9388 20.9383
135.4643 27.1050
136.1241 29.6819
131.8447 29.8554
137.6857 29.9228
130.3488 21.0401
122.2762 20.0571
130.7849 28.6381
133.3439 31.1446
137.8868 30.2056
137.3100 28.7521
132.7603 30.3387
134.7529 24.9225
136.3400 31.2224
137.6485 30.4973
135.3289 33.2013
133.2738 27.9799
129.9461 25.3516
138.5595 26.9671
130.1124 26.8756
136.7156 33.2045
127.2942 25.2402
131.7157 31.9324
132.7049 29.8382
136.3819 30.9290
134.0033 30.8651
129.1048 25.9538
134.0076 32.3426
126.5948 24.9711
136.2753 28.6677
138.4417 27.7880
130.3232 25.5206
130.6086 24.1425
129.5746 25.3253
134.3532 27.8953
130.1106 20.7215
139.7381 31.0687
137.7908 30.1523
130.9877 27.2545
130.7711 21.9144
136.9867 28.3835
137.8149 28.6976
134.6491 27.5430
133.0918 30.9862
137.1566 30.9158
135.6121 25.8285
134.5662 31.8951
136.2077 30.1481
135.6835 32.2937
129.8949 30.2620
127.9360 25.8236
135.6340 33.0456
139.2779 27.2912
137.5879 28.5917
128.9318 27.4503
136.7871 31.8224
132.2719 30.0721
135.3192 27.5017
135.8118 26.4644
137.4026 28.2760
138.0390 29.2365
137.0950 27.1727
135.4689 30.9487
123.6629 22.5383
139.0238 31.9709
135.1802 29.4199
136.5741 31.2518
138.6339 27.0743
134.5078 28.3131
131.4559 26.4336
132.4567 25.1143
133.2834 26.3022
126.3343 24.5841
132.8430 24.2901
130.1647 25.3948
136.3710 30.6550
133.4643 30.5655
131.2437 25.6232
132.2959 27.8703
130.1761 23.0100
130.2499 21.7655
133.5170 32.2531
131.4747 24.8062
124.1710 21.8085
133.6278 27.5535
137.7972 26.9300
139.2885 27.0858
129.0782 25.3244
127.9314 25.9453
137.0040 28.4876
134.9625 27.2721
133.5020 32.0932
135.4801 26.9861
131.1714 22.3377
133.7360 28.8475
134.0105 28.9883
132.0149 30.0789
132.5804 24.3767
135.0821 26.0238
131.7877 29.9573
137.3655 26.6154
138.0543 27.9851
134.2921 28.5991
130.8632 28.9574
137.2789 29.5884
127.8864 25.8402
133.4231 28.4933
126.0227 24.8143
138.7456 30.2196
135.2936 25.8011
136.1496 27.4970
131.1714 27.7144
135.8489 27.7277
131.4331 27.8278
133.2729 29.3436
136.7179 26.9171
132.5561 27.7660
136.3445 29.4038
130.3855 24.3566
132.3094 30.3482
135.9883 31.3184
135.7579 28.7018
132.0220 22.5421
129.7529 27.7673
136.3271 26.4883
126.2237 25.0844
131.2659 22.0553
134.9247 27.6528
131.1285 21.6388
123.8695 22.3892
139.0251 32.4347
127.8336 29.4138
137.8736 30.3048
127.4180 25.9500
144.4469 33.9028
130.4897 22.4099
138.5948 27.2846
130.4085 24.4884
130.7885 21.2855
132.4247 25.8851
130.2197 24.6933
132.4697 28.5558
132.4845 23.3463
129.1829 25.0795
132.4867 29.7307
131.6039 25.9278
125.0337 23.6304
135.3716 25.9661
131.6489 31.8759
136.1353 32.0007
128.2729 25.2740
135.7586 27.3949
133.2542 30.5603
136.4844 30.3055
137.8620 33.1491
130.8594 25.0141
137.4943 28.1407
131.8222 25.5433
137.9043 29.8298
135.9277 26.9671
132.3249 27.9070
137.0645 27.3823
129.9417 21.4019
131.6026 29.1881
133.9707 30.3629
133.2218 31.7430
132.5493 30.9555
130.8291 24.4655
134.6769 27.0276
131.8502 24.3951
137.9838 29.4639
124.5220 18.5154
136.3285 27.6048
132.7592 23.3430
136.2135 27.3612
133.7612 29.1321
138.7222 26.9332
136.6127 30.6556
138.8855 28.3605
133.4520 31.7438
127.7947 29.0492
136.8299 27.6459
136.7556 29.8114
131.5758 27.6145
134.5968 27.6741
129.7569 25.4657
137.4345 30.0692
136.8036 26.3319
135.0284 27.3712
131.3327 29.3224
130.7085 21.3196
135.3966 29.9166
124.1352 21.6933
135.4300 27.3413
134.5952 28.8414
131.4422 21.9760
136.0602 25.7850
134.2405 24.7805
131.1116 28.5831
131.4778 22.0558
131.5270 25.8999
130.7795 26.0126
135.8818 26.2058
132.6153 26.0233
137.6420 33.0268
132.2404 30.0543
130.2917 27.8200
135.2131 29.2933
132.1812 29.5692
131.1857 22.1023
132.8525 22.6024
137.3533 30.0819
138.0330 27.4397
137.9370 28.4211
137.4538 28.5996
135.1373 27.2435
131.7268 29.1987
124.1305 21.4105
131.2457 23.7437
133.6262 28.5200
135.1888 33.2208
129.3965 27.1754
130.3000 25.3552
132.6909 27.8138
135.6256 28.6017
126.3252 25.1458
138.8245 28.3916
131.6028 28.1729
131.9510 28.1611
135.8089 26.6200
133.0764 28.0162
130.9074 25.2363
133.1951 28.4659
136.0130 33.3735
134.0390 29.3270
131.9684 21.1323
138.8432 28.5460
135.4420 27.2075
131.9916 27.6661
132.2690 28.1486
130.0075 24.8037
139.1156 27.8588
137.8435 28.0106
137.7913 28.7795
136.1769 27.2083
132.3832 26.1750
132.2095 29.5218
123.4105 20.3083
129.9162 27.0601
136.2558 31.2187
137.9516 30.3486
139.4754 27.4537
138.2986 34.2494
136.5610 30.8723
138.8542 30.0326
134.9630 26.2720
140.9628 34.8345
138.6181 27.1423
135.1805 25.8543
139.0384 32.2419
142.5381 35.8008
135.8976 31.2289
134.9530 31.2120
139.5885 27.4579
139.1335 28.2916
136.3273 27.3024
134.6705 30.0983
138.9063 27.3306
145.7222 34.9861
139.0673 33.2274
129.2809 29.5697
137.4523 33.4086
127.2167 26.7416
135.1731 27.7246
139.9500 33.3304
139.3984 27.9605
135.3190 25.9230
135.0515 33.2492
138.3949 28.2136
132.1885 28.2380
139.1615 27.8729
136.6911 30.7233
138.1522 29.0612
138.0640 27.0333
137.3082 30.5617
127.5479 28.6773
137.9315 27.1034
144.3164 38.9643
135.9839 27.5025
127.8697 29.2642
136.4824 26.4132
136.4994 26.3925
137.7299 33.4333
137.2287 33.4930
133.1637 29.4524
137.5855 27.0477
136.8168 27.8558
137.2325 28.6774
129.3443 30.0496
131.5852 28.3664
136.9602 26.7895
136.7166 29.9256
132.2905 21.2973
138.9353 31.7184
133.7072 29.1428
135.6197 25.5890
144.3692 33.8362
135.1822 27.4656
136.7934 27.3142
145.6197 34.3973
136.2042 25.8896
136.9356 26.6584
137.2613 33.2909
137.8268 28.2606
136.2048 26.0712
139.5794 27.5700
138.5419 27.0990
139.2869 27.1604
137.1409 26.5842
137.3964 27.0740
139.1360 27.8949
137.9865 30.1201
138.0475 31.7334
135.8557 25.9412
135.1926 26.2280
137.9803 28.7617
145.2134 37.7795
134.0244 25.0264
133.0139 31.9893
139.2330 27.7238
145.2317 36.2113
133.7584 30.9757
136.5304 27.8917
137.2515 28.2413
136.5841 30.6229
139.4972 27.1408
135.7344 32.8492
131.4561 28.0438
136.1018 25.7547
131.7523 29.1780
136.3145 25.9426
137.9412 27.8080
132.4175 28.2868
144.8725 36.3068
137.4534 28.1684
131.7292 29.0638
138.3019 29.0975
136.9845 31.0467
137.9047 29.8698
147.6359 35.4692
136.7573 30.7137
147.1982 37.1833
138.9277 29.5732
135.7673 25.8717
126.9803 28.0961
138.9171 32.4329
151.0228 36.2020
133.8627 32.9213
136.0361 26.3224
139.0707 29.3044
138.1976 31.9093
131.4710 28.9224
146.2620 34.6678
137.0623 30.6367
135.1577 31.8395
143.6397 35.9705
138.9342 30.0977
138.0328 28.9681
137.5598 28.5169
138.3412 29.2239
135.8503 33.3045
132.5229 28.6888
138.9561 29.2807
147.1726 34.7880
127.6080 25.8042
139.7930 27.2497
131.5339 28.3755
130.0549 26.4265
144.3250 33.1330
134.3608 31.4879
137.2140 30.8791
137.9239 28.5087
139.4028 32.7357
139.5548 28.2625
135.8639 27.4770
141.0518 35.2042
139.0399 27.2287
136.3954 25.9042
143.5839 36.5594
139.7946 27.7766
131.4874 28.3198
138.1394 31.4000
137.1395 26.9894
127.2101 29.0029
139.0512 29.5636
136.9756 26.8569
136.0791 27.7141
138.4532 29.9498
143.2530 36.3276
135.7216 27.6076
144.3734 38.3264
134.8083 31.7582
137.5665 28.5155
144.4284 38.7864
134.9924 32.0465
144.6213 35.4241
136.5113 31.1155
141.2164 35.4379
139.6346 27.7190
134.0701 29.9383
136.9015 26.8424
135.7555 31.0850
146.5197 34.7493
141.6069 34.3267
137.1298 28.3670
139.3095 26.3884
137.3390 30.8917
133.5487 30.2294
140.9540 35.3025
136.3492 31.8425
135.8497 30.8714
129.6878 27.1033
136.2967 31.1465
133.4643 21.1702
138.3718 32.0305
130.5655 20.7410
135.2992 28.7149
136.1732 26.4448
134.9797 31.0040
133.6322 22.9304
134.2719 26.7226
131.5534 28.3018
134.8096 29.6588
139.4345 33.9461
130.7154 28.4532
138.2694 28.5268
133.1450 28.1782
136.3960 26.7537
135.5027 31.1156
133.8920 30.7944
138.5050 27.5598
132.0365 29.7129
138.7662 31.8753
136.4464 26.7727
138.9748 31.1591
131.5644 28.8895
131.8879 21.4732
132.8419 29.3825
138.7200 29.5349
122.8348 30.0961
124.7517 23.5421
131.8460 22.0743
125.6875 25.6170
139.1704 27.8801
139.4236 26.7869
146.4666 34.8297
133.0198 32.4067
135.7426 25.5477
140.0549 27.4357
131.5235 20.8756
136.8353 31.7309
136.9128 31.0660
134.7480 30.2137
129.8862 26.4295
137.0326 27.9356
134.1337 29.8691
133.4993 31.7144
139.6178 27.1626
139.3143 26.3174
137.9696 29.6103
135.2167 30.1346
145.4742 34.7049
134.5072 25.0437
144.2170 35.4907
130.1443 26.5198
135.4452 26.2041
135.4397 31.4779
132.1543 21.3821
132.1297 25.0194
137.0206 30.4696
132.9774 21.8815
138.7942 27.1133
132.2432 21.0560
137.3936 30.6819
132.6445 30.4477
137.2075 28.6408
136.6122 31.1337
133.7359 29.5813
135.0518 26.6555
135.3790 30.3927
139.4674 26.3212
128.9743 29.3045
132.9502 31.4106
131.7339 21.2770
138.8923 27.4160
141.2137 34.2951
134.9977 32.1304
135.4888 31.8785
130.5891 21.0744
138.1665 28.7707
131.4550 29.6314
137.0246 28.0078
131.7205 29.7148
138.2341 29.1124
137.6664 27.0414
134.3132 30.2286
124.8472 21.7075
135.2004 27.8680
146.1806 34.8549
135.4001 27.6378
128.9512 21.7824
134.2365 25.7006
135.7088 26.2523
142.4566 36.2499
129.9241 26.0410
132.8117 24.4160
134.6016 27.6838
129.9537 27.5001
143.8162 34.4220
130.6075 28.2910
132.6495 23.3719
131.7584 30.0772
137.2840 29.4981
130.6182 27.9760
135.1969 25.8737
135.4333 27.3603
131.0340 21.9652
138.9439 28.8946
125.9204 23.3023
136.6820 29.1162
128.5468 24.9347
137.9896 28.7842
134.7332 30.0071
137.3146 30.7412
133.2122 27.8090
138.0460 29.1642
135.6819 27.4245
132.8721 28.1985
139.4495 32.8706
134.9203 27.5765
144.1921 35.8945
136.4715 31.9840
130.4305 20.5195
137.8812 33.1948
135.2753 25.5412
133.0446 22.7811
130.0243 25.7611
139.4408 27.5208
133.6630 32.4667
139.6087 27.0268
127.3123 29.2107
136.1932 30.3762
130.4038 22.2768
129.8616 25.8090
134.7188 28.3918
137.9626 26.9143
130.6792 21.8794
145.0661 35.7153
138.8776 26.8020
135.8621 27.6315
139.3404 33.4071
138.1317 27.0067
127.6450 28.6710
139.1134 31.8724
132.9765 30.6503
129.9997 27.9778
135.2587 27.7594
135.9088 27.4339
130.7345 26.8906
124.4459 23.4915
131.9315 24.3324
137.1365 27.2356
135.9699 26.9733
131.5947 28.9675
131.0258 27.8766
135.5467 25.5622
135.5885 27.5672
129.9308 27.4234
131.3677 28.8209
135.4344 27.7681
124.7655 19.6608
131.6985 29.9535
135.6913 27.4180
130.1653 27.7870
134.5744 33.6300
136.2518 25.9439
138.1969 29.5638
131.6384 25.2072
129.1602 24.5938
138.0035 31.8330
134.2679 32.6227
130.6731 26.5104
132.2387 25.0774
135.2418 27.4362
142.0892 36.1991
132.2081 24.5749
138.6866 27.1603
128.9202 26.1145
131.2381 31.0250
130.4455 21.8131
138.5563 27.1839
137.2687 28.3158
130.2705 26.6632
136.4003 25.8951
136.4942 27.4765
129.4616 26.0767
134.2542 29.4173
144.5137 33.8333
123.2056 22.1396
136.1209 27.3470
134.0233 27.5293
139.6607 33.0122
135.4983 32.8669
128.0213 25.1567
133.5286 28.5903
129.4525 24.4728
130.8155 24.4086
136.1760 27.2827
135.6937 25.5405
128.8431 27.0173
135.7087 26.9730
133.4406 27.8900
137.6162 33.2202
135.7033 27.5579
134.1912 31.7578
133.5591 27.7769
136.9699 27.8981
131.2782 24.5605
138.9657 27.8095
139.2556 27.6247
131.1319 22.2532
134.8084 31.3762
135.9767 31.2620
138.2267 32.1974
136.5948 27.7179
136.2859 27.7875
130.5962 22.3733
136.4947 28.5428
132.3100 29.5696
137.4419 30.0076
135.9578 27.6120
135.4147 27.5525
135.6359 27.4229
135.6750 26.7999
131.4837 23.7216
130.0403 28.0020
129.6003 24.2524
137.4200 29.6614
132.0138 27.6996
131.2027 24.0773
133.1542 28.4799
140.0479 32.9540
131.4375 26.1755
134.4332 27.4364
136.8917 27.1071
134.0977 28.9153
134.0419 31.6325
134.5483 25.3445
137.4921 28.2401
131.9862 24.9794
136.9911 28.0247
129.8533 27.9087
123.4341 21.9369
133.5263 32.9476
135.2448 27.3275
132.9388 27.8502
136.8333 26.3969
132.2856 25.2568
136.1455 31.0688
137.2658 30.5429
136.8141 28.2940
132.4114 21.7679
135.4119 25.8064
132.1339 26.2346
135.5125 25.6182
136.3037 29.8916
136.6230 27.7278
136.0573 26.8296
139.0088 27.1735
135.5532 27.7217
123.5354 23.2020
137.3981 29.4945
137.6369 28.2951
144.0185 35.6676
134.9946 25.5261
131.2922 20.8810
137.7741 29.7783
137.3079 27.8010
136.4443 27.6522
132.9209 26.0466
136.8538 28.3224
134.9875 26.8646
131.4752 27.9420
129.1410 26.3252
132.8336 31.9675
137.7937 28.6900
126.5724 27.4080
132.2562 26.0659
138.8095 26.6755
144.4994 35.9480
134.6956 26.8327
122.4043 21.2152
122.2503 20.4695
134.4975 27.1297
132.3273 31.6344
127.4929 28.3059
130.3777 20.9559
125.8738 23.6136
136.2927 27.4420
136.8894 29.1026
135.9234 25.6666
139.1370 32.8899
135.4014 25.5880
130.5535 21.4135
138.5510 26.9522
136.4853 27.2357
131.4249 20.8859
135.6971 31.4898
131.2508 28.0717
127.2991 27.6177
131.3854 25.5612
132.6182 21.9736
136.3088 33.4325
130.5423 25.4516
135.5804 26.1470
130.6794 25.4766
141.4156 34.5290
144.0917 35.5399
129.9751 25.5751
133.1900 25.2273
139.2345 32.0143
135.4786 25.5888
129.0548 25.9614
133.3500 26.2578
129.1060 26.3244
132.1176 30.1715
141.7051 35.6563
128.2231 29.7308
129.7272 27.3099
131.2852 28.2292
128.3109 26.1958
131.3172 25.2924
139.0102 29.1219
133.3442 23.5877
124.8734 22.6757
131.9824 29.2779
131.0080 21.0232
136.2740 26.3099
137.7009 28.3635
143.4355 36.5352
137.5855 28.1805
126.4230 26.7896
140.7087 33.9113
126.9321 27.0781
135.8573 26.5949
132.7926 30.8800
138.8982 28.3066
129.6452 26.5403
129.1372 27.2280
131.5530 25.3380
130.7793 28.3983
131.4239 27.9423
134.3383 28.4222
134.2781 31.9056
133.7612 29.5168
134.9897 28.2670
128.2643 29.6047
132.1872 29.1296
133.4241 24.9868
132.1011 30.0741
130.9158 25.2610
139.0736 31.9333
139.1015 28.2052
130.9529 25.5296
133.2733 32.3637
136.3103 30.0643
133.9424 31.3007
135.8044 26.9602
135.5031 25.6432
134.6700 25.3954
135.5396 25.7352
137.6767 30.4231
130.7405 25.5843
135.5098 26.8687
136.8755 30.5214
131.4692 25.8888
136.9129 32.6683
137.6794 29.7559
133.0341 23.5196
136.5952 26.9275
139.6250 27.7520
138.1589 31.8850
131.9562 29.5996
135.0867 26.0384
137.3847 30.9661
143.2003 35.9918
136.2018 26.7679
136.8148 28.1943
138.0188 28.6564
133.3889 31.8302
133.6108 24.5021
137.9214 28.6147
129.6227 27.7458
129.9747 27.6831
138.0214 30.0588
131.4456 28.1082
138.2848 32.1299
128.7108 25.7541
123.3430 23.2912
134.6660 25.4430
130.7122 28.2839
139.9790 27.3636
138.9232 27.0906
136.4492 31.5375
136.8181 27.0801
151.7720 34.1794
136.7344 31.0249
138.4610 29.0806
136.1617 30.8882
139.7607 28.0224
138.5337 29.1968
133.6965 31.5127
133.4113 32.7732
140.6201 34.7299
136.4022 31.4509
133.4008 31.6799
137.2610 33.4995
141.9883 36.1466
132.3483 31.8107
141.2608 35.9042
135.5090 31.3461
141.8453 35.2228
136.2650 30.8432
138.4952 29.5604
136.2141 33.3711
138.2973 30.2042
138.3342 31.7046
133.1133 32.3729
137.0164 33.5455
140.0874 33.2986
135.7407 31.6025
143.8394 35.7647
135.7810 31.0509
139.6980 27.9053
153.7893 37.8310
137.7597 27.1923
138.6015 29.6709
136.6240 30.8931
134.8745 33.2144
138.5967 33.8364
138.6924 27.0845
138.3208 30.1627
139.2554 28.4774
134.1120 32.6927
138.2650 28.7488
137.5426 33.8971
135.0109 27.7054
136.9649 31.0163
135.6797 33.2431
140.1481 33.0866
135.0177 32.2507
139.1415 29.1569
135.1768 31.8244
151.9747 34.5980
139.2924 28.8817
134.7127 32.2808
151.5576 35.5843
139.9249 27.3495
137.7839 30.3848
134.7835 27.7839
135.8313 27.7602
138.2000 28.8176
139.6439 27.9837
139.2134 28.5002
137.1461 30.3576
139.8791 27.4784
139.8594 32.9464
134.6208 31.3974
135.6461 27.7633
136.9237 31.2807
141.4051 35.0094
139.1986 30.5387
137.5486 33.9543
143.4342 35.9628
136.7485 30.6580
136.5169 27.1066
137.1829 33.4315
147.3660 37.2905
135.6848 31.2372
136.9473 26.9321
133.3945 33.0588
147.2650 38.5315
140.6808 33.4156
136.1397 30.9379
135.7516 31.6187
147.2968 35.4424
141.3527 35.4584
134.9811 32.7625
133.6428 32.8833
134.3320 32.8004
139.9779 27.8583
157.5338 32.9511
134.3815 32.7058
136.1536 27.6537
138.0588 28.4280
137.2957 27.0734
134.3744 32.6282
142.8473 36.5728
141.6612 35.8507
136.7878 30.9889
148.2399 34.8260
134.4782 33.0726
135.7814 31.9350
133.1014 32.6353
136.9268 30.9481
139.8758 27.9653
133.2452 31.7731
136.7187 30.7724
138.4691 29.9488
138.8140 27.1440
141.4261 35.1138
134.3767 31.4282
136.5635 26.3179
136.7514 27.1811
135.4068 32.2194
150.7823 35.8587
139.1403 30.2955
134.7701 31.4752
136.4407 30.8389
139.6763 27.1791
151.4383 35.7187
139.6679 28.3289
136.0298 27.7371
147.3518 37.2103
139.6157 28.0042
135.4106 31.3730
136.6970 30.7202
139.1742 27.8027
136.8040 33.7062
134.6108 33.5638
141.4163 35.6368
140.5263 33.2919
139.1793 29.8815
139.2331 29.2230
135.6715 32.7522
138.0155 33.7166
139.9971 34.6722
133.7480 32.7563
133.8623 32.9467
139.3363 27.0320
138.3646 28.8879
138.4466 29.4263
137.7554 28.2300
139.8103 27.6177
136.7271 30.4423
134.6040 32.8394
138.8146 34.1538
135.2445 31.7689
133.0448 31.9298
138.4527 29.2971
139.7446 28.1486
137.0051 30.5192
147.0344 37.4888
147.2646 35.3998
139.0083 29.5169
141.3669 35.3888
141.2652 35.6256
144.5780 33.2763
137.0850 30.2650
137.6221 33.3347
138.4979 27.1814
144.6425 34.3729
144.2361 38.7776
136.2978 27.6025
139.8279 28.1240
134.1870 32.8821
134.4731 32.7979
153.5545 38.2832
138.2095 31.7932
138.4650 29.1334
148.8212 36.0117
136.3666 27.4276
132.9421 32.1465
139.7622 33.2013
136.8585 30.8497
146.4066 34.5288
134.4575 33.1050
133.0648 32.0005
140.0293 33.3679
135.1746 31.7739
136.0266 31.1274
140.7104 35.4867
136.6714 33.3919
136.8900 30.4761
135.0959 32.4102
135.9456 27.3710
141.3514 35.3521
134.4058 32.4838
136.9561 33.4455
136.7809 30.8332
145.7537 36.0462
140.0230 33.2303
138.0336 33.7404
136.5791 27.4130
135.8934 27.5604
139.0282 29.9487
136.5783 27.3963
139.1640 29.4972
134.9404 33.0987
136.1443 31.2410
136.8673 30.3768
138.5168 34.1003
137.0045 30.1911
137.3578 30.6651
138.3491 29.8443
147.8549 35.5313
134.9450 31.2152
134.7782 32.7374
140.0003 33.5219
138.4023 29.6226
135.7061 31.9983
136.2862 30.6916
135.0551 32.0283
139.1047 30.6220
138.7240 29.6432
136.4271 27.0739
137.0971 30.2327
139.4901 34.2643
136.7904 30.3748
134.7133 32.7895
134.1847 27.9933
139.8598 33.0110
137.4813 31.0707
136.7842 25.9006
137.1683 30.3842
133.2142 32.6321
135.5548 32.1647
134.9415 27.8450
135.9839 32.1928
138.3280 30.1903
137.6043 30.7855
147.5475 35.3620
139.9362 27.7435
138.5609 29.4110
144.2680 38.6948
134.7463 31.3246
139.4522 27.1496
141.7301 35.8882
133.2931 32.8352
149.8742 39.1155
136.2595 30.9495
136.8847 30.3969
138.4243 28.9267
139.4076 27.6623
139.9603 27.6200
137.1639 30.7553
144.8436 37.4936
138.1891 28.6544
137.6821 30.8978
139.5464 28.3596
136.7803 27.1191
137.7249 29.1118
135.6854 31.1063
136.7542 26.6534
142.5760 36.0447
141.3256 35.1298
137.2942 28.0883
136.8709 30.4077
134.6809 32.4557
137.7655 28.7675
137.0453 30.9943
138.4097 29.8024
134.3563 32.9769
134.1259 33.0136
139.7115 28.2195
141.7323 35.2182
139.6638 28.1454
136.3303 31.1817
138.1020 28.5658
141.4222 35.0903
136.9680 33.5141
134.5772 32.3133
138.7865 30.4419
133.5038 32.7201
137.3372 33.4322
138.0502 30.7526
133.8253 32.8679
138.3293 30.0002
137.9388 30.7219
135.1994 32.0794
138.5267 29.2767
136.0240 31.1587
135.9270 25.5972
136.0880 31.3909
133.7565 32.9039
136.8503 30.2948
137.3483 31.1054
138.9528 27.0706
137.1463 30.1576
134.0678 27.9970
136.5942 26.1921
132.7848 30.7351
136.9291 27.1420
144.5960 34.1622
136.0399 30.7325
127.5421 25.2129
140.5723 35.3313
136.1713 28.1964
139.7344 27.7118
148.1533 34.4071
129.7657 25.5963
131.5736 29.1771
135.3552 25.1689
129.3478 29.5566
138.3306 31.7154
134.8973 31.6541
136.1784 31.0545
145.3579 38.4455
137.3080 33.3098
132.5968 28.2149
131.9188 29.6588
134.0386 30.7933
126.1788 19.0097
125.9922 24.1988
127.7381 25.9404
147.0260 37.8696
130.5575 21.4318
132.4628 20.8358
132.4916 27.1638
137.8988 33.7221
137.5062 29.4119
135.0238 30.0289
134.1470 27.5705
137.4865 29.4701
136.0315 26.6417
137.4345 28.0323
151.7024 38.1565
130.9123 27.5272
131.9331 21.4878
143.1916 36.2208
131.6299 21.9268
137.0457 27.4497
136.3818 29.9624
137.2399 30.8207
139.6578 27.5574
137.8702 32.6745
132.4883 21.2006
128.9645 19.9711
129.1629 29.8380
131.3333 18.8977
139.9057 26.6929
135.6838 26.0906
141.8666 29.1742
137.4637 33.6512
137.5099 28.7586
138.3505 27.5183
128.6013 26.1406
137.1690 33.5509
137.1173 27.6728
121.7155 25.1634
134.9709 32.9665
134.2806 28.1768
130.7487 21.3657
150.4174 35.8668
140.6922 34.6046
137.7191 32.0596
137.3680 31.4755
134.5013 27.2725
133.6424 28.4940
137.0591 31.6734
129.8378 20.4291
137.2928 28.3976
134.5718 31.3283
132.9411 25.7720
141.4629 35.8868
127.4754 27.5191
136.4176 26.8091
131.1557 21.8841
136.1020 33.1155
133.2590 28.0481
134.3210 31.7243
130.3055 22.0778
136.0208 30.5692
144.7478 39.6035
132.6682 29.7161
126.1547 28.6371
135.8056 28.7205
136.7437 28.2232
135.6298 26.6399
137.8255 28.6870
138.9836 29.6988
135.6424 26.2647
139.2250 34.7859
132.4845 26.2431
130.7641 21.2644
132.6287 30.0673
136.6235 25.8823
132.2028 28.0195
141.3245 34.1222
132.1846 30.1590
130.4933 27.2133
131.6904 25.6024
132.8594 32.4033
141.2988 34.4932
136.2526 26.7625
135.6030 27.3675
137.1044 28.1200
130.9964 27.9742
128.0437 25.2817
131.9113 30.0303
131.3213 25.2553
137.9636 28.8264
139.2951 27.6468
135.8865 30.7268
132.5486 30.9320
132.8488 26.1488
136.0267 27.0678
132.8720 25.1410
129.3204 25.8974
132.4888 29.6899
135.7058 25.5722
137.4175 27.0076
138.6530 32.3740
138.8474 28.2125
136.3575 27.7634
138.2139 31.9675
133.4099 30.8023
129.7539 27.9385
130.9622 28.0409
134.7347 27.6801
133.7467 28.2175
131.4795 26.0106
135.5760 25.4466
139.1663 27.7655
131.0444 21.7718
136.6438 28.7466
136.6423 27.7265
136.3754 27.6242
133.2307 32.0876
134.9249 26.5253
131.4056 22.1741
139.5030 27.4910
131.0108 21.2647
130.9493 21.8741
136.3096 27.3651
133.7246 30.7848
136.0385 32.3038
131.5688 25.8423
131.7299 22.0387
129.1406 25.5795
130.1229 25.3586
138.0067 29.0337
136.9085 28.2722
135.7239 31.0265
135.8457 27.3729
131.1180 22.2106
133.2961 24.1968
131.6847 29.5920
142.4967 35.8178
131.3527 28.8222
136.9088 29.9500
129.4733 27.5765
130.7135 21.3235
142.9601 33.2922
132.8765 23.3287
132.2750 24.3642
129.0354 26.1802
130.3548 25.4073
132.3858 24.3492
137.3344 29.5383
138.7360 26.4581
130.0431 25.3266
137.5688 27.6410
132.8884 32.4315
130.8956 25.2388
139.2426 32.7517
138.1566 30.0002
138.7828 32.1095
131.5676 20.8227
132.4238 28.6748
138.9348 27.0478
136.5188 26.6504
138.3623 26.9802
136.4018 27.7912
131.5434 28.8326
137.8886 27.0670
134.7179 27.5349
131.0711 28.1569
136.6589 30.7903
131.8962 20.9252
134.8674 28.7634
130.7992 28.5264
138.9729 28.0023
143.6548 33.9809
137.0195 27.5264
131.4501 24.5363
135.0452 25.8910
132.1083 22.5768
136.5726 26.6022
138.9780 29.6500
133.0545 24.2355
138.2728 26.9926
139.2807 28.0598
134.9935 29.1783
130.8516 28.7571
131.7671 24.3368
133.3413 28.7399
139.2207 28.2486
132.0253 21.2601
137.4449 28.9245
131.5874 29.5202
129.6969 27.0531
134.5391 27.9931
131.6751 29.6608
144.0309 36.2553
131.3739 28.7150
134.2770 32.8300
138.0586 33.2126
136.3576 25.8656
134.1603 30.4798
139.5118 28.1616
135.7778 32.7867
133.7423 27.9196
136.7265 31.0518
133.8933 32.1356
139.0460 26.7106
135.0833 27.6206
135.0990 28.6807
136.7934 26.7754
136.7685 30.1258
136.5264 30.3236
132.6129 21.5665
139.1789 26.7337
139.0008 27.4232
124.9892 24.9892
134.5601 23.3586
130.9074 21.5957
130.8572 27.9997
131.0820 28.7923
133.1441 29.2829
130.6661 24.6784
129.8183 27.7097
139.0913 27.5992
136.2137 32.1994
135.9286 26.1759
137.5429 32.9385
138.9347 27.9316
138.7348 32.9751
132.0547 21.1993
131.7699 22.0190
137.0744 31.0191
127.4809 28.2783
133.7969 28.7921
136.8116 27.3745
124.0563 23.4068
133.0202 28.5010
125.0297 20.0202
136.3506 31.3481
138.2525 29.7162
128.2608 29.3604
132.6667 24.5429
135.7300 27.7143
136.3412 26.3932
131.9016 29.3987
139.0637 29.3378
133.2374 31.8202
136.8724 30.9761
139.0574 29.8486
139.1016 29.9728
138.8530 27.1255
150.9460 35.6747
137.2814 27.0716
136.6132 30.4798
147.1696 34.5720
142.6790 35.7575
139.7059 27.3772
135.9633 25.7043
136.9549 30.2988
137.9322 31.8001
145.3827 38.8034
135.5842 25.5596
138.5557 32.1289
137.6677 33.4114
145.4967 35.3844
135.4633 27.7358
136.9359 33.2784
137.4596 27.1394
143.7824 35.8382
145.3201 34.9754
151.3705 35.5457
141.1905 33.8349
128.7637 29.7967
134.1393 32.7263
141.2221 34.0678
134.7722 27.7900
138.4292 29.7816
143.7704 35.8790
139.0602 28.4583
138.0578 33.6698
146.9811 34.7348
143.2123 35.9324
137.5664 28.2420
138.0546 34.2942
147.6650 35.4439
147.1067 34.8284
137.2809 28.5893
138.0636 33.6556
146.7086 34.9298
137.5788 28.6800
134.6369 32.4576
137.0431 28.0544
136.8711 31.7196
138.0409 27.1195
141.2473 35.3118
139.4014 32.8212
152.6698 38.2063
135.2639 32.8055
140.2643 33.2555
136.9054 27.8073
135.9492 33.3369
135.2128 27.6064
138.9097 31.9659
135.5716 25.6877
145.7218 35.3008
136.2199 27.0800
137.7428 31.7375
131.8650 29.7154
139.5503 32.9744
141.5963 35.1024
138.0020 28.4621
137.9739 33.6971
151.5783 35.1942
145.5102 35.3558
133.1645 32.0216
136.1865 33.4443
139.7229 33.3863
143.4663 35.9241
139.8988 27.4846
137.1821 27.3790
143.0470 35.8359
136.5533 27.5594
139.6316 33.3780
137.7975 30.5266
134.7565 31.3678
136.7615 26.6286
139.0345 29.8169
138.2090 30.1634
136.3472 26.9949
132.3242 30.3082
136.6770 31.0614
139.7045 27.7945
137.7371 33.3976
150.8629 35.9812
139.4875 28.2195
121.2210 20.1051
139.9142 33.3778
131.4421 25.7543
123.6583 20.6800
134.0926 30.1662
135.6153 25.9365
137.8871 27.4439
126.1294 25.5646
130.6900 26.7647
138.8182 26.6356
131.3702 29.0330
131.4549 26.2975
149.1422 35.9090
130.5974 26.0890
133.2961 23.9285
144.2296 35.8996
135.3064 32.3746
131.9408 28.5228
134.4517 27.7013
131.5713 28.8581
138.5356 27.8632
137.0087 28.4053
133.8815 28.0430
130.7656 21.5159
131.8758 29.2103
140.1083 26.9838
136.5271 28.5387
133.3496 22.9638
134.5778 27.8634
132.4236 19.4536
134.8587 31.8359
138.8232 32.4263
142.8973 36.4541
134.0627 27.6237
143.8848 36.6167
136.4177 33.3602
126.5117 25.8513
142.5564 35.8671
139.3849 27.0032
133.1488 27.6907
127.0251 25.4011
131.6413 24.3310
139.4414 32.6781
135.5416 26.1830
131.0540 21.7357
135.0488 31.9864
130.5779 27.2793
149.2190 35.3894
131.9996 21.9047
129.5439 26.4550
123.7512 22.8630
131.9877 27.8554
131.2088 25.1648
136.4984 29.7467
135.7885 25.4747
134.0275 29.2415
135.7114 27.4106
137.7729 33.7839
136.8949 30.3453
132.0723 28.3415
130.5159 27.8567
129.5453 24.7595
134.9747 28.8949
131.9239 29.8423
131.2141 28.9821
145.2659 34.6792
136.8485 28.2309
139.5935 27.2122
137.7927 28.9219
136.6868 29.7989
137.0707 29.3240
131.0405 25.4013
136.1794 31.3298
142.2045 35.9733
145.4503 34.0476
136.9630 31.1563
137.8165 30.5313
128.2518 26.2118
131.9035 20.5991
132.8539 29.6745
130.6735 28.0352
131.2796 21.9762
125.3369 24.5755
145.1616 34.9955
136.0906 26.3872
135.5727 27.4315
132.7931 21.7296
136.9695 30.3084
123.7633 21.6957
133.1613 25.8193
133.5358 31.4779
132.7768 29.1038
136.9032 27.1715
136.6029 31.0121
135.1182 31.9660
138.2421 28.6653
139.0032 27.0618
137.4261 31.0668
137.2083 28.6785
132.5866 29.8729
136.6491 26.2772
136.2890 30.8256
138.1596 29.1747
132.8164 28.3158
136.8932 30.5789
136.2309 31.1824
137.0399 26.9494
137.4413 28.1689
136.1662 27.4591
135.2068 33.0575
136.1618 30.7969
134.4140 32.7525
139.6586 27.8511
146.4049 34.6674
143.9798 35.9337
139.0026 29.5766
139.6683 27.9113
137.0757 30.7436
137.7979 28.5054
137.2658 30.8769
133.5046 33.0963
139.4737 31.7711
136.7377 31.0073
140.5221 35.0754
138.6254 27.1269
135.6996 31.6106
137.9847 27.1934
137.0020 30.2028
136.5662 27.7718
136.9525 30.4027
139.6192 33.3716
139.9164 33.4496
133.4616 28.2309
136.8262 30.8165
138.1249 28.8136
138.1579 28.9880
134.9345 32.7914
135.0838 27.6865
136.6552 30.5885
135.2339 27.8435
136.4631 31.1225
138.0487 31.6942
135.4931 27.7477
137.2893 30.8670
134.8112 32.8038
132.6833 28.2907
139.4729 28.1818
137.8073 33.7384
137.4735 28.7772
136.9460 28.1346
132.9910 28.3638
134.7443 31.3327
135.6706 27.7963
135.1723 33.1505
139.0419 27.0171
136.5163 28.0641
135.0815 31.9786
139.8776 27.6377
137.2737 28.7328
143.6389 36.5246
136.6226 31.1068
135.0276 27.9041
136.1329 27.5352
136.2239 30.8936
136.4401 31.1446
136.2850 27.0849
139.3722 28.6406
138.8735 27.0705
137.1027 28.1045
134.6901 33.0583
135.9857 31.4268
136.6693 30.8469
136.0976 30.7447
134.8708 27.8575
141.6557 34.5123
136.5051 33.4981
134.5079 27.9415
136.4909 30.8015
136.5509 30.4564
138.0430 30.4825
136.8534 27.7821
131.7304 28.7132
138.1824 29.0213
135.5999 32.0359
132.7512 29.9241
138.4762 29.3555
145.2421 38.1638
138.2553 30.1690
134.8707 32.5263
135.2243 31.8277
136.1951 26.0962
139.0916 27.0639
146.9930 37.4298
135.9580 27.6871
141.6741 35.5142
143.7941 35.7355
135.3100 32.5374
145.0874 34.3290
137.6406 30.6505
136.8638 30.7639
136.7010 27.1742
135.5842 32.2509
134.3255 27.9656
137.0007 30.4327
144.6870 33.3069
136.7634 28.0765
136.7197 26.8287
136.9581 27.8372
135.2779 27.8525
137.5496 31.7450
136.5875 26.6113
127.6289 29.5923
136.7513 29.4553
131.4333 25.8234
135.1730 27.2307
137.1773 28.8528
132.6938 22.6099
135.8317 32.2568
141.1213 29.1367
131.6213 21.1967
126.4032 25.2525
129.8910 27.5641
136.5540 27.7429
134.4412 33.5095
143.3499 35.5703
131.2960 21.7885
124.9058 24.0491
129.4612 26.8779
136.1685 32.6334
135.2920 27.7255
153.2263 38.5054
132.4095 23.2424
123.6802 21.3105
131.1842 20.8793
132.0897 24.1098
128.4944 25.2857
138.6109 31.4547
134.0853 26.7963
133.1261 24.4384
128.8276 28.8549
140.5248 33.8796
132.7254 26.4341
123.4723 27.4818
124.4612 20.6237
136.0050 27.0199
125.0080 22.1818
136.8240 26.3561
135.4456 27.6144
132.1407 24.5240
136.8976 29.9588
132.8795 22.6611
130.3633 21.1001
132.8785 32.5499
138.3255 27.1718
133.6734 29.7840
136.6638 29.8097
129.4131 26.9984
138.7846 31.7021
133.1858 29.7948
130.3431 25.4941
139.4066 27.2646
128.8210 21.4905
132.8045 24.7838
132.8916 31.2525
130.7769 26.9012
123.9458 20.1292
131.3761 29.7787
130.6588 28.5579
138.6662 27.0137
119.1651 19.4925
129.7398 30.4051
129.4095 25.2822
135.8355 30.6755
135.2979 29.7124
138.0981 28.5931
141.3426 35.3880
133.2596 24.7290
137.2625 30.9722
127.6871 25.8070
130.8813 24.7485
127.3284 25.2322
131.0332 25.8554
133.0503 28.0800
133.3143 31.9402
129.3405 25.0882
127.2908 20.1266
114.1728 15.6503
120.2138 20.1027
128.7983 22.6671
123.0247 21.2114
129.3528 23.5386
125.6856 22.1938
128.7046 25.5584
132.5509 26.5476
127.0362 25.1966
127.5197 22.3891
127.3479 23.6372
131.2505 22.2756
124.0914 20.3322
128.4773 22.8977
130.9272 21.2085
124.4982 21.6310
123.2079 18.3691
127.9235 24.7198
131.8916 26.1878
122.7961 19.2393
128.8629 20.6606
127.2532 20.7947
123.6000 19.9029
129.2584 22.1220
108.6222 17.2406
131.4644 23.0299
129.1972 23.5759
127.3587 20.6774
126.6631 23.5118
129.7727 19.1640
120.0553 20.9208
135.5967 24.9422
138.1877 28.1098
130.7164 26.8597
136.0064 27.5030
118.7029 18.3277
112.8926 18.2007
127.6513 25.8664
129.9789 20.1780
125.6061 23.4388
128.3905 23.0004
126.8908 17.7444
125.4304 18.2205
122.9921 18.1926
127.0002 17.4609
126.3297 17.8397
132.3708 23.3393
127.3688 21.2717
130.1070 22.8149
128.7228 21.7975
124.5756 19.9449
131.2997 21.4746
136.5391 29.9753
135.3730 31.3592
132.8920 21.0292
130.9384 26.1427
137.5150 30.4895
131.4052 25.8851
132.0252 29.0381
132.6675 30.9440
136.6456 32.0501
137.1034 31.1199
143.8032 36.4032
131.3948 29.2673
133.1653 22.6682
123.6067 19.9873
129.5281 27.0713
129.7126 27.7129
136.6310 26.6539
133.0687 22.7987
139.9751 27.0802
132.4266 20.6335
137.6886 33.4905
133.2068 23.0818
127.8039 29.1282
131.0797 30.3285
135.2207 31.6883
134.8619 27.7747
135.5173 28.4623
137.1934 26.4630
132.5013 31.4856
136.4591 29.4789
138.8403 30.0994
134.6919 31.6000
134.5057 28.1580
146.1673 34.9655
132.7359 21.2415
133.7375 31.6822
134.1137 27.8487
136.9056 30.8067
131.2515 25.5448
133.1901 31.7337
133.2709 27.6866
131.5233 21.1555
135.9583 26.6064
136.1538 30.4416
134.9323 28.7532
134.3561 24.6015
135.7486 25.9724
139.0692 31.8264
133.4029 22.8167
130.5827 28.6041
133.7992 32.6149
138.2011 26.9120
136.4780 26.7151
138.1308 33.1572
137.1307 27.9889
138.9136 26.7246
139.0173 28.4442
130.3196 25.8981
135.4716 27.1944
135.9520 31.6981
139.1024 28.1553
137.0164 30.3791
141.3888 35.4453
136.0234 27.9850
132.9792 28.2939
132.7426 21.9052
130.5626 20.4550
131.9921 24.5006
137.8560 28.6238
133.0862 31.0423
139.1628 29.1169
122.5416 29.6840
132.9364 31.5567
143.5106 33.1035
143.2721 35.7850
137.2283 32.5023
131.6757 25.7988
136.1802 27.9121
129.4807 26.4670
130.2691 25.8007
137.4799 31.6983
136.0123 31.6030
134.0901 28.4585
137.6716 29.2970
129.4425 25.8304
133.8408 25.1486
125.6636 25.8560
139.2920 26.5699
134.4895 29.1482
134.2317 24.7197
135.4141 26.3638
130.5804 25.4014
127.4128 25.2030
132.8617 30.3568
133.5818 29.6047
139.3655 26.7353
134.9862 25.7445
130.0253 27.9523
134.0992 31.5223
138.1153 31.9186
128.8876 29.6391
132.6521 29.8253
135.8072 31.0661
138.9259 27.2304
134.2427 28.2466
136.7236 28.3564
132.4767 31.3578
128.8442 25.9140
136.4212 26.7875
135.0999 27.6447
133.7530 25.0577
139.2556 27.0806
135.2879 31.5396
122.8162 20.3804
130.2340 21.7166
128.2353 25.9657
133.4922 30.3180
136.6702 32.1345
131.9635 27.8003
136.1413 27.2094
135.0943 27.4915
130.0232 20.7037
136.8161 31.2136
130.5424 30.1942
130.4375 27.1565
139.4184 26.9134
135.4886 30.3890
128.0518 25.1707
136.2472 27.4755
136.7953 30.6370
137.0939 26.5715
135.3276 29.7635
130.6346 22.0080
133.1998 22.9896
129.7484 24.8264
123.8931 22.5922
129.4833 27.8713
133.5501 27.8438
132.4237 26.0479
138.4911 27.3354
126.5452 25.1088
135.0776 31.9323
129.7267 24.4785
131.1795 28.9608
131.1206 20.0716
129.4762 28.0208
133.9286 27.7354
130.3727 27.5568
144.1119 36.1057
146.9257 35.9399
144.2091 38.5467
141.1788 34.9651
139.3310 29.4856
130.9057 27.6618
151.7327 34.5349
136.5358 30.8960
135.1260 33.2972
139.4290 32.6896
140.8248 34.5143
139.2029 28.1667
139.9279 31.7183
134.3962 33.1878
136.1858 31.1519
138.4737 27.5125
133.3372 23.6384
135.0336 31.9015
132.0438 21.1408
144.1106 38.7669
135.6889 31.2113
139.8599 27.8879
136.5261 30.9201
134.2126 31.2222
139.2634 28.1368
144.2861 38.6727
145.5987 34.8288
139.2822 29.4663
138.4193 32.3889
139.1732 26.9900
134.6615 33.2100
135.2123 31.3172
137.7536 34.0298
146.6473 34.7672
146.4894 34.4780
135.1462 31.8851
136.9809 27.6281
145.6222 39.4729
130.9659 29.8621
141.3230 35.4912
139.1112 29.5896
141.9692 32.7929
154.0276 37.1955
121.1816 32.7128
145.4308 33.2197
139.4155 27.0533
136.0076 27.9940
140.1668 27.5125
134.7034 32.8119
143.5078 38.3943
137.3336 33.4020
133.3919 32.2359
138.0352 28.0900
137.6556 33.3264
152.3190 34.6939
138.9045 26.7795
135.7753 32.6557
140.4089 27.1391
137.8821 27.2129
137.5214 33.0261
137.7208 26.8050
135.0638 31.1342
140.2554 33.3977
137.3014 28.9904
141.6154 35.5792
149.9033 36.3325
137.3165 27.1526
141.1337 34.0748
144.3064 39.0690
149.6942 39.2404
136.5161 26.8342
135.8429 25.9462
158.0493 31.4423
136.1769 26.0247
137.5414 33.7006
134.9500 31.5831
136.0536 31.4754
136.8587 30.4101
131.0159 30.4720
138.0017 27.1761
135.8325 26.5402
152.8587 34.6416
127.4857 28.5809
140.8823 33.5536
134.2135 32.2973
132.5667 28.2992
131.9206 28.3877
134.2623 32.2088
129.1790 26.8932
131.2287 28.2332
132.9218 29.2556
135.2433 31.3352
132.3951 28.2686
138.2078 28.6640
132.5881 28.2108
138.2291 28.6305
129.5730 27.1447
141.7418 35.8838
135.5747 30.9905
133.3629 28.6181
136.4830 28.6508
132.4344 31.3110
131.2280 28.3383
131.7617 29.0986
135.8657 28.4962
150.1032 35.5623
129.8203 27.8684
136.6172 30.8115
132.1729 28.3383
131.2596 25.1636
139.1420 27.0880
131.4121 21.8411
138.4644 29.5476
135.6454 30.8534
123.9701 21.7702
131.0861 25.6751
132.6431 28.7068
132.9532 32.3970
131.1406 21.6130
137.5246 32.1468
123.5717 23.1405
130.4476 25.4451
135.7162 26.5256
132.7856 31.8849
137.3014 29.7303
137.1978 33.4073
144.9526 36.2043
142.5606 36.2886
132.0133 28.0516
131.8547 29.2868
136.5210 28.3208
130.9840 21.8162
131.6123 25.9282
138.3264 27.2052
135.2038 30.8582
132.5063 28.4411
129.2205 26.1942
142.8511 36.3811
141.3417 34.3750
131.2380 27.9442
130.6471 21.6929
142.9863 36.5244
136.9960 28.9377
135.8685 26.8281
134.4875 27.7738
128.9818 26.9477
145.1814 35.5345
130.7835 28.5768
137.0545 31.7747
133.6041 24.4639
131.0376 25.3079
142.3846 36.2696
137.6183 27.2447
137.7644 28.1057
131.8305 24.6025
132.6740 28.1693
134.6115 31.9095
132.1349 25.3138
129.8289 25.2829
130.5183 25.5465
142.8489 35.7832
135.0208 32.0305
134.3879 30.2261
131.4360 22.0155
134.6339 30.0852
133.2083 23.1026
133.0036 22.7923
138.0522 28.8990
131.2885 28.0815
139.6868 27.3400
134.3636 31.7523
130.3090 21.3170
137.3199 33.5112
131.2825 22.0984
128.9586 26.6244
146.5625 36.5600
135.1579 31.4780
131.0703 28.1555
132.1725 28.2060
132.0822 24.1719
129.5834 25.0409
135.2480 26.6157
138.8925 27.9330
137.5509 33.0437
135.6509 26.0852
130.9166 21.8908
132.8211 31.1626
134.9424 28.1199
129.3566 29.7904
136.3918 31.3766
132.0534 30.0585
133.5189 31.9387
132.8166 23.9013
130.6240 28.1861
130.6075 28.5492
136.4924 26.6000
125.9759 24.4967
129.8368 27.8031
129.2960 27.1789
133.8491 30.8107
128.7067 25.7832
136.3052 27.3680
134.6367 31.2184
135.3147 25.6026
133.3387 25.7234
130.1125 26.7065
130.9989 25.5349
134.3038 30.3321
139.1340 27.4443
126.7719 27.8135
127.2480 25.4255
136.2205 26.2133
137.2721 31.0909
132.3464 27.3927
128.4608 29.6401
124.0349 23.4526
135.3790 30.7756
132.1238 22.5761
127.4500 25.1008
131.2652 21.9556
129.0947 26.7562
138.9078 27.5075
127.8461 25.1845
131.0417 25.8982
128.7865 26.8430
135.7672 30.4249
130.8964 25.1492
138.1190 31.8842
138.0740 28.8468
134.0575 25.1766
123.1746 20.9867
135.0269 24.9460
129.0592 21.8386
123.9326 24.0051
125.0796 24.1172
137.4249 31.9301
134.0481 28.3423
136.7206 27.6593
126.7184 25.1884
133.1122 24.2086
135.3699 27.4660
136.9156 26.7330
135.8776 30.1045
133.4306 31.0664
137.6193 33.3595
135.3101 31.2748
139.1697 27.1604
129.6092 24.7438
143.6036 35.9122
137.3393 27.0027
132.3271 28.1174
137.0462 30.2688
129.2798 26.4477
137.7014 28.9380
136.4294 28.3806
135.7238 26.0092
140.1390 26.8507
133.8991 33.1579
134.6338 30.4188
129.1192 25.8768
136.1710 26.6245
132.3720 21.8553
131.0867 21.6407
141.4799 34.6224
136.8530 27.2889
135.0382 25.0455
137.2663 32.1973
124.8046 22.7585
129.8006 26.3389
132.5826 23.1168
135.0483 30.4546
129.5322 27.2706
138.8020 27.0147
133.5127 28.9170
136.1859 28.7489
132.2229 30.3270
129.8426 24.5775
138.0152 29.0286
140.0002 31.3720
143.9639 34.1415
129.4969 25.8151
134.1715 27.9572
132.1896 28.5391
128.1407 27.1540
133.0719 25.6202
139.2674 32.6473
135.3555 30.3224
129.0884 27.0830
140.0426 34.2036
134.3187 29.9202
132.9065 28.3795
133.9448 32.6899
130.0033 26.1027
132.1831 26.2830
134.5693 32.5171
151.6508 34.4565
133.9447 32.8992
132.8885 30.3807
135.4206 27.6174
130.8947 27.7497
127.1547 25.1486
139.3365 28.3203
131.3850 29.2819
136.8302 28.0799
145.4887 35.0565
129.7828 25.8868
136.7564 25.8470
134.4846 27.5629
134.1993 31.5928
138.1440 29.5497
130.9055 21.7963
138.9255 28.7949
131.3839 29.5899
130.8627 28.3446
133.7927 32.3786
133.8647 30.0235
131.0633 22.0217
134.5128 31.2047
123.6824 23.0415
136.0894 27.2042
132.7107 23.0142
130.2362 25.7516
138.6225 30.7524
138.2159 32.1523
132.4521 29.7571
137.2403 27.9582
138.1601 29.8731
131.1286 25.3660
134.6176 27.3561
135.8226 25.4538
132.8811 25.2244
138.2726 26.9519
130.3450 21.7306
137.5845 28.5892
139.6164 33.9960
134.3931 30.0770
130.0852 25.4586
136.6081 29.4769
137.9671 27.1617
139.7248 34.2704
132.1796 29.2175
124.4006 22.8712
136.0352 28.3754
133.6475 30.3090
130.3485 21.4916
134.8320 32.2405
129.0802 27.2512
134.6364 30.9948
131.5350 28.9683
132.9737 23.5690
134.1623 25.3840
129.3301 22.8318
139.8457 34.0126
136.9967 26.3231
130.3979 21.3325
134.7805 32.0949
135.1016 25.7290
139.6008 31.0431
129.2301 26.6763
138.1942 28.1837
124.2786 26.3384
129.7227 30.5805
122.8421 21.0137
135.2759 31.3260
129.5301 24.7166
138.4870 29.9298
126.6671 27.2960
134.9598 30.9984
131.1416 21.8778
137.4227 30.5109
128.6993 25.1154
135.3994 27.6643
133.8155 30.7798
129.1764 29.8115
126.6143 26.8784
130.9395 28.1686
130.7781 27.4096
129.6418 26.5552
132.1173 29.6548
138.6964 27.7087
131.8326 29.5791
136.2055 25.7427
133.3373 30.5271
130.5499 24.5159
138.7372 27.0364
135.8630 26.0050
137.1681 26.4039
133.3645 30.9557
134.7765 31.0040
132.1149 29.1201
132.3235 30.3272
134.6436 30.7084
139.0185 27.4477
131.0374 22.5914
126.8699 25.5514
136.7433 32.6143
129.4688 29.8040
130.3455 21.7025
134.3490 26.4703
130.5488 28.3639
133.8285 27.6104
146.0162 34.8643
134.4129 28.1001
123.3476 21.8651
132.5184 23.7949
130.5085 27.7138
135.8435 27.0658
133.9356 30.8921
130.3635 24.6420
136.0206 26.9562
132.6770 25.9762
128.2276 26.2323
137.9070 29.9050
130.8237 21.4920
124.5434 22.5285
135.1560 27.2779
138.5071 26.5621
127.7313 24.9032
135.6763 32.4088
130.9498 25.0030
132.7145 24.0708
130.5245 27.9989
129.1220 26.8079
136.4181 30.4485
138.6174 26.8998
128.7767 25.4685
136.7510 27.5781
130.8078 20.9860
132.9878 30.1923
124.3178 23.9874
133.2884 27.8553
133.7921 32.1333
137.4799 29.5100
130.5308 21.8513
135.9237 25.9266
134.7467 33.2413
128.4411 25.0608
138.5423 27.2289
132.6526 29.2293
129.7159 29.9102
129.4187 27.1038
133.5242 32.4961
137.1443 31.9885
136.2329 26.3406
135.6756 26.0724
135.9871 29.8942
131.6156 20.6232
130.6801 22.7127
122.3782 22.9754
131.8883 26.3989
137.3680 30.8740
130.1138 26.9370
133.7445 29.1145
122.6346 21.7104
130.5453 20.4746
129.0438 26.5959
135.5880 27.2547
130.2645 22.6714
123.4433 20.9469
137.0972 28.0033
133.7204 29.4491
135.2672 26.3212
135.1544 27.7168
129.3537 24.4027
136.3981 27.5944
127.0164 25.6172
136.6882 26.2725
133.0136 30.4945
122.0044 24.2491
131.2208 22.4817
129.1060 25.9643
134.7051 33.2167
123.5563 23.0842
130.9742 29.6735
132.2476 23.3869
133.1397 24.5114
137.0433 30.9326
133.8813 31.7403
133.6380 23.7319
130.8935 25.3100
134.0287 28.8415
123.5039 20.0490
129.0048 27.0255
138.4370 26.2699
129.4196 25.5283
138.6241 28.3323
139.2473 27.8475
128.8778 25.3485
135.1554 25.2065
138.9850 26.5544
136.2717 26.0628
135.8711 30.7054
133.5760 28.6672
136.4788 32.5354
138.6371 27.9819
135.6531 25.2139
133.9035 31.6023
131.3293 28.4675
129.1337 26.9781
132.6443 22.6226
128.7719 24.4933
131.9653 20.5714
133.0804 31.0567
136.0563 27.5074
129.1370 21.0224
131.2512 24.6921
133.6657 31.6790
136.7815 28.6407
129.9591 27.6721
136.5410 30.6020
130.1691 20.5591
131.7163 29.9753
132.9076 28.8252
136.1949 26.9368
136.4839 30.0406
134.9636 28.2834
134.0590 26.7440
134.9488 28.2882
131.0497 24.0270
138.2454 33.1413
130.0281 28.1390
137.0275 27.5967
136.1488 28.6820
133.2558 32.0289
139.0166 27.1255
139.1466 27.5996
130.1764 21.2417
136.6300 28.5415
132.3104 27.7890
130.6895 24.3263
135.3222 27.4231
133.6906 29.3660
132.3420 27.8990
135.7403 27.0269
132.9547 30.6702
135.0910 25.8413
133.7401 27.5725
136.3224 30.8721
134.6880 25.1354
135.8713 29.1990
131.0490 28.5921
130.3038 25.8120
132.3631 30.4364
132.6732 31.0373
129.7810 27.0410
135.3829 27.2841
131.7026 24.5841
135.1658 25.9621
133.7901 30.2789
135.5003 27.0719
122.2644 21.0024
137.6092 30.5848
137.8212 26.9098
130.1090 26.1732
129.5478 27.3736
137.7080 30.3657
134.1929 29.8030
134.4998 31.3653
137.9289 27.1594
131.0724 25.9234
137.0928 26.2955
121.7603 20.1430
139.0883 27.1902
131.3891 22.5136
137.5210 29.8562
138.8740 27.1622
130.1888 27.6153
129.2057 24.7074
136.4259 27.7223
134.2892 26.7576
138.8932 27.4346
135.6529 30.0572
135.6560 29.7336
136.5696 30.5440
133.2112 30.3995
131.8353 28.3265
130.9919 24.5272
138.5053 26.8655
138.6916 26.9790
130.6841 22.0566
134.7024 27.3878
134.3983 27.6778
126.2702 24.5626
133.2051 30.0912
133.8234 32.1741
134.4522 28.3680
136.9658 33.4726
135.0355 27.3647
136.6549 26.4123
132.5550 29.7724
131.0632 29.0864
131.6663 22.5975
137.7507 29.6058
131.9517 29.3333
137.1504 28.0809
135.5909 31.1525
137.2256 30.0033
137.1266 29.3467
133.3393 27.7783
129.8836 24.3744
136.1645 31.1480
134.3947 31.8258
136.0080 27.6121
136.6621 26.8361
130.3425 27.9686
143.9381 35.9198
136.3206 26.8385
133.6669 28.1580
135.5019 27.4372
131.3523 25.7943
133.1558 30.0032
129.0694 27.0291
136.1213 27.5431
128.8537 27.2080
130.0864 28.1776
135.0251 30.7011
122.1347 22.9629
132.8763 29.7704
131.4290 27.6740
136.9709 28.5684
132.2078 27.7222
131.9211 22.5243
138.6620 27.1589
132.7666 31.3758
131.8754 27.8254
135.8028 29.9231
136.8396 27.8265
121.0176 26.8070
130.9505 22.9750
130.9944 20.2530
132.5867 22.4953
133.0814 27.6973
129.3933 26.9617
139.1714 26.8515
124.5527 22.8526
130.4428 21.4468
149.3565 35.1192
138.4592 31.6855
133.1210 23.6976
131.9593 20.6492
135.4532 26.2029
134.7768 28.4337
134.2137 29.1223
128.0818 24.9620
130.6361 20.4759
130.5311 22.3349
129.8851 30.4773
134.0951 28.0903
127.6441 24.4612
129.0880 25.7427
129.8400 16.9979
131.7975 31.5893
141.3771 34.5178
136.7477 31.0477
129.8582 21.3031
137.8903 28.8503
136.2023 33.2828
127.6234 25.1014
130.0985 22.3120
129.3881 22.5712
130.2913 21.7008
122.6793 19.7122
130.4739 26.3898
137.8438 28.0585
131.8348 22.6330
130.0771 24.8163
123.1787 22.2650
132.5302 23.4123
129.1983 26.8778
124.1224 20.8656
132.8126 29.5121
132.7865 23.8397
124.8774 21.7652
130.5728 22.4696
137.0492 27.1697
138.2873 33.3693
132.5657 29.9906
130.1357 26.6253
136.6166 30.1835
125.2381 22.7018
134.2075 32.2942
130.3209 24.3886
132.5784 30.8985
128.6720 30.0506
133.2434 25.7266
128.9678 24.8069
122.3025 25.2498
118.1432 20.5803
135.8179 31.0421
146.9041 37.3705
136.4216 31.1138
133.9213 31.4382
131.4141 28.0558
136.4099 27.0146
144.8126 36.4145
136.8075 26.5332
139.8978 33.6916
135.4605 27.6955
139.0360 30.4019
139.1314 29.9448
134.6881 32.5029
138.2550 31.8299
139.3668 28.1322
136.8631 26.7594
136.7049 26.3930
136.4474 27.2697
135.1625 32.6545
145.8668 36.0713
138.1615 31.9530
137.1288 30.4345
133.0764 32.4116
136.2685 31.0920
137.0244 27.4707
147.2433 35.8453
136.4771 27.0343
144.2486 33.6860
139.8236 33.9650
139.1251 31.9203
136.0150 27.6068
147.5148 35.3888
138.1344 29.1348
138.3365 29.0956
138.6814 33.4045
146.6016 37.0771
136.6668 30.8592
135.9389 31.7469
136.1723 25.9879
143.7298 36.5769
138.3266 33.4956
147.3071 37.7333
138.4879 29.5395
139.7446 33.9527
136.2511 26.7041
148.0161 35.7460
139.6661 27.9844
138.9021 27.0607
136.8342 26.5940
134.8462 32.3455
138.2367 28.4505
139.7078 33.4248
136.1713 27.2334
146.2832 39.2513
136.1495 31.2503
145.8470 34.5135
137.9004 30.3502
138.2129 30.2616
138.1432 31.9632
138.2989 29.6134
145.2770 39.0816
149.9108 35.4243
147.7050 35.0292
141.5411 35.5440
136.7834 26.4803
134.3468 33.0019
139.0591 29.6624
134.8289 32.2307
147.5110 35.2950
145.6893 39.6547
136.7073 31.0670
137.9742 33.2513
137.7162 29.9897
137.4137 30.8497
133.6525 31.5370
145.6460 39.2010
130.6634 25.7703
137.8559 27.1736
151.9074 34.9135
134.8667 32.6633
145.2797 39.0384
135.4224 33.0978
141.3050 35.8651
139.5254 32.9326
147.2326 35.0588
145.7347 34.4519
135.9252 31.0596
138.2103 28.7467
136.1203 27.3430
138.2829 28.7928
136.3171 27.7098
137.8707 27.1423
146.8340 34.7811
145.7101 39.2107
138.8241 32.0594
137.9502 27.1433
138.5070 32.1018
139.8572 33.0081
134.6797 32.4394
138.9684 32.1362
143.6840 35.4246
139.0763 29.2985
137.6749 33.3916
135.6638 27.6394
138.1808 33.5435
139.9939 32.9239
137.5477 33.3124
145.8536 35.8386
135.4974 27.7087
139.6367 33.2536
136.8634 31.2790
144.2643 38.6922
139.5969 32.8865
146.2363 37.1024
135.9263 25.8851
137.6197 28.7232
138.1593 31.6397
136.9749 26.6922
135.5907 27.5398
139.5111 32.3717
134.7673 32.2146
136.0941 30.9754
146.2315 34.5780
135.6727 27.7513
136.4746 30.5876
138.1002 27.1789
143.9491 35.7752
137.0551 30.0315
136.4485 27.1684
135.0633 30.9820
137.1705 30.5832
136.7353 27.7543
139.1175 29.2326
135.1159 33.6025
136.1080 27.2265
134.3495 32.6121
144.4373 33.0567
137.9151 33.7307
136.5049 31.0125
140.7737 34.6435
134.8936 32.9537
139.8117 34.1867
144.0419 36.0421
135.2675 31.6368
141.3346 35.1275
143.5627 35.9329
147.7415 37.6307
135.3302 31.7389
135.5285 27.7110
141.7100 35.0967
137.3405 27.1601
136.4979 27.2796
147.0565 36.9642
132.9799 32.0290
137.1136 33.4519
138.8280 32.3271
137.0099 30.1233
137.8722 30.4316
138.1571 28.6644
138.5540 32.9824
139.4932 27.9647
139.4157 32.7805
137.5247 28.6765
134.6059 33.0501
140.6611 35.3527
136.4376 30.7748
134.5225 32.8648
136.7003 33.4920
136.5107 25.9384
141.2649 33.8300
148.6529 35.9162
139.0140 30.4054
138.3848 29.6010
136.4850 30.5816
135.2091 27.6497
147.5139 36.0159
134.5454 32.7972
135.2291 27.7661
136.0231 26.0073
146.0145 35.5431
139.2021 28.4604
146.9826 34.8740
139.5087 27.8938
138.1453 33.5775
139.7164 33.9583
147.7618 35.4353
137.3050 31.0242
146.4965 35.7340
140.0293 34.6663
137.5750 28.6686
136.1994 27.2186
144.1596 37.0465
136.7415 30.9668
136.5800 30.6069
131.1501 28.1939
136.4146 27.1343
135.4344 31.3777
134.6303 32.4403
143.6809 35.9836
145.5398 36.5735
136.0360 27.6244
137.4323 27.1518
138.2072 27.2156
139.6383 33.3337
136.1935 31.2127
137.3958 30.6582
146.9031 34.8920
147.4180 35.1937
135.9556 31.0048
135.1919 30.8649
137.8700 33.2242
136.0903 31.2284
138.7815 27.1096
151.6504 34.0379
146.2449 37.6253
136.2618 31.1946
136.8015 26.5913
140.2998 31.6902
136.0999 33.4214
136.3989 31.0638
137.7868 30.8625
137.7460 27.2759
136.5506 33.4761
136.6354 33.5147
135.7052 27.6184
138.2130 29.6022
139.3896 32.5262
147.4378 35.2600
161.4732 35.2204
150.3211 38.8507
137.9920 31.8913
141.1913 35.3226
135.6464 33.0115
143.9683 35.5654
134.7142 27.7381
136.2276 31.0249
141.6001 34.3015
144.3095 33.1227
147.5333 35.3102
138.2127 28.7563
136.6126 26.5837
136.8007 33.5109
135.8180 27.4422
137.1109 26.8428
139.2117 28.4710
137.1675 27.5413
139.8581 33.0134
141.7124 36.0138
152.4226 36.5699
139.6294 33.2994
135.3319 33.3349
137.4407 33.9975
137.1255 28.3959
136.9361 26.7162
136.0396 27.5575
138.3410 30.0330
137.1936 26.9505
145.8989 35.5054
138.6587 27.1820
136.7634 27.1073
137.2566 30.9974
136.0090 26.0537
138.6319 27.0339
136.9239 27.9820
147.0356 35.7273
136.6212 31.1729
140.3922 33.2687
136.4563 26.4833
139.6330 33.1839
137.1572 30.6268
139.3020 32.0624
137.8206 27.2926
138.4211 31.8826
138.6664 33.4013
135.8192 33.1583
148.2889 35.6518
135.0275 33.0983
139.6560 34.1934
137.5623 27.2271
139.6492 27.9010
