133.8094 29.5942
135.1019 28.3091
134.8373 27.3645
139.2467 33.5870
137.0887 34.3274
132.7585 32.1885
132.2702 31.7699
135.1049 28.6608
137.1658 30.3910
127.6142 27.9690
137.6037 28.4900
137.0143 32.5756
136.4106 30.2215
133.0525 28.4228
137.3772 28.8920
134.5220 29.0252
135.9976 30.0098
133.7296 31.6307
133.2860 32.3930
137.8544 28.9580
132.7470 32.1620
135.3877 29.9671
135.8024 30.6715
138.3940 30.1889
137.7265 29.8512
136.7847 28.4323
133.4307 31.2466
136.8368 32.9797
136.6138 33.2422
135.8772 28.6249
137.6804 29.4815
138.9903 29.2989
136.9321 28.6132
138.6947 29.1259
137.8847 30.1697
132.9206 28.0674
137.1141 30.1735
137.9195 29.1089
134.5523 29.0740
137.5179 29.9959
137.0988 30.2237
135.7199 30.7882
136.1427 29.2596
134.3998 29.1812
137.8542 29.1175
135.2034 28.4723
136.6464 33.4160
137.0684 30.1967
137.1377 29.0055
136.3778 28.1857
136.3091 32.5466
132.3332 31.9955
133.6353 32.3141
137.7067 28.5649
131.3802 27.3796
137.6630 28.8739
133.3540 28.5922
136.7203 33.3087
137.1926 30.6235
133.4998 26.8307
135.7866 32.6547
132.4688 31.9423
131.8795 30.5050
135.2640 29.9138
132.7260 27.7848
137.6244 29.9231
137.3607 28.5628
138.1009 30.3108
133.7066 31.7578
136.6170 32.7680
136.9104 28.7440
133.1259 30.9633
135.4870 27.8726
137.3006 28.5291
134.2644 29.0448
135.8537 27.8569
138.2428 29.4774
135.7617 29.7255
134.0575 27.6172
138.2359 29.8271
133.6772 32.0398
132.8480 28.3476
135.7680 27.5491
135.5596 30.5350
135.1844 28.0556
139.1197 29.3316
135.8028 28.0765
135.9783 28.0717
132.3664 31.8627
136.5026 29.3372
132.2393 31.8947
127.8870 28.0279
136.8756 28.3477
138.2332 30.1169
129.0452 29.7054
137.6481 28.8081
135.4146 28.2900
138.7653 29.3802
135.7125 30.0933
137.1982 28.4342
134.5543 26.9001
135.1991 28.5671
137.0004 30.0173
132.4637 31.7169
138.9196 29.5715
134.9402 27.5402
135.2978 32.9417
133.3191 28.5058
134.8435 27.2005
137.3307 30.3174
134.1995 30.4164
133.7505 32.2364
135.4366 28.6109
136.6951 30.4070
141.2174 35.0757
135.2520 29.3995
137.8808 34.3597
136.6786 33.2582
136.4943 28.3805
136.0885 28.1194
133.5881 32.3539
133.5109 31.3685
137.2015 30.5052
136.1259 32.4787
137.5055 29.9851
136.2487 28.2860
134.0446 29.3275
138.7722 29.2596
132.2172 30.5868
133.6574 32.3375
133.2787 31.1985
136.5118 29.4339
128.7987 27.5535
136.6998 33.1455
136.2333 29.1519
135.8955 28.4009
135.3378 30.6373
137.9026 30.3792
135.8641 29.7319
136.9006 30.5339
134.8547 28.8258
136.5619 27.9753
135.0012 28.5404
133.1328 31.3880
136.3318 31.6664
137.0078 28.5913
135.4923 29.8461
133.7066 31.6923
138.5128 29.0316
138.6146 28.5871
133.6440 26.3944
135.0221 27.9031
136.1762 32.4745
137.2245 28.7278
132.3468 31.7996
132.3771 31.7546
133.5222 32.4243
136.8395 29.3099
133.6572 32.1735
137.8425 30.5654
133.7289 32.0910
132.4380 30.5935
132.2592 31.9183
132.4923 28.2297
133.0326 32.3340
137.5143 28.7451
134.5778 27.3023
133.7283 32.0692
138.1003 29.9217
138.2329 30.4424
140.7541 33.4417
135.0904 29.9819
133.3559 31.2153
133.7231 31.7424
138.8644 29.2809
138.2962 29.9304
132.8927 28.2283
136.6998 32.5396
133.7202 31.4816
138.0300 30.1365
134.7115 31.4160
133.6140 31.4256
130.5447 28.5593
136.8076 33.1328
135.7821 29.8936
135.5385 29.8710
135.0082 28.6316
136.6409 28.4935
138.4995 28.3900
136.8745 33.1558
133.8529 32.1910
134.6694 28.8463
136.8669 30.3716
133.7727 31.9730
131.2876 30.0719
137.6194 30.2495
135.3053 28.4068
138.4055 29.4353
136.8029 32.1381
138.4025 28.7204
138.2007 28.7566
135.5045 29.9983
136.3254 33.0937
131.7915 30.4353
132.3428 31.8228
138.4772 29.9685
136.9077 30.7237
132.3336 31.7740
138.2329 28.8538
138.7816 29.2600
134.9127 28.6735
134.6321 29.6795
138.3745 29.9498
136.0252 31.2878
136.1222 28.2509
131.1941 27.1115
137.2006 30.4075
137.6268 30.3118
133.5644 31.5468
136.7147 32.8370
137.9520 28.7449
137.5081 28.5525
132.6501 31.2554
136.5461 32.5208
137.6882 29.9016
135.2623 28.4192
137.1302 28.3127
130.0367 26.4483
137.1013 30.1721
135.0987 29.7701
138.2651 29.0554
134.7417 29.7327
136.7829 32.8537
135.2904 28.4455
130.7855 26.7271
137.3550 30.5213
136.8902 29.0223
136.1836 28.4180
134.6488 29.1607
138.1068 28.7066
137.3851 30.1450
133.5059 32.4412
132.7471 32.2535
136.7128 30.4985
127.4842 28.1775
139.8617 34.7561
137.9498 29.2950
135.6171 32.6886
134.9354 27.3950
132.3310 31.8199
131.0743 26.8835
133.9124 32.3705
132.6333 31.6029
135.4826 28.6680
136.1157 28.5763
133.0936 32.1252
135.9572 28.4873
134.8335 27.4567
137.4930 28.6005
138.9169 29.3045
132.7091 31.3349
132.8922 32.2687
136.0778 29.3789
137.0416 30.6230
138.7882 29.6813
137.2002 30.3484
136.6896 32.7631
136.6494 32.5050
138.6258 29.6601
135.6072 29.5382
136.2367 28.1634
135.9711 29.8893
133.7761 31.7688
136.1728 28.0885
133.6975 31.9833
134.4830 29.1460
138.2516 30.0452
138.4044 28.5846
136.9659 28.6587
135.4689 28.0144
132.4836 32.0177
138.5506 29.0711
133.5246 28.5708
136.9544 29.0239
135.1220 27.3209
135.2547 28.6897
135.1526 27.7457
131.3577 27.3247
136.1081 31.4641
137.3951 28.7851
138.2854 29.0320
140.7525 33.0486
138.5317 29.3026
138.7055 28.7811
135.8307 28.3068
138.9192 29.3058
133.3030 28.3442
137.5544 30.4833
131.2201 27.0651
133.9717 29.9008
132.3689 31.6432
133.7825 32.3138
137.8082 28.5719
132.3927 30.6406
136.6944 32.6849
137.9841 30.2466
132.4156 32.0972
136.3906 28.6676
133.8114 28.7773
138.3856 28.9921
137.8751 30.5035
130.9826 27.3221
138.0574 29.9401
136.7048 32.9738
132.3748 32.0046
137.3505 30.3185
135.0914 27.3154
131.2969 26.9753
133.9491 29.9705
134.6782 28.4351
128.9076 27.3549
138.6831 29.8973
133.4100 31.4434
136.8168 33.2959
138.2377 29.4039
138.4040 29.7482
137.7137 30.0151
133.1863 31.0870
138.2207 30.0527
135.5458 28.4146
138.5565 29.1129
137.9059 30.3403
138.1094 30.2123
136.2412 28.2334
132.4688 30.6759
134.2853 30.7955
137.4762 28.7329
135.2069 29.8872
135.1579 28.5003
136.2477 32.4397
134.2666 28.9490
132.4248 31.4921
138.1164 30.4369
135.5930 29.8694
135.4251 27.8413
128.3547 27.1747
134.3841 27.1896
136.7005 33.2822
135.6026 27.6815
133.9488 29.5999
137.0074 33.1823
137.2822 30.4947
137.5573 30.0834
136.7183 28.3016
136.5617 32.6545
137.0574 30.4735
138.8917 29.4843
138.6524 29.8737
135.7300 29.8476
136.9576 30.8442
137.6366 29.9322
137.2680 28.8097
133.9478 32.5497
136.5346 32.9846
127.2628 27.6409
131.1858 29.8710
133.6344 31.9228
138.2153 28.7292
133.4828 31.2577
137.5513 30.3745
133.8875 32.2373
133.0322 32.3671
136.5576 32.8126
137.1544 30.4159
138.0320 28.9386
137.1778 30.3178
137.0916 30.1233
137.2755 28.4120
135.0916 32.0271
129.4400 27.5702
138.4082 32.7992
136.4826 33.3810
133.7253 32.3901
136.9622 30.1416
138.9088 29.0764
136.3662 32.4250
134.4803 28.7456
136.1236 28.6117
133.9524 28.7383
134.1483 29.2285
136.8219 28.3012
133.6781 29.2131
135.3152 27.8334
137.8360 30.3456
136.5980 33.3287
133.9816 29.2314
138.1195 29.8947
133.9820 26.5356
135.7416 27.7747
133.5685 31.4781
133.8184 29.2952
131.9209 27.6563
137.7382 30.0763
137.7955 29.7123
138.4223 29.0477
134.8975 28.7598
134.5162 28.5965
137.2733 30.4228
132.4108 32.0343
136.6715 32.9508
138.6730 29.7617
133.7052 31.5897
137.7646 30.5078
135.9335 27.9369
135.7394 31.0821
136.6927 32.1923
132.6570 31.7208
135.0995 28.3368
135.3714 32.8628
136.4885 28.0692
138.3067 29.2896
132.3242 30.6711
138.2150 28.6084
138.9666 29.2957
131.2465 30.0625
132.6992 31.6916
136.4425 32.9072
132.2446 31.6926
136.6266 32.6943
134.8068 32.8981
137.8130 30.1485
134.5476 29.6368
132.4385 32.1620
132.8058 28.0482
138.8298 28.8674
134.7972 28.8591
137.9816 28.5776
137.3290 28.7381
140.3666 32.8790
138.8642 29.3588
138.5318 29.8184
133.8801 32.4139
133.4057 31.9119
133.7435 32.2426
137.4957 28.5704
137.3412 30.1291
137.3712 29.8639
132.9572 27.9442
135.6310 30.5616
131.7828 28.1166
137.8478 28.9376
135.2435 30.3530
135.8459 27.9697
132.5295 31.9138
138.1042 29.5226
134.2985 29.6949
135.1115 27.9613
137.0761 30.6547
136.9895 28.2319
130.6435 27.6661
136.6832 33.1728
128.3756 29.3383
136.7880 28.8383
134.4114 28.9775
141.3511 33.7158
133.5081 26.4573
138.5364 29.4719
137.2127 28.4721
135.6584 27.7401
133.9670 29.3092
135.4121 27.8792
140.1968 33.5297
131.7780 30.1736
136.4476 28.2487
134.3843 27.3074
132.5668 30.5867
139.0446 34.5338
135.5188 28.7187
132.8872 28.0441
138.3412 29.3695
135.1275 33.1760
139.6809 33.4471
136.5080 32.9849
139.8975 33.0913
134.1264 28.9347
138.6238 29.7023
127.4527 28.0521
132.2446 31.7837
138.2144 30.3515
138.4348 29.5502
135.2278 28.4288
136.9966 30.2129
136.0644 28.3212
137.4845 30.2293
138.9404 29.5072
138.8418 29.5937
137.8122 28.6815
136.1538 27.7407
133.9711 32.5761
134.9019 28.7807
138.0645 29.7620
134.2782 28.6473
135.3873 28.4406
137.1640 28.5888
135.4936 28.4665
137.3167 30.4017
131.7638 26.8192
138.4650 29.8821
127.8428 29.3542
136.7483 28.3259
136.7704 29.0852
132.2953 31.8896
132.2580 31.9103
138.2038 28.5748
135.5755 29.5188
137.3381 30.0095
138.6524 29.1345
137.9363 30.3821
127.9906 28.9752
138.1771 29.7210
138.0676 30.3368
137.3369 30.6535
136.7456 30.5349
135.5020 29.7092
137.8236 30.4974
138.0141 28.9209
138.8576 29.2101
132.3541 31.9462
136.3913 28.0177
133.3520 32.3724
133.6823 31.9494
131.9521 27.5546
138.4108 29.7571
132.5359 32.1876
128.7153 27.5095
135.4022 28.3028
138.8504 29.0987
138.6534 28.6967
139.1566 29.3069
138.7327 32.6712
135.3769 28.3407
135.9474 28.3456
135.4606 28.3833
137.9731 28.5872
134.3980 28.7816
138.4770 30.0249
138.8639 29.4503
138.5006 30.1447
133.6176 31.6465
133.9919 33.0516
135.9016 28.2171
135.8265 28.2462
135.6828 29.5460
138.8940 29.6898
136.3354 29.2192
138.8226 29.8226
133.6778 32.1076
138.7655 29.5841
133.6946 31.6892
131.5403 27.5373
135.0013 27.5042
133.6380 31.8016
133.6415 31.5515
135.0809 30.2487
135.5493 29.9349
137.6615 30.0515
133.0526 32.3306
131.2209 30.4272
138.3541 29.5360
133.6242 31.4758
133.6306 32.2421
132.2514 31.7790
138.0623 30.3290
137.4030 30.3100
135.7616 30.0829
132.6933 32.1853
127.9258 27.6649
138.9606 29.2728
132.5442 32.1151
135.1735 27.1954
138.8971 28.9256
137.6230 30.1291
138.3040 29.8557
133.8170 31.7838
133.3738 28.8678
138.9170 29.0607
137.5074 28.9500
138.2694 30.1116
136.9978 30.1246
133.8638 29.3019
133.7438 31.7539
131.2351 27.1935
136.4192 31.7717
138.4743 30.3835
136.8887 32.9989
137.6206 30.6237
138.8819 28.9150
136.1841 32.4295
138.7439 29.8548
138.6296 29.1326
135.7915 30.4037
135.5032 32.7345
136.4782 30.1275
131.4875 29.8172
135.7561 32.6321
138.2886 28.6211
135.6103 32.7959
139.5702 33.2780
138.1198 30.4694
136.5953 30.1752
136.9448 32.9508
136.7456 33.2985
139.2846 29.4721
138.6700 29.1532
136.7280 29.3320
135.4471 30.9656
137.1570 29.9781
136.5383 32.4212
131.0048 29.5093
136.3562 32.5326
136.7649 32.7246
136.7405 32.9483
129.0084 29.8203
137.0161 29.8202
128.4723 28.3326
139.0042 29.8890
135.3987 32.8471
138.4222 28.9307
136.2811 29.5051
136.3259 30.3864
136.4861 30.6818
136.3619 33.1278
137.4539 30.7385
138.5849 29.3991
138.5040 30.0456
135.7286 31.0051
136.5026 32.4477
136.8266 30.0140
137.8308 30.2918
129.0878 29.4777
138.3500 29.5271
141.0675 33.8178
136.6579 30.8569
128.7167 29.1045
136.8878 29.8925
135.7837 30.2604
136.3806 31.6530
137.1852 29.6279
131.9219 30.3053
137.9499 29.1551
136.5487 29.4433
138.0742 30.0520
136.7341 33.2789
128.6281 29.0139
136.9711 30.7369
135.8306 29.8418
138.3288 30.4907
136.3943 28.1243
139.5126 33.0480
136.5531 32.7131
131.7850 30.3436
137.0582 28.6587
137.0183 32.7329
138.0813 30.0437
127.8062 28.9349
137.0936 28.6197
135.3729 33.2057
137.6666 29.2527
141.4973 34.7634
137.2091 29.6036
141.0282 33.1279
138.1595 30.0153
141.5032 33.8363
137.0705 29.8181
138.5035 29.1018
137.3119 29.7544
139.5407 33.5270
139.2338 29.2478
138.4504 29.2284
136.1135 29.5768
138.9068 28.9103
135.9543 31.3504
136.7774 32.6396
137.9954 29.3952
138.1926 28.5992
135.7192 30.2635
136.2214 33.0693
139.6978 34.9103
136.4353 28.2653
137.5228 30.6276
138.6572 29.4038
135.0775 33.0854
135.7453 30.8464
140.1431 32.9768
138.1676 29.8477
138.3804 30.4349
138.5918 28.7748
135.6471 32.6989
136.3792 29.4902
135.9364 31.0838
136.1632 32.4720
136.8819 29.3470
135.8713 29.9330
137.2480 34.3620
135.7577 30.2324
132.7761 30.7240
136.8739 32.9103
136.5021 32.5341
136.3143 32.4168
135.9277 29.7777
139.4071 33.5466
139.4536 33.5689
136.8556 29.3952
139.0693 29.6999
136.9068 33.4059
136.5864 32.4353
136.6557 32.5105
136.0156 29.9810
135.2456 32.8901
135.9300 31.2234
132.0163 30.4641
136.8087 32.8610
137.1633 30.3767
136.8476 33.1188
139.9912 34.5976
137.0711 29.9537
136.9325 33.1749
139.2684 34.6811
141.5467 34.3759
136.2268 29.5297
128.8422 29.2844
135.1260 33.2477
135.7131 32.6479
141.0917 33.7593
138.7139 30.0042
136.1501 29.5902
137.4871 29.8798
135.1078 33.0465
136.8661 33.1723
136.6888 29.3972
136.6547 32.5535
136.2339 32.4055
138.2655 30.3999
137.4810 30.2994
135.2605 33.1057
139.1547 29.2646
136.0186 32.5334
136.5895 31.9004
136.8327 29.3331
138.6608 34.4325
139.0085 29.5742
136.3648 29.4428
131.7317 30.2020
136.5621 32.5060
135.1837 32.9532
138.8511 29.3528
136.5505 32.4771
136.4827 32.4831
134.5851 28.9737
136.5320 30.0279
132.5379 30.6270
135.9016 29.7096
139.8850 34.6856
138.0833 30.5080
135.9957 30.0313
137.7321 29.9588
136.8450 32.8002
135.3531 33.0561
136.7328 30.0191
138.7721 29.5003
136.5836 33.3017
136.3835 32.3714
136.8457 32.7549
136.0342 31.3283
136.2301 32.4295
138.1227 29.2381
136.1477 32.4663
138.3969 29.2934
138.9323 30.0337
136.8925 33.3776
137.5470 29.8783
128.4868 28.2593
127.7764 27.9295
137.4481 29.8905
137.2033 29.9623
128.8492 28.2761
136.8650 33.0927
136.5973 29.4460
136.7595 32.6661
139.1801 29.5683
138.8134 34.4838
136.8699 33.3292
137.0363 33.3517
139.0832 29.7589
141.0235 33.7995
131.3017 29.5675
138.7673 29.8350
140.3804 34.3057
138.2541 30.2334
136.3478 32.4161
138.4497 30.2522
136.7030 33.3359
127.9256 28.9482
138.6680 29.4117
131.8728 30.4344
138.2668 29.2040
136.5959 32.4640
136.8833 33.0349
138.3477 30.1409
136.7964 32.6761
136.8968 33.1667
136.8573 32.7120
136.3859 32.4434
136.9033 29.3354
137.4404 29.5153
138.7475 29.5524
134.8540 29.1111
135.4527 33.1919
136.2250 32.6724
135.1205 33.0739
132.5175 30.5757
136.4010 32.4790
136.2311 28.8199
138.4637 30.1875
141.6657 34.2035
135.9639 28.3146
138.4661 34.7870
136.4210 33.1471
134.5783 26.9939
132.0071 28.2598
136.8395 28.8517
129.2541 30.0643
137.4711 28.7439
135.6423 28.5694
127.8852 29.2160
128.9470 28.1662
129.1291 28.6091
135.8654 33.0827
135.2885 27.4707
137.5256 30.0349
135.3527 29.4486
136.7546 32.8775
133.1125 32.3541
135.2174 29.0879
139.7357 32.8032
136.6336 30.4421
138.1819 29.1819
135.5723 33.3154
133.9908 30.6001
135.8649 29.7207
136.2726 29.8229
136.5327 30.4869
136.6897 33.4460
139.1267 29.7267
138.5382 29.3321
137.3323 30.6060
131.9653 31.4957
137.9128 34.4415
136.1150 28.0863
133.2558 32.8155
138.8871 29.2759
126.1228 31.7541
129.4493 27.5169
135.4166 27.8502
127.9964 28.1252
138.6382 29.3060
137.1803 29.9393
139.6787 33.4653
138.8454 29.2671
136.6951 28.1686
136.2738 32.5489
139.0238 28.6987
137.2932 34.3873
139.1740 32.7103
135.7311 28.0905
136.6805 32.8613
134.4236 32.5490
136.1787 29.5616
134.5444 29.1829
139.1009 34.5825
137.8988 29.1992
135.0443 33.1112
132.4077 30.6568
137.5109 29.8802
135.3354 33.1526
138.0543 28.3602
136.7510 30.6008
135.9255 28.8539
135.6197 33.4069
136.5340 28.5926
136.4843 32.9480
136.8584 33.1634
134.9049 31.9011
140.0807 33.5716
136.4963 28.3218
138.8006 29.6781
135.0621 28.8034
135.6817 28.9058
135.8441 30.2804
135.3555 28.5644
138.9504 29.1140
135.4245 27.8339
138.6189 29.7952
128.6526 28.1559
138.9420 29.5593
136.7694 30.7941
137.7442 30.2590
138.9571 29.4148
136.6398 28.6632
136.1218 29.6640
138.6226 28.8394
128.8620 28.6870
135.2094 28.8841
134.6548 27.4440
136.7242 32.7904
138.8241 29.3014
131.2295 29.7221
138.8093 29.5401
138.4615 30.0080
139.4409 33.4532
136.0164 27.8522
139.0317 29.5860
135.1404 30.1543
137.0769 30.4714
128.3472 28.2746
135.2376 33.0808
139.0308 32.7012
135.8733 31.0724
137.9892 29.7345
133.9988 30.0039
132.5185 27.5396
136.7574 30.7025
135.1987 33.0554
138.4522 29.8596
134.9695 27.2386
137.0466 28.8310
135.8170 30.4013
137.0341 33.3947
132.3724 31.5351
135.4404 28.4139
137.9665 30.1380
135.1629 29.4540
136.8587 33.3449
131.8111 29.9369
131.1976 29.7481
135.2796 28.2404
136.0520 32.5081
132.4617 31.7971
136.6702 34.1165
137.7533 28.8444
139.0148 29.2519
137.8853 28.8888
138.9348 29.5362
127.8124 28.1075
136.5508 28.2165
136.6092 30.1851
133.0139 28.1385
137.8874 29.8685
132.8345 27.8889
138.5131 29.5754
135.9480 29.5359
138.6167 32.7365
136.1156 29.9672
136.9858 30.2984
137.6308 30.4516
138.2735 30.0862
132.5593 32.2253
135.6097 32.6722
136.9427 30.7108
136.8651 33.3034
139.8253 33.2374
136.5077 32.4916
135.1800 27.3504
137.1125 28.2923
137.7390 29.6489
133.9561 29.1528
136.1425 28.1056
135.7351 30.1445
138.2977 28.9886
133.6882 31.6825
138.4217 29.0306
127.7177 28.1379
134.4286 31.2717
135.6256 27.8108
135.0336 28.3325
133.7841 32.0640
137.3309 29.9265
136.6163 28.1836
135.6202 33.2625
138.9249 29.1218
138.9878 29.8200
136.7712 33.4316
139.3808 34.7056
138.0814 28.8804
128.0392 28.8831
136.5380 33.3261
137.6423 30.4498
135.9014 28.8677
137.4287 30.4686
137.4190 30.4954
138.3678 29.7066
133.2589 28.6314
133.1986 28.2515
137.6662 29.7631
138.1191 30.4296
133.7268 31.7445
132.3533 30.5577
137.8119 29.9259
137.8597 30.1347
138.8723 29.3879
137.1750 33.6817
136.7203 32.7899
137.2980 30.1814
132.4926 27.6966
135.6775 30.8422
128.0097 29.0815
137.7236 30.7534
130.9950 29.8558
133.4825 32.4323
138.9493 29.3707
136.0707 29.5610
133.0212 28.1162
135.3051 27.7312
136.3927 32.5050
137.0262 28.3458
137.4315 30.5778
133.7856 29.4635
138.5137 29.8310
136.8318 33.2854
135.7265 32.5961
135.4375 29.9469
134.6994 27.5160
138.2177 28.9825
135.0723 28.4314
132.3431 31.7805
136.8469 33.1775
135.3178 27.9484
138.3156 29.4547
137.0879 30.1420
137.3485 30.4376
137.8072 29.8997
137.2226 28.8022
134.7728 29.8949
139.2434 33.5385
132.3313 31.9819
138.1578 34.3790
129.7196 27.8087
137.2299 30.2817
137.5783 28.9178
138.3983 32.8946
136.6493 33.3310
134.1198 28.6867
134.6513 28.8389
135.5305 27.6200
132.9363 32.2995
133.6466 29.3329
138.3826 29.9572
137.8822 29.8981
133.6896 32.2960
137.7123 30.2018
137.1096 28.9241
135.7774 30.5063
138.6389 29.7567
132.4803 31.6285
137.3103 28.8451
137.2132 30.1170
136.2753 28.1577
138.6706 29.1353
138.2472 29.6069
135.1674 27.7544
137.9560 29.5460
137.4716 30.4897
133.8091 32.1889
137.0307 30.3447
140.1039 34.5015
135.5864 27.7593
133.6757 31.8817
133.6880 31.5776
136.6373 29.1918
137.4559 30.5401
137.0922 30.3923
136.9422 30.4636
138.5671 29.9288
134.6209 27.2020
132.3827 31.9754
134.9573 27.3880
137.6779 28.8967
138.9343 34.6031
135.6212 30.7959
132.3484 31.9549
138.3722 29.7946
135.1959 27.8079
132.7251 32.1541
136.9475 33.4471
133.6186 28.6650
138.4437 29.8178
137.8390 28.9211
134.6004 28.8816
135.9188 28.4607
134.6072 31.3884
138.6576 28.8029
137.1466 30.5547
133.4513 29.3100
138.5331 29.8371
127.6462 27.8613
132.3237 31.7971
127.8327 27.7997
137.7384 30.4705
138.6138 29.7945
137.5518 28.6988
138.7362 29.1756
133.8153 29.3224
137.0140 29.1768
136.9830 28.3142
137.3134 28.7992
134.5878 26.7651
137.8338 28.9281
133.2891 28.3735
138.0014 28.9112
133.6760 32.1503
136.5408 32.8556
138.2686 30.1159
138.0073 30.3891
138.3546 28.8536
137.0077 30.2806
129.0399 27.2631
138.8712 29.2542
138.0331 29.8598
136.4378 33.1235
137.6671 29.9306
135.6246 27.8987
137.8799 29.8701
136.2406 29.6328
137.2587 30.2856
134.2853 29.2244
132.3303 30.5655
137.3135 30.5841
137.9577 30.4665
137.5847 30.1544
136.8940 28.5074
134.1498 30.2473
137.7207 30.0152
127.8046 28.8298
134.2180 28.8028
138.3759 29.0340
136.5040 32.9700
136.9566 28.8261
131.1546 26.9918
131.1758 26.7100
137.1567 28.6418
133.6841 32.0948
128.2497 29.1961
135.0782 27.4149
135.8732 28.4273
132.9493 28.0333
137.2575 30.3113
134.1483 32.5992
138.7363 29.2665
133.3520 31.2886
137.5943 29.8732
127.9586 27.3675
135.9407 27.9172
134.1577 30.3940
135.5134 33.1890
136.8282 30.1249
138.9604 29.4876
135.6317 27.9612
139.0052 29.4800
133.8271 32.2698
137.0428 33.3318
127.9018 28.9950
134.1031 29.4494
135.6097 28.4156
134.0069 32.2161
136.8767 30.1583
135.6735 30.8292
137.8238 28.9488
135.7956 29.9057
136.8100 32.8865
136.6776 33.2480
136.5266 32.7677
135.8116 29.9425
135.4271 28.6549
136.6729 33.3501
137.8527 29.4956
133.7269 28.6728
133.9407 28.7481
135.0284 28.3531
135.1772 29.7572
136.9651 33.3760
127.7880 28.2050
135.8298 29.9026
133.2217 31.0684
127.8651 27.7105
131.4028 29.9956
135.6959 30.5307
137.2366 29.9796
135.7589 28.5531
132.1526 27.9387
133.7659 32.2536
135.5991 28.1051
138.0029 29.2623
131.7189 30.0331
135.7815 30.1777
136.7405 32.8635
137.0211 33.4595
137.3851 29.0848
128.1384 28.3986
131.4796 29.9238
136.5645 32.8593
127.8993 28.8108
137.0542 33.3845
139.1375 29.4123
135.8366 29.8072
136.7399 33.4236
137.7393 29.7652
135.3941 30.3290
138.4657 34.3306
133.4875 32.4164
135.9893 28.9105
137.9874 30.2375
136.9422 30.7891
133.5348 31.6660
134.4619 30.9688
127.7832 28.0475
135.2588 33.1619
133.4499 31.4280
139.4087 33.5131
127.9185 28.7191
134.3984 31.3590
136.0689 28.6655
138.8164 29.4878
135.3176 28.5840
136.6190 33.3958
137.7050 29.8006
136.2107 28.6353
135.7631 30.6941
132.0249 30.2394
133.0360 30.8505
139.0854 29.6076
135.8181 30.0955
136.9571 28.6966
137.9878 28.7413
139.5193 33.2531
138.8599 30.0347
135.8279 29.8857
136.7780 28.3438
131.6338 29.9551
137.2143 30.2874
133.4728 28.5279
132.7804 30.7743
137.1829 30.5600
135.8185 28.4225
136.8521 30.8599
138.0533 29.4931
136.8201 32.8445
135.3371 30.3276
137.2682 28.4060
135.8292 30.9056
135.4410 32.7945
139.0994 29.4950
138.3147 29.9235
139.0316 29.5987
131.5048 29.7311
136.1333 28.6363
137.0617 29.1978
135.7778 30.1118
132.7004 32.2711
136.7272 32.6850
136.2185 31.6759
133.8194 32.0416
132.2826 31.6000
134.4383 29.3127
131.9703 27.8235
136.3293 28.8248
132.8281 30.7897
136.7766 33.2853
136.7404 33.2299
132.3345 32.0192
136.9420 29.8422
136.3779 33.1059
137.2220 29.6736
136.0954 30.3484
138.6961 29.7716
136.9513 33.4820
138.4319 30.2054
136.3426 30.6951
135.1503 33.1219
137.6854 30.1233
136.8537 32.9560
136.4362 30.0114
135.0487 33.1171
136.6717 31.0105
137.2563 30.9838
136.3446 32.9050
138.4895 30.5126
136.4016 32.8606
140.4417 33.0088
136.7275 31.0138
138.6482 30.3050
136.1840 30.5278
135.3358 33.1258
136.0515 30.3293
135.1348 33.0086
137.5138 30.2118
136.5989 33.1236
136.9886 30.5469
136.4677 30.9118
135.7896 30.6404
136.5708 30.9681
137.0741 33.3077
137.3095 34.4516
138.5788 30.4382
136.7398 29.5106
135.3407 32.9460
137.3274 30.9914
136.5083 32.4885
137.1820 30.4585
136.8748 29.8049
136.9155 33.5346
136.4373 33.2959
137.7008 29.4048
137.5622 30.0496
137.2580 30.4802
137.1821 34.4041
137.5955 30.0686
136.2381 32.8826
136.7886 29.9415
137.5246 30.0034
136.2889 30.4572
138.3650 30.6033
136.6639 31.0192
135.2421 33.3836
137.6158 29.8995
136.8476 30.6102
136.4007 31.6940
135.9018 32.5639
137.6961 30.1741
137.3906 29.9101
137.4526 30.3079
141.4280 35.3420
138.1678 29.4467
138.7021 30.2724
136.9506 33.5713
136.7812 29.8444
136.0023 33.0032
137.2391 30.1984
137.1032 30.1684
138.7262 29.6360
139.0183 29.6865
137.3987 29.8475
136.3035 30.4656
137.0391 30.8630
136.2652 30.5404
135.5042 33.0822
137.0313 30.6170
138.9875 29.7156
136.8225 31.0202
136.1424 33.0104
137.0569 33.5149
137.6779 29.7890
136.0461 32.9419
136.5967 33.0655
137.3318 30.3882
135.1548 33.1484
138.9990 29.8055
136.4146 29.7085
136.0929 32.9004
138.3628 34.3909
138.6345 30.4426
135.9644 31.2343
136.2297 30.6735
139.8068 34.7375
135.3536 32.8245
136.8144 30.5335
137.5126 30.1438
136.2494 32.9060
136.1192 32.9399
136.3805 30.9341
137.0302 31.0330
137.1370 30.8438
136.6615 30.0446
137.0024 33.6877
136.6588 32.5082
135.6203 32.6525
142.1095 35.4297
137.3463 30.8178
138.9733 29.8734
139.0406 29.6685
136.7841 29.9659
137.1407 30.7622
141.1931 33.8858
136.4848 33.3793
137.4889 30.2069
137.1105 34.3060
137.7051 30.8852
135.1704 33.1056
136.3054 30.7036
136.7606 31.0048
137.0741 30.6012
137.1660 29.6812
137.9798 30.7737
137.0026 30.4642
137.6750 29.9659
137.3143 29.6852
135.9616 32.4907
136.9898 33.5939
138.0955 30.6452
138.1376 29.3021
136.4050 30.9174
136.6950 33.5240
135.1783 33.1943
136.4935 30.8968
137.1268 33.5044
137.3312 29.8485
137.1649 30.9225
137.8936 30.4458
136.9359 33.5414
137.3145 29.5756
137.0614 32.9499
136.8909 29.7913
136.4983 33.1316
138.9784 29.7520
141.4516 34.8898
136.7487 29.8156
137.5982 30.0827
137.6939 30.1369
136.2509 30.4675
133.8917 32.0462
136.8609 31.0037
136.2568 32.9344
135.4807 32.7582
135.3437 33.1616
136.2388 30.4183
137.3727 29.8435
136.0933 30.3089
135.3285 33.4504
135.4575 32.8795
137.6412 30.7499
137.9510 30.0764
136.5852 29.9890
137.9044 34.5119
137.2134 30.9622
136.1755 30.0145
138.6328 29.5414
136.6544 29.8716
138.4180 30.4802
136.9231 30.8765
136.1166 32.8942
137.5123 30.3535
139.0226 29.5292
139.0879 29.5965
136.3875 30.0373
137.3597 30.5590
139.8090 34.7554
136.4531 32.4426
138.5825 29.4053
136.1391 32.9076
135.5398 33.0960
136.6891 33.5749
137.0314 33.5106
137.7608 30.7506
136.2565 30.6624
136.7287 29.8371
135.1843 32.9701
139.9955 34.4554
138.9959 29.8879
136.4022 30.0485
136.1531 29.7647
137.2821 30.8645
136.9458 33.6692
135.4529 32.7698
136.8803 33.1112
137.1016 33.1134
137.6190 29.9575
135.1054 33.1996
139.1012 29.7330
136.8846 31.0136
135.4212 33.1457
138.3121 30.3180
135.1959 33.1805
137.7502 30.0579
138.5671 30.0441
135.3911 32.8308
137.3287 31.0007
137.9886 30.4777
137.9782 34.4546
136.1478 30.2201
136.8437 30.5991
137.0106 30.6427
138.9295 29.9193
136.1041 33.1344
138.2788 30.6498
136.1017 31.3819
137.2528 30.4393
141.2388 34.5592
135.3081 32.9452
136.3670 32.4588
136.3843 33.4533
139.0483 29.7316
139.0187 29.8436
139.0798 29.3426
137.6272 29.8961
137.5211 29.8789
138.5894 29.8458
137.5643 30.2142
137.4807 30.9201
135.3830 32.8186
138.1088 30.7146
138.3465 30.1000
137.2829 30.0504
136.2749 32.4128
137.1233 30.9925
137.7394 29.9040
135.6524 32.6261
136.4306 29.6262
137.6016 30.1021
137.4798 30.2983
137.0977 30.3701
138.4469 29.4291
135.2701 33.1861
137.7872 29.9271
137.6834 30.0419
138.4881 30.5204
135.4889 32.7242
136.5484 33.1865
137.1474 30.8517
136.4477 30.9067
138.5585 29.7813
136.9437 33.5430
136.0316 32.5361
136.5843 30.9548
137.7106 29.5886
137.6414 30.7654
137.9928 30.6935
137.3544 30.1243
137.7204 30.0318
136.8803 33.5343
136.3030 29.9339
136.9801 30.9894
137.5681 30.5919
136.3196 32.4945
137.2502 29.6436
137.5864 29.9807
141.3008 35.1309
137.3246 30.9499
137.2527 29.4634
136.2207 32.9204
136.3298 32.8716
138.5982 29.7725
141.4053 35.0244
138.1661 30.3264
137.3312 30.9667
136.0752 29.8807
136.8594 29.5084
136.5054 30.0249
137.5524 30.8981
141.1223 34.8650
137.3508 30.0450
137.7224 29.9110
137.1600 29.7024
137.3307 30.0914
136.0497 30.3543
138.8561 30.1287
135.9370 31.1269
136.3441 32.8453
136.1471 32.9017
138.9599 29.9901
137.5973 30.9194
137.7025 30.5509
137.3440 29.9815
137.3620 30.1334
135.8813 30.3803
136.5674 33.0988
137.4233 30.6324
137.7762 30.8631
137.0269 29.7155
135.5689 33.2640
137.2796 29.6623
137.3661 30.2409
137.1371 30.9761
136.1168 32.9367
135.1341 33.2921
136.1884 30.5091
138.2139 30.5534
139.1384 29.2455
137.6428 30.7849
136.4849 29.6131
137.6618 30.0482
137.9670 30.6447
135.8637 30.3387
135.9445 30.2202
137.6125 29.9458
136.5986 30.9767
137.7641 30.2599
138.0172 29.3000
138.4333 30.0402
137.8611 30.7808
137.7036 29.9285
137.1207 30.1449
137.4011 29.6440
138.5968 30.0705
138.5584 29.7393
135.9425 31.0734
137.2360 30.3555
137.3386 29.6362
127.7036 28.8380
135.6199 28.4334
135.5893 32.7393
135.7451 32.3830
133.8033 27.7924
138.0287 34.2947
130.2658 29.5504
136.5569 30.3041
142.0339 35.2093
136.7306 32.9631
135.5721 32.0057
136.7548 28.3794
127.8627 28.5598
136.8979 33.6159
136.9075 33.0589
136.6119 33.2670
134.0872 30.4949
134.8414 28.5198
133.2635 32.1607
138.2522 30.3138
137.6082 34.1625
137.1973 28.8341
133.1817 31.0620
133.5641 31.9237
132.0361 30.9536
135.9264 28.8515
130.9917 26.5747
132.7290 32.0379
133.7768 32.0972
132.9498 31.5357
134.0450 30.2537
141.6804 34.3979
135.0031 28.0905
136.2656 28.2951
135.3528 26.8345
135.9643 32.9716
138.2191 30.1250
134.5582 29.8075
136.9441 30.4299
138.9641 29.2232
138.3423 29.7552
136.3540 29.2822
139.4936 35.1660
127.4863 28.1371
141.1501 33.4545
137.7379 29.9655
137.2991 28.0431
138.8708 32.6309
136.0880 28.1243
137.6205 28.8727
132.1651 30.2993
137.2625 30.0678
136.9524 30.1219
126.0158 29.5173
138.7524 32.3429
134.5889 26.8494
136.5809 27.7350
127.8139 28.7463
135.7149 27.8629
137.9329 28.4421
136.6168 28.4620
138.0431 34.0938
137.4984 29.9367
136.0214 33.4537
139.1402 34.6005
136.8134 30.9585
136.8112 30.4625
136.4722 32.4882
131.6699 30.1063
136.4361 30.3464
136.4095 28.5591
130.2530 27.2394
138.3323 30.0015
131.9528 31.5974
134.6142 27.5848
141.2577 33.8981
136.4892 33.3068
133.5807 32.1662
139.1204 32.5794
137.2538 28.5884
135.0523 28.7241
137.0685 33.6917
135.0100 27.6496
138.4078 30.0116
137.1000 29.9909
132.8586 28.0278
140.4873 34.0895
128.5144 28.7880
137.1158 30.8132
135.2751 28.1956
138.7648 30.3945
136.6402 30.5267
132.1340 30.4006
136.9323 33.2045
128.4185 28.3751
135.7466 27.5741
131.8571 29.8883
136.1763 33.3551
139.7163 34.8746
131.7090 29.7434
127.8714 28.7200
136.8595 32.9983
134.0157 32.3719
133.6763 31.3912
138.8908 29.5537
138.3218 29.7048
138.7265 29.2956
137.4810 28.5099
134.3069 32.1138
134.2288 28.6335
136.7162 28.1017
131.3641 29.8290
136.6619 29.3123
133.4874 31.2913
136.7055 33.2100
136.5308 32.8724
135.9879 31.3173
137.4660 30.1173
135.3403 28.5427
133.8383 32.3023
136.2224 32.6038
136.8499 29.1831
138.0917 29.7907
138.5940 29.9728
133.8893 30.8575
134.7840 28.6858
136.1700 32.5068
135.5292 30.8141
135.2924 28.8797
137.5774 30.4137
138.8871 28.9462
127.6031 27.5433
134.1009 30.4443
136.7394 32.5181
135.7473 29.9376
134.3571 29.2261
127.9354 28.9929
138.7208 29.9507
135.8324 29.9906
135.2204 28.6876
131.9983 30.4064
131.9940 32.4317
138.2733 28.3543
138.4254 29.2182
132.2947 31.6721
129.2380 29.6579
137.7415 29.3398
137.9382 30.1527
132.9740 32.3188
134.9996 29.3564
135.2345 28.5775
137.7521 30.1014
133.6612 31.8889
127.8271 29.0206
136.3014 28.4018
138.3293 29.3557
127.9680 29.0682
138.1376 29.4943
135.7499 28.1537
133.7416 31.5299
136.7804 30.5527
138.3500 30.0670
136.6352 29.4665
135.8813 30.0937
136.3302 28.3170
137.7556 29.6360
135.9640 28.0121
135.5121 27.7705
139.0318 29.3119
135.8988 31.2929
135.5783 31.7611
135.3106 28.3230
135.4577 28.1971
135.7177 28.2727
135.1952 28.5113
137.3483 29.0552
138.5941 29.7755
137.1660 30.2111
138.2625 29.9916
135.9085 28.1192
134.1367 29.0630
127.5528 27.9239
138.9863 29.3445
135.7497 32.7252
133.4417 32.3858
138.5811 30.1797
127.8587 28.9337
135.1622 28.9957
135.1288 27.9435
139.7842 34.7973
136.4863 28.4208
136.5196 28.1629
135.0828 28.7366
135.7421 30.8521
135.2550 28.0811
137.3019 29.8927
129.3488 30.0308
138.7742 28.8644
134.9479 27.5373
135.6696 30.5890
128.6800 27.6804
133.5132 30.7445
135.6836 29.6656
133.2074 31.0907
136.7137 33.4209
137.0793 30.1199
135.7667 32.6137
136.5042 28.1580
131.4464 30.2682
136.9160 29.9870
137.3580 29.7877
136.9377 28.3956
137.4058 30.2700
132.7008 30.6719
135.4199 33.3047
138.4158 29.1340
136.6744 30.5514
137.4021 30.7234
137.7474 30.5042
136.6123 28.0807
130.2858 29.7007
128.1495 28.3299
134.7413 29.7312
138.7085 29.1653
139.9466 34.5457
135.7398 30.5366
135.6392 28.5628
136.5197 28.6597
135.0583 27.5807
137.9814 29.3276
139.3674 33.3058
136.8475 30.1276
135.7056 28.3179
139.0468 29.2136
139.1214 29.1714
135.3947 29.6561
141.2581 34.5783
135.2564 29.4634
135.3252 28.4521
134.5323 27.8398
136.0648 32.5849
136.4697 30.3860
136.2662 28.0287
138.6787 29.9372
130.6935 29.7922
136.1165 31.4444
132.2971 30.4713
136.3807 31.6551
135.4890 33.0288
138.0234 30.6204
136.6764 32.6971
136.1505 32.5061
136.4277 28.1968
136.4933 28.4190
138.6911 28.8126
135.4536 29.4721
132.7524 31.5196
136.4219 30.0380
136.8348 29.7441
136.9925 30.8468
138.2493 30.4298
137.5241 34.4011
132.9545 32.2991
138.6147 28.9118
135.3608 28.9754
137.3701 30.0517
133.5457 31.7234
137.8488 29.8782
138.0140 30.2628
128.3955 29.5321
129.1520 27.3019
128.0208 29.1937
138.9713 29.5923
135.7076 28.5995
136.5432 32.6529
138.2992 28.5829
138.4178 29.0472
129.6246 28.8457
128.3914 29.2948
136.9193 32.8546
129.4389 27.7850
138.7957 28.5773
135.9377 27.8263
138.7597 29.8854
137.6831 30.1672
141.2704 34.9469
135.3001 29.6317
133.5933 31.4598
136.7089 33.5942
134.3489 27.1694
135.6026 32.3328
138.7554 29.3884
136.9177 33.5592
136.9005 28.4529
139.3714 33.5799
136.3779 28.6298
138.5894 29.1511
136.3489 29.9688
135.9565 28.2898
135.4792 28.4003
136.4912 30.4187
129.3923 28.8858
133.4238 31.4067
136.0125 31.3891
129.2832 27.5939
132.4879 32.0287
129.2833 26.9914
138.8557 30.2392
137.8856 29.9187
127.8361 28.6826
136.3530 32.4655
137.7075 34.3921
135.3724 28.6473
136.8346 33.1565
139.0995 29.7248
136.1004 29.5803
136.4638 29.4674
136.8917 30.0542
137.0583 32.9566
137.8931 30.5704
138.1599 30.4211
139.1514 29.3390
137.0627 29.9938
136.7542 30.1999
136.9586 33.5533
140.4190 32.7402
141.2452 34.6724
136.9559 33.4454
137.1891 29.8400
135.5715 32.6814
138.0407 30.3421
141.2480 34.7159
135.0560 33.1231
136.6318 30.2330
138.0025 29.2644
138.0740 30.3080
136.8081 32.7531
136.8316 32.7299
141.2108 33.4069
138.0167 29.1889
136.8111 32.6232
137.2064 29.9994
136.4603 32.4140
135.5875 33.1711
139.0434 29.8029
139.6620 33.5611
136.7981 33.2408
136.9307 33.0538
137.5520 29.3427
136.4776 32.4467
136.2842 32.4150
141.2403 34.7404
135.3056 32.9267
127.6255 28.2872
136.5577 32.4807
135.1566 33.3583
136.9083 33.0449
136.7328 29.4209
136.7615 33.4472
137.0472 30.1708
136.8313 33.1527
135.9032 30.3647
135.1331 33.0051
138.8731 29.2534
135.5384 32.7136
136.7584 32.6211
136.3690 32.4078
136.5979 32.9234
138.7460 29.5907
135.3896 32.8292
136.7680 33.3420
136.2946 32.4076
136.5096 32.4346
137.4441 29.9458
135.7710 32.7034
136.6993 32.6019
138.7009 29.7969
136.0110 29.9923
138.9538 29.8854
136.1124 32.4638
137.0823 29.3558
136.0287 32.5063
136.1297 32.4436
141.3039 33.6430
137.5927 29.8907
136.7913 33.2249
136.6286 29.4042
136.6891 29.4949
137.0341 32.6789
139.0772 29.7456
135.8799 32.5472
135.7696 30.4032
135.4090 33.2284
139.0366 29.5844
136.8577 32.8526
135.3053 29.5817
136.9969 33.3563
136.4759 33.0975
135.5318 32.7202
136.7210 33.3154
135.9048 29.7508
136.9570 33.2175
138.3504 34.3177
135.6355 32.7545
137.6343 34.4265
136.7612 32.0522
137.9982 30.5339
136.6802 29.8133
136.8642 33.1476
135.1377 33.1166
137.2215 29.6424
136.0324 29.6287
135.2288 32.9351
138.6630 29.9625
135.3147 32.8807
135.8229 31.0332
137.1875 30.6116
136.1156 29.9243
136.9060 30.9765
136.0838 29.6550
136.7921 32.6865
139.2138 29.3887
136.3975 30.7618
136.7477 30.9630
135.5480 30.3189
138.5142 30.1968
136.5403 29.9948
136.7041 32.5585
137.0079 30.0677
141.2097 35.0278
138.3029 29.3215
137.0232 32.6110
128.9872 26.2163
132.7509 28.3783
136.1010 32.7978
133.1202 28.6960
134.0380 29.2399
127.5903 29.0936
128.4496 26.8176
131.7984 30.3482
136.0726 32.4771
137.8440 29.5628
136.6701 30.6742
133.1833 28.5984
137.9715 30.0272
138.9008 29.2647
137.1866 30.4560
133.4205 28.4135
140.1620 34.5426
133.6120 28.7535
136.1651 28.7717
136.4881 32.6719
132.0469 27.8861
138.3086 30.0806
132.9828 30.8824
137.4773 30.4351
133.4042 31.3004
136.8779 30.0565
136.8291 33.3834
138.0986 30.1150
137.0179 30.0993
135.4603 28.2378
133.3552 31.1304
138.1969 29.2853
133.6446 31.9171
135.8149 27.5484
137.2298 30.1802
134.6080 25.8798
134.3518 30.7664
127.4580 27.9077
132.1051 30.5287
136.9960 33.4118
133.8962 32.9841
141.3154 34.7717
138.7396 29.8628
133.2187 28.6259
135.9568 32.7417
137.8346 29.0656
138.8704 29.5912
134.4693 29.4503
136.7731 28.4102
136.4485 32.6231
137.7278 29.6106
136.3426 28.1705
137.5923 30.4545
137.9232 30.1020
141.4731 34.3381
136.4508 28.0379
135.8034 30.9851
132.7048 28.2680
137.4920 30.4983
133.9328 29.7049
137.4190 30.4690
137.8617 29.6124
134.7045 29.5113
137.2809 30.1163
136.4026 32.9000
137.8403 30.2782
133.2537 31.1323
137.3740 30.5203
136.5154 28.4161
133.3188 31.1686
137.4242 34.4365
137.3445 30.5022
137.6676 30.2449
135.9014 32.6249
138.6077 29.8688
138.7731 29.4483
137.5297 30.4731
138.1858 30.0108
138.8467 29.3474
136.9001 32.9065
136.5046 28.3871
138.6769 30.1149
137.0253 33.3264
136.2572 32.4486
139.6512 34.9772
137.5587 30.4478
137.4961 30.4787
134.6611 29.0069
136.7022 28.0188
133.7145 32.1265
137.4111 28.8261
135.5713 27.7752
132.8919 28.2116
139.7775 33.2928
137.1771 34.3402
137.5371 30.7816
137.5506 30.4658
132.3842 29.2051
137.9283 30.2504
130.9767 27.3956
134.2612 29.2852
133.6127 31.5810
131.7107 30.2680
130.7221 27.4088
139.0514 29.8048
137.5511 30.3626
138.4223 34.3573
137.1074 30.2845
137.4195 30.0371
136.9563 29.4790
136.7207 30.5011
136.8983 30.1101
138.2834 29.5700
138.2104 29.1995
137.0394 30.2525
136.5815 33.1136
135.9889 30.8396
136.9040 30.7250
137.4977 30.3117
137.8235 30.5139
137.5051 29.5884
136.0016 30.5164
135.6925 33.2524
138.9828 29.9553
136.8151 29.7242
135.5984 32.6878
137.5697 30.1763
136.3705 30.7068
136.9476 29.9226
136.8019 32.8829
136.4550 32.4970
137.2920 29.9159
136.4955 30.3838
137.4419 30.1259
137.2277 30.0586
136.8802 33.0994
137.0597 30.2147
136.8694 33.4822
137.4148 29.9470
137.1541 33.6598
137.4870 30.2754
136.5223 33.3290
137.4306 29.5968
136.8976 32.9210
137.5335 30.1693
136.5243 32.5014
137.0190 29.6980
137.2134 30.8735
136.9823 30.1650
137.9503 30.4395
135.2851 32.8655
136.8345 33.3211
137.3481 30.0948
136.2626 33.7234
137.3310 30.4170
141.1202 33.1607
136.9659 30.1340
136.9543 33.6480
135.8328 31.0007
137.2538 30.6564
135.8541 32.8119
136.8895 30.6671
137.4367 30.3042
138.3033 29.7148
137.4853 30.2713
136.1054 32.5607
138.3068 29.6821
138.0538 30.1226
136.5208 33.3152
137.3179 30.1144
138.0573 30.0427
136.5232 29.9782
135.4212 32.7982
136.7242 30.3285
138.1545 29.9268
136.7725 33.2979
137.1853 30.1174
137.6539 30.5971
137.7130 30.0259
136.6102 29.8545
136.9109 29.4838
137.4435 30.0508
137.0634 30.2874
137.3014 29.6411
137.5542 29.9186
136.7413 32.6504
137.5436 30.1892
136.9401 33.6945
137.1295 30.0965
137.2472 30.0602
137.5672 30.1312
137.9203 30.3020
136.4589 32.3987
136.9822 30.0953
137.1991 29.5113
136.7111 29.9847
136.3269 29.5404
136.7437 30.4641
137.4270 30.1705
136.6543 32.5206
137.4117 30.1467
136.9823 30.8628
137.3035 30.1152
135.8381 32.5440
136.9348 29.6765
136.3234 33.1827
137.3822 30.0614
137.3138 30.1580
137.1771 30.7762
137.4071 30.0117
136.2045 31.5310
137.5916 29.9229
137.1793 30.0659
141.1864 33.0692
137.0437 30.0513
136.3934 33.1784
137.6237 30.0796
140.9790 33.6719
137.6275 29.9588
137.6633 29.9054
137.6066 30.1822
138.1378 34.3054
137.8831 29.2233
137.4562 29.5977
141.2111 33.4464
137.0811 30.0939
135.7020 32.6074
136.3828 32.4902
136.2941 32.4086
137.0163 30.2035
135.5888 33.2636
137.0934 30.2064
137.2495 30.4126
137.2120 30.0261
141.1944 33.2428
137.3814 30.0544
136.7855 33.2801
137.4754 30.5483
137.0475 33.7082
137.2597 30.0867
138.7391 29.8489
137.2632 30.0523
137.2716 30.4420
136.9612 33.4475
137.2046 28.7805
127.0510 28.1503
137.3260 28.9383
137.9003 29.2254
138.8401 29.9026
137.8245 29.8411
135.4456 28.1858
137.5975 34.2469
134.7945 30.8914
138.7457 29.2024
135.2143 26.9235
133.2747 32.0874
132.1183 32.4863
133.6532 32.2335
137.2255 30.4220
136.7971 30.6555
136.4139 32.7468
134.4892 26.3602
132.5464 32.1225
137.6743 28.6531
137.7029 28.8520
133.7865 32.0340
137.6397 34.2951
133.3459 28.4372
132.7864 32.0562
130.7563 29.5137
136.8898 28.1853
129.9012 30.1587
133.3154 28.4669
133.8384 26.7606
136.8620 33.1327
130.0927 31.2839
135.3094 27.9069
136.8099 28.2445
127.7138 28.0827
136.3544 32.4660
127.5555 29.0327
133.5243 29.5948
127.3829 30.0015
133.4508 26.1161
138.7356 29.6910
132.2580 27.9826
135.7920 30.6461
133.3834 31.6245
134.7066 26.5612
132.7715 31.0114
139.1073 29.3187
135.8180 29.3333
135.5442 27.5675
138.7375 29.7120
127.9559 27.8604
138.1449 29.1974
133.0490 31.9600
137.6128 30.3814
133.6417 31.5079
138.5693 34.1246
136.9323 33.5309
133.2605 31.9189
135.0728 28.3766
136.8453 33.8384
138.3431 29.2168
135.5235 28.0842
134.7989 29.2441
132.9926 32.3156
136.3991 33.2117
131.4351 26.6901
128.7092 28.9529
135.4876 28.9762
135.6253 31.0785
138.5544 29.0459
130.4805 26.6779
128.6215 28.8432
133.2229 31.4913
132.9732 30.3844
132.9314 30.8874
137.1662 30.2439
135.6958 32.6365
132.4766 31.5345
135.0437 31.3338
139.2745 33.5367
139.0014 29.4604
134.3576 27.8753
134.4564 28.0948
133.4099 30.1189
135.0343 28.5683
137.6411 30.1551
135.7944 32.4215
132.6093 30.8121
133.0446 31.7036
134.6047 27.1844
129.8089 26.0071
129.8317 27.7567
134.4875 27.2414
130.7173 29.4438
133.9968 31.9325
132.9163 31.1408
138.5042 29.7127
135.5943 30.9992
136.7084 28.2503
133.9331 25.9089
131.1103 29.6628
130.5375 27.8053
136.0569 31.1868
133.3005 26.4627
131.5819 29.9121
130.9233 28.1133
128.9450 31.0213
135.2998 27.2846
134.7492 28.6089
133.3212 25.9453
135.8910 31.3109
130.9490 29.4709
137.8374 29.0513
131.9365 26.6967
135.5546 28.4123
133.8702 26.2467
130.4779 25.9239
131.3354 29.5237
135.8631 27.8862
130.6775 26.3616
134.7499 25.7659
136.5757 27.9484
134.1091 26.4710
135.2210 28.2203
135.6974 27.7056
134.0791 27.5121
134.1771 30.7490
138.3697 28.4531
137.9997 28.4564
135.1981 33.2081
131.6143 28.4348
130.1088 26.1386
133.2210 31.3186
134.4591 27.6741
135.5172 28.3329
135.7527 28.1710
132.8220 26.2373
131.8549 27.6598
132.3886 27.9014
133.8974 25.4276
134.1362 26.2928
134.3562 31.1237
134.2299 26.0634
134.9577 26.8245
133.9400 26.3424
133.7515 24.8125
135.5410 28.3279
133.5053 31.5837
128.4762 26.8347
138.3272 29.5755
135.3073 27.3586
132.5192 30.6451
135.0468 29.3126
139.0755 29.7818
134.4280 29.2814
128.2520 29.5981
128.3300 28.3742
132.5235 30.5859
135.7778 30.0358
138.1157 32.5622
136.6148 32.4310
137.5019 30.3029
139.9084 33.3062
136.2681 33.1176
134.8093 27.4953
136.5808 32.8435
130.4144 27.1535
132.8119 28.1170
135.4749 30.3958
137.5493 29.6477
128.0312 29.3478
136.9517 28.4467
138.3448 29.0680
134.6513 27.1247
135.7806 31.0124
135.6012 28.5328
136.6975 33.3454
128.0157 29.0775
138.7137 34.4062
135.7203 31.7887
137.0839 30.0814
137.1440 30.6860
127.7017 28.2070
136.7465 32.5164
133.6359 32.0546
137.9209 29.7015
133.6277 32.4240
136.5435 33.1667
134.7085 32.1329
138.5285 28.5736
137.9068 30.3211
130.8243 29.5213
136.4662 32.9627
136.2200 28.2712
133.6343 31.5897
136.8741 30.5850
138.6657 30.1769
135.5488 30.0063
137.8723 29.1886
138.0423 30.1594
135.5761 28.1379
136.4340 28.3456
133.6504 31.4767
134.5017 28.9654
138.6663 28.5356
138.5034 29.2321
136.1234 32.7469
135.4399 27.5048
132.0195 31.5929
132.9702 30.7178
137.0130 30.1550
138.4255 29.0572
133.5432 31.8302
137.3869 30.6021
138.9802 29.1606
136.7448 32.9019
138.8415 29.0285
134.5759 29.9346
136.8980 30.0685
137.9945 30.5080
138.0009 29.6863
138.4917 30.2784
139.6544 33.5897
133.1655 32.4270
136.5409 30.4068
136.5367 28.3881
136.1574 27.7959
136.2530 27.9513
138.1442 29.7968
135.5161 32.9214
138.0886 29.5454
126.2466 31.4042
135.5679 29.8635
141.2222 33.8649
136.6809 33.1565
136.1147 32.5165
133.5484 28.8105
138.9410 29.3471
129.7998 30.1038
135.9343 31.4410
135.4476 28.6410
136.5681 32.5939
132.4821 31.7926
136.8864 28.4237
135.2220 28.1447
129.8468 30.4076
134.3167 30.7906
133.9527 29.8551
128.0867 27.5919
134.9164 27.0787
129.7261 29.8976
138.5282 28.6119
131.9388 30.4908
136.6595 33.4469
138.4130 28.8534
136.8033 28.4860
129.8379 30.1221
135.3708 30.8996
133.9195 28.8392
134.3684 30.8976
132.6446 31.1120
138.5661 29.1095
138.0415 28.8282
132.8634 32.2506
131.6337 29.9925
137.8228 30.5837
132.5436 31.5115
127.3890 28.3868
134.0307 30.2587
137.4137 30.4231
138.9695 29.2794
134.7195 32.9786
137.2012 30.3745
134.4632 28.7652
135.2072 28.5790
137.2179 28.4047
137.7208 30.3637
135.1631 27.3365
129.3972 28.9893
138.2258 29.0087
137.8348 30.3920
131.3152 27.7007
131.3741 30.1008
134.6883 27.3298
133.9347 28.9778
127.5708 28.9047
131.7273 30.4412
135.6458 31.8128
131.1395 29.3025
136.7288 32.8154
127.9457 29.4959
132.3512 31.6387
138.1090 29.9479
138.8738 29.2758
137.8129 30.3493
134.5435 26.7641
137.7868 30.2588
132.5374 31.8818
138.1906 29.7123
138.5858 29.1177
136.8201 33.5465
134.5109 29.0109
137.9347 30.0321
137.7047 30.4462
133.2919 32.4109
138.4965 28.3632
133.6641 31.6563
135.1829 27.6402
135.3588 27.1909
135.0112 27.7691
129.3427 27.5538
133.6896 32.3472
138.0281 30.1480
133.8531 29.1552
138.3733 28.9653
133.8594 29.7347
138.0598 30.2424
128.6856 27.4677
136.9021 33.1562
135.4778 27.9517
132.6216 32.1455
134.3755 27.1068
135.1180 28.9061
139.3009 33.4476
137.0653 30.2768
137.5524 30.1486
139.5440 32.8554
141.2361 34.3668
136.9894 32.7908
131.6491 29.7953
136.4340 32.5697
141.7238 34.4592
136.3809 33.2095
136.7615 29.8474
134.5221 30.2442
141.9309 35.4835
137.6608 30.4896
138.3130 34.3507
136.3036 29.8763
137.0627 32.8687
132.9492 31.0170
140.2393 32.9455
136.7565 33.3163
138.4000 29.0530
140.3977 33.1648
137.3774 29.9014
137.8998 30.3669
139.2642 34.6176
136.5667 30.3236
135.4606 28.7386
138.4965 30.1337
138.1860 34.2404
138.5231 33.9182
135.5877 28.5733
139.7346 34.7162
137.4651 30.5995
137.8432 28.7864
137.8637 30.5618
133.6679 31.4366
140.8952 32.9279
140.7823 33.8959
135.7718 33.2500
136.3890 30.0502
136.5001 30.2675
139.0087 29.1559
138.1971 32.2364
131.6373 29.9872
136.8073 33.3251
136.8593 33.3701
135.5970 33.2178
126.8762 32.9571
137.9079 30.2221
136.2726 29.2665
131.1397 26.9020
140.7006 33.7328
134.0312 29.9761
136.2348 32.9213
137.4319 33.6938
136.4325 30.3406
142.3438 34.3186
141.6939 33.7080
125.0321 32.4263
142.9557 35.7137
136.8571 29.9320
135.9856 30.4620
136.9294 29.8048
136.5504 30.7894
136.6620 33.2811
139.8227 33.9885
137.0386 29.6962
136.7132 32.5354
132.5619 30.8812
133.1966 31.0656
139.1196 29.4040
142.9191 35.4482
130.8674 29.4845
137.5062 34.3288
137.1018 29.5548
136.4525 32.4668
138.4699 29.0398
139.0591 28.9396
137.4507 30.9378
137.4746 29.5467
137.0211 30.7408
136.6604 33.1989
137.1673 33.7822
137.6548 30.1019
136.5307 33.4363
139.9950 34.4991
137.5034 29.3857
131.0239 28.6898
139.9743 34.4061
136.6544 32.6515
143.1053 34.1620
136.8482 30.9522
137.6591 29.6776
135.1299 30.0622
144.6626 36.0030
136.5436 30.1866
135.6127 33.2213
136.9242 33.7568
137.3127 29.0920
137.9045 30.3034
137.2403 30.4283
131.8722 30.3887
136.7843 28.8608
137.8188 28.9761
143.6802 36.1227
128.6812 29.3412
137.0450 32.9873
133.6505 30.8491
134.3935 28.9934
131.6740 30.1970
132.6162 30.6016
133.5033 31.2091
136.9935 33.3162
128.4537 29.3108
135.0962 28.8599
133.6360 31.5190
133.6973 31.8242
133.7430 32.5097
133.5797 31.5239
137.4095 30.4320
133.8137 32.1528
137.3099 30.1094
135.7098 30.6722
139.4786 33.2859
132.2199 30.5568
133.6438 31.9588
135.2175 31.9052
133.4124 32.3651
135.1491 33.1533
133.7910 32.3708
136.8719 32.8896
132.7152 30.7146
131.7191 30.0360
141.7117 34.1139
135.4574 31.4055
136.8689 33.0933
138.7570 30.1125
133.4455 31.2224
134.7160 27.6634
136.1265 32.4943
139.0120 29.3038
135.4747 28.4673
135.7304 30.7495
136.8675 33.3846
132.0996 30.3197
131.1541 27.3658
135.4828 28.7751
132.2628 31.9293
131.7157 30.0386
136.2164 31.6275
135.4916 28.4227
131.2894 29.7504
129.8671 28.0007
135.3533 28.9626
136.7021 30.4894
132.8509 30.7626
133.4556 31.1317
137.0041 29.3821
137.0349 33.3501
136.9748 33.4233
136.7800 33.3665
132.7661 30.6434
138.7476 29.8377
128.6797 28.8460
133.4410 31.2395
135.6518 28.1681
135.3091 28.8236
139.0124 29.2257
133.2654 31.0726
132.7724 30.7375
135.3358 28.8695
136.4267 32.4296
136.8923 33.6082
136.4792 33.3269
133.7846 32.0330
135.5072 28.1336
136.9971 33.3304
133.3542 31.2109
137.3627 30.1669
137.3898 30.7232
133.6765 32.1901
136.5709 33.3457
135.7146 32.6152
133.9270 29.9048
132.2604 31.8457
136.9100 32.3244
136.1852 28.8690
135.6498 28.8427
139.8542 32.6825
139.0381 29.3938
138.9527 29.6267
135.6896 28.6454
133.7594 32.5085
134.1233 30.2903
133.3577 28.3893
134.3270 29.0230
135.8324 29.6958
135.1391 33.0133
135.8571 29.8494
135.6565 29.3208
135.4784 28.3313
135.7267 29.9073
135.9348 28.5495
135.5759 28.6773
136.8739 30.5084
133.2674 31.0704
138.2213 29.1716
132.4088 30.5552
135.3223 27.9450
138.9899 32.6914
135.7403 30.5976
135.6292 28.3480
134.6128 28.9849
141.0846 33.7346
132.1519 30.4925
133.7634 31.8396
133.7092 31.6275
133.6912 31.8153
135.4266 27.7269
133.2591 28.2473
135.2477 28.4759
128.9512 27.4155
137.3805 30.2208
137.6752 29.8621
138.2464 30.1496
138.7826 29.4639
135.7434 28.0981
135.0597 28.7363
135.5556 31.7215
127.4247 28.6136
138.7939 29.3175
135.7111 29.8411
133.2533 30.9908
135.2701 27.9389
134.0002 30.1008
135.6673 32.5459
137.5124 28.3911
133.8985 27.9125
135.1898 28.6965
133.3562 32.6672
134.8407 29.8715
135.7769 28.3355
140.1410 34.3759
137.3852 28.5920
138.9335 29.4038
135.9868 31.5746
133.0306 32.3458
129.2413 30.0287
136.1657 32.6320
127.5080 27.2883
135.8679 28.6082
134.1446 30.0193
138.3398 28.3335
133.1196 32.2441
127.5554 28.7470
132.4350 31.7646
133.8424 28.6076
137.0738 30.5425
129.6393 28.0138
137.7826 30.3788
135.5131 27.2119
127.3042 28.0953
133.1201 28.1320
138.8303 29.7875
136.0177 27.9148
134.1486 29.3591
135.4930 28.4506
133.5020 28.5648
138.7086 29.2723
134.7273 28.9645
133.9540 29.0640
133.9072 29.8710
133.7679 31.9469
133.7933 28.9312
132.5294 31.2695
139.1023 29.4485
135.3288 27.2501
133.7990 29.1477
129.8639 30.3681
128.6758 26.7002
137.8812 28.7028
134.5869 26.8791
127.4387 27.5399
130.3364 27.7683
132.3557 28.2593
135.6918 31.1734
134.9827 29.3510
137.9304 30.2189
134.2917 29.2214
134.9567 28.4116
137.7420 30.4285
138.5012 28.7194
133.6592 30.8676
134.1746 30.0744
133.7691 32.0607
138.7931 29.4376
136.6592 29.5489
138.1676 28.9079
134.9125 27.3724
136.5473 33.2046
137.4779 29.9722
136.2266 32.4746
136.7483 32.9541
136.8485 33.2749
138.9734 29.4121
138.2855 30.4050
135.9679 31.5321
131.9836 32.4480
133.4886 31.8557
133.7036 31.6015
136.8519 28.6844
138.0284 28.6171
136.6952 30.3437
136.5635 32.5639
131.8761 31.3538
134.0501 29.1540
136.6093 28.1812
135.9696 28.3371
135.7445 28.3000
135.5000 32.6940
136.3570 29.3188
128.6086 28.3735
138.3483 28.6467
132.9472 30.8808
139.3461 33.5219
133.1168 28.4979
135.7266 30.9599
135.3517 27.9341
136.5365 32.4783
134.8348 28.8026
138.2823 29.4335
133.7267 31.5554
134.0293 32.5394
135.0964 29.8469
134.6463 27.1722
138.8008 29.8082
138.9718 32.8134
141.4542 34.4034
135.3994 28.4020
131.6147 30.3253
133.2261 31.0289
136.7847 33.4435
133.8837 29.7208
134.0125 28.7994
136.6774 33.3974
133.8057 31.8442
133.5830 32.2178
131.3018 29.6930
136.5038 32.4608
136.7839 32.8511
132.2084 31.9170
134.8734 29.5702
131.4774 29.9262
137.5722 30.5238
135.9532 29.7273
134.3911 28.8693
138.0253 29.8337
137.9690 34.4057
136.3600 31.6825
131.7825 30.2235
138.2840 29.8262
132.5682 32.1282
132.2542 31.6766
133.9926 28.9034
138.8557 28.9254
132.4500 32.0047
136.8772 29.2810
136.3855 32.5140
135.0981 28.8611
138.9375 29.4161
138.4373 29.9203
134.0357 30.9821
136.2014 31.5686
135.4305 27.9259
138.4954 29.0143
127.7020 28.0086
133.4718 31.4473
139.0203 29.4050
133.1378 30.9217
130.7656 29.8596
135.5622 27.8582
133.3356 32.4190
132.4375 28.0526
137.2814 30.2165
134.1765 27.3055
135.6135 30.8217
138.6485 29.2985
135.2186 30.2275
132.5142 30.6257
137.9328 30.5154
138.6306 30.0411
135.1029 28.7542
136.9837 30.3080
136.0748 29.7108
136.0101 31.3641
138.3444 29.2231
135.1987 27.4320
133.6271 32.3979
136.0925 32.4621
134.7486 28.9560
135.5045 29.8879
136.6164 32.6214
138.2422 34.3632
137.9175 29.0741
133.1463 32.3730
133.8648 32.4910
129.3302 27.9931
133.2881 31.0014
130.7147 29.8225
135.2768 28.6282
134.7325 27.1821
132.0334 30.4969
137.9152 30.3163
133.5603 31.7308
133.8077 31.6976
134.0368 32.2569
136.3110 29.3262
136.5033 28.5896
134.0163 26.3958
132.6376 31.2203
137.7586 29.1668
135.0403 27.6848
139.1140 29.3390
137.8109 28.8849
138.1594 29.5042
136.6475 31.9969
129.9083 27.8858
132.1694 31.6667
138.1785 29.8593
126.4397 30.7047
127.4626 28.3924
129.4688 30.1520
131.0637 27.0125
138.2916 29.8165
128.7455 27.0789
134.0593 29.0321
137.1915 30.1628
128.2052 29.0487
137.1308 29.9338
133.8466 28.3826
135.5319 30.6870
134.9097 28.4449
137.3727 30.2900
134.2514 30.1167
127.3807 28.6040
127.7077 28.9135
133.1580 32.2489
134.8277 27.6855
136.8304 29.1281
133.9960 32.2662
136.2330 31.7637
127.4823 27.7265
134.9115 30.9197
137.3521 30.0071
132.9496 30.1902
137.3208 30.0330
134.7986 28.8398
134.1836 28.8778
138.3845 28.3663
138.6063 29.1099
138.9254 29.1516
135.6030 30.3704
137.4924 30.4511
134.8073 31.7331
132.0018 31.0130
133.9250 31.8743
138.6025 29.2578
135.3186 27.8012
133.8624 29.8526
136.8856 33.3917
127.9070 28.3275
136.0628 28.0510
134.0773 26.5981
133.4592 32.0359
138.9845 29.4688
136.6586 33.3363
133.5648 29.0938
136.6984 32.7265
136.7378 32.9385
129.6885 27.5827
136.1559 28.1098
138.5944 30.1506
137.7339 28.9583
132.4587 32.5887
133.7415 29.3848
137.7204 30.0238
133.8231 29.3333
128.3178 29.1658
137.6219 30.3547
129.3669 27.9323
133.6918 32.4201
136.7141 28.1591
133.0043 28.0555
135.9800 31.6012
138.4317 29.2630
135.0761 28.0112
132.2915 31.4906
134.9711 28.8727
137.0524 28.3528
133.6079 32.0494
133.5727 32.4324
138.9401 29.2379
137.6879 29.9915
136.0775 28.6080
137.3697 30.5248
135.3298 28.0842
134.4805 30.7354
130.4201 28.5772
138.7898 29.6624
135.5867 31.5310
138.1607 29.8213
135.2206 28.1746
138.7248 29.1491
136.7384 33.0631
133.4554 27.9107
138.1460 28.7944
130.6538 29.6329
133.3369 32.2684
127.1976 27.9182
132.8537 31.4452
134.3786 31.0638
133.7784 32.3876
137.9434 29.8356
136.9096 28.7016
136.6090 32.8970
136.4147 27.6972
134.3699 26.8376
132.3288 27.9202
134.8649 28.5833
137.4904 30.3329
136.4025 32.6185
132.7029 32.2091
130.2368 27.3740
134.6066 27.4798
134.9841 28.4475
137.0157 30.7695
133.6220 25.7096
133.2684 28.0783
138.5720 29.5607
133.0884 32.1282
138.1224 29.4511
138.2671 30.0378
136.5146 33.3271
136.0754 32.4847
134.9896 27.4486
138.6836 29.5380
135.4751 28.6136
136.7337 32.8823
138.4563 29.0776
135.1342 27.9866
133.0591 28.7314
135.1880 27.9451
134.1036 30.1667
136.6552 33.2273
128.8973 28.9719
133.7957 32.1454
135.9573 28.4476
134.8015 30.8693
138.1521 30.3510
135.8694 31.9893
134.8434 26.9069
136.6706 32.6633
132.6153 32.0791
132.9914 27.9805
135.4262 32.8119
138.7338 29.1283
136.2750 29.3047
131.4649 30.4052
137.0541 30.0016
139.1468 29.0825
135.2549 29.9776
138.1010 28.4005
138.2177 28.9713
132.5384 30.9524
138.8826 29.3884
134.3741 30.8877
132.6408 31.9546
134.3906 30.8936
137.1124 28.3715
137.7772 28.5427
136.4775 32.4012
137.3807 29.4111
136.8218 32.8723
136.1993 32.4619
137.0073 28.6668
135.1314 27.5569
135.3310 27.9061
134.1246 30.1196
136.7108 32.9610
137.6589 28.8071
133.9864 27.4545
133.6030 29.3239
133.4506 30.8144
135.4298 30.1894
137.3023 30.4146
137.8996 30.4347
132.0982 30.4392
134.1090 27.8102
135.3931 29.5932
136.9426 32.9974
137.2967 30.4386
138.5220 30.1839
134.9187 32.9351
137.4063 28.5545
132.3142 31.6836
135.9674 27.9835
136.0989 32.4528
132.6230 32.1828
132.2082 31.7702
138.4318 30.1474
132.4283 31.6803
139.9220 34.5873
138.2949 28.9548
138.5753 29.0868
133.7563 31.9376
135.5980 27.7437
133.4829 31.1740
137.3550 30.3547
136.8925 28.4061
138.4758 30.0057
132.8976 31.8867
138.4349 29.8196
138.6340 29.7245
132.7285 32.2418
138.0982 28.6151
132.5109 27.9089
138.1718 29.7612
137.8148 28.6500
139.5036 34.8577
137.4574 28.4745
133.5230 31.3964
137.2388 30.4150
136.8516 32.8258
132.5148 31.9479
132.2805 31.8340
136.7259 32.5868
138.8372 29.7011
137.1050 28.3989
138.1477 28.6352
132.2291 31.8837
136.5276 28.5256
137.9425 29.9415
131.0229 26.9177
133.3769 32.1983
138.8684 29.2987
137.8435 29.8523
137.0591 28.3829
135.2172 30.2657
138.9460 29.1395
132.4005 32.0857
138.9106 29.2178
137.9191 28.6186
133.5596 28.9490
138.0921 28.8693
131.3072 27.0781
138.3815 29.0493
136.7000 28.3842
136.6470 32.9066
138.5165 30.2323
139.7118 33.3319
138.6260 28.9316
138.6220 29.5003
136.2245 28.6357
137.1056 30.2760
136.7195 33.0907
136.9686 28.8425
138.7132 28.9245
134.4344 31.0610
134.4512 31.0458
137.8647 28.6396
136.8340 32.8831
133.6948 31.8509
133.3418 28.3554
128.3729 27.3871
137.8351 29.8833
138.6915 28.9490
136.7823 28.3093
137.5488 30.2470
138.2877 30.0867
136.1912 28.2093
132.3058 31.9200
132.5822 30.6783
133.8020 32.4240
133.4511 32.3088
136.7674 33.1423
138.4897 29.8759
138.2710 28.8207
133.6183 31.4325
132.3530 31.8300
136.7191 28.3903
138.7705 29.4859
134.1468 30.4772
137.0480 30.4657
138.8356 29.1987
138.6076 30.1342
133.6249 31.6953
137.8660 30.4224
136.6432 28.3843
137.0993 28.4314
138.7036 29.4138
137.1375 30.2732
137.0980 28.9090
138.8988 29.4125
136.4339 32.7125
138.6314 29.5917
136.6901 33.1679
137.0553 30.4717
136.3642 28.1998
133.5548 32.4459
133.6767 32.3500
137.2459 30.4547
133.7190 32.2548
132.3377 31.7436
134.9261 31.9823
130.7274 27.2231
133.5876 32.4750
137.3147 30.1712
137.1010 30.5112
138.0389 29.9549
137.0623 28.3595
138.6554 28.9720
135.0910 28.6100
138.2809 29.9234
134.3836 30.9227
137.1242 30.3763
125.8148 30.1224
134.5083 27.1833
136.1297 28.4785
135.5998 29.6218
134.0680 30.8638
135.8937 28.3952
138.1863 29.0638
131.5952 30.6043
134.5979 28.2996
139.9837 34.6821
136.5161 32.6942
134.8466 27.7547
135.6641 26.9957
138.3871 29.0446
134.7824 31.5276
135.7464 30.1537
135.0981 28.1881
136.7928 33.3409
135.2806 27.3226
135.1808 30.4983
136.5935 27.9769
127.7545 28.4165
134.9370 31.8824
133.8628 28.8325
133.9922 28.8405
127.2205 28.7959
135.3890 24.6578
132.7630 31.2193
136.2762 32.5232
136.2363 28.8149
133.6528 26.8210
138.3432 29.7250
131.3409 27.9372
136.2690 32.5133
134.6076 28.9037
134.0867 27.3108
133.8012 26.3310
136.9858 32.7592
135.1614 27.7719
130.9360 26.9705
135.2178 32.4804
131.3305 27.9390
127.1417 27.2516
128.6979 31.1129
140.1035 32.3629
135.8441 27.5542
133.9880 30.2020
133.7414 28.5526
134.4987 27.3192
135.5616 30.5297
128.8273 26.7166
130.8319 29.5572
134.3294 26.6362
131.9127 27.9479
135.3793 28.4369
137.7477 29.3877
137.8151 30.0480
133.9255 28.5935
137.2360 28.8854
139.0947 29.5623
131.2236 28.3499
134.9368 32.3048
133.6601 28.7131
133.4615 31.1814
132.9485 31.3743
131.6339 29.7563
128.5230 28.6514
135.0883 26.5609
134.1320 28.6530
133.9959 29.4125
129.2011 27.6595
130.1716 25.7815
138.3095 30.1906
139.7971 34.7567
138.4220 30.2774
137.1661 30.7367
135.8493 30.1686
137.6854 30.0062
141.0699 35.1319
136.6770 32.5552
137.1660 29.3309
136.2895 32.4044
138.9960 29.7284
137.4826 29.8697
137.3111 29.9251
136.7552 33.3088
135.8754 30.2666
136.4294 33.2443
136.2073 32.4108
135.2620 32.8892
138.4965 29.3262
135.6494 32.7133
135.8234 30.9098
137.1846 29.3322
136.5748 29.4125
136.4248 33.2685
136.6803 29.3928
135.7991 32.5801
136.8841 33.2810
136.5845 33.4558
135.8486 32.5538
137.4231 30.7339
136.2778 32.4169
135.3719 33.1690
136.0519 30.0200
138.3360 30.3625
137.8887 29.2940
139.5953 34.9455
135.8287 32.5444
136.2758 29.6423
137.0618 33.4095
136.9041 33.1425
135.5309 32.7285
136.0782 32.5288
139.1191 34.6163
136.4071 32.4501
138.7500 29.7442
136.7436 32.6485
138.6881 29.4576
136.8785 33.1307
135.9200 30.0183
135.5961 32.7546
141.2763 33.5940
138.4728 30.0251
136.3467 29.8671
137.0648 33.3569
136.1695 31.4461
135.7024 32.6451
141.3725 34.4465
135.8177 32.5991
136.6460 33.4197
141.1453 35.1535
136.1151 30.0113
135.5592 32.7256
136.1332 30.0440
136.7184 32.5825
138.3189 29.3385
137.2249 29.3275
136.6608 32.4988
135.7849 30.8938
135.9244 30.1220
139.0037 29.9086
135.8254 32.6075
139.0427 29.7213
139.4773 34.9700
138.4368 30.2509
141.0914 33.2102
135.9482 30.0872
135.8668 30.3457
135.6547 32.6384
136.6010 31.8860
139.4964 34.9928
136.8078 33.2284
141.2847 34.5933
136.8266 33.3647
136.7119 32.5931
136.8570 32.8495
136.0469 32.5124
136.8093 33.1961
135.8973 29.8834
137.5817 30.6424
138.4493 29.3736
136.8740 32.8089
137.4661 30.7899
136.4595 32.4163
139.8584 34.7735
136.1380 32.4506
138.4285 30.4519
136.1910 29.5630
135.9940 30.0612
138.7151 29.9556
136.9297 33.2366
136.8007 33.4750
138.7399 30.1939
136.7171 32.0309
139.6459 34.9486
135.7469 31.0294
136.8981 33.3525
136.8952 33.0282
138.3221 29.2722
141.2284 34.7389
137.4749 30.6933
139.0669 34.5735
139.6308 34.8975
139.0856 29.4653
136.6907 33.5827
135.1581 32.9876
136.8180 32.6738
135.2670 32.8966
136.7471 32.5546
136.5491 32.4262
135.1725 32.9881
137.6630 30.1899
135.9892 30.1522
138.9955 29.7963
138.9842 29.5671
138.7407 29.7988
137.4030 29.2836
136.6985 32.5523
139.5511 34.9711
135.6795 32.6372
138.3271 29.2613
135.5009 32.7553
135.2840 32.8721
137.0515 33.5174
138.5904 30.3121
135.8117 32.5653
136.8020 33.4640
136.8417 33.0256
137.4944 29.8775
136.6511 29.5195
139.0123 29.7803
135.5674 32.7099
137.0646 33.4192
136.9637 32.4790
135.9525 31.2684
135.6795 33.2279
138.9681 29.7157
136.8904 32.9990
136.5086 32.4542
135.8857 30.2898
139.9942 34.3944
136.0437 32.4644
139.9428 34.5894
137.9383 29.2740
138.9454 29.9647
137.0876 33.4970
137.4886 29.2791
138.9778 29.7022
137.0788 33.4470
138.6508 30.3192
138.6892 30.0013
135.1298 33.1935
137.6700 30.0596
137.4315 30.3880
137.3703 29.3006
136.8316 33.1866
138.4210 30.0001
136.7959 33.2526
135.5663 32.7273
139.0398 29.7094
139.0592 34.5587
136.5636 31.8723
137.4780 30.7280
138.9460 29.8814
137.4025 29.9051
138.5981 29.4550
139.0126 29.7249
136.7474 32.6116
136.0381 30.1368
139.9102 34.6490
136.8514 33.6292
136.7717 33.4746
138.0654 30.4203
136.6658 33.2815
136.3447 29.4946
135.6382 32.6694
136.8160 33.1566
136.9291 32.3379
135.9247 30.0739
136.4826 33.3661
135.1363 33.0595
139.9156 34.4976
135.9806 30.0954
138.7051 29.6172
136.1138 32.4835
137.1684 29.4068
137.4382 30.0404
139.9316 34.5506
136.6137 33.3474
137.4522 30.7282
136.8638 29.3568
135.8833 32.5455
138.6608 30.2801
138.6580 29.4812
136.1901 30.0013
136.7015 29.4050
136.8824 33.2548
138.6075 29.4296
135.1964 32.9479
136.7122 33.5369
138.7657 29.8143
137.4415 30.7142
136.1334 32.4859
138.6795 29.9914
138.5061 29.9384
136.8956 29.3742
136.1392 31.3897
135.4267 32.7734
137.0308 33.5792
136.8599 33.2396
137.4525 29.8791
139.0196 29.6108
137.4151 30.3875
136.8773 32.9693
137.7148 30.0339
139.8522 34.5816
138.8873 30.0769
137.7348 29.9938
137.7855 29.2525
135.1863 33.0409
138.5029 29.3620
136.8576 32.8869
136.5927 32.4518
138.4413 29.3145
135.4680 32.7466
135.7933 32.6205
136.8473 33.5033
136.2051 29.9776
136.5493 32.4151
136.8058 33.1666
136.4066 32.4165
136.8158 32.7367
135.5844 32.6968
138.9377 29.9037
139.0416 29.5194
139.5926 34.9303
138.3971 30.2946
137.2382 30.3908
135.9444 29.9423
137.6931 29.9918
136.8797 33.3583
137.9253 30.6519
137.0090 30.8428
135.1369 33.0245
139.0442 34.5779
138.9867 29.8615
135.7535 30.5253
136.0395 31.2506
135.2088 32.9639
136.0113 32.5084
136.4541 33.3261
135.0241 33.2055
138.4725 30.2647
138.6167 30.3213
136.6605 32.5243
136.4370 32.4159
136.8079 33.5662
135.9328 30.1018
136.0749 31.4336
135.7184 30.5998
138.4774 30.2574
137.4394 29.3735
136.9131 32.3226
139.7101 34.6570
138.4257 30.2706
138.2133 29.2580
136.4480 33.3201
136.8661 33.2236
137.0603 33.5611
136.8243 29.4048
138.2957 30.3641
135.9106 30.2574
137.1078 29.3400
136.2525 29.5357
136.9201 29.3862
136.5334 32.4592
136.8516 33.5891
138.7716 29.6723
135.7839 31.0057
135.2261 32.9234
136.5775 32.4505
142.5504 35.4835
142.0557 35.4604
136.9631 33.5838
135.8718 32.5396
136.1132 32.4566
136.3567 29.5045
136.8073 33.1935
137.6580 30.1045
138.2615 30.3905
135.1759 32.9570
136.4854 33.3702
139.8189 34.6471
136.4673 32.4224
137.3546 30.7894
137.8884 29.2678
136.7639 29.4272
138.9936 29.7096
138.2075 29.2491
137.2453 29.9033
136.1349 29.5921
135.4256 32.8174
136.8879 33.6167
139.9872 34.3975
135.6398 32.6455
136.8011 32.7246
135.8705 29.9743
135.1901 33.3628
139.0059 29.4853
136.9746 33.4193
138.2102 29.3033
138.7593 29.7100
138.8728 30.0363
135.1101 33.3353
137.4464 29.2505
136.8185 33.4546
137.0962 29.3380
138.9979 29.4976
138.8095 30.0977
137.9542 29.2507
136.3770 33.3662
138.2804 29.3045
138.9486 29.8873
136.4441 33.3192
135.1295 33.2365
139.8027 34.7595
138.2003 30.4518
135.5177 32.7389
135.7711 30.3200
135.2523 33.3060
137.3026 30.7278
135.2842 32.8633
135.7752 30.5643
135.5711 32.7047
135.6612 32.6492
135.8033 30.3386
136.7885 32.7765
136.1588 29.6365
136.2090 32.4403
137.2564 29.3553
136.9239 33.6060
136.1245 32.4375
137.1799 29.4570
