135.0324 30.4607
135.6125 29.0627
136.3830 29.0885
138.2184 33.8402
136.6219 33.4592
132.0896 30.1952
132.2856 30.1718
135.8811 29.9206
137.4398 29.5815
128.2099 28.0201
136.9408 30.0133
135.2515 32.8783
138.0588 29.0904
135.1630 29.6861
136.3720 31.6809
135.4631 30.2426
135.1954 32.6771
130.8899 29.4774
131.8032 29.8600
136.8355 30.9926
132.1316 30.2657
134.7584 32.3847
135.1196 32.7543
136.4188 31.1763
137.9128 29.2849
136.9015 29.9622
132.9213 32.6940
130.8726 29.6843
135.3504 33.0182
136.1101 32.5956
136.7658 28.9466
138.3717 29.9804
137.2434 29.7103
137.1096 28.9983
136.5203 30.7556
137.7392 29.8570
134.9712 29.2336
138.0234 29.1257
136.0572 31.8564
136.8727 34.0105
135.6208 30.2048
137.6556 29.2914
137.5701 29.3926
135.9298 32.3006
136.2329 32.0237
133.0267 32.7091
135.1885 30.2612
129.3797 27.8114
135.9735 32.0165
136.3168 29.3350
135.6480 32.8665
138.1404 29.0550
135.9694 32.1090
137.4878 28.5991
136.4575 32.7475
132.0090 29.9275
131.4386 29.6366
137.1795 29.3367
134.3448 29.2724
135.9953 31.7025
135.1314 29.8637
136.0177 32.6543
137.5184 30.0931
135.7607 27.6239
136.4702 33.1177
132.1871 30.1636
131.2382 29.9180
136.0918 32.2916
135.1314 29.5141
137.9009 29.2347
137.0191 30.1873
136.8720 30.7695
131.1532 29.6509
136.2625 32.5954
136.5754 30.3596
130.7318 29.6669
136.6370 28.9728
137.0553 29.7652
135.3557 30.2693
137.3949 28.7872
138.2696 29.5072
135.5820 32.4516
135.6072 28.2110
138.0552 30.0233
131.4181 29.8823
135.0732 29.2361
137.4905 28.4375
135.8893 32.3934
136.2334 29.3561
137.1005 30.1601
137.1668 28.6004
137.2894 28.8103
132.2258 30.0970
135.7825 32.2275
132.0001 29.8724
128.4465 28.0166
136.9477 30.0957
137.7347 30.2794
128.5854 29.1744
136.4721 30.5945
136.2360 29.5341
137.3283 30.0666
135.1614 32.6955
137.0164 30.1952
136.5877 28.7328
135.8677 29.9312
137.5603 29.2464
132.5184 30.7512
137.1554 29.8249
135.6212 28.9840
136.2909 33.2009
135.3071 29.7730
136.6839 28.7649
137.6762 29.4839
134.7844 30.4722
131.3667 29.6631
136.0210 29.9177
137.3497 29.6353
139.0211 34.4609
135.3179 31.4879
136.9665 32.7449
136.7864 32.8734
135.9315 32.7437
137.1098 28.9234
137.1977 28.9859
131.6500 29.9319
130.6249 29.5709
137.4057 29.7269
136.4196 33.2437
138.2217 29.1264
137.3655 28.9329
135.1471 30.4305
137.3526 30.2257
131.5305 30.2542
131.4884 29.6741
131.0267 29.5720
135.6306 32.3332
129.4950 27.6245
136.1820 32.7750
136.1858 32.0684
136.5951 29.2111
134.4376 32.3967
137.2987 30.5412
136.0644 32.1596
137.3898 29.6349
135.6687 30.1485
137.4549 28.6097
135.9767 29.7070
132.5199 31.6464
135.0762 32.9447
136.6846 30.2587
136.0670 32.3053
131.0092 29.4934
136.2980 31.3550
137.6423 28.9005
135.8863 27.6810
136.0347 29.1426
136.4136 33.2257
136.1848 31.1002
132.2961 30.1941
132.3899 30.3806
131.6640 29.7638
136.8350 31.1768
131.3018 29.6473
136.2834 31.2265
131.3262 29.7822
130.8876 29.7969
132.1042 30.0265
134.6693 29.4899
131.8094 29.8537
136.1836 31.2361
136.3857 28.8034
131.2202 29.5943
137.8318 29.8610
137.1991 30.4764
137.3596 34.0072
135.4005 32.5780
130.8517 29.5756
136.4676 33.3750
130.8026 29.4270
137.2082 29.9006
137.9164 30.1253
135.0197 29.2910
135.3067 33.1369
130.7307 29.4973
137.7832 29.9961
134.4020 30.5831
130.6110 29.4787
130.2834 28.3176
136.0578 32.8168
135.4009 32.6003
135.2388 32.5710
135.9307 29.8491
136.8489 29.8296
137.6492 28.8070
135.9701 32.9146
131.3926 29.9781
133.1761 32.6173
135.5008 29.9121
137.4254 29.4846
131.1197 29.5077
131.9708 30.7433
137.5076 29.6240
136.0257 29.6508
137.5004 34.1778
136.9455 33.1667
138.2983 29.8647
135.8730 32.5030
137.6105 28.8050
137.2032 29.5588
135.3235 32.6866
136.2961 32.2234
131.1501 29.9718
132.2791 30.1825
137.8222 30.2635
137.4010 29.3053
132.2377 30.0367
137.1705 29.6303
137.4950 30.1511
135.9775 29.7232
135.1198 31.5406
137.8590 30.1572
128.8844 27.9947
137.5309 30.9057
137.3778 28.8481
134.1300 29.0976
137.4413 29.4074
137.6772 29.7657
131.2592 29.8805
136.2238 32.6800
136.5853 30.8398
137.0760 29.6906
132.6706 30.9845
136.1899 32.8964
137.8989 29.2378
135.9960 29.8211
137.1367 29.6220
132.2612 27.5995
137.4980 29.3781
134.9085 31.9943
136.0615 31.5614
135.0056 31.7044
136.3470 32.7175
135.9690 29.8385
137.2182 34.0165
133.4259 28.2521
137.6090 29.9802
135.9294 32.1467
136.9973 33.8350
136.8426 29.5140
135.5863 30.5768
136.9987 30.0960
137.6688 29.3943
131.7818 29.8456
131.9331 29.9491
137.3852 29.7277
128.1751 27.9464
136.9853 33.3949
138.0995 30.2882
136.3286 33.0522
136.4361 29.0654
132.2838 30.1917
133.5088 28.3046
131.3679 29.7264
137.6778 34.2659
132.6105 30.9297
135.9837 29.9804
136.9168 28.8882
132.0221 30.2608
136.9363 28.9669
137.8386 34.1877
136.3827 28.8692
137.2838 29.1842
137.2608 29.5765
132.6798 31.1968
131.7888 29.9050
136.2867 31.9676
137.3405 29.8382
136.4639 31.2136
137.4408 29.4671
136.0976 32.8376
136.1300 32.9027
138.1309 30.0401
135.6478 32.3365
136.8497 29.8131
137.4262 30.9379
130.8687 29.2939
137.1169 29.1335
131.0565 29.3231
135.4517 30.3612
137.5269 30.4671
137.5949 28.9222
136.2108 30.9989
136.7559 28.8552
132.2146 30.3270
136.9918 29.9599
135.2747 29.2237
136.5964 31.5079
136.7304 28.7633
135.9265 29.9739
136.2900 29.2581
134.4026 28.8743
135.0808 32.8170
136.0747 31.3513
136.3438 31.6191
138.4124 34.1852
137.0915 30.7394
137.2027 29.7040
136.9153 28.7730
137.2592 29.6198
135.3125 29.6707
137.5547 29.1086
133.9421 28.8632
134.7610 30.5285
132.4091 30.2642
137.2006 34.1334
131.4466 29.7289
137.1764 29.3329
131.2610 29.9056
136.3485 32.6610
137.6623 30.1655
132.0156 29.9590
136.7548 29.7708
135.4964 29.7774
136.2294 31.0162
137.3036 29.5960
133.8697 28.8893
137.8186 29.7913
137.8909 34.1538
136.0924 32.5938
132.0907 30.0141
137.6361 29.4756
136.7270 28.7825
133.9928 28.7450
134.6809 30.5025
135.8473 29.1274
129.4677 27.5647
136.5497 31.0561
131.8319 30.3513
135.9618 32.7792
138.3078 29.4917
138.0645 29.8394
137.9208 29.4558
131.5723 30.2575
137.7528 30.1188
136.0078 29.9704
136.3889 31.2975
137.5392 30.0456
137.6136 30.3384
137.0047 29.4651
131.2726 30.0282
134.7896 30.7053
137.0107 29.9453
135.5452 32.4767
135.9641 29.8406
136.4006 33.0748
135.6026 30.2254
132.4792 30.4890
137.3742 30.0290
135.4998 32.6480
136.8865 28.7542
128.8236 27.5530
136.5690 28.3343
136.0685 32.7683
137.0462 28.7466
135.2360 30.4327
136.0631 32.4370
137.9147 29.0206
137.6972 29.3348
136.9635 29.5647
136.2691 32.7402
137.4004 29.6945
137.2297 29.7139
137.8081 30.2832
135.2856 32.5981
137.9287 28.9471
137.7790 29.2431
136.2429 30.9051
131.6634 29.8498
136.1637 32.4366
128.0614 27.6050
131.9059 30.7979
131.6531 30.2987
136.8747 30.4357
131.0750 29.7381
137.6227 30.0572
131.1906 29.3165
131.8451 29.8044
136.3204 32.3409
137.3922 29.6256
136.1882 31.2436
137.4412 29.4872
137.9870 29.0623
136.9934 29.7031
134.0425 31.0179
129.9868 27.9395
138.6819 33.6093
136.1612 32.3195
131.4465 29.6884
137.6815 29.1299
137.1465 30.0446
135.9324 32.9521
135.3495 29.1389
136.9268 28.8822
135.4123 29.2762
135.4524 30.3943
136.9839 29.5456
134.9661 30.3505
136.8796 28.4914
137.4024 29.9153
135.8924 32.5295
135.4002 30.3099
137.8195 29.6955
136.4324 28.3697
137.1004 28.8727
131.1750 29.7537
134.9467 30.1916
134.5532 29.3635
137.9012 29.6539
138.1010 29.2092
136.9908 30.1645
135.7974 30.0222
135.3747 29.1869
137.4591 34.2828
137.7195 29.6358
131.9955 29.9450
136.0232 32.7379
138.0755 30.0911
131.2157 29.8958
128.6683 27.6143
137.4542 30.0433
137.1883 28.8202
136.0599 32.3685
133.6604 32.7702
132.5932 31.0396
136.2151 29.2842
136.1750 33.0059
137.4791 28.8078
138.0908 30.1888
132.2898 31.6282
137.1266 29.8688
137.2362 30.0349
131.2111 29.7658
132.5969 31.2069
136.2713 32.3877
132.2322 30.0424
135.4411 32.9618
133.7419 32.1257
137.7420 29.7585
135.3097 31.2134
131.9260 29.8770
134.8897 29.2773
137.0617 29.8517
135.9275 29.9221
137.4133 29.0921
136.7407 30.2792
139.4364 34.3641
137.2422 29.8375
137.5598 30.4917
131.4767 29.7805
131.2439 29.6791
131.3453 29.6643
137.1979 29.4385
137.5799 29.3060
138.2126 29.1098
135.0578 29.3318
135.2910 32.7666
138.7409 34.2784
134.0365 29.2137
136.9086 30.9696
134.5997 32.2726
137.3911 28.7765
132.3996 30.4908
138.1955 29.3751
135.3221 30.9959
137.7765 34.2100
135.5305 29.0189
137.3872 29.3970
137.1113 29.4966
133.5683 28.6050
135.4184 32.9228
128.1834 28.6500
136.1766 31.0122
135.6749 30.1956
138.5267 34.2526
135.7483 27.5751
138.2701 29.7556
137.0262 29.8122
137.0993 28.5589
135.3475 30.3935
136.8399 28.5389
138.4582 33.7077
131.4263 30.5669
136.9589 29.5064
136.3772 28.6936
130.9046 29.8850
136.6297 33.7155
136.2613 29.7277
134.9860 29.2071
138.1313 30.1123
135.7402 33.0734
138.2966 34.0285
136.1961 32.3654
138.9151 33.9763
135.2693 30.2854
138.1150 30.1117
128.0978 27.8993
132.1951 30.0382
137.3041 29.6285
138.2471 29.9694
135.9962 29.8534
138.0343 29.0541
137.0705 28.8763
137.9965 29.5828
137.9532 28.8138
137.4453 30.2869
137.0623 29.5385
137.5714 28.5182
131.7277 29.7655
135.7698 30.0473
138.1257 29.6194
135.3214 29.1952
136.0544 29.8741
136.5931 30.4268
135.9989 29.9129
137.5617 29.6741
133.8563 28.5765
137.9649 30.1785
127.9406 28.3261
136.9740 29.4595
135.8557 32.2106
132.0912 29.9540
132.0764 29.9941
137.5831 28.9220
135.5920 32.4573
138.0021 29.1630
136.1352 31.4317
137.5600 30.1161
128.4902 28.7898
138.2081 29.7957
137.3362 30.5572
137.3175 29.6833
137.4362 29.3449
135.6833 32.4685
137.3018 29.9442
136.0611 31.7011
137.1957 30.0334
132.1305 30.0507
137.4583 28.8093
131.8081 29.9436
131.5693 30.2286
134.6228 28.9769
138.0942 30.0176
131.9600 29.8862
129.4812 27.6434
136.2049 29.6770
137.1096 29.9619
137.2768 29.4205
137.7455 28.9205
138.6957 33.7429
136.0352 29.8291
137.0280 28.7491
136.0981 29.7867
137.6035 28.8907
135.5441 29.3428
137.4736 30.5378
137.3718 30.2164
137.5238 30.2453
129.1530 27.3746
131.0213 29.5152
133.1852 32.6723
136.9917 28.8291
136.6907 28.8287
135.9391 32.2989
137.2955 29.4808
135.8047 32.2428
137.2914 30.0117
131.2898 29.6295
136.8789 30.8361
131.1148 29.5996
134.4100 29.2835
136.2334 29.3745
131.2129 29.6197
131.0719 29.6343
134.6039 32.1790
135.5304 32.6174
137.8834 29.4097
131.8682 29.8862
131.8564 31.9874
138.2932 29.6926
130.8598 29.5420
131.8181 30.2303
132.1907 30.0147
137.5662 30.2676
137.8823 29.5913
135.5267 32.5652
131.9977 30.1251
128.5953 27.8458
137.0416 30.2730
132.1608 30.2331
137.0084 28.4684
137.2230 29.5190
138.0309 29.6028
137.9251 29.8887
131.0665 29.5648
134.7123 30.0116
137.1923 29.5781
136.0775 31.9723
137.7850 30.2559
137.8382 29.0985
137.3870 33.9301
135.1938 30.4961
130.8494 29.3700
134.1078 28.9296
135.3140 32.7905
137.6845 28.9560
135.1771 33.1266
137.2788 30.3170
137.7095 28.7430
135.5722 33.1175
136.3999 30.8354
136.8892 30.1662
135.0708 32.8002
135.6189 33.1433
138.0240 29.0317
131.4304 30.7432
136.2296 33.1487
137.5910 28.8247
136.5747 33.2702
138.6316 33.6336
129.1038 29.3254
136.2593 31.0394
136.3591 33.3528
137.6356 29.1355
137.5612 34.3459
135.2496 33.1165
135.5549 32.8909
137.6398 29.0047
136.9371 30.0765
135.6154 32.3258
134.4603 32.0397
137.4887 29.3612
135.5280 33.1216
131.4442 31.2117
136.3969 32.8833
136.1898 32.9409
137.9582 34.3537
136.1887 32.7498
128.2505 28.7862
138.2727 29.3107
129.0652 28.6179
137.7066 28.9660
136.1614 33.0400
137.5719 28.8065
135.2801 32.5293
138.1614 29.0454
138.0206 29.0307
135.9225 32.3992
137.2661 30.1246
135.9946 31.7904
136.4137 31.4144
136.6245 33.3552
135.1821 32.7514
136.1394 33.0007
137.9566 29.0612
137.7029 30.1923
128.9586 29.3057
137.6308 30.5526
137.2042 33.5432
137.5048 29.1578
129.2730 29.1029
138.0562 29.1507
135.0044 32.7792
135.4586 32.7909
138.3603 29.6447
131.1040 30.1698
135.8319 32.0326
135.6189 32.3340
137.4342 30.5132
135.8104 32.8979
129.2698 29.1946
137.3827 30.1491
135.4288 32.5209
137.8332 28.9011
137.3831 28.6052
139.1007 33.5110
136.1998 32.6544
131.1877 30.1218
137.1616 28.9425
135.0400 32.9467
137.8689 30.1132
137.0482 34.0623
128.4158 28.2914
137.0751 29.0519
137.4803 33.8101
135.9416 33.2140
135.7700 32.2149
139.3632 34.1863
138.4309 29.9136
139.2869 34.4318
137.7593 30.2308
139.6407 34.0825
138.1797 29.2777
136.9005 30.0457
138.2521 29.3257
138.7325 33.7240
137.5949 28.9857
136.0167 31.9771
138.2066 34.2447
135.2422 32.5705
138.7670 33.8679
137.6305 28.8936
135.3839 32.7063
135.0482 33.2064
138.0313 30.3331
137.8186 34.3419
137.5299 28.8917
135.0425 32.7358
136.1992 32.2166
137.1667 34.0577
137.2111 28.7878
136.7217 30.7980
136.0847 31.3331
135.2248 33.2799
135.8316 32.3257
137.7904 33.9295
137.9668 30.2386
137.7630 28.9362
137.6155 28.7582
136.3054 33.2042
135.2906 32.5324
135.2776 32.8815
136.1701 33.0583
135.4798 32.3810
135.1668 32.6296
136.7058 33.4908
135.0832 32.6831
130.9172 29.7557
135.5052 33.0489
136.4164 33.0526
135.0528 33.2425
135.2458 32.5989
138.4889 33.6662
138.1249 33.7540
135.7701 32.2357
137.2365 29.3495
134.9287 33.0611
135.3870 33.1665
135.0930 33.1848
135.1362 32.6914
135.0628 33.3063
135.0373 32.8549
130.9842 29.8744
135.3907 33.0619
137.9731 29.8305
135.4215 33.0224
137.2030 34.1160
137.4972 34.2548
137.5690 29.2698
135.0115 33.1158
136.8312 33.7009
137.7281 34.0440
135.7267 32.3110
129.0028 29.2517
135.5346 33.2771
136.8419 33.7252
136.1817 33.0779
137.3691 34.2386
136.1240 31.6237
135.6201 32.3738
137.8443 29.3077
135.3648 33.2660
135.4128 33.0400
135.3550 32.4808
136.8271 33.8231
135.6370 33.0058
135.2726 33.2059
136.0715 31.4723
138.0514 29.7503
135.9940 33.1643
138.3003 34.2411
137.4700 29.0304
136.3217 33.1380
134.9823 32.9638
135.4778 32.4088
136.7566 33.6263
136.9685 30.1976
135.4298 32.4396
131.2614 30.2329
136.2360 33.0439
138.2047 34.2942
135.3047 33.2602
136.5763 30.7148
135.3102 33.1310
136.2471 33.0346
135.6822 30.1754
138.3572 29.4674
130.7267 29.8296
135.3469 32.5606
137.1812 34.1660
136.1825 31.2687
135.1301 32.7186
138.0557 29.5062
136.1713 32.9840
136.2096 33.2239
138.2583 29.2337
136.3065 30.8874
135.8475 32.7972
135.4006 33.1885
135.4157 33.1135
134.9984 32.8820
135.8345 33.0325
135.7016 32.1698
136.1491 33.0790
135.8168 32.0742
137.5829 29.0365
135.0543 33.0355
137.8777 29.3022
129.2498 28.5204
128.4723 28.0403
137.7608 29.2784
137.6480 29.2251
129.3164 28.5151
135.4272 33.0473
135.3007 32.5239
135.0095 33.2134
137.5033 29.0449
136.6706 33.7251
134.9816 33.0721
134.9492 32.9840
137.3155 29.2652
137.3834 34.3085
131.5836 31.1500
135.9936 31.7999
137.2356 34.1565
138.8095 34.2643
136.4489 31.2165
135.6087 33.0603
136.0416 31.6237
135.4252 32.9253
128.5193 28.7143
135.9173 31.8837
131.1230 29.9711
135.8679 31.9349
135.4583 33.1220
134.9990 33.1479
136.4884 31.1848
135.1237 33.1565
135.0878 33.1167
135.3216 33.1456
136.1787 33.0210
135.5943 32.3248
138.4146 30.0614
136.9448 30.3037
135.4472 30.3617
136.4505 33.1473
136.4209 32.7370
135.6767 33.0823
130.7050 30.0518
135.7312 32.9785
136.7024 29.3197
136.3814 31.3447
139.4398 34.1073
137.0092 28.6545
137.1290 34.0885
135.7735 32.6377
135.5559 28.8270
134.2510 29.1514
135.8495 30.8232
128.0421 28.5470
136.8653 29.6366
135.9390 29.9149
128.3648 28.1927
129.1546 28.5829
129.5085 29.5385
137.1139 31.2811
136.6362 28.5789
137.9081 29.2982
135.4992 31.5104
138.7125 34.1492
136.1125 32.7925
131.9252 29.9883
135.6965 30.4382
138.6424 34.0344
137.3728 29.7338
135.9457 31.7711
135.9011 33.2470
132.4804 29.3991
135.8940 32.1514
135.6095 32.6594
137.3376 29.7311
135.5033 32.8224
137.7845 28.9540
136.7557 30.4167
137.4824 30.2331
132.7249 30.5757
136.6109 33.5134
136.9705 33.8920
137.0690 28.8756
133.1069 32.5878
136.8733 30.4840
126.4280 31.5224
129.7945 28.0656
136.6675 28.7142
128.6732 28.2546
136.0226 31.8662
138.4591 29.2846
138.7778 33.7650
137.0966 29.5364
137.0755 28.9704
135.9794 32.8997
137.0107 30.4111
136.6107 33.3476
138.7185 33.5654
136.3149 29.1153
137.9500 34.4123
135.9880 32.7336
131.5657 29.8651
135.3971 32.4819
135.2429 30.3318
136.8184 33.2650
135.9527 31.4217
135.3751 33.2546
132.2504 32.0084
137.7502 29.2364
136.3323 33.1478
136.8878 33.9523
137.6732 28.6349
137.2679 29.5909
136.5956 33.3630
136.3257 29.8024
135.8031 33.2767
136.8746 28.8507
136.1583 32.2858
134.9263 33.1220
133.4564 30.2443
138.6939 33.7269
130.9350 30.8428
137.0509 28.9506
136.1069 31.3656
135.3386 30.1857
136.0735 30.0624
135.1416 32.8081
136.0435 29.6742
137.0565 29.9070
135.9662 29.5338
136.0431 31.6753
129.0161 28.4599
136.8652 30.4564
137.7249 28.9740
137.8228 29.9339
137.2819 29.1816
136.2402 29.9401
137.1074 31.0535
137.5656 28.8902
129.5328 28.5663
136.3521 29.4390
135.5315 28.8473
135.0280 33.1657
137.6155 28.7932
131.4908 31.1490
136.2292 31.1100
136.6684 30.8692
137.7107 33.6580
137.3803 28.5010
137.0212 30.2092
134.6498 32.1482
137.4614 29.7035
129.0378 28.5461
135.9948 33.1018
138.9156 33.7265
135.6038 32.5318
138.0759 29.4427
135.1391 30.6205
134.6583 28.9464
137.2663 29.8722
135.7267 33.1010
137.9270 30.2272
136.7198 28.7678
136.2559 31.8883
137.2725 31.0790
135.1065 32.9486
132.4327 30.2704
136.0952 29.7827
137.7237 29.9082
135.2287 31.4739
135.1158 33.0173
131.4031 30.7199
131.6259 30.9679
136.1587 29.6014
136.5118 33.1065
132.4184 30.4396
136.5765 33.2988
136.2313 30.9581
137.2396 29.6903
136.0905 31.6402
137.2047 30.4579
128.6532 28.0764
137.0619 29.2614
137.5356 29.2074
135.2291 29.6392
138.0676 29.6180
134.9850 29.2887
138.2386 29.8924
135.7732 32.3071
138.7489 33.4936
135.2845 32.5708
137.4272 29.5046
137.5161 33.9883
137.5211 29.9377
137.7524 30.2757
131.9505 29.8875
135.7481 33.0304
137.3266 29.5218
135.0730 33.0612
138.5396 34.0904
135.6673 32.9952
138.7572 34.0505
136.4767 28.8240
137.4946 28.8896
138.1810 29.2471
135.1160 30.4471
137.3975 28.7527
135.2607 32.6960
136.3460 30.9901
131.1100 29.7128
136.1791 31.2018
128.3766 28.0921
134.2734 30.3216
137.0422 28.7678
135.3175 29.0200
131.2880 29.7353
138.3790 29.2476
136.8966 29.8090
136.2623 33.2219
136.9625 30.6051
137.2425 29.4768
135.4126 32.9070
136.8376 32.9170
136.7253 30.3603
128.4841 28.7465
135.8659 32.6890
137.6278 29.1061
136.1798 30.0722
137.6577 29.9017
137.4614 29.8161
138.1569 29.8220
135.1553 29.7701
135.3153 29.6341
138.1179 29.1874
137.3503 30.0000
131.1254 29.6146
131.0150 29.9345
138.0328 29.4763
137.7209 29.7310
137.8029 28.9358
137.7357 30.8207
136.2534 32.7601
137.5106 29.4351
134.9037 29.3195
135.5597 32.7038
128.4668 28.9652
137.7890 34.3662
137.3584 29.2874
131.7885 31.6134
131.7682 29.8256
137.1282 30.2772
135.5504 32.3939
135.1637 29.2821
136.4555 29.1450
136.3954 32.9625
137.3386 29.0205
137.3661 29.8449
135.1093 30.4406
137.9651 30.1305
135.3633 32.9953
135.5085 33.1102
135.2704 32.6521
135.5186 28.9331
136.3090 30.9350
136.0935 29.6026
132.3758 30.3981
135.0767 33.0898
136.1258 29.6533
138.3077 29.5737
137.8625 29.1075
137.4266 29.7727
137.7841 29.3576
136.1360 31.1734
134.8102 31.9402
138.5381 33.8930
132.0690 30.0069
136.6370 33.6357
130.2250 28.1548
137.5433 29.4571
135.9243 31.9499
138.7371 33.6163
138.3534 34.1991
135.5517 32.8717
135.4022 29.3380
135.6509 29.7049
137.1755 28.5081
131.8712 29.9100
134.6672 30.2283
137.9209 30.1591
137.9513 29.4598
131.4789 29.7539
137.6984 29.6652
135.9812 31.9785
135.6141 32.6421
137.7750 30.3840
132.5449 30.8173
135.9573 31.7992
137.8547 29.1039
137.0341 29.3227
136.3219 31.4881
138.2026 29.5701
136.2821 29.3522
138.2582 29.3156
137.5286 30.0095
131.7614 30.3068
137.4720 29.5563
137.0623 33.5536
137.1421 28.7561
131.2473 29.6636
130.7658 29.4263
135.8431 32.2253
137.8656 28.9836
137.4491 29.5895
137.4336 29.6177
137.8260 30.3049
136.3621 28.8621
132.2112 30.1669
136.3983 29.0774
135.9645 31.8867
136.7637 33.7436
135.1649 32.8064
131.9797 29.8808
138.0786 29.8588
136.1372 29.5573
132.1299 30.2656
135.0361 32.9487
129.2426 28.4490
135.2975 29.9128
138.0034 30.0822
136.0380 31.6224
135.4811 30.1847
136.8848 28.8189
134.3568 30.6316
137.2000 29.7113
137.9296 29.0053
134.5328 30.1370
138.0260 30.1079
128.4264 27.9897
132.3079 30.2456
128.5106 27.9735
137.4581 29.9300
138.0583 30.1241
137.0333 29.8339
136.5761 30.8944
135.1816 30.4137
136.1046 32.0092
137.5268 28.8222
136.0672 31.3958
136.1705 28.9587
136.0313 31.7373
135.3669 29.5224
136.2135 31.0793
131.6765 30.1676
136.2465 32.4178
137.8360 30.2169
137.5183 30.0630
137.1644 29.5840
137.4490 29.4651
129.5727 27.6309
137.1788 29.9357
137.9166 29.7113
136.1330 32.4486
137.8437 29.2018
136.5186 29.2225
137.9463 29.5175
138.3640 30.3322
137.6827 29.4488
135.4061 30.5745
131.0144 29.8841
137.4441 29.8748
137.3516 29.4787
137.9020 29.4932
136.9576 29.4760
134.8622 30.5375
137.9920 29.4479
128.3231 28.6013
135.3400 29.8995
136.1409 31.5653
136.2685 32.3616
135.9794 31.7961
133.8460 28.6807
133.5383 28.2950
136.6751 30.2641
131.4091 29.8068
128.1790 28.7665
136.5239 28.9919
136.8871 28.8267
135.1367 29.3388
137.5260 29.4772
131.6288 29.6965
137.2375 30.5401
131.3576 30.1090
137.8586 29.1775
128.5719 27.6681
137.4338 28.7742
134.8922 30.6664
138.2654 34.2023
136.2379 33.2385
138.0711 29.0507
128.8905 27.9811
137.2034 30.3912
136.4461 29.2650
137.1384 30.1790
131.4183 29.9018
135.6481 32.7631
128.2909 28.7078
137.9716 34.1015
135.1754 30.2971
136.3397 29.4846
131.3102 29.8178
137.9739 29.0699
135.2354 32.8397
135.9511 31.8932
135.4607 32.5976
136.1173 32.9027
135.7788 32.8187
136.1502 32.5533
135.5322 32.5550
136.0686 29.8658
135.8096 32.8690
138.3288 29.4847
135.0567 30.0818
135.2121 29.1307
135.5363 29.1067
134.9142 32.1464
134.9852 32.9774
128.3193 28.1592
135.3818 32.6057
130.9172 29.6337
128.4132 28.0227
131.5668 30.4820
135.3841 32.7140
138.2275 29.2068
136.5153 29.2336
133.2278 29.3010
131.3655 29.7425
136.4489 29.2543
135.8427 32.0824
131.5077 30.5919
135.1578 32.7249
138.0488 34.2244
136.1698 32.7859
135.6090 32.8256
136.0013 32.0786
128.9164 28.6340
131.6123 30.9255
136.1412 32.5346
128.3269 28.6818
135.4729 32.8704
137.6829 28.9313
135.3372 32.5880
135.1328 32.9192
128.7612 27.6182
138.0166 29.2839
134.4284 32.4741
136.7315 33.6014
131.6808 29.8266
136.1077 30.1835
137.6751 30.1974
137.2674 30.0384
131.2670 29.8306
134.4698 30.5641
128.4404 28.0738
135.9072 33.1290
131.1611 29.7122
138.4747 33.9480
128.5322 28.5992
133.6072 29.8167
136.5775 29.3569
137.4515 30.2010
136.1548 29.7155
135.7943 32.7769
137.8736 29.2348
136.6881 29.0965
135.5647 32.7351
131.0670 30.2235
130.5306 29.8445
137.7704 28.9459
135.1727 32.6616
136.5114 29.7794
137.4616 28.9255
138.3900 33.5878
137.7713 28.8836
135.4562 32.5747
137.3614 28.9349
131.4695 30.6304
137.8847 29.6443
135.1648 29.1587
130.9879 29.6945
137.3574 29.7757
136.5411 29.2772
137.7858 29.0163
138.3398 29.6587
135.1148 33.1370
134.4230 32.3747
137.4928 28.8845
135.0142 32.8360
135.9146 33.0462
137.6431 29.0042
137.8612 30.2058
137.2583 29.4292
131.2833 31.0020
136.6993 29.0551
135.7504 32.2144
135.5961 32.5092
131.9184 29.8680
135.4781 33.0265
133.7228 32.7406
131.2001 29.6452
132.3337 30.1817
135.3266 30.2098
134.4664 29.3429
136.2472 30.0111
130.8080 29.6873
135.7778 32.8863
135.3715 32.9699
132.0526 29.9537
138.3620 29.6936
135.9741 32.3850
138.2855 30.0509
138.3056 29.6157
135.9920 31.9305
134.7465 32.9587
136.0620 31.8080
137.8204 29.0644
135.6654 33.1981
138.0712 29.6268
134.8994 33.1848
138.2201 29.4542
135.0092 33.3916
137.4358 29.2563
137.5527 29.1181
136.1290 32.4451
136.5639 33.3168
137.1629 29.8340
136.8905 33.8414
136.1955 32.4982
137.9694 33.8999
137.6253 29.1173
136.7778 30.6123
137.7325 29.1561
135.9253 33.1928
138.3654 29.7820
135.3069 33.2521
137.9885 29.6451
135.8390 32.6274
137.8521 30.2094
137.5176 29.1659
134.8980 32.7412
137.3015 29.4616
134.9600 32.8290
135.9709 33.5301
137.1552 29.7786
135.9432 32.1559
136.1022 33.1191
137.5111 29.1524
136.2399 33.0385
138.0248 29.9778
138.3947 29.5756
134.9957 32.9434
135.7692 32.6672
137.1626 33.2181
136.0895 31.9737
137.8148 29.4750
137.9583 30.1506
136.0312 33.4218
137.8918 29.5125
136.2512 32.3599
138.1113 29.2666
137.7680 29.4156
137.8130 29.1127
137.5567 29.0735
137.3524 29.3490
135.3955 33.3540
137.8777 29.3698
137.7216 30.1328
135.0511 32.8731
136.1499 33.0724
138.1513 29.8738
137.7809 29.2933
137.9926 29.7742
139.5936 34.3301
136.5179 31.4403
136.8082 30.5584
134.9995 32.9248
138.1595 30.2180
137.6322 34.3160
136.3575 31.9600
137.7816 29.6317
137.5880 29.5825
135.7078 32.0652
136.9396 30.3041
138.2339 29.7592
137.8174 29.1062
136.6002 30.8197
137.6816 29.1397
136.4668 33.2927
137.7352 30.0342
136.9055 30.3637
137.6128 29.0975
136.2336 32.1472
135.0002 32.9493
138.2268 29.6528
136.3378 32.0832
135.9738 32.5904
138.0976 29.8507
135.6342 33.2465
136.8508 30.5973
135.3589 32.5494
136.3031 32.1916
136.1817 33.5809
137.5467 29.0902
135.0012 32.8233
136.9324 33.9043
137.5986 29.1642
136.9580 34.0676
135.3199 33.2353
137.7909 30.0960
137.2023 34.1158
137.9197 29.5929
139.1895 34.5081
136.2367 32.3532
139.5184 34.3341
136.2810 32.1727
137.5153 29.2010
137.2291 29.5367
136.6079 30.7959
138.0341 29.2307
135.5161 32.7465
135.0710 33.1703
135.1964 33.1913
139.1916 34.5321
136.8982 30.6466
136.9229 30.3747
136.8967 33.6489
136.9377 30.3687
137.1513 34.1973
138.1145 29.2735
136.8965 30.6907
137.4158 34.3406
135.7035 32.7002
137.9527 29.6962
136.6678 33.4123
137.2465 29.4554
135.7444 33.1599
137.5618 29.1852
137.7059 29.0736
137.7388 30.0629
137.7316 30.5878
137.5280 29.1142
137.9714 30.0005
137.9379 29.4357
137.6975 30.5795
135.2318 33.2025
134.9825 32.9205
136.7443 30.6626
135.5991 32.2005
137.5712 29.1559
137.5603 34.3023
135.6368 32.7444
135.6913 33.2499
137.5964 29.1402
135.2060 32.8393
138.2199 29.6890
139.1329 33.5130
137.0088 30.5438
136.2693 31.3557
135.4045 32.8731
136.0741 31.9687
134.7686 32.8679
137.8483 30.4949
135.8770 32.5517
135.7662 33.3502
136.9272 30.3253
139.1720 34.4787
138.3322 29.9621
137.8937 29.4983
138.1211 29.6626
137.7891 29.1049
130.9106 29.4764
136.8911 33.7403
137.2554 29.5917
136.1590 32.3544
135.7733 33.0810
135.9417 33.1838
137.7190 29.1804
138.1812 29.5553
138.4266 29.9138
139.1048 34.3943
135.3439 33.4661
136.2811 33.2017
136.3902 30.9917
137.6145 30.4862
138.2999 29.5386
136.1978 33.5905
137.6577 29.0710
136.5147 33.3384
135.3353 32.6090
136.9458 33.8725
136.0025 31.9613
138.3604 29.6245
136.7037 30.7071
136.5363 30.8347
136.3018 32.2415
138.0872 30.0076
136.9980 30.0220
136.9789 30.2409
138.4095 29.7230
137.6506 30.1670
137.1361 34.0684
135.5140 33.0876
135.7568 32.0494
136.2718 32.2544
136.4977 33.3086
135.6823 32.5280
135.0123 32.9621
136.6905 30.7242
137.6741 29.1416
138.9904 34.3468
138.1872 30.1689
135.4876 33.2387
137.0138 34.0507
136.9856 30.3523
138.4073 29.7251
135.1136 32.6154
136.8844 30.6411
135.4937 32.7632
135.4643 33.1989
134.9880 33.1093
135.3614 32.7877
137.8689 29.3823
135.4578 33.2693
137.4982 29.0387
139.1504 34.4219
137.4218 29.2541
136.2172 33.2179
136.1102 31.7225
135.7077 33.2332
138.1004 29.6660
136.1515 31.7649
135.7624 33.0790
137.4549 29.1980
136.1467 31.5826
136.2672 33.5336
138.3657 29.7483
137.7560 30.0319
137.6406 29.9883
136.4875 30.8454
136.3782 31.8993
137.5831 29.0800
134.8509 32.8109
138.0554 29.9639
138.0579 34.2982
135.9621 33.1305
135.5358 33.0296
136.3757 31.8388
136.9843 30.2292
137.0025 30.3648
137.3631 29.0676
137.8902 29.3651
137.8451 29.2852
136.6988 31.1162
138.0469 29.6820
137.5968 29.0995
135.4111 33.2230
137.6170 29.0612
136.5623 31.1313
137.5031 29.4244
135.5521 33.1116
137.5826 29.1221
138.0333 29.4680
135.0262 33.2730
135.9100 32.2128
137.9659 29.5706
138.0275 29.7464
137.9152 29.9530
137.1308 34.1745
135.6528 32.1898
135.6026 33.3229
138.0457 29.5336
137.9863 29.5373
137.5542 29.0850
135.0290 33.3012
135.9091 32.6624
136.5817 30.8483
137.5741 29.1505
136.7617 31.0113
135.3098 32.9093
139.0998 34.4324
136.3153 33.1313
137.6213 29.1390
137.7880 34.3601
137.5436 30.6899
136.8997 30.6415
136.6567 30.7153
137.7241 29.5143
138.0815 29.5948
135.2438 32.9432
135.4429 32.5267
137.7166 29.0605
136.4635 31.0167
136.9877 33.8816
136.3587 33.1055
137.7208 30.5968
137.8006 29.3833
138.9806 34.3946
137.5308 29.1411
135.5844 32.3045
136.2235 32.3278
136.2585 32.4527
136.7215 31.0938
138.2568 34.2499
136.2155 31.5570
137.2938 29.4393
135.0820 32.7048
135.4666 32.4029
138.1668 29.3969
137.3235 29.3399
138.5312 34.3020
137.5598 29.4276
137.9625 29.4237
137.7311 30.5645
137.5932 29.4953
138.3741 29.7905
136.8222 30.5863
135.5308 32.5979
136.2625 32.4602
136.2459 32.3038
136.9681 30.4698
137.4705 29.1559
136.2980 31.2764
137.6273 29.2930
137.8002 29.5683
135.4531 32.5481
136.5560 33.3296
135.9223 32.5988
136.8862 30.7230
137.1039 30.1786
137.8447 30.4960
135.8445 33.2743
137.6860 30.5844
137.9077 29.7561
137.6817 29.0525
136.2810 32.1773
135.3743 33.3348
137.6753 29.1634
136.6840 30.7369
137.4496 29.0211
136.7135 30.7216
135.2547 32.5335
137.9958 29.5546
136.7639 30.6930
135.2495 32.6729
135.3116 32.6111
137.2050 34.1505
137.8594 29.3538
137.4975 29.1896
137.6179 30.4530
135.7096 32.2016
136.6566 31.0455
137.0439 30.4474
137.9326 29.4013
137.6506 29.5711
137.9048 30.4545
136.0749 31.8156
136.8174 30.9612
135.5809 32.5437
137.8007 29.5397
138.3295 29.7041
128.1439 28.3433
136.6398 28.9848
136.4523 33.0572
133.5999 32.2792
135.5932 27.5856
136.6610 33.4126
129.2177 29.6763
138.1455 29.0899
139.6540 34.0821
136.2926 32.5239
134.2728 32.0111
137.0946 28.9286
128.4948 28.1509
135.3611 32.7996
136.2981 32.9211
135.7968 32.8388
135.1094 30.5134
136.2047 29.5068
131.5362 29.7970
136.2238 31.2519
136.7622 32.0559
137.1085 33.3359
136.5643 29.7136
130.8484 29.4419
131.9031 30.3202
133.0317 31.2113
136.3191 29.6855
132.8242 28.0704
132.1653 30.1812
130.9087 29.2864
132.6867 31.6116
134.7445 30.6541
138.6614 34.2156
135.4508 28.8464
136.7265 29.0741
137.0978 28.6966
136.2403 32.2438
136.9120 30.7525
135.1708 31.6176
137.5837 29.5897
137.3555 30.4817
138.0568 30.1337
135.9540 32.1518
137.4126 34.2874
128.0545 28.0240
138.2187 34.1732
137.8672 29.4447
137.1417 29.5121
138.8250 33.7452
137.4253 28.6428
136.5436 30.4579
131.4540 30.8769
137.5766 29.3253
138.2050 29.2379
126.8578 29.8939
136.9251 33.9816
138.3458 33.5288
135.8501 28.7998
137.0621 29.9646
128.5361 28.5768
136.3153 29.3428
137.1093 29.5713
137.4795 28.6417
136.7867 31.5166
138.3722 29.3424
136.8975 31.7445
136.7968 33.1957
137.9306 28.9000
138.0308 29.0677
134.9861 33.1571
131.1704 29.8889
136.9960 34.1283
138.1769 29.0628
137.3407 28.6259
133.0542 28.1492
137.2490 30.6263
132.7428 30.2897
135.5540 29.0673
137.3704 34.2495
135.6833 32.6063
131.3590 29.7112
139.1695 33.4143
137.5555 28.7442
135.7961 29.4793
135.5642 32.7210
136.1622 29.3819
137.1367 30.6583
138.0898 29.1769
134.9880 29.2919
137.0886 33.7716
128.9521 28.8513
128.4219 27.9971
137.2957 29.9182
136.0488 29.4654
138.8942 29.6808
137.4398 29.3027
131.3149 30.3121
134.5132 32.9695
128.7664 28.9093
137.2622 28.6655
130.7483 30.7681
136.4448 31.7258
137.0391 34.0289
131.4341 30.9127
128.4696 28.2999
136.1425 32.8906
131.4320 29.8279
130.7669 29.4364
137.2241 30.2546
138.1803 29.7447
136.7268 30.9576
137.5211 28.9027
132.4743 29.4443
135.3196 29.2973
137.5424 28.6489
131.5523 30.6982
136.2731 31.9384
130.9522 29.5814
136.0897 32.7846
136.7257 33.3531
136.1734 32.5669
135.7156 32.5553
137.8811 29.3735
135.9535 29.9739
131.4136 29.7852
136.5138 32.8752
136.1372 32.0130
138.1145 29.7529
136.3869 31.4146
132.0432 29.1820
135.6274 29.7098
136.4211 33.1430
134.2134 32.5586
136.0077 30.0452
137.5988 30.0497
137.0446 30.2307
128.2236 27.8023
134.6630 30.4708
136.2931 32.9845
135.3500 32.6550
135.3411 30.2376
128.6466 28.6133
137.1484 30.5455
135.7401 32.4375
136.1897 29.7215
130.9516 29.9059
132.5222 32.5581
137.6242 28.8950
136.3772 31.6090
132.2045 30.0555
129.0682 29.5284
138.2682 30.0988
137.6725 30.1337
132.0478 30.0946
135.2798 31.6058
136.1221 29.6723
138.0708 29.7920
131.5985 30.1170
128.1264 28.6722
137.0920 28.9109
133.1269 32.5451
138.0207 30.3484
128.5755 28.7129
138.3690 29.5200
136.8251 28.6660
131.0894 29.5845
137.8643 29.0314
137.0374 30.7690
138.0670 30.4965
136.2926 32.0716
136.9840 28.8585
138.1310 29.2969
136.7883 28.9473
136.7761 28.5099
137.7150 28.8348
135.1486 32.8599
134.1896 31.9516
136.1738 29.6799
136.8867 33.6354
136.2338 29.6249
136.8035 28.8278
136.1572 29.5903
135.9511 32.0079
137.9663 30.1790
137.6818 29.1768
137.9733 30.0428
137.0533 28.8149
135.2112 30.3481
128.0692 27.9648
137.4823 29.0751
136.5975 33.2718
131.7123 29.7841
137.3225 29.3898
128.2455 28.6760
135.9904 30.3179
135.7302 29.1935
136.9965 33.7587
137.0323 29.0028
137.0037 29.2246
135.8035 30.0614
135.2826 32.8455
136.0471 29.6433
138.2128 29.1763
128.1103 28.8666
137.7028 28.8197
136.1975 29.0394
135.3356 32.7992
129.3615 27.8927
130.6405 29.2379
135.5104 32.4656
131.1117 29.7101
135.8344 32.7529
137.4324 29.5042
136.1075 33.0894
137.3088 29.0341
131.3446 30.2145
129.3049 29.3250
137.8033 29.1553
136.9269 33.3842
137.9058 29.1533
137.3164 28.9679
138.0278 29.6635
130.9536 29.6929
135.6731 33.2910
136.8440 33.8985
136.2924 31.6937
137.4298 29.3073
137.8476 28.9175
136.7813 30.7769
137.4846 28.6674
128.9261 29.6468
128.8079 28.6098
135.1868 31.4349
136.1338 31.4263
136.9680 33.9502
136.2672 32.1315
136.7248 29.0465
136.5607 29.2628
136.2794 29.2980
135.6756 32.1985
138.3287 33.6114
138.2154 29.0464
139.1871 33.5172
136.7272 28.9510
137.0363 30.1876
137.0302 30.0250
135.0011 32.1294
137.3884 34.1099
137.9515 34.2882
135.4194 31.4388
136.2153 29.6084
135.6952 28.7184
136.4843 33.1675
138.0594 29.0324
137.4182 28.5639
135.8862 31.8939
131.7943 31.7537
135.0656 32.8979
130.9187 30.0437
135.6709 32.6062
136.5784 33.2650
137.2803 29.5032
136.3374 32.8645
136.2577 33.0069
137.1103 28.8671
137.3717 28.7352
137.5941 28.8835
135.3267 31.7514
132.6343 31.5561
138.3068 29.3918
138.4160 29.6123
137.3194 29.4628
137.2109 30.4528
136.7866 33.3330
131.8187 29.8996
137.5407 28.9271
135.9218 30.2404
137.5953 29.2886
131.4244 30.1768
138.1097 29.5592
137.6403 30.2110
127.9859 28.2962
129.7385 27.7269
127.9965 28.5052
137.7235 28.8276
136.5345 29.3295
136.3823 32.7746
137.7145 28.6576
136.4972 30.5728
129.9404 30.3085
128.3359 28.7652
135.3900 33.0882
129.6494 27.8861
137.1332 29.8145
137.0891 28.7746
136.2043 31.2816
138.1310 29.8354
138.4824 34.2855
135.1761 31.8045
130.6718 29.5736
135.8974 32.3633
135.9727 28.7789
133.3891 30.5501
136.7615 31.0206
135.9155 32.4891
137.1590 28.9758
138.5938 33.7605
136.8056 28.7921
136.2032 31.3580
135.8825 32.2686
137.1738 28.6094
136.2458 29.6328
137.4748 29.2142
129.9346 30.3521
131.1372 29.7027
135.4181 32.8083
129.5020 27.8112
132.2400 30.2012
129.9382 27.9339
137.8332 28.9208
138.1797 29.8053
128.5635 28.6002
136.2847 33.1114
138.1186 34.3230
136.6001 33.5242
135.9581 29.9953
135.3197 33.0286
137.5358 29.0197
139.0359 34.3441
135.2409 32.5917
135.4801 32.4168
137.7024 29.1809
134.9821 32.9447
136.1415 31.3871
136.2230 31.4085
137.4135 29.0801
137.6949 29.2269
137.3402 29.6553
137.2092 34.2458
135.5689 32.8653
138.8725 34.1573
138.0006 34.2832
134.8529 32.9979
138.0401 29.2338
135.2277 33.2214
136.4919 31.0836
137.4316 34.2687
137.9907 34.2910
135.3451 33.2844
137.3408 29.6381
135.7136 32.1851
136.5369 31.0239
135.8496 32.9684
135.1990 33.1513
139.1519 34.4286
135.8490 32.1004
135.2607 33.1593
137.5927 29.2636
135.9298 33.0224
136.5156 33.3236
137.5274 29.0492
137.8056 33.6498
135.7005 32.9384
137.4725 34.2600
135.0836 33.1336
135.7497 32.1957
136.1338 33.0249
136.0148 33.0502
138.0881 34.2846
136.0416 33.1424
128.1587 28.1068
135.5334 33.0742
135.3019 33.3155
135.2200 33.1137
139.6296 34.1755
135.7631 32.2417
135.6518 32.8808
137.5078 29.6281
135.6148 32.9768
136.2922 31.8886
135.2997 33.2601
136.8250 30.4307
136.5892 33.3654
135.6662 33.1248
135.3496 33.1322
135.1036 33.2241
136.0638 32.5596
135.9693 31.7952
135.9064 33.0614
135.3090 32.9900
135.3695 33.1630
135.5400 33.0843
137.6922 29.3192
136.5355 33.2364
135.8742 32.9688
135.8576 32.0124
135.1621 32.6635
136.9479 30.5024
135.8976 33.0151
135.4125 32.4328
136.2272 33.1310
135.5462 33.1080
137.7397 34.3181
138.5230 34.2537
137.9185 29.3129
135.4440 32.9618
135.7532 32.2732
135.4724 32.4058
134.9542 32.9692
137.4681 29.1170
135.8987 33.0516
135.0626 32.7939
135.6140 33.3591
136.9825 30.3719
135.4250 33.0799
135.0803 31.7959
134.9333 33.0316
135.9636 32.4567
135.7176 33.1358
135.5834 32.9292
135.2383 32.5745
135.0194 33.0929
136.7185 33.5441
136.4086 33.2343
136.7051 33.5268
135.1361 32.9158
136.2127 31.2230
138.4037 29.8133
135.0961 33.1084
135.6972 33.2066
137.9099 30.4592
135.2522 32.5922
135.5953 33.1899
136.0481 31.6804
135.7821 33.1136
135.0382 32.8653
137.6136 30.0453
135.1445 32.6517
137.4387 29.2357
135.3068 32.5398
135.2251 33.1456
137.4860 29.0346
137.7930 29.0644
137.7350 29.0543
134.3375 32.6306
137.8000 34.3436
136.0340 31.6986
138.3066 29.3139
135.9005 32.9941
137.4402 29.3658
138.1970 34.2561
135.8195 32.1033
134.9296 32.9475
129.8396 27.5947
134.8214 29.3645
136.4184 32.1897
135.0735 29.4588
135.2734 30.6078
127.8689 27.8442
129.2079 27.5758
130.8663 29.8529
135.9451 33.0118
138.2768 29.4200
138.1751 29.1041
135.2393 29.5109
137.7911 29.7947
136.9389 30.6728
137.5500 29.6615
135.4381 29.5051
137.0051 33.2237
135.3835 29.8162
136.1449 30.2502
138.0817 34.1218
136.4153 32.7496
134.5363 29.3912
137.8384 30.2620
130.8907 29.6528
137.5756 29.9252
130.9607 29.5998
138.0577 34.1062
137.8972 29.0509
135.3555 33.0012
136.9368 33.2830
137.7067 30.2097
137.7355 29.1134
136.2377 29.6094
130.5383 29.7097
137.8340 30.5054
131.2233 29.6374
137.3819 28.4387
137.6088 29.3767
135.7747 28.6743
134.7776 30.5833
128.1203 27.8258
131.0412 29.7400
135.9440 32.4368
133.4297 32.3316
138.2117 34.2224
136.6603 31.0530
135.2833 29.4899
136.5907 32.8396
136.0177 32.0572
137.4631 30.2386
135.5202 30.6663
136.9376 29.5172
136.4766 32.8362
138.2176 29.3248
137.0777 29.1754
137.5508 30.0459
137.7747 29.8960
137.6894 34.0911
136.8981 33.0083
137.4054 28.8062
135.0841 32.7939
134.8779 29.5014
137.5193 29.9581
135.0468 30.4467
137.5656 29.9507
138.2278 29.2995
135.2595 31.4263
137.5546 29.3256
136.3723 32.2884
137.6167 30.1605
131.1333 29.7086
137.5420 30.0006
136.9026 29.7536
130.5614 29.6769
136.5581 33.4751
137.5078 29.8646
137.7358 29.7056
136.4703 32.8493
136.6681 31.0117
137.3299 30.6963
137.5345 30.0516
137.7442 30.2018
137.2548 29.5089
136.1773 32.9553
137.1534 29.0291
137.3330 29.3334
135.3529 32.8761
135.4866 33.0719
137.0222 33.6516
137.5469 30.0781
137.5307 30.0246
135.7371 30.1492
137.5407 28.5801
131.2926 29.6408
135.9689 31.8698
136.3880 29.0547
135.1824 29.3602
138.7583 34.0442
136.6258 33.2734
137.2484 29.8864
137.5372 30.0587
130.4407 28.0736
137.6486 30.2044
133.9302 28.8547
135.2452 30.1607
130.9215 29.5272
130.9482 29.8779
133.6669 28.6382
136.8996 30.5936
137.6393 30.4142
136.2021 33.6076
137.8217 29.8056
137.6143 29.4032
135.5272 32.3691
137.7285 29.7965
137.3546 29.5947
137.5161 30.5968
135.8404 32.0610
137.7864 29.7302
135.8726 32.6143
138.3470 29.5672
137.4419 30.2154
138.0778 29.7816
136.3947 31.1755
137.8367 30.4763
138.2498 29.4431
136.5229 33.3078
136.9713 30.4499
138.2628 30.1198
135.7133 33.1267
138.0172 29.6473
137.5415 29.1368
138.1192 34.1879
137.7762 29.1805
135.4637 33.0025
136.2842 33.0521
137.7142 29.2337
138.3679 29.1530
137.8420 29.5264
137.0051 33.8120
137.5025 29.4479
135.2590 33.0414
137.7134 29.6310
135.0451 33.0008
137.6976 29.2822
135.4709 32.8459
138.0429 29.7420
135.6853 32.7390
137.7909 30.5190
135.1163 33.1173
137.9653 29.6283
139.5526 34.1564
136.2591 33.1098
138.1233 30.3025
136.8748 30.6379
137.4931 29.6191
136.7943 30.8330
135.1111 33.2823
135.7374 32.9436
137.6846 29.4657
136.6295 33.0177
138.0424 29.9136
139.4939 34.2226
137.3840 29.6136
135.4731 32.8642
135.2669 32.7380
137.0888 33.9175
137.4599 30.2870
136.4945 33.1725
137.5834 29.9368
138.0086 29.7462
137.4530 30.5920
138.0253 29.7201
136.4711 33.2354
137.4220 30.6219
137.5382 34.2845
137.3770 30.5298
135.7210 32.7453
137.6673 29.4574
137.3717 30.5597
138.4173 29.5252
135.6977 33.1660
137.5828 29.6725
137.3763 30.5751
135.7641 32.9073
137.5946 29.5185
136.3404 31.2105
138.1519 29.8518
138.3553 29.9878
135.3942 32.4650
137.7624 29.4149
137.7889 29.8427
137.7195 30.5689
137.8418 29.3019
136.2115 33.0564
138.0215 29.6622
135.6261 32.5836
137.4946 29.5289
137.5423 29.4539
137.9532 29.5847
137.3654 30.4961
135.4071 33.1488
137.3931 29.5837
135.9619 32.0899
138.0933 29.2292
135.6064 32.3572
137.7564 29.8555
137.8250 29.5818
136.1100 33.0391
137.8126 29.5522
136.7702 30.7162
137.6350 29.4894
135.5492 33.1547
138.2857 30.1148
137.1855 34.0492
135.8666 32.4565
137.6842 29.4368
137.7480 29.5618
136.5598 30.8850
137.7020 29.3410
135.2551 32.7787
137.8736 29.3338
139.1653 34.3136
137.4866 29.4788
139.0666 34.2225
137.4192 29.4934
135.8196 32.5277
138.0381 29.5681
137.2574 34.1330
135.9168 33.4687
137.8810 29.3965
138.1399 29.6496
138.0615 29.6847
136.7583 33.5043
135.8086 32.1418
137.6869 30.5948
138.4688 34.2132
137.4566 29.5513
135.3921 33.2357
135.0314 33.1189
135.8326 33.0668
137.6830 29.6264
135.6373 33.3653
137.7371 29.6512
137.9909 29.8925
137.4809 29.4158
139.5170 34.2365
137.6655 29.4308
135.8341 32.9070
137.5596 30.2466
135.2560 32.8438
137.5900 29.4629
136.0892 31.8408
137.5361 29.4463
137.1748 33.5373
137.8800 29.8763
135.8024 32.6189
136.0415 31.5843
127.4613 27.6118
136.1564 31.4901
136.9338 34.0081
138.3422 29.1299
137.4853 30.0209
137.9231 29.1617
135.6366 30.1082
136.7874 32.2217
134.6865 31.1548
137.1132 30.5000
136.9848 29.0163
131.8636 30.0572
132.7619 32.6231
131.4729 29.6391
137.6342 29.5436
137.8970 29.1183
136.3965 32.4221
136.3743 28.9055
131.9036 29.9544
136.4546 31.3185
137.1019 29.3027
131.9382 30.7005
136.7376 33.0655
135.6546 29.4117
132.3568 30.7790
129.2349 27.8733
132.1208 31.9466
136.8574 29.7577
127.6304 28.8168
134.6380 30.3187
136.0412 28.1989
135.4516 32.9974
129.4096 31.5532
136.1968 29.1514
137.3591 28.9871
128.5165 28.0361
135.6769 32.9015
128.1396 28.1038
139.1859 34.7096
134.5449 30.2958
127.4741 30.3126
135.9775 28.5149
137.3037 29.7241
134.5954 29.4681
135.5597 32.5480
131.9644 30.5222
136.3463 29.0115
132.7675 31.3779
137.2392 30.2474
136.3342 31.9939
137.0188 30.0669
136.1133 31.8238
128.5963 28.0963
135.8086 31.6099
132.2328 30.4971
137.6098 29.8108
132.2527 31.2135
137.0748 31.5205
135.6104 32.8395
131.6052 30.0884
135.7655 29.7294
137.2965 31.2719
136.0979 31.6061
136.7408 30.1764
135.6419 30.1778
132.1903 30.1501
135.9318 32.4760
133.4691 28.2949
129.3651 28.9097
135.7224 30.2057
135.9498 32.6117
136.9412 30.4011
133.2229 28.3811
129.7939 29.2457
132.7708 31.8720
130.4867 29.2751
132.2465 31.0273
137.9385 29.0658
136.3390 32.8694
132.6259 30.9991
134.3872 31.2483
138.3847 33.8066
137.5551 30.4592
135.4366 27.6575
135.2548 28.8516
131.7343 29.0784
135.7312 30.0250
137.7622 29.5800
133.9433 32.4072
132.6848 32.1941
132.6754 31.7511
136.8674 29.9193
132.7847 27.7588
131.3150 27.7950
136.5848 29.9648
132.4959 31.8637
134.0504 30.2644
132.7151 30.5040
138.0645 29.6214
136.0446 32.8428
136.8250 30.6519
137.2640 28.2680
131.5146 30.5726
133.5657 28.8852
137.9029 32.2220
136.3968 28.2307
131.5494 30.4909
134.2732 29.2774
128.4045 30.8072
137.1077 29.2512
136.0688 31.8956
136.4352 28.1130
135.8442 33.0094
132.0059 31.4622
138.3667 29.3681
133.5828 27.7978
136.2356 31.1277
129.5620 28.0879
136.9417 28.4283
132.9579 27.6566
132.0405 30.9647
137.3161 29.6911
134.5634 29.4352
137.1499 28.4842
136.1431 31.8097
136.5604 29.3051
136.5665 30.2891
136.3678 30.8927
136.6365 29.0850
134.4434 30.6360
137.6376 30.3180
136.8172 30.8558
136.0327 33.2798
131.7400 28.4413
133.2448 28.0649
132.5031 31.2185
135.2494 28.5573
136.7886 30.3446
137.2993 29.7887
132.3645 31.9457
133.9434 28.1982
134.7018 29.7106
134.9687 29.7029
136.8314 27.9319
136.7068 29.3980
134.3644 30.7994
136.7743 28.2436
136.9095 29.9252
136.4074 28.7688
136.1463 27.5143
136.3659 29.2616
131.6450 30.2657
129.4695 27.3634
138.2288 29.8088
136.9503 28.6818
130.7791 29.5752
135.2284 31.3540
137.8450 28.8512
135.6060 30.2280
128.0934 28.2218
128.8696 28.5409
131.2504 30.2944
134.4825 32.5436
138.8450 33.3914
136.0634 32.9999
137.9034 29.7750
138.2240 34.0623
136.1899 32.3285
135.6201 28.9547
136.0384 32.5529
132.5781 27.8324
134.9756 29.2188
134.4577 32.4444
138.3249 29.3525
127.8464 28.4031
137.1311 29.3312
137.0220 29.5617
135.6509 28.9270
135.0971 32.7853
136.3979 29.1030
135.1156 32.9887
128.2680 28.7216
136.8873 33.2380
138.3431 34.2806
134.2033 31.8739
137.4295 29.4830
137.4205 30.1038
128.1591 28.1879
136.1467 33.0549
131.8557 30.2256
137.9828 29.2126
131.6953 29.9450
135.9686 32.6445
133.4336 29.9851
137.0781 29.6813
137.6216 30.1512
131.3934 31.2943
136.3989 32.1139
137.0860 32.9362
136.8970 29.0151
130.8495 29.4786
137.7491 34.0444
137.5379 29.7956
138.1391 28.8762
134.3839 32.5080
135.9580 31.9783
137.7964 29.8871
136.0831 29.6104
136.8292 28.9698
130.5504 29.4948
135.4400 29.9795
137.1266 29.8028
136.4522 31.5035
136.5186 32.3181
136.4108 29.0450
132.3090 30.0151
130.9841 29.8161
137.3908 29.4555
136.1076 31.4645
130.7846 29.3452
137.5919 30.1690
136.9250 30.4112
135.4904 32.9790
136.9807 30.0383
134.8686 31.3740
137.8436 29.1343
136.3526 31.1437
138.0308 29.3050
137.0694 30.5344
138.0403 33.8053
131.8881 29.5648
137.2710 29.7896
137.0091 28.9839
137.0446 28.8409
137.2228 28.8726
138.0876 29.7098
136.6543 32.5202
138.2523 29.4005
126.7728 31.1800
135.7711 32.2885
137.4901 34.2198
135.7599 32.8801
136.3772 33.2289
135.4526 29.6296
137.6253 28.9614
128.4504 29.1127
133.9289 32.6492
136.0930 29.8555
136.3620 32.7178
132.4592 30.7470
136.9731 29.1664
136.1480 29.5189
127.8461 28.5875
134.8700 30.6021
134.9523 30.4914
128.6096 27.9878
136.3015 28.9696
129.4076 29.7254
136.9422 30.3761
131.6419 30.2560
135.8523 32.7097
137.6802 28.8057
137.0564 29.2888
128.6733 29.3559
134.3541 31.6498
135.4658 29.9262
134.5493 30.6301
132.6743 30.9588
136.8973 30.5615
137.1051 29.8569
131.9699 30.1208
131.7678 30.7810
137.8813 28.9752
132.5055 30.5929
127.9575 27.9413
129.8117 28.6457
134.9808 30.4806
137.4601 29.6833
137.1306 30.1020
133.5144 32.5911
137.4612 29.5688
135.2586 29.9808
135.9288 29.9840
137.3629 29.1145
137.6221 30.1437
136.1797 29.3497
130.0174 30.7277
136.4473 30.8501
137.5928 29.9568
134.2410 29.1869
130.9995 29.7417
136.1126 29.2076
134.9714 30.2810
127.7543 28.1286
131.4904 30.1486
133.9350 31.8004
131.5720 31.2426
136.3247 32.6537
127.8863 28.2763
132.3413 30.3322
137.7942 29.7734
137.1504 30.3696
137.5718 29.9910
136.4227 28.7201
137.6755 30.0990
132.4114 30.6344
138.1011 29.8632
137.1031 29.8234
136.2045 32.2286
135.6609 30.2934
137.8316 29.7460
137.4069 29.9839
131.8761 29.6500
137.2025 29.6699
131.1134 29.5553
136.3927 29.3680
137.0029 28.5340
136.0479 29.1175
129.5356 27.7772
131.5730 29.7998
137.7619 30.0039
134.9800 30.5413
138.8822 34.0336
136.8596 30.3264
135.0637 30.6408
137.4780 30.3147
129.5266 27.6573
136.1721 32.8512
136.5125 29.1235
131.9639 29.9928
135.8524 28.8640
135.8952 30.1893
138.4143 33.6342
137.4790 29.3076
137.8592 29.3921
138.9611 33.7892
137.9612 34.3326
136.8941 33.9181
135.2657 32.7928
131.5296 30.7333
136.1818 32.7977
138.8739 34.1935
135.7185 32.6639
135.7517 32.2220
134.8273 31.0502
139.3493 34.5964
137.6387 30.2263
136.8029 33.5535
135.1960 32.5514
135.8898 32.1481
130.5298 29.5182
137.0713 33.7446
138.2586 33.9695
135.3103 32.9908
137.3451 28.9588
137.4196 33.2548
137.7959 29.2509
136.7817 30.7710
136.7227 33.7416
137.4167 29.6562
135.9832 33.3161
135.9626 30.0747
136.7916 30.8772
137.0289 32.2143
137.2063 31.1618
136.2036 29.7700
136.4697 33.9107
137.4903 30.3864
137.2037 29.0640
136.9309 30.6649
131.0938 29.6585
139.4779 34.2126
137.3436 34.0530
136.5111 33.3697
137.3605 33.2757
138.2650 30.0971
137.2942 29.5826
137.0417 30.2833
138.4783 33.4055
131.6499 30.7591
138.6776 34.3981
134.6331 32.9730
134.9016 33.1042
136.1515 33.3170
127.0964 32.9463
136.2650 31.3287
138.7627 34.3549
137.1032 32.4336
135.5257 31.4598
133.6235 28.3203
135.9584 33.5437
136.9026 33.6051
135.3122 30.3909
136.9125 33.8918
136.1651 32.3681
135.6374 32.3786
137.4917 29.2709
139.9508 33.6770
137.8680 34.0656
138.7438 34.1050
125.5587 32.4295
139.7676 34.4407
138.1941 29.2527
137.0850 33.0525
138.4780 29.7211
138.2890 30.1047
137.3752 30.2028
139.0861 34.3678
135.7235 32.7432
137.2181 32.5363
138.2878 30.0653
135.9656 32.9738
132.8363 31.3177
132.7818 32.2969
137.1693 30.0875
139.4353 34.5953
131.7194 31.0001
136.2101 33.5271
137.8735 30.5328
135.9199 32.9958
128.0099 33.6599
137.3375 29.0169
137.2603 29.4065
137.9725 29.0172
138.5857 29.8483
138.1579 34.2072
137.3941 30.3598
135.1231 32.8952
135.8711 32.2711
138.1255 29.6780
135.6636 32.6800
137.0901 34.0386
135.5191 32.3404
129.8147 28.7671
136.6806 34.1065
134.7658 33.2181
141.7955 33.9484
137.5124 29.1291
138.1979 29.3521
136.2748 33.9563
135.9845 33.2522
134.8816 32.1853
142.2527 34.3119
137.8425 29.0863
136.4619 33.0771
135.8214 32.3339
136.0885 30.8357
136.4809 31.0518
137.8495 29.9477
130.6941 29.9227
136.2197 30.3616
136.4471 30.5684
140.1607 33.8871
128.6857 29.2252
135.3311 32.9467
131.3683 28.9808
135.3495 30.1119
137.0053 33.8741
131.2906 30.1907
130.6338 29.9703
130.6514 29.5993
134.8831 32.9737
128.2764 28.8178
135.9954 29.9325
130.8441 29.5417
131.1909 29.6924
131.7011 29.8238
131.0952 29.6393
137.6887 29.8145
131.3385 29.8483
137.5325 29.3342
135.0353 32.7440
138.6007 33.6859
130.8296 29.7306
131.1237 29.4530
133.8288 30.8405
131.6316 29.7940
135.6068 33.2537
131.5040 29.8523
135.1337 33.1478
131.0567 29.8626
131.3452 30.5252
139.4109 34.2007
134.1252 31.6419
135.3420 33.0809
136.6647 30.7881
130.6571 29.6213
135.6053 28.9391
136.2248 33.1286
136.9382 30.2935
136.0512 29.8143
135.6203 32.7166
135.2501 33.0018
131.0852 30.2211
134.0239 28.9604
135.9410 30.1859
132.0583 29.9491
131.3046 30.4588
133.7584 32.7678
136.1456 29.7612
131.5689 30.9643
130.1122 28.1827
135.8426 30.3572
137.6626 29.1741
130.8771 29.7309
130.9542 29.7356
135.6151 32.3061
135.5094 32.8481
135.6366 32.8666
135.6461 32.9309
130.6625 29.9615
136.0010 31.7765
129.1872 29.2345
130.9551 29.6481
136.4829 29.2491
135.9492 30.1462
137.1592 30.4742
131.0369 29.7210
130.6084 29.7330
136.0098 30.0609
136.0891 33.0251
135.7908 32.5457
136.0013 32.4982
131.2693 29.7671
136.2843 29.5704
134.9992 32.9779
130.8394 29.6118
137.6948 29.4778
137.7431 29.0343
131.3843 29.7389
135.7410 32.8053
135.9680 33.0421
134.7455 30.4760
132.1423 30.0263
135.0791 32.9462
136.1468 30.2676
136.2071 29.8616
138.5678 34.1348
136.9925 30.1207
136.7232 30.7312
136.4623 29.4114
131.7466 29.8731
134.8329 30.5241
135.1828 29.1287
135.3737 30.2724
135.4271 32.5250
135.3546 33.2469
135.1441 32.6655
135.3484 31.7097
136.1967 29.6701
135.2564 32.6845
136.6539 29.1148
136.1071 30.0034
137.4046 29.5801
136.5837 33.3669
130.8791 29.6153
135.9903 31.9918
130.9919 29.8728
136.1752 29.5866
138.9804 33.5303
135.5588 32.7496
136.4763 29.3018
135.6451 30.2129
137.4042 34.2960
130.8555 29.8740
131.1280 29.6166
131.0060 29.5542
131.1615 29.5160
136.2872 29.2781
135.1688 29.5482
136.1672 29.5964
129.4827 27.8604
129.4368 27.9362
137.7526 29.2499
138.1360 29.1682
137.8170 30.2525
137.1954 30.1865
136.9517 28.5534
135.7940 30.0653
134.0729 32.0742
128.0059 27.9529
136.6364 30.8971
136.1461 32.1720
130.5596 29.8254
136.1482 29.6206
134.7434 30.4752
133.4870 32.7630
137.2357 29.2908
135.6116 27.6256
136.2002 29.7371
133.2140 30.8995
135.0105 32.0104
137.0462 28.7133
137.1123 33.7544
136.9612 29.9350
137.4865 30.1955
133.7298 32.7868
129.7579 29.9152
131.9125 29.8564
128.1705 28.7227
136.5624 32.9503
128.0870 27.7475
136.8811 29.2169
134.7075 30.8275
137.1940 29.5438
131.7327 29.8411
127.9057 28.1071
132.4945 30.8291
135.2643 28.8833
137.4770 29.9035
129.9403 28.1821
137.4870 30.0543
129.7707 31.1021
136.9824 28.8228
127.9479 27.7759
135.2899 29.3153
136.4893 31.1724
137.0451 29.1228
135.3608 30.4806
135.8850 30.0477
135.3350 29.8583
137.0743 30.0719
135.5949 30.3434
134.9167 30.2055
134.8983 30.6199
131.3707 29.8340
135.2479 30.0082
132.5710 30.4302
137.6615 29.0372
137.1158 28.4902
134.8624 30.3180
127.9103 28.7075
129.4900 27.4586
136.3846 30.8830
135.8948 29.0308
128.1596 27.9278
132.3387 27.8898
133.2840 29.2986
133.9765 32.7684
135.3780 31.3003
137.6710 30.2721
135.2514 30.3833
135.9014 29.4618
137.5127 30.2893
137.1124 29.9501
131.6110 28.9923
135.0479 30.9306
131.0404 29.2577
137.1931 29.9453
138.6815 29.7839
136.1496 31.2376
136.2891 28.9935
135.8106 32.7011
138.3434 29.0996
136.3633 33.0342
136.1561 32.7795
135.5829 32.9546
137.1784 30.4260
137.3025 30.4841
133.9320 32.5764
132.2006 32.5518
131.5052 30.1081
130.8261 29.5239
136.3727 30.1353
137.4927 28.9024
137.9778 29.0497
136.4190 32.8569
132.8619 30.6741
135.0975 30.3080
137.3010 28.8811
137.1516 28.6669
136.4569 29.4065
135.1880 33.2551
135.4648 32.4333
129.2735 28.6139
137.8192 28.6874
131.1441 29.7927
138.2900 33.9231
135.2152 29.6891
135.5098 32.7658
136.3369 29.2131
136.5304 32.9670
135.5803 30.1802
138.3578 29.7245
131.0014 29.6442
131.5923 29.8212
134.8703 32.2080
136.1554 28.8180
136.3348 31.2045
138.5907 33.5617
137.8593 34.3531
136.1754 29.6223
131.2014 30.0444
130.7045 29.6702
135.0166 32.9979
134.9824 30.3459
135.5253 29.7151
135.5797 32.8299
131.2994 29.9849
131.4736 29.8074
131.6614 31.0015
136.3621 32.9686
135.3032 33.0883
131.9748 29.8352
135.2799 31.2178
131.6551 30.8048
137.5745 30.2810
135.7790 32.3329
135.3405 30.0999
138.2099 29.9080
136.5614 33.6133
135.6847 32.6474
131.3620 30.3201
138.0727 30.0308
132.2204 30.3594
132.2372 30.0719
135.4065 30.2814
137.5070 28.9725
132.1862 30.1810
135.5513 32.3363
136.5035 32.8963
135.7127 30.1157
136.3205 31.0875
137.9500 30.2301
133.4672 29.6443
134.9771 32.9208
136.1500 29.5254
136.5621 30.6477
128.4288 28.0652
130.8159 29.4912
137.6547 28.9752
130.6470 29.8310
131.6969 31.3762
136.7167 28.7204
131.9270 29.9318
134.6626 29.3321
137.8028 29.4476
135.6412 28.4087
134.1431 32.6853
136.8684 30.4207
134.6642 32.2590
130.6777 29.8069
137.2907 29.6206
136.3789 31.4271
135.7320 29.8680
137.6572 29.2001
135.3067 32.6067
135.1820 32.9163
136.2979 31.7240
136.6749 28.7526
131.5553 29.7504
135.6738 33.0639
135.3976 30.2225
135.5457 32.5802
136.3724 32.7711
136.7619 33.5732
136.2160 31.8481
131.8949 29.9355
131.5742 29.6948
129.6719 28.3746
130.6077 29.7344
131.6627 31.4873
136.0326 29.8598
136.4432 28.8150
131.1089 29.9872
137.5625 30.2692
131.2968 29.9376
130.9247 29.3950
131.1967 29.3700
138.8115 34.0915
136.5213 31.6672
136.8474 28.9274
136.3601 28.2749
132.6450 30.7941
138.4164 30.0206
136.3144 29.1359
138.0306 28.8348
136.9327 31.0387
138.2881 29.5466
135.6227 32.8320
130.2787 28.3714
132.2929 30.0315
137.9309 29.8175
127.0469 30.8519
127.9444 28.2346
128.0592 28.6622
133.7101 28.8088
138.0327 29.7906
129.4662 27.5480
135.3433 30.2295
137.4687 29.3950
128.7417 29.0461
137.8954 29.1249
135.1879 28.9117
134.2917 32.4251
135.9623 29.6327
137.6226 29.3965
135.1695 31.1345
136.4874 33.3876
127.8326 27.9612
128.0556 28.4415
131.6763 29.7856
136.1445 28.9306
136.4239 31.7581
131.3747 29.6728
133.7561 32.6538
128.1365 27.8828
134.5866 31.3992
138.0765 29.1094
130.3907 29.4189
137.5948 29.3734
135.8729 29.9346
135.3135 30.1235
137.0852 29.9241
136.7969 30.8855
137.2599 29.4893
136.1361 32.2809
137.3277 29.7157
134.2581 30.5799
132.9018 30.8160
131.8738 29.1938
136.8789 30.9072
136.7205 28.7654
134.8366 30.4294
129.4891 27.7873
135.7662 32.7366
128.7373 28.6687
136.9311 29.2924
136.2837 28.4736
132.0777 30.5976
138.0111 28.8153
135.6502 32.8897
134.8408 30.3769
136.2727 32.8448
136.2876 32.7438
130.2630 28.0407
137.4876 28.8104
137.2179 30.6367
135.9797 31.9165
132.8994 32.6269
135.1411 30.4400
137.9567 29.5924
135.0820 30.5243
128.7521 29.2287
137.3900 29.7537
129.9053 28.0072
131.8469 30.1045
136.9664 29.4847
134.9285 29.8713
133.7845 32.6840
138.1757 30.1687
136.1942 29.3420
132.4072 30.1677
135.9008 29.9864
136.8542 30.0500
132.0948 30.8109
131.5885 29.8087
137.1596 30.1852
137.7440 29.2930
136.9591 28.8421
137.6039 30.0036
136.0765 29.7061
135.0096 31.0351
130.2456 29.0382
137.8610 34.1602
137.3027 30.1658
134.2414 32.3295
137.9918 29.6629
136.1440 29.5786
137.1304 30.2705
136.2066 32.8525
135.1350 27.6061
136.8647 30.4990
132.1532 31.1615
132.1603 30.3822
127.9238 27.6842
132.6985 31.6893
134.5550 30.3947
131.5183 29.8495
138.0757 29.6381
136.5854 30.1933
136.1188 32.5587
137.3263 28.5775
136.5952 28.2415
134.9940 29.5969
135.5815 29.8560
137.7276 29.6913
136.5103 32.6227
131.8005 29.8027
132.3317 27.8535
135.7874 29.0933
136.0464 29.3975
137.9702 29.0294
135.9356 27.6222
135.1395 29.1845
137.1573 30.6916
131.9724 30.2129
138.4038 29.3813
137.7245 30.2888
135.8827 32.7289
136.3913 33.2603
136.5317 28.9096
136.7114 30.9046
136.7528 29.7380
136.2839 32.9045
136.8977 30.6570
136.0179 29.6184
134.7787 29.8290
135.9948 29.6683
134.8906 30.8593
136.1299 32.7400
129.9500 30.5965
131.1881 29.3081
136.9732 28.8358
134.4377 31.3392
136.2683 31.4174
134.0148 31.7744
136.3292 28.8646
136.4590 32.9339
132.1729 30.1717
135.1533 29.1262
135.9322 33.0590
137.1147 30.3885
136.0678 32.1364
132.4802 31.7574
138.0952 29.1536
137.5193 29.1106
135.8102 32.4340
137.7400 28.8134
136.2585 31.2872
132.7945 31.1986
137.1097 30.6052
134.8572 30.7232
132.3034 30.3010
134.6399 30.7533
137.5498 28.7929
137.0192 29.9121
136.2421 33.1219
138.7075 29.8846
136.1972 32.8872
136.1574 32.9244
136.1972 31.9150
136.4406 29.0884
136.2448 29.3701
134.9485 30.7739
136.2198 32.7268
136.9106 30.1497
135.3162 27.8668
134.8468 30.1457
130.8294 29.6521
135.6738 32.5272
137.4263 29.6876
137.5274 29.9478
130.5148 29.6201
135.3851 27.5938
136.0999 32.2559
136.1318 32.5349
137.5906 29.7860
137.5660 29.1645
133.3792 32.7422
136.8824 30.4226
132.2894 30.1056
137.2428 29.1197
135.9816 33.0280
131.9099 29.8925
132.0901 29.8633
137.5737 30.1267
132.5072 30.6834
136.9469 33.5894
136.2374 31.2987
136.3825 31.4751
130.9221 29.2884
137.0676 28.7314
130.6097 29.4324
137.6492 29.5680
137.0694 29.6182
137.8510 30.2731
132.4158 30.8606
138.0585 29.9489
138.0653 30.0922
131.8870 29.9112
137.1712 29.5899
134.8977 29.4539
138.0126 29.6878
137.1885 29.3043
136.8270 33.6241
137.0377 29.8311
131.0781 29.6710
137.6401 29.5981
136.3911 32.9306
132.3065 30.3497
132.1112 29.9553
136.4074 33.0238
137.2996 29.9600
137.0268 29.9048
137.2076 29.4785
138.1921 34.1258
132.0188 29.8879
136.7939 30.0374
137.9334 29.6686
133.7317 28.5839
131.6209 29.9117
137.3138 30.0739
137.9808 29.3812
137.3031 29.1724
134.4949 32.3097
137.2429 30.0505
131.9346 29.8631
137.2648 29.3948
137.0465 29.9555
134.9220 30.0225
136.3378 31.6278
134.2855 28.8123
136.3123 31.5759
136.8762 30.0773
136.2412 32.4898
137.2838 29.9132
138.5063 34.0770
137.1839 29.5690
138.1132 30.1233
136.8289 29.8845
137.4918 29.4003
136.2406 32.7217
136.1157 31.8424
137.1899 29.8141
134.6234 30.6746
134.3790 30.5665
137.1609 29.4696
136.1890 32.9292
131.0418 29.4398
135.4052 29.5222
129.0930 27.5350
132.9994 32.6453
137.8976 29.3772
136.5672 33.5113
137.2211 29.5309
136.9137 29.9792
137.5763 29.6025
137.7889 30.2889
136.9914 29.5573
132.0916 29.9866
131.7381 30.4140
131.5200 29.7457
131.5598 29.7493
136.2406 32.7825
138.0099 30.1059
137.1431 29.6981
130.7968 29.5192
132.2478 30.0879
136.8875 30.0748
136.6200 31.0455
134.7941 30.6388
137.4348 29.6691
137.2009 29.6798
137.3901 30.2044
131.0145 29.4916
137.3252 29.5260
136.9560 29.7971
137.0354 29.5905
137.5391 30.0741
137.4854 29.4246
136.1623 31.9174
137.2646 29.5948
136.3783 32.4698
138.1718 30.0352
136.1354 32.7485
137.4376 29.6870
136.9431 29.7097
131.6929 29.7705
131.4746 29.7201
137.4666 29.7241
131.3740 29.7054
132.3471 30.1976
134.1508 30.5973
133.6197 28.6887
131.7419 29.7512
137.5500 29.3610
137.3813 29.7274
137.8094 29.8279
137.1238 29.5231
137.1807 29.6778
136.0304 29.7698
137.9182 29.9655
134.7854 30.7999
137.5452 29.5548
125.7179 30.3765
136.2980 29.1685
135.8426 33.3892
136.9729 29.1113
136.8347 31.3292
133.6653 29.8029
137.1548 28.7674
137.5898 30.6725
132.7343 32.4784
135.4335 29.8538
137.1899 33.7423
136.3639 32.6476
135.8334 28.9895
137.3730 28.5055
136.9610 30.8059
134.1394 30.6856
136.1679 32.0991
135.8034 29.8448
135.2166 32.9670
137.0431 28.3906
134.8372 32.1638
137.0975 29.3613
128.4033 28.7386
134.3266 30.7942
135.2224 30.2844
135.9233 29.3848
127.6324 27.5765
136.1068 27.6459
132.8106 31.6854
136.6779 32.5229
137.0717 29.1872
135.6597 28.3567
138.0548 29.6182
134.2255 29.3034
136.7026 33.1018
135.7030 29.9165
135.9478 28.8082
135.8033 28.5088
135.5983 32.8385
136.5473 29.0684
133.3729 27.9615
132.0792 29.6252
134.4584 28.8110
127.9096 27.5042
128.1893 29.2257
138.9986 34.0880
136.8354 29.1625
134.3470 30.1966
135.7613 29.6951
136.1564 28.9211
136.0851 32.7888
129.8366 27.7343
132.0117 30.7503
136.8420 28.1432
132.9512 29.2395
137.2292 34.3171
136.6002 33.5521
137.0779 29.1191
138.5241 29.7640
137.8205 29.3561
135.1211 29.3342
136.0448 31.6782
137.4594 29.3265
132.7011 28.5581
134.4268 30.5601
135.2212 30.1880
131.0310 29.5681
132.6774 31.4267
131.6397 30.3126
129.3009 28.8094
137.0143 28.5692
135.2892 30.0677
135.6203 30.1088
130.1164 28.3054
132.0782 27.4522
136.5540 31.1257
137.0088 33.9354
136.0202 31.7028
136.8773 30.7028
135.1157 32.7140
137.9699 29.4661
138.6719 34.3183
136.1409 32.9944
135.4541 32.3894
135.1476 33.2128
136.8490 30.4877
137.8736 29.2902
137.7500 29.2592
135.6597 32.9307
135.4141 32.6478
135.8061 32.6342
135.3678 33.1938
135.2742 33.2774
135.8260 32.0381
136.3372 33.2060
135.5583 32.6266
135.6533 32.2867
135.2819 32.5329
135.7851 32.6597
135.3228 32.5118
135.6465 33.0834
135.1050 33.0772
135.6991 32.7034
135.7446 33.0788
136.3331 31.0846
135.3089 33.1718
138.7492 34.2804
135.8467 33.2415
135.2278 32.6922
136.0696 31.5152
135.7528 32.1697
137.0143 33.9925
135.3202 33.2490
135.9500 32.2118
134.9241 32.9285
135.3532 33.0723
135.7399 33.0885
136.3970 33.1738
136.7986 33.6264
136.2191 33.0562
135.9343 31.9031
135.9264 32.9660
135.8965 31.9273
135.0321 33.1231
135.0639 32.7164
136.3770 33.2181
138.5341 34.2541
136.7012 30.9974
135.4614 32.5301
135.4357 32.8077
136.8746 33.7053
134.9677 32.9434
136.1265 33.0907
137.8161 34.3229
136.2818 33.1527
135.6024 32.8700
138.7340 34.3169
135.3990 32.6350
136.0505 33.0761
135.4572 32.6132
135.4367 33.1224
137.1391 34.0880
135.6101 32.1914
135.4981 32.3808
135.8896 33.0132
134.9955 32.8597
135.2737 32.6725
136.9340 30.4786
136.3080 33.1780
136.9428 30.3917
136.9871 33.9553
136.0145 31.7399
139.1744 34.4642
135.1444 32.6786
135.4177 32.6013
135.3981 33.2201
134.9147 32.9565
137.0595 34.0257
135.6541 32.9637
137.9543 34.3114
135.2403 33.0074
135.9529 32.9835
135.2578 33.1268
136.3012 33.1519
135.6333 32.9656
135.1160 32.6500
136.2376 31.3008
137.5110 34.3115
135.8297 32.0833
135.4221 33.1023
136.4326 30.9202
135.6573 33.0712
137.2731 34.1850
136.1048 33.0915
136.9258 30.5291
135.3388 32.5140
135.1202 32.6920
135.8970 31.8568
135.0280 33.1017
135.2975 32.9544
136.8732 30.6389
134.9545 32.9085
137.1460 34.0639
134.9640 32.8557
134.9527 33.0720
135.2064 33.1082
135.7789 32.1063
138.1233 34.2755
137.0518 34.1429
136.2942 31.1814
136.8142 33.6927
136.8095 33.6137
138.3114 34.2457
136.9386 33.9202
137.0073 30.1554
135.9880 32.2717
135.4189 33.2473
135.3406 33.1290
135.4267 33.2393
135.4728 33.1172
135.1523 33.1962
135.4827 33.2478
138.1159 29.7308
135.2469 32.6534
136.9793 30.3958
136.6986 30.6099
135.9274 31.9214
135.5704 32.3204
135.0668 33.1927
137.0298 34.0034
135.6761 33.1148
135.8037 32.0878
137.6454 34.3255
135.7949 33.0799
135.2973 33.2340
135.3248 32.8509
136.5343 30.7890
135.5553 33.1322
135.3009 32.9587
135.8655 32.9444
137.8347 29.2657
135.9461 32.1471
136.8614 30.5024
135.9075 33.0475
135.3857 32.8465
134.8651 32.9472
134.9955 32.8560
136.5328 33.3457
136.7117 30.5977
134.9307 33.2091
136.1126 33.0117
135.2329 32.6816
137.0179 33.9310
135.4180 33.1989
137.0734 33.9842
135.6539 32.2284
136.9372 30.3976
135.4049 32.8269
135.7088 32.2340
136.6932 30.6047
135.3158 32.8523
136.8240 30.5639
135.9724 31.7814
135.6391 33.2558
137.9993 29.5113
138.0902 29.9687
135.5043 32.3461
135.3985 33.0196
136.7229 30.9447
135.5460 32.9717
136.0493 33.0537
136.9957 30.2583
136.7764 33.6286
134.9552 32.8759
136.3280 31.0987
136.9761 30.4221
137.7672 29.2794
135.7568 32.0771
136.8634 33.7693
136.7953 30.5685
137.1466 34.1253
135.3837 33.1142
135.4545 32.5538
137.0962 34.0201
135.6523 32.5426
135.3240 32.9353
136.2073 31.5468
135.8824 32.8163
135.2500 32.5595
135.9836 33.0623
135.7696 32.9451
135.0406 32.8657
135.0740 32.6980
135.7475 32.6949
135.7570 33.1564
136.9626 33.8747
135.3080 32.6663
136.0194 31.9273
136.1740 33.0575
135.6396 32.2904
137.4986 34.2913
137.6553 29.4127
137.0087 33.9188
135.7344 32.8514
136.8604 30.6912
135.3699 32.4688
135.6916 33.0598
136.9025 30.5788
135.7492 32.0495
135.3968 32.5701
135.3657 32.4774
135.0915 33.0833
135.7144 32.0753
135.3998 33.2522
135.6531 32.7334
135.8828 31.8578
136.2807 31.2223
136.3023 33.1223
135.9568 31.8672
136.7555 30.9286
137.2183 34.1634
135.5472 32.3678
135.0567 32.8757
135.2076 33.2268
135.5305 32.7780
135.0000 33.0834
137.8547 29.2770
136.9673 30.2281
138.0697 29.9732
135.0117 33.1527
138.0246 29.5067
136.9136 33.8444
136.8454 30.5441
135.9189 33.5257
138.0863 29.5652
135.5850 32.2506
135.9750 33.1418
135.8685 32.0434
135.0834 33.1542
135.2046 33.1892
135.8974 31.9980
135.1424 33.2827
136.2763 33.1642
135.2459 32.9429
135.3067 32.5991
135.5035 33.1539
135.5012 32.9940
137.8214 34.3634
135.1012 33.1892
135.7576 33.0096
135.8674 33.0421
136.8952 30.4185
137.0212 30.0163
136.9406 33.9980
136.0326 31.6842
138.0338 29.8592
137.1585 34.1193
135.1531 32.6721
137.9686 29.4231
134.9301 33.0751
136.8828 30.6263
136.5366 30.8676
135.5335 33.2515
136.7854 33.6297
136.9406 30.3963
135.0713 32.7547
135.8597 32.2960
135.5371 33.2076
136.1327 33.0508
135.7617 32.6628
135.1700 33.3425
136.0547 31.5292
136.9507 30.5158
135.0942 33.1865
135.6887 33.0605
135.6571 32.7032
135.1212 32.6895
137.7408 34.3312
134.8853 32.8821
135.0501 32.7895
136.0222 31.6257
135.6836 32.2445
135.0492 32.8805
136.8528 33.7549
136.0561 31.6584
135.7388 32.0952
135.7759 32.6519
134.9989 33.0948
135.5459 32.7685
135.5623 32.3603
136.0319 31.6612
135.4376 32.5517
137.0880 34.0556
136.9744 33.9017
135.4464 32.3952
135.2846 32.5091
137.0310 34.0260
135.6627 32.2875
135.9010 32.9901
135.6446 32.7213
135.9426 31.8631
135.0240 32.8205
135.3997 33.2477
135.4995 33.1211
139.8739 34.0063
139.5683 34.5584
135.5881 32.7524
135.5895 33.1388
135.7549 33.0588
135.3373 32.5120
135.4710 32.9995
138.0095 29.5353
136.0310 31.6282
135.1669 33.2736
135.7273 32.6802
136.9069 33.8370
135.6196 33.0824
136.9034 30.6286
135.7587 32.1685
135.4909 32.3979
136.7361 30.5844
135.7740 32.1341
137.7949 29.2312
135.2110 32.5745
136.0021 33.0556
135.5395 32.7677
136.5482 33.3449
137.0026 33.9156
135.2908 33.2309
135.4518 33.0944
135.0798 32.6878
135.5202 33.3609
136.9810 30.0694
135.0808 32.9895
135.8322 32.0994
136.0016 33.5364
135.9408 31.9094
136.7391 30.5642
135.2698 33.3346
135.6358 32.2769
134.9811 32.9904
135.4507 32.3897
137.0038 30.0327
137.6031 34.3266
136.9604 30.4639
135.7491 32.1739
135.9772 32.3079
135.9970 32.0143
136.5767 33.3983
136.9769 30.3924
135.7705 32.6677
135.6202 33.2544
137.0354 33.9806
136.1542 31.3233
135.7152 33.0837
135.1085 32.7221
135.5517 33.3308
136.4532 30.9856
135.1108 33.3027
135.1912 32.7110
135.7536 33.0855
135.8129 33.0473
135.0881 32.7304
134.9006 33.2007
135.2713 32.5542
135.5719 33.1103
135.7461 32.2256
135.5841 32.7515
135.1329 33.2211
136.0598 32.0215
